4.373464373464373445e+00
5.126582278481012445e+00
5.872395833333333037e+00
6.283783783783784216e+00
6.899441340782123788e+00
7.165242165242165839e+00
7.322720694645440176e+00
7.933526011560694258e+00
9.900709219858155663e+00
1.311385459533607722e+01
1.726427622841965359e+01
2.160413971539456668e+01
2.626262626262626299e+01
3.086419753086419604e+01
3.547215496368038856e+01
3.983353151010701509e+01
4.397660818713450226e+01
4.815668202764976513e+01
5.181818181818182012e+01
5.533108866442199059e+01
5.855606077409338184e+01
6.158744099242507275e+01
6.413043478260868824e+01
6.637215817261071038e+01
6.822799700566783088e+01
7.011579730160416091e+01
7.137577869285185272e+01
7.263744349837064362e+01
7.354325766293544575e+01
7.443703085904921579e+01
7.502857736672555689e+01
7.557536802819822697e+01
7.594412829798241660e+01
7.625542467451953144e+01
7.649427067203467345e+01
7.653429602888087402e+01
7.654219104600784362e+01
7.652640264026402406e+01
7.626418988648092068e+01
7.597811499948383585e+01
7.564327787537460779e+01
7.521208359197186155e+01
7.468406877978038949e+01
7.405102675793405353e+01
7.334302929565758689e+01
7.253616401290457816e+01
7.161471906598561077e+01
7.067543584925357436e+01
6.947786962435911562e+01
6.825330257915705090e+01
6.691176470588236214e+01
6.562730432950594661e+01
6.394428616650839103e+01
6.243397422353687176e+01
6.048728813559322504e+01
5.851120314325157068e+01
5.654952076677316342e+01
5.419244719436739643e+01
5.181623931623931867e+01
4.945407835581246303e+01
4.685824576452927914e+01
4.405286343612335287e+01
4.111948331539289825e+01
3.798014674147604808e+01
3.469145142116070701e+01
3.152079722703639675e+01
2.845660910177039327e+01
2.524208464802524077e+01
2.223675604970568997e+01
1.914451372935127438e+01
1.646180860403863022e+01
1.369106768245556083e+01
1.121972894912241614e+01
9.080717488789236569e+00
7.355278093076050183e+00
6.011494252873563759e+00
4.988317757009345321e+00
4.341637010676157260e+00
3.865546218487395436e+00
3.447015834348356123e+00
2.995049504950494601e+00
