300	2.61
301	2.6094
302	2.6088
303	2.6082
304	2.6076
305	2.607
306	2.6064
307	2.6058
308	2.6052
309	2.6046
310	2.604
311	2.6034
312	2.6028
313	2.6022
314	2.6016
315	2.601
316	2.6004
317	2.5998
318	2.5992
319	2.5986
320	2.598
321	2.5974
322	2.5968
323	2.5962
324	2.5956
325	2.595
326	2.5944
327	2.5938
328	2.5932
329	2.5926
330	2.592
331	2.5914
332	2.5908
333	2.5902
334	2.5896
335	2.589
336	2.5884
337	2.5878
338	2.5872
339	2.5866
340	2.586
341	2.5854
342	2.5848
343	2.5842
344	2.5836
345	2.583
346	2.5824
347	2.5818
348	2.5812
349	2.5806
350	2.58
351	2.5794
352	2.5788
353	2.5782
354	2.5776
355	2.577
356	2.5764
357	2.5758
358	2.5752
359	2.5746
360	2.574
361	2.5734
362	2.5728
363	2.5722
364	2.5716
365	2.571
366	2.5704
367	2.5698
368	2.5692
369	2.5686
370	2.568
371	2.5674
372	2.5668
373	2.5662
374	2.5656
375	2.565
376	2.5644
377	2.5638
378	2.5632
379	2.5626
380	2.562
381	2.5614
382	2.5608
383	2.5602
384	2.5596
385	2.559
386	2.5584
387	2.5578
388	2.5572
389	2.5566
390	2.556
391	2.5554
392	2.5548
393	2.5542
394	2.5536
395	2.553
396	2.5524
397	2.5518
398	2.5512
399	2.5506
400	2.55
401	2.5517
402	2.5534
403	2.5551
404	2.5568
405	2.5585
406	2.5602
407	2.5619
408	2.5636
409	2.5653
410	2.567
411	2.5687
412	2.5704
413	2.5721
414	2.5738
415	2.5755
416	2.5772
417	2.5789
418	2.5806
419	2.5823
420	2.584
421	2.5857
422	2.5874
423	2.5891
424	2.5908
425	2.5925
426	2.5942
427	2.5959
428	2.5976
429	2.5993
430	2.601
431	2.6027
432	2.6044
433	2.6061
434	2.6078
435	2.6095
436	2.6112
437	2.6129
438	2.6146
439	2.6163
440	2.618
441	2.6197
442	2.6214
443	2.6231
444	2.6248
445	2.6265
446	2.6282
447	2.6299
448	2.6316
449	2.6333
450	2.635
451	2.6367
452	2.6384
453	2.6401
454	2.6418
455	2.6435
456	2.6452
457	2.6469
458	2.6486
459	2.6503
460	2.652
461	2.6537
462	2.6554
463	2.6571
464	2.6588
465	2.6605
466	2.6622
467	2.6639
468	2.6656
469	2.6673
470	2.669
471	2.6707
472	2.6724
473	2.6741
474	2.6758
475	2.6775
476	2.6792
477	2.6809
478	2.6826
479	2.6843
480	2.686
481	2.6877
482	2.6894
483	2.6911
484	2.6928
485	2.6945
486	2.6962
487	2.6979
488	2.6996
489	2.7013
490	2.703
491	2.7047
492	2.7064
493	2.7081
494	2.7098
495	2.7115
496	2.7132
497	2.7149
498	2.7166
499	2.7183
500	2.72
501	2.7168
502	2.7136
503	2.7104
504	2.7072
505	2.704
506	2.7008
507	2.6976
508	2.6944
509	2.6912
510	2.688
511	2.6848
512	2.6816
513	2.6784
514	2.6752
515	2.672
516	2.6688
517	2.6656
518	2.6624
519	2.6592
520	2.656
521	2.6528
522	2.6496
523	2.6464
524	2.6432
525	2.64
526	2.6368
527	2.6336
528	2.6304
529	2.6272
530	2.624
531	2.6208
532	2.6176
533	2.6144
534	2.6112
535	2.608
536	2.6048
537	2.6016
538	2.5984
539	2.5952
540	2.592
541	2.5888
542	2.5856
543	2.5824
544	2.5792
545	2.576
546	2.5728
547	2.5696
548	2.5664
549	2.5632
550	2.56
551	2.5568
552	2.5536
553	2.5504
554	2.5472
555	2.544
556	2.5408
557	2.5376
558	2.5344
559	2.5312
560	2.528
561	2.5248
562	2.5216
563	2.5184
564	2.5152
565	2.512
566	2.5088
567	2.5056
568	2.5024
569	2.4992
570	2.496
571	2.4928
572	2.4896
573	2.4864
574	2.4832
575	2.48
576	2.4768
577	2.4736
578	2.4704
579	2.4672
580	2.464
581	2.4608
582	2.4576
583	2.4544
584	2.4512
585	2.448
586	2.4448
587	2.4416
588	2.4384
589	2.4352
590	2.432
591	2.4288
592	2.4256
593	2.4224
594	2.4192
595	2.416
596	2.4128
597	2.4096
598	2.4064
599	2.4032
600	2.4
601	2.3995
602	2.399
603	2.3985
604	2.398
605	2.3975
606	2.397
607	2.3965
608	2.396
609	2.3955
610	2.395
611	2.3945
612	2.394
613	2.3935
614	2.393
615	2.3925
616	2.392
617	2.3915
618	2.391
619	2.3905
620	2.39
621	2.3895
622	2.389
623	2.3885
624	2.388
625	2.3875
626	2.387
627	2.3865
628	2.386
629	2.3855
630	2.385
631	2.3845
632	2.384
633	2.3835
634	2.383
635	2.3825
636	2.382
637	2.3815
638	2.381
639	2.3805
640	2.38
641	2.3795
642	2.379
643	2.3785
644	2.378
645	2.3775
646	2.377
647	2.3765
648	2.376
649	2.3755
650	2.375
651	2.3745
652	2.374
653	2.3735
654	2.373
655	2.3725
656	2.372
657	2.3715
658	2.371
659	2.3705
660	2.37
661	2.3695
662	2.369
663	2.3685
664	2.368
665	2.3675
666	2.367
667	2.3665
668	2.366
669	2.3655
670	2.365
671	2.3645
672	2.364
673	2.3635
674	2.363
675	2.3625
676	2.362
677	2.3615
678	2.361
679	2.3605
680	2.36
681	2.3595
682	2.359
683	2.3585
684	2.358
685	2.3575
686	2.357
687	2.3565
688	2.356
689	2.3555
690	2.355
691	2.3545
692	2.354
693	2.3535
694	2.353
695	2.3525
696	2.352
697	2.3515
698	2.351
699	2.3505
700	2.35
701	2.3497
702	2.3494
703	2.3491
704	2.3488
705	2.3485
706	2.3482
707	2.3479
708	2.3476
709	2.3473
710	2.347
711	2.3467
712	2.3464
713	2.3461
714	2.3458
715	2.3455
716	2.3452
717	2.3449
718	2.3446
719	2.3443
720	2.344
721	2.3437
722	2.3434
723	2.3431
724	2.3428
725	2.3425
726	2.3422
727	2.3419
728	2.3416
729	2.3413
730	2.341
731	2.3407
732	2.3404
733	2.3401
734	2.3398
735	2.3395
736	2.3392
737	2.3389
738	2.3386
739	2.3383
740	2.338
741	2.3377
742	2.3374
743	2.3371
744	2.3368
745	2.3365
746	2.3362
747	2.3359
748	2.3356
749	2.3353
750	2.335
751	2.3347
752	2.3344
753	2.3341
754	2.3338
755	2.3335
756	2.3332
757	2.3329
758	2.3326
759	2.3323
760	2.332
761	2.3317
762	2.3314
763	2.3311
764	2.3308
765	2.3305
766	2.3302
767	2.3299
768	2.3296
769	2.3293
770	2.329
771	2.3287
772	2.3284
773	2.3281
774	2.3278
775	2.3275
776	2.3272
777	2.3269
778	2.3266
779	2.3263
780	2.326
781	2.3257
782	2.3254
783	2.3251
784	2.3248
785	2.3245
786	2.3242
787	2.3239
788	2.3236
789	2.3233
790	2.323
791	2.3227
792	2.3224
793	2.3221
794	2.3218
795	2.3215
796	2.3212
797	2.3209
798	2.3206
799	2.3203
800	2.32
801	2.3198
802	2.3196
803	2.3194
804	2.3192
805	2.319
806	2.3188
807	2.3186
808	2.3184
809	2.3182
810	2.318
811	2.3178
812	2.3176
813	2.3174
814	2.3172
815	2.317
816	2.3168
817	2.3166
818	2.3164
819	2.3162
820	2.316
821	2.3158
822	2.3156
823	2.3154
824	2.3152
825	2.315
826	2.3148
827	2.3146
828	2.3144
829	2.3142
830	2.314
831	2.3138
832	2.3136
833	2.3134
834	2.3132
835	2.313
836	2.3128
837	2.3126
838	2.3124
839	2.3122
840	2.312
841	2.3118
842	2.3116
843	2.3114
844	2.3112
845	2.311
846	2.3108
847	2.3106
848	2.3104
849	2.3102
850	2.31
851	2.3098
852	2.3096
853	2.3094
854	2.3092
855	2.309
856	2.3088
857	2.3086
858	2.3084
859	2.3082
860	2.308
861	2.3078
862	2.3076
863	2.3074
864	2.3072
865	2.307
866	2.3068
867	2.3066
868	2.3064
869	2.3062
870	2.306
871	2.3058
872	2.3056
873	2.3054
874	2.3052
875	2.305
876	2.3048
877	2.3046
878	2.3044
879	2.3042
880	2.304
881	2.3038
882	2.3036
883	2.3034
884	2.3032
885	2.303
886	2.3028
887	2.3026
888	2.3024
889	2.3022
890	2.302
891	2.3018
892	2.3016
893	2.3014
894	2.3012
895	2.301
896	2.3008
897	2.3006
898	2.3004
899	2.3002
900	2.3
901	2.2998
902	2.2996
903	2.2994
904	2.2992
905	2.299
906	2.2988
907	2.2986
908	2.2984
909	2.2982
910	2.298
911	2.2978
912	2.2976
913	2.2974
914	2.2972
915	2.297
916	2.2968
917	2.2966
918	2.2964
919	2.2962
920	2.296
921	2.2958
922	2.2956
923	2.2954
924	2.2952
925	2.295
926	2.2948
927	2.2946
928	2.2944
929	2.2942
930	2.294
931	2.2938
932	2.2936
933	2.2934
934	2.2932
935	2.293
936	2.2928
937	2.2926
938	2.2924
939	2.2922
940	2.292
941	2.2918
942	2.2916
943	2.2914
944	2.2912
945	2.291
946	2.2908
947	2.2906
948	2.2904
949	2.2902
950	2.29
951	2.2898
952	2.2896
953	2.2894
954	2.2892
955	2.289
956	2.2888
957	2.2886
958	2.2884
959	2.2882
960	2.288
961	2.2878
962	2.2876
963	2.2874
964	2.2872
965	2.287
966	2.2868
967	2.2866
968	2.2864
969	2.2862
970	2.286
971	2.2858
972	2.2856
973	2.2854
974	2.2852
975	2.285
976	2.2848
977	2.2846
978	2.2844
979	2.2842
980	2.284
981	2.2838
982	2.2836
983	2.2834
984	2.2832
985	2.283
986	2.2828
987	2.2826
988	2.2824
989	2.2822
990	2.282
991	2.2818
992	2.2816
993	2.2814
994	2.2812
995	2.281
996	2.2808
997	2.2806
998	2.2804
999	2.2802
1000	2.28
1001	2.28
1002	2.28
1003	2.28
1004	2.28
1005	2.28
1006	2.28
1007	2.28
1008	2.28
1009	2.28
1010	2.28
1011	2.28
1012	2.28
1013	2.28
1014	2.28
1015	2.28
1016	2.28
1017	2.28
1018	2.28
1019	2.28
1020	2.28
1021	2.28
1022	2.28
1023	2.28
1024	2.28
1025	2.28
1026	2.28
1027	2.28
1028	2.28
1029	2.28
1030	2.28
1031	2.28
1032	2.28
1033	2.28
1034	2.28
1035	2.28
1036	2.28
1037	2.28
1038	2.28
1039	2.28
1040	2.28
1041	2.28
1042	2.28
1043	2.28
1044	2.28
1045	2.28
1046	2.28
1047	2.28
1048	2.28
1049	2.28
1050	2.28
1051	2.28
1052	2.28
1053	2.28
1054	2.28
1055	2.28
1056	2.28
1057	2.28
1058	2.28
1059	2.28
1060	2.28
1061	2.28
1062	2.28
1063	2.28
1064	2.28
1065	2.28
1066	2.28
1067	2.28
1068	2.28
1069	2.28
1070	2.28
1071	2.28
1072	2.28
1073	2.28
1074	2.28
1075	2.28
1076	2.28
1077	2.28
1078	2.28
1079	2.28
1080	2.28
1081	2.28
1082	2.28
1083	2.28
1084	2.28
1085	2.28
1086	2.28
1087	2.28
1088	2.28
1089	2.28
1090	2.28
1091	2.28
1092	2.28
1093	2.28
1094	2.28
1095	2.28
1096	2.28
1097	2.28
1098	2.28
1099	2.28
1100	2.28
1101	2.2799
1102	2.2798
1103	2.2797
1104	2.2796
1105	2.2795
1106	2.2794
1107	2.2793
1108	2.2792
1109	2.2791
1110	2.279
1111	2.2789
1112	2.2788
1113	2.2787
1114	2.2786
1115	2.2785
1116	2.2784
1117	2.2783
1118	2.2782
1119	2.2781
1120	2.278
1121	2.2779
1122	2.2778
1123	2.2777
1124	2.2776
1125	2.2775
1126	2.2774
1127	2.2773
1128	2.2772
1129	2.2771
1130	2.277
1131	2.2769
1132	2.2768
1133	2.2767
1134	2.2766
1135	2.2765
1136	2.2764
1137	2.2763
1138	2.2762
1139	2.2761
1140	2.276
1141	2.2759
1142	2.2758
1143	2.2757
1144	2.2756
1145	2.2755
1146	2.2754
1147	2.2753
1148	2.2752
1149	2.2751
1150	2.275
1151	2.2749
1152	2.2748
1153	2.2747
1154	2.2746
1155	2.2745
1156	2.2744
1157	2.2743
1158	2.2742
1159	2.2741
1160	2.274
1161	2.2739
1162	2.2738
1163	2.2737
1164	2.2736
1165	2.2735
1166	2.2734
1167	2.2733
1168	2.2732
1169	2.2731
1170	2.273
1171	2.2729
1172	2.2728
1173	2.2727
1174	2.2726
1175	2.2725
1176	2.2724
1177	2.2723
1178	2.2722
1179	2.2721
1180	2.272
1181	2.2719
1182	2.2718
1183	2.2717
1184	2.2716
1185	2.2715
1186	2.2714
1187	2.2713
1188	2.2712
1189	2.2711
1190	2.271
1191	2.2709
1192	2.2708
1193	2.2707
1194	2.2706
1195	2.2705
1196	2.2704
1197	2.2703
1198	2.2702
1199	2.2701
1200	2.27