300	0.7
301	0.7
302	0.7
303	0.7
304	0.7
305	0.7
306	0.7
307	0.7
308	0.7
309	0.7
310	0.7
311	0.7
312	0.7
313	0.7
314	0.7
315	0.7
316	0.7
317	0.7
318	0.7
319	0.7
320	0.7
321	0.7
322	0.7
323	0.7
324	0.7
325	0.7
326	0.7
327	0.7
328	0.7
329	0.7
330	0.7
331	0.7
332	0.7
333	0.7
334	0.7
335	0.7
336	0.7
337	0.7
338	0.7
339	0.7
340	0.7
341	0.7
342	0.7
343	0.7
344	0.7
345	0.7
346	0.7
347	0.7
348	0.7
349	0.7
350	0.7
351	0.7
352	0.7
353	0.7
354	0.7
355	0.7
356	0.7
357	0.7
358	0.7
359	0.7
360	0.7
361	0.7
362	0.7
363	0.7
364	0.7
365	0.7
366	0.7
367	0.7
368	0.7
369	0.7
370	0.7
371	0.7
372	0.7
373	0.7
374	0.7
375	0.7
376	0.7
377	0.7
378	0.7
379	0.7
380	0.7
381	0.7
382	0.7
383	0.7
384	0.7
385	0.7
386	0.7
387	0.7
388	0.7
389	0.7
390	0.7
391	0.7
392	0.7
393	0.7
394	0.7
395	0.7
396	0.7
397	0.7
398	0.7
399	0.7
400	0.7
401	0.7
402	0.7
403	0.7
404	0.7
405	0.7
406	0.7
407	0.7
408	0.7
409	0.7
410	0.7
411	0.7
412	0.7
413	0.7
414	0.7
415	0.7
416	0.7
417	0.7
418	0.7
419	0.7
420	0.7
421	0.7
422	0.7
423	0.7
424	0.7
425	0.7
426	0.7
427	0.7
428	0.7
429	0.7
430	0.7
431	0.7
432	0.7
433	0.7
434	0.7
435	0.7
436	0.7
437	0.7
438	0.7
439	0.7
440	0.7
441	0.7
442	0.7
443	0.7
444	0.7
445	0.7
446	0.7
447	0.7
448	0.7
449	0.7
450	0.7
451	0.7
452	0.7
453	0.7
454	0.7
455	0.7
456	0.7
457	0.7
458	0.7
459	0.7
460	0.7
461	0.7
462	0.7
463	0.7
464	0.7
465	0.7
466	0.7
467	0.7
468	0.7
469	0.7
470	0.7
471	0.7
472	0.7
473	0.7
474	0.7
475	0.7
476	0.7
477	0.7
478	0.7
479	0.7
480	0.7
481	0.7
482	0.7
483	0.7
484	0.7
485	0.7
486	0.7
487	0.7
488	0.7
489	0.7
490	0.7
491	0.7
492	0.7
493	0.7
494	0.7
495	0.7
496	0.7
497	0.7
498	0.7
499	0.7
500	0.7
501	0.6984
502	0.6968
503	0.6952
504	0.6936
505	0.692
506	0.6904
507	0.6888
508	0.6872
509	0.6856
510	0.684
511	0.6824
512	0.6808
513	0.6792
514	0.6776
515	0.676
516	0.6744
517	0.6728
518	0.6712
519	0.6696
520	0.668
521	0.6664
522	0.6648
523	0.6632
524	0.6616
525	0.66
526	0.6584
527	0.6568
528	0.6552
529	0.6536
530	0.652
531	0.6504
532	0.6488
533	0.6472
534	0.6456
535	0.644
536	0.6424
537	0.6408
538	0.6392
539	0.6376
540	0.636
541	0.6344
542	0.6328
543	0.6312
544	0.6296
545	0.628
546	0.6264
547	0.6248
548	0.6232
549	0.6216
550	0.62
551	0.6184
552	0.6168
553	0.6152
554	0.6136
555	0.612
556	0.6104
557	0.6088
558	0.6072
559	0.6056
560	0.604
561	0.6024
562	0.6008
563	0.5992
564	0.5976
565	0.596
566	0.5944
567	0.5928
568	0.5912
569	0.5896
570	0.588
571	0.5864
572	0.5848
573	0.5832
574	0.5816
575	0.58
576	0.5784
577	0.5768
578	0.5752
579	0.5736
580	0.572
581	0.5704
582	0.5688
583	0.5672
584	0.5656
585	0.564
586	0.5624
587	0.5608
588	0.5592
589	0.5576
590	0.556
591	0.5544
592	0.5528
593	0.5512
594	0.5496
595	0.548
596	0.5464
597	0.5448
598	0.5432
599	0.5416
600	0.54
601	0.5393
602	0.5386
603	0.5379
604	0.5372
605	0.5365
606	0.5358
607	0.5351
608	0.5344
609	0.5337
610	0.533
611	0.5323
612	0.5316
613	0.5309
614	0.5302
615	0.5295
616	0.5288
617	0.5281
618	0.5274
619	0.5267
620	0.526
621	0.5253
622	0.5246
623	0.5239
624	0.5232
625	0.5225
626	0.5218
627	0.5211
628	0.5204
629	0.5197
630	0.519
631	0.5183
632	0.5176
633	0.5169
634	0.5162
635	0.5155
636	0.5148
637	0.5141
638	0.5134
639	0.5127
640	0.512
641	0.5113
642	0.5106
643	0.5099
644	0.5092
645	0.5085
646	0.5078
647	0.5071
648	0.5064
649	0.5057
650	0.505
651	0.5043
652	0.5036
653	0.5029
654	0.5022
655	0.5015
656	0.5008
657	0.5001
658	0.4994
659	0.4987
660	0.498
661	0.4973
662	0.4966
663	0.4959
664	0.4952
665	0.4945
666	0.4938
667	0.4931
668	0.4924
669	0.4917
670	0.491
671	0.4903
672	0.4896
673	0.4889
674	0.4882
675	0.4875
676	0.4868
677	0.4861
678	0.4854
679	0.4847
680	0.484
681	0.4833
682	0.4826
683	0.4819
684	0.4812
685	0.4805
686	0.4798
687	0.4791
688	0.4784
689	0.4777
690	0.477
691	0.4763
692	0.4756
693	0.4749
694	0.4742
695	0.4735
696	0.4728
697	0.4721
698	0.4714
699	0.4707
700	0.47
701	0.4696
702	0.4692
703	0.4688
704	0.4684
705	0.468
706	0.4676
707	0.4672
708	0.4668
709	0.4664
710	0.466
711	0.4656
712	0.4652
713	0.4648
714	0.4644
715	0.464
716	0.4636
717	0.4632
718	0.4628
719	0.4624
720	0.462
721	0.4616
722	0.4612
723	0.4608
724	0.4604
725	0.46
726	0.4596
727	0.4592
728	0.4588
729	0.4584
730	0.458
731	0.4576
732	0.4572
733	0.4568
734	0.4564
735	0.456
736	0.4556
737	0.4552
738	0.4548
739	0.4544
740	0.454
741	0.4536
742	0.4532
743	0.4528
744	0.4524
745	0.452
746	0.4516
747	0.4512
748	0.4508
749	0.4504
750	0.45
751	0.4496
752	0.4492
753	0.4488
754	0.4484
755	0.448
756	0.4476
757	0.4472
758	0.4468
759	0.4464
760	0.446
761	0.4456
762	0.4452
763	0.4448
764	0.4444
765	0.444
766	0.4436
767	0.4432
768	0.4428
769	0.4424
770	0.442
771	0.4416
772	0.4412
773	0.4408
774	0.4404
775	0.44
776	0.4396
777	0.4392
778	0.4388
779	0.4384
780	0.438
781	0.4376
782	0.4372
783	0.4368
784	0.4364
785	0.436
786	0.4356
787	0.4352
788	0.4348
789	0.4344
790	0.434
791	0.4336
792	0.4332
793	0.4328
794	0.4324
795	0.432
796	0.4316
797	0.4312
798	0.4308
799	0.4304
800	0.43
801	0.4297
802	0.4294
803	0.4291
804	0.4288
805	0.4285
806	0.4282
807	0.4279
808	0.4276
809	0.4273
810	0.427
811	0.4267
812	0.4264
813	0.4261
814	0.4258
815	0.4255
816	0.4252
817	0.4249
818	0.4246
819	0.4243
820	0.424
821	0.4237
822	0.4234
823	0.4231
824	0.4228
825	0.4225
826	0.4222
827	0.4219
828	0.4216
829	0.4213
830	0.421
831	0.4207
832	0.4204
833	0.4201
834	0.4198
835	0.4195
836	0.4192
837	0.4189
838	0.4186
839	0.4183
840	0.418
841	0.4177
842	0.4174
843	0.4171
844	0.4168
845	0.4165
846	0.4162
847	0.4159
848	0.4156
849	0.4153
850	0.415
851	0.4147
852	0.4144
853	0.4141
854	0.4138
855	0.4135
856	0.4132
857	0.4129
858	0.4126
859	0.4123
860	0.412
861	0.4117
862	0.4114
863	0.4111
864	0.4108
865	0.4105
866	0.4102
867	0.4099
868	0.4096
869	0.4093
870	0.409
871	0.4087
872	0.4084
873	0.4081
874	0.4078
875	0.4075
876	0.4072
877	0.4069
878	0.4066
879	0.4063
880	0.406
881	0.4057
882	0.4054
883	0.4051
884	0.4048
885	0.4045
886	0.4042
887	0.4039
888	0.4036
889	0.4033
890	0.403
891	0.4027
892	0.4024
893	0.4021
894	0.4018
895	0.4015
896	0.4012
897	0.4009
898	0.4006
899	0.4003
900	0.4
901	0.3997
902	0.3994
903	0.3991
904	0.3988
905	0.3985
906	0.3982
907	0.3979
908	0.3976
909	0.3973
910	0.397
911	0.3967
912	0.3964
913	0.3961
914	0.3958
915	0.3955
916	0.3952
917	0.3949
918	0.3946
919	0.3943
920	0.394
921	0.3937
922	0.3934
923	0.3931
924	0.3928
925	0.3925
926	0.3922
927	0.3919
928	0.3916
929	0.3913
930	0.391
931	0.3907
932	0.3904
933	0.3901
934	0.3898
935	0.3895
936	0.3892
937	0.3889
938	0.3886
939	0.3883
940	0.388
941	0.3877
942	0.3874
943	0.3871
944	0.3868
945	0.3865
946	0.3862
947	0.3859
948	0.3856
949	0.3853
950	0.385
951	0.3847
952	0.3844
953	0.3841
954	0.3838
955	0.3835
956	0.3832
957	0.3829
958	0.3826
959	0.3823
960	0.382
961	0.3817
962	0.3814
963	0.3811
964	0.3808
965	0.3805
966	0.3802
967	0.3799
968	0.3796
969	0.3793
970	0.379
971	0.3787
972	0.3784
973	0.3781
974	0.3778
975	0.3775
976	0.3772
977	0.3769
978	0.3766
979	0.3763
980	0.376
981	0.3757
982	0.3754
983	0.3751
984	0.3748
985	0.3745
986	0.3742
987	0.3739
988	0.3736
989	0.3733
990	0.373
991	0.3727
992	0.3724
993	0.3721
994	0.3718
995	0.3715
996	0.3712
997	0.3709
998	0.3706
999	0.3703
1000	0.37
1001	0.3696
1002	0.3692
1003	0.3688
1004	0.3684
1005	0.368
1006	0.3676
1007	0.3672
1008	0.3668
1009	0.3664
1010	0.366
1011	0.3656
1012	0.3652
1013	0.3648
1014	0.3644
1015	0.364
1016	0.3636
1017	0.3632
1018	0.3628
1019	0.3624
1020	0.362
1021	0.3616
1022	0.3612
1023	0.3608
1024	0.3604
1025	0.36
1026	0.3596
1027	0.3592
1028	0.3588
1029	0.3584
1030	0.358
1031	0.3576
1032	0.3572
1033	0.3568
1034	0.3564
1035	0.356
1036	0.3556
1037	0.3552
1038	0.3548
1039	0.3544
1040	0.354
1041	0.3536
1042	0.3532
1043	0.3528
1044	0.3524
1045	0.352
1046	0.3516
1047	0.3512
1048	0.3508
1049	0.3504
1050	0.35
1051	0.3496
1052	0.3492
1053	0.3488
1054	0.3484
1055	0.348
1056	0.3476
1057	0.3472
1058	0.3468
1059	0.3464
1060	0.346
1061	0.3456
1062	0.3452
1063	0.3448
1064	0.3444
1065	0.344
1066	0.3436
1067	0.3432
1068	0.3428
1069	0.3424
1070	0.342
1071	0.3416
1072	0.3412
1073	0.3408
1074	0.3404
1075	0.34
1076	0.3396
1077	0.3392
1078	0.3388
1079	0.3384
1080	0.338
1081	0.3376
1082	0.3372
1083	0.3368
1084	0.3364
1085	0.336
1086	0.3356
1087	0.3352
1088	0.3348
1089	0.3344
1090	0.334
1091	0.3336
1092	0.3332
1093	0.3328
1094	0.3324
1095	0.332
1096	0.3316
1097	0.3312
1098	0.3308
1099	0.3304
1100	0.33
1101	0.3295
1102	0.329
1103	0.3285
1104	0.328
1105	0.3275
1106	0.327
1107	0.3265
1108	0.326
1109	0.3255
1110	0.325
1111	0.3245
1112	0.324
1113	0.3235
1114	0.323
1115	0.3225
1116	0.322
1117	0.3215
1118	0.321
1119	0.3205
1120	0.32
1121	0.3195
1122	0.319
1123	0.3185
1124	0.318
1125	0.3175
1126	0.317
1127	0.3165
1128	0.316
1129	0.3155
1130	0.315
1131	0.3145
1132	0.314
1133	0.3135
1134	0.313
1135	0.3125
1136	0.312
1137	0.3115
1138	0.311
1139	0.3105
1140	0.31
1141	0.3095
1142	0.309
1143	0.3085
1144	0.308
1145	0.3075
1146	0.307
1147	0.3065
1148	0.306
1149	0.3055
1150	0.305
1151	0.3045
1152	0.304
1153	0.3035
1154	0.303
1155	0.3025
1156	0.302
1157	0.3015
1158	0.301
1159	0.3005
1160	0.3
1161	0.2995
1162	0.299
1163	0.2985
1164	0.298
1165	0.2975
1166	0.297
1167	0.2965
1168	0.296
1169	0.2955
1170	0.295
1171	0.2945
1172	0.294
1173	0.2935
1174	0.293
1175	0.2925
1176	0.292
1177	0.2915
1178	0.291
1179	0.2905
1180	0.29
1181	0.2895
1182	0.289
1183	0.2885
1184	0.288
1185	0.2875
1186	0.287
1187	0.2865
1188	0.286
1189	0.2855
1190	0.285
1191	0.2845
1192	0.284
1193	0.2835
1194	0.283
1195	0.2825
1196	0.282
1197	0.2815
1198	0.281
1199	0.2805
1200	0.28