300	1.08
301	1.08
302	1.08
303	1.08
304	1.08
305	1.08
306	1.08
307	1.08
308	1.08
309	1.08
310	1.08
311	1.081258064524
312	1.082516129048
313	1.083774193572
314	1.085032258095
315	1.086290322619
316	1.087548387143
317	1.088806451667
318	1.09006129038
319	1.09125645166
320	1.092451612939
321	1.093646774219
322	1.094841935499
323	1.096037096778
324	1.097232258058
325	1.098427419337
326	1.099622580617
327	1.098448387146
328	1.096180645194
329	1.093912903243
330	1.091645161292
331	1.089377419341
332	1.087109677389
333	1.084841935438
334	1.082574193487
335	1.080306451535
336	1.07721290311
337	1.073990322461
338	1.070767741813
339	1.067545161165
340	1.064322580516
341	1.061099999868
342	1.057877419219
343	1.054654838571
344	1.051432257923
345	1.049435483829
346	1.048419354803
347	1.047403225777
348	1.046387096751
349	1.045370967724
350	1.044354838698
351	1.043338709672
352	1.042322580646
353	1.04130645162
354	1.040290322593
355	1.040685483855
356	1.041645161271
357	1.042604838688
358	1.043564516104
359	1.04452419352
360	1.045483870937
361	1.046443548353
362	1.047403225769
363	1.048362903186
364	1.049322580602
365	1.051330644949
366	1.055854838499
367	1.06037903205
368	1.0649032256
369	1.06942741915
370	1.0739516127
371	1.078475806251
372	1.082999999801
373	1.087524193351
374	1.092048386902
375	1.096572580452
376	1.100619354733
377	1.103174193451
378	1.10572903217
379	1.108283870889
380	1.110838709608
381	1.113393548327
382	1.115948387046
383	1.118503225765
384	1.121058064484
385	1.123612903203
386	1.126167741922
387	1.128722580641
388	1.1312
389	1.1336
390	1.136
391	1.1384
392	1.1408
393	1.1432
394	1.1456
395	1.148
396	1.1504
397	1.1528
398	1.1552
399	1.1576
400	1.16
401	1.158499999996
402	1.156999999992
403	1.155499999989
404	1.153999999985
405	1.152499999981
406	1.150999999977
407	1.149499999974
408	1.14799999997
409	1.146499999966
410	1.144999999962
411	1.143499999959
412	1.141999999955
413	1.140499999951
414	1.135322580423
415	1.128306451409
416	1.121290322395
417	1.114274193381
418	1.107258064367
419	1.100241935353
420	1.093225806338
421	1.086209677324
422	1.07919354831
423	1.072177419296
424	1.065161290282
425	1.058145161268
426	1.051129032254
427	1.044112903239
428	1.036477419393
429	1.027964516189
430	1.019451612986
431	1.010938709782
432	1.002425806578
433	0.9939129033741
434	0.9854000001703
435	0.9768870969664
436	0.9683741937626
437	0.9598612905587
438	0.9513483873549
439	0.9428354841511
440	0.9343225809472
441	0.9258096777434
442	0.9172967745396
443	0.9089548390231
444	0.9016387099899
445	0.8943225809567
446	0.8870064519235
447	0.8796903228903
448	0.8723741938571
449	0.8650580648239
450	0.8577419357907
451	0.8504258067575
452	0.8431096777243
453	0.8357935486911
454	0.8284774196579
455	0.8211612906247
456	0.8138451615915
457	0.8065290325583
458	0.7992129035251
459	0.7918967744919
460	0.7866451614627
461	0.7821161291883
462	0.7775870969139
463	0.7730580646394
464	0.768529032365
465	0.7640000000906
466	0.7594709678162
467	0.7549419355417
468	0.7504129032673
469	0.7458838709929
470	0.7413548387184
471	0.736825806444
472	0.7322967741696
473	0.7277677418952
474	0.7232387096207
475	0.7187096773463
476	0.7141806450719
477	0.7097177418511
478	0.7060483870169
479	0.7023790321826
480	0.6987096773483
481	0.6950403225141
482	0.6913709676798
483	0.6877016128455
484	0.6840322580113
485	0.680362903177
486	0.6766935483427
487	0.6730241935084
488	0.6693548386742
489	0.6656854838399
490	0.6620161290056
491	0.6583467741714
492	0.6546774193371
493	0.6510080645028
494	0.6473387096685
495	0.6436693548343
496	0.64
497	0.6375806451652
498	0.6351612903304
499	0.6327419354956
500	0.6303225806608
501	0.627903225826
502	0.6254838709912
503	0.6230645161563
504	0.6206451613215
505	0.6182258064867
506	0.6158064516519
507	0.6133870968171
508	0.6109677419823
509	0.6085483871475
510	0.6061290323127
511	0.6037096774779
512	0.6012903226431
513	0.5988709678083
514	0.5964516129735
515	0.5940322581387
516	0.5916129033038
517	0.5894064516718
518	0.5876258065093
519	0.5858451613467
520	0.5840645161842
521	0.5822838710216
522	0.5805032258591
523	0.5787225806965
524	0.576941935534
525	0.5751612903714
526	0.5733806452089
527	0.5716000000463
528	0.5698193548837
529	0.5680387097212
530	0.5662580645586
531	0.5644774193961
532	0.5626967742335
533	0.560916129071
534	0.5591354839084
535	0.5573548387459
536	0.5555741935833
537	0.5537935484208
538	0.5520129032582
539	0.5502322580956
540	0.5489354838899
541	0.5477112903389
542	0.5464870967878
543	0.5452629032367
544	0.5440387096856
545	0.5428145161346
546	0.5415903225835
547	0.5403661290324
548	0.5391419354813
549	0.5379177419303
550	0.5366935483792
551	0.5354693548281
552	0.5342451612771
553	0.533020967726
554	0.5317967741749
555	0.5305725806238
556	0.5293483870728
557	0.5281241935217
558	0.5268999999706
559	0.5256758064195
560	0.5244516128685
561	0.5232274193174
562	0.5220032257663
563	0.5207790322153
564	0.5195935483474
565	0.5184758064144
566	0.5173580644814
567	0.5162403225484
568	0.5151225806155
569	0.5140048386825
570	0.5128870967495
571	0.5117693548165
572	0.5106516128835
573	0.5095338709506
574	0.5084161290176
575	0.5072983870846
576	0.5061806451516
577	0.5050629032186
578	0.5039451612857
579	0.5028274193527
580	0.5017096774197
581	0.5005919354867
582	0.4994741935538
583	0.4983564516208
584	0.4972387096878
585	0.4961209677548
586	0.4950032258218
587	0.4938854838889
588	0.4927677419559
589	0.4916500000229
590	0.4905322580899
591	0.4896451613062
592	0.4889677419508
593	0.4882903225954
594	0.48761290324
595	0.4869354838846
596	0.4862580645292
597	0.4855806451739
598	0.4849032258185
599	0.4842258064631
600	0.4835483871077
601	0.4828709677523
602	0.4821935483969
603	0.4815161290415
604	0.4808387096862
605	0.4801612903308
606	0.4794838709754
607	0.47880645162
608	0.4781290322646
609	0.4774516129092
610	0.4767741935539
611	0.4760967741985
612	0.4754193548431
613	0.4747419354877
614	0.4740645161323
615	0.4733870967769
616	0.4727096774215
617	0.4720322580662
618	0.4713548387108
619	0.4706774193554
620	0.47
621	0.4687419354841
622	0.4674838709681
623	0.4662258064522
624	0.4649677419363
625	0.4637096774204
626	0.4624516129044
627	0.4611935483885
628	0.4599354838726
629	0.4586774193567
630	0.4574193548407
631	0.4561612903248
632	0.4549032258089
633	0.453645161293
634	0.452387096777
635	0.4511290322611
636	0.4499387096788
637	0.4493411290318
638	0.4487435483849
639	0.4481459677379
640	0.447548387091
641	0.446950806444
642	0.4463532257971
643	0.4457556451502
644	0.4451580645032
645	0.4445604838563
646	0.4439629032093
647	0.4433653225624
648	0.4427677419154
649	0.4421701612685
650	0.4415725806215
651	0.4409749999746
652	0.4403774193277
653	0.4397911290063
654	0.4392241935249
655	0.4386572580435
656	0.4380903225621
657	0.4375233870807
658	0.4369564515994
659	0.436389516118
660	0.4358225806366
661	0.4352556451552
662	0.4346887096738
663	0.4341217741924
664	0.433554838711
665	0.4329879032296
666	0.4324209677482
667	0.4318540322668
668	0.4312870967854
669	0.430720161304
670	0.4301532258226
671	0.4296080645317
672	0.429070967757
673	0.4285338709822
674	0.4279967742075
675	0.4274596774328
676	0.4269225806581
677	0.4263854838833
678	0.4258483871086
679	0.4253112903339
680	0.4247741935591
681	0.4242370967844
682	0.4237000000097
683	0.4231629032349
684	0.4226258064602
685	0.4220887096855
686	0.4215516129107
687	0.421014516136
688	0.4204774193613
689	0.4198870967856
690	0.4188709677542
691	0.4178548387229
692	0.4168387096915
693	0.4158225806602
694	0.4148064516288
695	0.4137903225974
696	0.4127741935661
697	0.4117580645347
698	0.4107419355034
699	0.409725806472
700	0.4087096774407
701	0.4076935484093
702	0.4066774193779
703	0.4056612903466
704	0.4046451613152
705	0.4036290322839
706	0.4026129032525
707	0.4015967742212
708	0.4005806451898
709	0.3997943548521
710	0.3993145161416
711	0.3988346774311
712	0.3983548387207
713	0.3978750000102
714	0.3973951612997
715	0.3969153225893
716	0.3964354838788
717	0.3959556451683
718	0.3954758064578
719	0.3949959677474
720	0.3945161290369
721	0.3940362903264
722	0.393556451616
723	0.3930766129055
724	0.392596774195
725	0.3921169354845
726	0.3916370967741
727	0.3911572580636
728	0.3906774193531
729	0.3901975806427
730	0.389733870965
731	0.3892814516099
732	0.3888290322549
733	0.3883766128999
734	0.3879241935449
735	0.3874717741898
736	0.3870193548348
737	0.3865669354798
738	0.3861145161247
739	0.3856620967697
740	0.3852096774147
741	0.3847572580597
742	0.3843048387046
743	0.3838524193496
744	0.3833999999946
745	0.3829475806395
746	0.3824951612845
747	0.3820427419295
748	0.3815903225745
749	0.3811379032194
750	0.3806854838644
751	0.3802330645094
752	0.3797935483808
753	0.3793677419294
754	0.3789419354781
755	0.3785161290268
756	0.3780903225754
757	0.3776645161241
758	0.3772387096727
759	0.3768129032214
760	0.3763870967701
761	0.3759612903187
762	0.3755354838674
763	0.3751096774161
764	0.3746838709647
765	0.3742580645134
766	0.373832258062
767	0.3734064516107
768	0.3729806451594
769	0.372554838708
770	0.3721290322567
771	0.3717032258054
772	0.371277419354
773	0.3708516129027
774	0.3704258064513
775	0.37
776	0.3696
777	0.3692
778	0.3688
779	0.3684
780	0.368
781	0.3676
782	0.3672
783	0.3668
784	0.3664
785	0.366
786	0.3656
787	0.3652
788	0.3648
789	0.3644
790	0.364
791	0.3636
792	0.3632
793	0.3628
794	0.3624
795	0.362
796	0.3616
797	0.3612
798	0.3608
799	0.3604
800	0.36
801	0.3592500000009
802	0.3585000000019
803	0.3577500000028
804	0.3570000000037
805	0.3562500000047
806	0.3555000000056
807	0.3547500000066
808	0.3540000000075
809	0.3532500000084
810	0.3525000000094
811	0.3517500000103
812	0.3510000000112
813	0.3502500000122
814	0.3495000000131
815	0.3487500000141
816	0.348000000015
817	0.3472500000159
818	0.3465000000169
819	0.3457500000178
820	0.3450000000187
821	0.3442500000197
822	0.3435000000206
823	0.3427500000216
824	0.3420000000225
825	0.3412500000234
826	0.3405000000244
827	0.3397661290554
828	0.3390645161516
829	0.3383629032477
830	0.3376612903438
831	0.3369596774399
832	0.336258064536
833	0.3355564516322
834	0.3348548387283
835	0.3341532258244
836	0.3334516129205
837	0.3327500000167
838	0.3320483871128
839	0.3313467742089
840	0.330645161305
841	0.3299435484012
842	0.3292419354973
843	0.3285403225934
844	0.3278387096895
845	0.3271370967857
846	0.3264354838818
847	0.3257338709779
848	0.325032258074
849	0.3243306451701
850	0.3236290322663
851	0.3229274193624
852	0.3222258064585
853	0.3215241935546
854	0.3208225806508
855	0.3201209677469
856	0.3189161290405
857	0.3176064516203
858	0.3162967742
859	0.3149870967797
860	0.3136774193595
861	0.3123677419392
862	0.311058064519
863	0.3097483870987
864	0.3084387096784
865	0.3071290322582
866	0.3058193548379
867	0.3045096774176
868	0.3031999999974
869	0.3018903225771
870	0.3005806451569
871	0.2992709677366
872	0.2979612903163
873	0.2966516128961
874	0.2953419354758
875	0.2940322580555
876	0.2927225806353
877	0.291412903215
878	0.2901032257947
879	0.2887935483745
880	0.2874838709542
881	0.286174193534
882	0.2848645161137
883	0.2835548386934
884	0.2822451612732
885	0.2809354838529
886	0.2798258064429
887	0.2792161290234
888	0.278606451604
889	0.2779967741846
890	0.2773870967651
891	0.2767774193457
892	0.2761677419263
893	0.2755580645068
894	0.2749483870874
895	0.274338709668
896	0.2737290322485
897	0.2731193548291
898	0.2725096774097
899	0.2718999999902
900	0.2712903225708
901	0.2706806451514
902	0.2700709677319
903	0.2694612903125
904	0.2688516128931
905	0.2682419354736
906	0.2676322580542
907	0.2670225806348
908	0.2664129032153
909	0.2658032257959
910	0.2651935483765
911	0.264583870957
912	0.2639741935376
913	0.2633645161182
914	0.2627548386987
915	0.2621451612793
916	0.2615354838599
917	0.2609258064404
918	0.260316129021
919	0.2597274193441
920	0.2591612903114
921	0.2585951612787
922	0.258029032246
923	0.2574629032133
924	0.2568967741806
925	0.2563306451479
926	0.2557645161152
927	0.2551983870825
928	0.2546322580498
929	0.2540661290171
930	0.2534999999844
931	0.2529338709517
932	0.252367741919
933	0.2518016128863
934	0.2512354838536
935	0.2506693548209
936	0.2501032257882
937	0.2495370967555
938	0.2489709677228
939	0.2484048386901
940	0.2478387096574
941	0.2472725806247
942	0.246706451592
943	0.2461403225593
944	0.2455741935266
945	0.2450080644939
946	0.2444419354612
947	0.2438758064285
948	0.2433096773958
949	0.2427435483631
950	0.2421774193304
951	0.2416112902977
952	0.241045161265
953	0.2404790322323
954	0.2398790322219
955	0.2390927419003
956	0.2383064515787
957	0.237520161257
958	0.2367338709354
959	0.2359475806138
960	0.2351612902921
961	0.2343749999705
962	0.2335887096489
963	0.2328024193273
964	0.2320161290056
965	0.231229838684
966	0.2304435483624
967	0.2296572580407
968	0.2288709677191
969	0.2280846773975
970	0.2272983870758
971	0.2265120967542
972	0.2257258064326
973	0.224939516111
974	0.2241532257893
975	0.2233669354677
976	0.2225806451461
977	0.2217943548244
978	0.2210080645028
979	0.2202217741812
980	0.2194354838596
981	0.2186491935379
982	0.2178629032163
983	0.2170766128947
984	0.216290322573
985	0.2155040322514
986	0.2147177419298
987	0.2139314516081
988	0.2131451612865
989	0.2123588709649
990	0.2115725806433
991	0.2107862903216
992	0.21
993	0.2085483870851
994	0.2070967741701
995	0.2056451612552
996	0.2041935483403
997	0.2027419354253
998	0.2012903225104
999	0.1998387095955
1000	0.198387097
1001	0.196935484
1002	0.195483871
1003	0.194032258
1004	0.192580645
1005	0.191129032
1006	0.189677419
1007	0.188225806
1008	0.186774193
1009	0.18532258
1010	0.183870968
1011	0.182419355
1012	0.180967742
1013	0.179516129
1014	0.178064516
1015	0.176612903
1016	0.17516129
1017	0.173709677
1018	0.172258064
1019	0.170806451
1020	0.169354838
1021	0.167903225
1022	0.166451613
1023	0.165
1024	0.163548387
1025	0.162096774
1026	0.160645161
1027	0.159193548
1028	0.157741935
1029	0.156290322
1030	0.154838709
1031	0.153387096
1032	0.151935483
1033	0.15048387
1034	0.14896129
1035	0.147403225
1036	0.145845161
1037	0.144287096
1038	0.142729032
1039	0.141170967
1040	0.139612903
1041	0.138054838
1042	0.136496774
1043	0.134938709
1044	0.133380645
1045	0.13182258
1046	0.130264516
1047	0.128706451
1048	0.127148387
1049	0.125590322
1050	0.124032258
1051	0.122474193
1052	0.120916129
1053	0.119358065
1054	0.1178
1055	0.116241936
1056	0.114683871
1057	0.113125807
1058	0.111567742
1059	0.110009678
1060	0.108451613
1061	0.106893549
1062	0.105335484
1063	0.10377742
1064	0.102219355
1065	0.100661291
1066	0.099103226
1067	0.097545162
1068	0.095987097
1069	0.094429033
1070	0.092870968
1071	0.091312904
1072	0.089754839
1073	0.088196775
1074	0.08663871
1075	0.085080646
1076	0.083522581
1077	0.081964517
1078	0.080406452
1079	0.079698387
1080	0.079290323
1081	0.078882258
1082	0.078474194
1083	0.078066129
1084	0.077658065
1085	0.07725
1086	0.076841936
1087	0.076433871
1088	0.076025807
1089	0.075617742
1090	0.075209678
1091	0.074801613
1092	0.074393548
1093	0.073985484
1094	0.073577419
1095	0.073169355
1096	0.07276129
1097	0.072353226
1098	0.071945161
1099	0.071537097
1100	0.071129032
1101	0.070720968
1102	0.070312903
1103	0.069904839
1104	0.069496774
1105	0.06908871
1106	0.068680645
1107	0.068272581
1108	0.067864516
1109	0.067456452
1110	0.067048387
1111	0.066640323
1112	0.066232258
1113	0.065824194
1114	0.065416129
1115	0.065008064
1116	0.0646
1117	0.064191935
1118	0.063783871
1119	0.063375806
1120	0.062967742
1121	0.062559677
1122	0.062151613
1123	0.061743548
1124	0.061335484
1125	0.060927419
1126	0.060519355
1127	0.06011129
1128	0.059864516
1129	0.059678226
1130	0.059491935
1131	0.059305645
1132	0.059119355
1133	0.058933064
1134	0.058746774
1135	0.058560484
1136	0.058374194
1137	0.058187903
1138	0.058001613
1139	0.057815323
1140	0.057629032
1141	0.057442742
1142	0.057256452
1143	0.057070161
1144	0.056883871
1145	0.056697581
1146	0.05651129
1147	0.056325
1148	0.05613871
1149	0.055952419
1150	0.055766129
1151	0.055579839
1152	0.055393548
1153	0.055207258
1154	0.055020968
1155	0.054834677
1156	0.054648387
1157	0.054462097
1158	0.054275806
1159	0.054089516
1160	0.053903226
1161	0.053716935
1162	0.053530645
1163	0.053344355
1164	0.053158065
1165	0.052971774
1166	0.052785484
1167	0.052599194
1168	0.052412903
1169	0.052226613
1170	0.052040323
1171	0.051854032
1172	0.051667742
1173	0.051481452
1174	0.051295161
1175	0.051108871
1176	0.050922581
1177	0.05073629
1178	0.05055
1179	0.05036371
1180	0.050177419
1181	0.05
1182	0.05
1183	0.05
1184	0.05
1185	0.05
1186	0.05
1187	0.05
1188	0.05
1189	0.05
1190	0.05
1191	0.05
1192	0.05
1193	0.05
1194	0.05
1195	0.05
1196	0.05
1197	0.05
1198	0.05
1199	0.05
1200	0.05
1201	0.05
1202	0.05
1203	0.05
1204	0.05
1205	0.05
1206	0.05
1207	0.05
1208	0.05
1209	0.05
1210	0.05
1211	0.05
1212	0.05
1213	0.05
1214	0.05
1215	0.05
1216	0.05
1217	0.05
1218	0.05
1219	0.05
1220	0.05
1221	0.05
1222	0.05
1223	0.05
1224	0.05
1225	0.05
1226	0.05
1227	0.05
1228	0.05
1229	0.05
1230	0.05
1231	0.05
1232	0.05
1233	0.05
1234	0.05
1235	0.05
1236	0.05
1237	0.05
1238	0.05
1239	0.05
1240	0.05
1241	0.05
1242	0.05
1243	0.05
1244	0.05
1245	0.05
1246	0.05
1247	0.05
1248	0.05
1249	0.05
1250	0.05
1251	0.05
1252	0.05
1253	0.05
1254	0.05
1255	0.05
1256	0.05
1257	0.05
1258	0.05
1259	0.05
1260	0.05
1261	0.05
1262	0.05
1263	0.05
1264	0.05
1265	0.05
1266	0.05
1267	0.05
1268	0.05
1269	0.05
1270	0.05
1271	0.05
1272	0.05
1273	0.05
1274	0.05
1275	0.05
1276	0.05
1277	0.05
1278	0.05
1279	0.05
1280	0.05
1281	0.05
1282	0.05
1283	0.05
1284	0.05
1285	0.05
1286	0.05
1287	0.05
1288	0.05
1289	0.05
1290	0.05
1291	0.05
1292	0.05
1293	0.05
1294	0.05
1295	0.05
1296	0.05
1297	0.05
1298	0.05
1299	0.05
1300	0.05
1301	0.05
1302	0.05
1303	0.05
1304	0.05
1305	0.05
1306	0.049898387
1307	0.049760484
1308	0.049622581
1309	0.049484677
1310	0.049346774
1311	0.049208871
1312	0.049070968
1313	0.048933065
1314	0.048795161
1315	0.048657258
1316	0.048519355
1317	0.048381452
1318	0.048243548
1319	0.048105645
1320	0.047967742
1321	0.047829839
1322	0.047691936
1323	0.047554032
1324	0.047416129
1325	0.047278226
1326	0.047140323
1327	0.047002419
1328	0.046864516
1329	0.046726613
1330	0.04658871
1331	0.046450806
1332	0.046312903
1333	0.046175
1334	0.046037097
1335	0.045899194
1336	0.04576129
1337	0.045623387
1338	0.045485484
1339	0.045347581
1340	0.045209677
1341	0.045071774
1342	0.044933871
1343	0.044795968
1344	0.044658065
1345	0.044520161
1346	0.044382258
1347	0.044244355
1348	0.044106452
1349	0.043968548
1350	0.043830645
1351	0.043692742
1352	0.043554839
1353	0.043416936
1354	0.043279032
1355	0.043141129
1356	0.043003226
1357	0.042865323
1358	0.042727419
1359	0.042589516
1360	0.042451613
1361	0.04231371
1362	0.042175806
1363	0.042037903
1364	0.0419
1365	0.041762097
1366	0.041624194
1367	0.04148629
1368	0.041348387
1369	0.041210484
1370	0.041072581
1371	0.040934677
1372	0.040796774
1373	0.040658871
1374	0.040520968
1375	0.040383065
1376	0.040245161
1377	0.040107258
1378	0.04
1379	0.04
1380	0.04
1381	0.04
1382	0.04
1383	0.04
1384	0.04
1385	0.04
1386	0.04
1387	0.04
1388	0.04
1389	0.04
1390	0.04
1391	0.04
1392	0.04
1393	0.04
1394	0.04
1395	0.04
1396	0.04
1397	0.04
1398	0.04
1399	0.04
1400	0.04
1401	0.04
1402	0.04
1403	0.04
1404	0.04
1405	0.04
1406	0.04
1407	0.04
1408	0.04
1409	0.04
1410	0.04
1411	0.04
1412	0.04
1413	0.04
1414	0.04
1415	0.04
1416	0.04
1417	0.04
1418	0.04
1419	0.04
1420	0.04
1421	0.04
1422	0.04
1423	0.04
1424	0.04
1425	0.04
1426	0.04
1427	0.04
1428	0.04
1429	0.04
1430	0.04
1431	0.04
1432	0.04
1433	0.04
1434	0.04
1435	0.04
1436	0.04
1437	0.04
1438	0.04
1439	0.04
1440	0.04
1441	0.04
1442	0.04
1443	0.04
1444	0.04
1445	0.04
1446	0.04
1447	0.04
1448	0.04
1449	0.04
1450	0.04
1451	0.04
1452	0.04
1453	0.04
1454	0.04
1455	0.04
1456	0.04
1457	0.04
1458	0.04
1459	0.04
1460	0.04
1461	0.04
1462	0.04
1463	0.04
1464	0.04
1465	0.04
1466	0.04
1467	0.04
1468	0.04
1469	0.04
1470	0.04
1471	0.04
1472	0.04
1473	0.04
1474	0.04
1475	0.04
1476	0.04
1477	0.04
1478	0.04
1479	0.04
1480	0.04
1481	0.04
1482	0.04
1483	0.04
1484	0.04
1485	0.04
1486	0.04
1487	0.04
1488	0.04
1489	0.04
1490	0.04
1491	0.04
1492	0.04
1493	0.04
1494	0.04
1495	0.04
1496	0.04
1497	0.04
1498	0.04
1499	0.04
1500	0.04