300	2.878386243386
301	2.891613756614
302	2.904841269841
303	2.918068783069
304	2.931296296296
305	2.944523809524
306	2.957751322751
307	2.970978835979
308	2.984206349206
309	2.997433862434
310	3.010188679245
311	3.013962264151
312	3.017735849057
313	3.021509433962
314	3.025283018868
315	3.029056603774
316	3.032830188679
317	3.036603773585
318	3.04
319	3.04
320	3.04
321	3.04
322	3.04
323	3.04
324	3.04
325	3.04
326	3.04
327	3.04
328	3.04
329	3.04
330	3.04
331	3.04
332	3.04
333	3.04
334	3.04
335	3.04
336	3.040988184748
337	3.042062298604
338	3.04313641246
339	3.044210526316
340	3.045284640172
341	3.046358754028
342	3.047432867884
343	3.04850698174
344	3.049581095596
345	3.050619918699
346	3.051636178862
347	3.052652439024
348	3.053668699187
349	3.05468495935
350	3.055701219512
351	3.056717479675
352	3.057733739837
353	3.05875
354	3.059766260163
355	3.06
356	3.06
357	3.06
358	3.06
359	3.06
360	3.06
361	3.06
362	3.06
363	3.06
364	3.06
365	3.06
366	3.06
367	3.06
368	3.06
369	3.06
370	3.06
371	3.06
372	3.06
373	3.06
374	3.06
375	3.06
376	3.059744463373
377	3.058892674617
378	3.05804088586
379	3.057189097104
380	3.056337308348
381	3.055485519591
382	3.054633730835
383	3.053781942078
384	3.052930153322
385	3.052078364566
386	3.051226575809
387	3.050374787053
388	3.049104
389	3.047504
390	3.045904
391	3.044304
392	3.042704
393	3.041104
394	3.039504
395	3.037904
396	3.036304
397	3.034704
398	3.033104
399	3.031504
400	3.030045011253
401	3.0307951988
402	3.031545386347
403	3.032295573893
404	3.03304576144
405	3.033795948987
406	3.034546136534
407	3.035296324081
408	3.036046511628
409	3.036796699175
410	3.037546886722
411	3.038297074269
412	3.039047261815
413	3.039797449362
414	3.040512280702
415	3.041214035088
416	3.041915789474
417	3.04261754386
418	3.043319298246
419	3.044021052632
420	3.044722807018
421	3.045424561404
422	3.046126315789
423	3.046828070175
424	3.047529824561
425	3.048231578947
426	3.048933333333
427	3.049635087719
428	3.05094302554
429	3.052907662083
430	3.054872298625
431	3.056836935167
432	3.058801571709
433	3.060766208251
434	3.062730844794
435	3.064695481336
436	3.066660117878
437	3.06862475442
438	3.070589390963
439	3.072554027505
440	3.074518664047
441	3.076483300589
442	3.078447937132
443	3.080640243902
444	3.08368902439
445	3.086737804878
446	3.089786585366
447	3.092835365854
448	3.095884146341
449	3.098932926829
450	3.101981707317
451	3.105030487805
452	3.108079268293
453	3.11112804878
454	3.114176829268
455	3.117225609756
456	3.120274390244
457	3.123323170732
458	3.12637195122
459	3.129420731707
460	3.13412797282
461	3.139224235561
462	3.144320498301
463	3.149416761042
464	3.154513023783
465	3.159609286523
466	3.164705549264
467	3.169801812005
468	3.174898074745
469	3.179994337486
470	3.185090600227
471	3.190186862967
472	3.195283125708
473	3.200379388448
474	3.205475651189
475	3.21057191393
476	3.21566817667
477	3.221101206083
478	3.228442579969
479	3.235783953854
480	3.24312532774
481	3.250466701626
482	3.257808075511
483	3.265149449397
484	3.272490823283
485	3.279832197168
486	3.287173571054
487	3.29451494494
488	3.301856318825
489	3.309197692711
490	3.316539066597
491	3.323880440482
492	3.331221814368
493	3.338563188254
494	3.345904562139
495	3.353245936025
496	3.360890609874
497	3.372023233301
498	3.383155856728
499	3.394288480155
500	3.405421103582
501	3.416553727009
502	3.427686350436
503	3.438818973863
504	3.449951597289
505	3.461084220716
506	3.472216844143
507	3.48334946757
508	3.494482090997
509	3.505614714424
510	3.516747337851
511	3.527879961278
512	3.539012584705
513	3.550145208132
514	3.561277831559
515	3.572410454985
516	3.583543078412
517	3.593739982191
518	3.602644701692
519	3.611549421193
520	3.620454140695
521	3.629358860196
522	3.638263579697
523	3.647168299199
524	3.6560730187
525	3.664977738201
526	3.673882457703
527	3.682787177204
528	3.691691896705
529	3.700596616207
530	3.709501335708
531	3.718406055209
532	3.727310774711
533	3.736215494212
534	3.745120213713
535	3.754024933215
536	3.762929652716
537	3.771834372217
538	3.780739091719
539	3.78964381122
540	3.7888249694
541	3.787600979192
542	3.786376988984
543	3.785152998776
544	3.783929008568
545	3.78270501836
546	3.781481028152
547	3.780257037944
548	3.779033047736
549	3.777809057528
550	3.776585067319
551	3.775361077111
552	3.774137086903
553	3.772913096695
554	3.771689106487
555	3.770465116279
556	3.769241126071
557	3.768017135863
558	3.766793145655
559	3.765569155447
560	3.764345165239
561	3.763121175031
562	3.761897184823
563	3.760673194614
564	3.758658218412
565	3.755676481551
566	3.752694744689
567	3.749713007827
568	3.746731270965
569	3.743749534104
570	3.740767797242
571	3.73778606038
572	3.734804323518
573	3.731822586657
574	3.728840849795
575	3.725859112933
576	3.722877376072
577	3.71989563921
578	3.716913902348
579	3.713932165486
580	3.710950428625
581	3.707968691763
582	3.704986954901
583	3.70200521804
584	3.699023481178
585	3.696041744316
586	3.693060007454
587	3.690078270593
588	3.687096533731
589	3.684114796869
590	3.681133060007
591	3.68
592	3.68
593	3.68
594	3.68
595	3.68
596	3.68
597	3.68
598	3.68
599	3.68
600	3.68
601	3.68
602	3.68
603	3.68
604	3.68
605	3.68
606	3.68
607	3.68
608	3.68
609	3.68
610	3.68
611	3.68
612	3.68
613	3.68
614	3.68
615	3.68
616	3.68
617	3.68
618	3.68
619	3.68
620	3.680183879865
621	3.682022678517
622	3.683861477168
623	3.68570027582
624	3.687539074471
625	3.689377873123
626	3.691216671774
627	3.693055470426
628	3.694894269078
629	3.696733067729
630	3.698571866381
631	3.700410665032
632	3.702249463684
633	3.704088262335
634	3.705927060987
635	3.707765859638
636	3.70960465829
637	3.711443456941
638	3.713282255593
639	3.715121054245
640	3.716959852896
641	3.718798651548
642	3.720637450199
643	3.722476248851
644	3.724315047502
645	3.726153846154
646	3.727992644805
647	3.729831443457
648	3.731670242108
649	3.73350904076
650	3.735347839412
651	3.737186638063
652	3.739025436715
653	3.740907586207
654	3.74283862069
655	3.744769655172
656	3.746700689655
657	3.748631724138
658	3.750562758621
659	3.752493793103
660	3.754424827586
661	3.756355862069
662	3.758286896552
663	3.760217931034
664	3.762148965517
665	3.76408
666	3.766011034483
667	3.767942068966
668	3.769873103448
669	3.771804137931
670	3.773735172414
671	3.775666206897
672	3.777597241379
673	3.779528275862
674	3.781459310345
675	3.783390344828
676	3.78532137931
677	3.787252413793
678	3.789183448276
679	3.791114482759
680	3.793045517241
681	3.794976551724
682	3.796907586207
683	3.79883862069
684	3.800769655172
685	3.802700689655
686	3.804631724138
687	3.806562758621
688	3.808493793103
689	3.810162922735
690	3.810903480622
691	3.811644038509
692	3.812384596396
693	3.813125154283
694	3.81386571217
695	3.814606270057
696	3.815346827944
697	3.816087385831
698	3.816827943718
699	3.817568501605
700	3.818309059491
701	3.819049617378
702	3.819790175265
703	3.820530733152
704	3.821271291039
705	3.822011848926
706	3.822752406813
707	3.8234929647
708	3.824233522587
709	3.824974080474
710	3.825714638361
711	3.826455196248
712	3.827195754135
713	3.827936312022
714	3.828676869909
715	3.829417427796
716	3.830157985683
717	3.830898543569
718	3.831639101456
719	3.832379659343
720	3.83312021723
721	3.833860775117
722	3.834601333004
723	3.835341890891
724	3.836082448778
725	3.836823006665
726	3.837563564552
727	3.838304122439
728	3.839044680326
729	3.839785238213
730	3.838909609478
731	3.837373848179
732	3.83583808688
733	3.834302325581
734	3.832766564283
735	3.831230802984
736	3.829695041685
737	3.828159280386
738	3.826623519087
739	3.825087757789
740	3.82355199649
741	3.822016235191
742	3.820480473892
743	3.818944712593
744	3.817408951294
745	3.815873189996
746	3.814337428697
747	3.812801667398
748	3.811265906099
749	3.8097301448
750	3.808194383502
751	3.806658622203
752	3.805122860904
753	3.803587099605
754	3.802051338306
755	3.800515577007
756	3.798979815709
757	3.79744405441
758	3.795908293111
759	3.794372531812
760	3.792836770513
761	3.791301009215
762	3.789765247916
763	3.788229486617
764	3.786693725318
765	3.785157964019
766	3.78362220272
767	3.782086441422
768	3.780550680123
769	3.779014918824
770	3.777479157525
771	3.775943396226
772	3.774407634928
773	3.772871873629
774	3.77133611233
775	3.769396051103
776	3.76475029036
777	3.760104529617
778	3.755458768873
779	3.75081300813
780	3.746167247387
781	3.741521486643
782	3.7368757259
783	3.732229965157
784	3.727584204413
785	3.72293844367
786	3.718292682927
787	3.713646922184
788	3.70900116144
789	3.704355400697
790	3.699709639954
791	3.69506387921
792	3.690418118467
793	3.685772357724
794	3.68112659698
795	3.676480836237
796	3.671835075494
797	3.66718931475
798	3.662543554007
799	3.657897793264
800	3.65325203252
801	3.648606271777
802	3.643960511034
803	3.63931475029
804	3.634668989547
805	3.630023228804
806	3.62537746806
807	3.620731707317
808	3.616085946574
809	3.61144018583
810	3.606794425087
811	3.602148664344
812	3.5975029036
813	3.592857142857
814	3.588211382114
815	3.58356562137
816	3.578919860627
817	3.574274099884
818	3.569628339141
819	3.564982578397
820	3.560336817654
821	3.555691056911
822	3.551045296167
823	3.546399535424
824	3.541753774681
825	3.537108013937
826	3.532462253194
827	3.526974932249
828	3.520538617886
829	3.514102303523
830	3.50766598916
831	3.501229674797
832	3.494793360434
833	3.48835704607
834	3.481920731707
835	3.475484417344
836	3.469048102981
837	3.462611788618
838	3.456175474255
839	3.449739159892
840	3.443302845528
841	3.436866531165
842	3.430430216802
843	3.423993902439
844	3.417557588076
845	3.411121273713
846	3.40468495935
847	3.398248644986
848	3.391812330623
849	3.38537601626
850	3.378939701897
851	3.372503387534
852	3.366067073171
853	3.359630758808
854	3.353194444444
855	3.346758130081
856	3.340321815718
857	3.333885501355
858	3.327449186992
859	3.321012872629
860	3.314576558266
861	3.308140243902
862	3.301703929539
863	3.295267615176
864	3.288831300813
865	3.28239498645
866	3.275958672087
867	3.269522357724
868	3.26308604336
869	3.256649728997
870	3.250213414634
871	3.243777100271
872	3.237340785908
873	3.230904471545
874	3.224468157182
875	3.218031842818
876	3.211595528455
877	3.205159214092
878	3.198722899729
879	3.192286585366
880	3.185850271003
881	3.17941395664
882	3.172977642276
883	3.166541327913
884	3.16010501355
885	3.153668699187
886	3.147601291838
887	3.142022900763
888	3.136444509689
889	3.130866118614
890	3.12528772754
891	3.119709336465
892	3.11413094539
893	3.108552554316
894	3.102974163241
895	3.097395772167
896	3.091817381092
897	3.086238990018
898	3.080660598943
899	3.075082207868
900	3.069503816794
901	3.063925425719
902	3.058347034645
903	3.05276864357
904	3.047190252496
905	3.041611861421
906	3.036033470346
907	3.030455079272
908	3.024876688197
909	3.019298297123
910	3.013719906048
911	3.008141514974
912	3.002563123899
913	2.996984732824
914	2.99140634175
915	2.985827950675
916	2.980249559601
917	2.974671168526
918	2.969092777452
919	2.963514386377
920	2.957935995302
921	2.952357604228
922	2.946779213153
923	2.941200822079
924	2.935622431004
925	2.93004403993
926	2.924465648855
927	2.91888725778
928	2.913308866706
929	2.907730475631
930	2.902152084557
931	2.896573693482
932	2.890995302408
933	2.885416911333
934	2.879838520258
935	2.874260129184
936	2.868681738109
937	2.863103347035
938	2.85752495596
939	2.851946564885
940	2.846368173811
941	2.840789782736
942	2.835211391662
943	2.829633000587
944	2.824054609513
945	2.818476218438
946	2.812897827363
947	2.807319436289
948	2.801741045214
949	2.79616265414
950	2.790584263065
951	2.785005871991
952	2.779427480916
953	2.773849089841
954	2.768712883744
955	2.764560895823
956	2.760408907901
957	2.75625691998
958	2.752104932058
959	2.747952944137
960	2.743800956215
961	2.739648968294
962	2.735496980372
963	2.731344992451
964	2.727193004529
965	2.723041016608
966	2.718889028686
967	2.714737040765
968	2.710585052843
969	2.706433064922
970	2.702281077001
971	2.698129089079
972	2.693977101158
973	2.689825113236
974	2.685673125315
975	2.681521137393
976	2.677369149472
977	2.67321716155
978	2.669065173629
979	2.664913185707
980	2.660761197786
981	2.656609209864
982	2.652457221943
983	2.648305234021
984	2.6441532461
985	2.640001258178
986	2.635849270257
987	2.631697282335
988	2.627545294414
989	2.623393306492
990	2.619241318571
991	2.615089330649
992	2.610937342728
993	2.606785354806
994	2.602633366885
995	2.598481378963
996	2.594329391042
997	2.59017740312
998	2.586025415199
999	2.581873427277
1000	2.577721439
1001	2.573569451
1002	2.569417464
1003	2.565265476
1004	2.561113488
1005	2.5569615
1006	2.552809512
1007	2.548657524
1008	2.544505536
1009	2.540353548
1010	2.53620156
1011	2.532049572
1012	2.527897584
1013	2.523745596
1014	2.519593608
1015	2.515441621
1016	2.511289633
1017	2.507137645
1018	2.502985657
1019	2.498833669
1020	2.494681681
1021	2.490529693
1022	2.486377705
1023	2.482225717
1024	2.478073729
1025	2.473921741
1026	2.469769753
1027	2.465617765
1028	2.461465778
1029	2.45731379
1030	2.453161802
1031	2.449009814
1032	2.444857826
1033	2.440705838
1034	2.437525554
1035	2.434544293
1036	2.431563032
1037	2.428581772
1038	2.425600511
1039	2.42261925
1040	2.41963799
1041	2.416656729
1042	2.413675468
1043	2.410694208
1044	2.407712947
1045	2.404731687
1046	2.401750426
1047	2.398769165
1048	2.395787905
1049	2.392806644
1050	2.389825383
1051	2.386844123
1052	2.383862862
1053	2.380881601
1054	2.377900341
1055	2.37491908
1056	2.371937819
1057	2.368956559
1058	2.365975298
1059	2.362994037
1060	2.360012777
1061	2.357031516
1062	2.354050256
1063	2.351068995
1064	2.348087734
1065	2.345106474
1066	2.342125213
1067	2.339143952
1068	2.336162692
1069	2.333181431
1070	2.33020017
1071	2.32721891
1072	2.324237649
1073	2.321256388
1074	2.318275128
1075	2.315293867
1076	2.312312606
1077	2.309331346
1078	2.306350085
1079	2.303368825
1080	2.300387564
1081	2.297406303
1082	2.294425043
1083	2.291443782
1084	2.288462521
1085	2.285481261
1086	2.2825
1087	2.279518739
1088	2.276537479
1089	2.273556218
1090	2.270574957
1091	2.267593697
1092	2.264612436
1093	2.261631175
1094	2.258649915
1095	2.255668654
1096	2.252687394
1097	2.249706133
1098	2.246724872
1099	2.243743612
1100	2.240762351
1101	2.23778109
1102	2.23479983
1103	2.231818569
1104	2.228837308
1105	2.225856048
1106	2.222874787
1107	2.219893526
1108	2.216912266
1109	2.213931005
1110	2.210949744
1111	2.207968484
1112	2.204987223
1113	2.202005963
1114	2.199024702
1115	2.196043441
1116	2.193062181
1117	2.19008092
1118	2.187099659
1119	2.184118399
1120	2.181137138
1121	2.178155877
1122	2.175174617
1123	2.172193356
1124	2.169212095
1125	2.166230835
1126	2.163249574
1127	2.160268313
1128	2.157287053
1129	2.154305792
1130	2.151324532
1131	2.148343271
1132	2.14536201
1133	2.14238075
1134	2.139399489
1135	2.136418228
1136	2.133436968
1137	2.130455707
1138	2.127474446
1139	2.124493186
1140	2.121511925
1141	2.118530664
1142	2.115549404
1143	2.112568143
1144	2.109586882
1145	2.106605622
1146	2.103624361
1147	2.100643101
1148	2.09766184
1149	2.094680579
1150	2.091699319
1151	2.088718058
1152	2.085736797
1153	2.082755537
1154	2.079774276
1155	2.076793015
1156	2.073811755
1157	2.070830494
1158	2.067849233
1159	2.064867973
1160	2.061886712
1161	2.058905451
1162	2.055924191
1163	2.05294293
1164	2.04996167
1165	2.046980409
1166	2.043999148
1167	2.041017888
1168	2.038036627
1169	2.035055366
1170	2.032074106
1171	2.029092845
1172	2.026111584
1173	2.023130324
1174	2.020149063
1175	2.017167802
1176	2.014186542
1177	2.011205281
1178	2.00822402
1179	2.00524276
1180	2.002261499
1181	1.999280239
1182	1.996298978
1183	1.993317717
1184	1.990336457
1185	1.987355196
1186	1.984373935
1187	1.981392675
1188	1.978411414
1189	1.975430153
1190	1.972448893
1191	1.969467632
1192	1.966486371
1193	1.963505111
1194	1.96052385
1195	1.957542589
1196	1.954561329
1197	1.951580068
1198	1.948598807
1199	1.945617547
1200	1.942636286