300	1.952663613861
301	1.954990346535
302	1.957295589198
303	1.959514768481
304	1.961554074074
305	1.963405925926
306	1.965206592179
307	1.967255103011
308	1.969424658288
309	1.971353460639
310	1.973699524552
311	1.976199636785
312	1.978549180077
313	1.980625531915
314	1.9827
315	1.984968553127
316	1.987246631815
317	1.989509318519
318	1.991901911111
319	1.99437853784
320	1.99680383831
321	1.99913101083
322	2.001405379061
323	2.00397182534
324	2.006667196593
325	2.009335755855
326	2.011813061224
327	2.014386987448
328	2.017114149378
329	2.019873485477
330	2.022622714188
331	2.025373482688
332	2.028197651052
333	2.031131851852
334	2.03416503002
335	2.037400520347
336	2.04052265873
337	2.043685058978
338	2.047453079948
339	2.051408
340	2.055463925354
341	2.059331364221
342	2.063007665816
343	2.066508941327
344	2.070466715098
345	2.074756468378
346	2.079571747026
347	2.084419565757
348	2.089362690418
349	2.094749668305
350	2.101536552984
351	2.109545079172
352	2.116887490953
353	2.123963870968
354	2.130433405018
355	2.137789822485
356	2.145843076923
357	2.155523704572
358	2.165670354034
359	2.17695300058
360	2.188899930995
361	2.201688890167
362	2.215270432802
363	2.229188428246
364	2.243743169769
365	2.258391469274
366	2.273313256983
367	2.288255472637
368	2.303230597015
369	2.317063198248
370	2.330047864184
371	2.34103527115
372	2.351349804772
373	2.357541760601
374	2.363114492291
375	2.364443572568
376	2.365130752236
377	2.362447953709
378	2.35867128125
379	2.35176503125
380	2.344275054152
381	2.335646895307
382	2.32644755102
383	2.316391428571
384	2.306424444444
385	2.296570909091
386	2.2870318
387	2.2778618
388	2.268678728352
389	2.259480311727
390	2.250600754163
391	2.242128667973
392	2.233971332364
393	2.226292068798
394	2.218903173538
395	2.212095886865
396	2.205419069767
397	2.19914
398	2.192914847489
399	2.187020900985
400	2.181131133302
401	2.175701500232
402	2.170271867162
403	2.165447887
404	2.160725792375
405	2.156287213636
406	2.151982668182
407	2.147714206742
408	2.143484993258
409	2.139320324589
410	2.135345224544
411	2.13137146438
412	2.127664340369
413	2.123957216359
414	2.12077876468
415	2.117794858634
416	2.114790064516
417	2.111757806452
418	2.108756444066
419	2.106012930668
420	2.103269417269
421	2.100408649558
422	2.097510037863
423	2.094836960499
424	2.092533426195
425	2.090229891892
426	2.087566792763
427	2.084894095395
428	2.082590406504
429	2.080598536585
430	2.078578589795
431	2.076244319004
432	2.073910048212
433	2.071801318507
434	2.069847386815
435	2.067895123675
436	2.06596343934
437	2.064031755006
438	2.06240903376
439	2.061062506791
440	2.059715979821
441	2.058322684049
442	2.056926978528
443	2.055227263078
444	2.052945231236
445	2.050663199393
446	2.048841834519
447	2.047213231
448	2.045599356033
449	2.044403945226
450	2.043208534419
451	2.041979225146
452	2.040681710526
453	2.039384195906
454	2.038080830625
455	2.036773499458
456	2.035466168292
457	2.034077538352
458	2.032671901534
459	2.031269799084
460	2.030011427564
461	2.028753056045
462	2.027519763314
463	2.026395502959
464	2.025271242604
465	2.024230147817
466	2.023370745961
467	2.022511344105
468	2.021609439728
469	2.020645093379
470	2.019680747029
471	2.018702004693
472	2.017706362722
473	2.016710720751
474	2.015531578947
475	2.014151241311
476	2.012770903674
477	2.011595294118
478	2.010663921569
479	2.00973254902
480	2.008939990319
481	2.008359157793
482	2.007778325266
483	2.007052191083
484	2.005982127389
485	2.004912063694
486	2.003891509434
487	2.003136792453
488	2.002382075472
489	2.001627358491
490	2.000797601613
491	1.999966078188
492	1.999134554763
493	1.99832957121
494	1.997533246554
495	1.996736921899
496	1.996053653672
497	1.995488528256
498	1.994923402841
499	1.994335454817
500	1.993643537131
501	1.992951619445
502	1.99225970176
503	1.991534165931
504	1.990801597529
505	1.990069029126
506	1.989345616836
507	1.988634441219
508	1.987923265602
509	1.987212089985
510	1.986687815631
511	1.986166773547
512	1.985645731463
513	1.985036723164
514	1.984336158192
515	1.98363559322
516	1.982935028249
517	1.982511002786
518	1.982101532033
519	1.981692061281
520	1.981181758242
521	1.980492197802
522	1.979802637363
523	1.979113076923
524	1.978424658722
525	1.977736684724
526	1.977048710726
527	1.976365117521
528	1.975833600427
529	1.975302083333
530	1.974770566239
531	1.974261384939
532	1.973808515008
533	1.973355645076
534	1.972902775145
535	1.972412616822
536	1.971883021807
537	1.971353426791
538	1.970823831776
539	1.970359073695
540	1.969931745138
541	1.969504416581
542	1.969077088025
543	1.968546293495
544	1.967976449823
545	1.967406606152
546	1.966836762481
547	1.96625805169
548	1.965676540755
549	1.965095029821
550	1.964513518887
551	1.964116649522
552	1.963786010287
553	1.963455371051
554	1.963124731815
555	1.96276266345
556	1.962383893848
557	1.962005124246
558	1.961626354644
559	1.961200912764
560	1.9607302686
561	1.960259624435
562	1.959788980271
563	1.959288745025
564	1.958719791618
565	1.958150838211
566	1.957581884804
567	1.95702425738
568	1.956832836716
569	1.956641416052
570	1.956449995387
571	1.956258574723
572	1.955835898251
573	1.955311255962
574	1.954786613672
575	1.954261971383
576	1.953785234794
577	1.953425216905
578	1.953065199016
579	1.952705181127
580	1.952345163238
581	1.951917482933
582	1.951474849152
583	1.951032215371
584	1.95058958159
585	1.950186250542
586	1.949884993498
587	1.949583736454
588	1.94928247941
589	1.948981222367
590	1.94874396927
591	1.948539103713
592	1.948334238156
593	1.948129372599
594	1.947924507042
595	1.94751951701
596	1.947110025199
597	1.946700533389
598	1.946291041579
599	1.945890099194
600	1.945520188055
601	1.945150276917
602	1.944780365778
603	1.944410454639
604	1.94410409396
605	1.943902751678
606	1.943701409396
607	1.943500067114
608	1.943298724832
609	1.943041820728
610	1.942719691877
611	1.942397563025
612	1.942075434174
613	1.941753305322
614	1.941389962606
615	1.940978626255
616	1.940567289904
617	1.940155953552
618	1.939744617201
619	1.939393385598
620	1.939139804491
621	1.938886223384
622	1.938632642276
623	1.938379061169
624	1.938135387398
625	1.937927886922
626	1.937720386446
627	1.93751288597
628	1.937305385494
629	1.937097885018
630	1.936807270685
631	1.936513373268
632	1.936219475852
633	1.935925578435
634	1.935631681018
635	1.935475502392
636	1.935403732057
637	1.935331961722
638	1.935260191388
639	1.935188421053
640	1.935053621563
641	1.934642984805
642	1.934232348046
643	1.933821711288
644	1.93341107453
645	1.933000437771
646	1.932868191357
647	1.932880640228
648	1.932893089098
649	1.932905537969
650	1.93291798684
651	1.932920581863
652	1.932651492224
653	1.932382402586
654	1.932113312948
655	1.931844223309
656	1.931575133671
657	1.931259843777
658	1.930842676395
659	1.930425509013
660	1.930008341631
661	1.929591174249
662	1.929174006867
663	1.928854844804
664	1.928638920378
665	1.928422995951
666	1.928207071525
667	1.927991147099
668	1.927775222672
669	1.927601280649
670	1.927460458913
671	1.927319637177
672	1.927178815441
673	1.927037993704
674	1.926897171968
675	1.926779785191
676	1.926683772172
677	1.926587759154
678	1.926491746135
679	1.926395733116
680	1.926299720098
681	1.926128876817
682	1.925834900144
683	1.92554092347
684	1.925246946797
685	1.924952970123
686	1.924658993449
687	1.924403546667
688	1.924433350588
689	1.92446315451
690	1.924492958431
691	1.924522762353
692	1.924552566275
693	1.924582370196
694	1.924216510625
695	1.923714508777
696	1.923212506929
697	1.922710505082
698	1.922208503234
699	1.921706501386
700	1.92135002418
701	1.921430120901
702	1.921510217621
703	1.921590314342
704	1.921670411062
705	1.921750507783
706	1.921830604504
707	1.9217154323
708	1.921487047308
709	1.921258662316
710	1.921030277325
711	1.920801892333
712	1.920573507341
713	1.920345122349
714	1.919923753819
715	1.919478533392
716	1.919033312964
717	1.918588092536
718	1.918142872108
719	1.91769765168
720	1.91726036387
721	1.917281767979
722	1.917303172089
723	1.917324576199
724	1.917345980308
725	1.917367384418
726	1.917388788527
727	1.917410352694
728	1.917449540938
729	1.917488729181
730	1.917527917425
731	1.917567105668
732	1.917606293912
733	1.917645482155
734	1.917684670399
735	1.917429116113
736	1.91712716717
737	1.916825218227
738	1.916523269284
739	1.91622132034
740	1.915919371397
741	1.915617422454
742	1.915329034037
743	1.915050546213
744	1.914772058388
745	1.914493570564
746	1.914215082739
747	1.913936594915
748	1.91365810709
749	1.913417705394
750	1.913401880522
751	1.913386055651
752	1.913370230779
753	1.913354405908
754	1.913338581037
755	1.913322756165
756	1.913306931294
757	1.913283297584
758	1.913253577982
759	1.91322385838
760	1.913194138778
761	1.913164419176
762	1.913134699574
763	1.913104979972
764	1.91307526037
765	1.913074168144
766	1.913079232717
767	1.91308429729
768	1.913089361864
769	1.913094426437
770	1.91309949101
771	1.913104555584
772	1.913109620157
773	1.913057234623
774	1.913000190972
775	1.912943147321
776	1.912886103671
777	1.91282906002
778	1.912772016369
779	1.912714972718
780	1.912657929067
781	1.912422017491
782	1.912157229442
783	1.911892441394
784	1.911627653346
785	1.911362865298
786	1.91109807725
787	1.910833289202
788	1.910568501154
789	1.910316173603
790	1.910071227111
791	1.909826280618
792	1.909581334126
793	1.909336387634
794	1.909091441141
795	1.908846494649
796	1.908601548157
797	1.908384621653
798	1.908268207218
799	1.908151792782
800	1.908035378347
801	1.907918963912
802	1.907802549476
803	1.907686135041
804	1.907569720605
805	1.90745330617
806	1.907153877877
807	1.9067460401
808	1.906338202324
809	1.905930364548
810	1.905522526771
811	1.905114688995
812	1.904706851219
813	1.904299013443
814	1.903891175666
815	1.904118007133
816	1.904456839055
817	1.904795670976
818	1.905134502898
819	1.905473334819
820	1.905812166741
821	1.906150998663
822	1.906489830584
823	1.906828662506
824	1.906786709192
825	1.906691844946
826	1.9065969807
827	1.906502116454
828	1.906407252208
829	1.906312387962
830	1.906217523716
831	1.90612265947
832	1.906027795224
833	1.905886916187
834	1.90572696737
835	1.905567018554
836	1.905407069738
837	1.905247120921
838	1.905087172105
839	1.904927223289
840	1.904767274472
841	1.904607325656
842	1.904405676606
843	1.904118979358
844	1.90383228211
845	1.903545584862
846	1.903258887615
847	1.902972190367
848	1.902685493119
849	1.902398795872
850	1.902112098624
851	1.901825401376
852	1.901792813901
853	1.901850906033
854	1.901908998166
855	1.901967090298
856	1.90202518243
857	1.902083274562
858	1.902141366694
859	1.902199458826
860	1.902257550958
861	1.90231564309
862	1.902296971719
863	1.90227207628
864	1.90224718084
865	1.902222285401
866	1.902197389962
867	1.902172494523
868	1.902147599084
869	1.902122703645
870	1.902097808206
871	1.902072912766
872	1.90203821578
873	1.90200222006
874	1.901966224341
875	1.901930228621
876	1.901894232902
877	1.901858237183
878	1.901822241463
879	1.901786245744
880	1.901750250024
881	1.901714254305
882	1.901638015964
883	1.901535393387
884	1.90143277081
885	1.901330148233
886	1.901227525656
887	1.901124903079
888	1.901022280502
889	1.900919657925
890	1.900817035348
891	1.900714412771
892	1.900605006495
893	1.900417587679
894	1.900230168862
895	1.900042750046
896	1.89985533123
897	1.899667912414
898	1.899480493598
899	1.899293074782
900	1.899105655966
901	1.89891823715
902	1.898730818334
903	1.898602734764
904	1.898611790274
905	1.898620845785
906	1.898629901295
907	1.898638956805
908	1.898648012315
909	1.898657067826
910	1.898666123336
911	1.898675178846
912	1.898684234357
913	1.898693289867
914	1.898735937251
915	1.898874691118
916	1.899013444985
917	1.899152198851
918	1.899290952718
919	1.899429706584
920	1.899568460451
921	1.899707214317
922	1.899845968184
923	1.89998472205
924	1.900123475917
925	1.900262229783
926	1.90040098365
927	1.900539737517
928	1.900678491383
929	1.90081724525
930	1.900955999116
931	1.901094752983
932	1.901233506849
933	1.901372260716
934	1.901511014582
935	1.901649768449
936	1.901788522316
937	1.901927276182
938	1.902066030049
939	1.902204783915
940	1.902343537782
941	1.902482291648
942	1.902621045515
943	1.902759799381
944	1.902898553248
945	1.903037307114
946	1.903176060981
947	1.903314814848
948	1.903453568714
949	1.903592322581
950	1.903731076447
951	1.903869830314
952	1.90400858418
953	1.904147338047
954	1.904286091913
955	1.90442484578
956	1.904563599646
957	1.904702353513
958	1.90484110738
959	1.904979861246
960	1.905118615113
961	1.905257368979
962	1.905396122846
963	1.905534876712
964	1.905673630579
965	1.905812384445
966	1.905951138312
967	1.906089892179
968	1.906228646045
969	1.906367399912
970	1.906506153778
971	1.906644907645
972	1.906783661511
973	1.906922415378
974	1.907061169244
975	1.907199923111
976	1.907338676977
977	1.907477430844
978	1.907616184711
979	1.907754938577
980	1.907893692444
981	1.90803244631
982	1.908171200177
983	1.908309954043
984	1.90844870791
985	1.908587461776
986	1.908726215643
987	1.908864969509
988	1.909003723376
989	1.909142477243
990	1.909281231109
991	1.909419984976
992	1.909558738842
993	1.909697492709
994	1.909836246575
995	1.909975000442
996	1.910113754308
997	1.910252508175
998	1.910391262042
999	1.910530015908
1000	1.91066877
1001	1.910807524
1002	1.910946278
1003	1.911085031
1004	1.911223785
1005	1.911362539
1006	1.911501293
1007	1.911640047
1008	1.911778801
1009	1.911917555
1010	1.912056308
1011	1.912195062
1012	1.912333816
1013	1.91247257
1014	1.912611324
1015	1.912750078
1016	1.912888832
1017	1.913027586
1018	1.913166339
1019	1.913305093
1020	1.913443847
1021	1.913582601
1022	1.913721355
1023	1.913860109
1024	1.913998863
1025	1.914137616
1026	1.91427637
1027	1.914415124
1028	1.914553878
1029	1.914692632
1030	1.914831386
1031	1.91497014
1032	1.915108894
1033	1.915247647
1034	1.915386401
1035	1.915525155
1036	1.915663909
1037	1.915802663
1038	1.915941417
1039	1.916080171
1040	1.916218924
1041	1.916357678
1042	1.916496432
1043	1.916635186
1044	1.91677394
1045	1.916912694
1046	1.917051448
1047	1.917190202
1048	1.917328955
1049	1.917467709
1050	1.917606463
1051	1.917745217
1052	1.917883971
1053	1.918022725
1054	1.918161479
1055	1.918300232
1056	1.918438986
1057	1.91857774
1058	1.918716494
1059	1.918855248
1060	1.918994002
1061	1.919132756
1062	1.91927151
1063	1.919410263
1064	1.919549017
1065	1.919687771
1066	1.919826525
1067	1.919965279
1068	1.920104033
1069	1.920242787
1070	1.92038154
1071	1.920520294
1072	1.920659048
1073	1.920797802
1074	1.920936556
1075	1.92107531
1076	1.921214064
1077	1.921352817
1078	1.921491571
1079	1.921630325
1080	1.921769079
1081	1.921907833
1082	1.922046587
1083	1.922185341
1084	1.922324095
1085	1.922462848
1086	1.922601602
1087	1.922740356
1088	1.92287911
1089	1.923017864
1090	1.923156618
1091	1.923295372
1092	1.923434125
1093	1.923572879
1094	1.923711633
1095	1.923850387
1096	1.923989141
1097	1.924127895
1098	1.924266649
1099	1.924405403
1100	1.924544156
1101	1.92468291
1102	1.924821664
1103	1.924960418
1104	1.925099172
1105	1.925237926
1106	1.92537668
1107	1.925515433
1108	1.925654187
1109	1.925792941
1110	1.925931695
1111	1.926070449
1112	1.926209203
1113	1.926347957
1114	1.926486711
1115	1.926625464
1116	1.926764218
1117	1.926902972
1118	1.927041726
1119	1.92718048
1120	1.927319234
1121	1.927457988
1122	1.927596741
1123	1.927735495
1124	1.927874249
1125	1.928013003
1126	1.928151757
1127	1.928290511
1128	1.928429265
1129	1.928568019
1130	1.928706772
1131	1.928845526
1132	1.92898428
1133	1.929123034
1134	1.929261788
1135	1.929400542
1136	1.929539296
1137	1.929678049
1138	1.929816803
1139	1.929955557
1140	1.930094311
1141	1.930233065
1142	1.930371819
1143	1.930510573
1144	1.930649327
1145	1.93078808
1146	1.930926834
1147	1.931065588
1148	1.931204342
1149	1.931343096
1150	1.93148185
1151	1.931620604
1152	1.931759357
1153	1.931898111
1154	1.932036865
1155	1.932175619
1156	1.932314373
1157	1.932453127
1158	1.932591881
1159	1.932730635
1160	1.932869388
1161	1.933008142
1162	1.933146896
1163	1.93328565
1164	1.933424404
1165	1.933563158
1166	1.933701912
1167	1.933840665
1168	1.933979419
1169	1.934118173
1170	1.934256927
1171	1.934395681
1172	1.934534435
1173	1.934673189
1174	1.934811943
1175	1.934950696
1176	1.93508945
1177	1.935228204
1178	1.935366958
1179	1.935505712
1180	1.935644466
1181	1.93578322
1182	1.935921973
1183	1.936060727
1184	1.936199481
1185	1.936338235
1186	1.936476989
1187	1.936615743
1188	1.936754497
1189	1.936893251
1190	1.937032004
1191	1.937170758
1192	1.937309512
1193	1.937448266
1194	1.93758702
1195	1.937725774
1196	1.937864528
1197	1.938003281
1198	1.938142035
1199	1.938280789
1200	1.938419543