300	0.4608021963696
301	0.4607642425743
302	0.460640913257
303	0.4603353192526
304	0.4597737487923
305	0.459167468599
306	0.4588654022346
307	0.4585984635499
308	0.4582908531029
309	0.4579691940764
310	0.4576886017147
311	0.4574827805255
312	0.4573690597701
313	0.4573567142857
314	0.4574638571429
315	0.457347544838
316	0.4570951075429
317	0.4567697985185
318	0.4565423911111
319	0.4564854724467
320	0.4564653270211
321	0.4564076043321
322	0.4559173516245
323	0.4557507616321
324	0.455690530873
325	0.4555067125621
326	0.4555902660099
327	0.4557464937238
328	0.4559422351314
329	0.4560819308437
330	0.4560974626456
331	0.4560169226069
332	0.4559171262729
333	0.4560240666667
334	0.4562707498332
335	0.4566416637759
336	0.4570775357143
337	0.4575475334207
338	0.458016078637
339	0.4587292
340	0.4595851441441
341	0.4603238828829
342	0.4609769502551
343	0.461551567602
344	0.4626392722678
345	0.463641003757
346	0.4644550300564
347	0.4655296761787
348	0.466730531941
349	0.4681906056511
350	0.4689197819732
351	0.4690111339829
352	0.4710454849216
353	0.4731050860215
354	0.4744772485066
355	0.4756887159763
356	0.4767739230769
357	0.4772260785463
358	0.4774542791642
359	0.477023054556
360	0.4759243450259
361	0.4739795491662
362	0.4708122744875
363	0.4671260558087
364	0.4616821156232
365	0.4556163519553
366	0.4470576927374
367	0.4372603946932
368	0.4254676915423
369	0.4111194863089
370	0.3948746889376
371	0.3766805509761
372	0.3578296832972
373	0.3367730005368
374	0.3154688245614
375	0.2938547894737
376	0.2724047338243
377	0.2518155702262
378	0.2317894880208
379	0.2133743838542
380	0.1963376384734
381	0.1819884894275
382	0.1686745102041
383	0.1569132857143
384	0.1460958888889
385	0.1364797272727
386	0.12770682
387	0.11992382
388	0.1130543201385
389	0.1072571900049
390	0.1020805160137
391	0.09769672561214
392	0.09364912407946
393	0.09011215702519
394	0.08672665441035
395	0.08364453552253
396	0.08075544760323
397	0.07845483061224
398	0.07625955950258
399	0.07471141309244
400	0.07316677120297
401	0.07200801597771
402	0.07084926075244
403	0.06946548020211
404	0.06804384492421
405	0.06675239172727
406	0.06552248263636
407	0.06450439869663
408	0.06371671330337
409	0.06303641089373
410	0.06267149315251
411	0.062303958927
412	0.06141574432718
413	0.06052752972735
414	0.05963432479339
415	0.05873928347107
416	0.05801228012903
417	0.0575062156129
418	0.05703353262442
419	0.05683944500213
420	0.05664535737984
421	0.05651273134203
422	0.05639994211191
423	0.05615195122661
424	0.05568242939709
425	0.05521290756757
426	0.05449751365132
427	0.05377555641447
428	0.05302872772358
429	0.05226088219512
430	0.05157775026115
431	0.05184299734833
432	0.05210824443552
433	0.05234881250993
434	0.0525724423749
435	0.0527263229682
436	0.05201996254417
437	0.05131360212014
438	0.05074785541327
439	0.0503078088475
440	0.04986776228172
441	0.04950375977761
442	0.04914367542178
443	0.04898309829416
444	0.0492046676649
445	0.04942623703563
446	0.0493671758143
447	0.04919068760764
448	0.04900736380459
449	0.04862982864545
450	0.04825229348631
451	0.04784630730994
452	0.04738307631579
453	0.04691984532164
454	0.04672167970386
455	0.04670318927411
456	0.04668469884435
457	0.04657071209418
458	0.04643674848377
459	0.04630563454353
460	0.04629040719069
461	0.04627517983786
462	0.04622852426036
463	0.04604523153498
464	0.04586193880961
465	0.04562181505672
466	0.04525753179787
467	0.04489324853902
468	0.04462081765705
469	0.04448333039049
470	0.04434584312394
471	0.04417250647
472	0.0439570857526
473	0.0437416650352
474	0.04368031578947
475	0.04378789606091
476	0.04389547633234
477	0.04379112156863
478	0.04343393202614
479	0.04307674248366
480	0.04273356185866
481	0.04241174837044
482	0.04208993488222
483	0.04185482783439
484	0.04182495522293
485	0.04179508261146
486	0.04176318553459
487	0.04172041823899
488	0.0416776509434
489	0.0416348836478
490	0.04177725193919
491	0.04192397859137
492	0.04207070524356
493	0.04173536551302
494	0.04124274683002
495	0.04075012814701
496	0.04033287298277
497	0.03999437192505
498	0.03965587086733
499	0.0393798192365
500	0.03938825943931
501	0.03939669964211
502	0.03940513984492
503	0.03932487322742
504	0.03922605004413
505	0.03912722686084
506	0.03900655590711
507	0.0388566865312
508	0.0387068171553
509	0.03855694777939
510	0.03851058290867
511	0.03846600804466
512	0.03842143318065
513	0.03832830056497
514	0.03818462824859
515	0.0380409559322
516	0.03789728361582
517	0.037905554039
518	0.03792182144847
519	0.03793808885794
520	0.03785062747253
521	0.03757875934066
522	0.03730689120879
523	0.03703502307692
524	0.03697050346696
525	0.03698661939328
526	0.03700273531961
527	0.03701404444444
528	0.03685848888889
529	0.03670293333333
530	0.03654737777778
531	0.03639740800421
532	0.0362615206951
533	0.03612563338599
534	0.03598974607688
535	0.03590126495327
536	0.03586292123572
537	0.03582457751817
538	0.03578623380062
539	0.03569926079836
540	0.035584214739
541	0.03546916867963
542	0.03535412262027
543	0.03525111664145
544	0.03515265471508
545	0.0350541927887
546	0.03495573086233
547	0.03475741709742
548	0.03452757117296
549	0.03429772524851
550	0.03406787932406
551	0.0339413331374
552	0.03385184011756
553	0.03376234709772
554	0.03367285407788
555	0.03371118026538
556	0.03381742875754
557	0.0339236772497
558	0.03402992574186
559	0.03397486432137
560	0.0337635736154
561	0.03355228290944
562	0.03334099220347
563	0.03318337707797
564	0.03315041055959
565	0.03311744404121
566	0.03308447752283
567	0.03305203574723
568	0.03303656065498
569	0.03302108556273
570	0.03300561047048
571	0.03299013537823
572	0.0329003483534
573	0.03277779554849
574	0.03265524274358
575	0.03253268993868
576	0.03242259548301
577	0.03234285487478
578	0.03226311426655
579	0.03218337365832
580	0.03210363305009
581	0.03203769011231
582	0.03197479647655
583	0.03191190284078
584	0.03184900920502
585	0.03184961400087
586	0.0320151319896
587	0.03218064997833
588	0.03234616796706
589	0.03251168595579
590	0.03230083563807
591	0.03189953388818
592	0.03149823213828
593	0.03109693038839
594	0.0306956286385
595	0.03065268706426
596	0.03061780676186
597	0.03058292645947
598	0.03054804615708
599	0.030546433416
600	0.03066556960116
601	0.03078470578632
602	0.03090384197148
603	0.03102297815664
604	0.03105032993695
605	0.03092600616229
606	0.03080168238763
607	0.03067735861298
608	0.03055303483832
609	0.03043420292117
610	0.03032181796719
611	0.03020943301321
612	0.03009704805922
613	0.02998466310524
614	0.02983911052942
615	0.02965493418618
616	0.02947075784294
617	0.0292865814997
618	0.02910240515647
619	0.02894668617886
620	0.02883720108401
621	0.02872771598916
622	0.02861823089431
623	0.02850874579946
624	0.02846527610889
625	0.02866283940605
626	0.02886040270322
627	0.02905796600038
628	0.02925552929754
629	0.02945309259471
630	0.02927353043804
631	0.02907907143392
632	0.0288846124298
633	0.02869015342568
634	0.02849569442156
635	0.02835177902098
636	0.02823884195804
637	0.0281259048951
638	0.02801296783217
639	0.02790003076923
640	0.02777899544139
641	0.02762251931983
642	0.02746604319826
643	0.0273095670767
644	0.02715309095514
645	0.02699661483357
646	0.02718751838876
647	0.02755897490663
648	0.02793043142451
649	0.02830188794238
650	0.02867334446025
651	0.02902457861262
652	0.02881825325878
653	0.02861192790494
654	0.02840560255111
655	0.02819927719727
656	0.02799295184344
657	0.02778089239485
658	0.02755618853219
659	0.02733148466953
660	0.02710678080687
661	0.02688207694421
662	0.02665737308155
663	0.02662187828947
664	0.02678569407895
665	0.02694950986842
666	0.02711332565789
667	0.02727714144737
668	0.02744095723684
669	0.02755728283632
670	0.02763614300861
671	0.02771500318091
672	0.02779386335321
673	0.02787272352551
674	0.02795158369781
675	0.02783363622457
676	0.02753619114727
677	0.02723874606998
678	0.02694130099268
679	0.02664385591538
680	0.02634641083808
681	0.02617674586995
682	0.02621734340949
683	0.02625794094903
684	0.02629853848858
685	0.02633913602812
686	0.02637973356766
687	0.02639538853333
688	0.02622638461176
689	0.0260573806902
690	0.02588837676863
691	0.02571937284706
692	0.02555036892549
693	0.02538136500392
694	0.02533270388051
695	0.02532545103172
696	0.02531819818294
697	0.02531094533415
698	0.02530369248537
699	0.02529643963659
700	0.02527679416654
701	0.0252199708327
702	0.02516314749887
703	0.02510632416503
704	0.02504950083119
705	0.02499267749736
706	0.02493585416352
707	0.02502888930743
708	0.02520880922438
709	0.02538872914133
710	0.02556864905828
711	0.02574856897523
712	0.02592848889218
713	0.02610840880914
714	0.02597682359959
715	0.02580673775644
716	0.02563665191328
717	0.02546656607013
718	0.02529648022698
719	0.02512639438382
720	0.02496218421804
721	0.02513772645548
722	0.02531326869292
723	0.02548881093037
724	0.02566435316781
725	0.02583989540525
726	0.02601543764269
727	0.0261890286634
728	0.02614776904129
729	0.02610650941917
730	0.02606524979706
731	0.02602399017495
732	0.02598273055283
733	0.02594147093072
734	0.02590021130861
735	0.02563664512764
736	0.0253380862476
737	0.02503952736755
738	0.02474096848751
739	0.02444240960747
740	0.02414385072742
741	0.02384529184738
742	0.02374213072784
743	0.02378163025696
744	0.02382112978609
745	0.02386062931522
746	0.02390012884434
747	0.02393962837347
748	0.0239791279026
749	0.02403158956877
750	0.02416048314651
751	0.02428937672425
752	0.02441827030199
753	0.02454716387973
754	0.02467605745747
755	0.02480495103521
756	0.02493384461295
757	0.02484313718827
758	0.02458128165138
759	0.02431942611449
760	0.02405757057759
761	0.0237957150407
762	0.02353385950381
763	0.02327200396692
764	0.02301014843003
765	0.02305866695366
766	0.02317393664219
767	0.02328920633072
768	0.02340447601925
769	0.02351974570777
770	0.0236350153963
771	0.02375028508483
772	0.02386555477336
773	0.02422705125248
774	0.02460851206597
775	0.02498997287946
776	0.02537143369296
777	0.02575289450645
778	0.02613435531994
779	0.02651581613343
780	0.02689727694692
781	0.02671750685048
782	0.02644713153164
783	0.0261767562128
784	0.02590638089396
785	0.02563600557512
786	0.02536563025629
787	0.02509525493745
788	0.02482487961861
789	0.02437003631391
790	0.02380592216409
791	0.02324180801427
792	0.02267769386445
793	0.02211357971463
794	0.0215494655648
795	0.02098535141498
796	0.02042123726516
797	0.02007626363213
798	0.02051738121071
799	0.02095849878929
800	0.02139961636787
801	0.02184073394645
802	0.02228185152503
803	0.02272296910361
804	0.02316408668219
805	0.02360520426077
806	0.02351470888585
807	0.02310930902256
808	0.02270390915926
809	0.02229850929597
810	0.02189310943267
811	0.02148770956938
812	0.02108230970608
813	0.02067690984279
814	0.02027150997949
815	0.02037245769059
816	0.020562760856
817	0.0207530640214
818	0.0209433671868
819	0.02113367035221
820	0.02132397351761
821	0.02151427668301
822	0.02170457984842
823	0.02189488301382
824	0.02196186118199
825	0.02201170307491
826	0.02206154496783
827	0.02211138686076
828	0.02216122875368
829	0.0222110706466
830	0.02226091253953
831	0.02231075443245
832	0.02236059632537
833	0.02241837539987
834	0.02247944385797
835	0.02254051231606
836	0.02260158077415
837	0.02266264923225
838	0.02272371769034
839	0.02278478614843
840	0.02284585460653
841	0.02290692306462
842	0.02297592262302
843	0.02306109776897
844	0.02314627291493
845	0.02323144806088
846	0.02331662320684
847	0.02340179835279
848	0.02348697349875
849	0.0235721486447
850	0.02365732379066
851	0.02374249893661
852	0.02359257780269
853	0.02335876206686
854	0.02312494633102
855	0.02289113059519
856	0.02265731485936
857	0.02242349912352
858	0.02218968338769
859	0.02195586765185
860	0.02172205191602
861	0.02148823618019
862	0.02166453364868
863	0.02187408353914
864	0.0220836334296
865	0.02229318332006
866	0.02250273321052
867	0.02271228310098
868	0.02292183299144
869	0.0231313828819
870	0.02334093277236
871	0.02355048266282
872	0.02333122362097
873	0.02305514618154
874	0.0227790687421
875	0.02250299130266
876	0.02222691386322
877	0.02195083642378
878	0.02167475898434
879	0.0213986815449
880	0.02112260410546
881	0.02084652666602
882	0.02086871520334
883	0.02108645560623
884	0.02130419600912
885	0.02152193641201
886	0.0217396768149
887	0.02195741721779
888	0.02217515762068
889	0.02239289802357
890	0.02261063842645
891	0.02282837882934
892	0.02304612512526
893	0.02326393919094
894	0.02348175325663
895	0.02369956732232
896	0.02391738138801
897	0.0241351954537
898	0.02435300951939
899	0.02457082358508
900	0.02478863765077
901	0.02500645171646
902	0.02522426578215
903	0.0252437295753
904	0.02480475465906
905	0.02436577974282
906	0.02392680482659
907	0.02348782991035
908	0.02304885499411
909	0.02260988007788
910	0.02217090516164
911	0.0217319302454
912	0.02129295532917
913	0.02085398041293
914	0.02056734284578
915	0.02071654302254
916	0.02086574319929
917	0.02101494337605
918	0.02116414355281
919	0.02131334372956
920	0.02146254390632
921	0.02161174408308
922	0.02176094425983
923	0.02191014443659
924	0.02205934461335
925	0.0222085447901
926	0.02235774496686
927	0.02250694514361
928	0.02265614532037
929	0.02280534549713
930	0.02295454567388
931	0.02310374585064
932	0.0232529460274
933	0.02340214620415
934	0.02355134638091
935	0.02370054655767
936	0.02384974673442
937	0.02399894691118
938	0.02414814708794
939	0.02429734726469
940	0.02444654744145
941	0.02459574761821
942	0.02474494779496
943	0.02489414797172
944	0.02504334814848
945	0.02519254832523
946	0.02534174850199
947	0.02549094867875
948	0.0256401488555
949	0.02578934903226
950	0.02593854920901
951	0.02608774938577
952	0.02623694956253
953	0.02638614973928
954	0.02653534991604
955	0.0266845500928
956	0.02683375026955
957	0.02698295044631
958	0.02713215062307
959	0.02728135079982
960	0.02743055097658
961	0.02757975115334
962	0.02772895133009
963	0.02787815150685
964	0.02802735168361
965	0.02817655186036
966	0.02832575203712
967	0.02847495221388
968	0.02862415239063
969	0.02877335256739
970	0.02892255274414
971	0.0290717529209
972	0.02922095309766
973	0.02937015327441
974	0.02951935345117
975	0.02966855362793
976	0.02981775380468
977	0.02996695398144
978	0.0301161541582
979	0.03026535433495
980	0.03041455451171
981	0.03056375468847
982	0.03071295486522
983	0.03086215504198
984	0.03101135521874
985	0.03116055539549
986	0.03130975557225
987	0.03145895574901
988	0.03160815592576
989	0.03175735610252
990	0.03190655627928
991	0.03205575645603
992	0.03220495663279
993	0.03235415680954
994	0.0325033569863
995	0.03265255716306
996	0.03280175733981
997	0.03295095751657
998	0.03310015769333
999	0.03324935787008
1000	0.033398558
1001	0.033547758
1002	0.033696958
1003	0.033846159
1004	0.033995359
1005	0.034144559
1006	0.034293759
1007	0.034442959
1008	0.034592159
1009	0.03474136
1010	0.03489056
1011	0.03503976
1012	0.03518896
1013	0.03533816
1014	0.035487361
1015	0.035636561
1016	0.035785761
1017	0.035934961
1018	0.036084161
1019	0.036233361
1020	0.036382562
1021	0.036531762
1022	0.036680962
1023	0.036830162
1024	0.036979362
1025	0.037128562
1026	0.037277763
1027	0.037426963
1028	0.037576163
1029	0.037725363
1030	0.037874563
1031	0.038023764
1032	0.038172964
1033	0.038322164
1034	0.038471364
1035	0.038620564
1036	0.038769764
1037	0.038918965
1038	0.039068165
1039	0.039217365
1040	0.039366565
1041	0.039515765
1042	0.039664965
1043	0.039814166
1044	0.039963366
1045	0.040112566
1046	0.040261766
1047	0.040410966
1048	0.040560167
1049	0.040709367
1050	0.040858567
1051	0.041007767
1052	0.041156967
1053	0.041306167
1054	0.041455368
1055	0.041604568
1056	0.041753768
1057	0.041902968
1058	0.042052168
1059	0.042201368
1060	0.042350569
1061	0.042499769
1062	0.042648969
1063	0.042798169
1064	0.042947369
1065	0.04309657
1066	0.04324577
1067	0.04339497
1068	0.04354417
1069	0.04369337
1070	0.04384257
1071	0.043991771
1072	0.044140971
1073	0.044290171
1074	0.044439371
1075	0.044588571
1076	0.044737771
1077	0.044886972
1078	0.045036172
1079	0.045185372
1080	0.045334572
1081	0.045483772
1082	0.045632973
1083	0.045782173
1084	0.045931373
1085	0.046080573
1086	0.046229773
1087	0.046378973
1088	0.046528174
1089	0.046677374
1090	0.046826574
1091	0.046975774
1092	0.047124974
1093	0.047274174
1094	0.047423375
1095	0.047572575
1096	0.047721775
1097	0.047870975
1098	0.048020175
1099	0.048169376
1100	0.048318576
1101	0.048467776
1102	0.048616976
1103	0.048766176
1104	0.048915376
1105	0.049064577
1106	0.049213777
1107	0.049362977
1108	0.049512177
1109	0.049661377
1110	0.049810577
1111	0.049959778
1112	0.050108978
1113	0.050258178
1114	0.050407378
1115	0.050556578
1116	0.050705779
1117	0.050854979
1118	0.051004179
1119	0.051153379
1120	0.051302579
1121	0.051451779
1122	0.05160098
1123	0.05175018
1124	0.05189938
1125	0.05204858
1126	0.05219778
1127	0.05234698
1128	0.052496181
1129	0.052645381
1130	0.052794581
1131	0.052943781
1132	0.053092981
1133	0.053242182
1134	0.053391382
1135	0.053540582
1136	0.053689782
1137	0.053838982
1138	0.053988182
1139	0.054137383
1140	0.054286583
1141	0.054435783
1142	0.054584983
1143	0.054734183
1144	0.054883383
1145	0.055032584
1146	0.055181784
1147	0.055330984
1148	0.055480184
1149	0.055629384
1150	0.055778585
1151	0.055927785
1152	0.056076985
1153	0.056226185
1154	0.056375385
1155	0.056524585
1156	0.056673786
1157	0.056822986
1158	0.056972186
1159	0.057121386
1160	0.057270586
1161	0.057419787
1162	0.057568987
1163	0.057718187
1164	0.057867387
1165	0.058016587
1166	0.058165787
1167	0.058314988
1168	0.058464188
1169	0.058613388
1170	0.058762588
1171	0.058911788
1172	0.059060988
1173	0.059210189
1174	0.059359389
1175	0.059508589
1176	0.059657789
1177	0.059806989
1178	0.05995619
1179	0.06010539
1180	0.06025459
1181	0.06040379
1182	0.06055299
1183	0.06070219
1184	0.060851391
1185	0.061000591
1186	0.061149791
1187	0.061298991
1188	0.061448191
1189	0.061597391
1190	0.061746592
1191	0.061895792
1192	0.062044992
1193	0.062194192
1194	0.062343392
1195	0.062492593
1196	0.062641793
1197	0.062790993
1198	0.062940193
1199	0.063089393
1200	0.063238593