300.0	5.9060E+1	1.6085E-2	8.7904E-3	1.0321E+0	2.9009E-4	0.036	0.133	0.124	B-CA-3-2
310.0	5.9439E+1	1.9632E-2	1.1220E-2	1.0321E+0	3.5185E-4	0.078	0.017	0.069	B-CA-3-2
320.0	5.9321E+1	2.2977E-2	1.3786E-2	1.0308E+0	4.1152E-4	0.253	0.044	0.297	B-CA-3-0
330.0	5.8892E+1	2.5882E-2	1.6299E-2	1.0322E+0	4.6821E-4	0.385	0.015	0.375	B-CA-3-0
340.0	5.8936E+1	2.7173E-2	1.7195E-2	1.0332E+0	4.9219E-4	0.328	0.125	0.297	B-CA-3-0
350.0	5.8466E+1	2.8496E-2	1.8153E-2	1.0313E+0	5.1839E-4	0.203	0.058	0.250	B-CA-3-1
360.0	5.8290E+1	2.7590E-2	1.6991E-2	1.0276E+0	4.9985E-4	0.275	0.091	0.228	B-CA-3-0
370.0	6.0756E+1	2.0848E-2	1.2314E-2	1.0292E+0	3.6346E-4	0.553	0.063	0.526	B-CA-3-0
380.0	6.2707E+1	3.9027E-2	2.3668E-2	1.0296E+0	6.5977E-4	0.584	0.038	0.547	B-CA-3-0
390.0	6.6910E+1	4.4318E-2	2.6396E-2	1.0301E+0	7.0280E-4	0.010	0.004	0.014	B-CA-2-0
400.0	7.0630E+1	5.0821E-2	3.0075E-2	1.0314E+0	7.6542E-4	0.240	0.449	0.212	B-CA-3-1
410.0	7.3630E+1	5.5871E-2	3.3194E-2	1.0304E+0	8.0563E-4	0.003	0.061	0.059	B-CA-2-0
420.0	7.6111E+1	6.5138E-2	3.9781E-2	1.0297E+0	9.0751E-4	0.001	0.068	0.066	B-CA-2-0
430.0	7.8730E+1	7.0459E-2	4.3375E-2	1.0281E+0	9.4599E-4	0.138	0.011	0.135	B-CA-3-0
440.0	8.1063E+1	7.5444E-2	4.6219E-2	1.0242E+0	9.7619E-4	0.206	0.017	0.214	B-CA-3-0
450.0	8.2975E+1	8.0444E-2	4.8694E-2	1.0280E+0	1.0245E-3	0.148	0.033	0.139	B-B-3-0
460.0	8.5015E+1	8.3163E-2	4.9573E-2	1.0285E+0	1.0349E-3	0.143	0.022	0.163	B-B-3-0
470.0	8.6581E+1	9.8889E-2	5.8543E-2	1.0266E+0	1.2037E-3	0.112	0.017	0.109	B-B-3-0
480.0	8.8246E+1	8.2686E-2	4.8581E-2	1.0288E+0	9.9171E-4	0.144	0.024	0.120	B-B-3-2
490.0	8.9927E+1	8.0223E-2	4.6793E-2	1.0294E+0	9.4539E-4	0.085	0.096	0.027	B-CA-3-0
500.0	9.1356E+1	7.7135E-2	4.4740E-2	1.0297E+0	8.9516E-4	0.091	0.025	0.116	B-CA-3-0
510.0	9.2438E+1	7.4258E-2	4.2936E-2	1.0287E+0	8.5010E-4	0.131	0.026	0.153	B-CA-3-0
520.0	9.3660E+1	7.2664E-2	4.1830E-2	1.0296E+0	8.2251E-4	0.133	0.256	0.183	B-CA-3-0
530.0	9.4541E+1	7.1125E-2	4.1045E-2	1.0287E+0	7.9613E-4	0.066	0.030	0.041	B-CA-3-0
540.0	9.5269E+1	7.2147E-2	4.2350E-2	1.0277E+0	7.9985E-4	0.082	0.047	0.061	B-CA-3-1
550.0	9.6179E+1	6.7479E-2	3.9252E-2	1.0268E+0	7.3973E-4	0.021	0.027	0.020	B-CA-3-0
560.0	9.7046E+1	6.2523E-2	3.6137E-2	1.0275E+0	6.8015E-4	0.270	0.079	0.200	B-CA-3-0
570.0	9.7718E+1	5.7205E-2	3.3004E-2	1.0257E+0	6.1593E-4	0.265	0.057	0.302	B-CA-3-0
580.0	9.8102E+1	6.4269E-2	3.7154E-2	1.0279E+0	6.9219E-4	0.077	0.027	0.095	B-CA-3-0
590.0	9.8569E+1	6.2163E-2	3.5974E-2	1.0269E+0	6.6499E-4	0.130	0.017	0.113	B-CA-3-2
600.0	9.8401E+1	8.3400E-2	3.7199E-2	1.0281E+0	8.9583E-4	0.134	0.075	0.060	B-CA-3-0
610.0	9.8710E+1	9.0852E-2	4.0910E-2	1.0268E+0	9.7041E-4	0.148	0.029	0.119	B-CA-3-1
620.0	9.8828E+1	9.9148E-2	4.5130E-2	1.0260E+0	1.0561E-3	0.087	0.019	0.103	B-CA-3-1
630.0	9.8878E+1	1.0592E-1	4.8862E-2	1.0280E+0	1.1321E-3	0.378	0.293	0.086	B-B-3-0
640.0	9.8980E+1	1.1180E-1	5.2207E-2	1.0266E+0	1.1904E-3	0.093	0.029	0.065	B-B-3-0
650.0	9.8970E+1	1.2129E-1	5.7378E-2	1.0259E+0	1.2897E-3	0.059	0.035	0.030	B-B-3-0
660.0	9.8927E+1	1.2428E-1	5.9528E-2	1.0249E+0	1.3197E-3	0.045	0.010	0.055	B-B-3-0
670.0	9.9043E+1	1.3046E-1	6.3492E-2	1.0250E+0	1.3838E-3	0.096	0.020	0.112	B-B-3-0
680.0	9.8929E+1	1.4136E-1	7.2043E-2	1.0250E+0	1.5013E-3	0.067	0.026	0.059	B-B-3-0
690.0	9.8816E+1	1.4658E-1	7.5100E-2	1.0238E+0	1.5549E-3	0.013	0.023	0.013	B-B-3-1
700.0	9.8748E+1	1.3546E-1	6.9278E-2	1.0246E+0	1.4401E-3	0.005	0.010	0.005	B-B-2-0
710.0	9.8666E+1	1.3141E-1	6.6924E-2	1.0249E+0	1.3991E-3	0.147	0.020	0.161	B-B-3-0
720.0	9.8558E+1	1.3312E-1	6.7770E-2	1.0235E+0	1.4148E-3	0.053	0.035	0.063	B-B-3-0
730.0	9.8416E+1	1.3003E-1	6.6492E-2	1.0236E+0	1.3844E-3	0.149	0.015	0.146	B-B-3-0
740.0	9.8137E+1	1.3127E-1	6.7859E-2	1.0239E+0	1.4022E-3	0.077	0.031	0.052	B-B-3-1
750.0	9.7977E+1	1.2821E-1	6.7439E-2	1.0226E+0	1.3683E-3	0.032	0.009	0.033	B-B-3-1
760.0	9.7752E+1	1.2500E-1	6.7242E-2	1.0232E+0	1.3388E-3	0.059	0.058	0.023	B-B-3-0
770.0	9.7497E+1	1.3258E-1	7.2999E-2	1.0237E+0	1.4252E-3	0.041	0.031	0.036	B-B-3-1
780.0	9.7470E+1	1.0407E-1	5.8615E-2	1.0239E+0	1.1194E-3	0.135	0.054	0.187	B-B-3-1
790.0	9.7080E+1	1.1483E-1	6.6415E-2	1.0214E+0	1.2341E-3	0.036	0.005	0.032	B-B-3-1
800.0	9.6868E+1	1.1688E-1	6.9009E-2	1.0217E+0	1.2595E-3	0.079	0.017	0.066	B-B-3-0
810.0	9.6559E+1	1.1354E-1	6.8223E-2	1.0231E+0	1.2307E-3	0.080	0.047	0.033	B-B-3-0
820.0	9.5900E+1	2.3367E-1	1.4284E-1	1.0172E+0	2.5213E-3	0.050	0.049	0.004	B-B-3-2
830.0	9.5556E+1	4.8279E-1	2.9765E-1	1.0157E+0	5.2120E-3	0.004	0.014	0.018	A-B-2-0
840.0	9.5317E+1	2.3016E-1	1.4271E-1	1.0296E+0	2.5595E-3	0.380	0.424	0.046	B-B-3-0
850.0	9.5212E+1	1.1158E-1	6.8936E-2	1.0247E+0	1.2305E-3	0.173	0.044	0.209	B-B-3-0
860.0	9.4845E+1	1.1318E-1	6.9776E-2	1.0236E+0	1.2504E-3	0.001	0.016	0.015	B-B-2-0
870.0	9.4063E+1	1.7043E-1	1.0413E-1	1.0232E+0	1.8968E-3	0.097	0.015	0.101	B-B-3-0
880.0	9.3578E+1	5.7597E-1	3.4902E-1	1.0169E+0	6.3642E-3	0.038	0.096	0.097	A-M-3-0
890.0	9.3168E+1	5.2457E-1	3.1470E-1	1.0234E+0	5.8964E-3	0.051	0.031	0.023	A-B-3-0
900.0	9.2657E+1	5.3635E-1	3.1664E-1	1.0222E+0	6.0483E-3	0.020	0.062	0.076	A-B-3-1
910.0	9.2104E+1	4.8235E-1	2.8140E-1	1.0250E+0	5.5019E-3	0.019	0.024	0.043	A-B-3-1
920.0	9.1374E+1	8.4614E-1	4.8799E-1	1.0168E+0	9.5734E-3	0.001	0.012	0.013	A-A-2-0
930.0	9.0532E+1	3.2541E-1	1.8439E-1	1.0262E+0	3.7855E-3	0.070	0.064	0.024	M-B-3-0
940.0	8.9557E+1	4.7047E-1	2.6290E-1	1.0216E+0	5.4832E-3	0.025	0.043	0.025	A-B-3-2
950.0	8.8372E+1	5.4135E-1	3.0017E-1	1.0225E+0	6.4042E-3	0.143	0.159	0.082	A-B-3-0
960.0	8.7134E+1	3.6499E-1	2.0007E-1	1.0210E+0	4.3662E-3	0.013	0.049	0.037	M-B-3-1
970.0	8.5588E+1	3.7770E-1	2.0365E-1	1.0238E+0	4.6251E-3	0.033	0.025	0.024	B-B-3-0
980.0	8.3833E+1	1.1482E+0	6.0699E-1	1.0159E+0	1.4135E-2	0.061	0.062	0.021	A-A-3-0
990.0	8.1691E+1	7.6137E-1	3.9233E-1	1.0174E+0	9.6475E-3	0.031	0.035	0.007	A-M-3-0
1000.0	7.9362E+1	4.6519E-1	2.3394E-1	1.0241E+0	6.1475E-3	0.133	0.123	0.033	A-B-3-0
1010.0	7.6656E+1	2.9931E-1	1.4452E-1	1.0232E+0	4.0881E-3	0.010	0.020	0.030	B-B-2-0
1020.0	7.3453E+1	2.6802E-1	1.2328E-1	1.0250E+0	3.8332E-3	0.059	0.027	0.040	B-B-3-1
1030.0	6.9781E+1	1.7557E-1	7.5510E-2	1.0262E+0	2.6497E-3	0.008	0.007	0.015	B-B-3-1
1040.0	6.5097E+1	1.4595E-1	5.7837E-2	1.0258E+0	2.3592E-3	0.056	0.035	0.032	B-B-3-0
1050.0	5.9700E+1	1.4388E-1	5.1660E-2	1.0230E+0	2.5224E-3	0.125	0.028	0.119	B-B-3-2
1060.0	5.2728E+1	1.1756E-1	3.7980E-2	1.0233E+0	2.3348E-3	0.111	0.091	0.022	B-CA-3-1
1070.0	4.6727E+1	9.0847E-2	2.6455E-2	1.0240E+0	2.0385E-3	0.088	0.109	0.161	B-CA-3-0
1080.0	4.1055E+1	1.0532E-1	2.8339E-2	1.0210E+0	2.6742E-3	0.046	0.021	0.067	B-CA-3-0
1090.0	3.5830E+1	9.2268E-2	2.3026E-2	1.0254E+0	2.7074E-3	0.010	0.036	0.026	B-CA-2-0
1100.0	3.0349E+1	5.4215E-2	1.2563E-2	1.0253E+0	1.8778E-3	0.115	0.104	0.160	B-CA-3-1