-4	1.59783e-010
-3.999	1.60461e-010
-3.998	1.6085e-010
-3.997	1.60997e-010
-3.996	1.60475e-010
-3.995	1.61244e-010
-3.994	1.60423e-010
-3.993	1.59852e-010
-3.992	1.60479e-010
-3.991	1.5997e-010
-3.99	1.594e-010
-3.989	1.58844e-010
-3.988	1.59008e-010
-3.987	1.58503e-010
-3.986	1.59597e-010
-3.985	1.59653e-010
-3.984	1.58094e-010
-3.983	1.58719e-010
-3.982	1.57504e-010
-3.981	1.57554e-010
-3.98	1.57852e-010
-3.979	1.56684e-010
-3.978	1.56815e-010
-3.977	1.56305e-010
-3.976	1.56413e-010
-3.975	1.55757e-010
-3.974	1.54843e-010
-3.973	1.54827e-010
-3.972	1.54392e-010
-3.971	1.54692e-010
-3.97	1.54404e-010
-3.969	1.5355e-010
-3.968	1.53129e-010
-3.967	1.52515e-010
-3.966	1.51225e-010
-3.965	1.50484e-010
-3.964	1.50999e-010
-3.963	1.50332e-010
-3.962	1.49865e-010
-3.961	1.4957e-010
-3.96	1.48109e-010
-3.959	1.48511e-010
-3.958	1.48009e-010
-3.957	1.46568e-010
-3.956	1.46442e-010
-3.955	1.45485e-010
-3.954	1.45003e-010
-3.953	1.44634e-010
-3.952	1.43802e-010
-3.951	1.42077e-010
-3.95	1.41394e-010
-3.949	1.41819e-010
-3.948	1.40503e-010
-3.947	1.40064e-010
-3.946	1.38831e-010
-3.945	1.38424e-010
-3.944	1.38449e-010
-3.943	1.37003e-010
-3.942	1.37308e-010
-3.941	1.36173e-010
-3.94	1.35942e-010
-3.939	1.35305e-010
-3.938	1.33663e-010
-3.937	1.33646e-010
-3.936	1.31622e-010
-3.935	1.31297e-010
-3.934	1.3107e-010
-3.933	1.30035e-010
-3.932	1.29229e-010
-3.931	1.2774e-010
-3.93	1.27622e-010
-3.929	1.25477e-010
-3.928	1.24736e-010
-3.927	1.25143e-010
-3.926	1.23691e-010
-3.925	1.23632e-010
-3.924	1.23391e-010
-3.923	1.22577e-010
-3.922	1.21032e-010
-3.921	1.2037e-010
-3.92	1.19099e-010
-3.919	1.1733e-010
-3.918	1.17512e-010
-3.917	1.15748e-010
-3.916	1.156e-010
-3.915	1.15303e-010
-3.914	1.13389e-010
-3.913	1.13869e-010
-3.912	1.12578e-010
-3.911	1.11267e-010
-3.91	1.10502e-010
-3.909	1.10203e-010
-3.908	1.09293e-010
-3.907	1.0749e-010
-3.906	1.08235e-010
-3.905	1.06457e-010
-3.904	1.05079e-010
-3.903	1.04981e-010
-3.902	1.03684e-010
-3.901	1.03617e-010
-3.9	1.02481e-010
-3.899	1.01807e-010
-3.898	1.01347e-010
-3.897	1.00336e-010
-3.896	9.91014e-011
-3.895	9.84876e-011
-3.894	9.83334e-011
-3.893	9.70431e-011
-3.892	9.63175e-011
-3.891	9.55851e-011
-3.89	9.50127e-011
-3.889	9.41584e-011
-3.888	9.34726e-011
-3.887	9.30951e-011
-3.886	9.26383e-011
-3.885	9.17204e-011
-3.884	9.04539e-011
-3.883	9.07655e-011
-3.882	8.9912e-011
-3.881	8.85961e-011
-3.88	8.73446e-011
-3.879	8.66427e-011
-3.878	8.6572e-011
-3.877	8.60008e-011
-3.876	8.60266e-011
-3.875	8.49133e-011
-3.874	8.49206e-011
-3.873	8.43703e-011
-3.872	8.3171e-011
-3.871	8.28334e-011
-3.87	8.18619e-011
-3.869	8.19063e-011
-3.868	8.07357e-011
-3.867	8.03911e-011
-3.866	8.03675e-011
-3.865	7.92168e-011
-3.864	7.90169e-011
-3.863	7.82324e-011
-3.862	7.83702e-011
-3.861	7.88338e-011
-3.86	7.78828e-011
-3.859	7.70847e-011
-3.858	7.75297e-011
-3.857	7.70456e-011
-3.856	7.56147e-011
-3.855	7.55656e-011
-3.854	7.53449e-011
-3.853	7.48063e-011
-3.852	7.43062e-011
-3.851	7.39619e-011
-3.85	7.45678e-011
-3.849	7.42424e-011
-3.848	7.35292e-011
-3.847	7.33863e-011
-3.846	7.2854e-011
-3.845	7.30421e-011
-3.844	7.26874e-011
-3.843	7.28669e-011
-3.842	7.33354e-011
-3.841	7.2458e-011
-3.84	7.27603e-011
-3.839	7.23666e-011
-3.838	7.24881e-011
-3.837	7.23647e-011
-3.836	7.13866e-011
-3.835	7.19931e-011
-3.834	7.18619e-011
-3.833	7.21847e-011
-3.832	7.20017e-011
-3.831	7.17099e-011
-3.83	7.22714e-011
-3.829	7.21592e-011
-3.828	7.24032e-011
-3.827	7.26372e-011
-3.826	7.29144e-011
-3.825	7.30006e-011
-3.824	7.29246e-011
-3.823	7.29933e-011
-3.822	7.3155e-011
-3.821	7.34015e-011
-3.82	7.33499e-011
-3.819	7.32793e-011
-3.818	7.39658e-011
-3.817	7.43226e-011
-3.816	7.45893e-011
-3.815	7.49064e-011
-3.814	7.47317e-011
-3.813	7.55513e-011
-3.812	7.54078e-011
-3.811	7.55634e-011
-3.81	7.58913e-011
-3.809	7.59894e-011
-3.808	7.72117e-011
-3.807	7.75778e-011
-3.806	7.84503e-011
-3.805	7.89928e-011
-3.804	7.91969e-011
-3.803	7.94411e-011
-3.802	7.97438e-011
-3.801	8.01939e-011
-3.8	8.06313e-011
-3.799	8.1297e-011
-3.798	8.10823e-011
-3.797	8.22481e-011
-3.796	8.30711e-011
-3.795	8.30861e-011
-3.794	8.37455e-011
-3.793	8.43223e-011
-3.792	8.5052e-011
-3.791	8.49356e-011
-3.79	8.57494e-011
-3.789	8.70103e-011
-3.788	8.76926e-011
-3.787	8.82161e-011
-3.786	8.86231e-011
-3.785	8.95869e-011
-3.784	9.01737e-011
-3.783	9.12532e-011
-3.782	9.12695e-011
-3.781	9.17038e-011
-3.78	9.39244e-011
-3.779	9.35231e-011
-3.778	9.43181e-011
-3.777	9.6041e-011
-3.776	9.58115e-011
-3.775	9.6159e-011
-3.774	9.69891e-011
-3.773	9.86231e-011
-3.772	9.8852e-011
-3.771	9.92431e-011
-3.77	1.01143e-010
-3.769	1.01621e-010
-3.768	1.02334e-010
-3.767	1.03161e-010
-3.766	1.03573e-010
-3.765	1.04792e-010
-3.764	1.05354e-010
-3.763	1.06078e-010
-3.762	1.0807e-010
-3.761	1.0817e-010
-3.76	1.08319e-010
-3.759	1.09717e-010
-3.758	1.09373e-010
-3.757	1.1023e-010
-3.756	1.11502e-010
-3.755	1.12254e-010
-3.754	1.13585e-010
-3.753	1.1429e-010
-3.752	1.16046e-010
-3.751	1.16229e-010
-3.75	1.16799e-010
-3.749	1.18273e-010
-3.748	1.18078e-010
-3.747	1.19616e-010
-3.746	1.20574e-010
-3.745	1.21342e-010
-3.744	1.23088e-010
-3.743	1.24787e-010
-3.742	1.2455e-010
-3.741	1.24832e-010
-3.74	1.26698e-010
-3.739	1.25854e-010
-3.738	1.27431e-010
-3.737	1.27949e-010
-3.736	1.27886e-010
-3.735	1.30213e-010
-3.734	1.30309e-010
-3.733	1.31679e-010
-3.732	1.32404e-010
-3.731	1.32924e-010
-3.73	1.33849e-010
-3.729	1.34261e-010
-3.728	1.35971e-010
-3.727	1.36314e-010
-3.726	1.36884e-010
-3.725	1.37978e-010
-3.724	1.38604e-010
-3.723	1.40012e-010
-3.722	1.40173e-010
-3.721	1.39795e-010
-3.72	1.41566e-010
-3.719	1.43197e-010
-3.718	1.42809e-010
-3.717	1.43112e-010
-3.716	1.44299e-010
-3.715	1.44679e-010
-3.714	1.45414e-010
-3.713	1.45627e-010
-3.712	1.46222e-010
-3.711	1.47484e-010
-3.71	1.48071e-010
-3.709	1.50003e-010
-3.708	1.49942e-010
-3.707	1.49496e-010
-3.706	1.51381e-010
-3.705	1.51315e-010
-3.704	1.51758e-010
-3.703	1.52661e-010
-3.702	1.52262e-010
-3.701	1.53819e-010
-3.7	1.54798e-010
-3.699	1.54427e-010
-3.698	1.55917e-010
-3.697	1.56324e-010
-3.696	1.55625e-010
-3.695	1.56629e-010
-3.694	1.57136e-010
-3.693	1.57055e-010
-3.692	1.58015e-010
-3.691	1.58238e-010
-3.69	1.58132e-010
-3.689	1.59232e-010
-3.688	1.60269e-010
-3.687	1.60312e-010
-3.686	1.59637e-010
-3.685	1.59821e-010
-3.684	1.60625e-010
-3.683	1.60908e-010
-3.682	1.61179e-010
-3.681	1.61635e-010
-3.68	1.61713e-010
-3.679	1.61949e-010
-3.678	1.62906e-010
-3.677	1.62874e-010
-3.676	1.6226e-010
-3.675	1.61877e-010
-3.674	1.6236e-010
-3.673	1.6363e-010
-3.672	1.63074e-010
-3.671	1.63601e-010
-3.67	1.6458e-010
-3.669	1.6356e-010
-3.668	1.63526e-010
-3.667	1.62567e-010
-3.666	1.63172e-010
-3.665	1.64124e-010
-3.664	1.63435e-010
-3.663	1.64077e-010
-3.662	1.63748e-010
-3.661	1.64612e-010
-3.66	1.64292e-010
-3.659	1.63781e-010
-3.658	1.62603e-010
-3.657	1.60854e-010
-3.656	1.6289e-010
-3.655	1.62277e-010
-3.654	1.62025e-010
-3.653	1.62351e-010
-3.652	1.62149e-010
-3.651	1.6239e-010
-3.65	1.61607e-010
-3.649	1.61979e-010
-3.648	1.61543e-010
-3.647	1.61837e-010
-3.646	1.61353e-010
-3.645	1.60527e-010
-3.644	1.60379e-010
-3.643	1.59629e-010
-3.642	1.59418e-010
-3.641	1.58912e-010
-3.64	1.58452e-010
-3.639	1.58165e-010
-3.638	1.58227e-010
-3.637	1.57887e-010
-3.636	1.57864e-010
-3.635	1.5695e-010
-3.634	1.55829e-010
-3.633	1.56427e-010
-3.632	1.55424e-010
-3.631	1.54926e-010
-3.63	1.54482e-010
-3.629	1.52386e-010
-3.628	1.53251e-010
-3.627	1.53069e-010
-3.626	1.51283e-010
-3.625	1.51092e-010
-3.624	1.50867e-010
-3.623	1.50779e-010
-3.622	1.49558e-010
-3.621	1.4954e-010
-3.62	1.48261e-010
-3.619	1.46981e-010
-3.618	1.47494e-010
-3.617	1.46344e-010
-3.616	1.46157e-010
-3.615	1.45627e-010
-3.614	1.4502e-010
-3.613	1.44416e-010
-3.612	1.43263e-010
-3.611	1.42381e-010
-3.61	1.41449e-010
-3.609	1.4111e-010
-3.608	1.40199e-010
-3.607	1.39496e-010
-3.606	1.39198e-010
-3.605	1.37867e-010
-3.604	1.37607e-010
-3.603	1.36894e-010
-3.602	1.35122e-010
-3.601	1.35263e-010
-3.6	1.35416e-010
-3.599	1.33922e-010
-3.598	1.32508e-010
-3.597	1.32032e-010
-3.596	1.30714e-010
-3.595	1.30099e-010
-3.594	1.29081e-010
-3.593	1.28077e-010
-3.592	1.28347e-010
-3.591	1.27067e-010
-3.59	1.25779e-010
-3.589	1.25221e-010
-3.588	1.2472e-010
-3.587	1.23752e-010
-3.586	1.22789e-010
-3.585	1.21634e-010
-3.584	1.21276e-010
-3.583	1.20626e-010
-3.582	1.19246e-010
-3.581	1.18984e-010
-3.58	1.17816e-010
-3.579	1.17104e-010
-3.578	1.16784e-010
-3.577	1.15178e-010
-3.576	1.14618e-010
-3.575	1.13981e-010
-3.574	1.12297e-010
-3.573	1.12201e-010
-3.572	1.11596e-010
-3.571	1.10462e-010
-3.57	1.0976e-010
-3.569	1.08568e-010
-3.568	1.08531e-010
-3.567	1.07289e-010
-3.566	1.05605e-010
-3.565	1.04968e-010
-3.564	1.0446e-010
-3.563	1.03586e-010
-3.562	1.02559e-010
-3.561	1.03059e-010
-3.56	1.01328e-010
-3.559	1.00247e-010
-3.558	1.00252e-010
-3.557	9.92181e-011
-3.556	9.93966e-011
-3.555	9.82435e-011
-3.554	9.7539e-011
-3.553	9.66748e-011
-3.552	9.61358e-011
-3.551	9.58129e-011
-3.55	9.41926e-011
-3.549	9.38477e-011
-3.548	9.28328e-011
-3.547	9.20345e-011
-3.546	9.21949e-011
-3.545	9.09078e-011
-3.544	8.97322e-011
-3.543	8.89888e-011
-3.542	8.91868e-011
-3.541	8.86853e-011
-3.54	8.79511e-011
-3.539	8.85728e-011
-3.538	8.72705e-011
-3.537	8.65258e-011
-3.536	8.5541e-011
-3.535	8.50515e-011
-3.534	8.47418e-011
-3.533	8.37221e-011
-3.532	8.34318e-011
-3.531	8.25204e-011
-3.53	8.31897e-011
-3.529	8.20139e-011
-3.528	8.17711e-011
-3.527	8.20063e-011
-3.526	8.03539e-011
-3.525	8.05004e-011
-3.524	7.96267e-011
-3.523	7.98307e-011
-3.522	7.98547e-011
-3.521	7.89022e-011
-3.52	7.88258e-011
-3.519	7.8506e-011
-3.518	7.8094e-011
-3.517	7.73276e-011
-3.516	7.72529e-011
-3.515	7.67192e-011
-3.514	7.69043e-011
-3.513	7.75281e-011
-3.512	7.67825e-011
-3.511	7.61633e-011
-3.51	7.58667e-011
-3.509	7.603e-011
-3.508	7.58544e-011
-3.507	7.54656e-011
-3.506	7.56989e-011
-3.505	7.58265e-011
-3.504	7.53253e-011
-3.503	7.53327e-011
-3.502	7.56371e-011
-3.501	7.50849e-011
-3.5	7.53125e-011
-3.499	7.52737e-011
-3.498	7.51695e-011
-3.497	7.52768e-011
-3.496	7.51561e-011
-3.495	7.55582e-011
-3.494	7.5359e-011
-3.493	7.57386e-011
-3.492	7.54677e-011
-3.491	7.55823e-011
-3.49	7.60136e-011
-3.489	7.54379e-011
-3.488	7.58619e-011
-3.487	7.66132e-011
-3.486	7.65343e-011
-3.485	7.61535e-011
-3.484	7.62573e-011
-3.483	7.73304e-011
-3.482	7.752e-011
-3.481	7.69586e-011
-3.48	7.87032e-011
-3.479	7.87219e-011
-3.478	7.84715e-011
-3.477	7.90226e-011
-3.476	7.93041e-011
-3.475	7.99898e-011
-3.474	7.99351e-011
-3.473	8.10972e-011
-3.472	8.15026e-011
-3.471	8.15007e-011
-3.47	8.19097e-011
-3.469	8.20633e-011
-3.468	8.26092e-011
-3.467	8.31215e-011
-3.466	8.28959e-011
-3.465	8.3628e-011
-3.464	8.48159e-011
-3.463	8.47839e-011
-3.462	8.54483e-011
-3.461	8.58453e-011
-3.46	8.66006e-011
-3.459	8.79094e-011
-3.458	8.80786e-011
-3.457	8.80221e-011
-3.456	8.92776e-011
-3.455	9.04573e-011
-3.454	9.0322e-011
-3.453	9.05486e-011
-3.452	9.14513e-011
-3.451	9.30447e-011
-3.45	9.25114e-011
-3.449	9.28702e-011
-3.448	9.47167e-011
-3.447	9.49422e-011
-3.446	9.58538e-011
-3.445	9.63406e-011
-3.444	9.7492e-011
-3.443	9.80024e-011
-3.442	9.86669e-011
-3.441	1.00011e-010
-3.44	1.00415e-010
-3.439	1.00719e-010
-3.438	1.01214e-010
-3.437	1.02797e-010
-3.436	1.03599e-010
-3.435	1.04612e-010
-3.434	1.05242e-010
-3.433	1.05793e-010
-3.432	1.07398e-010
-3.431	1.07326e-010
-3.43	1.07809e-010
-3.429	1.08794e-010
-3.428	1.08892e-010
-3.427	1.10688e-010
-3.426	1.11298e-010
-3.425	1.11969e-010
-3.424	1.13616e-010
-3.423	1.14445e-010
-3.422	1.15063e-010
-3.421	1.1553e-010
-3.42	1.17215e-010
-3.419	1.16983e-010
-3.418	1.18359e-010
-3.417	1.19871e-010
-3.416	1.1992e-010
-3.415	1.21519e-010
-3.414	1.21473e-010
-3.413	1.22392e-010
-3.412	1.23476e-010
-3.411	1.23687e-010
-3.41	1.2456e-010
-3.409	1.26054e-010
-3.408	1.26944e-010
-3.407	1.2784e-010
-3.406	1.28767e-010
-3.405	1.28618e-010
-3.404	1.29774e-010
-3.403	1.31009e-010
-3.402	1.31982e-010
-3.401	1.33109e-010
-3.4	1.33724e-010
-3.399	1.35164e-010
-3.398	1.36224e-010
-3.397	1.35929e-010
-3.396	1.36614e-010
-3.395	1.37782e-010
-3.394	1.38721e-010
-3.393	1.39704e-010
-3.392	1.40507e-010
-3.391	1.40635e-010
-3.39	1.41709e-010
-3.389	1.42949e-010
-3.388	1.42871e-010
-3.387	1.43968e-010
-3.386	1.44674e-010
-3.385	1.4522e-010
-3.384	1.45742e-010
-3.383	1.46969e-010
-3.382	1.48054e-010
-3.381	1.49128e-010
-3.38	1.50385e-010
-3.379	1.50182e-010
-3.378	1.50535e-010
-3.377	1.50875e-010
-3.376	1.51339e-010
-3.375	1.52064e-010
-3.374	1.53087e-010
-3.373	1.53396e-010
-3.372	1.53527e-010
-3.371	1.55573e-010
-3.37	1.55698e-010
-3.369	1.54736e-010
-3.368	1.56041e-010
-3.367	1.57105e-010
-3.366	1.57185e-010
-3.365	1.5666e-010
-3.364	1.58852e-010
-3.363	1.59735e-010
-3.362	1.59782e-010
-3.361	1.61464e-010
-3.36	1.61134e-010
-3.359	1.61377e-010
-3.358	1.62278e-010
-3.357	1.6269e-010
-3.356	1.62697e-010
-3.355	1.62913e-010
-3.354	1.63354e-010
-3.353	1.63612e-010
-3.352	1.63549e-010
-3.351	1.63669e-010
-3.35	1.64265e-010
-3.349	1.65297e-010
-3.348	1.65101e-010
-3.347	1.65423e-010
-3.346	1.65644e-010
-3.345	1.66204e-010
-3.344	1.66293e-010
-3.343	1.65912e-010
-3.342	1.65912e-010
-3.341	1.66472e-010
-3.34	1.67328e-010
-3.339	1.68035e-010
-3.338	1.67828e-010
-3.337	1.66928e-010
-3.336	1.67598e-010
-3.335	1.67422e-010
-3.334	1.6774e-010
-3.333	1.67345e-010
-3.332	1.67324e-010
-3.331	1.66918e-010
-3.33	1.677e-010
-3.329	1.67486e-010
-3.328	1.67296e-010
-3.327	1.67721e-010
-3.326	1.66429e-010
-3.325	1.67307e-010
-3.324	1.6817e-010
-3.323	1.66761e-010
-3.322	1.66387e-010
-3.321	1.66966e-010
-3.32	1.66401e-010
-3.319	1.66343e-010
-3.318	1.66924e-010
-3.317	1.6655e-010
-3.316	1.6593e-010
-3.315	1.66626e-010
-3.314	1.64733e-010
-3.313	1.65418e-010
-3.312	1.66078e-010
-3.311	1.64632e-010
-3.31	1.64486e-010
-3.309	1.64748e-010
-3.308	1.63763e-010
-3.307	1.63294e-010
-3.306	1.63778e-010
-3.305	1.62369e-010
-3.304	1.61026e-010
-3.303	1.60838e-010
-3.302	1.61584e-010
-3.301	1.61679e-010
-3.3	1.60635e-010
-3.299	1.60397e-010
-3.298	1.61041e-010
-3.297	1.6e-010
-3.296	1.58925e-010
-3.295	1.57943e-010
-3.294	1.5786e-010
-3.293	1.56617e-010
-3.292	1.55406e-010
-3.291	1.55803e-010
-3.29	1.5576e-010
-3.289	1.55242e-010
-3.288	1.54673e-010
-3.287	1.53175e-010
-3.286	1.52301e-010
-3.285	1.52367e-010
-3.284	1.51411e-010
-3.283	1.50477e-010
-3.282	1.51288e-010
-3.281	1.50593e-010
-3.28	1.49593e-010
-3.279	1.49279e-010
-3.278	1.48177e-010
-3.277	1.47168e-010
-3.276	1.45233e-010
-3.275	1.46192e-010
-3.274	1.44895e-010
-3.273	1.43914e-010
-3.272	1.42291e-010
-3.271	1.41456e-010
-3.27	1.41997e-010
-3.269	1.406e-010
-3.268	1.40567e-010
-3.267	1.38881e-010
-3.266	1.39072e-010
-3.265	1.38208e-010
-3.264	1.37014e-010
-3.263	1.37145e-010
-3.262	1.35453e-010
-3.261	1.35002e-010
-3.26	1.33816e-010
-3.259	1.32857e-010
-3.258	1.31667e-010
-3.257	1.31196e-010
-3.256	1.31072e-010
-3.255	1.29313e-010
-3.254	1.29293e-010
-3.253	1.28234e-010
-3.252	1.28039e-010
-3.251	1.26967e-010
-3.25	1.25087e-010
-3.249	1.24452e-010
-3.248	1.24181e-010
-3.247	1.22718e-010
-3.246	1.22274e-010
-3.245	1.2147e-010
-3.244	1.20442e-010
-3.243	1.19329e-010
-3.242	1.18241e-010
-3.241	1.1843e-010
-3.24	1.16333e-010
-3.239	1.16331e-010
-3.238	1.1496e-010
-3.237	1.14318e-010
-3.236	1.13129e-010
-3.235	1.12383e-010
-3.234	1.12188e-010
-3.233	1.10824e-010
-3.232	1.10301e-010
-3.231	1.10308e-010
-3.23	1.09853e-010
-3.229	1.07914e-010
-3.228	1.07053e-010
-3.227	1.06545e-010
-3.226	1.05675e-010
-3.225	1.04648e-010
-3.224	1.04383e-010
-3.223	1.0264e-010
-3.222	1.03117e-010
-3.221	1.01691e-010
-3.22	1.00944e-010
-3.219	1.00816e-010
-3.218	9.94862e-011
-3.217	9.92837e-011
-3.216	9.84248e-011
-3.215	9.79695e-011
-3.214	9.75209e-011
-3.213	9.65152e-011
-3.212	9.49259e-011
-3.211	9.4788e-011
-3.21	9.36645e-011
-3.209	9.34036e-011
-3.208	9.27385e-011
-3.207	9.21157e-011
-3.206	9.16161e-011
-3.205	9.09487e-011
-3.204	9.06984e-011
-3.203	8.95155e-011
-3.202	8.89537e-011
-3.201	8.92397e-011
-3.2	8.80855e-011
-3.199	8.78272e-011
-3.198	8.76544e-011
-3.197	8.67329e-011
-3.196	8.63793e-011
-3.195	8.50352e-011
-3.194	8.51438e-011
-3.193	8.56122e-011
-3.192	8.44221e-011
-3.191	8.41427e-011
-3.19	8.42571e-011
-3.189	8.33503e-011
-3.188	8.27136e-011
-3.187	8.2473e-011
-3.186	8.2115e-011
-3.185	8.2152e-011
-3.184	8.13556e-011
-3.183	8.03295e-011
-3.182	8.13706e-011
-3.181	8.00115e-011
-3.18	7.9896e-011
-3.179	7.96169e-011
-3.178	7.92026e-011
-3.177	7.95795e-011
-3.176	7.94298e-011
-3.175	7.93689e-011
-3.174	7.84115e-011
-3.173	7.83959e-011
-3.172	7.8799e-011
-3.171	7.87425e-011
-3.17	7.86e-011
-3.169	7.90911e-011
-3.168	7.92363e-011
-3.167	7.83631e-011
-3.166	7.83969e-011
-3.165	7.93908e-011
-3.164	7.80977e-011
-3.163	7.81622e-011
-3.162	7.76367e-011
-3.161	7.82424e-011
-3.16	7.84989e-011
-3.159	7.80883e-011
-3.158	7.87625e-011
-3.157	7.87292e-011
-3.156	7.87849e-011
-3.155	7.8612e-011
-3.154	7.93223e-011
-3.153	7.97532e-011
-3.152	7.9536e-011
-3.151	7.96239e-011
-3.15	8.02804e-011
-3.149	8.09161e-011
-3.148	8.03108e-011
-3.147	8.0372e-011
-3.146	8.05966e-011
-3.145	8.03463e-011
-3.144	8.15647e-011
-3.143	8.17539e-011
-3.142	8.20722e-011
-3.141	8.22032e-011
-3.14	8.28577e-011
-3.139	8.26835e-011
-3.138	8.39173e-011
-3.137	8.41676e-011
-3.136	8.36223e-011
-3.135	8.5208e-011
-3.134	8.5676e-011
-3.133	8.60241e-011
-3.132	8.61639e-011
-3.131	8.61919e-011
-3.13	8.74863e-011
-3.129	8.85627e-011
-3.128	8.79475e-011
-3.127	8.88436e-011
-3.126	8.84402e-011
-3.125	9.03923e-011
-3.124	9.15349e-011
-3.123	9.04446e-011
-3.122	9.10885e-011
-3.121	9.30551e-011
-3.12	9.32959e-011
-3.119	9.35347e-011
-3.118	9.44683e-011
-3.117	9.53313e-011
-3.116	9.65503e-011
-3.115	9.65738e-011
-3.114	9.7401e-011
-3.113	9.77017e-011
-3.112	9.86565e-011
-3.111	9.94195e-011
-3.11	1.00344e-010
-3.109	1.01277e-010
-3.108	1.01493e-010
-3.107	1.02148e-010
-3.106	1.02654e-010
-3.105	1.02513e-010
-3.104	1.04105e-010
-3.103	1.05122e-010
-3.102	1.06208e-010
-3.101	1.06976e-010
-3.1	1.08428e-010
-3.099	1.09079e-010
-3.098	1.08973e-010
-3.097	1.10163e-010
-3.096	1.10666e-010
-3.095	1.11816e-010
-3.094	1.12947e-010
-3.093	1.13198e-010
-3.092	1.1463e-010
-3.091	1.15811e-010
-3.09	1.16083e-010
-3.089	1.17966e-010
-3.088	1.18113e-010
-3.087	1.19188e-010
-3.086	1.19719e-010
-3.085	1.20701e-010
-3.084	1.21871e-010
-3.083	1.21867e-010
-3.082	1.23155e-010
-3.081	1.2393e-010
-3.08	1.24985e-010
-3.079	1.24789e-010
-3.078	1.26435e-010
-3.077	1.27133e-010
-3.076	1.27439e-010
-3.075	1.28902e-010
-3.074	1.29693e-010
-3.073	1.31693e-010
-3.072	1.33059e-010
-3.071	1.32497e-010
-3.07	1.34436e-010
-3.069	1.33997e-010
-3.068	1.35587e-010
-3.067	1.36176e-010
-3.066	1.35952e-010
-3.065	1.38067e-010
-3.064	1.38931e-010
-3.063	1.40124e-010
-3.062	1.40602e-010
-3.061	1.41088e-010
-3.06	1.42244e-010
-3.059	1.4276e-010
-3.058	1.42765e-010
-3.057	1.43849e-010
-3.056	1.45577e-010
-3.055	1.46931e-010
-3.054	1.46661e-010
-3.053	1.48301e-010
-3.052	1.48868e-010
-3.051	1.49644e-010
-3.05	1.49914e-010
-3.049	1.50308e-010
-3.048	1.51789e-010
-3.047	1.51005e-010
-3.046	1.53593e-010
-3.045	1.53041e-010
-3.044	1.55105e-010
-3.043	1.53476e-010
-3.042	1.55719e-010
-3.041	1.5759e-010
-3.04	1.57864e-010
-3.039	1.59755e-010
-3.038	1.60712e-010
-3.037	1.64586e-010
-3.036	1.63982e-010
-3.035	1.69159e-010
-3.034	1.69009e-010
-3.033	1.73214e-010
-3.032	1.73927e-010
-3.031	1.7769e-010
-3.03	1.8043e-010
-3.029	1.8532e-010
-3.028	1.88508e-010
-3.027	1.9243e-010
-3.026	1.99013e-010
-3.025	2.00873e-010
-3.024	2.07055e-010
-3.023	2.12195e-010
-3.022	2.18887e-010
-3.021	2.24122e-010
-3.02	2.29674e-010
-3.019	2.37961e-010
-3.018	2.457e-010
-3.017	2.53057e-010
-3.016	2.6593e-010
-3.015	2.70358e-010
-3.014	2.82896e-010
-3.013	2.91098e-010
-3.012	3.02436e-010
-3.011	3.15489e-010
-3.01	3.28174e-010
-3.009	3.42211e-010
-3.008	3.56051e-010
-3.007	3.69347e-010
-3.006	3.88828e-010
-3.005	4.03697e-010
-3.004	4.20117e-010
-3.003	4.40778e-010
-3.002	4.55214e-010
-3.001	4.81258e-010
-3	5.03144e-010
-2.999	5.28725e-010
-2.998	5.52063e-010
-2.997	5.79166e-010
-2.996	6.07712e-010
-2.995	6.39514e-010
-2.994	6.67012e-010
-2.993	7.01765e-010
-2.992	7.34345e-010
-2.991	7.75067e-010
-2.99	8.11683e-010
-2.989	8.50324e-010
-2.988	8.97268e-010
-2.987	9.42375e-010
-2.986	9.93091e-010
-2.985	1.03695e-009
-2.984	1.09112e-009
-2.983	1.14688e-009
-2.982	1.20644e-009
-2.981	1.27153e-009
-2.98	1.33489e-009
-2.979	1.40607e-009
-2.978	1.47939e-009
-2.977	1.55333e-009
-2.976	1.63838e-009
-2.975	1.72338e-009
-2.974	1.81408e-009
-2.973	1.90488e-009
-2.972	2.01154e-009
-2.971	2.11454e-009
-2.97	2.22076e-009
-2.969	2.34036e-009
-2.968	2.45572e-009
-2.967	2.58625e-009
-2.966	2.72649e-009
-2.965	2.85855e-009
-2.964	3.02135e-009
-2.963	3.16879e-009
-2.962	3.34321e-009
-2.961	3.51336e-009
-2.96	3.68994e-009
-2.959	3.89752e-009
-2.958	4.07943e-009
-2.957	4.31204e-009
-2.956	4.52689e-009
-2.955	4.76188e-009
-2.954	5.0119e-009
-2.953	5.26162e-009
-2.952	5.54609e-009
-2.951	5.82647e-009
-2.95	6.12498e-009
-2.949	6.44581e-009
-2.948	6.77198e-009
-2.947	7.14456e-009
-2.946	7.5066e-009
-2.945	7.89121e-009
-2.944	8.3106e-009
-2.943	8.7179e-009
-2.942	9.18557e-009
-2.941	9.64526e-009
-2.94	1.01409e-008
-2.939	1.06885e-008
-2.938	1.12112e-008
-2.937	1.18101e-008
-2.936	1.24065e-008
-2.935	1.30524e-008
-2.934	1.37305e-008
-2.933	1.442e-008
-2.932	1.51817e-008
-2.931	1.59432e-008
-2.93	1.67755e-008
-2.929	1.7624e-008
-2.928	1.8538e-008
-2.927	1.94895e-008
-2.926	2.04862e-008
-2.925	2.15367e-008
-2.924	2.26613e-008
-2.923	2.37985e-008
-2.922	2.50328e-008
-2.921	2.6306e-008
-2.92	2.76749e-008
-2.919	2.91043e-008
-2.918	3.05572e-008
-2.917	3.21684e-008
-2.916	3.37812e-008
-2.915	3.55384e-008
-2.914	3.73512e-008
-2.913	3.92609e-008
-2.912	4.12611e-008
-2.911	4.33714e-008
-2.91	4.56101e-008
-2.909	4.79503e-008
-2.908	5.03719e-008
-2.907	5.29861e-008
-2.906	5.56481e-008
-2.905	5.85271e-008
-2.904	6.15474e-008
-2.903	6.465e-008
-2.902	6.79696e-008
-2.901	7.14336e-008
-2.9	7.51165e-008
-2.899	7.89601e-008
-2.898	8.29702e-008
-2.897	8.721e-008
-2.896	9.16942e-008
-2.895	9.63724e-008
-2.894	1.01315e-007
-2.893	1.06448e-007
-2.892	1.11991e-007
-2.891	1.17637e-007
-2.89	1.2375e-007
-2.889	1.29994e-007
-2.888	1.36655e-007
-2.887	1.4367e-007
-2.886	1.50935e-007
-2.885	1.58752e-007
-2.884	1.66776e-007
-2.883	1.75369e-007
-2.882	1.84345e-007
-2.881	1.93708e-007
-2.88	2.03706e-007
-2.879	2.14029e-007
-2.878	2.24961e-007
-2.877	2.36536e-007
-2.876	2.4852e-007
-2.875	2.61402e-007
-2.874	2.74581e-007
-2.873	2.88758e-007
-2.872	3.03454e-007
-2.871	3.19011e-007
-2.87	3.35289e-007
-2.869	3.52423e-007
-2.868	3.70492e-007
-2.867	3.89327e-007
-2.866	4.09322e-007
-2.865	4.30252e-007
-2.864	4.52181e-007
-2.863	4.75279e-007
-2.862	4.99648e-007
-2.861	5.25115e-007
-2.86	5.52044e-007
-2.859	5.80204e-007
-2.858	6.09894e-007
-2.857	6.40949e-007
-2.856	6.73799e-007
-2.855	7.08211e-007
-2.854	7.44499e-007
-2.853	7.82429e-007
-2.852	8.22617e-007
-2.851	8.64596e-007
-2.85	9.08841e-007
-2.849	9.55367e-007
-2.848	1.004e-006
-2.847	1.05554e-006
-2.846	1.10934e-006
-2.845	1.16613e-006
-2.844	1.22571e-006
-2.843	1.28852e-006
-2.842	1.35429e-006
-2.841	1.42357e-006
-2.84	1.49637e-006
-2.839	1.57279e-006
-2.838	1.65334e-006
-2.837	1.73771e-006
-2.836	1.82664e-006
-2.835	1.92018e-006
-2.834	2.01817e-006
-2.833	2.12144e-006
-2.832	2.22979e-006
-2.831	2.34395e-006
-2.83	2.46377e-006
-2.829	2.58965e-006
-2.828	2.72209e-006
-2.827	2.8612e-006
-2.826	3.00771e-006
-2.825	3.16138e-006
-2.824	3.32314e-006
-2.823	3.4928e-006
-2.822	3.67149e-006
-2.821	3.85916e-006
-2.82	4.05657e-006
-2.819	4.26377e-006
-2.818	4.48169e-006
-2.817	4.71083e-006
-2.816	4.95164e-006
-2.815	5.20499e-006
-2.814	5.47114e-006
-2.813	5.75096e-006
-2.812	6.04476e-006
-2.811	6.35402e-006
-2.81	6.67902e-006
-2.809	7.02061e-006
-2.808	7.37903e-006
-2.807	7.75679e-006
-2.806	8.15298e-006
-2.805	8.57051e-006
-2.804	9.00815e-006
-2.803	9.46917e-006
-2.802	9.95324e-006
-2.801	1.04618e-005
-2.8	1.09972e-005
-2.799	1.15588e-005
-2.798	1.21501e-005
-2.797	1.27714e-005
-2.796	1.3424e-005
-2.795	1.41109e-005
-2.794	1.48323e-005
-2.793	1.55907e-005
-2.792	1.6388e-005
-2.791	1.72251e-005
-2.79	1.81066e-005
-2.789	1.90319e-005
-2.788	2.00052e-005
-2.787	2.10281e-005
-2.786	2.21027e-005
-2.785	2.3234e-005
-2.784	2.44211e-005
-2.783	2.56699e-005
-2.782	2.69828e-005
-2.781	2.83618e-005
-2.78	2.98125e-005
-2.779	3.13361e-005
-2.778	3.29394e-005
-2.777	3.46233e-005
-2.776	3.6393e-005
-2.775	3.82549e-005
-2.774	4.02094e-005
-2.773	4.2266e-005
-2.772	4.44271e-005
-2.771	4.66981e-005
-2.77	4.90863e-005
-2.769	5.15951e-005
-2.768	5.4234e-005
-2.767	5.70068e-005
-2.766	5.99217e-005
-2.765	6.29853e-005
-2.764	6.62051e-005
-2.763	6.95909e-005
-2.762	7.31484e-005
-2.761	7.68893e-005
-2.76	8.08202e-005
-2.759	8.4953e-005
-2.758	8.92977e-005
-2.757	9.38626e-005
-2.756	9.86616e-005
-2.755	0.000103707
-2.754	0.000109008
-2.753	0.000114583
-2.752	0.000120441
-2.751	0.000126598
-2.75	0.000133074
-2.749	0.000139874
-2.748	0.000147028
-2.747	0.000154544
-2.746	0.000162447
-2.745	0.000170752
-2.744	0.000179483
-2.743	0.000188662
-2.742	0.000198304
-2.741	0.000208446
-2.74	0.000219103
-2.739	0.000230306
-2.738	0.000242083
-2.737	0.000254458
-2.736	0.000267471
-2.735	0.000281144
-2.734	0.000295521
-2.733	0.000310631
-2.732	0.00032651
-2.731	0.000343209
-2.73	0.000360754
-2.729	0.000379198
-2.728	0.000398592
-2.727	0.000418965
-2.726	0.000440393
-2.725	0.000462905
-2.724	0.000486576
-2.723	0.000511456
-2.722	0.000537602
-2.721	0.000565095
-2.72	0.000593982
-2.719	0.000624358
-2.718	0.000656279
-2.717	0.000689831
-2.716	0.000725109
-2.715	0.000762179
-2.714	0.00080115
-2.713	0.000840894
-2.712	0.000881354
-2.711	0.000922478
-2.71	0.000964207
-2.709	0.00100649
-2.708	0.00104926
-2.707	0.00109246
-2.706	0.00113603
-2.705	0.00117992
-2.704	0.00122406
-2.703	0.0012684
-2.702	0.00131286
-2.701	0.00135739
-2.7	0.00140194
-2.699	0.00144643
-2.698	0.0014908
-2.697	0.00153501
-2.696	0.00157897
-2.695	0.00162265
-2.694	0.00166596
-2.693	0.00170886
-2.692	0.00175129
-2.691	0.00179319
-2.69	0.0018345
-2.689	0.00187516
-2.688	0.00191512
-2.687	0.00195433
-2.686	0.00199273
-2.685	0.00203026
-2.684	0.00206689
-2.683	0.00210255
-2.682	0.0021372
-2.681	0.0021708
-2.68	0.00220329
-2.679	0.00223464
-2.678	0.0022648
-2.677	0.00229373
-2.676	0.00232139
-2.675	0.00234775
-2.674	0.00237277
-2.673	0.00239642
-2.672	0.00241866
-2.671	0.00243947
-2.67	0.00245883
-2.669	0.00247669
-2.668	0.00249306
-2.667	0.00250789
-2.666	0.00252118
-2.665	0.0025329
-2.664	0.00254306
-2.663	0.00255162
-2.662	0.00255859
-2.661	0.00256395
-2.66	0.00256771
-2.659	0.00256985
-2.658	0.00257038
-2.657	0.0025693
-2.656	0.00256662
-2.655	0.00256234
-2.654	0.00255647
-2.653	0.00254902
-2.652	0.00254001
-2.651	0.00252945
-2.65	0.00251736
-2.649	0.00250376
-2.648	0.00248868
-2.647	0.00247213
-2.646	0.00245414
-2.645	0.00243475
-2.644	0.00241398
-2.643	0.00239186
-2.642	0.00236844
-2.641	0.00234375
-2.64	0.00231782
-2.639	0.00229069
-2.638	0.00226242
-2.637	0.00223304
-2.636	0.00220259
-2.635	0.00217112
-2.634	0.00213869
-2.633	0.00210534
-2.632	0.00207112
-2.631	0.00203608
-2.63	0.00200028
-2.629	0.00196377
-2.628	0.00192661
-2.627	0.00188886
-2.626	0.00185056
-2.625	0.00181178
-2.624	0.00177258
-2.623	0.00173301
-2.622	0.00169314
-2.621	0.00165303
-2.62	0.00161273
-2.619	0.00157232
-2.618	0.00153184
-2.617	0.00149137
-2.616	0.00145095
-2.615	0.00141066
-2.614	0.00137055
-2.613	0.00133069
-2.612	0.00129113
-2.611	0.00125194
-2.61	0.00121317
-2.609	0.00117488
-2.608	0.00113714
-2.607	0.0011
-2.606	0.00106351
-2.605	0.00102773
-2.604	0.000992716
-2.603	0.000958523
-2.602	0.000925201
-2.601	0.0008928
-2.6	0.000861376
-2.599	0.000830971
-2.598	0.000801635
-2.597	0.000773413
-2.596	0.000746348
-2.595	0.000720483
-2.594	0.000695858
-2.593	0.000672514
-2.592	0.000650485
-2.591	0.000629809
-2.59	0.000610517
-2.589	0.000592642
-2.588	0.00057621
-2.587	0.000561252
-2.586	0.000547793
-2.585	0.000535853
-2.584	0.000525454
-2.583	0.000516617
-2.582	0.000509355
-2.581	0.000503684
-2.58	0.000499615
-2.579	0.000497159
-2.578	0.000496324
-2.577	0.000497111
-2.576	0.000499524
-2.575	0.000503567
-2.574	0.000509236
-2.573	0.000516525
-2.572	0.000525429
-2.571	0.000535939
-2.57	0.000548044
-2.569	0.000561733
-2.568	0.000576987
-2.567	0.000593786
-2.566	0.000612116
-2.565	0.000631952
-2.564	0.000653269
-2.563	0.000676041
-2.562	0.000700239
-2.561	0.000725835
-2.56	0.000752792
-2.559	0.000781078
-2.558	0.000810658
-2.557	0.000841493
-2.556	0.000873541
-2.555	0.000906762
-2.554	0.000941114
-2.553	0.000976548
-2.552	0.00101302
-2.551	0.00105048
-2.55	0.00108888
-2.549	0.00112818
-2.548	0.00116831
-2.547	0.00120923
-2.546	0.00125087
-2.545	0.00129319
-2.544	0.00133613
-2.543	0.00137964
-2.542	0.00142364
-2.541	0.0014681
-2.54	0.00151293
-2.539	0.00155809
-2.538	0.00160352
-2.537	0.00164916
-2.536	0.00169494
-2.535	0.0017408
-2.534	0.00178669
-2.533	0.00183254
-2.532	0.00187828
-2.531	0.00192387
-2.53	0.00196923
-2.529	0.00201431
-2.528	0.00205905
-2.527	0.00210339
-2.526	0.00214727
-2.525	0.00219063
-2.524	0.00223341
-2.523	0.00227557
-2.522	0.00231703
-2.521	0.00235775
-2.52	0.00239767
-2.519	0.00243675
-2.518	0.00247492
-2.517	0.00251214
-2.516	0.00254836
-2.515	0.00258354
-2.514	0.00261762
-2.513	0.00265058
-2.512	0.00268235
-2.511	0.0027129
-2.51	0.0027422
-2.509	0.00277019
-2.508	0.00279686
-2.507	0.00282217
-2.506	0.00284608
-2.505	0.00286856
-2.504	0.0028896
-2.503	0.00290915
-2.502	0.00292721
-2.501	0.00294374
-2.5	0.00295874
-2.499	0.00297218
-2.498	0.00298404
-2.497	0.00299432
-2.496	0.00300302
-2.495	0.0030101
-2.494	0.00301559
-2.493	0.00301946
-2.492	0.00302173
-2.491	0.00302239
-2.49	0.00302144
-2.489	0.0030189
-2.488	0.00301477
-2.487	0.00300906
-2.486	0.00300179
-2.485	0.00299298
-2.484	0.00298262
-2.483	0.00297076
-2.482	0.00295741
-2.481	0.00294259
-2.48	0.00292634
-2.479	0.00290867
-2.478	0.00288962
-2.477	0.00286923
-2.476	0.00284752
-2.475	0.00282453
-2.474	0.00280031
-2.473	0.00277489
-2.472	0.00274831
-2.471	0.00272061
-2.47	0.00269185
-2.469	0.00266206
-2.468	0.0026313
-2.467	0.00259961
-2.466	0.00256705
-2.465	0.00253366
-2.464	0.0024995
-2.463	0.00246463
-2.462	0.00242909
-2.461	0.00239296
-2.46	0.00235627
-2.459	0.00231909
-2.458	0.00228148
-2.457	0.0022435
-2.456	0.00220521
-2.455	0.00216666
-2.454	0.00212793
-2.453	0.00208906
-2.452	0.00205012
-2.451	0.00201118
-2.45	0.00197228
-2.449	0.00193351
-2.448	0.00189491
-2.447	0.00185654
-2.446	0.00181847
-2.445	0.00178076
-2.444	0.00174346
-2.443	0.00170664
-2.442	0.00167035
-2.441	0.00163465
-2.44	0.0015996
-2.439	0.00156525
-2.438	0.00153166
-2.437	0.00149889
-2.436	0.00146697
-2.435	0.00143598
-2.434	0.00140595
-2.433	0.00137693
-2.432	0.00134898
-2.431	0.00132214
-2.43	0.00129645
-2.429	0.00127195
-2.428	0.00124869
-2.427	0.00122671
-2.426	0.00120603
-2.425	0.00118671
-2.424	0.00116877
-2.423	0.00115224
-2.422	0.00113715
-2.421	0.00112353
-2.42	0.00111141
-2.419	0.00110081
-2.418	0.00109175
-2.417	0.00108425
-2.416	0.00107833
-2.415	0.00107399
-2.414	0.00107126
-2.413	0.00107015
-2.412	0.00107065
-2.411	0.00107278
-2.41	0.00107655
-2.409	0.00108194
-2.408	0.00108896
-2.407	0.00109761
-2.406	0.00110788
-2.405	0.00111975
-2.404	0.00113323
-2.403	0.0011483
-2.402	0.00116493
-2.401	0.00118313
-2.4	0.00120285
-2.399	0.00122409
-2.398	0.00124682
-2.397	0.00127102
-2.396	0.00129665
-2.395	0.00132368
-2.394	0.00135209
-2.393	0.00138183
-2.392	0.00141288
-2.391	0.00144519
-2.39	0.00147873
-2.389	0.00151346
-2.388	0.00154932
-2.387	0.00158628
-2.386	0.00162429
-2.385	0.0016633
-2.384	0.00170327
-2.383	0.00174414
-2.382	0.00178586
-2.381	0.00182837
-2.38	0.00187163
-2.379	0.00191558
-2.378	0.00196017
-2.377	0.00200533
-2.376	0.00205101
-2.375	0.00209714
-2.374	0.00214368
-2.373	0.00219056
-2.372	0.00223772
-2.371	0.0022851
-2.37	0.00233264
-2.369	0.00238027
-2.368	0.00242795
-2.367	0.0024756
-2.366	0.00252317
-2.365	0.00257058
-2.364	0.0026178
-2.363	0.00266475
-2.362	0.00271136
-2.361	0.00275759
-2.36	0.00280338
-2.359	0.00284866
-2.358	0.00289338
-2.357	0.00293748
-2.356	0.0029809
-2.355	0.0030236
-2.354	0.00306552
-2.353	0.00310659
-2.352	0.00314679
-2.351	0.00318604
-2.35	0.0032243
-2.349	0.00326154
-2.348	0.00329769
-2.347	0.00333272
-2.346	0.00336658
-2.345	0.00339923
-2.344	0.00343064
-2.343	0.00346076
-2.342	0.00348956
-2.341	0.00351701
-2.34	0.00354307
-2.339	0.00356772
-2.338	0.00359092
-2.337	0.00361265
-2.336	0.00363289
-2.335	0.00365162
-2.334	0.00366881
-2.333	0.00368446
-2.332	0.00369854
-2.331	0.00371104
-2.33	0.00372195
-2.329	0.00373127
-2.328	0.00373899
-2.327	0.0037451
-2.326	0.00374961
-2.325	0.00375252
-2.324	0.00375382
-2.323	0.00375352
-2.322	0.00375165
-2.321	0.00374819
-2.32	0.00374317
-2.319	0.00373661
-2.318	0.00372851
-2.317	0.00371891
-2.316	0.00370781
-2.315	0.00369525
-2.314	0.00368125
-2.313	0.00366583
-2.312	0.00364903
-2.311	0.00363089
-2.31	0.00361143
-2.309	0.00359068
-2.308	0.0035687
-2.307	0.00354551
-2.306	0.00352116
-2.305	0.0034957
-2.304	0.00346916
-2.303	0.00344159
-2.302	0.00341304
-2.301	0.00338355
-2.3	0.00335319
-2.299	0.003322
-2.298	0.00329003
-2.297	0.00325734
-2.296	0.00322399
-2.295	0.00319002
-2.294	0.0031555
-2.293	0.00312048
-2.292	0.00308502
-2.291	0.00304919
-2.29	0.00301303
-2.289	0.00297662
-2.288	0.00294001
-2.287	0.00290326
-2.286	0.00286643
-2.285	0.00282958
-2.284	0.00279279
-2.283	0.0027561
-2.282	0.00271958
-2.281	0.00268328
-2.28	0.00264728
-2.279	0.00261162
-2.278	0.00257638
-2.277	0.0025416
-2.276	0.00250735
-2.275	0.00247369
-2.274	0.00244066
-2.273	0.00240834
-2.272	0.00237676
-2.271	0.002346
-2.27	0.00231609
-2.269	0.00228709
-2.268	0.00225906
-2.267	0.00223203
-2.266	0.00220606
-2.265	0.0021812
-2.264	0.00215748
-2.263	0.00213496
-2.262	0.00211367
-2.261	0.00209365
-2.26	0.00207495
-2.259	0.00205759
-2.258	0.00204161
-2.257	0.00202704
-2.256	0.00201391
-2.255	0.00200225
-2.254	0.00199209
-2.253	0.00198345
-2.252	0.00197635
-2.251	0.00197081
-2.25	0.00196685
-2.249	0.00196448
-2.248	0.00196372
-2.247	0.00196458
-2.246	0.00196706
-2.245	0.00197117
-2.244	0.00197691
-2.243	0.00198429
-2.242	0.0019933
-2.241	0.00200394
-2.24	0.00201622
-2.239	0.0020301
-2.238	0.0020456
-2.237	0.00206269
-2.236	0.00208136
-2.235	0.00210159
-2.234	0.00212337
-2.233	0.00214667
-2.232	0.00217146
-2.231	0.00219774
-2.23	0.00222546
-2.229	0.00225459
-2.228	0.00228511
-2.227	0.00231697
-2.226	0.00235015
-2.225	0.00238461
-2.224	0.00242031
-2.223	0.0024572
-2.222	0.00249525
-2.221	0.00253441
-2.22	0.00257463
-2.219	0.00261586
-2.218	0.00265807
-2.217	0.00270119
-2.216	0.00274518
-2.215	0.00278998
-2.214	0.00283554
-2.213	0.00288181
-2.212	0.00292873
-2.211	0.00297624
-2.21	0.00302427
-2.209	0.00307279
-2.208	0.00312172
-2.207	0.00317101
-2.206	0.0032206
-2.205	0.00327042
-2.204	0.00332042
-2.203	0.00337054
-2.202	0.00342071
-2.201	0.00347087
-2.2	0.00352097
-2.199	0.00357093
-2.198	0.00362071
-2.197	0.00367024
-2.196	0.00371945
-2.195	0.00376829
-2.194	0.00381671
-2.193	0.00386464
-2.192	0.00391202
-2.191	0.00395879
-2.19	0.00400492
-2.189	0.00405032
-2.188	0.00409496
-2.187	0.00413878
-2.186	0.00418172
-2.185	0.00422374
-2.184	0.00426479
-2.183	0.00430482
-2.182	0.00434379
-2.181	0.00438164
-2.18	0.00441834
-2.179	0.00445385
-2.178	0.00448812
-2.177	0.00452112
-2.176	0.00455281
-2.175	0.00458317
-2.174	0.00461214
-2.173	0.00463971
-2.172	0.00466585
-2.171	0.00469053
-2.17	0.00471373
-2.169	0.00473541
-2.168	0.00475559
-2.167	0.00477421
-2.166	0.00479128
-2.165	0.00480678
-2.164	0.0048207
-2.163	0.00483303
-2.162	0.00484378
-2.161	0.00485291
-2.16	0.00486045
-2.159	0.0048664
-2.158	0.00487074
-2.157	0.00487349
-2.156	0.00487467
-2.155	0.00487427
-2.154	0.00487232
-2.153	0.00486881
-2.152	0.00486377
-2.151	0.00485724
-2.15	0.0048492
-2.149	0.00483971
-2.148	0.00482877
-2.147	0.00481643
-2.146	0.0048027
-2.145	0.00478763
-2.144	0.00477124
-2.143	0.00475356
-2.142	0.00473464
-2.141	0.00471452
-2.14	0.00469323
-2.139	0.00467083
-2.138	0.00464735
-2.137	0.00462284
-2.136	0.00459734
-2.135	0.00457091
-2.134	0.0045436
-2.133	0.00451545
-2.132	0.00448652
-2.131	0.00445687
-2.13	0.00442654
-2.129	0.0043956
-2.128	0.0043641
-2.127	0.0043321
-2.126	0.00429966
-2.125	0.00426683
-2.124	0.00423368
-2.123	0.00420026
-2.122	0.00416664
-2.121	0.00413288
-2.12	0.00409904
-2.119	0.00406517
-2.118	0.00403135
-2.117	0.00399763
-2.116	0.00396408
-2.115	0.00393074
-2.114	0.00389768
-2.113	0.00386498
-2.112	0.00383268
-2.111	0.00380084
-2.11	0.00376953
-2.109	0.00373879
-2.108	0.00370869
-2.107	0.00367929
-2.106	0.00365064
-2.105	0.00362279
-2.104	0.00359579
-2.103	0.00356971
-2.102	0.00354458
-2.101	0.00352046
-2.1	0.0034974
-2.099	0.00347544
-2.098	0.00345463
-2.097	0.003435
-2.096	0.00341661
-2.095	0.00339949
-2.094	0.00338368
-2.093	0.00336922
-2.092	0.00335614
-2.091	0.00334447
-2.09	0.00333424
-2.089	0.00332549
-2.088	0.00331824
-2.087	0.00331251
-2.086	0.00330832
-2.085	0.00330569
-2.084	0.00330465
-2.083	0.00330521
-2.082	0.00330738
-2.081	0.00331117
-2.08	0.00331659
-2.079	0.00332365
-2.078	0.00333234
-2.077	0.00334268
-2.076	0.00335466
-2.075	0.00336828
-2.074	0.00338354
-2.073	0.00340041
-2.072	0.00341891
-2.071	0.00343901
-2.07	0.0034607
-2.069	0.00348397
-2.068	0.00350879
-2.067	0.00353515
-2.066	0.00356301
-2.065	0.00359236
-2.064	0.00362317
-2.063	0.00365541
-2.062	0.00368904
-2.061	0.00372403
-2.06	0.00376037
-2.059	0.00379799
-2.058	0.00383686
-2.057	0.00387695
-2.056	0.0039182
-2.055	0.00396057
-2.054	0.00400404
-2.053	0.00404853
-2.052	0.004094
-2.051	0.00414042
-2.05	0.00418771
-2.049	0.00423583
-2.048	0.00428474
-2.047	0.00433437
-2.046	0.00438466
-2.045	0.00443556
-2.044	0.00448701
-2.043	0.00453896
-2.042	0.00459136
-2.041	0.00464411
-2.04	0.00469719
-2.039	0.00475053
-2.038	0.00480406
-2.037	0.00485772
-2.036	0.00491146
-2.035	0.0049652
-2.034	0.0050189
-2.033	0.0050725
-2.032	0.00512592
-2.031	0.00517911
-2.03	0.005232
-2.029	0.00528455
-2.028	0.00533668
-2.027	0.00538834
-2.026	0.00543949
-2.025	0.00549004
-2.024	0.00553996
-2.023	0.00558918
-2.022	0.00563765
-2.021	0.00568532
-2.02	0.00573213
-2.019	0.00577804
-2.018	0.00582299
-2.017	0.00586695
-2.016	0.00590984
-2.015	0.00595164
-2.014	0.00599232
-2.013	0.00603181
-2.012	0.00607008
-2.011	0.0061071
-2.01	0.00614282
-2.009	0.00617722
-2.008	0.00621025
-2.007	0.0062419
-2.006	0.00627212
-2.005	0.0063009
-2.004	0.00632822
-2.003	0.00635404
-2.002	0.00637834
-2.001	0.00640112
-2	0.00642236
-1.999	0.00644203
-1.998	0.00646012
-1.997	0.00647666
-1.996	0.0064916
-1.995	0.00650495
-1.994	0.00651671
-1.993	0.00652688
-1.992	0.00653546
-1.991	0.00654246
-1.99	0.00654788
-1.989	0.00655174
-1.988	0.00655405
-1.987	0.00655482
-1.986	0.00655406
-1.985	0.0065518
-1.984	0.00654807
-1.983	0.00654286
-1.982	0.00653621
-1.981	0.00652817
-1.98	0.00651875
-1.979	0.00650798
-1.978	0.00649588
-1.977	0.00648252
-1.976	0.00646791
-1.975	0.0064521
-1.974	0.00643513
-1.973	0.00641704
-1.972	0.00639787
-1.971	0.00637768
-1.97	0.00635649
-1.969	0.00633437
-1.968	0.00631137
-1.967	0.00628755
-1.966	0.00626293
-1.965	0.00623759
-1.964	0.00621158
-1.963	0.00618495
-1.962	0.00615775
-1.961	0.00613006
-1.96	0.00610192
-1.959	0.0060734
-1.958	0.00604455
-1.957	0.00601543
-1.956	0.00598611
-1.955	0.00595664
-1.954	0.00592709
-1.953	0.00589752
-1.952	0.00586799
-1.951	0.00583856
-1.95	0.00580928
-1.949	0.00578023
-1.948	0.00575147
-1.947	0.00572305
-1.946	0.00569502
-1.945	0.00566747
-1.944	0.00564043
-1.943	0.00561398
-1.942	0.00558815
-1.941	0.00556302
-1.94	0.00553864
-1.939	0.00551507
-1.938	0.00549235
-1.937	0.00547054
-1.936	0.00544968
-1.935	0.00542984
-1.934	0.00541105
-1.933	0.00539338
-1.932	0.00537684
-1.931	0.00536151
-1.93	0.00534739
-1.929	0.00533456
-1.928	0.00532306
-1.927	0.00531288
-1.926	0.00530411
-1.925	0.00529674
-1.924	0.00529083
-1.923	0.00528638
-1.922	0.00528344
-1.921	0.00528204
-1.92	0.00528218
-1.919	0.00528389
-1.918	0.0052872
-1.917	0.00529211
-1.916	0.00529864
-1.915	0.0053068
-1.914	0.0053166
-1.913	0.00532804
-1.912	0.00534113
-1.911	0.00535588
-1.91	0.00537229
-1.909	0.00539035
-1.908	0.00541005
-1.907	0.00543138
-1.906	0.00545434
-1.905	0.00547893
-1.904	0.00550512
-1.903	0.0055329
-1.902	0.00556224
-1.901	0.00559314
-1.9	0.00562555
-1.899	0.00565948
-1.898	0.00569487
-1.897	0.00573171
-1.896	0.00576997
-1.895	0.00580961
-1.894	0.00585059
-1.893	0.00589288
-1.892	0.00593646
-1.891	0.00598125
-1.89	0.00602723
-1.889	0.00607436
-1.888	0.0061226
-1.887	0.00617189
-1.886	0.00622217
-1.885	0.00627341
-1.884	0.00632555
-1.883	0.00637855
-1.882	0.00643235
-1.881	0.00648689
-1.88	0.00654213
-1.879	0.00659798
-1.878	0.00665442
-1.877	0.00671137
-1.876	0.00676878
-1.875	0.00682659
-1.874	0.00688473
-1.873	0.00694317
-1.872	0.00700182
-1.871	0.00706062
-1.87	0.00711952
-1.869	0.00717845
-1.868	0.00723736
-1.867	0.00729618
-1.866	0.00735486
-1.865	0.00741333
-1.864	0.00747151
-1.863	0.00752938
-1.862	0.00758686
-1.861	0.0076439
-1.86	0.00770042
-1.859	0.00775639
-1.858	0.00781174
-1.857	0.00786641
-1.856	0.00792036
-1.855	0.00797353
-1.854	0.00802587
-1.853	0.00807732
-1.852	0.00812784
-1.851	0.00817737
-1.85	0.00822588
-1.849	0.0082733
-1.848	0.00831962
-1.847	0.00836478
-1.846	0.00840873
-1.845	0.00845146
-1.844	0.0084929
-1.843	0.00853303
-1.842	0.00857183
-1.841	0.00860925
-1.84	0.00864527
-1.839	0.00867986
-1.838	0.00871299
-1.837	0.00874466
-1.836	0.00877482
-1.835	0.00880347
-1.834	0.00883061
-1.833	0.00885619
-1.832	0.00888021
-1.831	0.00890267
-1.83	0.00892356
-1.829	0.00894288
-1.828	0.00896062
-1.827	0.00897677
-1.826	0.00899134
-1.825	0.00900436
-1.824	0.0090158
-1.823	0.00902569
-1.822	0.00903404
-1.821	0.00904086
-1.82	0.00904618
-1.819	0.00904998
-1.818	0.00905233
-1.817	0.00905322
-1.816	0.00905268
-1.815	0.00905074
-1.814	0.00904743
-1.813	0.00904279
-1.812	0.00903684
-1.811	0.0090296
-1.81	0.00902115
-1.809	0.00901149
-1.808	0.00900067
-1.807	0.00898874
-1.806	0.00897576
-1.805	0.00896172
-1.804	0.0089467
-1.803	0.00893078
-1.802	0.00891398
-1.801	0.00889634
-1.8	0.00887791
-1.799	0.00885877
-1.798	0.00883897
-1.797	0.00881854
-1.796	0.00879756
-1.795	0.00877609
-1.794	0.00875418
-1.793	0.00873187
-1.792	0.00870924
-1.791	0.00868635
-1.79	0.00866326
-1.789	0.00864002
-1.788	0.0086167
-1.787	0.00859338
-1.786	0.00857009
-1.785	0.0085469
-1.784	0.00852387
-1.783	0.00850107
-1.782	0.00847856
-1.781	0.00845639
-1.78	0.00843462
-1.779	0.00841334
-1.778	0.00839257
-1.777	0.00837238
-1.776	0.00835283
-1.775	0.00833399
-1.774	0.0083159
-1.773	0.00829861
-1.772	0.00828219
-1.771	0.00826667
-1.77	0.00825212
-1.769	0.00823859
-1.768	0.00822611
-1.767	0.00821477
-1.766	0.00820455
-1.765	0.00819555
-1.764	0.00818778
-1.763	0.0081813
-1.762	0.00817614
-1.761	0.00817235
-1.76	0.00816995
-1.759	0.00816896
-1.758	0.00816945
-1.757	0.00817141
-1.756	0.00817488
-1.755	0.00817991
-1.754	0.00818649
-1.753	0.00819465
-1.752	0.0082044
-1.751	0.00821579
-1.75	0.00822881
-1.749	0.00824346
-1.748	0.00825978
-1.747	0.00827776
-1.746	0.00829739
-1.745	0.00831868
-1.744	0.00834166
-1.743	0.0083663
-1.742	0.00839261
-1.741	0.00842056
-1.74	0.00845016
-1.739	0.00848141
-1.738	0.00851428
-1.737	0.00854875
-1.736	0.00858481
-1.735	0.00862244
-1.734	0.00866161
-1.733	0.0087023
-1.732	0.00874449
-1.731	0.00878816
-1.73	0.00883324
-1.729	0.00887973
-1.728	0.0089276
-1.727	0.00897681
-1.726	0.0090273
-1.725	0.00907903
-1.724	0.009132
-1.723	0.00918612
-1.722	0.00924138
-1.721	0.00929771
-1.72	0.00935507
-1.719	0.00941341
-1.718	0.00947268
-1.717	0.00953283
-1.716	0.0095938
-1.715	0.00965556
-1.714	0.00971802
-1.713	0.00978111
-1.712	0.00984484
-1.711	0.00990912
-1.71	0.00997386
-1.709	0.010039
-1.708	0.0101046
-1.707	0.0101704
-1.706	0.0102365
-1.705	0.0103028
-1.704	0.0103692
-1.703	0.0104357
-1.702	0.0105021
-1.701	0.0105685
-1.7	0.0106348
-1.699	0.0107009
-1.698	0.0107668
-1.697	0.0108324
-1.696	0.0108976
-1.695	0.0109624
-1.694	0.0110267
-1.693	0.0110905
-1.692	0.0111536
-1.691	0.0112162
-1.69	0.011278
-1.689	0.0113391
-1.688	0.0113994
-1.687	0.0114588
-1.686	0.0115173
-1.685	0.0115749
-1.684	0.0116314
-1.683	0.0116869
-1.682	0.0117413
-1.681	0.0117946
-1.68	0.0118467
-1.679	0.0118976
-1.678	0.0119473
-1.677	0.0119956
-1.676	0.0120427
-1.675	0.0120884
-1.674	0.0121327
-1.673	0.0121756
-1.672	0.0122171
-1.671	0.0122571
-1.67	0.0122956
-1.669	0.0123327
-1.668	0.0123683
-1.667	0.0124023
-1.666	0.0124348
-1.665	0.0124657
-1.664	0.0124951
-1.663	0.012523
-1.662	0.0125493
-1.661	0.012574
-1.66	0.0125972
-1.659	0.0126188
-1.658	0.0126388
-1.657	0.0126574
-1.656	0.0126744
-1.655	0.0126899
-1.654	0.0127039
-1.653	0.0127164
-1.652	0.0127275
-1.651	0.0127371
-1.65	0.0127453
-1.649	0.0127521
-1.648	0.0127576
-1.647	0.0127618
-1.646	0.0127646
-1.645	0.0127662
-1.644	0.0127666
-1.643	0.0127658
-1.642	0.0127639
-1.641	0.0127608
-1.64	0.0127568
-1.639	0.0127516
-1.638	0.0127456
-1.637	0.0127385
-1.636	0.0127307
-1.635	0.012722
-1.634	0.0127125
-1.633	0.0127024
-1.632	0.0126915
-1.631	0.0126801
-1.63	0.0126682
-1.629	0.0126557
-1.628	0.0126428
-1.627	0.0126296
-1.626	0.012616
-1.625	0.0126022
-1.624	0.0125882
-1.623	0.012574
-1.622	0.0125598
-1.621	0.0125456
-1.62	0.0125314
-1.619	0.0125174
-1.618	0.0125035
-1.617	0.0124898
-1.616	0.0124765
-1.615	0.0124635
-1.614	0.012451
-1.613	0.0124389
-1.612	0.0124273
-1.611	0.0124163
-1.61	0.012406
-1.609	0.0123964
-1.608	0.0123876
-1.607	0.0123796
-1.606	0.0123725
-1.605	0.0123662
-1.604	0.012361
-1.603	0.0123568
-1.602	0.0123537
-1.601	0.0123516
-1.6	0.0123508
-1.599	0.0123512
-1.598	0.0123528
-1.597	0.0123557
-1.596	0.01236
-1.595	0.0123656
-1.594	0.0123727
-1.593	0.0123812
-1.592	0.0123911
-1.591	0.0124026
-1.59	0.0124156
-1.589	0.0124302
-1.588	0.0124463
-1.587	0.012464
-1.586	0.0124834
-1.585	0.0125044
-1.584	0.012527
-1.583	0.0125513
-1.582	0.0125773
-1.581	0.012605
-1.58	0.0126343
-1.579	0.0126653
-1.578	0.0126981
-1.577	0.0127325
-1.576	0.0127686
-1.575	0.0128063
-1.574	0.0128458
-1.573	0.0128869
-1.572	0.0129296
-1.571	0.012974
-1.57	0.01302
-1.569	0.0130676
-1.568	0.0131168
-1.567	0.0131675
-1.566	0.0132197
-1.565	0.0132734
-1.564	0.0133286
-1.563	0.0133852
-1.562	0.0134432
-1.561	0.0135026
-1.56	0.0135633
-1.559	0.0136253
-1.558	0.0136885
-1.557	0.0137529
-1.556	0.0138185
-1.555	0.0138852
-1.554	0.0139529
-1.553	0.0140216
-1.552	0.0140914
-1.551	0.014162
-1.55	0.0142335
-1.549	0.0143058
-1.548	0.0143788
-1.547	0.0144525
-1.546	0.0145268
-1.545	0.0146018
-1.544	0.0146772
-1.543	0.0147531
-1.542	0.0148294
-1.541	0.014906
-1.54	0.014983
-1.539	0.0150601
-1.538	0.0151374
-1.537	0.0152148
-1.536	0.0152922
-1.535	0.0153697
-1.534	0.015447
-1.533	0.0155241
-1.532	0.0156011
-1.531	0.0156778
-1.53	0.0157542
-1.529	0.0158302
-1.528	0.0159058
-1.527	0.0159808
-1.526	0.0160553
-1.525	0.0161292
-1.524	0.0162024
-1.523	0.0162749
-1.522	0.0163466
-1.521	0.0164176
-1.52	0.0164876
-1.519	0.0165567
-1.518	0.0166248
-1.517	0.016692
-1.516	0.016758
-1.515	0.016823
-1.514	0.0168868
-1.513	0.0169495
-1.512	0.0170109
-1.511	0.0170711
-1.51	0.01713
-1.509	0.0171876
-1.508	0.0172439
-1.507	0.0172987
-1.506	0.0173522
-1.505	0.0174042
-1.504	0.0174549
-1.503	0.017504
-1.502	0.0175517
-1.501	0.0175979
-1.5	0.0176425
-1.499	0.0176857
-1.498	0.0177274
-1.497	0.0177675
-1.496	0.0178061
-1.495	0.0178431
-1.494	0.0178787
-1.493	0.0179127
-1.492	0.0179452
-1.491	0.0179762
-1.49	0.0180057
-1.489	0.0180337
-1.488	0.0180602
-1.487	0.0180854
-1.486	0.018109
-1.485	0.0181313
-1.484	0.0181522
-1.483	0.0181717
-1.482	0.0181899
-1.481	0.0182068
-1.48	0.0182224
-1.479	0.0182368
-1.478	0.01825
-1.477	0.0182621
-1.476	0.018273
-1.475	0.0182828
-1.474	0.0182917
-1.473	0.0182995
-1.472	0.0183064
-1.471	0.0183124
-1.47	0.0183176
-1.469	0.0183219
-1.468	0.0183256
-1.467	0.0183285
-1.466	0.0183308
-1.465	0.0183325
-1.464	0.0183338
-1.463	0.0183345
-1.462	0.0183348
-1.461	0.0183348
-1.46	0.0183345
-1.459	0.018334
-1.458	0.0183333
-1.457	0.0183325
-1.456	0.0183316
-1.455	0.0183308
-1.454	0.0183301
-1.453	0.0183295
-1.452	0.018329
-1.451	0.0183289
-1.45	0.018329
-1.449	0.0183296
-1.448	0.0183306
-1.447	0.0183321
-1.446	0.0183341
-1.445	0.0183367
-1.444	0.0183401
-1.443	0.0183441
-1.442	0.018349
-1.441	0.0183547
-1.44	0.0183613
-1.439	0.0183688
-1.438	0.0183773
-1.437	0.0183869
-1.436	0.0183977
-1.435	0.0184095
-1.434	0.0184226
-1.433	0.0184368
-1.432	0.0184523
-1.431	0.0184692
-1.43	0.0184875
-1.429	0.0185071
-1.428	0.0185282
-1.427	0.0185507
-1.426	0.0185747
-1.425	0.0186003
-1.424	0.0186274
-1.423	0.0186561
-1.422	0.0186864
-1.421	0.0187184
-1.42	0.0187519
-1.419	0.0187871
-1.418	0.0188241
-1.417	0.0188626
-1.416	0.018903
-1.415	0.018945
-1.414	0.0189887
-1.413	0.0190341
-1.412	0.0190813
-1.411	0.0191302
-1.41	0.0191807
-1.409	0.019233
-1.408	0.019287
-1.407	0.0193427
-1.406	0.0194
-1.405	0.0194591
-1.404	0.0195197
-1.403	0.019582
-1.402	0.0196459
-1.401	0.0197113
-1.4	0.0197783
-1.399	0.0198469
-1.398	0.0199169
-1.397	0.0199883
-1.396	0.0200612
-1.395	0.0201356
-1.394	0.0202112
-1.393	0.0202882
-1.392	0.0203665
-1.391	0.020446
-1.39	0.0205266
-1.389	0.0206085
-1.388	0.0206913
-1.387	0.0207753
-1.386	0.0208602
-1.385	0.0209461
-1.384	0.0210329
-1.383	0.0211205
-1.382	0.021209
-1.381	0.0212981
-1.38	0.0213879
-1.379	0.0214783
-1.378	0.0215693
-1.377	0.0216608
-1.376	0.0217527
-1.375	0.021845
-1.374	0.0219376
-1.373	0.0220305
-1.372	0.0221236
-1.371	0.0222168
-1.37	0.0223101
-1.369	0.0224033
-1.368	0.0224966
-1.367	0.0225898
-1.366	0.0226828
-1.365	0.0227756
-1.364	0.022868
-1.363	0.0229602
-1.362	0.0230519
-1.361	0.0231432
-1.36	0.023234
-1.359	0.0233243
-1.358	0.0234138
-1.357	0.0235027
-1.356	0.023591
-1.355	0.0236784
-1.354	0.023765
-1.353	0.0238507
-1.352	0.0239356
-1.351	0.0240194
-1.35	0.0241022
-1.349	0.024184
-1.348	0.0242647
-1.347	0.0243443
-1.346	0.0244226
-1.345	0.0244998
-1.344	0.0245758
-1.343	0.0246505
-1.342	0.0247239
-1.341	0.024796
-1.34	0.0248667
-1.339	0.0249361
-1.338	0.025004
-1.337	0.0250706
-1.336	0.0251357
-1.335	0.0251995
-1.334	0.0252617
-1.333	0.0253225
-1.332	0.0253818
-1.331	0.0254397
-1.33	0.025496
-1.329	0.025551
-1.328	0.0256044
-1.327	0.0256563
-1.326	0.0257068
-1.325	0.0257559
-1.324	0.0258035
-1.323	0.0258496
-1.322	0.0258944
-1.321	0.0259377
-1.32	0.0259797
-1.319	0.0260203
-1.318	0.0260596
-1.317	0.0260976
-1.316	0.0261343
-1.315	0.0261698
-1.314	0.026204
-1.313	0.0262371
-1.312	0.026269
-1.311	0.0262998
-1.31	0.0263296
-1.309	0.0263583
-1.308	0.026386
-1.307	0.0264129
-1.306	0.0264388
-1.305	0.0264638
-1.304	0.0264881
-1.303	0.0265117
-1.302	0.0265345
-1.301	0.0265567
-1.3	0.0265784
-1.299	0.0265994
-1.298	0.0266201
-1.297	0.0266403
-1.296	0.0266601
-1.295	0.0266797
-1.294	0.026699
-1.293	0.0267181
-1.292	0.0267371
-1.291	0.026756
-1.29	0.0267749
-1.289	0.0267939
-1.288	0.026813
-1.287	0.0268323
-1.286	0.0268518
-1.285	0.0268716
-1.284	0.0268918
-1.283	0.0269124
-1.282	0.0269335
-1.281	0.0269551
-1.28	0.0269774
-1.279	0.0270002
-1.278	0.0270238
-1.277	0.0270482
-1.276	0.0270734
-1.275	0.0270995
-1.274	0.0271264
-1.273	0.0271544
-1.272	0.0271834
-1.271	0.0272135
-1.27	0.0272448
-1.269	0.0272772
-1.268	0.0273109
-1.267	0.0273458
-1.266	0.027382
-1.265	0.0274196
-1.264	0.0274586
-1.263	0.0274991
-1.262	0.0275409
-1.261	0.0275843
-1.26	0.0276292
-1.259	0.0276756
-1.258	0.0277237
-1.257	0.0277734
-1.256	0.0278247
-1.255	0.0278776
-1.254	0.0279323
-1.253	0.0279886
-1.252	0.0280466
-1.251	0.0281063
-1.25	0.0281678
-1.249	0.0282311
-1.248	0.028296
-1.247	0.0283627
-1.246	0.0284311
-1.245	0.0285013
-1.244	0.0285732
-1.243	0.0286469
-1.242	0.0287223
-1.241	0.0287994
-1.24	0.0288782
-1.239	0.0289587
-1.238	0.0290408
-1.237	0.0291247
-1.236	0.0292101
-1.235	0.0292972
-1.234	0.0293859
-1.233	0.029476
-1.232	0.0295678
-1.231	0.029661
-1.23	0.0297557
-1.229	0.0298517
-1.228	0.0299492
-1.227	0.0300481
-1.226	0.0301482
-1.225	0.0302496
-1.224	0.0303523
-1.223	0.0304561
-1.222	0.030561
-1.221	0.030667
-1.22	0.0307741
-1.219	0.0308821
-1.218	0.0309911
-1.217	0.031101
-1.216	0.0312116
-1.215	0.0313231
-1.214	0.0314352
-1.213	0.0315481
-1.212	0.0316615
-1.211	0.0317754
-1.21	0.0318899
-1.209	0.0320047
-1.208	0.0321199
-1.207	0.0322355
-1.206	0.0323512
-1.205	0.0324672
-1.204	0.0325833
-1.203	0.0326995
-1.202	0.0328157
-1.201	0.0329319
-1.2	0.0330478
-1.199	0.0331637
-1.198	0.0332793
-1.197	0.0333947
-1.196	0.0335097
-1.195	0.0336243
-1.194	0.0337385
-1.193	0.0338521
-1.192	0.0339653
-1.191	0.0340778
-1.19	0.0341897
-1.189	0.0343009
-1.188	0.0344112
-1.187	0.0345207
-1.186	0.0346295
-1.185	0.0347374
-1.184	0.0348443
-1.183	0.0349502
-1.182	0.0350552
-1.181	0.035159
-1.18	0.0352618
-1.179	0.0353635
-1.178	0.035464
-1.177	0.0355633
-1.176	0.0356614
-1.175	0.0357583
-1.174	0.0358539
-1.173	0.0359482
-1.172	0.0360412
-1.171	0.036133
-1.17	0.0362233
-1.169	0.0363123
-1.168	0.0364
-1.167	0.0364863
-1.166	0.0365711
-1.165	0.0366547
-1.164	0.0367369
-1.163	0.0368176
-1.162	0.036897
-1.161	0.0369751
-1.16	0.0370516
-1.159	0.0371269
-1.158	0.0372009
-1.157	0.0372734
-1.156	0.0373447
-1.155	0.0374147
-1.154	0.0374834
-1.153	0.0375508
-1.152	0.037617
-1.151	0.037682
-1.15	0.0377458
-1.149	0.0378085
-1.148	0.03787
-1.147	0.0379304
-1.146	0.0379899
-1.145	0.0380483
-1.144	0.0381057
-1.143	0.0381622
-1.142	0.0382178
-1.141	0.0382726
-1.14	0.0383265
-1.139	0.0383798
-1.138	0.0384323
-1.137	0.0384841
-1.136	0.0385354
-1.135	0.038586
-1.134	0.0386362
-1.133	0.0386861
-1.132	0.0387354
-1.131	0.0387844
-1.13	0.0388332
-1.129	0.0388818
-1.128	0.0389301
-1.127	0.0389784
-1.126	0.0390267
-1.125	0.0390749
-1.124	0.0391232
-1.123	0.0391717
-1.122	0.0392203
-1.121	0.0392693
-1.12	0.0393184
-1.119	0.039368
-1.118	0.039418
-1.117	0.0394685
-1.116	0.0395195
-1.115	0.0395712
-1.114	0.0396235
-1.113	0.0396764
-1.112	0.0397303
-1.111	0.0397849
-1.11	0.0398404
-1.109	0.0398968
-1.108	0.0399542
-1.107	0.0400126
-1.106	0.0400722
-1.105	0.0401329
-1.104	0.0401947
-1.103	0.0402578
-1.102	0.0403221
-1.101	0.0403878
-1.1	0.0404547
-1.099	0.0405231
-1.098	0.040593
-1.097	0.0406643
-1.096	0.040737
-1.095	0.0408114
-1.094	0.0408873
-1.093	0.0409647
-1.092	0.0410437
-1.091	0.0411245
-1.09	0.0412069
-1.089	0.041291
-1.088	0.0413768
-1.087	0.0414642
-1.086	0.0415534
-1.085	0.0416444
-1.084	0.0417371
-1.083	0.0418316
-1.082	0.0419278
-1.081	0.0420258
-1.08	0.0421255
-1.079	0.042227
-1.078	0.0423303
-1.077	0.0424353
-1.076	0.0425421
-1.075	0.0426505
-1.074	0.0427608
-1.073	0.0428728
-1.072	0.0429863
-1.071	0.0431016
-1.07	0.0432186
-1.069	0.0433372
-1.068	0.0434574
-1.067	0.0435791
-1.066	0.0437024
-1.065	0.0438272
-1.064	0.0439534
-1.063	0.0440812
-1.062	0.0442104
-1.061	0.0443408
-1.06	0.0444727
-1.059	0.0446058
-1.058	0.0447402
-1.057	0.0448758
-1.056	0.0450126
-1.055	0.0451505
-1.054	0.0452894
-1.053	0.0454294
-1.052	0.0455703
-1.051	0.0457121
-1.05	0.0458549
-1.049	0.0459984
-1.048	0.0461427
-1.047	0.0462877
-1.046	0.0464333
-1.045	0.0465796
-1.044	0.0467263
-1.043	0.0468737
-1.042	0.0470213
-1.041	0.0471694
-1.04	0.0473178
-1.039	0.0474663
-1.038	0.0476152
-1.037	0.0477641
-1.036	0.0479131
-1.035	0.0480622
-1.034	0.0482112
-1.033	0.0483602
-1.032	0.048509
-1.031	0.0486577
-1.03	0.048806
-1.029	0.0489541
-1.028	0.0491018
-1.027	0.049249
-1.026	0.0493959
-1.025	0.0495423
-1.024	0.0496881
-1.023	0.0498333
-1.022	0.0499779
-1.021	0.0501217
-1.02	0.0502648
-1.019	0.0504072
-1.018	0.0505488
-1.017	0.0506895
-1.016	0.0508293
-1.015	0.0509682
-1.014	0.0511061
-1.013	0.051243
-1.012	0.0513789
-1.011	0.0515139
-1.01	0.0516477
-1.009	0.0517804
-1.008	0.051912
-1.007	0.0520424
-1.006	0.0521717
-1.005	0.0522998
-1.004	0.0524268
-1.003	0.0525526
-1.002	0.0526771
-1.001	0.0528004
-1	0.0529225
-0.999	0.0530434
-0.998	0.0531631
-0.997	0.0532816
-0.996	0.0533987
-0.995	0.0535148
-0.994	0.0536296
-0.993	0.0537432
-0.992	0.0538557
-0.991	0.053967
-0.99	0.054077
-0.989	0.0541859
-0.988	0.0542939
-0.987	0.0544007
-0.986	0.0545063
-0.985	0.054611
-0.984	0.0547147
-0.983	0.0548173
-0.982	0.0549191
-0.981	0.0550198
-0.98	0.0551197
-0.979	0.0552188
-0.978	0.055317
-0.977	0.0554145
-0.976	0.0555113
-0.975	0.0556074
-0.974	0.0557028
-0.973	0.0557976
-0.972	0.055892
-0.971	0.0559857
-0.97	0.056079
-0.969	0.056172
-0.968	0.0562646
-0.967	0.0563568
-0.966	0.0564488
-0.965	0.0565406
-0.964	0.0566323
-0.963	0.0567239
-0.962	0.0568155
-0.961	0.0569071
-0.96	0.0569988
-0.959	0.0570906
-0.958	0.0571826
-0.957	0.0572749
-0.956	0.0573674
-0.955	0.0574604
-0.954	0.0575538
-0.953	0.0576475
-0.952	0.057742
-0.951	0.0578369
-0.95	0.0579324
-0.949	0.0580287
-0.948	0.0581258
-0.947	0.0582235
-0.946	0.0583222
-0.945	0.0584219
-0.944	0.0585223
-0.943	0.0586239
-0.942	0.0587264
-0.941	0.0588301
-0.94	0.058935
-0.939	0.0590409
-0.938	0.0591482
-0.937	0.0592568
-0.936	0.0593666
-0.935	0.0594779
-0.934	0.0595904
-0.933	0.0597044
-0.932	0.0598201
-0.931	0.059937
-0.93	0.0600554
-0.929	0.0601756
-0.928	0.0602973
-0.927	0.0604205
-0.926	0.0605453
-0.925	0.0606719
-0.924	0.0608002
-0.923	0.0609301
-0.922	0.0610618
-0.921	0.061195
-0.92	0.0613302
-0.919	0.061467
-0.918	0.0616056
-0.917	0.061746
-0.916	0.0618881
-0.915	0.0620319
-0.914	0.0621776
-0.913	0.062325
-0.912	0.0624742
-0.911	0.0626251
-0.91	0.0627776
-0.909	0.0629321
-0.908	0.0630881
-0.907	0.0632459
-0.906	0.0634054
-0.905	0.0635666
-0.904	0.0637293
-0.903	0.0638938
-0.902	0.0640598
-0.901	0.0642274
-0.9	0.0643965
-0.899	0.0645672
-0.898	0.0647394
-0.897	0.064913
-0.896	0.0650881
-0.895	0.0652644
-0.894	0.0654422
-0.893	0.0656211
-0.892	0.0658016
-0.891	0.0659831
-0.89	0.0661659
-0.889	0.0663498
-0.888	0.0665348
-0.887	0.0667207
-0.886	0.0669078
-0.885	0.0670957
-0.884	0.0672847
-0.883	0.0674744
-0.882	0.067665
-0.881	0.0678563
-0.88	0.0680484
-0.879	0.0682412
-0.878	0.0684344
-0.877	0.0686284
-0.876	0.0688228
-0.875	0.0690175
-0.874	0.0692127
-0.873	0.0694084
-0.872	0.0696042
-0.871	0.0698004
-0.87	0.0699966
-0.869	0.0701931
-0.868	0.0703895
-0.867	0.0705862
-0.866	0.0707827
-0.865	0.0709792
-0.864	0.0711755
-0.863	0.0713717
-0.862	0.0715677
-0.861	0.0717635
-0.86	0.0719591
-0.859	0.072154
-0.858	0.0723491
-0.857	0.0725432
-0.856	0.0727372
-0.855	0.0729304
-0.854	0.0731233
-0.853	0.0733156
-0.852	0.0735072
-0.851	0.0736981
-0.85	0.0738885
-0.849	0.074078
-0.848	0.0742668
-0.847	0.0744549
-0.846	0.0746422
-0.845	0.0748287
-0.844	0.0750142
-0.843	0.075199
-0.842	0.0753829
-0.841	0.0755658
-0.84	0.0757479
-0.839	0.0759291
-0.838	0.0761093
-0.837	0.0762887
-0.836	0.0764669
-0.835	0.0766443
-0.834	0.0768207
-0.833	0.0769962
-0.832	0.0771707
-0.831	0.0773443
-0.83	0.0775169
-0.829	0.0776885
-0.828	0.0778591
-0.827	0.0780291
-0.826	0.078198
-0.825	0.0783659
-0.824	0.0785331
-0.823	0.0786993
-0.822	0.0788647
-0.821	0.0790293
-0.82	0.079193
-0.819	0.0793561
-0.818	0.0795184
-0.817	0.0796798
-0.816	0.0798407
-0.815	0.0800009
-0.814	0.0801604
-0.813	0.0803195
-0.812	0.0804779
-0.811	0.0806357
-0.81	0.0807932
-0.809	0.0809502
-0.808	0.0811068
-0.807	0.0812631
-0.806	0.0814191
-0.805	0.0815747
-0.804	0.0817302
-0.803	0.0818854
-0.802	0.0820406
-0.801	0.0821957
-0.8	0.0823507
-0.799	0.0825057
-0.798	0.082661
-0.797	0.0828161
-0.796	0.0829716
-0.795	0.0831272
-0.794	0.083283
-0.793	0.0834392
-0.792	0.0835958
-0.791	0.0837528
-0.79	0.0839102
-0.789	0.0840681
-0.788	0.0842266
-0.787	0.0843859
-0.786	0.0845457
-0.785	0.0847062
-0.784	0.0848675
-0.783	0.0850297
-0.782	0.0851928
-0.781	0.0853567
-0.78	0.0855215
-0.779	0.0856873
-0.778	0.0858543
-0.777	0.0860224
-0.776	0.0861914
-0.775	0.0863617
-0.774	0.0865334
-0.773	0.086706
-0.772	0.0868802
-0.771	0.0870556
-0.77	0.0872323
-0.769	0.0874105
-0.768	0.0875902
-0.767	0.0877712
-0.766	0.0879538
-0.765	0.0881379
-0.764	0.0883236
-0.763	0.0885108
-0.762	0.0886998
-0.761	0.0888902
-0.76	0.0890821
-0.759	0.089276
-0.758	0.0894714
-0.757	0.0896686
-0.756	0.0898674
-0.755	0.0900678
-0.754	0.0902701
-0.753	0.0904741
-0.752	0.0906799
-0.751	0.0908874
-0.75	0.0910965
-0.749	0.0913073
-0.748	0.0915201
-0.747	0.0917345
-0.746	0.0919507
-0.745	0.0921687
-0.744	0.0923882
-0.743	0.0926094
-0.742	0.0928324
-0.741	0.0930572
-0.74	0.0932835
-0.739	0.0935115
-0.738	0.0937411
-0.737	0.0939724
-0.736	0.0942051
-0.735	0.0944394
-0.734	0.0946755
-0.733	0.0949128
-0.732	0.0951517
-0.731	0.0953922
-0.73	0.0956338
-0.729	0.0958771
-0.728	0.0961216
-0.727	0.0963674
-0.726	0.0966144
-0.725	0.096863
-0.724	0.0971126
-0.723	0.0973633
-0.722	0.0976152
-0.721	0.0978681
-0.72	0.0981221
-0.719	0.0983773
-0.718	0.0986334
-0.717	0.0988903
-0.716	0.0991482
-0.715	0.0994069
-0.714	0.0996663
-0.713	0.0999264
-0.712	0.100188
-0.711	0.100449
-0.71	0.100712
-0.709	0.100974
-0.708	0.101238
-0.707	0.101502
-0.706	0.101766
-0.705	0.102031
-0.704	0.102296
-0.703	0.102561
-0.702	0.102827
-0.701	0.103093
-0.7	0.103359
-0.699	0.103625
-0.698	0.103891
-0.697	0.104157
-0.696	0.104424
-0.695	0.10469
-0.694	0.104956
-0.693	0.105223
-0.692	0.105489
-0.691	0.105755
-0.69	0.106021
-0.689	0.106286
-0.688	0.106551
-0.687	0.106817
-0.686	0.107081
-0.685	0.107345
-0.684	0.107609
-0.683	0.107873
-0.682	0.108136
-0.681	0.108399
-0.68	0.108662
-0.679	0.108923
-0.678	0.109185
-0.677	0.109445
-0.676	0.109706
-0.675	0.109965
-0.674	0.110225
-0.673	0.110483
-0.672	0.110742
-0.671	0.110999
-0.67	0.111256
-0.669	0.111513
-0.668	0.111769
-0.667	0.112024
-0.666	0.112279
-0.665	0.112533
-0.664	0.112787
-0.663	0.11304
-0.662	0.113293
-0.661	0.113545
-0.66	0.113796
-0.659	0.114047
-0.658	0.114298
-0.657	0.114548
-0.656	0.114798
-0.655	0.115047
-0.654	0.115296
-0.653	0.115544
-0.652	0.115793
-0.651	0.11604
-0.65	0.116288
-0.649	0.116535
-0.648	0.116782
-0.647	0.117029
-0.646	0.117275
-0.645	0.117522
-0.644	0.117768
-0.643	0.118015
-0.642	0.118261
-0.641	0.118507
-0.64	0.118753
-0.639	0.119
-0.638	0.119246
-0.637	0.119493
-0.636	0.119739
-0.635	0.119986
-0.634	0.120234
-0.633	0.120481
-0.632	0.120729
-0.631	0.120977
-0.63	0.121226
-0.629	0.121475
-0.628	0.121725
-0.627	0.121975
-0.626	0.122226
-0.625	0.122478
-0.624	0.12273
-0.623	0.122983
-0.622	0.123237
-0.621	0.123491
-0.62	0.123747
-0.619	0.124003
-0.618	0.124261
-0.617	0.124519
-0.616	0.124778
-0.615	0.125039
-0.614	0.1253
-0.613	0.125563
-0.612	0.125826
-0.611	0.126092
-0.61	0.126358
-0.609	0.126625
-0.608	0.126894
-0.607	0.127164
-0.606	0.127436
-0.605	0.127709
-0.604	0.127983
-0.603	0.128259
-0.602	0.128536
-0.601	0.128815
-0.6	0.129095
-0.599	0.129377
-0.598	0.129661
-0.597	0.129946
-0.596	0.130233
-0.595	0.130521
-0.594	0.130811
-0.593	0.131103
-0.592	0.131396
-0.591	0.131691
-0.59	0.131988
-0.589	0.132286
-0.588	0.132586
-0.587	0.132888
-0.586	0.133192
-0.585	0.133497
-0.584	0.133804
-0.583	0.134113
-0.582	0.134423
-0.581	0.134735
-0.58	0.135049
-0.579	0.135365
-0.578	0.135682
-0.577	0.136001
-0.576	0.136322
-0.575	0.136644
-0.574	0.136968
-0.573	0.137294
-0.572	0.137621
-0.571	0.13795
-0.57	0.13828
-0.569	0.138613
-0.568	0.138946
-0.567	0.139281
-0.566	0.139618
-0.565	0.139956
-0.564	0.140295
-0.563	0.140636
-0.562	0.140979
-0.561	0.141323
-0.56	0.141668
-0.559	0.142014
-0.558	0.142362
-0.557	0.142711
-0.556	0.143061
-0.555	0.143412
-0.554	0.143765
-0.553	0.144118
-0.552	0.144473
-0.551	0.144829
-0.55	0.145185
-0.549	0.145543
-0.548	0.145902
-0.547	0.146262
-0.546	0.146622
-0.545	0.146984
-0.544	0.147346
-0.543	0.147709
-0.542	0.148073
-0.541	0.148437
-0.54	0.148802
-0.539	0.149168
-0.538	0.149535
-0.537	0.149902
-0.536	0.150269
-0.535	0.150637
-0.534	0.151006
-0.533	0.151375
-0.532	0.151744
-0.531	0.152114
-0.53	0.152484
-0.529	0.152855
-0.528	0.153226
-0.527	0.153597
-0.526	0.153968
-0.525	0.15434
-0.524	0.154712
-0.523	0.155084
-0.522	0.155456
-0.521	0.155828
-0.52	0.156201
-0.519	0.156573
-0.518	0.156946
-0.517	0.157318
-0.516	0.157691
-0.515	0.158064
-0.514	0.158437
-0.513	0.158809
-0.512	0.159182
-0.511	0.159555
-0.51	0.159928
-0.509	0.160301
-0.508	0.160673
-0.507	0.161046
-0.506	0.161419
-0.505	0.161791
-0.504	0.162164
-0.503	0.162536
-0.502	0.162909
-0.501	0.163281
-0.5	0.163654
-0.499	0.164026
-0.498	0.164399
-0.497	0.164771
-0.496	0.165143
-0.495	0.165516
-0.494	0.165888
-0.493	0.166261
-0.492	0.166634
-0.491	0.167006
-0.49	0.167379
-0.489	0.167752
-0.488	0.168125
-0.487	0.168498
-0.486	0.168871
-0.485	0.169245
-0.484	0.169618
-0.483	0.169992
-0.482	0.170367
-0.481	0.170741
-0.48	0.171116
-0.479	0.171491
-0.478	0.171867
-0.477	0.172242
-0.476	0.172619
-0.475	0.172995
-0.474	0.173373
-0.473	0.173751
-0.472	0.174129
-0.471	0.174508
-0.47	0.174887
-0.469	0.175267
-0.468	0.175648
-0.467	0.17603
-0.466	0.176412
-0.465	0.176795
-0.464	0.177179
-0.463	0.177564
-0.462	0.177949
-0.461	0.178336
-0.46	0.178723
-0.459	0.179112
-0.458	0.179501
-0.457	0.179891
-0.456	0.180283
-0.455	0.180675
-0.454	0.181069
-0.453	0.181464
-0.452	0.18186
-0.451	0.182257
-0.45	0.182656
-0.449	0.183056
-0.448	0.183457
-0.447	0.183859
-0.446	0.184263
-0.445	0.184669
-0.444	0.185075
-0.443	0.185483
-0.442	0.185893
-0.441	0.186304
-0.44	0.186717
-0.439	0.187131
-0.438	0.187546
-0.437	0.187964
-0.436	0.188383
-0.435	0.188803
-0.434	0.189225
-0.433	0.189649
-0.432	0.190074
-0.431	0.190501
-0.43	0.19093
-0.429	0.191361
-0.428	0.191793
-0.427	0.192227
-0.426	0.192662
-0.425	0.1931
-0.424	0.193539
-0.423	0.19398
-0.422	0.194422
-0.421	0.194867
-0.42	0.195313
-0.419	0.195761
-0.418	0.196211
-0.417	0.196662
-0.416	0.197115
-0.415	0.19757
-0.414	0.198058
-0.413	0.198611
-0.412	0.199231
-0.411	0.199917
-0.41	0.200669
-0.409	0.20149
-0.408	0.202378
-0.407	0.203334
-0.406	0.204359
-0.405	0.205452
-0.404	0.206613
-0.403	0.207844
-0.402	0.209144
-0.401	0.210512
-0.4	0.211949
-0.399	0.213456
-0.398	0.21503
-0.397	0.216674
-0.396	0.218385
-0.395	0.220164
-0.394	0.222011
-0.393	0.223925
-0.392	0.225906
-0.391	0.227953
-0.39	0.230066
-0.389	0.232244
-0.388	0.234487
-0.387	0.236793
-0.386	0.239162
-0.385	0.241594
-0.384	0.244087
-0.383	0.246641
-0.382	0.249255
-0.381	0.251927
-0.38	0.254658
-0.379	0.257445
-0.378	0.260288
-0.377	0.263186
-0.376	0.266137
-0.375	0.26914
-0.374	0.272196
-0.373	0.2753
-0.372	0.278453
-0.371	0.281653
-0.37	0.2849
-0.369	0.28819
-0.368	0.291525
-0.367	0.2949
-0.366	0.298315
-0.365	0.30177
-0.364	0.305279
-0.363	0.308858
-0.362	0.312505
-0.361	0.316218
-0.36	0.319996
-0.359	0.323836
-0.358	0.327736
-0.357	0.331695
-0.356	0.335709
-0.355	0.339777
-0.354	0.343896
-0.353	0.348066
-0.352	0.352281
-0.351	0.356542
-0.35	0.360846
-0.349	0.365188
-0.348	0.36957
-0.347	0.373986
-0.346	0.378436
-0.345	0.382916
-0.344	0.387424
-0.343	0.391958
-0.342	0.396515
-0.341	0.401093
-0.34	0.405689
-0.339	0.410301
-0.338	0.414925
-0.337	0.419562
-0.336	0.424206
-0.335	0.428856
-0.334	0.433509
-0.333	0.438163
-0.332	0.442815
-0.331	0.447462
-0.33	0.452103
-0.329	0.456734
-0.328	0.461353
-0.327	0.465957
-0.326	0.470546
-0.325	0.475113
-0.324	0.47966
-0.323	0.484181
-0.322	0.488677
-0.321	0.493142
-0.32	0.497576
-0.319	0.501977
-0.318	0.506339
-0.317	0.510664
-0.316	0.514947
-0.315	0.519188
-0.314	0.52338
-0.313	0.527526
-0.312	0.531621
-0.311	0.535664
-0.31	0.539652
-0.309	0.543584
-0.308	0.547456
-0.307	0.551266
-0.306	0.555013
-0.305	0.558694
-0.304	0.562311
-0.303	0.565856
-0.302	0.569331
-0.301	0.572732
-0.3	0.576059
-0.299	0.579308
-0.298	0.582482
-0.297	0.585573
-0.296	0.588582
-0.295	0.591509
-0.294	0.594351
-0.293	0.597107
-0.292	0.599773
-0.291	0.602352
-0.29	0.604839
-0.289	0.607234
-0.288	0.609536
-0.287	0.611743
-0.286	0.613855
-0.285	0.615869
-0.284	0.617787
-0.283	0.619603
-0.282	0.621323
-0.281	0.622939
-0.28	0.624456
-0.279	0.625868
-0.278	0.627178
-0.277	0.628385
-0.276	0.629486
-0.275	0.630483
-0.274	0.631374
-0.273	0.632159
-0.272	0.632839
-0.271	0.633411
-0.27	0.633875
-0.269	0.634234
-0.268	0.634485
-0.267	0.634628
-0.266	0.634664
-0.265	0.634593
-0.264	0.634413
-0.263	0.634128
-0.262	0.633735
-0.261	0.633235
-0.26	0.63263
-0.259	0.631918
-0.258	0.631101
-0.257	0.630177
-0.256	0.629151
-0.255	0.628021
-0.254	0.626787
-0.253	0.62545
-0.252	0.624013
-0.251	0.622474
-0.25	0.620835
-0.249	0.619098
-0.248	0.617261
-0.247	0.615331
-0.246	0.613301
-0.245	0.611179
-0.244	0.608962
-0.243	0.606655
-0.242	0.604256
-0.241	0.601768
-0.24	0.599192
-0.239	0.596529
-0.238	0.593781
-0.237	0.59095
-0.236	0.588039
-0.235	0.585044
-0.234	0.581974
-0.233	0.578825
-0.232	0.575603
-0.231	0.572307
-0.23	0.56894
-0.229	0.565504
-0.228	0.562
-0.227	0.558432
-0.226	0.554799
-0.225	0.551106
-0.224	0.547354
-0.223	0.543545
-0.222	0.53968
-0.221	0.535764
-0.22	0.531797
-0.219	0.527781
-0.218	0.52372
-0.217	0.519615
-0.216	0.51547
-0.215	0.511283
-0.214	0.507062
-0.213	0.502806
-0.212	0.498519
-0.211	0.494201
-0.21	0.489857
-0.209	0.485488
-0.208	0.4811
-0.207	0.476688
-0.206	0.472261
-0.205	0.467821
-0.204	0.463366
-0.203	0.458903
-0.202	0.454434
-0.201	0.449959
-0.2	0.445482
-0.199	0.441007
-0.198	0.436533
-0.197	0.432066
-0.196	0.427607
-0.195	0.423159
-0.194	0.418724
-0.193	0.414304
-0.192	0.409903
-0.191	0.405522
-0.19	0.401165
-0.189	0.396832
-0.188	0.392529
-0.187	0.388255
-0.186	0.384015
-0.185	0.379809
-0.184	0.375643
-0.183	0.371515
-0.182	0.36743
-0.181	0.363389
-0.18	0.359396
-0.179	0.355453
-0.178	0.351558
-0.177	0.34772
-0.176	0.343936
-0.175	0.340211
-0.174	0.336546
-0.173	0.332942
-0.172	0.329403
-0.171	0.32593
-0.17	0.322526
-0.169	0.319191
-0.168	0.315929
-0.167	0.312739
-0.166	0.309628
-0.165	0.306591
-0.164	0.303635
-0.163	0.30076
-0.162	0.297966
-0.161	0.295258
-0.16	0.292634
-0.159	0.290098
-0.158	0.287651
-0.157	0.285293
-0.156	0.283027
-0.155	0.280854
-0.154	0.278773
-0.153	0.27679
-0.152	0.274901
-0.151	0.27311
-0.15	0.271418
-0.149	0.269824
-0.148	0.268332
-0.147	0.26694
-0.146	0.26565
-0.145	0.264463
-0.144	0.26338
-0.143	0.2624
-0.142	0.261527
-0.141	0.260756
-0.14	0.260093
-0.139	0.259535
-0.138	0.259084
-0.137	0.25874
-0.136	0.258503
-0.135	0.258373
-0.134	0.25835
-0.133	0.258435
-0.132	0.258627
-0.131	0.258927
-0.13	0.259333
-0.129	0.259847
-0.128	0.260467
-0.127	0.261194
-0.126	0.262028
-0.125	0.262966
-0.124	0.264011
-0.123	0.265159
-0.122	0.266413
-0.121	0.267769
-0.12	0.269229
-0.119	0.27079
-0.118	0.272453
-0.117	0.274216
-0.116	0.276079
-0.115	0.278039
-0.114	0.280098
-0.113	0.282253
-0.112	0.284502
-0.111	0.286847
-0.11	0.289283
-0.109	0.291812
-0.108	0.29443
-0.107	0.297137
-0.106	0.299931
-0.105	0.302811
-0.104	0.305775
-0.103	0.308822
-0.102	0.31195
-0.101	0.315157
-0.1	0.318441
