-4	0
-3.999	0
-3.998	0
-3.997	0
-3.996	0
-3.995	0
-3.994	0
-3.993	0
-3.992	0
-3.991	0
-3.99	0
-3.989	0
-3.988	0
-3.987	0
-3.986	0
-3.985	0
-3.984	0
-3.983	0
-3.982	0
-3.981	0
-3.98	0
-3.979	0
-3.978	0
-3.977	0
-3.976	0
-3.975	0
-3.974	0
-3.973	0
-3.972	0
-3.971	0
-3.97	0
-3.969	0
-3.968	0
-3.967	0
-3.966	0
-3.965	0
-3.964	0
-3.963	0
-3.962	0
-3.961	0
-3.96	0
-3.959	0
-3.958	0
-3.957	0
-3.956	0
-3.955	0
-3.954	0
-3.953	0
-3.952	0
-3.951	0
-3.95	0
-3.949	0
-3.948	0
-3.947	0
-3.946	0
-3.945	0
-3.944	0
-3.943	0
-3.942	0
-3.941	0
-3.94	0
-3.939	0
-3.938	0
-3.937	0
-3.936	0
-3.935	0
-3.934	0
-3.933	0
-3.932	0
-3.931	0
-3.93	0
-3.929	0
-3.928	0
-3.927	0
-3.926	0
-3.925	0
-3.924	0
-3.923	0
-3.922	0
-3.921	0
-3.92	0
-3.919	0
-3.918	0
-3.917	0
-3.916	0
-3.915	0
-3.914	0
-3.913	0
-3.912	0
-3.911	0
-3.91	0
-3.909	0
-3.908	0
-3.907	0
-3.906	0
-3.905	0
-3.904	0
-3.903	0
-3.902	0
-3.901	0
-3.9	0
-3.899	0
-3.898	0
-3.897	0
-3.896	0
-3.895	0
-3.894	0
-3.893	0
-3.892	0
-3.891	0
-3.89	0
-3.889	0
-3.888	0
-3.887	0
-3.886	0
-3.885	0
-3.884	0
-3.883	0
-3.882	0
-3.881	0
-3.88	0
-3.879	0
-3.878	0
-3.877	0
-3.876	0
-3.875	0
-3.874	0
-3.873	0
-3.872	0
-3.871	0
-3.87	0
-3.869	0
-3.868	0
-3.867	0
-3.866	0
-3.865	0
-3.864	0
-3.863	0
-3.862	0
-3.861	0
-3.86	0
-3.859	0
-3.858	0
-3.857	0
-3.856	0
-3.855	0
-3.854	0
-3.853	0
-3.852	0
-3.851	0
-3.85	0
-3.849	0
-3.848	0
-3.847	0
-3.846	0
-3.845	0
-3.844	0
-3.843	0
-3.842	0
-3.841	0
-3.84	0
-3.839	0
-3.838	0
-3.837	0
-3.836	0
-3.835	0
-3.834	0
-3.833	0
-3.832	0
-3.831	0
-3.83	0
-3.829	0
-3.828	0
-3.827	0
-3.826	0
-3.825	0
-3.824	0
-3.823	0
-3.822	0
-3.821	0
-3.82	0
-3.819	0
-3.818	0
-3.817	0
-3.816	0
-3.815	0
-3.814	0
-3.813	0
-3.812	0
-3.811	0
-3.81	0
-3.809	0
-3.808	0
-3.807	0
-3.806	0
-3.805	0
-3.804	0
-3.803	0
-3.802	0
-3.801	0
-3.8	0
-3.799	0
-3.798	0
-3.797	0
-3.796	0
-3.795	0
-3.794	0
-3.793	0
-3.792	0
-3.791	0
-3.79	0
-3.789	0
-3.788	0
-3.787	0
-3.786	0
-3.785	0
-3.784	0
-3.783	0
-3.782	0
-3.781	0
-3.78	0
-3.779	0
-3.778	0
-3.777	0
-3.776	0
-3.775	0
-3.774	0
-3.773	0
-3.772	0
-3.771	0
-3.77	0
-3.769	0
-3.768	0
-3.767	0
-3.766	0
-3.765	0
-3.764	0
-3.763	0
-3.762	0
-3.761	0
-3.76	0
-3.759	0
-3.758	0
-3.757	0
-3.756	0
-3.755	0
-3.754	0
-3.753	0
-3.752	0
-3.751	0
-3.75	0
-3.749	0
-3.748	0
-3.747	0
-3.746	0
-3.745	0
-3.744	0
-3.743	0
-3.742	0
-3.741	0
-3.74	0
-3.739	0
-3.738	0
-3.737	0
-3.736	0
-3.735	0
-3.734	0
-3.733	0
-3.732	0
-3.731	0
-3.73	0
-3.729	0
-3.728	0
-3.727	0
-3.726	0
-3.725	0
-3.724	0
-3.723	0
-3.722	0
-3.721	0
-3.72	0
-3.719	0
-3.718	0
-3.717	0
-3.716	0
-3.715	0
-3.714	0
-3.713	0
-3.712	0
-3.711	0
-3.71	0
-3.709	0
-3.708	0
-3.707	0
-3.706	0
-3.705	0
-3.704	0
-3.703	0
-3.702	0
-3.701	0
-3.7	0
-3.699	0
-3.698	0
-3.697	0
-3.696	0
-3.695	0
-3.694	0
-3.693	0
-3.692	0
-3.691	0
-3.69	0
-3.689	0
-3.688	0
-3.687	0
-3.686	0
-3.685	0
-3.684	0
-3.683	0
-3.682	0
-3.681	0
-3.68	0
-3.679	0
-3.678	0
-3.677	0
-3.676	0
-3.675	0
-3.674	0
-3.673	0
-3.672	0
-3.671	0
-3.67	0
-3.669	0
-3.668	0
-3.667	0
-3.666	0
-3.665	0
-3.664	0
-3.663	0
-3.662	0
-3.661	0
-3.66	0
-3.659	0
-3.658	0
-3.657	0
-3.656	0
-3.655	0
-3.654	0
-3.653	0
-3.652	0
-3.651	0
-3.65	0
-3.649	0
-3.648	0
-3.647	0
-3.646	0
-3.645	0
-3.644	0
-3.643	0
-3.642	0
-3.641	0
-3.64	0
-3.639	0
-3.638	0
-3.637	0
-3.636	0
-3.635	0
-3.634	0
-3.633	0
-3.632	0
-3.631	0
-3.63	0
-3.629	0
-3.628	0
-3.627	0
-3.626	0
-3.625	0
-3.624	0
-3.623	0
-3.622	0
-3.621	0
-3.62	0
-3.619	0
-3.618	0
-3.617	0
-3.616	0
-3.615	0
-3.614	0
-3.613	0
-3.612	0
-3.611	0
-3.61	0
-3.609	0
-3.608	0
-3.607	0
-3.606	0
-3.605	0
-3.604	0
-3.603	0
-3.602	0
-3.601	0
-3.6	0
-3.599	0
-3.598	0
-3.597	0
-3.596	0
-3.595	0
-3.594	0
-3.593	0
-3.592	0
-3.591	0
-3.59	0
-3.589	0
-3.588	0
-3.587	0
-3.586	0
-3.585	0
-3.584	0
-3.583	0
-3.582	0
-3.581	0
-3.58	0
-3.579	0
-3.578	0
-3.577	0
-3.576	0
-3.575	0
-3.574	0
-3.573	0
-3.572	0
-3.571	0
-3.57	0
-3.569	0
-3.568	0
-3.567	0
-3.566	0
-3.565	0
-3.564	0
-3.563	0
-3.562	0
-3.561	0
-3.56	0
-3.559	0
-3.558	0
-3.557	0
-3.556	0
-3.555	0
-3.554	0
-3.553	0
-3.552	0
-3.551	0
-3.55	0
-3.549	0
-3.548	0
-3.547	0
-3.546	0
-3.545	0
-3.544	0
-3.543	0
-3.542	0
-3.541	0
-3.54	0
-3.539	0
-3.538	0
-3.537	0
-3.536	0
-3.535	0
-3.534	0
-3.533	0
-3.532	0
-3.531	0
-3.53	0
-3.529	0
-3.528	0
-3.527	0
-3.526	0
-3.525	0
-3.524	0
-3.523	0
-3.522	0
-3.521	0
-3.52	0
-3.519	0
-3.518	0
-3.517	0
-3.516	0
-3.515	0
-3.514	0
-3.513	0
-3.512	0
-3.511	0
-3.51	0
-3.509	0
-3.508	0
-3.507	0
-3.506	0
-3.505	0
-3.504	0
-3.503	0
-3.502	0
-3.501	0
-3.5	0
-3.499	0
-3.498	0
-3.497	0
-3.496	0
-3.495	0
-3.494	0
-3.493	0
-3.492	0
-3.491	0
-3.49	0
-3.489	0
-3.488	0
-3.487	0
-3.486	0
-3.485	0
-3.484	0
-3.483	0
-3.482	0
-3.481	0
-3.48	0
-3.479	0
-3.478	0
-3.477	0
-3.476	0
-3.475	0
-3.474	0
-3.473	0
-3.472	0
-3.471	0
-3.47	0
-3.469	0
-3.468	0
-3.467	0
-3.466	0
-3.465	0
-3.464	0
-3.463	0
-3.462	0
-3.461	0
-3.46	0
-3.459	0
-3.458	0
-3.457	0
-3.456	0
-3.455	0
-3.454	0
-3.453	0
-3.452	0
-3.451	0
-3.45	0
-3.449	0
-3.448	0
-3.447	0
-3.446	0
-3.445	0
-3.444	0
-3.443	0
-3.442	0
-3.441	0
-3.44	0
-3.439	0
-3.438	0
-3.437	0
-3.436	0
-3.435	0
-3.434	0
-3.433	0
-3.432	0
-3.431	0
-3.43	0
-3.429	0
-3.428	0
-3.427	0
-3.426	0
-3.425	0
-3.424	0
-3.423	0
-3.422	0
-3.421	0
-3.42	0
-3.419	0
-3.418	0
-3.417	0
-3.416	0
-3.415	0
-3.414	0
-3.413	0
-3.412	0
-3.411	0
-3.41	0
-3.409	0
-3.408	0
-3.407	0
-3.406	0
-3.405	0
-3.404	0
-3.403	0
-3.402	0
-3.401	0
-3.4	0
-3.399	0
-3.398	0
-3.397	0
-3.396	0
-3.395	0
-3.394	0
-3.393	0
-3.392	0
-3.391	0
-3.39	0
-3.389	0
-3.388	0
-3.387	0
-3.386	0
-3.385	0
-3.384	0
-3.383	0
-3.382	0
-3.381	0
-3.38	0
-3.379	0
-3.378	0
-3.377	0
-3.376	0
-3.375	0
-3.374	0
-3.373	0
-3.372	0
-3.371	0
-3.37	0
-3.369	0
-3.368	0
-3.367	0
-3.366	0
-3.365	0
-3.364	0
-3.363	0
-3.362	0
-3.361	0
-3.36	0
-3.359	0
-3.358	0
-3.357	0
-3.356	0
-3.355	0
-3.354	0
-3.353	0
-3.352	0
-3.351	0
-3.35	0
-3.349	0
-3.348	0
-3.347	0
-3.346	0
-3.345	0
-3.344	0
-3.343	0
-3.342	0
-3.341	0
-3.34	0
-3.339	0
-3.338	0
-3.337	0
-3.336	0
-3.335	0
-3.334	0
-3.333	0
-3.332	0
-3.331	0
-3.33	0
-3.329	0
-3.328	0
-3.327	0
-3.326	0
-3.325	0
-3.324	0
-3.323	0
-3.322	0
-3.321	0
-3.32	0
-3.319	0
-3.318	0
-3.317	0
-3.316	0
-3.315	0
-3.314	0
-3.313	0
-3.312	0
-3.311	0
-3.31	0
-3.309	0
-3.308	0
-3.307	0
-3.306	0
-3.305	0
-3.304	0
-3.303	0
-3.302	0
-3.301	0
-3.3	0
-3.299	0
-3.298	0
-3.297	0
-3.296	0
-3.295	0
-3.294	0
-3.293	0
-3.292	0
-3.291	0
-3.29	0
-3.289	0
-3.288	0
-3.287	0
-3.286	0
-3.285	0
-3.284	0
-3.283	0
-3.282	0
-3.281	0
-3.28	0
-3.279	0
-3.278	0
-3.277	0
-3.276	0
-3.275	0
-3.274	0
-3.273	0
-3.272	0
-3.271	0
-3.27	0
-3.269	0
-3.268	0
-3.267	0
-3.266	0
-3.265	0
-3.264	0
-3.263	0
-3.262	0
-3.261	0
-3.26	0
-3.259	0
-3.258	0
-3.257	0
-3.256	0
-3.255	0
-3.254	0
-3.253	0
-3.252	0
-3.251	0
-3.25	0
-3.249	0
-3.248	0
-3.247	0
-3.246	0
-3.245	0
-3.244	0
-3.243	0
-3.242	0
-3.241	0
-3.24	0
-3.239	0
-3.238	0
-3.237	0
-3.236	0
-3.235	0
-3.234	0
-3.233	0
-3.232	0
-3.231	0
-3.23	0
-3.229	0
-3.228	0
-3.227	0
-3.226	0
-3.225	0
-3.224	0
-3.223	0
-3.222	0
-3.221	0
-3.22	0
-3.219	0
-3.218	0
-3.217	0
-3.216	0
-3.215	0
-3.214	0
-3.213	0
-3.212	0
-3.211	0
-3.21	0
-3.209	0
-3.208	0
-3.207	0
-3.206	0
-3.205	0
-3.204	0
-3.203	0
-3.202	0
-3.201	0
-3.2	0
-3.199	0
-3.198	0
-3.197	0
-3.196	0
-3.195	0
-3.194	0
-3.193	0
-3.192	0
-3.191	0
-3.19	0
-3.189	0
-3.188	0
-3.187	0
-3.186	0
-3.185	0
-3.184	0
-3.183	0
-3.182	0
-3.181	0
-3.18	0
-3.179	0
-3.178	0
-3.177	0
-3.176	0
-3.175	0
-3.174	0
-3.173	0
-3.172	0
-3.171	0
-3.17	0
-3.169	0
-3.168	0
-3.167	0
-3.166	0
-3.165	0
-3.164	0
-3.163	0
-3.162	0
-3.161	0
-3.16	0
-3.159	0
-3.158	0
-3.157	0
-3.156	0
-3.155	0
-3.154	0
-3.153	0
-3.152	0
-3.151	0
-3.15	0
-3.149	0
-3.148	0
-3.147	0
-3.146	0
-3.145	0
-3.144	0
-3.143	0
-3.142	0
-3.141	0
-3.14	0
-3.139	0
-3.138	0
-3.137	0
-3.136	0
-3.135	0
-3.134	0
-3.133	0
-3.132	0
-3.131	0
-3.13	0
-3.129	0
-3.128	0
-3.127	0
-3.126	0
-3.125	0
-3.124	0
-3.123	0
-3.122	0
-3.121	0
-3.12	0
-3.119	0
-3.118	0
-3.117	0
-3.116	0
-3.115	0
-3.114	0
-3.113	0
-3.112	0
-3.111	0
-3.11	0
-3.109	0
-3.108	0
-3.107	0
-3.106	0
-3.105	0
-3.104	0
-3.103	0
-3.102	0
-3.101	0
-3.1	0
-3.099	0
-3.098	0
-3.097	0
-3.096	0
-3.095	0
-3.094	0
-3.093	0
-3.092	0
-3.091	0
-3.09	0
-3.089	0
-3.088	0
-3.087	0
-3.086	0
-3.085	0
-3.084	0
-3.083	0
-3.082	0
-3.081	0
-3.08	0
-3.079	0
-3.078	0
-3.077	0
-3.076	0
-3.075	0
-3.074	0
-3.073	0
-3.072	0
-3.071	0
-3.07	0
-3.069	0
-3.068	0
-3.067	0
-3.066	0
-3.065	0
-3.064	0
-3.063	0
-3.062	0
-3.061	0
-3.06	0
-3.059	0
-3.058	0
-3.057	0
-3.056	0
-3.055	0
-3.054	0
-3.053	0
-3.052	0
-3.051	0
-3.05	0
-3.049	0
-3.048	0
-3.047	0
-3.046	0
-3.045	0
-3.044	0
-3.043	0
-3.042	0
-3.041	0
-3.04	0
-3.039	0
-3.038	0
-3.037	0
-3.036	0
-3.035	0
-3.034	0
-3.033	0
-3.032	0
-3.031	0
-3.03	0
-3.029	0
-3.028	0
-3.027	0
-3.026	0
-3.025	0
-3.024	0
-3.023	0
-3.022	0
-3.021	0
-3.02	0
-3.019	0
-3.018	0
-3.017	0
-3.016	0
-3.015	0
-3.014	0
-3.013	0
-3.012	0
-3.011	0
-3.01	0
-3.009	0
-3.008	0
-3.007	0
-3.006	0
-3.005	0
-3.004	0
-3.003	0
-3.002	0
-3.001	0
-3	0
-2.999	0
-2.998	0
-2.997	0
-2.996	0
-2.995	0
-2.994	0
-2.993	0
-2.992	0
-2.991	0
-2.99	0
-2.989	0
-2.988	0
-2.987	0
-2.986	0
-2.985	0
-2.984	0
-2.983	0
-2.982	0
-2.981	0
-2.98	0
-2.979	0
-2.978	0
-2.977	0
-2.976	0
-2.975	0
-2.974	0
-2.973	0
-2.972	0
-2.971	0
-2.97	0
-2.969	0
-2.968	0
-2.967	0
-2.966	0
-2.965	0
-2.964	0
-2.963	0
-2.962	0
-2.961	0
-2.96	0
-2.959	0
-2.958	0
-2.957	0
-2.956	0
-2.955	0
-2.954	0
-2.953	0
-2.952	0
-2.951	0
-2.95	0
-2.949	0
-2.948	0
-2.947	0
-2.946	0
-2.945	0
-2.944	0
-2.943	0
-2.942	0
-2.941	0
-2.94	0
-2.939	0
-2.938	0
-2.937	0
-2.936	0
-2.935	0
-2.934	0
-2.933	0
-2.932	0
-2.931	0
-2.93	0
-2.929	0
-2.928	0
-2.927	0
-2.926	0
-2.925	0
-2.924	0
-2.923	0
-2.922	0
-2.921	0
-2.92	0
-2.919	0
-2.918	0
-2.917	0
-2.916	0
-2.915	0
-2.914	0
-2.913	0
-2.912	0
-2.911	0
-2.91	0
-2.909	0
-2.908	0
-2.907	0
-2.906	0
-2.905	0
-2.904	0
-2.903	0
-2.902	0
-2.901	0
-2.9	0
-2.899	0
-2.898	0
-2.897	0
-2.896	0
-2.895	0
-2.894	0
-2.893	0
-2.892	0
-2.891	0
-2.89	0
-2.889	0
-2.888	0
-2.887	0
-2.886	0
-2.885	0
-2.884	0
-2.883	0
-2.882	0
-2.881	0
-2.88	0
-2.879	0
-2.878	0
-2.877	0
-2.876	0
-2.875	0
-2.874	0
-2.873	0
-2.872	0
-2.871	0
-2.87	0
-2.869	0
-2.868	0
-2.867	0
-2.866	0
-2.865	0
-2.864	0
-2.863	0
-2.862	0
-2.861	0
-2.86	0
-2.859	0
-2.858	0
-2.857	0
-2.856	0
-2.855	0
-2.854	0
-2.853	0
-2.852	0
-2.851	0
-2.85	0
-2.849	0
-2.848	0
-2.847	0
-2.846	0
-2.845	0
-2.844	0
-2.843	0
-2.842	0
-2.841	0
-2.84	0
-2.839	0
-2.838	0
-2.837	0
-2.836	0
-2.835	0
-2.834	0
-2.833	0
-2.832	0
-2.831	0
-2.83	0
-2.829	0
-2.828	0
-2.827	0
-2.826	0
-2.825	0
-2.824	0
-2.823	0
-2.822	0
-2.821	0
-2.82	0
-2.819	0
-2.818	0
-2.817	0
-2.816	0
-2.815	0
-2.814	0
-2.813	0
-2.812	0
-2.811	0
-2.81	0
-2.809	0
-2.808	0
-2.807	0
-2.806	0
-2.805	0
-2.804	0
-2.803	0
-2.802	0
-2.801	0
-2.8	0
-2.799	0
-2.798	0
-2.797	0
-2.796	0
-2.795	0
-2.794	0
-2.793	0
-2.792	0
-2.791	0
-2.79	0
-2.789	0
-2.788	0
-2.787	0
-2.786	0
-2.785	0
-2.784	0
-2.783	0
-2.782	0
-2.781	0
-2.78	0
-2.779	0
-2.778	0
-2.777	0
-2.776	0
-2.775	0
-2.774	0
-2.773	0
-2.772	0
-2.771	0
-2.77	0
-2.769	0
-2.768	0
-2.767	0
-2.766	0
-2.765	0
-2.764	0
-2.763	0
-2.762	0
-2.761	0
-2.76	0
-2.759	0
-2.758	0
-2.757	0
-2.756	0
-2.755	0
-2.754	0
-2.753	0
-2.752	0
-2.751	0
-2.75	0
-2.749	0
-2.748	0
-2.747	0
-2.746	0
-2.745	0
-2.744	0
-2.743	0
-2.742	0
-2.741	0
-2.74	0
-2.739	0
-2.738	0
-2.737	0
-2.736	0
-2.735	0
-2.734	0
-2.733	0
-2.732	0
-2.731	0
-2.73	0
-2.729	0
-2.728	0
-2.727	0
-2.726	0
-2.725	0
-2.724	0
-2.723	0
-2.722	0
-2.721	0
-2.72	0
-2.719	0
-2.718	0
-2.717	0
-2.716	0
-2.715	0
-2.714	0
-2.713	0
-2.712	0
-2.711	0
-2.71	0
-2.709	0
-2.708	0
-2.707	0
-2.706	0
-2.705	0
-2.704	0
-2.703	0
-2.702	0
-2.701	0
-2.7	0
-2.699	0
-2.698	0
-2.697	0
-2.696	0
-2.695	0
-2.694	0
-2.693	0
-2.692	0
-2.691	0
-2.69	0
-2.689	0
-2.688	0
-2.687	0
-2.686	0
-2.685	0
-2.684	0
-2.683	0
-2.682	0
-2.681	0
-2.68	0
-2.679	0
-2.678	0
-2.677	0
-2.676	0
-2.675	0
-2.674	0
-2.673	0
-2.672	0
-2.671	0
-2.67	0
-2.669	0
-2.668	0
-2.667	0
-2.666	0
-2.665	0
-2.664	0
-2.663	0
-2.662	0
-2.661	0
-2.66	0
-2.659	0
-2.658	0
-2.657	0
-2.656	0
-2.655	0
-2.654	0
-2.653	0
-2.652	0
-2.651	0
-2.65	0
-2.649	0
-2.648	0
-2.647	0
-2.646	0
-2.645	0
-2.644	0
-2.643	0
-2.642	0
-2.641	0
-2.64	0
-2.639	0
-2.638	0
-2.637	0
-2.636	0
-2.635	0
-2.634	0
-2.633	0
-2.632	0
-2.631	0
-2.63	0
-2.629	0
-2.628	0
-2.627	0
-2.626	0
-2.625	0
-2.624	0
-2.623	0
-2.622	0
-2.621	0
-2.62	0
-2.619	0
-2.618	0
-2.617	0
-2.616	0
-2.615	0
-2.614	0
-2.613	0
-2.612	0
-2.611	0
-2.61	0
-2.609	0
-2.608	0
-2.607	0
-2.606	0
-2.605	0
-2.604	0
-2.603	0
-2.602	0
-2.601	0
-2.6	0
-2.599	0
-2.598	0
-2.597	0
-2.596	0
-2.595	0
-2.594	0
-2.593	0
-2.592	0
-2.591	0
-2.59	0
-2.589	0
-2.588	0
-2.587	0
-2.586	0
-2.585	0
-2.584	0
-2.583	0
-2.582	0
-2.581	0
-2.58	0
-2.579	0
-2.578	0
-2.577	0
-2.576	0
-2.575	0
-2.574	0
-2.573	0
-2.572	0
-2.571	0
-2.57	0
-2.569	0
-2.568	0
-2.567	0
-2.566	0
-2.565	0
-2.564	0
-2.563	0
-2.562	0
-2.561	0
-2.56	0
-2.559	0
-2.558	0
-2.557	0
-2.556	0
-2.555	0
-2.554	0
-2.553	0
-2.552	0
-2.551	0
-2.55	0
-2.549	0
-2.548	0
-2.547	0
-2.546	0
-2.545	0
-2.544	0
-2.543	0
-2.542	0
-2.541	0
-2.54	0
-2.539	0
-2.538	0
-2.537	0
-2.536	0
-2.535	0
-2.534	0
-2.533	0
-2.532	0
-2.531	0
-2.53	0
-2.529	0
-2.528	0
-2.527	0
-2.526	0
-2.525	0
-2.524	0
-2.523	0
-2.522	0
-2.521	0
-2.52	0
-2.519	0
-2.518	0
-2.517	0
-2.516	0
-2.515	0
-2.514	0
-2.513	0
-2.512	0
-2.511	0
-2.51	0
-2.509	0
-2.508	0
-2.507	0
-2.506	0
-2.505	0
-2.504	0
-2.503	0
-2.502	0
-2.501	0
-2.5	0
-2.499	0
-2.498	0
-2.497	0
-2.496	0
-2.495	0
-2.494	0
-2.493	0
-2.492	0
-2.491	0
-2.49	0
-2.489	0
-2.488	0
-2.487	0
-2.486	0
-2.485	0
-2.484	0
-2.483	0
-2.482	0
-2.481	0
-2.48	0
-2.479	0
-2.478	0
-2.477	0
-2.476	0
-2.475	0
-2.474	0
-2.473	0
-2.472	0
-2.471	0
-2.47	0
-2.469	0
-2.468	0
-2.467	0
-2.466	0
-2.465	0
-2.464	0
-2.463	0
-2.462	0
-2.461	0
-2.46	0
-2.459	0
-2.458	0
-2.457	0
-2.456	0
-2.455	0
-2.454	0
-2.453	0
-2.452	0
-2.451	0
-2.45	0
-2.449	0
-2.448	1.1105e-077
-2.447	2.76579e-076
-2.446	1.59917e-075
-2.445	6.10262e-075
-2.444	1.96986e-074
-2.443	6.4073e-074
-2.442	2.25458e-073
-2.441	8.26592e-073
-2.44	3.07858e-072
-2.439	1.1491e-071
-2.438	4.2742e-071
-2.437	1.58134e-070
-2.436	5.81591e-070
-2.435	2.12611e-069
-2.434	7.72534e-069
-2.433	2.79004e-068
-2.432	1.00149e-067
-2.431	3.57295e-067
-2.43	1.26687e-066
-2.429	4.46429e-066
-2.428	1.56343e-065
-2.427	5.44121e-065
-2.426	1.88188e-064
-2.425	6.46781e-064
-2.424	2.2089e-063
-2.423	7.49611e-063
-2.422	2.52769e-062
-2.421	8.46893e-062
-2.42	2.81926e-061
-2.419	9.3246e-061
-2.418	3.06408e-060
-2.417	1.0003e-059
-2.416	3.24422e-059
-2.415	1.04525e-058
-2.414	3.34541e-058
-2.413	1.06361e-057
-2.412	3.35895e-057
-2.411	1.05365e-056
-2.41	3.28285e-056
-2.409	1.01589e-055
-2.408	3.12226e-055
-2.407	9.53019e-055
-2.406	2.88887e-054
-2.405	8.69629e-054
-2.404	2.59956e-053
-2.403	7.71632e-053
-2.402	2.2743e-052
-2.401	6.65569e-052
-2.4	1.93388e-051
-2.399	5.57879e-051
-2.398	1.59773e-050
-2.397	4.5426e-050
-2.396	1.2821e-049
-2.395	3.59198e-049
-2.394	9.98905e-049
-2.393	2.75722e-048
-2.392	7.55362e-048
-2.391	2.05378e-047
-2.39	5.54176e-047
-2.389	1.48393e-046
-2.388	3.94302e-046
-2.387	1.03962e-045
-2.386	2.7197e-045
-2.385	7.05913e-045
-2.384	1.81777e-044
-2.383	4.64364e-044
-2.382	1.17676e-043
-2.381	2.958e-043
-2.38	7.37509e-043
-2.379	1.82375e-042
-2.378	4.47269e-042
-2.377	1.08779e-041
-2.376	2.62344e-041
-2.375	6.27357e-041
-2.374	1.48747e-040
-2.373	3.49654e-040
-2.372	8.1481e-040
-2.371	1.88222e-039
-2.37	4.30969e-039
-2.369	9.78029e-039
-2.368	2.19965e-038
-2.367	4.90245e-038
-2.366	1.08267e-037
-2.365	2.36901e-037
-2.364	5.13552e-037
-2.363	1.10284e-036
-2.362	2.34587e-036
-2.361	4.94224e-036
-2.36	1.03116e-035
-2.359	2.13042e-035
-2.358	4.35808e-035
-2.357	8.8261e-035
-2.356	1.76944e-034
-2.355	3.51114e-034
-2.354	6.89522e-034
-2.353	1.33993e-033
-2.352	2.57627e-033
-2.351	4.90024e-033
-2.35	9.21925e-033
-2.349	1.71538e-032
-2.348	3.15606e-032
-2.347	5.74082e-032
-2.346	1.03222e-031
-2.345	1.83425e-031
-2.344	3.22068e-031
-2.343	5.58662e-031
-2.342	9.57119e-031
-2.341	1.61918e-030
-2.34	2.70413e-030
-2.339	4.45698e-030
-2.338	7.24781e-030
-2.337	1.16248e-029
-2.336	1.83832e-029
-2.335	2.86514e-029
-2.334	4.39918e-029
-2.333	6.65101e-029
-2.332	9.89594e-029
-2.331	1.44814e-028
-2.33	2.08279e-028
-2.329	2.9417e-028
-2.328	4.07618e-028
-2.327	5.53494e-028
-2.326	7.35487e-028
-2.325	9.5478e-028
-2.324	1.20831e-027
-2.323	1.48669e-027
-2.322	1.77211e-027
-2.321	2.03662e-027
-2.32	2.24166e-027
-2.319	2.33996e-027
-2.318	2.28153e-027
-2.317	2.02556e-027
-2.316	1.56075e-027
-2.315	9.36759e-028
-2.314	3.09101e-028
-2.313	1.25217e-031
-2.312	5.776e-028
-2.311	2.95182e-027
-2.31	8.49088e-027
-2.309	1.91526e-026
-2.308	3.76307e-026
-2.307	6.75113e-026
-2.306	1.13437e-025
-2.305	1.81276e-025
-2.304	2.78291e-025
-2.303	4.13316e-025
-2.302	5.96931e-025
-2.301	8.41655e-025
-2.3	1.16214e-024
-2.299	1.57541e-024
-2.298	2.10109e-024
-2.297	2.7617e-024
-2.296	3.58292e-024
-2.295	4.59398e-024
-2.294	5.82791e-024
-2.293	7.32191e-024
-2.292	9.11764e-024
-2.291	1.12615e-023
-2.29	1.38046e-023
-2.289	1.68035e-023
-2.288	2.03194e-023
-2.287	2.44189e-023
-2.286	2.91735e-023
-2.285	3.46595e-023
-2.284	4.09582e-023
-2.283	4.81555e-023
-2.282	5.63419e-023
-2.281	6.56121e-023
-2.28	7.60654e-023
-2.279	8.78052e-023
-2.278	1.00938e-022
-2.277	1.15576e-022
-2.276	1.31831e-022
-2.275	1.4982e-022
-2.274	1.69659e-022
-2.273	1.91466e-022
-2.272	2.15355e-022
-2.271	2.41441e-022
-2.27	2.69831e-022
-2.269	3.00628e-022
-2.268	3.33929e-022
-2.267	3.69817e-022
-2.266	4.08368e-022
-2.265	4.49648e-022
-2.264	4.93704e-022
-2.263	5.40572e-022
-2.262	5.90269e-022
-2.261	6.42797e-022
-2.26	6.98135e-022
-2.259	7.56245e-022
-2.258	8.17065e-022
-2.257	8.80511e-022
-2.256	9.46473e-022
-2.255	1.01482e-021
-2.254	1.08539e-021
-2.253	1.158e-021
-2.252	1.23245e-021
-2.251	1.30848e-021
-2.25	1.38585e-021
-2.249	1.46425e-021
-2.248	1.54338e-021
-2.247	1.62289e-021
-2.246	1.70243e-021
-2.245	1.7816e-021
-2.244	1.86e-021
-2.243	1.93722e-021
-2.242	2.01282e-021
-2.241	2.08633e-021
-2.24	2.15732e-021
-2.239	2.22531e-021
-2.238	2.28985e-021
-2.237	2.35048e-021
-2.236	2.40675e-021
-2.235	2.45821e-021
-2.234	2.50442e-021
-2.233	2.545e-021
-2.232	2.57956e-021
-2.231	2.60773e-021
-2.23	2.62919e-021
-2.229	2.64368e-021
-2.228	2.65094e-021
-2.227	2.6508e-021
-2.226	2.64313e-021
-2.225	2.6279e-021
-2.224	2.60512e-021
-2.223	2.57494e-021
-2.222	2.53755e-021
-2.221	2.49328e-021
-2.22	2.44258e-021
-2.219	2.38604e-021
-2.218	2.32437e-021
-2.217	2.2585e-021
-2.216	2.18947e-021
-2.215	2.11854e-021
-2.214	2.04717e-021
-2.213	1.97706e-021
-2.212	1.91014e-021
-2.211	1.84859e-021
-2.21	1.79487e-021
-2.209	1.75172e-021
-2.208	1.7222e-021
-2.207	1.70967e-021
-2.206	1.71784e-021
-2.205	1.75075e-021
-2.204	1.81281e-021
-2.203	1.9088e-021
-2.202	2.04387e-021
-2.201	2.22356e-021
-2.2	2.45379e-021
-2.199	2.74088e-021
-2.198	3.09151e-021
-2.197	3.51277e-021
-2.196	4.01207e-021
-2.195	4.59721e-021
-2.194	5.2763e-021
-2.193	6.05777e-021
-2.192	6.95036e-021
-2.191	7.96305e-021
-2.19	9.10506e-021
-2.189	1.03859e-020
-2.188	1.1815e-020
-2.187	1.34023e-020
-2.186	1.51574e-020
-2.185	1.70902e-020
-2.184	1.92102e-020
-2.183	2.1527e-020
-2.182	2.40498e-020
-2.181	2.67875e-020
-2.18	2.97487e-020
-2.179	3.29409e-020
-2.178	3.63716e-020
-2.177	4.00471e-020
-2.176	4.39728e-020
-2.175	4.81532e-020
-2.174	5.25918e-020
-2.173	5.72905e-020
-2.172	6.225e-020
-2.171	6.74694e-020
-2.17	7.29462e-020
-2.169	7.86758e-020
-2.168	8.46521e-020
-2.167	9.08665e-020
-2.166	9.73084e-020
-2.165	1.03965e-019
-2.164	1.10821e-019
-2.163	1.17858e-019
-2.162	1.25056e-019
-2.161	1.32391e-019
-2.16	1.39839e-019
-2.159	1.47371e-019
-2.158	1.54955e-019
-2.157	1.6256e-019
-2.156	1.70148e-019
-2.155	1.77682e-019
-2.154	1.85123e-019
-2.153	1.92426e-019
-2.152	1.9955e-019
-2.151	2.06449e-019
-2.15	2.13076e-019
-2.149	2.19386e-019
-2.148	2.2533e-019
-2.147	2.30861e-019
-2.146	2.35934e-019
-2.145	2.40502e-019
-2.144	2.44521e-019
-2.143	2.47951e-019
-2.142	2.50753e-019
-2.141	2.52892e-019
-2.14	2.54339e-019
-2.139	2.55068e-019
-2.138	2.55061e-019
-2.137	2.54307e-019
-2.136	2.52803e-019
-2.135	2.50557e-019
-2.134	2.47582e-019
-2.133	2.4391e-019
-2.132	2.39579e-019
-2.131	2.34644e-019
-2.13	2.29173e-019
-2.129	2.23251e-019
-2.128	2.16977e-019
-2.127	2.10471e-019
-2.126	2.0387e-019
-2.125	1.97331e-019
-2.124	1.91031e-019
-2.123	1.85171e-019
-2.122	1.79973e-019
-2.121	1.75683e-019
-2.12	1.72572e-019
-2.119	1.70935e-019
-2.118	1.71093e-019
-2.117	1.73394e-019
-2.116	1.7821e-019
-2.115	1.85941e-019
-2.114	1.97014e-019
-2.113	2.11878e-019
-2.112	2.31013e-019
-2.111	2.5492e-019
-2.11	2.84126e-019
-2.109	3.19179e-019
-2.108	3.60652e-019
-2.107	4.09136e-019
-2.106	4.65238e-019
-2.105	5.29584e-019
-2.104	6.02812e-019
-2.103	6.85572e-019
-2.102	7.78515e-019
-2.101	8.82306e-019
-2.1	9.97603e-019
-2.099	1.12506e-018
-2.098	1.26533e-018
-2.097	1.41903e-018
-2.096	1.5868e-018
-2.095	1.76921e-018
-2.094	1.96682e-018
-2.093	2.18016e-018
-2.092	2.40972e-018
-2.091	2.65592e-018
-2.09	2.91913e-018
-2.089	3.19968e-018
-2.088	3.49781e-018
-2.087	3.81368e-018
-2.086	4.14739e-018
-2.085	4.49891e-018
-2.084	4.86816e-018
-2.083	5.25492e-018
-2.082	5.65888e-018
-2.081	6.0796e-018
-2.08	6.51651e-018
-2.079	6.96894e-018
-2.078	7.43603e-018
-2.077	7.91686e-018
-2.076	8.41028e-018
-2.075	8.91505e-018
-2.074	9.42977e-018
-2.073	9.95288e-018
-2.072	1.04827e-017
-2.071	1.10173e-017
-2.07	1.15548e-017
-2.069	1.2093e-017
-2.068	1.26296e-017
-2.067	1.31623e-017
-2.066	1.36885e-017
-2.065	1.42056e-017
-2.064	1.47109e-017
-2.063	1.52015e-017
-2.062	1.56748e-017
-2.061	1.61277e-017
-2.06	1.65574e-017
-2.059	1.69611e-017
-2.058	1.73358e-017
-2.057	1.76788e-017
-2.056	1.79874e-017
-2.055	1.82592e-017
-2.054	1.84917e-017
-2.053	1.86829e-017
-2.052	1.88309e-017
-2.051	1.89344e-017
-2.05	1.89919e-017
-2.049	1.90028e-017
-2.048	1.89669e-017
-2.047	1.88843e-017
-2.046	1.87559e-017
-2.045	1.85832e-017
-2.044	1.83682e-017
-2.043	1.81139e-017
-2.042	1.7824e-017
-2.041	1.7503e-017
-2.04	1.71564e-017
-2.039	1.67907e-017
-2.038	1.64132e-017
-2.037	1.60326e-017
-2.036	1.56585e-017
-2.035	1.5302e-017
-2.034	1.49748e-017
-2.033	1.46906e-017
-2.032	1.44637e-017
-2.031	1.43103e-017
-2.03	1.42474e-017
-2.029	1.42937e-017
-2.028	1.44692e-017
-2.027	1.4795e-017
-2.026	1.52936e-017
-2.025	1.59891e-017
-2.024	1.69063e-017
-2.023	1.80717e-017
-2.022	1.95125e-017
-2.021	2.12573e-017
-2.02	2.33355e-017
-2.019	2.57774e-017
-2.018	2.8614e-017
-2.017	3.1877e-017
-2.016	3.55985e-017
-2.015	3.98108e-017
-2.014	4.45467e-017
-2.013	4.98386e-017
-2.012	5.57186e-017
-2.011	6.22185e-017
-2.01	6.93694e-017
-2.009	7.72012e-017
-2.008	8.57426e-017
-2.007	9.50211e-017
-2.006	1.05062e-016
-2.005	1.15888e-016
-2.004	1.27521e-016
-2.003	1.39979e-016
-2.002	1.53277e-016
-2.001	1.67426e-016
-2	1.82436e-016
-1.999	1.98309e-016
-1.998	2.15046e-016
-1.997	2.32643e-016
-1.996	2.5109e-016
-1.995	2.70371e-016
-1.994	2.90468e-016
-1.993	3.11352e-016
-1.992	3.32993e-016
-1.991	3.55353e-016
-1.99	3.78388e-016
-1.989	4.02046e-016
-1.988	4.2627e-016
-1.987	4.50997e-016
-1.986	4.76156e-016
-1.985	5.01671e-016
-1.984	5.27458e-016
-1.983	5.53427e-016
-1.982	5.79483e-016
-1.981	6.05527e-016
-1.98	6.31448e-016
-1.979	6.57139e-016
-1.978	6.82484e-016
-1.977	7.07363e-016
-1.976	7.31653e-016
-1.975	7.5523e-016
-1.974	7.77967e-016
-1.973	7.99739e-016
-1.972	8.2042e-016
-1.971	8.39887e-016
-1.97	8.58018e-016
-1.969	8.74697e-016
-1.968	8.89814e-016
-1.967	9.03265e-016
-1.966	9.14957e-016
-1.965	9.24803e-016
-1.964	9.32737e-016
-1.963	9.38698e-016
-1.962	9.42646e-016
-1.961	9.44558e-016
-1.96	9.44431e-016
-1.959	9.42285e-016
-1.958	9.38161e-016
-1.957	9.32133e-016
-1.956	9.24294e-016
-1.955	9.14772e-016
-1.954	9.03729e-016
-1.953	8.9136e-016
-1.952	8.77895e-016
-1.951	8.636e-016
-1.95	8.48787e-016
-1.949	8.33804e-016
-1.948	8.19044e-016
-1.947	8.04944e-016
-1.946	7.91986e-016
-1.945	7.80696e-016
-1.944	7.7165e-016
-1.943	7.6547e-016
-1.942	7.62822e-016
-1.941	7.64422e-016
-1.94	7.71036e-016
-1.939	7.83469e-016
-1.938	8.02573e-016
-1.937	8.29242e-016
-1.936	8.64411e-016
-1.935	9.09056e-016
-1.934	9.64182e-016
-1.933	1.03083e-015
-1.932	1.11007e-015
-1.931	1.203e-015
-1.93	1.31072e-015
-1.929	1.43436e-015
-1.928	1.57505e-015
-1.927	1.73394e-015
-1.926	1.91214e-015
-1.925	2.11077e-015
-1.924	2.33094e-015
-1.923	2.5737e-015
-1.922	2.84011e-015
-1.921	3.13113e-015
-1.92	3.44771e-015
-1.919	3.7907e-015
-1.918	4.16091e-015
-1.917	4.55905e-015
-1.916	4.98574e-015
-1.915	5.44149e-015
-1.914	5.92669e-015
-1.913	6.44164e-015
-1.912	6.98645e-015
-1.911	7.56111e-015
-1.91	8.16551e-015
-1.909	8.79929e-015
-1.908	9.46198e-015
-1.907	1.01529e-014
-1.906	1.08712e-014
-1.905	1.16158e-014
-1.904	1.23855e-014
-1.903	1.31788e-014
-1.902	1.39941e-014
-1.901	1.48295e-014
-1.9	1.56829e-014
-1.899	1.65521e-014
-1.898	1.74346e-014
-1.897	1.83277e-014
-1.896	1.92285e-014
-1.895	2.0134e-014
-1.894	2.10408e-014
-1.893	2.19458e-014
-1.892	2.28451e-014
-1.891	2.37353e-014
-1.89	2.46125e-014
-1.889	2.54729e-014
-1.888	2.63124e-014
-1.887	2.71271e-014
-1.886	2.79131e-014
-1.885	2.86663e-014
-1.884	2.93829e-014
-1.883	3.0059e-014
-1.882	3.06909e-014
-1.881	3.12752e-014
-1.88	3.18085e-014
-1.879	3.22878e-014
-1.878	3.27103e-014
-1.877	3.30739e-014
-1.876	3.33765e-014
-1.875	3.36166e-014
-1.874	3.37932e-014
-1.873	3.3906e-014
-1.872	3.39551e-014
-1.871	3.39416e-014
-1.87	3.3867e-014
-1.869	3.37337e-014
-1.868	3.3545e-014
-1.867	3.33052e-014
-1.866	3.30191e-014
-1.865	3.26931e-014
-1.864	3.2334e-014
-1.863	3.19501e-014
-1.862	3.15506e-014
-1.861	3.1146e-014
-1.86	3.07479e-014
-1.859	3.03689e-014
-1.858	3.00231e-014
-1.857	2.97256e-014
-1.856	2.94928e-014
-1.855	2.93421e-014
-1.854	2.92926e-014
-1.853	2.93639e-014
-1.852	2.95772e-014
-1.851	2.99547e-014
-1.85	3.05196e-014
-1.849	3.1296e-014
-1.848	3.2309e-014
-1.847	3.35847e-014
-1.846	3.51494e-014
-1.845	3.70306e-014
-1.844	3.92561e-014
-1.843	4.1854e-014
-1.842	4.48527e-014
-1.841	4.82806e-014
-1.84	5.21662e-014
-1.839	5.65378e-014
-1.838	6.14229e-014
-1.837	6.68488e-014
-1.836	7.2842e-014
-1.835	7.94275e-014
-1.834	8.66295e-014
-1.833	9.44706e-014
-1.832	1.02972e-013
-1.831	1.12152e-013
-1.83	1.22028e-013
-1.829	1.32615e-013
-1.828	1.43923e-013
-1.827	1.55964e-013
-1.826	1.68741e-013
-1.825	1.82259e-013
-1.824	1.96516e-013
-1.823	2.11507e-013
-1.822	2.27225e-013
-1.821	2.43657e-013
-1.82	2.60786e-013
-1.819	2.7859e-013
-1.818	2.97046e-013
-1.817	3.16121e-013
-1.816	3.35781e-013
-1.815	3.55987e-013
-1.814	3.76695e-013
-1.813	3.97855e-013
-1.812	4.19413e-013
-1.811	4.41312e-013
-1.81	4.63489e-013
-1.809	4.85875e-013
-1.808	5.08402e-013
-1.807	5.30994e-013
-1.806	5.53573e-013
-1.805	5.76056e-013
-1.804	5.98361e-013
-1.803	6.20401e-013
-1.802	6.42087e-013
-1.801	6.6333e-013
-1.8	6.8404e-013
-1.799	7.04127e-013
-1.798	7.23502e-013
-1.797	7.42076e-013
-1.796	7.59764e-013
-1.795	7.76483e-013
-1.794	7.92154e-013
-1.793	8.06705e-013
-1.792	8.20067e-013
-1.791	8.32178e-013
-1.79	8.42985e-013
-1.789	8.52443e-013
-1.788	8.60517e-013
-1.787	8.67183e-013
-1.786	8.72426e-013
-1.785	8.76251e-013
-1.784	8.78672e-013
-1.783	8.79716e-013
-1.782	8.79432e-013
-1.781	8.7788e-013
-1.78	8.75139e-013
-1.779	8.7131e-013
-1.778	8.66511e-013
-1.777	8.60882e-013
-1.776	8.54582e-013
-1.775	8.47793e-013
-1.774	8.40716e-013
-1.773	8.33578e-013
-1.772	8.26627e-013
-1.771	8.20133e-013
-1.77	8.1439e-013
-1.769	8.09713e-013
-1.768	8.06443e-013
-1.767	8.04937e-013
-1.766	8.05578e-013
-1.765	8.08767e-013
-1.764	8.14924e-013
-1.763	8.24489e-013
-1.762	8.37918e-013
-1.761	8.55681e-013
-1.76	8.78265e-013
-1.759	9.06165e-013
-1.758	9.39888e-013
-1.757	9.79948e-013
-1.756	1.02686e-012
-1.755	1.08115e-012
-1.754	1.14333e-012
-1.753	1.21393e-012
-1.752	1.29344e-012
-1.751	1.38238e-012
-1.75	1.48121e-012
-1.749	1.59042e-012
-1.748	1.71044e-012
-1.747	1.8417e-012
-1.746	1.9846e-012
-1.745	2.13949e-012
-1.744	2.30669e-012
-1.743	2.4865e-012
-1.742	2.67915e-012
-1.741	2.88483e-012
-1.74	3.10368e-012
-1.739	3.33579e-012
-1.738	3.58118e-012
-1.737	3.83981e-012
-1.736	4.11158e-012
-1.735	4.39633e-012
-1.734	4.6938e-012
-1.733	5.0037e-012
-1.732	5.32561e-012
-1.731	5.65909e-012
-1.73	6.00357e-012
-1.729	6.35845e-012
-1.728	6.72303e-012
-1.727	7.09652e-012
-1.726	7.47808e-012
-1.725	7.86676e-012
-1.724	8.26158e-012
-1.723	8.66145e-012
-1.722	9.06523e-012
-1.721	9.47173e-012
-1.72	9.87968e-012
-1.719	1.02878e-011
-1.718	1.06946e-011
-1.717	1.10988e-011
-1.716	1.1499e-011
-1.715	1.18937e-011
-1.714	1.22813e-011
-1.713	1.26605e-011
-1.712	1.30298e-011
-1.711	1.33877e-011
-1.71	1.37328e-011
-1.709	1.40638e-011
-1.708	1.43792e-011
-1.707	1.46778e-011
-1.706	1.49586e-011
-1.705	1.52203e-011
-1.704	1.54619e-011
-1.703	1.56827e-011
-1.702	1.5882e-011
-1.701	1.60592e-011
-1.7	1.62138e-011
-1.699	1.63457e-011
-1.698	1.64549e-011
-1.697	1.65416e-011
-1.696	1.66062e-011
-1.695	1.66494e-011
-1.694	1.66721e-011
-1.693	1.66754e-011
-1.692	1.66609e-011
-1.691	1.66303e-011
-1.69	1.65856e-011
-1.689	1.65291e-011
-1.688	1.64635e-011
-1.687	1.63917e-011
-1.686	1.6317e-011
-1.685	1.6243e-011
-1.684	1.61734e-011
-1.683	1.61126e-011
-1.682	1.6065e-011
-1.681	1.60354e-011
-1.68	1.60289e-011
-1.679	1.60508e-011
-1.678	1.61068e-011
-1.677	1.62027e-011
-1.676	1.63446e-011
-1.675	1.65389e-011
-1.674	1.67919e-011
-1.673	1.71103e-011
-1.672	1.7501e-011
-1.671	1.79707e-011
-1.67	1.85264e-011
-1.669	1.9175e-011
-1.668	1.99236e-011
-1.667	2.07789e-011
-1.666	2.17479e-011
-1.665	2.28371e-011
-1.664	2.40531e-011
-1.663	2.54022e-011
-1.662	2.68904e-011
-1.661	2.85233e-011
-1.66	3.03063e-011
-1.659	3.22444e-011
-1.658	3.43419e-011
-1.657	3.66029e-011
-1.656	3.90307e-011
-1.655	4.1628e-011
-1.654	4.43971e-011
-1.653	4.73394e-011
-1.652	5.04555e-011
-1.651	5.37454e-011
-1.65	5.72083e-011
-1.649	6.08423e-011
-1.648	6.46448e-011
-1.647	6.86126e-011
-1.646	7.27409e-011
-1.645	7.70246e-011
-1.644	8.14574e-011
-1.643	8.60318e-011
-1.642	9.07398e-011
-1.641	9.55724e-011
-1.64	1.00519e-010
-1.639	1.0557e-010
-1.638	1.10711e-010
-1.637	1.15932e-010
-1.636	1.21218e-010
-1.635	1.26555e-010
-1.634	1.31928e-010
-1.633	1.37322e-010
-1.632	1.42719e-010
-1.631	1.48105e-010
-1.63	1.53461e-010
-1.629	1.5877e-010
-1.628	1.64015e-010
-1.627	1.69178e-010
-1.626	1.74242e-010
-1.625	1.79189e-010
-1.624	1.84002e-010
-1.623	1.88665e-010
-1.622	1.93161e-010
-1.621	1.97475e-010
-1.62	2.01592e-010
-1.619	2.05499e-010
-1.618	2.09184e-010
-1.617	2.12635e-010
-1.616	2.15843e-010
-1.615	2.18801e-010
-1.614	2.21501e-010
-1.613	2.23941e-010
-1.612	2.26118e-010
-1.611	2.28031e-010
-1.61	2.29685e-010
-1.609	2.31084e-010
-1.608	2.32235e-010
-1.607	2.33149e-010
-1.606	2.33839e-010
-1.605	2.34323e-010
-1.604	2.34618e-010
-1.603	2.34748e-010
-1.602	2.34738e-010
-1.601	2.34617e-010
-1.6	2.34416e-010
-1.599	2.34172e-010
-1.598	2.33921e-010
-1.597	2.33707e-010
-1.596	2.33572e-010
-1.595	2.33564e-010
-1.594	2.33734e-010
-1.593	2.34136e-010
-1.592	2.34824e-010
-1.591	2.35857e-010
-1.59	2.37295e-010
-1.589	2.392e-010
-1.588	2.41639e-010
-1.587	2.44674e-010
-1.586	2.48374e-010
-1.585	2.52806e-010
-1.584	2.58039e-010
-1.583	2.64142e-010
-1.582	2.71182e-010
-1.581	2.79229e-010
-1.58	2.88349e-010
-1.579	2.98608e-010
-1.578	3.1007e-010
-1.577	3.22797e-010
-1.576	3.36848e-010
-1.575	3.5228e-010
-1.574	3.69145e-010
-1.573	3.87493e-010
-1.572	4.07367e-010
-1.571	4.28807e-010
-1.57	4.51848e-010
-1.569	4.76517e-010
-1.568	5.02838e-010
-1.567	5.30827e-010
-1.566	5.60493e-010
-1.565	5.91836e-010
-1.564	6.24854e-010
-1.563	6.59532e-010
-1.562	6.95849e-010
-1.561	7.33775e-010
-1.56	7.73274e-010
-1.559	8.143e-010
-1.558	8.56794e-010
-1.557	9.00697e-010
-1.556	9.45937e-010
-1.555	9.92431e-010
-1.554	1.04009e-009
-1.553	1.08883e-009
-1.552	1.13852e-009
-1.551	1.18908e-009
-1.55	1.24036e-009
-1.549	1.29226e-009
-1.548	1.34463e-009
-1.547	1.39735e-009
-1.546	1.45026e-009
-1.545	1.50322e-009
-1.544	1.55609e-009
-1.543	1.6087e-009
-1.542	1.66091e-009
-1.541	1.71256e-009
-1.54	1.7635e-009
-1.539	1.81357e-009
-1.538	1.86262e-009
-1.537	1.91051e-009
-1.536	1.95709e-009
-1.535	2.00223e-009
-1.534	2.04579e-009
-1.533	2.08766e-009
-1.532	2.12772e-009
-1.531	2.16587e-009
-1.53	2.20203e-009
-1.529	2.23611e-009
-1.528	2.26807e-009
-1.527	2.29784e-009
-1.526	2.32541e-009
-1.525	2.35076e-009
-1.524	2.3739e-009
-1.523	2.39485e-009
-1.522	2.41368e-009
-1.521	2.43044e-009
-1.52	2.44523e-009
-1.519	2.45816e-009
-1.518	2.46939e-009
-1.517	2.47906e-009
-1.516	2.48737e-009
-1.515	2.49452e-009
-1.514	2.50076e-009
-1.513	2.50634e-009
-1.512	2.51155e-009
-1.511	2.5167e-009
-1.51	2.52212e-009
-1.509	2.52815e-009
-1.508	2.53519e-009
-1.507	2.54362e-009
-1.506	2.55386e-009
-1.505	2.56633e-009
-1.504	2.5815e-009
-1.503	2.59981e-009
-1.502	2.62175e-009
-1.501	2.64781e-009
-1.5	2.67848e-009
-1.499	2.71425e-009
-1.498	2.75564e-009
-1.497	2.80316e-009
-1.496	2.8573e-009
-1.495	2.91856e-009
-1.494	2.98744e-009
-1.493	3.06442e-009
-1.492	3.14998e-009
-1.491	3.24456e-009
-1.49	3.3486e-009
-1.489	3.4625e-009
-1.488	3.58667e-009
-1.487	3.72144e-009
-1.486	3.86716e-009
-1.485	4.0241e-009
-1.484	4.19253e-009
-1.483	4.37266e-009
-1.482	4.56465e-009
-1.481	4.76864e-009
-1.48	4.98469e-009
-1.479	5.21285e-009
-1.478	5.45308e-009
-1.477	5.70531e-009
-1.476	5.96939e-009
-1.475	6.24516e-009
-1.474	6.53235e-009
-1.473	6.83068e-009
-1.472	7.13976e-009
-1.471	7.45918e-009
-1.47	7.78848e-009
-1.469	8.12713e-009
-1.468	8.47454e-009
-1.467	8.83006e-009
-1.466	9.193e-009
-1.465	9.56263e-009
-1.464	9.93814e-009
-1.463	1.03187e-008
-1.462	1.07035e-008
-1.461	1.10916e-008
-1.46	1.1482e-008
-1.459	1.18739e-008
-1.458	1.22661e-008
-1.457	1.26578e-008
-1.456	1.30479e-008
-1.455	1.34354e-008
-1.454	1.38193e-008
-1.453	1.41985e-008
-1.452	1.45722e-008
-1.451	1.49393e-008
-1.45	1.52989e-008
-1.449	1.56501e-008
-1.448	1.59921e-008
-1.447	1.6324e-008
-1.446	1.66452e-008
-1.445	1.69549e-008
-1.444	1.72526e-008
-1.443	1.75378e-008
-1.442	1.781e-008
-1.441	1.80688e-008
-1.44	1.83142e-008
-1.439	1.85458e-008
-1.438	1.87639e-008
-1.437	1.89683e-008
-1.436	1.91596e-008
-1.435	1.93378e-008
-1.434	1.95036e-008
-1.433	1.96576e-008
-1.432	1.98006e-008
-1.431	1.99334e-008
-1.43	2.00572e-008
-1.429	2.01731e-008
-1.428	2.02824e-008
-1.427	2.03867e-008
-1.426	2.04876e-008
-1.425	2.05867e-008
-1.424	2.06861e-008
-1.423	2.07875e-008
-1.422	2.08933e-008
-1.421	2.10056e-008
-1.42	2.11268e-008
-1.419	2.12593e-008
-1.418	2.14056e-008
-1.417	2.15683e-008
-1.416	2.17502e-008
-1.415	2.19539e-008
-1.414	2.21821e-008
-1.413	2.24378e-008
-1.412	2.27236e-008
-1.411	2.30425e-008
-1.41	2.33973e-008
-1.409	2.37905e-008
-1.408	2.42252e-008
-1.407	2.47038e-008
-1.406	2.5229e-008
-1.405	2.58033e-008
-1.404	2.6429e-008
-1.403	2.71084e-008
-1.402	2.78437e-008
-1.401	2.86368e-008
-1.4	2.94895e-008
-1.399	3.04034e-008
-1.398	3.13799e-008
-1.397	3.24201e-008
-1.396	3.35251e-008
-1.395	3.46955e-008
-1.394	3.59318e-008
-1.393	3.72342e-008
-1.392	3.86026e-008
-1.391	4.00367e-008
-1.39	4.15357e-008
-1.389	4.30988e-008
-1.388	4.47248e-008
-1.387	4.6412e-008
-1.386	4.81589e-008
-1.385	4.99631e-008
-1.384	5.18223e-008
-1.383	5.3734e-008
-1.382	5.5695e-008
-1.381	5.77022e-008
-1.38	5.97521e-008
-1.379	6.1841e-008
-1.378	6.3965e-008
-1.377	6.61199e-008
-1.376	6.83015e-008
-1.375	7.05053e-008
-1.374	7.27264e-008
-1.373	7.49603e-008
-1.372	7.7202e-008
-1.371	7.94467e-008
-1.37	8.16893e-008
-1.369	8.39248e-008
-1.368	8.61483e-008
-1.367	8.8355e-008
-1.366	9.054e-008
-1.365	9.26986e-008
-1.364	9.4826e-008
-1.363	9.69181e-008
-1.362	9.89708e-008
-1.361	1.0098e-007
-1.36	1.02942e-007
-1.359	1.04854e-007
-1.358	1.06713e-007
-1.357	1.08516e-007
-1.356	1.10261e-007
-1.355	1.11947e-007
-1.354	1.13572e-007
-1.353	1.15135e-007
-1.352	1.16638e-007
-1.351	1.18078e-007
-1.35	1.19459e-007
-1.349	1.20781e-007
-1.348	1.22046e-007
-1.347	1.23258e-007
-1.346	1.24419e-007
-1.345	1.25533e-007
-1.344	1.26606e-007
-1.343	1.27642e-007
-1.342	1.28647e-007
-1.341	1.29628e-007
-1.34	1.30592e-007
-1.339	1.31546e-007
-1.338	1.32498e-007
-1.337	1.33458e-007
-1.336	1.34434e-007
-1.335	1.35436e-007
-1.334	1.36475e-007
-1.333	1.37561e-007
-1.332	1.38705e-007
-1.331	1.39917e-007
-1.33	1.4121e-007
-1.329	1.42596e-007
-1.328	1.44085e-007
-1.327	1.45691e-007
-1.326	1.47424e-007
-1.325	1.49298e-007
-1.324	1.51323e-007
-1.323	1.53512e-007
-1.322	1.55877e-007
-1.321	1.58427e-007
-1.32	1.61175e-007
-1.319	1.64131e-007
-1.318	1.67305e-007
-1.317	1.70706e-007
-1.316	1.74344e-007
-1.315	1.78225e-007
-1.314	1.82359e-007
-1.313	1.86751e-007
-1.312	1.91408e-007
-1.311	1.96334e-007
-1.31	2.01533e-007
-1.309	2.07009e-007
-1.308	2.12763e-007
-1.307	2.18796e-007
-1.306	2.25108e-007
-1.305	2.31698e-007
-1.304	2.38564e-007
-1.303	2.45701e-007
-1.302	2.53106e-007
-1.301	2.60772e-007
-1.3	2.68693e-007
-1.299	2.76859e-007
-1.298	2.85263e-007
-1.297	2.93894e-007
-1.296	3.02739e-007
-1.295	3.11788e-007
-1.294	3.21027e-007
-1.293	3.30441e-007
-1.292	3.40015e-007
-1.291	3.49735e-007
-1.29	3.59582e-007
-1.289	3.69541e-007
-1.288	3.79593e-007
-1.287	3.89721e-007
-1.286	3.99907e-007
-1.285	4.10131e-007
-1.284	4.20375e-007
-1.283	4.30621e-007
-1.282	4.4085e-007
-1.281	4.51043e-007
-1.28	4.61184e-007
-1.279	4.71254e-007
-1.278	4.81237e-007
-1.277	4.91116e-007
-1.276	5.00877e-007
-1.275	5.10505e-007
-1.274	5.19987e-007
-1.273	5.2931e-007
-1.272	5.38466e-007
-1.271	5.47443e-007
-1.27	5.56235e-007
-1.269	5.64835e-007
-1.268	5.7324e-007
-1.267	5.81446e-007
-1.266	5.89452e-007
-1.265	5.97262e-007
-1.264	6.04878e-007
-1.263	6.12304e-007
-1.262	6.19549e-007
-1.261	6.26622e-007
-1.26	6.33535e-007
-1.259	6.40302e-007
-1.258	6.46938e-007
-1.257	6.53463e-007
-1.256	6.59896e-007
-1.255	6.66259e-007
-1.254	6.72577e-007
-1.253	6.78876e-007
-1.252	6.85185e-007
-1.251	6.91533e-007
-1.25	6.9795e-007
-1.249	7.04472e-007
-1.248	7.11131e-007
-1.247	7.17964e-007
-1.246	7.25008e-007
-1.245	7.32299e-007
-1.244	7.39876e-007
-1.243	7.47779e-007
-1.242	7.56048e-007
-1.241	7.64722e-007
-1.24	7.73841e-007
-1.239	7.83444e-007
-1.238	7.9357e-007
-1.237	8.04259e-007
-1.236	8.15549e-007
-1.235	8.27476e-007
-1.234	8.40076e-007
-1.233	8.53383e-007
-1.232	8.67429e-007
-1.231	8.82247e-007
-1.23	8.97865e-007
-1.229	9.14307e-007
-1.228	9.31601e-007
-1.227	9.49765e-007
-1.226	9.68822e-007
-1.225	9.88784e-007
-1.224	1.00967e-006
-1.223	1.03148e-006
-1.222	1.05423e-006
-1.221	1.07792e-006
-1.22	1.10254e-006
-1.219	1.12811e-006
-1.218	1.1546e-006
-1.217	1.18202e-006
-1.216	1.21033e-006
-1.215	1.23954e-006
-1.214	1.26961e-006
-1.213	1.30053e-006
-1.212	1.33226e-006
-1.211	1.36477e-006
-1.21	1.39804e-006
-1.209	1.43202e-006
-1.208	1.46668e-006
-1.207	1.50196e-006
-1.206	1.53784e-006
-1.205	1.57426e-006
-1.204	1.61117e-006
-1.203	1.64853e-006
-1.202	1.68629e-006
-1.201	1.72438e-006
-1.2	1.76276e-006
-1.199	1.80138e-006
-1.198	1.84018e-006
-1.197	1.87911e-006
-1.196	1.91812e-006
-1.195	1.95714e-006
-1.194	1.99615e-006
-1.193	2.03507e-006
-1.192	2.07388e-006
-1.191	2.11251e-006
-1.19	2.15094e-006
-1.189	2.18912e-006
-1.188	2.22701e-006
-1.187	2.26459e-006
-1.186	2.30182e-006
-1.185	2.33868e-006
-1.184	2.37515e-006
-1.183	2.41121e-006
-1.182	2.44687e-006
-1.181	2.4821e-006
-1.18	2.51691e-006
-1.179	2.5513e-006
-1.178	2.5853e-006
-1.177	2.6189e-006
-1.176	2.65215e-006
-1.175	2.68505e-006
-1.174	2.71765e-006
-1.173	2.75e-006
-1.172	2.78213e-006
-1.171	2.81409e-006
-1.17	2.84594e-006
-1.169	2.87775e-006
-1.168	2.90958e-006
-1.167	2.94151e-006
-1.166	2.97362e-006
-1.165	3.00597e-006
-1.164	3.03866e-006
-1.163	3.07179e-006
-1.162	3.10543e-006
-1.161	3.1397e-006
-1.16	3.17469e-006
-1.159	3.21049e-006
-1.158	3.24721e-006
-1.157	3.28497e-006
-1.156	3.32384e-006
-1.155	3.36397e-006
-1.154	3.40543e-006
-1.153	3.44834e-006
-1.152	3.49279e-006
-1.151	3.5389e-006
-1.15	3.58675e-006
-1.149	3.63645e-006
-1.148	3.68809e-006
-1.147	3.74175e-006
-1.146	3.79753e-006
-1.145	3.85549e-006
-1.144	3.91572e-006
-1.143	3.97828e-006
-1.142	4.04324e-006
-1.141	4.11065e-006
-1.14	4.18055e-006
-1.139	4.253e-006
-1.138	4.32803e-006
-1.137	4.40565e-006
-1.136	4.48589e-006
-1.135	4.56876e-006
-1.134	4.65426e-006
-1.133	4.7424e-006
-1.132	4.83313e-006
-1.131	4.92645e-006
-1.13	5.02233e-006
-1.129	5.12072e-006
-1.128	5.22158e-006
-1.127	5.32486e-006
-1.126	5.43047e-006
-1.125	5.53837e-006
-1.124	5.64847e-006
-1.123	5.76069e-006
-1.122	5.87493e-006
-1.121	5.99111e-006
-1.12	6.10911e-006
-1.119	6.22884e-006
-1.118	6.35019e-006
-1.117	6.47305e-006
-1.116	6.5973e-006
-1.115	6.72283e-006
-1.114	6.84951e-006
-1.113	6.97724e-006
-1.112	7.1059e-006
-1.111	7.23536e-006
-1.11	7.36552e-006
-1.109	7.49626e-006
-1.108	7.62747e-006
-1.107	7.75906e-006
-1.106	7.89092e-006
-1.105	8.02297e-006
-1.104	8.15511e-006
-1.103	8.28726e-006
-1.102	8.41937e-006
-1.101	8.55136e-006
-1.1	8.68317e-006
-1.099	8.81477e-006
-1.098	8.94613e-006
-1.097	9.07722e-006
-1.096	9.20804e-006
-1.095	9.33857e-006
-1.094	9.46885e-006
-1.093	9.59887e-006
-1.092	9.72868e-006
-1.091	9.85837e-006
-1.09	9.98795e-006
-1.089	1.01175e-005
-1.088	1.02471e-005
-1.087	1.0377e-005
-1.086	1.05071e-005
-1.085	1.06376e-005
-1.084	1.07686e-005
-1.083	1.09004e-005
-1.082	1.1033e-005
-1.081	1.11666e-005
-1.08	1.13014e-005
-1.079	1.14376e-005
-1.078	1.15753e-005
-1.077	1.17149e-005
-1.076	1.18564e-005
-1.075	1.20001e-005
-1.074	1.21463e-005
-1.073	1.22951e-005
-1.072	1.24468e-005
-1.071	1.26015e-005
-1.07	1.27596e-005
-1.069	1.29213e-005
-1.068	1.30867e-005
-1.067	1.32561e-005
-1.066	1.34298e-005
-1.065	1.36079e-005
-1.064	1.37907e-005
-1.063	1.39783e-005
-1.062	1.41709e-005
-1.061	1.43689e-005
-1.06	1.45722e-005
-1.059	1.47811e-005
-1.058	1.49958e-005
-1.057	1.52164e-005
-1.056	1.54429e-005
-1.055	1.56756e-005
-1.054	1.59146e-005
-1.053	1.61599e-005
-1.052	1.64116e-005
-1.051	1.66698e-005
-1.05	1.69344e-005
-1.049	1.72056e-005
-1.048	1.74834e-005
-1.047	1.77677e-005
-1.046	1.80586e-005
-1.045	1.83559e-005
-1.044	1.86596e-005
-1.043	1.89697e-005
-1.042	1.92861e-005
-1.041	1.96087e-005
-1.04	1.99374e-005
-1.039	2.0272e-005
-1.038	2.06125e-005
-1.037	2.09587e-005
-1.036	2.13103e-005
-1.035	2.16674e-005
-1.034	2.20296e-005
-1.033	2.23969e-005
-1.032	2.27689e-005
-1.031	2.31457e-005
-1.03	2.35268e-005
-1.029	2.39123e-005
-1.028	2.43018e-005
-1.027	2.46952e-005
-1.026	2.50923e-005
-1.025	2.54929e-005
-1.024	2.58968e-005
-1.023	2.63039e-005
-1.022	2.6714e-005
-1.021	2.7127e-005
-1.02	2.75427e-005
-1.019	2.79609e-005
-1.018	2.83816e-005
-1.017	2.88047e-005
-1.016	2.92301e-005
-1.015	2.96577e-005
-1.014	3.00874e-005
-1.013	3.05194e-005
-1.012	3.09535e-005
-1.011	3.13897e-005
-1.01	3.18281e-005
-1.009	3.22688e-005
-1.008	3.27118e-005
-1.007	3.31572e-005
-1.006	3.36052e-005
-1.005	3.40559e-005
-1.004	3.45094e-005
-1.003	3.4966e-005
-1.002	3.54259e-005
-1.001	3.58892e-005
-1	3.63563e-005
-0.999	3.68275e-005
-0.998	3.7303e-005
-0.997	3.77831e-005
-0.996	3.82682e-005
-0.995	3.87586e-005
-0.994	3.92547e-005
-0.993	3.97569e-005
-0.992	4.02655e-005
-0.991	4.0781e-005
-0.99	4.13037e-005
-0.989	4.18341e-005
-0.988	4.23726e-005
-0.987	4.29197e-005
-0.986	4.34757e-005
-0.985	4.40411e-005
-0.984	4.46163e-005
-0.983	4.52017e-005
-0.982	4.57979e-005
-0.981	4.64051e-005
-0.98	4.70238e-005
-0.979	4.76545e-005
-0.978	4.82973e-005
-0.977	4.89529e-005
-0.976	4.96214e-005
-0.975	5.03034e-005
-0.974	5.09991e-005
-0.973	5.17086e-005
-0.972	5.24326e-005
-0.971	5.31711e-005
-0.97	5.39243e-005
-0.969	5.46926e-005
-0.968	5.54761e-005
-0.967	5.62751e-005
-0.966	5.70895e-005
-0.965	5.79197e-005
-0.964	5.87656e-005
-0.963	5.96273e-005
-0.962	6.0505e-005
-0.961	6.13987e-005
-0.96	6.23083e-005
-0.959	6.32339e-005
-0.958	6.41752e-005
-0.957	6.51325e-005
-0.956	6.61055e-005
-0.955	6.70942e-005
-0.954	6.80984e-005
-0.953	6.9118e-005
-0.952	7.01529e-005
-0.951	7.12028e-005
-0.95	7.22677e-005
-0.949	7.33473e-005
-0.948	7.44415e-005
-0.947	7.55501e-005
-0.946	7.66729e-005
-0.945	7.78096e-005
-0.944	7.89601e-005
-0.943	8.01243e-005
-0.942	8.13018e-005
-0.941	8.24926e-005
-0.94	8.36964e-005
-0.939	8.49132e-005
-0.938	8.61428e-005
-0.937	8.7385e-005
-0.936	8.86398e-005
-0.935	8.99071e-005
-0.934	9.11868e-005
-0.933	9.24789e-005
-0.932	9.37835e-005
-0.931	9.51004e-005
-0.93	9.64299e-005
-0.929	9.77718e-005
-0.928	9.91264e-005
-0.927	0.000100494
-0.926	0.000101874
-0.925	0.000103268
-0.924	0.000104675
-0.923	0.000106096
-0.922	0.000107531
-0.921	0.00010898
-0.92	0.000110444
-0.919	0.000111924
-0.918	0.000113419
-0.917	0.00011493
-0.916	0.000116458
-0.915	0.000118003
-0.914	0.000119566
-0.913	0.000121148
-0.912	0.000122749
-0.911	0.000124369
-0.91	0.00012601
-0.909	0.000127672
-0.908	0.000129356
-0.907	0.000131062
-0.906	0.000132792
-0.905	0.000134546
-0.904	0.000136326
-0.903	0.00013813
-0.902	0.000139962
-0.901	0.00014182
-0.9	0.000143707
-0.899	0.000145622
-0.898	0.000147567
-0.897	0.000149543
-0.896	0.00015155
-0.895	0.000153588
-0.894	0.00015566
-0.893	0.000157764
-0.892	0.000159903
-0.891	0.000162076
-0.89	0.000164285
-0.889	0.00016653
-0.888	0.000168811
-0.887	0.00017113
-0.886	0.000173486
-0.885	0.00017588
-0.884	0.000178313
-0.883	0.000180785
-0.882	0.000183297
-0.881	0.000185849
-0.88	0.000188441
-0.879	0.000191073
-0.878	0.000193746
-0.877	0.000196461
-0.876	0.000199217
-0.875	0.000202014
-0.874	0.000204853
-0.873	0.000207735
-0.872	0.000210658
-0.871	0.000213623
-0.87	0.000216631
-0.869	0.000219681
-0.868	0.000222774
-0.867	0.000225909
-0.866	0.000229087
-0.865	0.000232307
-0.864	0.00023557
-0.863	0.000238876
-0.862	0.000242224
-0.861	0.000245616
-0.86	0.00024905
-0.859	0.000252528
-0.858	0.000256048
-0.857	0.000259612
-0.856	0.00026322
-0.855	0.000266871
-0.854	0.000270566
-0.853	0.000274305
-0.852	0.000278089
-0.851	0.000281917
-0.85	0.00028579
-0.849	0.000289709
-0.848	0.000293674
-0.847	0.000297685
-0.846	0.000301743
-0.845	0.000305849
-0.844	0.000310004
-0.843	0.000314207
-0.842	0.00031846
-0.841	0.000322763
-0.84	0.000327118
-0.839	0.000331525
-0.838	0.000335986
-0.837	0.0003405
-0.836	0.00034507
-0.835	0.000349697
-0.834	0.000354381
-0.833	0.000359123
-0.832	0.000363927
-0.831	0.000368792
-0.83	0.000373719
-0.829	0.00037871
-0.828	0.000383768
-0.827	0.000388892
-0.826	0.000394085
-0.825	0.000399348
-0.824	0.000404682
-0.823	0.000410089
-0.822	0.000415572
-0.821	0.00042113
-0.82	0.000426767
-0.819	0.000432483
-0.818	0.000438281
-0.817	0.000444161
-0.816	0.000450126
-0.815	0.000456176
-0.814	0.000462315
-0.813	0.000468542
-0.812	0.00047486
-0.811	0.000481272
-0.81	0.000487776
-0.809	0.000494376
-0.808	0.000501073
-0.807	0.000507869
-0.806	0.000514764
-0.805	0.000521761
-0.804	0.000528861
-0.803	0.000536064
-0.802	0.000543373
-0.801	0.000550788
-0.8	0.000558311
-0.799	0.000565943
-0.798	0.000573686
-0.797	0.000581539
-0.796	0.000589506
-0.795	0.000597586
-0.794	0.000605781
-0.793	0.000614091
-0.792	0.000622518
-0.791	0.000631063
-0.79	0.000639727
-0.789	0.000648511
-0.788	0.000657414
-0.787	0.00066644
-0.786	0.000675589
-0.785	0.00068486
-0.784	0.000694257
-0.783	0.00070378
-0.782	0.000713428
-0.781	0.000723204
-0.78	0.000733109
-0.779	0.000743143
-0.778	0.000753308
-0.777	0.000763605
-0.776	0.000774035
-0.775	0.000784599
-0.774	0.000795298
-0.773	0.000806134
-0.772	0.000817108
-0.771	0.000828221
-0.77	0.000839477
-0.769	0.000850876
-0.768	0.000862418
-0.767	0.000874107
-0.766	0.000885943
-0.765	0.00089793
-0.764	0.000910068
-0.763	0.00092236
-0.762	0.000934808
-0.761	0.000947415
-0.76	0.000960182
-0.759	0.000973112
-0.758	0.000986208
-0.757	0.000999472
-0.756	0.00101291
-0.755	0.00102652
-0.754	0.0010403
-0.753	0.00105427
-0.752	0.00106842
-0.751	0.00108275
-0.75	0.00109727
-0.749	0.00111199
-0.748	0.0011269
-0.747	0.00114201
-0.746	0.00115732
-0.745	0.00117284
-0.744	0.00118857
-0.743	0.00120451
-0.742	0.00122067
-0.741	0.00123705
-0.74	0.00125366
-0.739	0.00127049
-0.738	0.00128756
-0.737	0.00130487
-0.736	0.00132241
-0.735	0.0013402
-0.734	0.00135824
-0.733	0.00137653
-0.732	0.00139508
-0.731	0.00141388
-0.73	0.00143296
-0.729	0.0014523
-0.728	0.00147191
-0.727	0.0014918
-0.726	0.00151197
-0.725	0.00153243
-0.724	0.00155317
-0.723	0.00157421
-0.722	0.00159554
-0.721	0.00161717
-0.72	0.0016391
-0.719	0.00166135
-0.718	0.0016839
-0.717	0.00170677
-0.716	0.00172996
-0.715	0.00175347
-0.714	0.00177731
-0.713	0.00180148
-0.712	0.00182598
-0.711	0.00185082
-0.71	0.001876
-0.709	0.00190153
-0.708	0.00192741
-0.707	0.00195364
-0.706	0.00198022
-0.705	0.00200717
-0.704	0.00203448
-0.703	0.00206216
-0.702	0.00209021
-0.701	0.00211864
-0.7	0.00214744
-0.699	0.00217663
-0.698	0.00220621
-0.697	0.00223618
-0.696	0.00226655
-0.695	0.00229732
-0.694	0.00232849
-0.693	0.00236008
-0.692	0.00239208
-0.691	0.0024245
-0.69	0.00245735
-0.689	0.00249063
-0.688	0.00252434
-0.687	0.0025585
-0.686	0.0025931
-0.685	0.00262815
-0.684	0.00266367
-0.683	0.00269964
-0.682	0.00273609
-0.681	0.00277302
-0.68	0.00281042
-0.679	0.00284832
-0.678	0.00288672
-0.677	0.00292563
-0.676	0.00296504
-0.675	0.00300498
-0.674	0.00304544
-0.673	0.00308644
-0.672	0.00312797
-0.671	0.00317006
-0.67	0.00321272
-0.669	0.00325593
-0.668	0.00329973
-0.667	0.00334411
-0.666	0.00338909
-0.665	0.00343467
-0.664	0.00348087
-0.663	0.00352768
-0.662	0.00357514
-0.661	0.00362323
-0.66	0.00367198
-0.659	0.00372138
-0.658	0.00377146
-0.657	0.00382223
-0.656	0.00387368
-0.655	0.00392585
-0.654	0.00397873
-0.653	0.00403233
-0.652	0.00408667
-0.651	0.00414176
-0.65	0.0041976
-0.649	0.00425422
-0.648	0.00431161
-0.647	0.0043698
-0.646	0.00442879
-0.645	0.0044886
-0.644	0.00454923
-0.643	0.0046107
-0.642	0.00467301
-0.641	0.00473619
-0.64	0.00480024
-0.639	0.00486517
-0.638	0.004931
-0.637	0.00499773
-0.636	0.00506539
-0.635	0.00513397
-0.634	0.0052035
-0.633	0.00527398
-0.632	0.00534543
-0.631	0.00541786
-0.63	0.00549127
-0.629	0.00556569
-0.628	0.00564113
-0.627	0.0057176
-0.626	0.00579511
-0.625	0.00587367
-0.624	0.0059533
-0.623	0.00603401
-0.622	0.00611581
-0.621	0.00619871
-0.62	0.00628274
-0.619	0.0063679
-0.618	0.0064542
-0.617	0.00654167
-0.616	0.00663032
-0.615	0.00672015
-0.614	0.00681118
-0.613	0.00690343
-0.612	0.00699693
-0.611	0.00709167
-0.61	0.00718767
-0.609	0.00728496
-0.608	0.00738354
-0.607	0.00748344
-0.606	0.00758468
-0.605	0.00768726
-0.604	0.00779121
-0.603	0.00789654
-0.602	0.00800328
-0.601	0.00811144
-0.6	0.00822104
-0.599	0.00833209
-0.598	0.00844463
-0.597	0.00855867
-0.596	0.00867423
-0.595	0.00879134
-0.594	0.00891
-0.593	0.00903026
-0.592	0.00915211
-0.591	0.0092756
-0.59	0.00940074
-0.589	0.00952756
-0.588	0.00965608
-0.587	0.00978632
-0.586	0.00991832
-0.585	0.0100521
-0.584	0.0101877
-0.583	0.010325
-0.582	0.0104643
-0.581	0.0106054
-0.58	0.0107484
-0.579	0.0108934
-0.578	0.0110403
-0.577	0.0111892
-0.576	0.0113402
-0.575	0.0114931
-0.574	0.0116482
-0.573	0.0118053
-0.572	0.0119646
-0.571	0.0121261
-0.57	0.0122897
-0.569	0.0124556
-0.568	0.0126237
-0.567	0.0127942
-0.566	0.0129669
-0.565	0.013142
-0.564	0.0133195
-0.563	0.0134994
-0.562	0.0136818
-0.561	0.0138666
-0.56	0.014054
-0.559	0.0142439
-0.558	0.0144364
-0.557	0.0146315
-0.556	0.0148293
-0.555	0.0150298
-0.554	0.0152331
-0.553	0.015439
-0.552	0.0156478
-0.551	0.0158595
-0.55	0.016074
-0.549	0.0162914
-0.548	0.0165118
-0.547	0.0167352
-0.546	0.0169616
-0.545	0.0171911
-0.544	0.0174237
-0.543	0.0176595
-0.542	0.0178984
-0.541	0.0181406
-0.54	0.018386
-0.539	0.0186348
-0.538	0.018887
-0.537	0.0191426
-0.536	0.0194016
-0.535	0.0196641
-0.534	0.0199301
-0.533	0.0201998
-0.532	0.0204731
-0.531	0.02075
-0.53	0.0210307
-0.529	0.0213152
-0.528	0.0216035
-0.527	0.0218957
-0.526	0.0221918
-0.525	0.0224919
-0.524	0.0227961
-0.523	0.0231043
-0.522	0.0234167
-0.521	0.0237333
-0.52	0.0240541
-0.519	0.0243792
-0.518	0.0247088
-0.517	0.0250427
-0.516	0.0253812
-0.515	0.0257242
-0.514	0.0260718
-0.513	0.0264241
-0.512	0.0267811
-0.511	0.027143
-0.51	0.0275097
-0.509	0.0278813
-0.508	0.028258
-0.507	0.0286397
-0.506	0.0290265
-0.505	0.0294186
-0.504	0.029816
-0.503	0.0302188
-0.502	0.0306269
-0.501	0.0310406
-0.5	0.0314599
-0.499	0.0318848
-0.498	0.0323154
-0.497	0.0327519
-0.496	0.0331944
-0.495	0.0336427
-0.494	0.0340972
-0.493	0.0345578
-0.492	0.0350246
-0.491	0.0354977
-0.49	0.0359773
-0.489	0.0364633
-0.488	0.036956
-0.487	0.0374553
-0.486	0.0379614
-0.485	0.0384743
-0.484	0.0389942
-0.483	0.0395212
-0.482	0.0400552
-0.481	0.0405965
-0.48	0.0411452
-0.479	0.0417013
-0.478	0.042265
-0.477	0.0428363
-0.476	0.0434153
-0.475	0.0440022
-0.474	0.0445971
-0.473	0.0452
-0.472	0.0458111
-0.471	0.0464304
-0.47	0.0470581
-0.469	0.0476944
-0.468	0.0483393
-0.467	0.0489928
-0.466	0.0496553
-0.465	0.0503267
-0.464	0.0510072
-0.463	0.0516969
-0.462	0.0523959
-0.461	0.0531045
-0.46	0.0538226
-0.459	0.0545504
-0.458	0.055288
-0.457	0.0560355
-0.456	0.0567932
-0.455	0.0575611
-0.454	0.0583394
-0.453	0.0591283
-0.452	0.0599277
-0.451	0.060738
-0.45	0.0615592
-0.449	0.0623915
-0.448	0.063235
-0.447	0.0640898
-0.446	0.0649563
-0.445	0.0658345
-0.444	0.0667244
-0.443	0.0676264
-0.442	0.0685405
-0.441	0.069467
-0.44	0.070406
-0.439	0.0713576
-0.438	0.0723221
-0.437	0.0732997
-0.436	0.0742904
-0.435	0.0752944
-0.434	0.076312
-0.433	0.0773434
-0.432	0.0783888
-0.431	0.0794481
-0.43	0.0805218
-0.429	0.0816101
-0.428	0.0827129
-0.427	0.0838307
-0.426	0.0849636
-0.425	0.0861118
-0.424	0.0872755
-0.423	0.088455
-0.422	0.0896504
-0.421	0.090862
-0.42	0.0920898
-0.419	0.0933343
-0.418	0.0945958
-0.417	0.0958741
-0.416	0.0971698
-0.415	0.098483
-0.414	0.0998463
-0.413	0.101295
-0.412	0.10283
-0.411	0.104453
-0.41	0.106166
-0.409	0.107969
-0.408	0.109864
-0.407	0.11185
-0.406	0.113927
-0.405	0.116097
-0.404	0.118358
-0.403	0.120711
-0.402	0.123154
-0.401	0.125687
-0.4	0.128309
-0.399	0.131019
-0.398	0.133814
-0.397	0.136694
-0.396	0.139656
-0.395	0.142699
-0.394	0.14582
-0.393	0.149017
-0.392	0.152288
-0.391	0.155629
-0.39	0.159039
-0.389	0.162515
-0.388	0.166052
-0.387	0.16965
-0.386	0.173303
-0.385	0.17701
-0.384	0.180768
-0.383	0.184572
-0.382	0.18842
-0.381	0.192309
-0.38	0.196236
-0.379	0.200197
-0.378	0.204189
-0.377	0.20821
-0.376	0.212257
-0.375	0.216327
-0.374	0.220416
-0.373	0.224524
-0.372	0.228646
-0.371	0.232782
-0.37	0.236928
-0.369	0.241083
-0.368	0.245245
-0.367	0.249413
-0.366	0.253585
-0.365	0.257761
-0.364	0.262025
-0.363	0.266465
-0.362	0.271074
-0.361	0.275838
-0.36	0.280751
-0.359	0.285802
-0.358	0.29098
-0.357	0.296274
-0.356	0.301673
-0.355	0.307167
-0.354	0.312744
-0.353	0.318392
-0.352	0.324099
-0.351	0.329854
-0.35	0.335645
-0.349	0.341459
-0.348	0.347284
-0.347	0.353109
-0.346	0.35892
-0.345	0.364708
-0.344	0.370458
-0.343	0.376159
-0.342	0.381798
-0.341	0.387366
-0.34	0.392849
-0.339	0.398236
-0.338	0.403518
-0.337	0.408681
-0.336	0.413716
-0.335	0.418612
-0.334	0.423359
-0.333	0.427948
-0.332	0.432368
-0.331	0.436611
-0.33	0.440669
-0.329	0.444533
-0.328	0.448194
-0.327	0.451647
-0.326	0.454883
-0.325	0.457897
-0.324	0.460682
-0.323	0.463233
-0.322	0.465545
-0.321	0.467614
-0.32	0.469435
-0.319	0.471005
-0.318	0.472322
-0.317	0.473384
-0.316	0.474188
-0.315	0.474733
-0.314	0.475019
-0.313	0.475047
-0.312	0.474816
-0.311	0.474327
-0.31	0.473583
-0.309	0.472586
-0.308	0.471338
-0.307	0.469843
-0.306	0.468104
-0.305	0.466128
-0.304	0.463918
-0.303	0.461478
-0.302	0.458818
-0.301	0.455941
-0.3	0.452855
-0.299	0.449568
-0.298	0.446087
-0.297	0.442422
-0.296	0.438579
-0.295	0.43457
-0.294	0.430402
-0.293	0.426085
-0.292	0.421631
-0.291	0.417049
-0.29	0.41235
-0.289	0.407545
-0.288	0.402645
-0.287	0.397662
-0.286	0.392607
-0.285	0.387491
-0.284	0.382327
-0.283	0.377127
-0.282	0.371904
-0.281	0.366667
-0.28	0.36143
-0.279	0.356206
-0.278	0.351006
-0.277	0.345843
-0.276	0.340728
-0.275	0.335672
-0.274	0.33069
-0.273	0.32579
-0.272	0.320985
-0.271	0.316286
-0.27	0.311705
-0.269	0.307252
-0.268	0.302936
-0.267	0.29877
-0.266	0.294761
-0.265	0.290919
-0.264	0.287255
-0.263	0.283776
-0.262	0.28049
-0.261	0.277407
-0.26	0.274532
-0.259	0.271873
-0.258	0.269437
-0.257	0.26723
-0.256	0.265256
-0.255	0.263522
-0.254	0.262031
-0.253	0.260788
-0.252	0.259795
-0.251	0.259056
-0.25	0.258574
-0.249	0.258349
-0.248	0.258383
-0.247	0.258677
-0.246	0.259231
-0.245	0.260042
-0.244	0.261113
-0.243	0.26244
-0.242	0.264021
-0.241	0.265854
-0.24	0.267934
-0.239	0.270259
-0.238	0.272823
-0.237	0.275622
-0.236	0.278651
-0.235	0.281903
-0.234	0.285372
-0.233	0.289052
-0.232	0.292934
-0.231	0.29701
-0.23	0.301274
-0.229	0.305716
-0.228	0.310326
-0.227	0.315097
-0.226	0.320018
-0.225	0.325077
-0.224	0.330266
-0.223	0.335574
-0.222	0.340991
-0.221	0.346503
-0.22	0.352101
-0.219	0.357772
-0.218	0.363505
-0.217	0.369289
-0.216	0.37511
-0.215	0.380959
-0.214	0.38682
-0.213	0.392684
-0.212	0.398537
-0.211	0.404367
-0.21	0.410163
-0.209	0.415913
-0.208	0.421605
-0.207	0.427226
-0.206	0.432766
-0.205	0.438212
-0.204	0.443553
-0.203	0.44878
-0.202	0.45388
-0.201	0.458845
-0.2	0.463662
-0.199	0.468322
-0.198	0.472816
-0.197	0.477135
-0.196	0.48127
-0.195	0.485213
-0.194	0.488955
-0.193	0.492491
-0.192	0.495811
-0.191	0.49891
-0.19	0.501781
-0.189	0.50442
-0.188	0.506821
-0.187	0.508978
-0.186	0.51089
-0.185	0.512551
-0.184	0.51396
-0.183	0.515113
-0.182	0.516009
-0.181	0.516648
-0.18	0.517026
-0.179	0.517146
-0.178	0.517007
-0.177	0.516611
-0.176	0.515959
-0.175	0.515052
-0.174	0.513895
-0.173	0.51249
-0.172	0.510841
-0.171	0.508952
-0.17	0.506829
-0.169	0.504476
-0.168	0.5019
-0.167	0.499106
-0.166	0.496102
-0.165	0.492896
-0.164	0.489493
-0.163	0.485905
-0.162	0.482137
-0.161	0.478201
-0.16	0.474105
-0.159	0.469857
-0.158	0.465471
-0.157	0.460954
-0.156	0.456318
-0.155	0.451573
-0.154	0.446732
-0.153	0.441804
-0.152	0.436803
-0.151	0.431739
-0.15	0.426623
-0.149	0.42147
-0.148	0.416289
-0.147	0.411094
-0.146	0.405897
-0.145	0.40071
-0.144	0.395543
-0.143	0.390412
-0.142	0.385325
-0.141	0.380297
-0.14	0.375339
-0.139	0.370461
-0.138	0.365676
-0.137	0.360995
-0.136	0.356429
-0.135	0.351989
-0.134	0.347685
-0.133	0.343527
-0.132	0.339526
-0.131	0.33569
-0.13	0.332029
-0.129	0.328552
-0.128	0.325266
-0.127	0.322182
-0.126	0.319304
-0.125	0.316641
-0.124	0.3142
-0.123	0.311986
-0.122	0.310005
-0.121	0.308262
-0.12	0.306763
-0.119	0.305508
-0.118	0.304506
-0.117	0.303756
-0.116	0.303262
-0.115	0.303025
-0.114	0.303048
-0.113	0.30333
-0.112	0.303871
-0.111	0.304672
-0.11	0.305732
-0.109	0.307047
-0.108	0.308618
-0.107	0.310441
-0.106	0.312512
-0.105	0.314829
-0.104	0.317387
-0.103	0.32018
-0.102	0.323204
-0.101	0.326452
-0.1	0.32992
