-4	0
-3.999	0
-3.998	0
-3.997	0
-3.996	0
-3.995	0
-3.994	0
-3.993	0
-3.992	0
-3.991	0
-3.99	0
-3.989	0
-3.988	0
-3.987	0
-3.986	0
-3.985	0
-3.984	0
-3.983	0
-3.982	0
-3.981	0
-3.98	0
-3.979	0
-3.978	0
-3.977	0
-3.976	0
-3.975	0
-3.974	0
-3.973	0
-3.972	0
-3.971	0
-3.97	0
-3.969	0
-3.968	0
-3.967	0
-3.966	0
-3.965	0
-3.964	0
-3.963	0
-3.962	0
-3.961	0
-3.96	0
-3.959	0
-3.958	0
-3.957	0
-3.956	0
-3.955	0
-3.954	0
-3.953	0
-3.952	0
-3.951	0
-3.95	0
-3.949	0
-3.948	0
-3.947	0
-3.946	0
-3.945	0
-3.944	0
-3.943	0
-3.942	0
-3.941	0
-3.94	0
-3.939	0
-3.938	0
-3.937	0
-3.936	0
-3.935	0
-3.934	0
-3.933	0
-3.932	0
-3.931	0
-3.93	0
-3.929	0
-3.928	0
-3.927	0
-3.926	0
-3.925	0
-3.924	0
-3.923	0
-3.922	0
-3.921	0
-3.92	0
-3.919	0
-3.918	0
-3.917	0
-3.916	0
-3.915	0
-3.914	0
-3.913	0
-3.912	0
-3.911	0
-3.91	0
-3.909	0
-3.908	0
-3.907	0
-3.906	0
-3.905	0
-3.904	0
-3.903	0
-3.902	0
-3.901	0
-3.9	0
-3.899	0
-3.898	0
-3.897	0
-3.896	0
-3.895	0
-3.894	0
-3.893	0
-3.892	0
-3.891	0
-3.89	0
-3.889	0
-3.888	0
-3.887	0
-3.886	0
-3.885	0
-3.884	0
-3.883	0
-3.882	0
-3.881	0
-3.88	0
-3.879	0
-3.878	0
-3.877	0
-3.876	0
-3.875	0
-3.874	0
-3.873	0
-3.872	0
-3.871	0
-3.87	0
-3.869	0
-3.868	0
-3.867	0
-3.866	0
-3.865	0
-3.864	0
-3.863	0
-3.862	0
-3.861	0
-3.86	0
-3.859	0
-3.858	0
-3.857	0
-3.856	0
-3.855	0
-3.854	0
-3.853	0
-3.852	0
-3.851	0
-3.85	0
-3.849	0
-3.848	0
-3.847	0
-3.846	0
-3.845	0
-3.844	0
-3.843	0
-3.842	0
-3.841	0
-3.84	0
-3.839	0
-3.838	0
-3.837	0
-3.836	0
-3.835	0
-3.834	0
-3.833	0
-3.832	0
-3.831	0
-3.83	0
-3.829	0
-3.828	0
-3.827	0
-3.826	0
-3.825	0
-3.824	0
-3.823	0
-3.822	0
-3.821	0
-3.82	0
-3.819	0
-3.818	0
-3.817	0
-3.816	0
-3.815	0
-3.814	0
-3.813	0
-3.812	0
-3.811	0
-3.81	0
-3.809	0
-3.808	0
-3.807	0
-3.806	0
-3.805	0
-3.804	0
-3.803	0
-3.802	0
-3.801	0
-3.8	0
-3.799	0
-3.798	0
-3.797	0
-3.796	0
-3.795	0
-3.794	0
-3.793	0
-3.792	0
-3.791	0
-3.79	0
-3.789	0
-3.788	0
-3.787	0
-3.786	0
-3.785	0
-3.784	0
-3.783	0
-3.782	0
-3.781	0
-3.78	0
-3.779	0
-3.778	0
-3.777	0
-3.776	0
-3.775	0
-3.774	0
-3.773	0
-3.772	0
-3.771	0
-3.77	0
-3.769	0
-3.768	0
-3.767	0
-3.766	0
-3.765	0
-3.764	0
-3.763	0
-3.762	0
-3.761	0
-3.76	0
-3.759	0
-3.758	0
-3.757	0
-3.756	0
-3.755	0
-3.754	0
-3.753	0
-3.752	0
-3.751	0
-3.75	0
-3.749	0
-3.748	0
-3.747	0
-3.746	0
-3.745	0
-3.744	0
-3.743	0
-3.742	0
-3.741	0
-3.74	0
-3.739	0
-3.738	0
-3.737	0
-3.736	0
-3.735	0
-3.734	0
-3.733	0
-3.732	0
-3.731	0
-3.73	0
-3.729	0
-3.728	0
-3.727	0
-3.726	0
-3.725	0
-3.724	0
-3.723	0
-3.722	0
-3.721	0
-3.72	0
-3.719	0
-3.718	0
-3.717	0
-3.716	0
-3.715	0
-3.714	0
-3.713	0
-3.712	0
-3.711	0
-3.71	0
-3.709	0
-3.708	0
-3.707	0
-3.706	0
-3.705	0
-3.704	0
-3.703	0
-3.702	0
-3.701	0
-3.7	0
-3.699	0
-3.698	0
-3.697	0
-3.696	0
-3.695	0
-3.694	0
-3.693	0
-3.692	0
-3.691	0
-3.69	0
-3.689	0
-3.688	0
-3.687	0
-3.686	0
-3.685	0
-3.684	0
-3.683	0
-3.682	0
-3.681	0
-3.68	0
-3.679	0
-3.678	0
-3.677	0
-3.676	0
-3.675	0
-3.674	0
-3.673	0
-3.672	0
-3.671	0
-3.67	0
-3.669	0
-3.668	0
-3.667	0
-3.666	0
-3.665	0
-3.664	0
-3.663	0
-3.662	0
-3.661	0
-3.66	0
-3.659	0
-3.658	0
-3.657	0
-3.656	0
-3.655	0
-3.654	0
-3.653	0
-3.652	0
-3.651	0
-3.65	0
-3.649	0
-3.648	0
-3.647	0
-3.646	0
-3.645	0
-3.644	0
-3.643	0
-3.642	0
-3.641	0
-3.64	0
-3.639	0
-3.638	0
-3.637	0
-3.636	0
-3.635	0
-3.634	0
-3.633	0
-3.632	0
-3.631	0
-3.63	0
-3.629	0
-3.628	0
-3.627	0
-3.626	0
-3.625	0
-3.624	0
-3.623	0
-3.622	0
-3.621	0
-3.62	0
-3.619	0
-3.618	0
-3.617	0
-3.616	0
-3.615	0
-3.614	0
-3.613	0
-3.612	0
-3.611	0
-3.61	0
-3.609	0
-3.608	0
-3.607	0
-3.606	0
-3.605	0
-3.604	0
-3.603	0
-3.602	0
-3.601	0
-3.6	0
-3.599	0
-3.598	0
-3.597	0
-3.596	0
-3.595	0
-3.594	0
-3.593	0
-3.592	0
-3.591	0
-3.59	0
-3.589	0
-3.588	0
-3.587	0
-3.586	0
-3.585	0
-3.584	0
-3.583	0
-3.582	0
-3.581	0
-3.58	0
-3.579	0
-3.578	0
-3.577	0
-3.576	0
-3.575	0
-3.574	0
-3.573	0
-3.572	0
-3.571	0
-3.57	0
-3.569	0
-3.568	0
-3.567	0
-3.566	0
-3.565	0
-3.564	0
-3.563	0
-3.562	0
-3.561	0
-3.56	0
-3.559	0
-3.558	0
-3.557	0
-3.556	0
-3.555	0
-3.554	0
-3.553	0
-3.552	0
-3.551	0
-3.55	0
-3.549	0
-3.548	0
-3.547	0
-3.546	0
-3.545	0
-3.544	0
-3.543	0
-3.542	0
-3.541	0
-3.54	0
-3.539	0
-3.538	0
-3.537	0
-3.536	0
-3.535	0
-3.534	0
-3.533	0
-3.532	0
-3.531	0
-3.53	0
-3.529	0
-3.528	0
-3.527	0
-3.526	0
-3.525	0
-3.524	0
-3.523	0
-3.522	0
-3.521	0
-3.52	0
-3.519	0
-3.518	0
-3.517	0
-3.516	0
-3.515	0
-3.514	0
-3.513	0
-3.512	0
-3.511	0
-3.51	0
-3.509	0
-3.508	0
-3.507	0
-3.506	0
-3.505	0
-3.504	0
-3.503	0
-3.502	0
-3.501	0
-3.5	0
-3.499	0
-3.498	0
-3.497	0
-3.496	0
-3.495	0
-3.494	0
-3.493	0
-3.492	0
-3.491	0
-3.49	0
-3.489	0
-3.488	0
-3.487	0
-3.486	0
-3.485	0
-3.484	0
-3.483	0
-3.482	0
-3.481	0
-3.48	0
-3.479	0
-3.478	0
-3.477	0
-3.476	0
-3.475	0
-3.474	0
-3.473	0
-3.472	0
-3.471	0
-3.47	0
-3.469	0
-3.468	0
-3.467	0
-3.466	0
-3.465	0
-3.464	0
-3.463	0
-3.462	0
-3.461	0
-3.46	0
-3.459	0
-3.458	0
-3.457	0
-3.456	0
-3.455	0
-3.454	0
-3.453	0
-3.452	0
-3.451	0
-3.45	0
-3.449	0
-3.448	0
-3.447	0
-3.446	0
-3.445	0
-3.444	0
-3.443	0
-3.442	0
-3.441	0
-3.44	0
-3.439	0
-3.438	0
-3.437	0
-3.436	0
-3.435	0
-3.434	0
-3.433	0
-3.432	0
-3.431	0
-3.43	0
-3.429	0
-3.428	0
-3.427	0
-3.426	0
-3.425	0
-3.424	0
-3.423	0
-3.422	0
-3.421	0
-3.42	0
-3.419	0
-3.418	0
-3.417	0
-3.416	0
-3.415	0
-3.414	0
-3.413	0
-3.412	0
-3.411	0
-3.41	0
-3.409	0
-3.408	0
-3.407	0
-3.406	0
-3.405	0
-3.404	0
-3.403	0
-3.402	0
-3.401	0
-3.4	0
-3.399	0
-3.398	0
-3.397	0
-3.396	0
-3.395	0
-3.394	0
-3.393	0
-3.392	0
-3.391	0
-3.39	0
-3.389	0
-3.388	0
-3.387	0
-3.386	0
-3.385	0
-3.384	0
-3.383	0
-3.382	0
-3.381	0
-3.38	0
-3.379	0
-3.378	0
-3.377	0
-3.376	0
-3.375	0
-3.374	0
-3.373	0
-3.372	0
-3.371	0
-3.37	0
-3.369	0
-3.368	0
-3.367	0
-3.366	0
-3.365	0
-3.364	0
-3.363	0
-3.362	0
-3.361	0
-3.36	0
-3.359	0
-3.358	0
-3.357	0
-3.356	0
-3.355	0
-3.354	0
-3.353	0
-3.352	0
-3.351	0
-3.35	0
-3.349	0
-3.348	0
-3.347	0
-3.346	0
-3.345	0
-3.344	0
-3.343	0
-3.342	0
-3.341	0
-3.34	0
-3.339	0
-3.338	0
-3.337	0
-3.336	0
-3.335	0
-3.334	0
-3.333	0
-3.332	0
-3.331	0
-3.33	0
-3.329	0
-3.328	0
-3.327	0
-3.326	0
-3.325	0
-3.324	0
-3.323	0
-3.322	0
-3.321	0
-3.32	0
-3.319	0
-3.318	0
-3.317	0
-3.316	0
-3.315	0
-3.314	0
-3.313	0
-3.312	0
-3.311	0
-3.31	0
-3.309	0
-3.308	0
-3.307	0
-3.306	0
-3.305	0
-3.304	0
-3.303	0
-3.302	0
-3.301	0
-3.3	0
-3.299	0
-3.298	0
-3.297	0
-3.296	0
-3.295	0
-3.294	0
-3.293	0
-3.292	0
-3.291	0
-3.29	0
-3.289	0
-3.288	0
-3.287	0
-3.286	0
-3.285	0
-3.284	0
-3.283	0
-3.282	0
-3.281	0
-3.28	0
-3.279	0
-3.278	0
-3.277	0
-3.276	0
-3.275	0
-3.274	0
-3.273	0
-3.272	0
-3.271	0
-3.27	0
-3.269	0
-3.268	0
-3.267	0
-3.266	0
-3.265	0
-3.264	0
-3.263	0
-3.262	0
-3.261	0
-3.26	0
-3.259	0
-3.258	0
-3.257	0
-3.256	0
-3.255	0
-3.254	0
-3.253	0
-3.252	0
-3.251	0
-3.25	0
-3.249	0
-3.248	0
-3.247	0
-3.246	0
-3.245	0
-3.244	0
-3.243	0
-3.242	0
-3.241	0
-3.24	0
-3.239	0
-3.238	0
-3.237	0
-3.236	0
-3.235	0
-3.234	0
-3.233	0
-3.232	0
-3.231	0
-3.23	0
-3.229	0
-3.228	0
-3.227	0
-3.226	0
-3.225	0
-3.224	0
-3.223	0
-3.222	0
-3.221	0
-3.22	0
-3.219	0
-3.218	0
-3.217	0
-3.216	0
-3.215	0
-3.214	0
-3.213	0
-3.212	0
-3.211	0
-3.21	0
-3.209	0
-3.208	0
-3.207	0
-3.206	0
-3.205	0
-3.204	0
-3.203	0
-3.202	0
-3.201	0
-3.2	0
-3.199	0
-3.198	0
-3.197	0
-3.196	0
-3.195	0
-3.194	0
-3.193	0
-3.192	0
-3.191	0
-3.19	0
-3.189	0
-3.188	0
-3.187	0
-3.186	0
-3.185	0
-3.184	0
-3.183	0
-3.182	0
-3.181	0
-3.18	0
-3.179	0
-3.178	0
-3.177	0
-3.176	0
-3.175	0
-3.174	0
-3.173	0
-3.172	0
-3.171	0
-3.17	0
-3.169	0
-3.168	0
-3.167	0
-3.166	0
-3.165	0
-3.164	0
-3.163	0
-3.162	0
-3.161	0
-3.16	0
-3.159	0
-3.158	0
-3.157	0
-3.156	0
-3.155	0
-3.154	0
-3.153	0
-3.152	0
-3.151	0
-3.15	0
-3.149	0
-3.148	0
-3.147	0
-3.146	0
-3.145	0
-3.144	0
-3.143	0
-3.142	0
-3.141	0
-3.14	0
-3.139	0
-3.138	0
-3.137	0
-3.136	0
-3.135	0
-3.134	0
-3.133	0
-3.132	0
-3.131	0
-3.13	0
-3.129	0
-3.128	0
-3.127	0
-3.126	0
-3.125	0
-3.124	0
-3.123	0
-3.122	0
-3.121	0
-3.12	0
-3.119	0
-3.118	0
-3.117	0
-3.116	0
-3.115	0
-3.114	0
-3.113	0
-3.112	0
-3.111	0
-3.11	0
-3.109	0
-3.108	0
-3.107	0
-3.106	0
-3.105	0
-3.104	0
-3.103	0
-3.102	0
-3.101	0
-3.1	0
-3.099	0
-3.098	0
-3.097	0
-3.096	0
-3.095	0
-3.094	0
-3.093	0
-3.092	0
-3.091	0
-3.09	0
-3.089	0
-3.088	0
-3.087	0
-3.086	0
-3.085	0
-3.084	0
-3.083	0
-3.082	0
-3.081	0
-3.08	0
-3.079	0
-3.078	0
-3.077	0
-3.076	0
-3.075	0
-3.074	0
-3.073	0
-3.072	0
-3.071	0
-3.07	0
-3.069	0
-3.068	0
-3.067	0
-3.066	0
-3.065	0
-3.064	0
-3.063	0
-3.062	0
-3.061	0
-3.06	0
-3.059	0
-3.058	0
-3.057	0
-3.056	0
-3.055	0
-3.054	0
-3.053	0
-3.052	0
-3.051	0
-3.05	0
-3.049	0
-3.048	0
-3.047	0
-3.046	0
-3.045	0
-3.044	0
-3.043	0
-3.042	0
-3.041	0
-3.04	0
-3.039	0
-3.038	0
-3.037	0
-3.036	0
-3.035	0
-3.034	0
-3.033	0
-3.032	0
-3.031	0
-3.03	0
-3.029	0
-3.028	0
-3.027	0
-3.026	0
-3.025	0
-3.024	0
-3.023	0
-3.022	0
-3.021	0
-3.02	0
-3.019	0
-3.018	0
-3.017	0
-3.016	0
-3.015	0
-3.014	0
-3.013	0
-3.012	0
-3.011	0
-3.01	0
-3.009	0
-3.008	0
-3.007	0
-3.006	0
-3.005	0
-3.004	0
-3.003	0
-3.002	0
-3.001	0
-3	0
-2.999	0
-2.998	0
-2.997	0
-2.996	0
-2.995	0
-2.994	0
-2.993	0
-2.992	0
-2.991	0
-2.99	0
-2.989	0
-2.988	0
-2.987	0
-2.986	0
-2.985	0
-2.984	0
-2.983	0
-2.982	0
-2.981	0
-2.98	0
-2.979	0
-2.978	0
-2.977	0
-2.976	0
-2.975	0
-2.974	0
-2.973	0
-2.972	0
-2.971	0
-2.97	0
-2.969	0
-2.968	0
-2.967	0
-2.966	0
-2.965	0
-2.964	0
-2.963	0
-2.962	0
-2.961	0
-2.96	0
-2.959	0
-2.958	0
-2.957	0
-2.956	0
-2.955	0
-2.954	0
-2.953	0
-2.952	0
-2.951	0
-2.95	0
-2.949	0
-2.948	0
-2.947	0
-2.946	0
-2.945	0
-2.944	0
-2.943	0
-2.942	0
-2.941	0
-2.94	0
-2.939	0
-2.938	0
-2.937	0
-2.936	0
-2.935	0
-2.934	0
-2.933	0
-2.932	0
-2.931	0
-2.93	0
-2.929	0
-2.928	0
-2.927	0
-2.926	0
-2.925	0
-2.924	0
-2.923	0
-2.922	0
-2.921	0
-2.92	0
-2.919	0
-2.918	0
-2.917	0
-2.916	0
-2.915	0
-2.914	0
-2.913	0
-2.912	0
-2.911	0
-2.91	0
-2.909	0
-2.908	0
-2.907	0
-2.906	0
-2.905	0
-2.904	0
-2.903	0
-2.902	0
-2.901	0
-2.9	0
-2.899	0
-2.898	0
-2.897	0
-2.896	0
-2.895	0
-2.894	0
-2.893	0
-2.892	0
-2.891	0
-2.89	0
-2.889	0
-2.888	0
-2.887	0
-2.886	0
-2.885	0
-2.884	0
-2.883	0
-2.882	0
-2.881	0
-2.88	0
-2.879	0
-2.878	0
-2.877	0
-2.876	0
-2.875	0
-2.874	0
-2.873	0
-2.872	0
-2.871	0
-2.87	0
-2.869	0
-2.868	0
-2.867	0
-2.866	0
-2.865	0
-2.864	0
-2.863	0
-2.862	0
-2.861	0
-2.86	0
-2.859	0
-2.858	0
-2.857	0
-2.856	0
-2.855	0
-2.854	0
-2.853	0
-2.852	0
-2.851	0
-2.85	0
-2.849	0
-2.848	0
-2.847	0
-2.846	0
-2.845	0
-2.844	0
-2.843	0
-2.842	0
-2.841	0
-2.84	0
-2.839	0
-2.838	0
-2.837	0
-2.836	0
-2.835	0
-2.834	0
-2.833	0
-2.832	0
-2.831	0
-2.83	0
-2.829	0
-2.828	0
-2.827	0
-2.826	0
-2.825	0
-2.824	0
-2.823	0
-2.822	0
-2.821	0
-2.82	0
-2.819	0
-2.818	0
-2.817	0
-2.816	0
-2.815	0
-2.814	0
-2.813	0
-2.812	0
-2.811	0
-2.81	0
-2.809	0
-2.808	0
-2.807	0
-2.806	0
-2.805	0
-2.804	0
-2.803	0
-2.802	0
-2.801	0
-2.8	0
-2.799	0
-2.798	0
-2.797	0
-2.796	0
-2.795	0
-2.794	0
-2.793	0
-2.792	0
-2.791	0
-2.79	0
-2.789	0
-2.788	0
-2.787	0
-2.786	0
-2.785	0
-2.784	0
-2.783	0
-2.782	0
-2.781	0
-2.78	0
-2.779	0
-2.778	0
-2.777	0
-2.776	0
-2.775	0
-2.774	0
-2.773	0
-2.772	0
-2.771	0
-2.77	0
-2.769	0
-2.768	0
-2.767	0
-2.766	0
-2.765	0
-2.764	0
-2.763	0
-2.762	0
-2.761	0
-2.76	0
-2.759	0
-2.758	0
-2.757	0
-2.756	0
-2.755	0
-2.754	0
-2.753	0
-2.752	0
-2.751	0
-2.75	0
-2.749	0
-2.748	0
-2.747	0
-2.746	0
-2.745	0
-2.744	0
-2.743	0
-2.742	0
-2.741	0
-2.74	0
-2.739	0
-2.738	0
-2.737	0
-2.736	0
-2.735	0
-2.734	0
-2.733	0
-2.732	0
-2.731	0
-2.73	0
-2.729	0
-2.728	0
-2.727	0
-2.726	0
-2.725	0
-2.724	0
-2.723	0
-2.722	0
-2.721	0
-2.72	0
-2.719	0
-2.718	0
-2.717	0
-2.716	0
-2.715	0
-2.714	0
-2.713	0
-2.712	0
-2.711	0
-2.71	0
-2.709	0
-2.708	0
-2.707	0
-2.706	0
-2.705	0
-2.704	0
-2.703	0
-2.702	0
-2.701	0
-2.7	0
-2.699	0
-2.698	0
-2.697	0
-2.696	0
-2.695	0
-2.694	0
-2.693	0
-2.692	0
-2.691	0
-2.69	0
-2.689	0
-2.688	0
-2.687	0
-2.686	0
-2.685	0
-2.684	0
-2.683	0
-2.682	0
-2.681	0
-2.68	0
-2.679	0
-2.678	0
-2.677	0
-2.676	0
-2.675	0
-2.674	0
-2.673	0
-2.672	0
-2.671	0
-2.67	0
-2.669	0
-2.668	0
-2.667	0
-2.666	0
-2.665	0
-2.664	0
-2.663	0
-2.662	0
-2.661	0
-2.66	0
-2.659	0
-2.658	0
-2.657	0
-2.656	0
-2.655	0
-2.654	0
-2.653	0
-2.652	0
-2.651	0
-2.65	0
-2.649	0
-2.648	0
-2.647	0
-2.646	0
-2.645	0
-2.644	0
-2.643	0
-2.642	0
-2.641	0
-2.64	0
-2.639	0
-2.638	0
-2.637	0
-2.636	0
-2.635	0
-2.634	0
-2.633	0
-2.632	0
-2.631	0
-2.63	0
-2.629	0
-2.628	0
-2.627	0
-2.626	0
-2.625	0
-2.624	0
-2.623	0
-2.622	0
-2.621	0
-2.62	0
-2.619	0
-2.618	0
-2.617	0
-2.616	0
-2.615	0
-2.614	0
-2.613	0
-2.612	0
-2.611	0
-2.61	0
-2.609	0
-2.608	0
-2.607	0
-2.606	0
-2.605	0
-2.604	0
-2.603	0
-2.602	0
-2.601	0
-2.6	0
-2.599	0
-2.598	0
-2.597	0
-2.596	0
-2.595	0
-2.594	0
-2.593	0
-2.592	0
-2.591	0
-2.59	0
-2.589	0
-2.588	0
-2.587	0
-2.586	0
-2.585	0
-2.584	0
-2.583	0
-2.582	0
-2.581	0
-2.58	0
-2.579	0
-2.578	0
-2.577	0
-2.576	0
-2.575	0
-2.574	0
-2.573	0
-2.572	0
-2.571	0
-2.57	0
-2.569	0
-2.568	0
-2.567	0
-2.566	0
-2.565	0
-2.564	0
-2.563	0
-2.562	0
-2.561	0
-2.56	0
-2.559	0
-2.558	0
-2.557	0
-2.556	0
-2.555	0
-2.554	0
-2.553	0
-2.552	0
-2.551	0
-2.55	0
-2.549	0
-2.548	0
-2.547	0
-2.546	1.31569e-076
-2.545	9.145e-076
-2.544	3.79778e-075
-2.543	1.25913e-074
-2.542	3.90944e-074
-2.541	1.30175e-073
-2.54	4.6048e-073
-2.539	1.6737e-072
-2.538	6.12848e-072
-2.537	2.241e-071
-2.536	8.15686e-071
-2.535	2.95284e-070
-2.534	1.06276e-069
-2.533	3.80263e-069
-2.532	1.35261e-068
-2.531	4.78292e-068
-2.53	1.68127e-067
-2.529	5.87486e-067
-2.528	2.04061e-066
-2.527	7.04551e-066
-2.526	2.41794e-065
-2.525	8.24799e-065
-2.524	2.79645e-064
-2.523	9.42346e-064
-2.522	3.15607e-063
-2.521	1.05052e-062
-2.52	3.47509e-062
-2.519	1.14242e-061
-2.518	3.73222e-061
-2.517	1.21165e-060
-2.516	3.90883e-060
-2.515	1.25302e-059
-2.514	3.99114e-059
-2.513	1.26315e-058
-2.512	3.97202e-058
-2.511	1.24096e-057
-2.51	3.85192e-057
-2.509	1.18783e-056
-2.508	3.63897e-056
-2.507	1.10747e-055
-2.506	3.3481e-055
-2.505	1.00546e-054
-2.504	2.99927e-054
-2.503	8.88656e-054
-2.502	2.61519e-053
-2.501	7.64378e-053
-2.5	2.21887e-052
-2.499	6.39673e-052
-2.498	1.83134e-051
-2.497	5.20651e-051
-2.496	1.46985e-050
-2.495	4.12034e-050
-2.494	1.14685e-049
-2.493	3.16937e-049
-2.492	8.69595e-049
-2.491	2.36874e-048
-2.49	6.40554e-048
-2.489	1.71953e-047
-2.488	4.58208e-047
-2.487	1.21197e-046
-2.486	3.18181e-046
-2.485	8.2907e-046
-2.484	2.14398e-045
-2.483	5.50224e-045
-2.482	1.40128e-044
-2.481	3.54123e-044
-2.48	8.87983e-044
-2.479	2.20928e-043
-2.478	5.4534e-043
-2.477	1.33546e-042
-2.476	3.24425e-042
-2.475	7.81795e-042
-2.474	1.8687e-041
-2.473	4.43022e-041
-2.472	1.04165e-040
-2.471	2.42887e-040
-2.47	5.61617e-040
-2.469	1.28766e-039
-2.468	2.9272e-039
-2.467	6.59729e-039
-2.466	1.47404e-038
-2.465	3.26473e-038
-2.464	7.16717e-038
-2.463	1.55946e-037
-2.462	3.36273e-037
-2.461	7.18559e-037
-2.46	1.52142e-036
-2.459	3.19161e-036
-2.458	6.63294e-036
-2.457	1.36552e-035
-2.456	2.78444e-035
-2.455	5.6232e-035
-2.454	1.12458e-034
-2.453	2.22693e-034
-2.452	4.36602e-034
-2.451	8.47376e-034
-2.45	1.62788e-033
-2.449	3.09508e-033
-2.448	5.82325e-033
-2.447	1.08403e-032
-2.446	1.99635e-032
-2.445	3.63651e-032
-2.444	6.55115e-032
-2.443	1.16697e-031
-2.442	2.05512e-031
-2.441	3.57738e-031
-2.44	6.15401e-031
-2.439	1.04598e-030
-2.438	1.75616e-030
-2.437	2.91187e-030
-2.436	4.7669e-030
-2.435	7.70252e-030
-2.434	1.22809e-029
-2.433	1.93144e-029
-2.432	2.9952e-029
-2.431	4.57816e-029
-2.43	6.8941e-029
-2.429	1.02227e-028
-2.428	1.4918e-028
-2.427	2.14104e-028
-2.426	3.01982e-028
-2.425	4.18214e-028
-2.424	5.68104e-028
-2.423	7.56012e-028
-2.422	9.84116e-028
-2.421	1.25075e-027
-2.42	1.54838e-027
-2.419	1.86143e-027
-2.418	2.16435e-027
-2.417	2.42056e-027
-2.416	2.58338e-027
-2.415	2.60023e-027
-2.414	2.42198e-027
-2.413	2.0195e-027
-2.412	1.40989e-027
-2.411	6.94768e-028
-2.41	1.12914e-028
-2.409	1.09025e-028
-2.408	1.41959e-027
-2.407	5.17588e-027
-2.406	1.30229e-026
-2.405	2.7252e-026
-2.404	5.09444e-026
-2.403	8.81219e-026
-2.402	1.43901e-025
-2.401	2.24652e-025
-2.4	3.38153e-025
-2.399	4.93755e-025
-2.398	7.02543e-025
-2.397	9.77519e-025
-2.396	1.33379e-024
-2.395	1.78879e-024
-2.394	2.36249e-024
-2.393	3.07773e-024
-2.392	3.96042e-024
-2.391	5.0399e-024
-2.39	6.34921e-024
-2.389	7.92541e-024
-2.388	9.80981e-024
-2.387	1.20482e-023
-2.386	1.46908e-023
-2.385	1.77929e-023
-2.384	2.14142e-023
-2.383	2.56191e-023
-2.382	3.04765e-023
-2.381	3.60601e-023
-2.38	4.24475e-023
-2.379	4.97208e-023
-2.378	5.79659e-023
-2.377	6.72731e-023
-2.376	7.77363e-023
-2.375	8.94532e-023
-2.374	1.02525e-022
-2.373	1.17056e-022
-2.372	1.33152e-022
-2.371	1.50924e-022
-2.37	1.70478e-022
-2.369	1.91927e-022
-2.368	2.15376e-022
-2.367	2.4093e-022
-2.366	2.68691e-022
-2.365	2.98753e-022
-2.364	3.31203e-022
-2.363	3.6612e-022
-2.362	4.03573e-022
-2.361	4.43622e-022
-2.36	4.86309e-022
-2.359	5.31669e-022
-2.358	5.79716e-022
-2.357	6.30449e-022
-2.356	6.83851e-022
-2.355	7.39884e-022
-2.354	7.98492e-022
-2.353	8.59596e-022
-2.352	9.23095e-022
-2.351	9.88864e-022
-2.35	1.05676e-021
-2.349	1.1266e-021
-2.348	1.19821e-021
-2.347	1.27135e-021
-2.346	1.34579e-021
-2.345	1.42126e-021
-2.344	1.49747e-021
-2.343	1.5741e-021
-2.342	1.65082e-021
-2.341	1.72728e-021
-2.34	1.80311e-021
-2.339	1.87792e-021
-2.338	1.95129e-021
-2.337	2.02282e-021
-2.336	2.09209e-021
-2.335	2.15867e-021
-2.334	2.22212e-021
-2.333	2.28202e-021
-2.332	2.33794e-021
-2.331	2.38948e-021
-2.33	2.43621e-021
-2.329	2.47777e-021
-2.328	2.51378e-021
-2.327	2.5439e-021
-2.326	2.56783e-021
-2.325	2.58528e-021
-2.324	2.59603e-021
-2.323	2.59986e-021
-2.322	2.59663e-021
-2.321	2.58629e-021
-2.32	2.5688e-021
-2.319	2.54422e-021
-2.318	2.51269e-021
-2.317	2.47445e-021
-2.316	2.42983e-021
-2.315	2.37926e-021
-2.314	2.3233e-021
-2.313	2.26266e-021
-2.312	2.19817e-021
-2.311	2.13083e-021
-2.31	2.06182e-021
-2.309	1.9925e-021
-2.308	1.92443e-021
-2.307	1.85938e-021
-2.306	1.79933e-021
-2.305	1.74655e-021
-2.304	1.70353e-021
-2.303	1.67302e-021
-2.302	1.65809e-021
-2.301	1.66206e-021
-2.3	1.68859e-021
-2.299	1.74162e-021
-2.298	1.82545e-021
-2.297	1.9447e-021
-2.296	2.10433e-021
-2.295	2.30963e-021
-2.294	2.56626e-021
-2.293	2.88019e-021
-2.292	3.25773e-021
-2.291	3.70553e-021
-2.29	4.23054e-021
-2.289	4.83998e-021
-2.288	5.54141e-021
-2.287	6.34259e-021
-2.286	7.25155e-021
-2.285	8.27658e-021
-2.284	9.42607e-021
-2.283	1.07086e-020
-2.282	1.2133e-020
-2.281	1.3708e-020
-2.28	1.54423e-020
-2.279	1.73447e-020
-2.278	1.9424e-020
-2.277	2.16885e-020
-2.276	2.41465e-020
-2.275	2.68057e-020
-2.274	2.96736e-020
-2.273	3.2757e-020
-2.272	3.60621e-020
-2.271	3.95945e-020
-2.27	4.33586e-020
-2.269	4.73583e-020
-2.268	5.15964e-020
-2.267	5.60742e-020
-2.266	6.07921e-020
-2.265	6.5749e-020
-2.264	7.09424e-020
-2.263	7.63678e-020
-2.262	8.20193e-020
-2.261	8.78891e-020
-2.26	9.39673e-020
-2.259	1.00242e-019
-2.258	1.067e-019
-2.257	1.13324e-019
-2.256	1.20095e-019
-2.255	1.26994e-019
-2.254	1.33997e-019
-2.253	1.41079e-019
-2.252	1.48212e-019
-2.251	1.55366e-019
-2.25	1.6251e-019
-2.249	1.69609e-019
-2.248	1.76628e-019
-2.247	1.83528e-019
-2.246	1.90272e-019
-2.245	1.96818e-019
-2.244	2.03125e-019
-2.243	2.09151e-019
-2.242	2.14854e-019
-2.241	2.20191e-019
-2.24	2.25119e-019
-2.239	2.29598e-019
-2.238	2.33588e-019
-2.237	2.3705e-019
-2.236	2.39949e-019
-2.235	2.42252e-019
-2.234	2.4393e-019
-2.233	2.44958e-019
-2.232	2.45317e-019
-2.231	2.44992e-019
-2.23	2.43978e-019
-2.229	2.42273e-019
-2.228	2.39888e-019
-2.227	2.36841e-019
-2.226	2.33161e-019
-2.225	2.28889e-019
-2.224	2.24075e-019
-2.223	2.18784e-019
-2.222	2.13095e-019
-2.221	2.07103e-019
-2.22	2.00915e-019
-2.219	1.94658e-019
-2.218	1.88474e-019
-2.217	1.82524e-019
-2.216	1.76989e-019
-2.215	1.7207e-019
-2.214	1.67986e-019
-2.213	1.6498e-019
-2.212	1.63313e-019
-2.211	1.63273e-019
-2.21	1.65166e-019
-2.209	1.69323e-019
-2.208	1.76097e-019
-2.207	1.85863e-019
-2.206	1.99019e-019
-2.205	2.15984e-019
-2.204	2.37201e-019
-2.203	2.63129e-019
-2.202	2.94252e-019
-2.201	3.31069e-019
-2.2	3.74097e-019
-2.199	4.23869e-019
-2.198	4.80933e-019
-2.197	5.45845e-019
-2.196	6.19173e-019
-2.195	7.01492e-019
-2.194	7.93378e-019
-2.193	8.95414e-019
-2.192	1.00817e-018
-2.191	1.13222e-018
-2.19	1.26812e-018
-2.189	1.41642e-018
-2.188	1.57764e-018
-2.187	1.75227e-018
-2.186	1.9408e-018
-2.185	2.14365e-018
-2.184	2.36123e-018
-2.183	2.59389e-018
-2.182	2.84191e-018
-2.181	3.10557e-018
-2.18	3.38502e-018
-2.179	3.68038e-018
-2.178	3.99169e-018
-2.177	4.31892e-018
-2.176	4.66192e-018
-2.175	5.02049e-018
-2.174	5.39432e-018
-2.173	5.78296e-018
-2.172	6.18591e-018
-2.171	6.60253e-018
-2.17	7.03205e-018
-2.169	7.47361e-018
-2.168	7.92619e-018
-2.167	8.38868e-018
-2.166	8.85983e-018
-2.165	9.33826e-018
-2.164	9.82246e-018
-2.163	1.03108e-017
-2.162	1.08015e-017
-2.161	1.12927e-017
-2.16	1.17825e-017
-2.159	1.22687e-017
-2.158	1.27491e-017
-2.157	1.32214e-017
-2.156	1.36833e-017
-2.155	1.41324e-017
-2.154	1.45662e-017
-2.153	1.49821e-017
-2.152	1.53776e-017
-2.151	1.57503e-017
-2.15	1.60975e-017
-2.149	1.6417e-017
-2.148	1.67064e-017
-2.147	1.69633e-017
-2.146	1.71858e-017
-2.145	1.7372e-017
-2.144	1.75201e-017
-2.143	1.76287e-017
-2.142	1.76967e-017
-2.141	1.77233e-017
-2.14	1.7708e-017
-2.139	1.76509e-017
-2.138	1.75524e-017
-2.137	1.74136e-017
-2.136	1.72358e-017
-2.135	1.70213e-017
-2.134	1.67729e-017
-2.133	1.64941e-017
-2.132	1.61892e-017
-2.131	1.58631e-017
-2.13	1.55218e-017
-2.129	1.51721e-017
-2.128	1.48216e-017
-2.127	1.4479e-017
-2.126	1.4154e-017
-2.125	1.38571e-017
-2.124	1.36003e-017
-2.123	1.33962e-017
-2.122	1.32589e-017
-2.121	1.32034e-017
-2.12	1.32458e-017
-2.119	1.34034e-017
-2.118	1.36945e-017
-2.117	1.41388e-017
-2.116	1.47566e-017
-2.115	1.55697e-017
-2.114	1.66004e-017
-2.113	1.78724e-017
-2.112	1.941e-017
-2.111	2.12383e-017
-2.11	2.33833e-017
-2.109	2.58715e-017
-2.108	2.87299e-017
-2.107	3.19858e-017
-2.106	3.56668e-017
-2.105	3.9801e-017
-2.104	4.44158e-017
-2.103	4.95387e-017
-2.102	5.5197e-017
-2.101	6.14171e-017
-2.1	6.82246e-017
-2.099	7.56445e-017
-2.098	8.37e-017
-2.097	9.24132e-017
-2.096	1.01805e-016
-2.095	1.11892e-016
-2.094	1.22693e-016
-2.093	1.3422e-016
-2.092	1.46484e-016
-2.091	1.59494e-016
-2.09	1.73253e-016
-2.089	1.87765e-016
-2.088	2.03026e-016
-2.087	2.1903e-016
-2.086	2.35766e-016
-2.085	2.5322e-016
-2.084	2.71371e-016
-2.083	2.90196e-016
-2.082	3.09664e-016
-2.081	3.29742e-016
-2.08	3.50389e-016
-2.079	3.7156e-016
-2.078	3.93204e-016
-2.077	4.15266e-016
-2.076	4.37683e-016
-2.075	4.60389e-016
-2.074	4.8331e-016
-2.073	5.06372e-016
-2.072	5.2949e-016
-2.071	5.52579e-016
-2.07	5.75547e-016
-2.069	5.98299e-016
-2.068	6.20738e-016
-2.067	6.42758e-016
-2.066	6.64261e-016
-2.065	6.85136e-016
-2.064	7.05279e-016
-2.063	7.24582e-016
-2.062	7.42937e-016
-2.061	7.60242e-016
-2.06	7.76393e-016
-2.059	7.9129e-016
-2.058	8.04839e-016
-2.057	8.16953e-016
-2.056	8.2755e-016
-2.055	8.36558e-016
-2.054	8.43913e-016
-2.053	8.49566e-016
-2.052	8.53475e-016
-2.051	8.55621e-016
-2.05	8.55992e-016
-2.049	8.546e-016
-2.048	8.51474e-016
-2.047	8.46662e-016
-2.046	8.40241e-016
-2.045	8.32303e-016
-2.044	8.22976e-016
-2.043	8.12405e-016
-2.042	8.00773e-016
-2.041	7.88289e-016
-2.04	7.75194e-016
-2.039	7.61763e-016
-2.038	7.48306e-016
-2.037	7.35167e-016
-2.036	7.22725e-016
-2.035	7.11399e-016
-2.034	7.01647e-016
-2.033	6.93963e-016
-2.032	6.88878e-016
-2.031	6.86962e-016
-2.03	6.88824e-016
-2.029	6.95113e-016
-2.028	7.06509e-016
-2.027	7.23732e-016
-2.026	7.47535e-016
-2.025	7.78702e-016
-2.024	8.18049e-016
-2.023	8.6642e-016
-2.022	9.2468e-016
-2.021	9.93725e-016
-2.02	1.07446e-015
-2.019	1.16781e-015
-2.018	1.27471e-015
-2.017	1.3961e-015
-2.016	1.53291e-015
-2.015	1.6861e-015
-2.014	1.85657e-015
-2.013	2.04524e-015
-2.012	2.25299e-015
-2.011	2.48068e-015
-2.01	2.72913e-015
-2.009	2.99911e-015
-2.008	3.29135e-015
-2.007	3.60651e-015
-2.006	3.94519e-015
-2.005	4.30791e-015
-2.004	4.69511e-015
-2.003	5.10714e-015
-2.002	5.54424e-015
-2.001	6.00656e-015
-2	6.49412e-015
-1.999	7.00684e-015
-1.998	7.54448e-015
-1.997	8.10668e-015
-1.996	8.69295e-015
-1.995	9.30261e-015
-1.994	9.93488e-015
-1.993	1.05888e-014
-1.992	1.12632e-014
-1.991	1.19568e-014
-1.99	1.26682e-014
-1.989	1.33957e-014
-1.988	1.41376e-014
-1.987	1.48918e-014
-1.986	1.56563e-014
-1.985	1.64287e-014
-1.984	1.72067e-014
-1.983	1.79876e-014
-1.982	1.87687e-014
-1.981	1.95472e-014
-1.98	2.03202e-014
-1.979	2.10845e-014
-1.978	2.1837e-014
-1.977	2.25744e-014
-1.976	2.32937e-014
-1.975	2.39914e-014
-1.974	2.46642e-014
-1.973	2.53089e-014
-1.972	2.59223e-014
-1.971	2.65012e-014
-1.97	2.70426e-014
-1.969	2.75436e-014
-1.968	2.80015e-014
-1.967	2.84139e-014
-1.966	2.87784e-014
-1.965	2.90932e-014
-1.964	2.93565e-014
-1.963	2.95671e-014
-1.962	2.97242e-014
-1.961	2.98273e-014
-1.96	2.98767e-014
-1.959	2.98727e-014
-1.958	2.98168e-014
-1.957	2.97107e-014
-1.956	2.95568e-014
-1.955	2.93584e-014
-1.954	2.91194e-014
-1.953	2.88444e-014
-1.952	2.85391e-014
-1.951	2.82096e-014
-1.95	2.78632e-014
-1.949	2.7508e-014
-1.948	2.71531e-014
-1.947	2.68083e-014
-1.946	2.64846e-014
-1.945	2.61938e-014
-1.944	2.59487e-014
-1.943	2.57631e-014
-1.942	2.56515e-014
-1.941	2.56299e-014
-1.94	2.57145e-014
-1.939	2.5923e-014
-1.938	2.62735e-014
-1.937	2.67851e-014
-1.936	2.74776e-014
-1.935	2.83717e-014
-1.934	2.94882e-014
-1.933	3.08491e-014
-1.932	3.24764e-014
-1.931	3.43925e-014
-1.93	3.66204e-014
-1.929	3.91828e-014
-1.928	4.21028e-014
-1.927	4.54032e-014
-1.926	4.91066e-014
-1.925	5.32354e-014
-1.924	5.78112e-014
-1.923	6.28553e-014
-1.922	6.83878e-014
-1.921	7.44279e-014
-1.92	8.09939e-014
-1.919	8.81023e-014
-1.918	9.57684e-014
-1.917	1.04006e-013
-1.916	1.12826e-013
-1.915	1.22239e-013
-1.914	1.32252e-013
-1.913	1.4287e-013
-1.912	1.54095e-013
-1.911	1.65927e-013
-1.91	1.78363e-013
-1.909	1.91396e-013
-1.908	2.05017e-013
-1.907	2.19212e-013
-1.906	2.33967e-013
-1.905	2.49261e-013
-1.904	2.65071e-013
-1.903	2.8137e-013
-1.902	2.98126e-013
-1.901	3.15307e-013
-1.9	3.32873e-013
-1.899	3.50784e-013
-1.898	3.68993e-013
-1.897	3.87452e-013
-1.896	4.06109e-013
-1.895	4.24908e-013
-1.894	4.43791e-013
-1.893	4.62695e-013
-1.892	4.81557e-013
-1.891	5.00312e-013
-1.89	5.1889e-013
-1.889	5.37222e-013
-1.888	5.55235e-013
-1.887	5.72859e-013
-1.886	5.90022e-013
-1.885	6.0665e-013
-1.884	6.22673e-013
-1.883	6.3802e-013
-1.882	6.52625e-013
-1.881	6.6642e-013
-1.88	6.79344e-013
-1.879	6.91337e-013
-1.878	7.02346e-013
-1.877	7.12323e-013
-1.876	7.21227e-013
-1.875	7.29019e-013
-1.874	7.35675e-013
-1.873	7.41174e-013
-1.872	7.45505e-013
-1.871	7.48669e-013
-1.87	7.50677e-013
-1.869	7.5155e-013
-1.868	7.51326e-013
-1.867	7.50049e-013
-1.866	7.47784e-013
-1.865	7.44606e-013
-1.864	7.40604e-013
-1.863	7.35888e-013
-1.862	7.30579e-013
-1.861	7.24814e-013
-1.86	7.18752e-013
-1.859	7.12565e-013
-1.858	7.06444e-013
-1.857	7.00598e-013
-1.856	6.9525e-013
-1.855	6.90645e-013
-1.854	6.87042e-013
-1.853	6.84719e-013
-1.852	6.83968e-013
-1.851	6.85099e-013
-1.85	6.88435e-013
-1.849	6.94315e-013
-1.848	7.03093e-013
-1.847	7.1513e-013
-1.846	7.30804e-013
-1.845	7.50502e-013
-1.844	7.74612e-013
-1.843	8.03536e-013
-1.842	8.37679e-013
-1.841	8.77447e-013
-1.84	9.23249e-013
-1.839	9.7549e-013
-1.838	1.03457e-012
-1.837	1.10089e-012
-1.836	1.17484e-012
-1.835	1.25678e-012
-1.834	1.34709e-012
-1.833	1.4461e-012
-1.832	1.55414e-012
-1.831	1.67152e-012
-1.83	1.7985e-012
-1.829	1.93534e-012
-1.828	2.08226e-012
-1.827	2.23943e-012
-1.826	2.407e-012
-1.825	2.58508e-012
-1.824	2.77373e-012
-1.823	2.97297e-012
-1.822	3.18276e-012
-1.821	3.40302e-012
-1.82	3.63362e-012
-1.819	3.87438e-012
-1.818	4.12506e-012
-1.817	4.38534e-012
-1.816	4.65488e-012
-1.815	4.93326e-012
-1.814	5.22e-012
-1.813	5.51456e-012
-1.812	5.81636e-012
-1.811	6.12473e-012
-1.81	6.43896e-012
-1.809	6.75828e-012
-1.808	7.08188e-012
-1.807	7.40889e-012
-1.806	7.73836e-012
-1.805	8.06934e-012
-1.804	8.40083e-012
-1.803	8.73176e-012
-1.802	9.06106e-012
-1.801	9.38764e-012
-1.8	9.71033e-012
-1.799	1.0028e-011
-1.798	1.03396e-011
-1.797	1.06439e-011
-1.796	1.09397e-011
-1.795	1.1226e-011
-1.794	1.15016e-011
-1.793	1.17655e-011
-1.792	1.20167e-011
-1.791	1.22541e-011
-1.79	1.2477e-011
-1.789	1.26845e-011
-1.788	1.28759e-011
-1.787	1.30504e-011
-1.786	1.32077e-011
-1.785	1.33471e-011
-1.784	1.34686e-011
-1.783	1.3572e-011
-1.782	1.36572e-011
-1.781	1.37244e-011
-1.78	1.3774e-011
-1.779	1.38065e-011
-1.778	1.38225e-011
-1.777	1.38231e-011
-1.776	1.38092e-011
-1.775	1.37823e-011
-1.774	1.37439e-011
-1.773	1.36958e-011
-1.772	1.36399e-011
-1.771	1.35785e-011
-1.77	1.3514e-011
-1.769	1.34492e-011
-1.768	1.33869e-011
-1.767	1.33304e-011
-1.766	1.3283e-011
-1.765	1.32483e-011
-1.764	1.32302e-011
-1.763	1.32327e-011
-1.762	1.32601e-011
-1.761	1.33167e-011
-1.76	1.34071e-011
-1.759	1.35362e-011
-1.758	1.37087e-011
-1.757	1.39298e-011
-1.756	1.42045e-011
-1.755	1.4538e-011
-1.754	1.49357e-011
-1.753	1.54027e-011
-1.752	1.59444e-011
-1.751	1.6566e-011
-1.75	1.72729e-011
-1.749	1.807e-011
-1.748	1.89624e-011
-1.747	1.9955e-011
-1.746	2.10525e-011
-1.745	2.22594e-011
-1.744	2.35798e-011
-1.743	2.50178e-011
-1.742	2.65768e-011
-1.741	2.82603e-011
-1.74	3.00711e-011
-1.739	3.20115e-011
-1.738	3.40836e-011
-1.737	3.62889e-011
-1.736	3.86283e-011
-1.735	4.11023e-011
-1.734	4.37107e-011
-1.733	4.64527e-011
-1.732	4.93269e-011
-1.731	5.23313e-011
-1.73	5.54632e-011
-1.729	5.87191e-011
-1.728	6.2095e-011
-1.727	6.5586e-011
-1.726	6.91866e-011
-1.725	7.28908e-011
-1.724	7.66915e-011
-1.723	8.0581e-011
-1.722	8.45513e-011
-1.721	8.85935e-011
-1.72	9.26978e-011
-1.719	9.68543e-011
-1.718	1.01052e-010
-1.717	1.0528e-010
-1.716	1.09526e-010
-1.715	1.13779e-010
-1.714	1.18025e-010
-1.713	1.22252e-010
-1.712	1.26447e-010
-1.711	1.30597e-010
-1.71	1.34688e-010
-1.709	1.38707e-010
-1.708	1.42641e-010
-1.707	1.46476e-010
-1.706	1.50201e-010
-1.705	1.53802e-010
-1.704	1.57268e-010
-1.703	1.60587e-010
-1.702	1.63749e-010
-1.701	1.66744e-010
-1.7	1.69562e-010
-1.699	1.72197e-010
-1.698	1.74641e-010
-1.697	1.76888e-010
-1.696	1.78935e-010
-1.695	1.80779e-010
-1.694	1.82418e-010
-1.693	1.83853e-010
-1.692	1.85087e-010
-1.691	1.86123e-010
-1.69	1.86967e-010
-1.689	1.87629e-010
-1.688	1.88118e-010
-1.687	1.88446e-010
-1.686	1.88627e-010
-1.685	1.8868e-010
-1.684	1.88623e-010
-1.683	1.88477e-010
-1.682	1.88266e-010
-1.681	1.88017e-010
-1.68	1.87757e-010
-1.679	1.87518e-010
-1.678	1.87331e-010
-1.677	1.87233e-010
-1.676	1.87261e-010
-1.675	1.87453e-010
-1.674	1.8785e-010
-1.673	1.88496e-010
-1.672	1.89435e-010
-1.671	1.90713e-010
-1.67	1.92377e-010
-1.669	1.94476e-010
-1.668	1.97058e-010
-1.667	2.00175e-010
-1.666	2.03875e-010
-1.665	2.08211e-010
-1.664	2.13233e-010
-1.663	2.1899e-010
-1.662	2.25534e-010
-1.661	2.32913e-010
-1.66	2.41175e-010
-1.659	2.50366e-010
-1.658	2.60531e-010
-1.657	2.71712e-010
-1.656	2.83951e-010
-1.655	2.97283e-010
-1.654	3.11744e-010
-1.653	3.27364e-010
-1.652	3.44171e-010
-1.651	3.62189e-010
-1.65	3.81437e-010
-1.649	4.0193e-010
-1.648	4.23677e-010
-1.647	4.46683e-010
-1.646	4.70948e-010
-1.645	4.96469e-010
-1.644	5.23231e-010
-1.643	5.51216e-010
-1.642	5.80405e-010
-1.641	6.10767e-010
-1.64	6.42265e-010
-1.639	6.7486e-010
-1.638	7.08503e-010
-1.637	7.43141e-010
-1.636	7.78715e-010
-1.635	8.15158e-010
-1.634	8.52399e-010
-1.633	8.90362e-010
-1.632	9.28962e-010
-1.631	9.68113e-010
-1.63	1.00772e-009
-1.629	1.0477e-009
-1.628	1.08793e-009
-1.627	1.12832e-009
-1.626	1.16876e-009
-1.625	1.20914e-009
-1.624	1.24935e-009
-1.623	1.28927e-009
-1.622	1.3288e-009
-1.621	1.36781e-009
-1.62	1.4062e-009
-1.619	1.44385e-009
-1.618	1.48066e-009
-1.617	1.51652e-009
-1.616	1.55132e-009
-1.615	1.58498e-009
-1.614	1.61739e-009
-1.613	1.64847e-009
-1.612	1.67815e-009
-1.611	1.70636e-009
-1.61	1.73303e-009
-1.609	1.75811e-009
-1.608	1.78157e-009
-1.607	1.80337e-009
-1.606	1.82351e-009
-1.605	1.84196e-009
-1.604	1.85876e-009
-1.603	1.87391e-009
-1.602	1.88747e-009
-1.601	1.89948e-009
-1.6	1.91003e-009
-1.599	1.91918e-009
-1.598	1.92706e-009
-1.597	1.93378e-009
-1.596	1.93947e-009
-1.595	1.94431e-009
-1.594	1.94845e-009
-1.593	1.95209e-009
-1.592	1.95544e-009
-1.591	1.95872e-009
-1.59	1.96216e-009
-1.589	1.96603e-009
-1.588	1.97059e-009
-1.587	1.97614e-009
-1.586	1.98296e-009
-1.585	1.99138e-009
-1.584	2.0017e-009
-1.583	2.01427e-009
-1.582	2.02942e-009
-1.581	2.04751e-009
-1.58	2.06889e-009
-1.579	2.09391e-009
-1.578	2.12294e-009
-1.577	2.15634e-009
-1.576	2.19447e-009
-1.575	2.2377e-009
-1.574	2.28638e-009
-1.573	2.34085e-009
-1.572	2.40145e-009
-1.571	2.46852e-009
-1.57	2.54236e-009
-1.569	2.62328e-009
-1.568	2.71156e-009
-1.567	2.80746e-009
-1.566	2.91123e-009
-1.565	3.02307e-009
-1.564	3.1432e-009
-1.563	3.27176e-009
-1.562	3.4089e-009
-1.561	3.55473e-009
-1.56	3.7093e-009
-1.559	3.87267e-009
-1.558	4.04484e-009
-1.557	4.22576e-009
-1.556	4.41537e-009
-1.555	4.61356e-009
-1.554	4.82018e-009
-1.553	5.03504e-009
-1.552	5.2579e-009
-1.551	5.4885e-009
-1.55	5.72653e-009
-1.549	5.97164e-009
-1.548	6.22344e-009
-1.547	6.48149e-009
-1.546	6.74534e-009
-1.545	7.0145e-009
-1.544	7.28842e-009
-1.543	7.56654e-009
-1.542	7.84825e-009
-1.541	8.13296e-009
-1.54	8.42e-009
-1.539	8.70869e-009
-1.538	8.99838e-009
-1.537	9.28835e-009
-1.536	9.57788e-009
-1.535	9.86627e-009
-1.534	1.01528e-008
-1.533	1.04367e-008
-1.532	1.07173e-008
-1.531	1.0994e-008
-1.53	1.12659e-008
-1.529	1.15324e-008
-1.528	1.1793e-008
-1.527	1.20469e-008
-1.526	1.22936e-008
-1.525	1.25326e-008
-1.524	1.27633e-008
-1.523	1.29854e-008
-1.522	1.31984e-008
-1.521	1.34019e-008
-1.52	1.35959e-008
-1.519	1.37799e-008
-1.518	1.3954e-008
-1.517	1.4118e-008
-1.516	1.42721e-008
-1.515	1.44163e-008
-1.514	1.45507e-008
-1.513	1.46758e-008
-1.512	1.47919e-008
-1.511	1.48995e-008
-1.51	1.49991e-008
-1.509	1.50915e-008
-1.508	1.51774e-008
-1.507	1.52576e-008
-1.506	1.53331e-008
-1.505	1.5405e-008
-1.504	1.54744e-008
-1.503	1.55426e-008
-1.502	1.56109e-008
-1.501	1.56806e-008
-1.5	1.57534e-008
-1.499	1.58307e-008
-1.498	1.59142e-008
-1.497	1.60056e-008
-1.496	1.61067e-008
-1.495	1.62193e-008
-1.494	1.63452e-008
-1.493	1.64864e-008
-1.492	1.66447e-008
-1.491	1.68221e-008
-1.49	1.70207e-008
-1.489	1.72422e-008
-1.488	1.74887e-008
-1.487	1.77621e-008
-1.486	1.80643e-008
-1.485	1.83971e-008
-1.484	1.87624e-008
-1.483	1.91619e-008
-1.482	1.95973e-008
-1.481	2.00701e-008
-1.48	2.05819e-008
-1.479	2.1134e-008
-1.478	2.17277e-008
-1.477	2.23641e-008
-1.476	2.30443e-008
-1.475	2.37692e-008
-1.474	2.45393e-008
-1.473	2.53554e-008
-1.472	2.62177e-008
-1.471	2.71265e-008
-1.47	2.80818e-008
-1.469	2.90834e-008
-1.468	3.01309e-008
-1.467	3.1224e-008
-1.466	3.23617e-008
-1.465	3.35431e-008
-1.464	3.47671e-008
-1.463	3.60324e-008
-1.462	3.73373e-008
-1.461	3.86802e-008
-1.46	4.00592e-008
-1.459	4.14722e-008
-1.458	4.29168e-008
-1.457	4.43907e-008
-1.456	4.58912e-008
-1.455	4.74155e-008
-1.454	4.89608e-008
-1.453	5.0524e-008
-1.452	5.2102e-008
-1.451	5.36917e-008
-1.45	5.52896e-008
-1.449	5.68924e-008
-1.448	5.84968e-008
-1.447	6.00991e-008
-1.446	6.16962e-008
-1.445	6.32844e-008
-1.444	6.48604e-008
-1.443	6.64209e-008
-1.442	6.79627e-008
-1.441	6.94825e-008
-1.44	7.09774e-008
-1.439	7.24443e-008
-1.438	7.38808e-008
-1.437	7.52841e-008
-1.436	7.6652e-008
-1.435	7.79824e-008
-1.434	7.92734e-008
-1.433	8.05235e-008
-1.432	8.17316e-008
-1.431	8.28965e-008
-1.43	8.40178e-008
-1.429	8.50952e-008
-1.428	8.61287e-008
-1.427	8.71187e-008
-1.426	8.80662e-008
-1.425	8.89724e-008
-1.424	8.98388e-008
-1.423	9.06676e-008
-1.422	9.14615e-008
-1.421	9.2223e-008
-1.42	9.29555e-008
-1.419	9.36627e-008
-1.418	9.43489e-008
-1.417	9.50184e-008
-1.416	9.56762e-008
-1.415	9.63276e-008
-1.414	9.69781e-008
-1.413	9.76339e-008
-1.412	9.83012e-008
-1.411	9.89867e-008
-1.41	9.96973e-008
-1.409	1.0044e-007
-1.408	1.01222e-007
-1.407	1.02052e-007
-1.406	1.02937e-007
-1.405	1.03884e-007
-1.404	1.04902e-007
-1.403	1.06e-007
-1.402	1.07184e-007
-1.401	1.08463e-007
-1.4	1.09846e-007
-1.399	1.11339e-007
-1.398	1.12951e-007
-1.397	1.14689e-007
-1.396	1.1656e-007
-1.395	1.18573e-007
-1.394	1.20732e-007
-1.393	1.23045e-007
-1.392	1.25518e-007
-1.391	1.28157e-007
-1.39	1.30965e-007
-1.389	1.33949e-007
-1.388	1.37111e-007
-1.387	1.40456e-007
-1.386	1.43986e-007
-1.385	1.47703e-007
-1.384	1.51609e-007
-1.383	1.55705e-007
-1.382	1.59991e-007
-1.381	1.64466e-007
-1.38	1.69128e-007
-1.379	1.73977e-007
-1.378	1.79008e-007
-1.377	1.84219e-007
-1.376	1.89604e-007
-1.375	1.95159e-007
-1.374	2.00879e-007
-1.373	2.06755e-007
-1.372	2.12782e-007
-1.371	2.18952e-007
-1.37	2.25255e-007
-1.369	2.31682e-007
-1.368	2.38224e-007
-1.367	2.44871e-007
-1.366	2.51612e-007
-1.365	2.58436e-007
-1.364	2.65331e-007
-1.363	2.72285e-007
-1.362	2.79287e-007
-1.361	2.86323e-007
-1.36	2.93382e-007
-1.359	3.00452e-007
-1.358	3.07518e-007
-1.357	3.1457e-007
-1.356	3.21595e-007
-1.355	3.28582e-007
-1.354	3.35518e-007
-1.353	3.42392e-007
-1.352	3.49194e-007
-1.351	3.55913e-007
-1.35	3.6254e-007
-1.349	3.69065e-007
-1.348	3.75481e-007
-1.347	3.81782e-007
-1.346	3.87959e-007
-1.345	3.94008e-007
-1.344	3.99924e-007
-1.343	4.05705e-007
-1.342	4.11348e-007
-1.341	4.16852e-007
-1.34	4.22218e-007
-1.339	4.27448e-007
-1.338	4.32545e-007
-1.337	4.37512e-007
-1.336	4.42356e-007
-1.335	4.47083e-007
-1.334	4.51703e-007
-1.333	4.56223e-007
-1.332	4.60657e-007
-1.331	4.65017e-007
-1.33	4.69316e-007
-1.329	4.73569e-007
-1.328	4.77794e-007
-1.327	4.82007e-007
-1.326	4.86228e-007
-1.325	4.90475e-007
-1.324	4.94771e-007
-1.323	4.99137e-007
-1.322	5.03595e-007
-1.321	5.0817e-007
-1.32	5.12884e-007
-1.319	5.17763e-007
-1.318	5.22832e-007
-1.317	5.28117e-007
-1.316	5.33642e-007
-1.315	5.39436e-007
-1.314	5.45521e-007
-1.313	5.51925e-007
-1.312	5.58673e-007
-1.311	5.6579e-007
-1.31	5.73301e-007
-1.309	5.81229e-007
-1.308	5.89597e-007
-1.307	5.98428e-007
-1.306	6.07743e-007
-1.305	6.17561e-007
-1.304	6.27901e-007
-1.303	6.38781e-007
-1.302	6.50216e-007
-1.301	6.6222e-007
-1.3	6.74806e-007
-1.299	6.87984e-007
-1.298	7.01764e-007
-1.297	7.1615e-007
-1.296	7.31148e-007
-1.295	7.46763e-007
-1.294	7.62991e-007
-1.293	7.79833e-007
-1.292	7.97285e-007
-1.291	8.15339e-007
-1.29	8.33989e-007
-1.289	8.53223e-007
-1.288	8.7303e-007
-1.287	8.93393e-007
-1.286	9.14296e-007
-1.285	9.3572e-007
-1.284	9.57644e-007
-1.283	9.80045e-007
-1.282	1.0029e-006
-1.281	1.02618e-006
-1.28	1.04986e-006
-1.279	1.0739e-006
-1.278	1.09829e-006
-1.277	1.12298e-006
-1.276	1.14795e-006
-1.275	1.17316e-006
-1.274	1.19858e-006
-1.273	1.22417e-006
-1.272	1.2499e-006
-1.271	1.27573e-006
-1.27	1.30163e-006
-1.269	1.32757e-006
-1.268	1.35351e-006
-1.267	1.37942e-006
-1.266	1.40527e-006
-1.265	1.43102e-006
-1.264	1.45666e-006
-1.263	1.48215e-006
-1.262	1.50746e-006
-1.261	1.53258e-006
-1.26	1.55748e-006
-1.259	1.58214e-006
-1.258	1.60655e-006
-1.257	1.63069e-006
-1.256	1.65456e-006
-1.255	1.67815e-006
-1.254	1.70144e-006
-1.253	1.72445e-006
-1.252	1.74717e-006
-1.251	1.76961e-006
-1.25	1.79178e-006
-1.249	1.81369e-006
-1.248	1.83536e-006
-1.247	1.85681e-006
-1.246	1.87806e-006
-1.245	1.89914e-006
-1.244	1.92008e-006
-1.243	1.94091e-006
-1.242	1.96167e-006
-1.241	1.98241e-006
-1.24	2.00316e-006
-1.239	2.02398e-006
-1.238	2.04491e-006
-1.237	2.066e-006
-1.236	2.08732e-006
-1.235	2.10891e-006
-1.234	2.13084e-006
-1.233	2.15316e-006
-1.232	2.17595e-006
-1.231	2.19926e-006
-1.23	2.22316e-006
-1.229	2.24771e-006
-1.228	2.27298e-006
-1.227	2.29903e-006
-1.226	2.32593e-006
-1.225	2.35375e-006
-1.224	2.38254e-006
-1.223	2.41238e-006
-1.222	2.44332e-006
-1.221	2.47542e-006
-1.22	2.50874e-006
-1.219	2.54334e-006
-1.218	2.57926e-006
-1.217	2.61656e-006
-1.216	2.65528e-006
-1.215	2.69547e-006
-1.214	2.73715e-006
-1.213	2.78038e-006
-1.212	2.82517e-006
-1.211	2.87156e-006
-1.21	2.91956e-006
-1.209	2.96919e-006
-1.208	3.02047e-006
-1.207	3.07339e-006
-1.206	3.12797e-006
-1.205	3.18419e-006
-1.204	3.24206e-006
-1.203	3.30155e-006
-1.202	3.36265e-006
-1.201	3.42533e-006
-1.2	3.48957e-006
-1.199	3.55534e-006
-1.198	3.62258e-006
-1.197	3.69128e-006
-1.196	3.76136e-006
-1.195	3.83279e-006
-1.194	3.90552e-006
-1.193	3.97947e-006
-1.192	4.0546e-006
-1.191	4.13084e-006
-1.19	4.20812e-006
-1.189	4.28638e-006
-1.188	4.36553e-006
-1.187	4.44552e-006
-1.186	4.52626e-006
-1.185	4.60769e-006
-1.184	4.68974e-006
-1.183	4.77232e-006
-1.182	4.85538e-006
-1.181	4.93883e-006
-1.18	5.02261e-006
-1.179	5.10665e-006
-1.178	5.1909e-006
-1.177	5.27527e-006
-1.176	5.35972e-006
-1.175	5.4442e-006
-1.174	5.52866e-006
-1.173	5.61306e-006
-1.172	5.69734e-006
-1.171	5.78149e-006
-1.17	5.86547e-006
-1.169	5.94926e-006
-1.168	6.03285e-006
-1.167	6.11622e-006
-1.166	6.19938e-006
-1.165	6.28233e-006
-1.164	6.36508e-006
-1.163	6.44766e-006
-1.162	6.53008e-006
-1.161	6.6124e-006
-1.16	6.69464e-006
-1.159	6.77686e-006
-1.158	6.85912e-006
-1.157	6.94148e-006
-1.156	7.024e-006
-1.155	7.10678e-006
-1.154	7.1899e-006
-1.153	7.27343e-006
-1.152	7.35749e-006
-1.151	7.44218e-006
-1.15	7.52761e-006
-1.149	7.61389e-006
-1.148	7.70114e-006
-1.147	7.78948e-006
-1.146	7.87904e-006
-1.145	7.96994e-006
-1.144	8.06232e-006
-1.143	8.15631e-006
-1.142	8.25205e-006
-1.141	8.34968e-006
-1.14	8.44933e-006
-1.139	8.55113e-006
-1.138	8.65521e-006
-1.137	8.76172e-006
-1.136	8.87079e-006
-1.135	8.98254e-006
-1.134	9.09709e-006
-1.133	9.21456e-006
-1.132	9.33508e-006
-1.131	9.45875e-006
-1.13	9.58568e-006
-1.129	9.71598e-006
-1.128	9.84973e-006
-1.127	9.98699e-006
-1.126	1.01279e-005
-1.125	1.02724e-005
-1.124	1.04208e-005
-1.123	1.05729e-005
-1.122	1.07288e-005
-1.121	1.08886e-005
-1.12	1.10523e-005
-1.119	1.122e-005
-1.118	1.13915e-005
-1.117	1.1567e-005
-1.116	1.17464e-005
-1.115	1.19298e-005
-1.114	1.21169e-005
-1.113	1.23079e-005
-1.112	1.25027e-005
-1.111	1.27012e-005
-1.11	1.29033e-005
-1.109	1.31091e-005
-1.108	1.33183e-005
-1.107	1.3531e-005
-1.106	1.37471e-005
-1.105	1.39663e-005
-1.104	1.41888e-005
-1.103	1.44143e-005
-1.102	1.46427e-005
-1.101	1.48739e-005
-1.1	1.51079e-005
-1.099	1.53444e-005
-1.098	1.55834e-005
-1.097	1.58249e-005
-1.096	1.60685e-005
-1.095	1.63143e-005
-1.094	1.65622e-005
-1.093	1.6812e-005
-1.092	1.70636e-005
-1.091	1.7317e-005
-1.09	1.7572e-005
-1.089	1.78286e-005
-1.088	1.80867e-005
-1.087	1.83461e-005
-1.086	1.8607e-005
-1.085	1.88692e-005
-1.084	1.91326e-005
-1.083	1.93973e-005
-1.082	1.96632e-005
-1.081	1.99304e-005
-1.08	2.01987e-005
-1.079	2.04683e-005
-1.078	2.07392e-005
-1.077	2.10114e-005
-1.076	2.12849e-005
-1.075	2.15599e-005
-1.074	2.18363e-005
-1.073	2.21144e-005
-1.072	2.23941e-005
-1.071	2.26757e-005
-1.07	2.29592e-005
-1.069	2.32448e-005
-1.068	2.35327e-005
-1.067	2.38229e-005
-1.066	2.41157e-005
-1.065	2.44112e-005
-1.064	2.47097e-005
-1.063	2.50114e-005
-1.062	2.53164e-005
-1.061	2.5625e-005
-1.06	2.59373e-005
-1.059	2.62537e-005
-1.058	2.65744e-005
-1.057	2.68995e-005
-1.056	2.72294e-005
-1.055	2.75642e-005
-1.054	2.79043e-005
-1.053	2.82498e-005
-1.052	2.8601e-005
-1.051	2.89581e-005
-1.05	2.93214e-005
-1.049	2.96911e-005
-1.048	3.00675e-005
-1.047	3.04507e-005
-1.046	3.0841e-005
-1.045	3.12386e-005
-1.044	3.16436e-005
-1.043	3.20563e-005
-1.042	3.24769e-005
-1.041	3.29055e-005
-1.04	3.33423e-005
-1.039	3.37875e-005
-1.038	3.4241e-005
-1.037	3.47032e-005
-1.036	3.51742e-005
-1.035	3.56539e-005
-1.034	3.61425e-005
-1.033	3.66401e-005
-1.032	3.71467e-005
-1.031	3.76623e-005
-1.03	3.81871e-005
-1.029	3.8721e-005
-1.028	3.9264e-005
-1.027	3.98161e-005
-1.026	4.03773e-005
-1.025	4.09476e-005
-1.024	4.1527e-005
-1.023	4.21153e-005
-1.022	4.27125e-005
-1.021	4.33186e-005
-1.02	4.39334e-005
-1.019	4.45569e-005
-1.018	4.5189e-005
-1.017	4.58295e-005
-1.016	4.64785e-005
-1.015	4.71358e-005
-1.014	4.78012e-005
-1.013	4.84747e-005
-1.012	4.91562e-005
-1.011	4.98455e-005
-1.01	5.05425e-005
-1.009	5.12472e-005
-1.008	5.19595e-005
-1.007	5.26792e-005
-1.006	5.34064e-005
-1.005	5.41407e-005
-1.004	5.48824e-005
-1.003	5.56313e-005
-1.002	5.63874e-005
-1.001	5.71505e-005
-1	5.79207e-005
-0.999	5.8698e-005
-0.998	5.94824e-005
-0.997	6.02741e-005
-0.996	6.10728e-005
-0.995	6.18789e-005
-0.994	6.26922e-005
-0.993	6.35129e-005
-0.992	6.43411e-005
-0.991	6.51771e-005
-0.99	6.60208e-005
-0.989	6.68725e-005
-0.988	6.77324e-005
-0.987	6.86007e-005
-0.986	6.94774e-005
-0.985	7.03632e-005
-0.984	7.1258e-005
-0.983	7.21621e-005
-0.982	7.30758e-005
-0.981	7.39995e-005
-0.98	7.49336e-005
-0.979	7.58781e-005
-0.978	7.68337e-005
-0.977	7.78005e-005
-0.976	7.87792e-005
-0.975	7.97697e-005
-0.974	8.07729e-005
-0.973	8.17888e-005
-0.972	8.2818e-005
-0.971	8.38608e-005
-0.97	8.49178e-005
-0.969	8.59892e-005
-0.968	8.70755e-005
-0.967	8.81771e-005
-0.966	8.92943e-005
-0.965	9.04278e-005
-0.964	9.15778e-005
-0.963	9.27448e-005
-0.962	9.39291e-005
-0.961	9.5131e-005
-0.96	9.63512e-005
-0.959	9.75898e-005
-0.958	9.88472e-005
-0.957	0.000100124
-0.956	0.00010142
-0.955	0.000102736
-0.954	0.000104072
-0.953	0.000105429
-0.952	0.000106806
-0.951	0.000108204
-0.95	0.000109624
-0.949	0.000111065
-0.948	0.000112527
-0.947	0.000114012
-0.946	0.000115519
-0.945	0.000117048
-0.944	0.000118599
-0.943	0.000120173
-0.942	0.00012177
-0.941	0.000123389
-0.94	0.000125032
-0.939	0.000126697
-0.938	0.000128386
-0.937	0.000130097
-0.936	0.000131832
-0.935	0.00013359
-0.934	0.000135372
-0.933	0.000137177
-0.932	0.000139005
-0.931	0.000140857
-0.93	0.000142732
-0.929	0.000144631
-0.928	0.000146554
-0.927	0.0001485
-0.926	0.00015047
-0.925	0.000152463
-0.924	0.000154481
-0.923	0.000156522
-0.922	0.000158588
-0.921	0.000160677
-0.92	0.000162791
-0.919	0.000164929
-0.918	0.000167092
-0.917	0.000169279
-0.916	0.000171491
-0.915	0.000173729
-0.914	0.000175991
-0.913	0.00017828
-0.912	0.000180594
-0.911	0.000182934
-0.91	0.000185301
-0.909	0.000187694
-0.908	0.000190115
-0.907	0.000192563
-0.906	0.00019504
-0.905	0.000197544
-0.904	0.000200078
-0.903	0.000202642
-0.902	0.000205235
-0.901	0.000207859
-0.9	0.000210514
-0.899	0.000213201
-0.898	0.00021592
-0.897	0.000218672
-0.896	0.000221458
-0.895	0.000224278
-0.894	0.000227133
-0.893	0.000230024
-0.892	0.000232951
-0.891	0.000235915
-0.89	0.000238918
-0.889	0.000241959
-0.888	0.00024504
-0.887	0.000248161
-0.886	0.000251323
-0.885	0.000254527
-0.884	0.000257774
-0.883	0.000261065
-0.882	0.000264399
-0.881	0.000267779
-0.88	0.000271205
-0.879	0.000274677
-0.878	0.000278197
-0.877	0.000281766
-0.876	0.000285383
-0.875	0.00028905
-0.874	0.000292768
-0.873	0.000296537
-0.872	0.000300358
-0.871	0.000304232
-0.87	0.00030816
-0.869	0.000312142
-0.868	0.000316178
-0.867	0.000320271
-0.866	0.000324419
-0.865	0.000328625
-0.864	0.000332887
-0.863	0.000337208
-0.862	0.000341588
-0.861	0.000346026
-0.86	0.000350525
-0.859	0.000355084
-0.858	0.000359704
-0.857	0.000364386
-0.856	0.000369129
-0.855	0.000373935
-0.854	0.000378803
-0.853	0.000383736
-0.852	0.000388733
-0.851	0.000393794
-0.85	0.00039892
-0.849	0.000404112
-0.848	0.00040937
-0.847	0.000414695
-0.846	0.000420086
-0.845	0.000425546
-0.844	0.000431073
-0.843	0.00043667
-0.842	0.000442336
-0.841	0.000448072
-0.84	0.000453879
-0.839	0.000459757
-0.838	0.000465708
-0.837	0.000471731
-0.836	0.000477828
-0.835	0.000483998
-0.834	0.000490244
-0.833	0.000496566
-0.832	0.000502965
-0.831	0.000509441
-0.83	0.000515996
-0.829	0.00052263
-0.828	0.000529345
-0.827	0.000536142
-0.826	0.000543022
-0.825	0.000549986
-0.824	0.000557034
-0.823	0.000564169
-0.822	0.000571391
-0.821	0.000578702
-0.82	0.000586104
-0.819	0.000593597
-0.818	0.000601184
-0.817	0.000608865
-0.816	0.000616642
-0.815	0.000624517
-0.814	0.000632492
-0.813	0.000640566
-0.812	0.000648744
-0.811	0.000657025
-0.81	0.000665412
-0.809	0.000673908
-0.808	0.000682513
-0.807	0.000691229
-0.806	0.000700057
-0.805	0.000709
-0.804	0.00071806
-0.803	0.000727238
-0.802	0.000736537
-0.801	0.000745959
-0.8	0.000755504
-0.799	0.000765176
-0.798	0.000774976
-0.797	0.000784905
-0.796	0.000794967
-0.795	0.000805162
-0.794	0.000815494
-0.793	0.000825963
-0.792	0.000836571
-0.791	0.00084732
-0.79	0.000858214
-0.789	0.000869253
-0.788	0.000880439
-0.787	0.000891774
-0.786	0.000903261
-0.785	0.000914899
-0.784	0.000926693
-0.783	0.000938644
-0.782	0.000950752
-0.781	0.000963022
-0.78	0.000975453
-0.779	0.000988048
-0.778	0.00100081
-0.777	0.00101374
-0.776	0.00102684
-0.775	0.00104011
-0.774	0.00105355
-0.773	0.00106717
-0.772	0.00108096
-0.771	0.00109493
-0.77	0.00110909
-0.769	0.00112342
-0.768	0.00113794
-0.767	0.00115265
-0.766	0.00116754
-0.765	0.00118263
-0.764	0.00119791
-0.763	0.00121338
-0.762	0.00122904
-0.761	0.00124491
-0.76	0.00126097
-0.759	0.00127724
-0.758	0.00129372
-0.757	0.00131039
-0.756	0.00132728
-0.755	0.00134438
-0.754	0.0013617
-0.753	0.00137923
-0.752	0.00139698
-0.751	0.00141495
-0.75	0.00143314
-0.749	0.00145157
-0.748	0.00147022
-0.747	0.00148911
-0.746	0.00150823
-0.745	0.00152759
-0.744	0.00154719
-0.743	0.00156704
-0.742	0.00158713
-0.741	0.00160748
-0.74	0.00162808
-0.739	0.00164894
-0.738	0.00167006
-0.737	0.00169145
-0.736	0.00171311
-0.735	0.00173504
-0.734	0.00175725
-0.733	0.00177974
-0.732	0.00180252
-0.731	0.00182559
-0.73	0.00184895
-0.729	0.00187261
-0.728	0.00189657
-0.727	0.00192083
-0.726	0.00194541
-0.725	0.00197031
-0.724	0.00199553
-0.723	0.00202107
-0.722	0.00204694
-0.721	0.00207315
-0.72	0.00209969
-0.719	0.00212658
-0.718	0.00215382
-0.717	0.00218142
-0.716	0.00220937
-0.715	0.00223769
-0.714	0.00226638
-0.713	0.00229544
-0.712	0.00232489
-0.711	0.00235472
-0.71	0.00238494
-0.709	0.00241556
-0.708	0.00244657
-0.707	0.002478
-0.706	0.00250984
-0.705	0.00254209
-0.704	0.00257477
-0.703	0.00260787
-0.702	0.00264141
-0.701	0.00267539
-0.7	0.00270981
-0.699	0.00274469
-0.698	0.00278002
-0.697	0.00281581
-0.696	0.00285207
-0.695	0.0028888
-0.694	0.00292601
-0.693	0.0029637
-0.692	0.00300189
-0.691	0.00304057
-0.69	0.00307975
-0.689	0.00311944
-0.688	0.00315964
-0.687	0.00320036
-0.686	0.00324161
-0.685	0.00328339
-0.684	0.00332571
-0.683	0.00336857
-0.682	0.00341198
-0.681	0.00345595
-0.68	0.00350048
-0.679	0.00354558
-0.678	0.00359126
-0.677	0.00363752
-0.676	0.00368438
-0.675	0.00373183
-0.674	0.00377988
-0.673	0.00382855
-0.672	0.00387784
-0.671	0.00392775
-0.67	0.0039783
-0.669	0.00402949
-0.668	0.00408132
-0.667	0.00413382
-0.666	0.00418698
-0.665	0.00424082
-0.664	0.00429534
-0.663	0.00435055
-0.662	0.00440646
-0.661	0.00446308
-0.66	0.00452042
-0.659	0.00457849
-0.658	0.00463729
-0.657	0.00469684
-0.656	0.00475715
-0.655	0.00481823
-0.654	0.00488008
-0.653	0.00494272
-0.652	0.00500616
-0.651	0.0050704
-0.65	0.00513546
-0.649	0.00520136
-0.648	0.0052681
-0.647	0.00533569
-0.646	0.00540414
-0.645	0.00547347
-0.644	0.00554369
-0.643	0.00561481
-0.642	0.00568685
-0.641	0.0057598
-0.64	0.0058337
-0.639	0.00590855
-0.638	0.00598436
-0.637	0.00606114
-0.636	0.00613892
-0.635	0.0062177
-0.634	0.00629749
-0.633	0.00637831
-0.632	0.00646019
-0.631	0.00654312
-0.63	0.00662712
-0.629	0.00671221
-0.628	0.0067984
-0.627	0.0068857
-0.626	0.00697414
-0.625	0.00706372
-0.624	0.00715446
-0.623	0.00724638
-0.622	0.00733949
-0.621	0.00743382
-0.62	0.00752935
-0.619	0.00762613
-0.618	0.00772416
-0.617	0.00782346
-0.616	0.00792405
-0.615	0.00802594
-0.614	0.00812914
-0.613	0.00823369
-0.612	0.00833958
-0.611	0.00844686
-0.61	0.00855551
-0.609	0.00866557
-0.608	0.00877705
-0.607	0.00888997
-0.606	0.00900436
-0.605	0.00912021
-0.604	0.00923756
-0.603	0.00935643
-0.602	0.00947683
-0.601	0.00959878
-0.6	0.0097223
-0.599	0.00984741
-0.598	0.00997413
-0.597	0.0101025
-0.596	0.0102325
-0.595	0.0103641
-0.594	0.0104975
-0.593	0.0106326
-0.592	0.0107694
-0.591	0.0109079
-0.59	0.0110483
-0.589	0.0111904
-0.588	0.0113344
-0.587	0.0114802
-0.586	0.0116279
-0.585	0.0117774
-0.584	0.0119289
-0.583	0.0120823
-0.582	0.0122377
-0.581	0.0123951
-0.58	0.0125545
-0.579	0.0127159
-0.578	0.0128794
-0.577	0.013045
-0.576	0.0132127
-0.575	0.0133825
-0.574	0.0135546
-0.573	0.0137288
-0.572	0.0139053
-0.571	0.014084
-0.57	0.014265
-0.569	0.0144483
-0.568	0.014634
-0.567	0.0148221
-0.566	0.0150126
-0.565	0.0152055
-0.564	0.0154009
-0.563	0.0155988
-0.562	0.0157992
-0.561	0.0160022
-0.56	0.0162079
-0.559	0.0164161
-0.558	0.0166271
-0.557	0.0168407
-0.556	0.0170571
-0.555	0.0172763
-0.554	0.0174983
-0.553	0.0177231
-0.552	0.0179509
-0.551	0.0181815
-0.55	0.0184152
-0.549	0.0186518
-0.548	0.0188915
-0.547	0.0191343
-0.546	0.0193803
-0.545	0.0196293
-0.544	0.0198816
-0.543	0.0201372
-0.542	0.020396
-0.541	0.0206582
-0.54	0.0209237
-0.539	0.0211927
-0.538	0.0214652
-0.537	0.0217411
-0.536	0.0220206
-0.535	0.0223037
-0.534	0.0225905
-0.533	0.0228809
-0.532	0.0231751
-0.531	0.0234731
-0.53	0.023775
-0.529	0.0240807
-0.528	0.0243903
-0.527	0.024704
-0.526	0.0250217
-0.525	0.0253434
-0.524	0.0256693
-0.523	0.0259995
-0.522	0.0263338
-0.521	0.0266725
-0.52	0.0270155
-0.519	0.0273629
-0.518	0.0277148
-0.517	0.0280713
-0.516	0.0284322
-0.515	0.0287979
-0.514	0.0291683
-0.513	0.0295433
-0.512	0.0299233
-0.511	0.0303081
-0.51	0.0306978
-0.509	0.0310926
-0.508	0.0314924
-0.507	0.0318974
-0.506	0.0323075
-0.505	0.032723
-0.504	0.0331437
-0.503	0.0335699
-0.502	0.0340015
-0.501	0.0344387
-0.5	0.0348815
-0.499	0.03533
-0.498	0.0357843
-0.497	0.0362444
-0.496	0.0367103
-0.495	0.0371823
-0.494	0.0376604
-0.493	0.0381446
-0.492	0.038635
-0.491	0.0391316
-0.49	0.0396347
-0.489	0.0401443
-0.488	0.0406604
-0.487	0.0411831
-0.486	0.0417125
-0.485	0.0422488
-0.484	0.0427919
-0.483	0.043342
-0.482	0.0438992
-0.481	0.0444636
-0.48	0.0450352
-0.479	0.0456141
-0.478	0.0462006
-0.477	0.0467945
-0.476	0.0473961
-0.475	0.0480055
-0.474	0.0486226
-0.473	0.0492477
-0.472	0.0498809
-0.471	0.0505222
-0.47	0.0511717
-0.469	0.0518296
-0.468	0.052496
-0.467	0.053171
-0.466	0.0538546
-0.465	0.0545471
-0.464	0.0552484
-0.463	0.0559588
-0.462	0.0566783
-0.461	0.057407
-0.46	0.0581452
-0.459	0.0588928
-0.458	0.0596501
-0.457	0.0604171
-0.456	0.061194
-0.455	0.0619809
-0.454	0.0627779
-0.453	0.0635851
-0.452	0.0644027
-0.451	0.0652309
-0.45	0.0660697
-0.449	0.0669194
-0.448	0.0677799
-0.447	0.0686515
-0.446	0.0695343
-0.445	0.0704285
-0.444	0.0713342
-0.443	0.0722515
-0.442	0.0731807
-0.441	0.0741217
-0.44	0.0750749
-0.439	0.0760403
-0.438	0.0770182
-0.437	0.0780086
-0.436	0.0790117
-0.435	0.0800277
-0.434	0.0810568
-0.433	0.0820992
-0.432	0.0831549
-0.431	0.0842242
-0.43	0.0853072
-0.429	0.0864041
-0.428	0.0875151
-0.427	0.0886405
-0.426	0.0897803
-0.425	0.0909346
-0.424	0.0921039
-0.423	0.0932881
-0.422	0.0944877
-0.421	0.0957025
-0.42	0.0969331
-0.419	0.0981793
-0.418	0.0994417
-0.417	0.10072
-0.416	0.102015
-0.415	0.103327
-0.414	0.104689
-0.413	0.10614
-0.412	0.107681
-0.411	0.109313
-0.41	0.111037
-0.409	0.112854
-0.408	0.114765
-0.407	0.116771
-0.406	0.118871
-0.405	0.121066
-0.404	0.123356
-0.403	0.125739
-0.402	0.128215
-0.401	0.130784
-0.4	0.133444
-0.399	0.136195
-0.398	0.139033
-0.397	0.141959
-0.396	0.144969
-0.395	0.148062
-0.394	0.151236
-0.393	0.154488
-0.392	0.157815
-0.391	0.161216
-0.39	0.164687
-0.389	0.168225
-0.388	0.171827
-0.387	0.17549
-0.386	0.179212
-0.385	0.182988
-0.384	0.186815
-0.383	0.190691
-0.382	0.194612
-0.381	0.198574
-0.38	0.202574
-0.379	0.20661
-0.378	0.210677
-0.377	0.214772
-0.376	0.218893
-0.375	0.223037
-0.374	0.227199
-0.373	0.231378
-0.372	0.235571
-0.371	0.239775
-0.37	0.243988
-0.369	0.248208
-0.368	0.252432
-0.367	0.256658
-0.366	0.260885
-0.365	0.265111
-0.364	0.269417
-0.363	0.273883
-0.362	0.278502
-0.361	0.283264
-0.36	0.288158
-0.359	0.293177
-0.358	0.29831
-0.357	0.303545
-0.356	0.308874
-0.355	0.314286
-0.354	0.319768
-0.353	0.325312
-0.352	0.330906
-0.351	0.336537
-0.35	0.342195
-0.349	0.347869
-0.348	0.353548
-0.347	0.35922
-0.346	0.364873
-0.345	0.370497
-0.344	0.376079
-0.343	0.381611
-0.342	0.387077
-0.341	0.392471
-0.34	0.39778
-0.339	0.402993
-0.338	0.4081
-0.337	0.413091
-0.336	0.417957
-0.335	0.422687
-0.334	0.427272
-0.333	0.431703
-0.332	0.435971
-0.331	0.440068
-0.33	0.443986
-0.329	0.447717
-0.328	0.451254
-0.327	0.45459
-0.326	0.457718
-0.325	0.460634
-0.324	0.463329
-0.323	0.465802
-0.322	0.468045
-0.321	0.470056
-0.32	0.47183
-0.319	0.473364
-0.318	0.474657
-0.317	0.475705
-0.316	0.476507
-0.315	0.477061
-0.314	0.477368
-0.313	0.477427
-0.312	0.477238
-0.311	0.476804
-0.31	0.476125
-0.309	0.475202
-0.308	0.474039
-0.307	0.472639
-0.306	0.471004
-0.305	0.469141
-0.304	0.467051
-0.303	0.464742
-0.302	0.462218
-0.301	0.459484
-0.3	0.456548
-0.299	0.453416
-0.298	0.450095
-0.297	0.446593
-0.296	0.442918
-0.295	0.439077
-0.294	0.435081
-0.293	0.430937
-0.292	0.426654
-0.291	0.422244
-0.29	0.417715
-0.289	0.413077
-0.288	0.408341
-0.287	0.403518
-0.286	0.398617
-0.285	0.393651
-0.284	0.38863
-0.283	0.383565
-0.282	0.378467
-0.281	0.373348
-0.28	0.368218
-0.279	0.363091
-0.278	0.357976
-0.277	0.352885
-0.276	0.347829
-0.275	0.342821
-0.274	0.337869
-0.273	0.332987
-0.272	0.328184
-0.271	0.323472
-0.27	0.31886
-0.269	0.31436
-0.268	0.309979
-0.267	0.305731
-0.266	0.301623
-0.265	0.297664
-0.264	0.293864
-0.263	0.290231
-0.262	0.286774
-0.261	0.283499
-0.26	0.280416
-0.259	0.27753
-0.258	0.274849
-0.257	0.27238
-0.256	0.270125
-0.255	0.268094
-0.254	0.266288
-0.253	0.264714
-0.252	0.263375
-0.251	0.262274
-0.25	0.261415
-0.249	0.2608
-0.248	0.26043
-0.247	0.260308
-0.246	0.260433
-0.245	0.260808
-0.244	0.261429
-0.243	0.262298
-0.242	0.263414
-0.241	0.264774
-0.24	0.266376
-0.239	0.268218
-0.238	0.270296
-0.237	0.272607
-0.236	0.275146
-0.235	0.277908
-0.234	0.280889
-0.233	0.284083
-0.232	0.287483
-0.231	0.291083
-0.23	0.294876
-0.229	0.298855
-0.228	0.303012
-0.227	0.30734
-0.226	0.311828
-0.225	0.316469
-0.224	0.321254
-0.223	0.326173
-0.222	0.331216
-0.221	0.336374
-0.22	0.341636
-0.219	0.346991
-0.218	0.35243
-0.217	0.357941
-0.216	0.363513
-0.215	0.369136
-0.214	0.374798
-0.213	0.380487
-0.212	0.386194
-0.211	0.391906
-0.21	0.39761
-0.209	0.403299
-0.208	0.408957
-0.207	0.414576
-0.206	0.420143
-0.205	0.425648
-0.204	0.431079
-0.203	0.436427
-0.202	0.44168
-0.201	0.446827
-0.2	0.45186
-0.199	0.456768
-0.198	0.461539
-0.197	0.466168
-0.196	0.470643
-0.195	0.474954
-0.194	0.479097
-0.193	0.483061
-0.192	0.486837
-0.191	0.490421
-0.19	0.493804
-0.189	0.496979
-0.188	0.499943
-0.187	0.502688
-0.186	0.505207
-0.185	0.5075
-0.184	0.509559
-0.183	0.511383
-0.182	0.512967
-0.181	0.514309
-0.18	0.515407
-0.179	0.516259
-0.178	0.516863
-0.177	0.517221
-0.176	0.51733
-0.175	0.517192
-0.174	0.516807
-0.173	0.516177
-0.172	0.515305
-0.171	0.514192
-0.17	0.512842
-0.169	0.511257
-0.168	0.509442
-0.167	0.507402
-0.166	0.505141
-0.165	0.502665
-0.164	0.499979
-0.163	0.497091
-0.162	0.494005
-0.161	0.490732
-0.16	0.487275
-0.159	0.483645
-0.158	0.47985
-0.157	0.475898
-0.156	0.471798
-0.155	0.46756
-0.154	0.463191
-0.153	0.458705
-0.152	0.454109
-0.151	0.449413
-0.15	0.444631
-0.149	0.43977
-0.148	0.434842
-0.147	0.429859
-0.146	0.424831
-0.145	0.41977
-0.144	0.414687
-0.143	0.409593
-0.142	0.4045
-0.141	0.399419
-0.14	0.394362
-0.139	0.389338
-0.138	0.384362
-0.137	0.379442
-0.136	0.374589
-0.135	0.369816
-0.134	0.365133
-0.133	0.36055
-0.132	0.356078
-0.131	0.351725
-0.13	0.347503
-0.129	0.343421
-0.128	0.339488
-0.127	0.335712
-0.126	0.332104
-0.125	0.328671
-0.124	0.32542
-0.123	0.322359
-0.122	0.319496
-0.121	0.316837
-0.12	0.314389
-0.119	0.312156
-0.118	0.310146
-0.117	0.308362
-0.116	0.306808
-0.115	0.30549
-0.114	0.30441
-0.113	0.30357
-0.112	0.302976
-0.111	0.302626
-0.11	0.302523
-0.109	0.302668
-0.108	0.303062
-0.107	0.303704
-0.106	0.304593
-0.105	0.305729
-0.104	0.307109
-0.103	0.308732
-0.102	0.310595
-0.101	0.312693
-0.1	0.315025
