-4	0
-3.999	0
-3.998	0
-3.997	0
-3.996	0
-3.995	0
-3.994	0
-3.993	0
-3.992	0
-3.991	0
-3.99	0
-3.989	0
-3.988	0
-3.987	0
-3.986	0
-3.985	0
-3.984	0
-3.983	0
-3.982	0
-3.981	0
-3.98	0
-3.979	0
-3.978	0
-3.977	0
-3.976	0
-3.975	0
-3.974	0
-3.973	0
-3.972	0
-3.971	0
-3.97	0
-3.969	0
-3.968	0
-3.967	0
-3.966	0
-3.965	0
-3.964	0
-3.963	0
-3.962	0
-3.961	0
-3.96	0
-3.959	0
-3.958	0
-3.957	0
-3.956	0
-3.955	0
-3.954	0
-3.953	0
-3.952	0
-3.951	0
-3.95	0
-3.949	0
-3.948	0
-3.947	0
-3.946	0
-3.945	0
-3.944	0
-3.943	0
-3.942	0
-3.941	0
-3.94	0
-3.939	0
-3.938	0
-3.937	0
-3.936	0
-3.935	0
-3.934	0
-3.933	0
-3.932	0
-3.931	0
-3.93	0
-3.929	0
-3.928	0
-3.927	0
-3.926	0
-3.925	0
-3.924	0
-3.923	0
-3.922	0
-3.921	0
-3.92	0
-3.919	0
-3.918	0
-3.917	0
-3.916	0
-3.915	0
-3.914	0
-3.913	0
-3.912	0
-3.911	0
-3.91	0
-3.909	0
-3.908	0
-3.907	0
-3.906	0
-3.905	0
-3.904	0
-3.903	0
-3.902	0
-3.901	0
-3.9	0
-3.899	0
-3.898	0
-3.897	0
-3.896	0
-3.895	0
-3.894	0
-3.893	0
-3.892	0
-3.891	0
-3.89	0
-3.889	0
-3.888	0
-3.887	0
-3.886	0
-3.885	0
-3.884	0
-3.883	0
-3.882	0
-3.881	0
-3.88	0
-3.879	0
-3.878	0
-3.877	0
-3.876	0
-3.875	0
-3.874	0
-3.873	0
-3.872	0
-3.871	0
-3.87	0
-3.869	0
-3.868	0
-3.867	0
-3.866	0
-3.865	0
-3.864	0
-3.863	0
-3.862	0
-3.861	0
-3.86	0
-3.859	0
-3.858	0
-3.857	0
-3.856	0
-3.855	0
-3.854	0
-3.853	0
-3.852	0
-3.851	0
-3.85	0
-3.849	0
-3.848	0
-3.847	0
-3.846	0
-3.845	0
-3.844	0
-3.843	0
-3.842	0
-3.841	0
-3.84	0
-3.839	0
-3.838	0
-3.837	0
-3.836	0
-3.835	0
-3.834	0
-3.833	0
-3.832	0
-3.831	0
-3.83	0
-3.829	0
-3.828	0
-3.827	0
-3.826	0
-3.825	0
-3.824	0
-3.823	0
-3.822	0
-3.821	0
-3.82	0
-3.819	0
-3.818	0
-3.817	0
-3.816	0
-3.815	0
-3.814	0
-3.813	0
-3.812	0
-3.811	0
-3.81	0
-3.809	0
-3.808	0
-3.807	0
-3.806	0
-3.805	0
-3.804	0
-3.803	0
-3.802	0
-3.801	0
-3.8	0
-3.799	0
-3.798	0
-3.797	0
-3.796	0
-3.795	0
-3.794	0
-3.793	0
-3.792	0
-3.791	0
-3.79	0
-3.789	0
-3.788	0
-3.787	0
-3.786	0
-3.785	0
-3.784	0
-3.783	0
-3.782	0
-3.781	0
-3.78	0
-3.779	0
-3.778	0
-3.777	0
-3.776	0
-3.775	0
-3.774	0
-3.773	0
-3.772	0
-3.771	0
-3.77	0
-3.769	0
-3.768	0
-3.767	0
-3.766	0
-3.765	0
-3.764	0
-3.763	0
-3.762	0
-3.761	0
-3.76	0
-3.759	0
-3.758	0
-3.757	0
-3.756	0
-3.755	0
-3.754	0
-3.753	0
-3.752	0
-3.751	0
-3.75	0
-3.749	0
-3.748	0
-3.747	0
-3.746	0
-3.745	0
-3.744	0
-3.743	0
-3.742	0
-3.741	0
-3.74	0
-3.739	0
-3.738	0
-3.737	0
-3.736	0
-3.735	0
-3.734	0
-3.733	0
-3.732	0
-3.731	0
-3.73	0
-3.729	0
-3.728	0
-3.727	0
-3.726	0
-3.725	0
-3.724	0
-3.723	0
-3.722	0
-3.721	0
-3.72	0
-3.719	0
-3.718	0
-3.717	0
-3.716	0
-3.715	0
-3.714	0
-3.713	0
-3.712	0
-3.711	0
-3.71	0
-3.709	0
-3.708	0
-3.707	0
-3.706	0
-3.705	0
-3.704	0
-3.703	0
-3.702	0
-3.701	0
-3.7	0
-3.699	0
-3.698	0
-3.697	0
-3.696	0
-3.695	0
-3.694	0
-3.693	0
-3.692	0
-3.691	0
-3.69	0
-3.689	0
-3.688	0
-3.687	0
-3.686	0
-3.685	0
-3.684	0
-3.683	0
-3.682	0
-3.681	0
-3.68	0
-3.679	0
-3.678	0
-3.677	0
-3.676	0
-3.675	0
-3.674	0
-3.673	0
-3.672	0
-3.671	0
-3.67	0
-3.669	0
-3.668	0
-3.667	0
-3.666	0
-3.665	0
-3.664	0
-3.663	0
-3.662	0
-3.661	0
-3.66	0
-3.659	0
-3.658	0
-3.657	0
-3.656	0
-3.655	0
-3.654	0
-3.653	0
-3.652	0
-3.651	0
-3.65	0
-3.649	0
-3.648	0
-3.647	0
-3.646	0
-3.645	0
-3.644	0
-3.643	0
-3.642	0
-3.641	0
-3.64	0
-3.639	0
-3.638	0
-3.637	0
-3.636	0
-3.635	0
-3.634	0
-3.633	0
-3.632	0
-3.631	0
-3.63	0
-3.629	0
-3.628	0
-3.627	0
-3.626	0
-3.625	0
-3.624	0
-3.623	0
-3.622	0
-3.621	0
-3.62	0
-3.619	0
-3.618	0
-3.617	0
-3.616	0
-3.615	0
-3.614	0
-3.613	0
-3.612	0
-3.611	0
-3.61	0
-3.609	0
-3.608	0
-3.607	0
-3.606	0
-3.605	0
-3.604	0
-3.603	0
-3.602	0
-3.601	0
-3.6	0
-3.599	0
-3.598	0
-3.597	0
-3.596	0
-3.595	0
-3.594	0
-3.593	0
-3.592	0
-3.591	0
-3.59	0
-3.589	0
-3.588	0
-3.587	0
-3.586	0
-3.585	0
-3.584	0
-3.583	0
-3.582	0
-3.581	0
-3.58	0
-3.579	0
-3.578	0
-3.577	0
-3.576	0
-3.575	0
-3.574	0
-3.573	0
-3.572	0
-3.571	0
-3.57	0
-3.569	0
-3.568	0
-3.567	0
-3.566	0
-3.565	0
-3.564	0
-3.563	0
-3.562	0
-3.561	0
-3.56	0
-3.559	0
-3.558	0
-3.557	0
-3.556	0
-3.555	0
-3.554	0
-3.553	0
-3.552	0
-3.551	0
-3.55	0
-3.549	0
-3.548	0
-3.547	0
-3.546	0
-3.545	0
-3.544	0
-3.543	0
-3.542	0
-3.541	0
-3.54	0
-3.539	0
-3.538	0
-3.537	0
-3.536	0
-3.535	0
-3.534	0
-3.533	0
-3.532	0
-3.531	0
-3.53	0
-3.529	0
-3.528	0
-3.527	0
-3.526	0
-3.525	0
-3.524	0
-3.523	0
-3.522	0
-3.521	0
-3.52	0
-3.519	0
-3.518	0
-3.517	0
-3.516	0
-3.515	0
-3.514	0
-3.513	0
-3.512	0
-3.511	0
-3.51	0
-3.509	0
-3.508	0
-3.507	0
-3.506	0
-3.505	0
-3.504	0
-3.503	0
-3.502	0
-3.501	0
-3.5	0
-3.499	0
-3.498	0
-3.497	0
-3.496	0
-3.495	0
-3.494	0
-3.493	0
-3.492	0
-3.491	0
-3.49	0
-3.489	0
-3.488	0
-3.487	0
-3.486	0
-3.485	0
-3.484	0
-3.483	0
-3.482	0
-3.481	0
-3.48	0
-3.479	0
-3.478	0
-3.477	0
-3.476	0
-3.475	0
-3.474	0
-3.473	0
-3.472	0
-3.471	0
-3.47	0
-3.469	0
-3.468	0
-3.467	0
-3.466	0
-3.465	0
-3.464	0
-3.463	0
-3.462	0
-3.461	0
-3.46	0
-3.459	0
-3.458	0
-3.457	0
-3.456	0
-3.455	0
-3.454	0
-3.453	0
-3.452	0
-3.451	0
-3.45	0
-3.449	0
-3.448	0
-3.447	0
-3.446	0
-3.445	0
-3.444	0
-3.443	0
-3.442	0
-3.441	0
-3.44	0
-3.439	0
-3.438	0
-3.437	0
-3.436	0
-3.435	0
-3.434	0
-3.433	0
-3.432	0
-3.431	0
-3.43	0
-3.429	0
-3.428	0
-3.427	0
-3.426	0
-3.425	0
-3.424	0
-3.423	0
-3.422	0
-3.421	0
-3.42	0
-3.419	0
-3.418	0
-3.417	0
-3.416	0
-3.415	0
-3.414	0
-3.413	0
-3.412	0
-3.411	0
-3.41	0
-3.409	0
-3.408	0
-3.407	0
-3.406	0
-3.405	0
-3.404	0
-3.403	0
-3.402	0
-3.401	0
-3.4	0
-3.399	0
-3.398	0
-3.397	0
-3.396	0
-3.395	0
-3.394	0
-3.393	0
-3.392	0
-3.391	0
-3.39	0
-3.389	0
-3.388	0
-3.387	0
-3.386	0
-3.385	0
-3.384	0
-3.383	0
-3.382	0
-3.381	0
-3.38	0
-3.379	0
-3.378	0
-3.377	0
-3.376	0
-3.375	0
-3.374	0
-3.373	0
-3.372	0
-3.371	0
-3.37	0
-3.369	0
-3.368	0
-3.367	0
-3.366	0
-3.365	0
-3.364	0
-3.363	0
-3.362	0
-3.361	0
-3.36	0
-3.359	0
-3.358	0
-3.357	0
-3.356	0
-3.355	0
-3.354	0
-3.353	0
-3.352	0
-3.351	0
-3.35	0
-3.349	0
-3.348	0
-3.347	0
-3.346	0
-3.345	0
-3.344	0
-3.343	0
-3.342	0
-3.341	0
-3.34	0
-3.339	0
-3.338	0
-3.337	0
-3.336	0
-3.335	0
-3.334	0
-3.333	0
-3.332	0
-3.331	0
-3.33	0
-3.329	0
-3.328	0
-3.327	0
-3.326	0
-3.325	0
-3.324	0
-3.323	0
-3.322	0
-3.321	0
-3.32	0
-3.319	0
-3.318	0
-3.317	0
-3.316	0
-3.315	0
-3.314	0
-3.313	0
-3.312	0
-3.311	0
-3.31	0
-3.309	0
-3.308	0
-3.307	0
-3.306	0
-3.305	0
-3.304	0
-3.303	0
-3.302	0
-3.301	0
-3.3	0
-3.299	0
-3.298	0
-3.297	0
-3.296	0
-3.295	0
-3.294	0
-3.293	0
-3.292	0
-3.291	0
-3.29	0
-3.289	0
-3.288	0
-3.287	0
-3.286	0
-3.285	0
-3.284	0
-3.283	0
-3.282	0
-3.281	0
-3.28	0
-3.279	0
-3.278	0
-3.277	0
-3.276	0
-3.275	0
-3.274	0
-3.273	0
-3.272	0
-3.271	0
-3.27	0
-3.269	0
-3.268	0
-3.267	0
-3.266	0
-3.265	0
-3.264	0
-3.263	0
-3.262	0
-3.261	0
-3.26	0
-3.259	0
-3.258	0
-3.257	0
-3.256	0
-3.255	0
-3.254	0
-3.253	0
-3.252	0
-3.251	0
-3.25	0
-3.249	0
-3.248	0
-3.247	0
-3.246	0
-3.245	0
-3.244	0
-3.243	0
-3.242	0
-3.241	0
-3.24	0
-3.239	0
-3.238	0
-3.237	0
-3.236	0
-3.235	0
-3.234	0
-3.233	0
-3.232	0
-3.231	0
-3.23	0
-3.229	0
-3.228	0
-3.227	0
-3.226	0
-3.225	0
-3.224	0
-3.223	0
-3.222	0
-3.221	0
-3.22	0
-3.219	0
-3.218	0
-3.217	0
-3.216	0
-3.215	0
-3.214	0
-3.213	0
-3.212	0
-3.211	0
-3.21	0
-3.209	0
-3.208	0
-3.207	0
-3.206	0
-3.205	0
-3.204	0
-3.203	0
-3.202	0
-3.201	0
-3.2	0
-3.199	0
-3.198	0
-3.197	0
-3.196	0
-3.195	0
-3.194	0
-3.193	0
-3.192	0
-3.191	0
-3.19	0
-3.189	0
-3.188	0
-3.187	0
-3.186	0
-3.185	0
-3.184	0
-3.183	0
-3.182	0
-3.181	0
-3.18	0
-3.179	0
-3.178	0
-3.177	0
-3.176	0
-3.175	0
-3.174	0
-3.173	0
-3.172	0
-3.171	0
-3.17	0
-3.169	0
-3.168	0
-3.167	0
-3.166	0
-3.165	0
-3.164	0
-3.163	0
-3.162	0
-3.161	0
-3.16	0
-3.159	0
-3.158	0
-3.157	0
-3.156	0
-3.155	0
-3.154	0
-3.153	0
-3.152	0
-3.151	0
-3.15	0
-3.149	0
-3.148	0
-3.147	0
-3.146	0
-3.145	0
-3.144	0
-3.143	0
-3.142	0
-3.141	0
-3.14	0
-3.139	0
-3.138	0
-3.137	0
-3.136	0
-3.135	0
-3.134	0
-3.133	0
-3.132	0
-3.131	0
-3.13	0
-3.129	0
-3.128	0
-3.127	0
-3.126	0
-3.125	0
-3.124	0
-3.123	0
-3.122	0
-3.121	0
-3.12	0
-3.119	0
-3.118	0
-3.117	0
-3.116	0
-3.115	0
-3.114	0
-3.113	0
-3.112	0
-3.111	0
-3.11	0
-3.109	0
-3.108	0
-3.107	0
-3.106	0
-3.105	0
-3.104	0
-3.103	0
-3.102	0
-3.101	0
-3.1	0
-3.099	0
-3.098	0
-3.097	0
-3.096	0
-3.095	0
-3.094	0
-3.093	0
-3.092	0
-3.091	0
-3.09	0
-3.089	0
-3.088	0
-3.087	0
-3.086	0
-3.085	0
-3.084	0
-3.083	0
-3.082	0
-3.081	0
-3.08	0
-3.079	0
-3.078	0
-3.077	0
-3.076	0
-3.075	0
-3.074	0
-3.073	0
-3.072	0
-3.071	0
-3.07	0
-3.069	0
-3.068	0
-3.067	0
-3.066	0
-3.065	0
-3.064	0
-3.063	0
-3.062	0
-3.061	0
-3.06	0
-3.059	0
-3.058	0
-3.057	0
-3.056	0
-3.055	0
-3.054	0
-3.053	0
-3.052	0
-3.051	0
-3.05	0
-3.049	0
-3.048	0
-3.047	0
-3.046	0
-3.045	0
-3.044	0
-3.043	0
-3.042	0
-3.041	0
-3.04	0
-3.039	0
-3.038	0
-3.037	0
-3.036	0
-3.035	0
-3.034	0
-3.033	0
-3.032	0
-3.031	0
-3.03	0
-3.029	0
-3.028	0
-3.027	0
-3.026	0
-3.025	0
-3.024	0
-3.023	0
-3.022	0
-3.021	0
-3.02	0
-3.019	0
-3.018	0
-3.017	0
-3.016	0
-3.015	0
-3.014	0
-3.013	0
-3.012	0
-3.011	0
-3.01	0
-3.009	0
-3.008	0
-3.007	0
-3.006	0
-3.005	0
-3.004	0
-3.003	0
-3.002	0
-3.001	0
-3	0
-2.999	0
-2.998	0
-2.997	0
-2.996	0
-2.995	0
-2.994	0
-2.993	0
-2.992	0
-2.991	0
-2.99	0
-2.989	0
-2.988	0
-2.987	0
-2.986	0
-2.985	0
-2.984	0
-2.983	0
-2.982	0
-2.981	0
-2.98	0
-2.979	0
-2.978	0
-2.977	0
-2.976	0
-2.975	0
-2.974	0
-2.973	0
-2.972	0
-2.971	0
-2.97	0
-2.969	0
-2.968	0
-2.967	0
-2.966	0
-2.965	0
-2.964	0
-2.963	0
-2.962	0
-2.961	0
-2.96	0
-2.959	0
-2.958	0
-2.957	0
-2.956	0
-2.955	0
-2.954	0
-2.953	0
-2.952	0
-2.951	0
-2.95	0
-2.949	0
-2.948	0
-2.947	0
-2.946	0
-2.945	0
-2.944	0
-2.943	0
-2.942	0
-2.941	0
-2.94	0
-2.939	0
-2.938	0
-2.937	0
-2.936	0
-2.935	0
-2.934	0
-2.933	0
-2.932	0
-2.931	0
-2.93	0
-2.929	0
-2.928	0
-2.927	0
-2.926	0
-2.925	0
-2.924	0
-2.923	0
-2.922	0
-2.921	0
-2.92	0
-2.919	0
-2.918	0
-2.917	0
-2.916	0
-2.915	0
-2.914	0
-2.913	0
-2.912	0
-2.911	0
-2.91	0
-2.909	0
-2.908	0
-2.907	0
-2.906	0
-2.905	0
-2.904	0
-2.903	0
-2.902	0
-2.901	0
-2.9	0
-2.899	0
-2.898	0
-2.897	0
-2.896	0
-2.895	0
-2.894	0
-2.893	0
-2.892	0
-2.891	0
-2.89	0
-2.889	0
-2.888	0
-2.887	0
-2.886	0
-2.885	0
-2.884	0
-2.883	0
-2.882	0
-2.881	0
-2.88	0
-2.879	0
-2.878	0
-2.877	0
-2.876	0
-2.875	0
-2.874	0
-2.873	0
-2.872	0
-2.871	0
-2.87	0
-2.869	0
-2.868	0
-2.867	0
-2.866	0
-2.865	0
-2.864	0
-2.863	0
-2.862	0
-2.861	0
-2.86	0
-2.859	0
-2.858	0
-2.857	0
-2.856	0
-2.855	0
-2.854	0
-2.853	0
-2.852	0
-2.851	0
-2.85	0
-2.849	0
-2.848	0
-2.847	0
-2.846	0
-2.845	0
-2.844	0
-2.843	0
-2.842	0
-2.841	0
-2.84	0
-2.839	0
-2.838	0
-2.837	0
-2.836	0
-2.835	0
-2.834	0
-2.833	0
-2.832	0
-2.831	0
-2.83	0
-2.829	0
-2.828	0
-2.827	0
-2.826	0
-2.825	0
-2.824	0
-2.823	0
-2.822	0
-2.821	0
-2.82	0
-2.819	0
-2.818	0
-2.817	0
-2.816	0
-2.815	0
-2.814	0
-2.813	0
-2.812	0
-2.811	0
-2.81	0
-2.809	0
-2.808	0
-2.807	0
-2.806	0
-2.805	0
-2.804	0
-2.803	0
-2.802	0
-2.801	0
-2.8	0
-2.799	0
-2.798	0
-2.797	0
-2.796	0
-2.795	0
-2.794	0
-2.793	0
-2.792	0
-2.791	0
-2.79	0
-2.789	0
-2.788	0
-2.787	0
-2.786	0
-2.785	0
-2.784	0
-2.783	0
-2.782	0
-2.781	0
-2.78	0
-2.779	0
-2.778	0
-2.777	0
-2.776	0
-2.775	0
-2.774	0
-2.773	0
-2.772	0
-2.771	0
-2.77	0
-2.769	0
-2.768	0
-2.767	0
-2.766	0
-2.765	0
-2.764	0
-2.763	0
-2.762	0
-2.761	0
-2.76	0
-2.759	0
-2.758	0
-2.757	0
-2.756	0
-2.755	0
-2.754	0
-2.753	0
-2.752	0
-2.751	0
-2.75	0
-2.749	0
-2.748	0
-2.747	0
-2.746	0
-2.745	0
-2.744	0
-2.743	0
-2.742	0
-2.741	0
-2.74	0
-2.739	0
-2.738	0
-2.737	0
-2.736	0
-2.735	0
-2.734	0
-2.733	0
-2.732	0
-2.731	0
-2.73	0
-2.729	0
-2.728	0
-2.727	0
-2.726	0
-2.725	0
-2.724	0
-2.723	0
-2.722	0
-2.721	0
-2.72	0
-2.719	0
-2.718	0
-2.717	0
-2.716	0
-2.715	0
-2.714	0
-2.713	0
-2.712	0
-2.711	0
-2.71	0
-2.709	0
-2.708	0
-2.707	0
-2.706	0
-2.705	0
-2.704	0
-2.703	0
-2.702	0
-2.701	0
-2.7	0
-2.699	0
-2.698	0
-2.697	0
-2.696	0
-2.695	0
-2.694	0
-2.693	0
-2.692	0
-2.691	0
-2.69	0
-2.689	0
-2.688	0
-2.687	0
-2.686	0
-2.685	0
-2.684	0
-2.683	0
-2.682	0
-2.681	0
-2.68	0
-2.679	0
-2.678	0
-2.677	0
-2.676	0
-2.675	0
-2.674	0
-2.673	0
-2.672	0
-2.671	0
-2.67	0
-2.669	0
-2.668	0
-2.667	0
-2.666	0
-2.665	0
-2.664	0
-2.663	0
-2.662	0
-2.661	0
-2.66	0
-2.659	0
-2.658	0
-2.657	0
-2.656	0
-2.655	0
-2.654	0
-2.653	0
-2.652	0
-2.651	0
-2.65	0
-2.649	0
-2.648	0
-2.647	0
-2.646	0
-2.645	0
-2.644	0
-2.643	0
-2.642	0
-2.641	0
-2.64	0
-2.639	0
-2.638	0
-2.637	0
-2.636	0
-2.635	0
-2.634	0
-2.633	0
-2.632	0
-2.631	0
-2.63	0
-2.629	0
-2.628	0
-2.627	0
-2.626	0
-2.625	0
-2.624	0
-2.623	0
-2.622	0
-2.621	0
-2.62	0
-2.619	0
-2.618	0
-2.617	0
-2.616	0
-2.615	0
-2.614	0
-2.613	0
-2.612	0
-2.611	0
-2.61	0
-2.609	0
-2.608	0
-2.607	0
-2.606	0
-2.605	0
-2.604	0
-2.603	0
-2.602	0
-2.601	0
-2.6	0
-2.599	0
-2.598	0
-2.597	0
-2.596	0
-2.595	0
-2.594	0
-2.593	0
-2.592	0
-2.591	0
-2.59	0
-2.589	0
-2.588	0
-2.587	0
-2.586	0
-2.585	0
-2.584	0
-2.583	0
-2.582	0
-2.581	0
-2.58	0
-2.579	0
-2.578	0
-2.577	0
-2.576	0
-2.575	0
-2.574	0
-2.573	0
-2.572	0
-2.571	0
-2.57	0
-2.569	0
-2.568	0
-2.567	0
-2.566	0
-2.565	0
-2.564	0
-2.563	0
-2.562	0
-2.561	0
-2.56	0
-2.559	0
-2.558	0
-2.557	0
-2.556	0
-2.555	0
-2.554	0
-2.553	0
-2.552	0
-2.551	0
-2.55	0
-2.549	0
-2.548	0
-2.547	0
-2.546	0
-2.545	0
-2.544	0
-2.543	0
-2.542	0
-2.541	0
-2.54	0
-2.539	0
-2.538	0
-2.537	0
-2.536	0
-2.535	0
-2.534	0
-2.533	0
-2.532	0
-2.531	0
-2.53	0
-2.529	0
-2.528	0
-2.527	0
-2.526	0
-2.525	0
-2.524	0
-2.523	0
-2.522	0
-2.521	0
-2.52	0
-2.519	0
-2.518	0
-2.517	0
-2.516	0
-2.515	0
-2.514	0
-2.513	0
-2.512	0
-2.511	0
-2.51	0
-2.509	0
-2.508	0
-2.507	0
-2.506	0
-2.505	0
-2.504	0
-2.503	0
-2.502	0
-2.501	0
-2.5	0
-2.499	0
-2.498	0
-2.497	0
-2.496	0
-2.495	0
-2.494	0
-2.493	0
-2.492	0
-2.491	0
-2.49	0
-2.489	0
-2.488	0
-2.487	0
-2.486	0
-2.485	0
-2.484	0
-2.483	0
-2.482	0
-2.481	0
-2.48	0
-2.479	0
-2.478	0
-2.477	0
-2.476	0
-2.475	0
-2.474	0
-2.473	0
-2.472	0
-2.471	0
-2.47	0
-2.469	0
-2.468	0
-2.467	0
-2.466	0
-2.465	0
-2.464	0
-2.463	0
-2.462	0
-2.461	0
-2.46	0
-2.459	0
-2.458	0
-2.457	0
-2.456	0
-2.455	0
-2.454	0
-2.453	0
-2.452	0
-2.451	0
-2.45	0
-2.449	0
-2.448	0
-2.447	0
-2.446	0
-2.445	0
-2.444	0
-2.443	0
-2.442	0
-2.441	0
-2.44	0
-2.439	0
-2.438	0
-2.437	0
-2.436	0
-2.435	0
-2.434	0
-2.433	0
-2.432	0
-2.431	0
-2.43	0
-2.429	0
-2.428	0
-2.427	0
-2.426	0
-2.425	0
-2.424	0
-2.423	0
-2.422	0
-2.421	0
-2.42	0
-2.419	0
-2.418	0
-2.417	0
-2.416	0
-2.415	0
-2.414	0
-2.413	0
-2.412	0
-2.411	0
-2.41	0
-2.409	0
-2.408	0
-2.407	0
-2.406	0
-2.405	0
-2.404	0
-2.403	0
-2.402	0
-2.401	0
-2.4	0
-2.399	0
-2.398	0
-2.397	0
-2.396	0
-2.395	0
-2.394	0
-2.393	0
-2.392	0
-2.391	0
-2.39	0
-2.389	0
-2.388	0
-2.387	0
-2.386	0
-2.385	0
-2.384	0
-2.383	0
-2.382	0
-2.381	0
-2.38	0
-2.379	0
-2.378	0
-2.377	0
-2.376	0
-2.375	0
-2.374	0
-2.373	0
-2.372	0
-2.371	0
-2.37	0
-2.369	0
-2.368	0
-2.367	0
-2.366	0
-2.365	0
-2.364	0
-2.363	0
-2.362	0
-2.361	0
-2.36	0
-2.359	0
-2.358	0
-2.357	0
-2.356	0
-2.355	0
-2.354	0
-2.353	0
-2.352	0
-2.351	0
-2.35	0
-2.349	0
-2.348	0
-2.347	0
-2.346	0
-2.345	0
-2.344	0
-2.343	0
-2.342	0
-2.341	0
-2.34	0
-2.339	0
-2.338	0
-2.337	0
-2.336	0
-2.335	0
-2.334	0
-2.333	0
-2.332	0
-2.331	0
-2.33	0
-2.329	0
-2.328	0
-2.327	0
-2.326	0
-2.325	0
-2.324	0
-2.323	0
-2.322	0
-2.321	0
-2.32	0
-2.319	0
-2.318	0
-2.317	0
-2.316	0
-2.315	0
-2.314	0
-2.313	0
-2.312	0
-2.311	0
-2.31	0
-2.309	0
-2.308	0
-2.307	0
-2.306	0
-2.305	0
-2.304	0
-2.303	0
-2.302	0
-2.301	0
-2.3	0
-2.299	0
-2.298	0
-2.297	0
-2.296	0
-2.295	0
-2.294	0
-2.293	0
-2.292	0
-2.291	0
-2.29	0
-2.289	0
-2.288	0
-2.287	0
-2.286	0
-2.285	0
-2.284	0
-2.283	0
-2.282	0
-2.281	0
-2.28	0
-2.279	0
-2.278	0
-2.277	0
-2.276	0
-2.275	0
-2.274	0
-2.273	0
-2.272	0
-2.271	0
-2.27	0
-2.269	3.9927e-077
-2.268	5.05583e-076
-2.267	2.39992e-075
-2.266	8.25547e-075
-2.265	2.62189e-074
-2.264	9.12703e-074
-2.263	3.39683e-073
-2.262	1.29564e-072
-2.261	4.96505e-072
-2.26	1.89577e-071
-2.259	7.1942e-071
-2.258	2.71273e-070
-2.257	1.01625e-069
-2.256	3.78223e-069
-2.255	1.3985e-068
-2.254	5.13735e-068
-2.253	1.87485e-067
-2.252	6.79722e-067
-2.251	2.44804e-066
-2.25	8.75822e-066
-2.249	3.1125e-065
-2.248	1.09871e-064
-2.247	3.85236e-064
-2.246	1.3416e-063
-2.245	4.64042e-063
-2.244	1.5941e-062
-2.243	5.43853e-062
-2.242	1.84265e-061
-2.241	6.19983e-061
-2.24	2.07148e-060
-2.239	6.87268e-060
-2.238	2.26414e-059
-2.237	7.40615e-059
-2.236	2.40535e-058
-2.235	7.75614e-058
-2.234	2.48299e-057
-2.233	7.89131e-057
-2.232	2.48972e-056
-2.231	7.79762e-056
-2.23	2.42418e-055
-2.229	7.48064e-055
-2.228	2.29122e-054
-2.227	6.96513e-054
-2.226	2.10138e-053
-2.225	6.29183e-053
-2.224	1.86948e-052
-2.223	5.51215e-052
-2.222	1.61269e-051
-2.221	4.6816e-051
-2.22	1.34842e-050
-2.219	3.85323e-050
-2.218	1.09236e-049
-2.217	3.07208e-049
-2.216	8.57027e-049
-2.215	2.37154e-048
-2.214	6.50903e-048
-2.213	1.77185e-047
-2.212	4.78338e-047
-2.211	1.28061e-046
-2.21	3.39974e-046
-2.209	8.94939e-046
-2.208	2.33579e-045
-2.207	6.04416e-045
-2.206	1.55051e-044
-2.205	3.94289e-044
-2.204	9.93875e-044
-2.203	2.48308e-043
-2.202	6.14841e-043
-2.201	1.50874e-042
-2.2	3.66869e-042
-2.199	8.83931e-042
-2.198	2.1101e-041
-2.197	4.99031e-041
-2.196	1.16911e-040
-2.195	2.71299e-040
-2.194	6.23544e-040
-2.193	1.41929e-039
-2.192	3.19904e-039
-2.191	7.13952e-039
-2.19	1.57752e-038
-2.189	3.4506e-038
-2.188	7.47097e-038
-2.187	1.60094e-037
-2.186	3.39499e-037
-2.185	7.12385e-037
-2.184	1.47894e-036
-2.183	3.03729e-036
-2.182	6.16972e-036
-2.181	1.23945e-035
-2.18	2.46211e-035
-2.179	4.83547e-035
-2.178	9.38752e-035
-2.177	1.80124e-034
-2.176	3.41525e-034
-2.175	6.39767e-034
-2.174	1.18382e-033
-2.173	2.16331e-033
-2.172	3.90327e-033
-2.171	6.95198e-033
-2.17	1.22193e-032
-2.169	2.11898e-032
-2.168	3.62426e-032
-2.167	6.11198e-032
-2.166	1.01593e-031
-2.165	1.66378e-031
-2.164	2.68345e-031
-2.163	4.26042e-031
-2.162	6.65486e-031
-2.161	1.0221e-030
-2.16	1.54247e-030
-2.159	2.28542e-030
-2.158	3.32154e-030
-2.157	4.73003e-030
-2.156	6.5913e-030
-2.155	8.97364e-030
-2.154	1.19124e-029
-2.153	1.53807e-029
-2.152	1.92528e-029
-2.151	2.32635e-029
-2.15	2.69728e-029
-2.149	2.97527e-029
-2.148	3.08194e-029
-2.147	2.9351e-029
-2.146	2.47392e-029
-2.145	1.70402e-029
-2.144	7.69946e-030
-2.143	6.33874e-031
-2.142	3.75662e-030
-2.141	3.10209e-029
-2.14	1.05044e-028
-2.139	2.60345e-028
-2.138	5.47211e-028
-2.137	1.03614e-027
-2.136	1.82286e-027
-2.135	3.03376e-027
-2.134	4.83183e-027
-2.133	7.42291e-027
-2.132	1.10623e-026
-2.131	1.60619e-026
-2.13	2.27981e-026
-2.129	3.17198e-026
-2.128	4.33581e-026
-2.127	5.83367e-026
-2.126	7.73834e-026
-2.125	1.01343e-025
-2.124	1.31191e-025
-2.123	1.68047e-025
-2.122	2.1319e-025
-2.121	2.68072e-025
-2.12	3.3433e-025
-2.119	4.13801e-025
-2.118	5.08524e-025
-2.117	6.20755e-025
-2.116	7.52969e-025
-2.115	9.07864e-025
-2.114	1.08837e-024
-2.113	1.29763e-024
-2.112	1.53905e-024
-2.111	1.81625e-024
-2.11	2.1331e-024
-2.109	2.49368e-024
-2.108	2.90235e-024
-2.107	3.36366e-024
-2.106	3.88237e-024
-2.105	4.46345e-024
-2.104	5.11199e-024
-2.103	5.83322e-024
-2.102	6.63242e-024
-2.101	7.51488e-024
-2.1	8.48584e-024
-2.099	9.55045e-024
-2.098	1.07137e-023
-2.097	1.19803e-023
-2.096	1.33548e-023
-2.095	1.48414e-023
-2.094	1.64436e-023
-2.093	1.81649e-023
-2.092	2.00079e-023
-2.091	2.19747e-023
-2.09	2.40667e-023
-2.089	2.62846e-023
-2.088	2.86283e-023
-2.087	3.10966e-023
-2.086	3.36875e-023
-2.085	3.6398e-023
-2.084	3.92239e-023
-2.083	4.21601e-023
-2.082	4.52e-023
-2.081	4.83361e-023
-2.08	5.15594e-023
-2.079	5.48599e-023
-2.078	5.82263e-023
-2.077	6.16457e-023
-2.076	6.51043e-023
-2.075	6.8587e-023
-2.074	7.20775e-023
-2.073	7.55587e-023
-2.072	7.90124e-023
-2.071	8.24194e-023
-2.07	8.57596e-023
-2.069	8.90123e-023
-2.068	9.21559e-023
-2.067	9.51688e-023
-2.066	9.80285e-023
-2.065	1.00712e-022
-2.064	1.03198e-022
-2.063	1.05464e-022
-2.062	1.07487e-022
-2.061	1.09246e-022
-2.06	1.10723e-022
-2.059	1.11897e-022
-2.058	1.12752e-022
-2.057	1.13275e-022
-2.056	1.13454e-022
-2.055	1.1328e-022
-2.054	1.1275e-022
-2.053	1.11865e-022
-2.052	1.10632e-022
-2.051	1.09062e-022
-2.05	1.07175e-022
-2.049	1.04999e-022
-2.048	1.02572e-022
-2.047	9.99382e-023
-2.046	9.71574e-023
-2.045	9.42983e-023
-2.044	9.14443e-023
-2.043	8.86918e-023
-2.042	8.61538e-023
-2.041	8.39587e-023
-2.04	8.22531e-023
-2.039	8.12012e-023
-2.038	8.09876e-023
-2.037	8.18169e-023
-2.036	8.39147e-023
-2.035	8.75288e-023
-2.034	9.29294e-023
-2.033	1.00409e-022
-2.032	1.10285e-022
-2.031	1.22895e-022
-2.03	1.38602e-022
-2.029	1.57791e-022
-2.028	1.80871e-022
-2.027	2.0827e-022
-2.026	2.40441e-022
-2.025	2.77854e-022
-2.024	3.20998e-022
-2.023	3.70379e-022
-2.022	4.26516e-022
-2.021	4.89938e-022
-2.02	5.61182e-022
-2.019	6.40784e-022
-2.018	7.29284e-022
-2.017	8.27211e-022
-2.016	9.35081e-022
-2.015	1.0534e-021
-2.014	1.18263e-021
-2.013	1.32324e-021
-2.012	1.47563e-021
-2.011	1.64016e-021
-2.01	1.81714e-021
-2.009	2.00684e-021
-2.008	2.20942e-021
-2.007	2.42499e-021
-2.006	2.65357e-021
-2.005	2.89508e-021
-2.004	3.14933e-021
-2.003	3.41601e-021
-2.002	3.69471e-021
-2.001	3.98488e-021
-2	4.28583e-021
-1.999	4.59673e-021
-1.998	4.91661e-021
-1.997	5.24433e-021
-1.996	5.57863e-021
-1.995	5.91809e-021
-1.994	6.26111e-021
-1.993	6.60598e-021
-1.992	6.95081e-021
-1.991	7.2936e-021
-1.99	7.63222e-021
-1.989	7.96441e-021
-1.988	8.28782e-021
-1.987	8.6e-021
-1.986	8.89845e-021
-1.985	9.18062e-021
-1.984	9.44395e-021
-1.983	9.68585e-021
-1.982	9.90384e-021
-1.981	1.00955e-020
-1.98	1.02585e-020
-1.979	1.03907e-020
-1.978	1.04903e-020
-1.977	1.05557e-020
-1.976	1.05855e-020
-1.975	1.05789e-020
-1.974	1.05355e-020
-1.973	1.04554e-020
-1.972	1.03392e-020
-1.971	1.01884e-020
-1.97	1.00052e-020
-1.969	9.79231e-021
-1.968	9.55378e-021
-1.967	9.29433e-021
-1.966	9.01988e-021
-1.965	8.73748e-021
-1.964	8.45539e-021
-1.963	8.18319e-021
-1.962	7.93187e-021
-1.961	7.71385e-021
-1.96	7.54315e-021
-1.959	7.43531e-021
-1.958	7.40761e-021
-1.957	7.47898e-021
-1.956	7.67016e-021
-1.955	8.00367e-021
-1.954	8.50381e-021
-1.953	9.19671e-021
-1.952	1.01104e-020
-1.951	1.12745e-020
-1.95	1.27207e-020
-1.949	1.44821e-020
-1.948	1.65936e-020
-1.947	1.90916e-020
-1.946	2.20139e-020
-1.945	2.53996e-020
-1.944	2.92888e-020
-1.943	3.37227e-020
-1.942	3.87429e-020
-1.941	4.43919e-020
-1.94	5.07118e-020
-1.939	5.7745e-020
-1.938	6.55331e-020
-1.937	7.41169e-020
-1.936	8.3536e-020
-1.935	9.38283e-020
-1.934	1.0503e-019
-1.933	1.17173e-019
-1.932	1.30289e-019
-1.931	1.44404e-019
-1.93	1.59541e-019
-1.929	1.75717e-019
-1.928	1.92945e-019
-1.927	2.11231e-019
-1.926	2.30577e-019
-1.925	2.50976e-019
-1.924	2.72413e-019
-1.923	2.94867e-019
-1.922	3.18308e-019
-1.921	3.42695e-019
-1.92	3.67979e-019
-1.919	3.94102e-019
-1.918	4.20994e-019
-1.917	4.48576e-019
-1.916	4.76756e-019
-1.915	5.05434e-019
-1.914	5.34497e-019
-1.913	5.63825e-019
-1.912	5.93281e-019
-1.911	6.22723e-019
-1.91	6.52e-019
-1.909	6.8095e-019
-1.908	7.09402e-019
-1.907	7.3718e-019
-1.906	7.64104e-019
-1.905	7.89984e-019
-1.904	8.14635e-019
-1.903	8.37865e-019
-1.902	8.59489e-019
-1.901	8.79323e-019
-1.9	8.97186e-019
-1.899	9.12914e-019
-1.898	9.26351e-019
-1.897	9.37359e-019
-1.896	9.45814e-019
-1.895	9.51623e-019
-1.894	9.54717e-019
-1.893	9.55058e-019
-1.892	9.52642e-019
-1.891	9.47507e-019
-1.89	9.39735e-019
-1.889	9.29462e-019
-1.888	9.16872e-019
-1.887	9.02216e-019
-1.886	8.85799e-019
-1.885	8.68005e-019
-1.884	8.4929e-019
-1.883	8.30186e-019
-1.882	8.1131e-019
-1.881	7.9337e-019
-1.88	7.77163e-019
-1.879	7.63579e-019
-1.878	7.53611e-019
-1.877	7.48353e-019
-1.876	7.49e-019
-1.875	7.56854e-019
-1.874	7.73319e-019
-1.873	7.99909e-019
-1.872	8.38241e-019
-1.871	8.90034e-019
-1.87	9.57109e-019
-1.869	1.04138e-018
-1.868	1.14485e-018
-1.867	1.26962e-018
-1.866	1.41785e-018
-1.865	1.59178e-018
-1.864	1.7937e-018
-1.863	2.02595e-018
-1.862	2.29091e-018
-1.861	2.59095e-018
-1.86	2.92849e-018
-1.859	3.30588e-018
-1.858	3.72546e-018
-1.857	4.18952e-018
-1.856	4.70027e-018
-1.855	5.2598e-018
-1.854	5.8701e-018
-1.853	6.53299e-018
-1.852	7.25013e-018
-1.851	8.02293e-018
-1.85	8.85264e-018
-1.849	9.74018e-018
-1.848	1.06862e-017
-1.847	1.16911e-017
-1.846	1.27549e-017
-1.845	1.3877e-017
-1.844	1.50569e-017
-1.843	1.62932e-017
-1.842	1.75843e-017
-1.841	1.8928e-017
-1.84	2.03218e-017
-1.839	2.17624e-017
-1.838	2.32463e-017
-1.837	2.47691e-017
-1.836	2.63262e-017
-1.835	2.79122e-017
-1.834	2.95215e-017
-1.833	3.11476e-017
-1.832	3.27836e-017
-1.831	3.44223e-017
-1.83	3.60559e-017
-1.829	3.7676e-017
-1.828	3.92742e-017
-1.827	4.08416e-017
-1.826	4.23689e-017
-1.825	4.38468e-017
-1.824	4.52659e-017
-1.823	4.66167e-017
-1.822	4.78898e-017
-1.821	4.9076e-017
-1.82	5.01663e-017
-1.819	5.11526e-017
-1.818	5.20268e-017
-1.817	5.27817e-017
-1.816	5.34113e-017
-1.815	5.39104e-017
-1.814	5.42752e-017
-1.813	5.4503e-017
-1.812	5.45929e-017
-1.811	5.4546e-017
-1.81	5.43652e-017
-1.809	5.40557e-017
-1.808	5.36248e-017
-1.807	5.30829e-017
-1.806	5.24427e-017
-1.805	5.17206e-017
-1.804	5.09355e-017
-1.803	5.011e-017
-1.802	4.92704e-017
-1.801	4.84465e-017
-1.8	4.76721e-017
-1.799	4.69849e-017
-1.798	4.64268e-017
-1.797	4.6044e-017
-1.796	4.58868e-017
-1.795	4.60099e-017
-1.794	4.64725e-017
-1.793	4.73375e-017
-1.792	4.86725e-017
-1.791	5.05491e-017
-1.79	5.30428e-017
-1.789	5.6233e-017
-1.788	6.02023e-017
-1.787	6.50369e-017
-1.786	7.08254e-017
-1.785	7.76595e-017
-1.784	8.56327e-017
-1.783	9.48396e-017
-1.782	1.05376e-016
-1.781	1.17339e-016
-1.78	1.30824e-016
-1.779	1.45927e-016
-1.778	1.62739e-016
-1.777	1.81353e-016
-1.776	2.01855e-016
-1.775	2.24327e-016
-1.774	2.48849e-016
-1.773	2.7549e-016
-1.772	3.04314e-016
-1.771	3.35376e-016
-1.77	3.68723e-016
-1.769	4.04391e-016
-1.768	4.42403e-016
-1.767	4.8277e-016
-1.766	5.2549e-016
-1.765	5.70548e-016
-1.764	6.1791e-016
-1.763	6.67528e-016
-1.762	7.19336e-016
-1.761	7.7325e-016
-1.76	8.29169e-016
-1.759	8.8697e-016
-1.758	9.46513e-016
-1.757	1.00764e-015
-1.756	1.07016e-015
-1.755	1.13389e-015
-1.754	1.1986e-015
-1.753	1.26406e-015
-1.752	1.33e-015
-1.751	1.39616e-015
-1.75	1.46224e-015
-1.749	1.52795e-015
-1.748	1.59296e-015
-1.747	1.65695e-015
-1.746	1.71958e-015
-1.745	1.78051e-015
-1.744	1.8394e-015
-1.743	1.89589e-015
-1.742	1.94966e-015
-1.741	2.00036e-015
-1.74	2.04767e-015
-1.739	2.0913e-015
-1.738	2.13095e-015
-1.737	2.16637e-015
-1.736	2.19732e-015
-1.735	2.22362e-015
-1.734	2.24511e-015
-1.733	2.2617e-015
-1.732	2.27333e-015
-1.731	2.28001e-015
-1.73	2.28183e-015
-1.729	2.27892e-015
-1.728	2.27152e-015
-1.727	2.25995e-015
-1.726	2.24459e-015
-1.725	2.22594e-015
-1.724	2.2046e-015
-1.723	2.18128e-015
-1.722	2.15679e-015
-1.721	2.13205e-015
-1.72	2.10812e-015
-1.719	2.08616e-015
-1.718	2.06747e-015
-1.717	2.05347e-015
-1.716	2.0457e-015
-1.715	2.04584e-015
-1.714	2.05568e-015
-1.713	2.07715e-015
-1.712	2.1123e-015
-1.711	2.16328e-015
-1.71	2.23235e-015
-1.709	2.32189e-015
-1.708	2.43437e-015
-1.707	2.57234e-015
-1.706	2.73842e-015
-1.705	2.9353e-015
-1.704	3.16571e-015
-1.703	3.43243e-015
-1.702	3.73823e-015
-1.701	4.08588e-015
-1.7	4.47814e-015
-1.699	4.91771e-015
-1.698	5.40724e-015
-1.697	5.94929e-015
-1.696	6.54628e-015
-1.695	7.20052e-015
-1.694	7.91411e-015
-1.693	8.68904e-015
-1.692	9.52697e-015
-1.691	1.04294e-014
-1.69	1.13975e-014
-1.689	1.24322e-014
-1.688	1.35339e-014
-1.687	1.4703e-014
-1.686	1.59392e-014
-1.685	1.7242e-014
-1.684	1.86102e-014
-1.683	2.00425e-014
-1.682	2.15368e-014
-1.681	2.30908e-014
-1.68	2.47015e-014
-1.679	2.63655e-014
-1.678	2.80788e-014
-1.677	2.9837e-014
-1.676	3.1635e-014
-1.675	3.34675e-014
-1.674	3.53283e-014
-1.673	3.72111e-014
-1.672	3.91089e-014
-1.671	4.10144e-014
-1.67	4.29198e-014
-1.669	4.48171e-014
-1.668	4.66979e-014
-1.667	4.85536e-014
-1.666	5.03753e-014
-1.665	5.21542e-014
-1.664	5.38812e-014
-1.663	5.55474e-014
-1.662	5.71441e-014
-1.661	5.86627e-014
-1.66	6.00949e-014
-1.659	6.1433e-014
-1.658	6.26696e-014
-1.657	6.37982e-014
-1.656	6.48131e-014
-1.655	6.57093e-014
-1.654	6.64831e-014
-1.653	6.71318e-014
-1.652	6.7654e-014
-1.651	6.80499e-014
-1.65	6.83212e-014
-1.649	6.84711e-014
-1.648	6.85053e-014
-1.647	6.84306e-014
-1.646	6.82568e-014
-1.645	6.79952e-014
-1.644	6.76597e-014
-1.643	6.72666e-014
-1.642	6.68348e-014
-1.641	6.63856e-014
-1.64	6.59428e-014
-1.639	6.55335e-014
-1.638	6.51869e-014
-1.637	6.49353e-014
-1.636	6.48134e-014
-1.635	6.48588e-014
-1.634	6.51119e-014
-1.633	6.56152e-014
-1.632	6.6414e-014
-1.631	6.75558e-014
-1.63	6.90904e-014
-1.629	7.10695e-014
-1.628	7.35466e-014
-1.627	7.65768e-014
-1.626	8.02164e-014
-1.625	8.45226e-014
-1.624	8.95536e-014
-1.623	9.53676e-014
-1.622	1.02023e-013
-1.621	1.09578e-013
-1.62	1.18088e-013
-1.619	1.27611e-013
-1.618	1.38199e-013
-1.617	1.49904e-013
-1.616	1.62774e-013
-1.615	1.76856e-013
-1.614	1.9219e-013
-1.613	2.08814e-013
-1.612	2.26761e-013
-1.611	2.46056e-013
-1.61	2.66721e-013
-1.609	2.8877e-013
-1.608	3.12211e-013
-1.607	3.37044e-013
-1.606	3.63261e-013
-1.605	3.90845e-013
-1.604	4.19772e-013
-1.603	4.50007e-013
-1.602	4.81508e-013
-1.601	5.1422e-013
-1.6	5.48084e-013
-1.599	5.83024e-013
-1.598	6.18962e-013
-1.597	6.55802e-013
-1.596	6.93446e-013
-1.595	7.31781e-013
-1.594	7.70687e-013
-1.593	8.10038e-013
-1.592	8.49695e-013
-1.591	8.89517e-013
-1.59	9.29354e-013
-1.589	9.69045e-013
-1.588	1.00843e-012
-1.587	1.04735e-012
-1.586	1.08563e-012
-1.585	1.12311e-012
-1.584	1.15962e-012
-1.583	1.19499e-012
-1.582	1.22905e-012
-1.581	1.26166e-012
-1.58	1.29266e-012
-1.579	1.32191e-012
-1.578	1.34928e-012
-1.577	1.37465e-012
-1.576	1.39793e-012
-1.575	1.41901e-012
-1.574	1.43785e-012
-1.573	1.45439e-012
-1.572	1.46861e-012
-1.571	1.48053e-012
-1.57	1.49017e-012
-1.569	1.49761e-012
-1.568	1.50293e-012
-1.567	1.50627e-012
-1.566	1.50779e-012
-1.565	1.5077e-012
-1.564	1.50625e-012
-1.563	1.5037e-012
-1.562	1.5004e-012
-1.561	1.4967e-012
-1.56	1.49302e-012
-1.559	1.4898e-012
-1.558	1.48755e-012
-1.557	1.48679e-012
-1.556	1.48811e-012
-1.555	1.49214e-012
-1.554	1.49953e-012
-1.553	1.51097e-012
-1.552	1.52722e-012
-1.551	1.54903e-012
-1.55	1.57719e-012
-1.549	1.61255e-012
-1.548	1.65593e-012
-1.547	1.70823e-012
-1.546	1.7703e-012
-1.545	1.84306e-012
-1.544	1.92739e-012
-1.543	2.02418e-012
-1.542	2.13433e-012
-1.541	2.25871e-012
-1.54	2.39817e-012
-1.539	2.55353e-012
-1.538	2.72558e-012
-1.537	2.91508e-012
-1.536	3.12272e-012
-1.535	3.34913e-012
-1.534	3.59491e-012
-1.533	3.86055e-012
-1.532	4.14648e-012
-1.531	4.45302e-012
-1.53	4.78043e-012
-1.529	5.12885e-012
-1.528	5.49832e-012
-1.527	5.88875e-012
-1.526	6.29994e-012
-1.525	6.73157e-012
-1.524	7.18321e-012
-1.523	7.65426e-012
-1.522	8.14401e-012
-1.521	8.65161e-012
-1.52	9.17606e-012
-1.519	9.71626e-012
-1.518	1.02709e-011
-1.517	1.08387e-011
-1.516	1.1418e-011
-1.515	1.20072e-011
-1.514	1.26046e-011
-1.513	1.32083e-011
-1.512	1.38163e-011
-1.511	1.44265e-011
-1.51	1.50368e-011
-1.509	1.56451e-011
-1.508	1.6249e-011
-1.507	1.68462e-011
-1.506	1.74345e-011
-1.505	1.80116e-011
-1.504	1.85751e-011
-1.503	1.91228e-011
-1.502	1.96526e-011
-1.501	2.01624e-011
-1.5	2.06502e-011
-1.499	2.11141e-011
-1.498	2.15526e-011
-1.497	2.19641e-011
-1.496	2.23474e-011
-1.495	2.27015e-011
-1.494	2.30256e-011
-1.493	2.33192e-011
-1.492	2.35824e-011
-1.491	2.38151e-011
-1.49	2.40182e-011
-1.489	2.41924e-011
-1.488	2.43393e-011
-1.487	2.44606e-011
-1.486	2.45586e-011
-1.485	2.46361e-011
-1.484	2.46963e-011
-1.483	2.47429e-011
-1.482	2.47801e-011
-1.481	2.48127e-011
-1.48	2.48459e-011
-1.479	2.48853e-011
-1.478	2.49372e-011
-1.477	2.50084e-011
-1.476	2.51058e-011
-1.475	2.52373e-011
-1.474	2.54109e-011
-1.473	2.56349e-011
-1.472	2.59183e-011
-1.471	2.62702e-011
-1.47	2.67e-011
-1.469	2.72174e-011
-1.468	2.78325e-011
-1.467	2.85552e-011
-1.466	2.93957e-011
-1.465	3.03642e-011
-1.464	3.14707e-011
-1.463	3.27254e-011
-1.462	3.4138e-011
-1.461	3.57183e-011
-1.46	3.74755e-011
-1.459	3.94184e-011
-1.458	4.15555e-011
-1.457	4.38945e-011
-1.456	4.64429e-011
-1.455	4.92068e-011
-1.454	5.21921e-011
-1.453	5.54036e-011
-1.452	5.8845e-011
-1.451	6.25192e-011
-1.45	6.64278e-011
-1.449	7.05714e-011
-1.448	7.49496e-011
-1.447	7.95602e-011
-1.446	8.44001e-011
-1.445	8.94646e-011
-1.444	9.47477e-011
-1.443	1.00242e-010
-1.442	1.05939e-010
-1.441	1.11829e-010
-1.44	1.17899e-010
-1.439	1.24137e-010
-1.438	1.30528e-010
-1.437	1.37058e-010
-1.436	1.43708e-010
-1.435	1.50461e-010
-1.434	1.57298e-010
-1.433	1.64198e-010
-1.432	1.71141e-010
-1.431	1.78105e-010
-1.43	1.85067e-010
-1.429	1.92005e-010
-1.428	1.98896e-010
-1.427	2.05715e-010
-1.426	2.1244e-010
-1.425	2.19048e-010
-1.424	2.25516e-010
-1.423	2.31822e-010
-1.422	2.37946e-010
-1.421	2.43867e-010
-1.42	2.49568e-010
-1.419	2.5503e-010
-1.418	2.60239e-010
-1.417	2.65183e-010
-1.416	2.69849e-010
-1.415	2.7423e-010
-1.414	2.78321e-010
-1.413	2.82119e-010
-1.412	2.85625e-010
-1.411	2.88843e-010
-1.41	2.91782e-010
-1.409	2.94452e-010
-1.408	2.9687e-010
-1.407	2.99055e-010
-1.406	3.01031e-010
-1.405	3.02826e-010
-1.404	3.04472e-010
-1.403	3.06008e-010
-1.402	3.07473e-010
-1.401	3.08914e-010
-1.4	3.10381e-010
-1.399	3.11929e-010
-1.398	3.13616e-010
-1.397	3.15504e-010
-1.396	3.17661e-010
-1.395	3.20155e-010
-1.394	3.23061e-010
-1.393	3.26455e-010
-1.392	3.30416e-010
-1.391	3.35025e-010
-1.39	3.40367e-010
-1.389	3.46525e-010
-1.388	3.53586e-010
-1.387	3.61636e-010
-1.386	3.70762e-010
-1.385	3.81049e-010
-1.384	3.92583e-010
-1.383	4.05447e-010
-1.382	4.1972e-010
-1.381	4.35482e-010
-1.38	4.52805e-010
-1.379	4.71761e-010
-1.378	4.92414e-010
-1.377	5.14824e-010
-1.376	5.39044e-010
-1.375	5.6512e-010
-1.374	5.93094e-010
-1.373	6.22995e-010
-1.372	6.54846e-010
-1.371	6.88662e-010
-1.37	7.24447e-010
-1.369	7.62198e-010
-1.368	8.01898e-010
-1.367	8.4352e-010
-1.366	8.8703e-010
-1.365	9.3238e-010
-1.364	9.79511e-010
-1.363	1.02835e-009
-1.362	1.07883e-009
-1.361	1.13085e-009
-1.36	1.18431e-009
-1.359	1.23909e-009
-1.358	1.29508e-009
-1.357	1.35215e-009
-1.356	1.41016e-009
-1.355	1.46896e-009
-1.354	1.52839e-009
-1.353	1.5883e-009
-1.352	1.64851e-009
-1.351	1.70886e-009
-1.35	1.76918e-009
-1.349	1.82929e-009
-1.348	1.88901e-009
-1.347	1.94818e-009
-1.346	2.0066e-009
-1.345	2.06413e-009
-1.344	2.12059e-009
-1.343	2.17583e-009
-1.342	2.2297e-009
-1.341	2.28206e-009
-1.34	2.33279e-009
-1.339	2.38177e-009
-1.338	2.42892e-009
-1.337	2.47415e-009
-1.336	2.51739e-009
-1.335	2.55861e-009
-1.334	2.59779e-009
-1.333	2.63493e-009
-1.332	2.67006e-009
-1.331	2.70323e-009
-1.33	2.73452e-009
-1.329	2.76403e-009
-1.328	2.79189e-009
-1.327	2.81829e-009
-1.326	2.84339e-009
-1.325	2.86743e-009
-1.324	2.89066e-009
-1.323	2.91335e-009
-1.322	2.93582e-009
-1.321	2.95841e-009
-1.32	2.98147e-009
-1.319	3.00541e-009
-1.318	3.03064e-009
-1.317	3.05761e-009
-1.316	3.08678e-009
-1.315	3.11863e-009
-1.314	3.15368e-009
-1.313	3.19243e-009
-1.312	3.23543e-009
-1.311	3.28322e-009
-1.31	3.33636e-009
-1.309	3.3954e-009
-1.308	3.4609e-009
-1.307	3.53341e-009
-1.306	3.6135e-009
-1.305	3.70171e-009
-1.304	3.79855e-009
-1.303	3.90455e-009
-1.302	4.02019e-009
-1.301	4.14595e-009
-1.3	4.28227e-009
-1.299	4.42954e-009
-1.298	4.58814e-009
-1.297	4.7584e-009
-1.296	4.94061e-009
-1.295	5.135e-009
-1.294	5.34178e-009
-1.293	5.56106e-009
-1.292	5.79295e-009
-1.291	6.03745e-009
-1.29	6.29454e-009
-1.289	6.56412e-009
-1.288	6.84601e-009
-1.287	7.14001e-009
-1.286	7.44583e-009
-1.285	7.76308e-009
-1.284	8.09139e-009
-1.283	8.43024e-009
-1.282	8.77908e-009
-1.281	9.13733e-009
-1.28	9.50432e-009
-1.279	9.8793e-009
-1.278	1.02615e-008
-1.277	1.06502e-008
-1.276	1.10444e-008
-1.275	1.14433e-008
-1.274	1.18459e-008
-1.273	1.22513e-008
-1.272	1.26585e-008
-1.271	1.30665e-008
-1.27	1.34743e-008
-1.269	1.38808e-008
-1.268	1.42852e-008
-1.267	1.46864e-008
-1.266	1.50835e-008
-1.265	1.54755e-008
-1.264	1.58617e-008
-1.263	1.62412e-008
-1.262	1.66131e-008
-1.261	1.6977e-008
-1.26	1.73321e-008
-1.259	1.76779e-008
-1.258	1.8014e-008
-1.257	1.83401e-008
-1.256	1.86559e-008
-1.255	1.89614e-008
-1.254	1.92567e-008
-1.253	1.95418e-008
-1.252	1.98171e-008
-1.251	2.0083e-008
-1.25	2.03401e-008
-1.249	2.05892e-008
-1.248	2.08311e-008
-1.247	2.10669e-008
-1.246	2.12978e-008
-1.245	2.1525e-008
-1.244	2.17502e-008
-1.243	2.19749e-008
-1.242	2.22009e-008
-1.241	2.24302e-008
-1.24	2.26647e-008
-1.239	2.29068e-008
-1.238	2.31586e-008
-1.237	2.34226e-008
-1.236	2.37013e-008
-1.235	2.39972e-008
-1.234	2.43131e-008
-1.233	2.46515e-008
-1.232	2.50154e-008
-1.231	2.54074e-008
-1.23	2.58303e-008
-1.229	2.6287e-008
-1.228	2.67803e-008
-1.227	2.73127e-008
-1.226	2.78872e-008
-1.225	2.85061e-008
-1.224	2.91721e-008
-1.223	2.98875e-008
-1.222	3.06546e-008
-1.221	3.14754e-008
-1.22	3.23521e-008
-1.219	3.32862e-008
-1.218	3.42794e-008
-1.217	3.53331e-008
-1.216	3.64482e-008
-1.215	3.76257e-008
-1.214	3.88663e-008
-1.213	4.01703e-008
-1.212	4.15377e-008
-1.211	4.29683e-008
-1.21	4.44616e-008
-1.209	4.60169e-008
-1.208	4.7633e-008
-1.207	4.93086e-008
-1.206	5.10419e-008
-1.205	5.2831e-008
-1.204	5.46736e-008
-1.203	5.65673e-008
-1.202	5.85091e-008
-1.201	6.04961e-008
-1.2	6.2525e-008
-1.199	6.45922e-008
-1.198	6.66942e-008
-1.197	6.88267e-008
-1.196	7.09861e-008
-1.195	7.31681e-008
-1.194	7.53684e-008
-1.193	7.75828e-008
-1.192	7.98068e-008
-1.191	8.20361e-008
-1.19	8.42663e-008
-1.189	8.64932e-008
-1.188	8.87127e-008
-1.187	9.09207e-008
-1.186	9.31132e-008
-1.185	9.52869e-008
-1.184	9.74381e-008
-1.183	9.95637e-008
-1.182	1.01661e-007
-1.181	1.03728e-007
-1.18	1.05762e-007
-1.179	1.07762e-007
-1.178	1.09726e-007
-1.177	1.11654e-007
-1.176	1.13546e-007
-1.175	1.15402e-007
-1.174	1.17223e-007
-1.173	1.19011e-007
-1.172	1.20768e-007
-1.171	1.22495e-007
-1.17	1.24198e-007
-1.169	1.25879e-007
-1.168	1.27544e-007
-1.167	1.29197e-007
-1.166	1.30844e-007
-1.165	1.32493e-007
-1.164	1.34148e-007
-1.163	1.35819e-007
-1.162	1.37513e-007
-1.161	1.39239e-007
-1.16	1.41005e-007
-1.159	1.42822e-007
-1.158	1.44698e-007
-1.157	1.46645e-007
-1.156	1.48673e-007
-1.155	1.50792e-007
-1.154	1.53013e-007
-1.153	1.55348e-007
-1.152	1.57807e-007
-1.151	1.60401e-007
-1.15	1.63142e-007
-1.149	1.6604e-007
-1.148	1.69107e-007
-1.147	1.72351e-007
-1.146	1.75785e-007
-1.145	1.79416e-007
-1.144	1.83254e-007
-1.143	1.87309e-007
-1.142	1.91587e-007
-1.141	1.96097e-007
-1.14	2.00844e-007
-1.139	2.05835e-007
-1.138	2.11075e-007
-1.137	2.16567e-007
-1.136	2.22315e-007
-1.135	2.28322e-007
-1.134	2.34587e-007
-1.133	2.41111e-007
-1.132	2.47894e-007
-1.131	2.54933e-007
-1.13	2.62226e-007
-1.129	2.69768e-007
-1.128	2.77553e-007
-1.127	2.85577e-007
-1.126	2.93831e-007
-1.125	3.02307e-007
-1.124	3.10996e-007
-1.123	3.19889e-007
-1.122	3.28973e-007
-1.121	3.38238e-007
-1.12	3.47671e-007
-1.119	3.57259e-007
-1.118	3.66989e-007
-1.117	3.76846e-007
-1.116	3.86816e-007
-1.115	3.96885e-007
-1.114	4.07038e-007
-1.113	4.17259e-007
-1.112	4.27535e-007
-1.111	4.37851e-007
-1.11	4.48193e-007
-1.109	4.58547e-007
-1.108	4.68901e-007
-1.107	4.79241e-007
-1.106	4.89557e-007
-1.105	4.99837e-007
-1.104	5.10074e-007
-1.103	5.20257e-007
-1.102	5.30381e-007
-1.101	5.40439e-007
-1.1	5.50428e-007
-1.099	5.60346e-007
-1.098	5.70192e-007
-1.097	5.79967e-007
-1.096	5.89674e-007
-1.095	5.99317e-007
-1.094	6.08904e-007
-1.093	6.18444e-007
-1.092	6.27945e-007
-1.091	6.37424e-007
-1.09	6.46894e-007
-1.089	6.56371e-007
-1.088	6.65875e-007
-1.087	6.75426e-007
-1.086	6.85046e-007
-1.085	6.94761e-007
-1.084	7.04596e-007
-1.083	7.1458e-007
-1.082	7.2474e-007
-1.081	7.3511e-007
-1.08	7.45718e-007
-1.079	7.56599e-007
-1.078	7.67788e-007
-1.077	7.79318e-007
-1.076	7.91224e-007
-1.075	8.03543e-007
-1.074	8.1631e-007
-1.073	8.29562e-007
-1.072	8.43333e-007
-1.071	8.57661e-007
-1.07	8.72578e-007
-1.069	8.8812e-007
-1.068	9.04317e-007
-1.067	9.21204e-007
-1.066	9.3881e-007
-1.065	9.57163e-007
-1.064	9.76292e-007
-1.063	9.96218e-007
-1.062	1.01697e-006
-1.061	1.03856e-006
-1.06	1.06101e-006
-1.059	1.08433e-006
-1.058	1.10854e-006
-1.057	1.13365e-006
-1.056	1.15966e-006
-1.055	1.18658e-006
-1.054	1.2144e-006
-1.053	1.24313e-006
-1.052	1.27275e-006
-1.051	1.30327e-006
-1.05	1.33466e-006
-1.049	1.36692e-006
-1.048	1.40002e-006
-1.047	1.43394e-006
-1.046	1.46866e-006
-1.045	1.50416e-006
-1.044	1.5404e-006
-1.043	1.57736e-006
-1.042	1.615e-006
-1.041	1.6533e-006
-1.04	1.6922e-006
-1.039	1.73168e-006
-1.038	1.7717e-006
-1.037	1.81222e-006
-1.036	1.8532e-006
-1.035	1.8946e-006
-1.034	1.93639e-006
-1.033	1.97852e-006
-1.032	2.02096e-006
-1.031	2.06368e-006
-1.03	2.10664e-006
-1.029	2.14981e-006
-1.028	2.19315e-006
-1.027	2.23666e-006
-1.026	2.28029e-006
-1.025	2.32404e-006
-1.024	2.36788e-006
-1.023	2.4118e-006
-1.022	2.4558e-006
-1.021	2.49987e-006
-1.02	2.54401e-006
-1.019	2.58824e-006
-1.018	2.63255e-006
-1.017	2.67697e-006
-1.016	2.72153e-006
-1.015	2.76623e-006
-1.014	2.81113e-006
-1.013	2.85626e-006
-1.012	2.90165e-006
-1.011	2.94737e-006
-1.01	2.99346e-006
-1.009	3.03999e-006
-1.008	3.08701e-006
-1.007	3.13461e-006
-1.006	3.18284e-006
-1.005	3.2318e-006
-1.004	3.28157e-006
-1.003	3.33221e-006
-1.002	3.38385e-006
-1.001	3.43655e-006
-1	3.49041e-006
-0.999	3.54554e-006
-0.998	3.60202e-006
-0.997	3.65997e-006
-0.996	3.71947e-006
-0.995	3.78063e-006
-0.994	3.84355e-006
-0.993	3.90833e-006
-0.992	3.97506e-006
-0.991	4.04384e-006
-0.99	4.11475e-006
-0.989	4.1879e-006
-0.988	4.26336e-006
-0.987	4.34121e-006
-0.986	4.42154e-006
-0.985	4.50441e-006
-0.984	4.58989e-006
-0.983	4.67805e-006
-0.982	4.76893e-006
-0.981	4.86258e-006
-0.98	4.95904e-006
-0.979	5.05835e-006
-0.978	5.16054e-006
-0.977	5.26562e-006
-0.976	5.37361e-006
-0.975	5.4845e-006
-0.974	5.5983e-006
-0.973	5.715e-006
-0.972	5.83457e-006
-0.971	5.95701e-006
-0.97	6.08225e-006
-0.969	6.21029e-006
-0.968	6.34107e-006
-0.967	6.47453e-006
-0.966	6.61063e-006
-0.965	6.7493e-006
-0.964	6.89047e-006
-0.963	7.03409e-006
-0.962	7.18008e-006
-0.961	7.32835e-006
-0.96	7.47885e-006
-0.959	7.63149e-006
-0.958	7.78619e-006
-0.957	7.94289e-006
-0.956	8.10148e-006
-0.955	8.26192e-006
-0.954	8.42414e-006
-0.953	8.58805e-006
-0.952	8.75362e-006
-0.951	8.92075e-006
-0.95	9.08943e-006
-0.949	9.25961e-006
-0.948	9.43126e-006
-0.947	9.60433e-006
-0.946	9.77882e-006
-0.945	9.95471e-006
-0.944	1.0132e-005
-0.943	1.03108e-005
-0.942	1.0491e-005
-0.941	1.06727e-005
-0.94	1.08559e-005
-0.939	1.10407e-005
-0.938	1.12273e-005
-0.937	1.14156e-005
-0.936	1.16057e-005
-0.935	1.17978e-005
-0.934	1.19921e-005
-0.933	1.21886e-005
-0.932	1.23875e-005
-0.931	1.2589e-005
-0.93	1.27932e-005
-0.929	1.30003e-005
-0.928	1.32106e-005
-0.927	1.34242e-005
-0.926	1.36413e-005
-0.925	1.38622e-005
-0.924	1.40871e-005
-0.923	1.43163e-005
-0.922	1.45499e-005
-0.921	1.47882e-005
-0.92	1.50316e-005
-0.919	1.52801e-005
-0.918	1.55342e-005
-0.917	1.5794e-005
-0.916	1.60598e-005
-0.915	1.63318e-005
-0.914	1.66103e-005
-0.913	1.68956e-005
-0.912	1.71878e-005
-0.911	1.74873e-005
-0.91	1.77941e-005
-0.909	1.81087e-005
-0.908	1.8431e-005
-0.907	1.87614e-005
-0.906	1.91e-005
-0.905	1.9447e-005
-0.904	1.98025e-005
-0.903	2.01668e-005
-0.902	2.05398e-005
-0.901	2.09218e-005
-0.9	2.13127e-005
-0.899	2.17128e-005
-0.898	2.21221e-005
-0.897	2.25405e-005
-0.896	2.29683e-005
-0.895	2.34053e-005
-0.894	2.38516e-005
-0.893	2.43072e-005
-0.892	2.4772e-005
-0.891	2.52461e-005
-0.89	2.57294e-005
-0.889	2.62218e-005
-0.888	2.67233e-005
-0.887	2.72337e-005
-0.886	2.77531e-005
-0.885	2.82814e-005
-0.884	2.88183e-005
-0.883	2.9364e-005
-0.882	2.99181e-005
-0.881	3.04807e-005
-0.88	3.10517e-005
-0.879	3.1631e-005
-0.878	3.22185e-005
-0.877	3.28141e-005
-0.876	3.34177e-005
-0.875	3.40294e-005
-0.874	3.4649e-005
-0.873	3.52765e-005
-0.872	3.59119e-005
-0.871	3.65552e-005
-0.87	3.72065e-005
-0.869	3.78657e-005
-0.868	3.8533e-005
-0.867	3.92084e-005
-0.866	3.98919e-005
-0.865	4.05839e-005
-0.864	4.12844e-005
-0.863	4.19937e-005
-0.862	4.27118e-005
-0.861	4.34392e-005
-0.86	4.41759e-005
-0.859	4.49224e-005
-0.858	4.5679e-005
-0.857	4.6446e-005
-0.856	4.72237e-005
-0.855	4.80127e-005
-0.854	4.88134e-005
-0.853	4.96262e-005
-0.852	5.04515e-005
-0.851	5.12899e-005
-0.85	5.2142e-005
-0.849	5.30082e-005
-0.848	5.38892e-005
-0.847	5.47856e-005
-0.846	5.56979e-005
-0.845	5.66267e-005
-0.844	5.75727e-005
-0.843	5.85365e-005
-0.842	5.95188e-005
-0.841	6.05203e-005
-0.84	6.15415e-005
-0.839	6.2583e-005
-0.838	6.36457e-005
-0.837	6.47301e-005
-0.836	6.58368e-005
-0.835	6.69665e-005
-0.834	6.81198e-005
-0.833	6.92973e-005
-0.832	7.04995e-005
-0.831	7.17272e-005
-0.83	7.29808e-005
-0.829	7.42608e-005
-0.828	7.55678e-005
-0.827	7.69022e-005
-0.826	7.82645e-005
-0.825	7.96552e-005
-0.824	8.10746e-005
-0.823	8.25233e-005
-0.822	8.40014e-005
-0.821	8.55094e-005
-0.82	8.70475e-005
-0.819	8.8616e-005
-0.818	9.02153e-005
-0.817	9.18454e-005
-0.816	9.35067e-005
-0.815	9.51993e-005
-0.814	9.69234e-005
-0.813	9.8679e-005
-0.812	0.000100466
-0.811	0.000102286
-0.81	0.000104137
-0.809	0.00010602
-0.808	0.000107935
-0.807	0.000109883
-0.806	0.000111863
-0.805	0.000113875
-0.804	0.000115919
-0.803	0.000117996
-0.802	0.000120106
-0.801	0.000122248
-0.8	0.000124424
-0.799	0.000126632
-0.798	0.000128874
-0.797	0.000131149
-0.796	0.000133457
-0.795	0.0001358
-0.794	0.000138177
-0.793	0.000140589
-0.792	0.000143036
-0.791	0.000145518
-0.79	0.000148036
-0.789	0.000150591
-0.788	0.000153184
-0.787	0.000155814
-0.786	0.000158483
-0.785	0.000161191
-0.784	0.00016394
-0.783	0.000166729
-0.782	0.000169561
-0.781	0.000172436
-0.78	0.000175356
-0.779	0.000178321
-0.778	0.000181332
-0.777	0.000184392
-0.776	0.000187501
-0.775	0.00019066
-0.774	0.000193872
-0.773	0.000197137
-0.772	0.000200457
-0.771	0.000203834
-0.77	0.000207269
-0.769	0.000210764
-0.768	0.000214321
-0.767	0.00021794
-0.766	0.000221625
-0.765	0.000225377
-0.764	0.000229198
-0.763	0.000233089
-0.762	0.000237052
-0.761	0.000241089
-0.76	0.000245202
-0.759	0.000249392
-0.758	0.000253662
-0.757	0.000258013
-0.756	0.000262447
-0.755	0.000266966
-0.754	0.000271571
-0.753	0.000276264
-0.752	0.000281047
-0.751	0.000285922
-0.75	0.000290889
-0.749	0.000295951
-0.748	0.000301109
-0.747	0.000306365
-0.746	0.000311721
-0.745	0.000317176
-0.744	0.000322734
-0.743	0.000328395
-0.742	0.00033416
-0.741	0.000340031
-0.74	0.000346009
-0.739	0.000352096
-0.738	0.000358292
-0.737	0.000364599
-0.736	0.000371018
-0.735	0.000377549
-0.734	0.000384195
-0.733	0.000390955
-0.732	0.000397831
-0.731	0.000404825
-0.73	0.000411938
-0.729	0.000419169
-0.728	0.000426522
-0.727	0.000433996
-0.726	0.000441593
-0.725	0.000449315
-0.724	0.000457162
-0.723	0.000465136
-0.722	0.000473239
-0.721	0.000481471
-0.72	0.000489835
-0.719	0.000498332
-0.718	0.000506963
-0.717	0.000515731
-0.716	0.000524638
-0.715	0.000533685
-0.714	0.000542875
-0.713	0.000552209
-0.712	0.000561692
-0.711	0.000571324
-0.71	0.000581108
-0.709	0.000591048
-0.708	0.000601146
-0.707	0.000611406
-0.706	0.00062183
-0.705	0.000632421
-0.704	0.000643185
-0.703	0.000654122
-0.702	0.000665239
-0.701	0.000676538
-0.7	0.000688023
-0.699	0.0006997
-0.698	0.000711571
-0.697	0.000723643
-0.696	0.000735917
-0.695	0.0007484
-0.694	0.000761097
-0.693	0.000774013
-0.692	0.000787151
-0.691	0.000800517
-0.69	0.000814118
-0.689	0.000827957
-0.688	0.000842039
-0.687	0.000856371
-0.686	0.000870958
-0.685	0.000885805
-0.684	0.000900918
-0.683	0.000916303
-0.682	0.000931964
-0.681	0.000947907
-0.68	0.000964139
-0.679	0.000980664
-0.678	0.000997489
-0.677	0.00101462
-0.676	0.00103206
-0.675	0.00104982
-0.674	0.0010679
-0.673	0.0010863
-0.672	0.00110504
-0.671	0.00112412
-0.67	0.00114354
-0.669	0.00116332
-0.668	0.00118344
-0.667	0.00120393
-0.666	0.00122478
-0.665	0.00124601
-0.664	0.00126761
-0.663	0.00128959
-0.662	0.00131196
-0.661	0.00133473
-0.66	0.00135789
-0.659	0.00138146
-0.658	0.00140543
-0.657	0.00142982
-0.656	0.00145463
-0.655	0.00147986
-0.654	0.00150553
-0.653	0.00153163
-0.652	0.00155817
-0.651	0.00158517
-0.65	0.00161261
-0.649	0.00164052
-0.648	0.0016689
-0.647	0.00169775
-0.646	0.00172707
-0.645	0.00175689
-0.644	0.0017872
-0.643	0.00181801
-0.642	0.00184933
-0.641	0.00188117
-0.64	0.00191353
-0.639	0.00194642
-0.638	0.00197985
-0.637	0.00201384
-0.636	0.00204838
-0.635	0.00208349
-0.634	0.00211917
-0.633	0.00215545
-0.632	0.00219232
-0.631	0.0022298
-0.63	0.0022679
-0.629	0.00230664
-0.628	0.00234601
-0.627	0.00238604
-0.626	0.00242674
-0.625	0.00246812
-0.624	0.0025102
-0.623	0.00255297
-0.622	0.00259648
-0.621	0.00264071
-0.62	0.0026857
-0.619	0.00273145
-0.618	0.00277798
-0.617	0.0028253
-0.616	0.00287344
-0.615	0.0029224
-0.614	0.00297221
-0.613	0.00302288
-0.612	0.00307442
-0.611	0.00312686
-0.61	0.00318022
-0.609	0.0032345
-0.608	0.00328973
-0.607	0.00334593
-0.606	0.00340311
-0.605	0.00346129
-0.604	0.0035205
-0.603	0.00358075
-0.602	0.00364206
-0.601	0.00370444
-0.6	0.00376793
-0.599	0.00383254
-0.598	0.00389828
-0.597	0.00396518
-0.596	0.00403326
-0.595	0.00410254
-0.594	0.00417304
-0.593	0.00424477
-0.592	0.00431777
-0.591	0.00439204
-0.59	0.00446762
-0.589	0.00454452
-0.588	0.00462276
-0.587	0.00470236
-0.586	0.00478335
-0.585	0.00486575
-0.584	0.00494958
-0.583	0.00503485
-0.582	0.0051216
-0.581	0.00520985
-0.58	0.00529961
-0.579	0.00539092
-0.578	0.00548379
-0.577	0.00557825
-0.576	0.00567432
-0.575	0.00577204
-0.574	0.00587141
-0.573	0.00597246
-0.572	0.00607524
-0.571	0.00617975
-0.57	0.00628603
-0.569	0.00639411
-0.568	0.00650402
-0.567	0.00661577
-0.566	0.0067294
-0.565	0.00684495
-0.564	0.00696244
-0.563	0.0070819
-0.562	0.00720336
-0.561	0.00732687
-0.56	0.00745245
-0.559	0.00758014
-0.558	0.00770998
-0.557	0.00784199
-0.556	0.00797623
-0.555	0.00811272
-0.554	0.0082515
-0.553	0.00839263
-0.552	0.00853614
-0.551	0.00868207
-0.55	0.00883045
-0.549	0.00898135
-0.548	0.00913479
-0.547	0.00929085
-0.546	0.00944955
-0.545	0.00961095
-0.544	0.00977509
-0.543	0.00994202
-0.542	0.0101118
-0.541	0.0102845
-0.54	0.0104601
-0.539	0.0106388
-0.538	0.0108205
-0.537	0.0110053
-0.536	0.0111933
-0.535	0.0113846
-0.534	0.0115791
-0.533	0.011777
-0.532	0.0119783
-0.531	0.0121831
-0.53	0.0123914
-0.529	0.0126034
-0.528	0.012819
-0.527	0.0130383
-0.526	0.0132614
-0.525	0.0134885
-0.524	0.0137194
-0.523	0.0139544
-0.522	0.0141934
-0.521	0.0144366
-0.52	0.014684
-0.519	0.0149357
-0.518	0.0151917
-0.517	0.0154522
-0.516	0.0157173
-0.515	0.0159869
-0.514	0.0162611
-0.513	0.0165402
-0.512	0.016824
-0.511	0.0171128
-0.51	0.0174065
-0.509	0.0177053
-0.508	0.0180093
-0.507	0.0183185
-0.506	0.018633
-0.505	0.0189529
-0.504	0.0192783
-0.503	0.0196093
-0.502	0.019946
-0.501	0.0202884
-0.5	0.0206368
-0.499	0.020991
-0.498	0.0213513
-0.497	0.0217178
-0.496	0.0220905
-0.495	0.0224696
-0.494	0.0228551
-0.493	0.0232472
-0.492	0.023646
-0.491	0.0240515
-0.49	0.024464
-0.489	0.0248834
-0.488	0.0253099
-0.487	0.0257437
-0.486	0.0261849
-0.485	0.0266336
-0.484	0.0270898
-0.483	0.0275538
-0.482	0.0280257
-0.481	0.0285055
-0.48	0.0289936
-0.479	0.0294899
-0.478	0.0299946
-0.477	0.0305079
-0.476	0.0310299
-0.475	0.0315608
-0.474	0.0321007
-0.473	0.0326498
-0.472	0.0332083
-0.471	0.0337762
-0.47	0.0343539
-0.469	0.0349413
-0.468	0.0355388
-0.467	0.0361466
-0.466	0.0367647
-0.465	0.0373933
-0.464	0.0380327
-0.463	0.0386831
-0.462	0.0393445
-0.461	0.0400174
-0.46	0.0407018
-0.459	0.0413979
-0.458	0.042106
-0.457	0.0428262
-0.456	0.0435588
-0.455	0.044304
-0.454	0.045062
-0.453	0.0458331
-0.452	0.0466174
-0.451	0.0474153
-0.45	0.0482268
-0.449	0.0490524
-0.448	0.0498922
-0.447	0.0507465
-0.446	0.0516155
-0.445	0.0524994
-0.444	0.0533986
-0.443	0.0543132
-0.442	0.0552437
-0.441	0.0561901
-0.44	0.0571529
-0.439	0.0581323
-0.438	0.0591285
-0.437	0.0601418
-0.436	0.0611726
-0.435	0.0622211
-0.434	0.0632876
-0.433	0.0643725
-0.432	0.065476
-0.431	0.0665985
-0.43	0.0677402
-0.429	0.0689015
-0.428	0.0700828
-0.427	0.0712842
-0.426	0.0725063
-0.425	0.0737493
-0.424	0.0750136
-0.423	0.0762995
-0.422	0.0776075
-0.421	0.0789378
-0.42	0.0802908
-0.419	0.0816668
-0.418	0.0830665
-0.417	0.08449
-0.416	0.0859379
-0.415	0.0874105
-0.414	0.0889374
-0.413	0.0905506
-0.412	0.0922514
-0.411	0.0940413
-0.41	0.0959212
-0.409	0.0978916
-0.408	0.0999533
-0.407	0.102106
-0.406	0.104351
-0.405	0.106686
-0.404	0.109111
-0.403	0.111627
-0.402	0.114231
-0.401	0.116922
-0.4	0.119699
-0.399	0.12256
-0.398	0.125504
-0.397	0.128528
-0.396	0.13163
-0.395	0.134808
-0.394	0.138059
-0.393	0.14138
-0.392	0.14477
-0.391	0.148224
-0.39	0.151741
-0.389	0.155317
-0.388	0.158949
-0.387	0.162635
-0.386	0.166371
-0.385	0.170155
-0.384	0.173983
-0.383	0.177853
-0.382	0.181762
-0.381	0.185707
-0.38	0.189687
-0.379	0.193697
-0.378	0.197737
-0.377	0.201805
-0.376	0.205897
-0.375	0.210013
-0.374	0.214151
-0.373	0.21831
-0.372	0.222489
-0.371	0.226687
-0.37	0.230904
-0.369	0.23514
-0.368	0.239394
-0.367	0.243666
-0.366	0.247959
-0.365	0.252271
-0.364	0.256717
-0.363	0.261408
-0.362	0.266334
-0.361	0.271483
-0.36	0.27684
-0.359	0.282395
-0.358	0.288132
-0.357	0.294038
-0.356	0.300099
-0.355	0.306297
-0.354	0.31262
-0.353	0.319051
-0.352	0.325574
-0.351	0.332171
-0.35	0.338829
-0.349	0.345528
-0.348	0.352254
-0.347	0.358989
-0.346	0.365716
-0.345	0.372419
-0.344	0.37908
-0.343	0.385683
-0.342	0.392212
-0.341	0.398651
-0.34	0.404983
-0.339	0.411193
-0.338	0.417265
-0.337	0.423184
-0.336	0.428936
-0.335	0.434507
-0.334	0.43988
-0.333	0.445047
-0.332	0.449993
-0.331	0.454704
-0.33	0.459171
-0.329	0.463382
-0.328	0.467329
-0.327	0.470999
-0.326	0.474386
-0.325	0.477481
-0.324	0.480277
-0.323	0.482768
-0.322	0.484947
-0.321	0.486811
-0.32	0.488356
-0.319	0.489577
-0.318	0.490472
-0.317	0.491042
-0.316	0.491285
-0.315	0.491201
-0.314	0.490791
-0.313	0.490058
-0.312	0.489004
-0.311	0.487633
-0.31	0.485951
-0.309	0.483961
-0.308	0.481671
-0.307	0.479086
-0.306	0.476217
-0.305	0.473069
-0.304	0.469654
-0.303	0.465981
-0.302	0.462061
-0.301	0.457903
-0.3	0.453522
-0.299	0.448929
-0.298	0.444138
-0.297	0.439161
-0.296	0.434014
-0.295	0.428711
-0.294	0.423265
-0.293	0.417694
-0.292	0.412013
-0.291	0.406236
-0.29	0.400382
-0.289	0.394466
-0.288	0.388504
-0.287	0.382514
-0.286	0.376512
-0.285	0.370514
-0.284	0.36454
-0.283	0.358602
-0.282	0.352721
-0.281	0.346911
-0.28	0.341189
-0.279	0.33557
-0.278	0.330072
-0.277	0.324709
-0.276	0.319497
-0.275	0.314449
-0.274	0.30958
-0.273	0.304906
-0.272	0.300438
-0.271	0.296189
-0.27	0.292171
-0.269	0.288398
-0.268	0.284877
-0.267	0.281622
-0.266	0.27864
-0.265	0.275941
-0.264	0.273533
-0.263	0.271424
-0.262	0.269619
-0.261	0.268125
-0.26	0.266948
-0.259	0.266089
-0.258	0.265554
-0.257	0.265344
-0.256	0.265462
-0.255	0.265906
-0.254	0.266679
-0.253	0.267779
-0.252	0.269203
-0.251	0.27095
-0.25	0.273015
-0.249	0.275394
-0.248	0.278081
-0.247	0.281072
-0.246	0.284359
-0.245	0.287935
-0.244	0.29179
-0.243	0.295916
-0.242	0.300304
-0.241	0.304942
-0.24	0.30982
-0.239	0.314925
-0.238	0.320245
-0.237	0.325767
-0.236	0.331479
-0.235	0.337365
-0.234	0.343412
-0.233	0.349604
-0.232	0.355927
-0.231	0.362364
-0.23	0.3689
-0.229	0.375519
-0.228	0.382203
-0.227	0.388939
-0.226	0.395706
-0.225	0.40249
-0.224	0.409274
-0.223	0.41604
-0.222	0.422772
-0.221	0.429454
-0.22	0.436069
-0.219	0.442599
-0.218	0.44903
-0.217	0.455346
-0.216	0.461531
-0.215	0.46757
-0.214	0.473446
-0.213	0.479148
-0.212	0.484661
-0.211	0.48997
-0.21	0.495064
-0.209	0.499929
-0.208	0.504555
-0.207	0.50893
-0.206	0.513043
-0.205	0.516886
-0.204	0.520449
-0.203	0.523722
-0.202	0.526701
-0.201	0.529376
-0.2	0.531743
-0.199	0.533796
-0.198	0.535531
-0.197	0.536945
-0.196	0.538034
-0.195	0.538798
-0.194	0.539235
-0.193	0.539344
-0.192	0.539128
-0.191	0.538588
-0.19	0.537726
-0.189	0.536545
-0.188	0.53505
-0.187	0.533246
-0.186	0.531139
-0.185	0.528735
-0.184	0.526042
-0.183	0.523067
-0.182	0.519822
-0.181	0.516313
-0.18	0.512552
-0.179	0.508551
-0.178	0.504319
-0.177	0.499873
-0.176	0.49522
-0.175	0.490378
-0.174	0.485357
-0.173	0.480175
-0.172	0.474845
-0.171	0.469382
-0.17	0.463803
-0.169	0.458121
-0.168	0.452355
-0.167	0.44652
-0.166	0.440632
-0.165	0.434709
-0.164	0.428767
-0.163	0.422822
-0.162	0.416893
-0.161	0.410994
-0.16	0.405144
-0.159	0.399359
-0.158	0.393653
-0.157	0.388046
-0.156	0.382551
-0.155	0.377186
-0.154	0.371964
-0.153	0.366901
-0.152	0.362012
-0.151	0.35731
-0.15	0.352809
-0.149	0.348522
-0.148	0.344462
-0.147	0.340639
-0.146	0.337067
-0.145	0.333753
-0.144	0.330711
-0.143	0.327947
-0.142	0.325471
-0.141	0.323291
-0.14	0.321413
-0.139	0.319843
-0.138	0.318586
-0.137	0.317648
-0.136	0.317031
-0.135	0.316739
-0.134	0.316774
-0.133	0.317137
-0.132	0.317826
-0.131	0.318844
-0.13	0.320187
-0.129	0.321853
-0.128	0.32384
-0.127	0.326142
-0.126	0.328756
-0.125	0.331675
-0.124	0.334894
-0.123	0.338404
-0.122	0.342198
-0.121	0.346267
-0.12	0.350601
-0.119	0.35519
-0.118	0.360024
-0.117	0.36509
-0.116	0.370377
-0.115	0.375872
-0.114	0.381562
-0.113	0.387432
-0.112	0.393469
-0.111	0.399658
-0.11	0.405984
-0.109	0.412431
-0.108	0.418984
-0.107	0.425626
-0.106	0.432342
-0.105	0.439114
-0.104	0.445926
-0.103	0.452763
-0.102	0.459606
-0.101	0.466438
-0.1	0.473244
