-4	2.82163e-008
-3.999	2.81432e-008
-3.998	2.81542e-008
-3.997	2.83421e-008
-3.996	2.83161e-008
-3.995	2.81844e-008
-3.994	2.82945e-008
-3.993	2.83549e-008
-3.992	2.81444e-008
-3.991	2.80856e-008
-3.99	2.81729e-008
-3.989	2.80358e-008
-3.988	2.79166e-008
-3.987	2.82529e-008
-3.986	2.80425e-008
-3.985	2.79877e-008
-3.984	2.79199e-008
-3.983	2.79681e-008
-3.982	2.80283e-008
-3.981	2.77601e-008
-3.98	2.77933e-008
-3.979	2.75387e-008
-3.978	2.7894e-008
-3.977	2.78827e-008
-3.976	2.76596e-008
-3.975	2.74501e-008
-3.974	2.73985e-008
-3.973	2.74302e-008
-3.972	2.7183e-008
-3.971	2.73997e-008
-3.97	2.72273e-008
-3.969	2.70336e-008
-3.968	2.73014e-008
-3.967	2.72361e-008
-3.966	2.69096e-008
-3.965	2.70782e-008
-3.964	2.68025e-008
-3.963	2.68408e-008
-3.962	2.68087e-008
-3.961	2.66494e-008
-3.96	2.66425e-008
-3.959	2.62034e-008
-3.958	2.63767e-008
-3.957	2.62905e-008
-3.956	2.63772e-008
-3.955	2.62306e-008
-3.954	2.59746e-008
-3.953	2.59554e-008
-3.952	2.59221e-008
-3.951	2.586e-008
-3.95	2.56034e-008
-3.949	2.56196e-008
-3.948	2.54374e-008
-3.947	2.5484e-008
-3.946	2.50595e-008
-3.945	2.49742e-008
-3.944	2.52678e-008
-3.943	2.4967e-008
-3.942	2.48372e-008
-3.941	2.4778e-008
-3.94	2.4835e-008
-3.939	2.482e-008
-3.938	2.46149e-008
-3.937	2.45142e-008
-3.936	2.43343e-008
-3.935	2.38237e-008
-3.934	2.41559e-008
-3.933	2.39783e-008
-3.932	2.34856e-008
-3.931	2.37927e-008
-3.93	2.35186e-008
-3.929	2.33507e-008
-3.928	2.32099e-008
-3.927	2.31648e-008
-3.926	2.29759e-008
-3.925	2.29502e-008
-3.924	2.29242e-008
-3.923	2.2561e-008
-3.922	2.23868e-008
-3.921	2.25303e-008
-3.92	2.25141e-008
-3.919	2.20847e-008
-3.918	2.22819e-008
-3.917	2.20881e-008
-3.916	2.16983e-008
-3.915	2.17585e-008
-3.914	2.14323e-008
-3.913	2.12178e-008
-3.912	2.13461e-008
-3.911	2.11006e-008
-3.91	2.10147e-008
-3.909	2.09503e-008
-3.908	2.07152e-008
-3.907	2.05271e-008
-3.906	2.04447e-008
-3.905	2.03949e-008
-3.904	2.0249e-008
-3.903	2.01083e-008
-3.902	2.00587e-008
-3.901	2.00305e-008
-3.9	1.97083e-008
-3.899	1.95548e-008
-3.898	1.9411e-008
-3.897	1.9171e-008
-3.896	1.93023e-008
-3.895	1.91352e-008
-3.894	1.89029e-008
-3.893	1.87555e-008
-3.892	1.85756e-008
-3.891	1.88131e-008
-3.89	1.85219e-008
-3.889	1.82785e-008
-3.888	1.83131e-008
-3.887	1.81149e-008
-3.886	1.80839e-008
-3.885	1.78086e-008
-3.884	1.77084e-008
-3.883	1.77629e-008
-3.882	1.75053e-008
-3.881	1.7228e-008
-3.88	1.72286e-008
-3.879	1.71264e-008
-3.878	1.68191e-008
-3.877	1.6974e-008
-3.876	1.66944e-008
-3.875	1.67844e-008
-3.874	1.65244e-008
-3.873	1.6251e-008
-3.872	1.64211e-008
-3.871	1.59789e-008
-3.87	1.58691e-008
-3.869	1.60774e-008
-3.868	1.60538e-008
-3.867	1.58879e-008
-3.866	1.57147e-008
-3.865	1.53608e-008
-3.864	1.54978e-008
-3.863	1.54708e-008
-3.862	1.538e-008
-3.861	1.5243e-008
-3.86	1.50812e-008
-3.859	1.51941e-008
-3.858	1.50256e-008
-3.857	1.46897e-008
-3.856	1.45086e-008
-3.855	1.44895e-008
-3.854	1.45382e-008
-3.853	1.46869e-008
-3.852	1.45981e-008
-3.851	1.42489e-008
-3.85	1.42366e-008
-3.849	1.41336e-008
-3.848	1.42997e-008
-3.847	1.41342e-008
-3.846	1.39156e-008
-3.845	1.39455e-008
-3.844	1.38347e-008
-3.843	1.37558e-008
-3.842	1.35048e-008
-3.841	1.34807e-008
-3.84	1.34863e-008
-3.839	1.36228e-008
-3.838	1.36243e-008
-3.837	1.35236e-008
-3.836	1.32524e-008
-3.835	1.31976e-008
-3.834	1.32938e-008
-3.833	1.33532e-008
-3.832	1.31024e-008
-3.831	1.30172e-008
-3.83	1.3106e-008
-3.829	1.30975e-008
-3.828	1.31087e-008
-3.827	1.28997e-008
-3.826	1.28561e-008
-3.825	1.29272e-008
-3.824	1.30281e-008
-3.823	1.27845e-008
-3.822	1.25866e-008
-3.821	1.29176e-008
-3.82	1.29195e-008
-3.819	1.27309e-008
-3.818	1.28803e-008
-3.817	1.28106e-008
-3.816	1.26655e-008
-3.815	1.26536e-008
-3.814	1.27105e-008
-3.813	1.26834e-008
-3.812	1.27231e-008
-3.811	1.28516e-008
-3.81	1.27636e-008
-3.809	1.27281e-008
-3.808	1.279e-008
-3.807	1.2638e-008
-3.806	1.25374e-008
-3.805	1.27395e-008
-3.804	1.29149e-008
-3.803	1.26683e-008
-3.802	1.2794e-008
-3.801	1.27772e-008
-3.8	1.27605e-008
-3.799	1.29192e-008
-3.798	1.28092e-008
-3.797	1.3e-008
-3.796	1.30176e-008
-3.795	1.30379e-008
-3.794	1.30212e-008
-3.793	1.30059e-008
-3.792	1.31915e-008
-3.791	1.32123e-008
-3.79	1.30094e-008
-3.789	1.32923e-008
-3.788	1.34756e-008
-3.787	1.34851e-008
-3.786	1.35122e-008
-3.785	1.33839e-008
-3.784	1.33378e-008
-3.783	1.35766e-008
-3.782	1.36594e-008
-3.781	1.37006e-008
-3.78	1.38767e-008
-3.779	1.39306e-008
-3.778	1.39847e-008
-3.777	1.39202e-008
-3.776	1.40806e-008
-3.775	1.4074e-008
-3.774	1.41071e-008
-3.773	1.4227e-008
-3.772	1.42805e-008
-3.771	1.45177e-008
-3.77	1.47235e-008
-3.769	1.45767e-008
-3.768	1.45711e-008
-3.767	1.49522e-008
-3.766	1.48909e-008
-3.765	1.49973e-008
-3.764	1.49757e-008
-3.763	1.49326e-008
-3.762	1.53772e-008
-3.761	1.52523e-008
-3.76	1.5333e-008
-3.759	1.55473e-008
-3.758	1.55248e-008
-3.757	1.57519e-008
-3.756	1.57892e-008
-3.755	1.58175e-008
-3.754	1.61415e-008
-3.753	1.6285e-008
-3.752	1.63064e-008
-3.751	1.63289e-008
-3.75	1.65494e-008
-3.749	1.6654e-008
-3.748	1.65992e-008
-3.747	1.67788e-008
-3.746	1.69158e-008
-3.745	1.68848e-008
-3.744	1.71706e-008
-3.743	1.71409e-008
-3.742	1.73801e-008
-3.741	1.78864e-008
-3.74	1.77495e-008
-3.739	1.75827e-008
-3.738	1.78009e-008
-3.737	1.80633e-008
-3.736	1.80511e-008
-3.735	1.81671e-008
-3.734	1.82877e-008
-3.733	1.86208e-008
-3.732	1.87875e-008
-3.731	1.86972e-008
-3.73	1.8693e-008
-3.729	1.8867e-008
-3.728	1.92941e-008
-3.727	1.93246e-008
-3.726	1.9501e-008
-3.725	1.97942e-008
-3.724	1.96811e-008
-3.723	1.9725e-008
-3.722	1.97802e-008
-3.721	2.02335e-008
-3.72	2.0242e-008
-3.719	2.02159e-008
-3.718	2.05874e-008
-3.717	2.07857e-008
-3.716	2.06178e-008
-3.715	2.08176e-008
-3.714	2.10722e-008
-3.713	2.10672e-008
-3.712	2.14783e-008
-3.711	2.14815e-008
-3.71	2.1359e-008
-3.709	2.16087e-008
-3.708	2.16672e-008
-3.707	2.19103e-008
-3.706	2.23494e-008
-3.705	2.20851e-008
-3.704	2.22759e-008
-3.703	2.26663e-008
-3.702	2.26706e-008
-3.701	2.26636e-008
-3.7	2.26969e-008
-3.699	2.30911e-008
-3.698	2.30195e-008
-3.697	2.29554e-008
-3.696	2.35473e-008
-3.695	2.34897e-008
-3.694	2.35195e-008
-3.693	2.37303e-008
-3.692	2.36717e-008
-3.691	2.40822e-008
-3.69	2.41919e-008
-3.689	2.39824e-008
-3.688	2.42955e-008
-3.687	2.44508e-008
-3.686	2.45488e-008
-3.685	2.4522e-008
-3.684	2.46607e-008
-3.683	2.49773e-008
-3.682	2.50326e-008
-3.681	2.49267e-008
-3.68	2.50609e-008
-3.679	2.52504e-008
-3.678	2.53379e-008
-3.677	2.56933e-008
-3.676	2.55652e-008
-3.675	2.58091e-008
-3.674	2.59768e-008
-3.673	2.59107e-008
-3.672	2.62409e-008
-3.671	2.6036e-008
-3.67	2.59848e-008
-3.669	2.65008e-008
-3.668	2.64615e-008
-3.667	2.66119e-008
-3.666	2.65975e-008
-3.665	2.65975e-008
-3.664	2.69208e-008
-3.663	2.66062e-008
-3.662	2.69457e-008
-3.661	2.71602e-008
-3.66	2.68761e-008
-3.659	2.7376e-008
-3.658	2.73851e-008
-3.657	2.73145e-008
-3.656	2.74135e-008
-3.655	2.71347e-008
-3.654	2.70845e-008
-3.653	2.76389e-008
-3.652	2.79858e-008
-3.651	2.76127e-008
-3.65	2.76273e-008
-3.649	2.78849e-008
-3.648	2.80448e-008
-3.647	2.78045e-008
-3.646	2.79125e-008
-3.645	2.81251e-008
-3.644	2.80089e-008
-3.643	2.83001e-008
-3.642	2.84513e-008
-3.641	2.82014e-008
-3.64	2.84171e-008
-3.639	2.82269e-008
-3.638	2.82872e-008
-3.637	2.84441e-008
-3.636	2.81427e-008
-3.635	2.83915e-008
-3.634	2.85922e-008
-3.633	2.88723e-008
-3.632	2.88261e-008
-3.631	2.86469e-008
-3.63	2.86599e-008
-3.629	2.86145e-008
-3.628	2.83507e-008
-3.627	2.88368e-008
-3.626	2.87699e-008
-3.625	2.85251e-008
-3.624	2.88471e-008
-3.623	2.87005e-008
-3.622	2.86746e-008
-3.621	2.85937e-008
-3.62	2.86961e-008
-3.619	2.87224e-008
-3.618	2.88754e-008
-3.617	2.87253e-008
-3.616	2.87305e-008
-3.615	2.86862e-008
-3.614	2.85634e-008
-3.613	2.8765e-008
-3.612	2.85184e-008
-3.611	2.87759e-008
-3.61	2.85795e-008
-3.609	2.81836e-008
-3.608	2.86376e-008
-3.607	2.85677e-008
-3.606	2.84344e-008
-3.605	2.8348e-008
-3.604	2.84324e-008
-3.603	2.84765e-008
-3.602	2.80893e-008
-3.601	2.81953e-008
-3.6	2.8183e-008
-3.599	2.82699e-008
-3.598	2.85671e-008
-3.597	2.82251e-008
-3.596	2.80964e-008
-3.595	2.78216e-008
-3.594	2.76857e-008
-3.593	2.77941e-008
-3.592	2.78948e-008
-3.591	2.77768e-008
-3.59	2.76356e-008
-3.589	2.77623e-008
-3.588	2.74606e-008
-3.587	2.73505e-008
-3.586	2.72858e-008
-3.585	2.72176e-008
-3.584	2.73825e-008
-3.583	2.72001e-008
-3.582	2.70726e-008
-3.581	2.69135e-008
-3.58	2.68377e-008
-3.579	2.71402e-008
-3.578	2.66008e-008
-3.577	2.66674e-008
-3.576	2.68235e-008
-3.575	2.65022e-008
-3.574	2.63003e-008
-3.573	2.64812e-008
-3.572	2.6371e-008
-3.571	2.59875e-008
-3.57	2.60313e-008
-3.569	2.61285e-008
-3.568	2.5851e-008
-3.567	2.55865e-008
-3.566	2.58271e-008
-3.565	2.57989e-008
-3.564	2.54534e-008
-3.563	2.53161e-008
-3.562	2.54258e-008
-3.561	2.52577e-008
-3.56	2.49724e-008
-3.559	2.49537e-008
-3.558	2.488e-008
-3.557	2.46092e-008
-3.556	2.47297e-008
-3.555	2.45394e-008
-3.554	2.44206e-008
-3.553	2.43005e-008
-3.552	2.3856e-008
-3.551	2.36825e-008
-3.55	2.38803e-008
-3.549	2.36676e-008
-3.548	2.36009e-008
-3.547	2.361e-008
-3.546	2.36415e-008
-3.545	2.34838e-008
-3.544	2.29916e-008
-3.543	2.28481e-008
-3.542	2.29846e-008
-3.541	2.28912e-008
-3.54	2.25397e-008
-3.539	2.26587e-008
-3.538	2.23511e-008
-3.537	2.21851e-008
-3.536	2.20749e-008
-3.535	2.18838e-008
-3.534	2.17795e-008
-3.533	2.16491e-008
-3.532	2.16131e-008
-3.531	2.16729e-008
-3.53	2.13409e-008
-3.529	2.11295e-008
-3.528	2.11157e-008
-3.527	2.11761e-008
-3.526	2.07715e-008
-3.525	2.04855e-008
-3.524	2.06063e-008
-3.523	2.04599e-008
-3.522	2.04044e-008
-3.521	2.02039e-008
-3.52	2.00297e-008
-3.519	1.99835e-008
-3.518	1.99314e-008
-3.517	1.96748e-008
-3.516	1.96442e-008
-3.515	1.93782e-008
-3.514	1.91739e-008
-3.513	1.91299e-008
-3.512	1.8989e-008
-3.511	1.87835e-008
-3.51	1.85733e-008
-3.509	1.85486e-008
-3.508	1.87302e-008
-3.507	1.85434e-008
-3.506	1.82873e-008
-3.505	1.82851e-008
-3.504	1.82261e-008
-3.503	1.79848e-008
-3.502	1.7961e-008
-3.501	1.75648e-008
-3.5	1.76641e-008
-3.499	1.76248e-008
-3.498	1.74409e-008
-3.497	1.72545e-008
-3.496	1.69512e-008
-3.495	1.70641e-008
-3.494	1.70183e-008
-3.493	1.68667e-008
-3.492	1.6752e-008
-3.491	1.6491e-008
-3.49	1.62609e-008
-3.489	1.64601e-008
-3.488	1.63198e-008
-3.487	1.61335e-008
-3.486	1.59225e-008
-3.485	1.60083e-008
-3.484	1.59101e-008
-3.483	1.60295e-008
-3.482	1.57325e-008
-3.481	1.54845e-008
-3.48	1.54697e-008
-3.479	1.55577e-008
-3.478	1.55465e-008
-3.477	1.50002e-008
-3.476	1.49611e-008
-3.475	1.51056e-008
-3.474	1.50593e-008
-3.473	1.4923e-008
-3.472	1.47094e-008
-3.471	1.4712e-008
-3.47	1.46206e-008
-3.469	1.45886e-008
-3.468	1.45432e-008
-3.467	1.42999e-008
-3.466	1.44157e-008
-3.465	1.42491e-008
-3.464	1.42284e-008
-3.463	1.42444e-008
-3.462	1.41121e-008
-3.461	1.38792e-008
-3.46	1.38666e-008
-3.459	1.38108e-008
-3.458	1.37608e-008
-3.457	1.38296e-008
-3.456	1.37968e-008
-3.455	1.38932e-008
-3.454	1.37776e-008
-3.453	1.36097e-008
-3.452	1.34838e-008
-3.451	1.3529e-008
-3.45	1.36175e-008
-3.449	1.34954e-008
-3.448	1.33632e-008
-3.447	1.35303e-008
-3.446	1.34639e-008
-3.445	1.33424e-008
-3.444	1.32234e-008
-3.443	1.3191e-008
-3.442	1.31995e-008
-3.441	1.33876e-008
-3.44	1.33087e-008
-3.439	1.29729e-008
-3.438	1.31249e-008
-3.437	1.32317e-008
-3.436	1.31477e-008
-3.435	1.30721e-008
-3.434	1.31283e-008
-3.433	1.33936e-008
-3.432	1.30281e-008
-3.431	1.30112e-008
-3.43	1.317e-008
-3.429	1.31928e-008
-3.428	1.33413e-008
-3.427	1.32233e-008
-3.426	1.32013e-008
-3.425	1.31748e-008
-3.424	1.32756e-008
-3.423	1.3112e-008
-3.422	1.31192e-008
-3.421	1.33325e-008
-3.42	1.33083e-008
-3.419	1.32128e-008
-3.418	1.34412e-008
-3.417	1.35299e-008
-3.416	1.36602e-008
-3.415	1.37289e-008
-3.414	1.34985e-008
-3.413	1.34247e-008
-3.412	1.36647e-008
-3.411	1.38063e-008
-3.41	1.34567e-008
-3.409	1.36039e-008
-3.408	1.39745e-008
-3.407	1.38828e-008
-3.406	1.39086e-008
-3.405	1.38436e-008
-3.404	1.39887e-008
-3.403	1.40516e-008
-3.402	1.42638e-008
-3.401	1.42284e-008
-3.4	1.42601e-008
-3.399	1.45878e-008
-3.398	1.44049e-008
-3.397	1.44388e-008
-3.396	1.47461e-008
-3.395	1.4742e-008
-3.394	1.45589e-008
-3.393	1.46345e-008
-3.392	1.50174e-008
-3.391	1.49761e-008
-3.39	1.49974e-008
-3.389	1.51558e-008
-3.388	1.51283e-008
-3.387	1.54526e-008
-3.386	1.53994e-008
-3.385	1.54425e-008
-3.384	1.57604e-008
-3.383	1.55609e-008
-3.382	1.58194e-008
-3.381	1.59248e-008
-3.38	1.58327e-008
-3.379	1.59604e-008
-3.378	1.60318e-008
-3.377	1.62727e-008
-3.376	1.64563e-008
-3.375	1.65897e-008
-3.374	1.68415e-008
-3.373	1.68847e-008
-3.372	1.66413e-008
-3.371	1.66909e-008
-3.37	1.70264e-008
-3.369	1.70259e-008
-3.368	1.70966e-008
-3.367	1.74932e-008
-3.366	1.76551e-008
-3.365	1.77956e-008
-3.364	1.75365e-008
-3.363	1.76355e-008
-3.362	1.79327e-008
-3.361	1.82394e-008
-3.36	1.8112e-008
-3.359	1.81656e-008
-3.358	1.86678e-008
-3.357	1.86553e-008
-3.356	1.85451e-008
-3.355	1.88706e-008
-3.354	1.89573e-008
-3.353	1.90709e-008
-3.352	1.91764e-008
-3.351	1.918e-008
-3.35	1.94597e-008
-3.349	1.97169e-008
-3.348	1.97893e-008
-3.347	2.00344e-008
-3.346	2.00621e-008
-3.345	2.01755e-008
-3.344	2.02797e-008
-3.343	2.04453e-008
-3.342	2.05847e-008
-3.341	2.06169e-008
-3.34	2.07197e-008
-3.339	2.07414e-008
-3.338	2.1033e-008
-3.337	2.11169e-008
-3.336	2.14211e-008
-3.335	2.15915e-008
-3.334	2.14197e-008
-3.333	2.16565e-008
-3.332	2.20575e-008
-3.331	2.207e-008
-3.33	2.19156e-008
-3.329	2.23128e-008
-3.328	2.25122e-008
-3.327	2.25548e-008
-3.326	2.24177e-008
-3.325	2.25603e-008
-3.324	2.28682e-008
-3.323	2.30426e-008
-3.322	2.31575e-008
-3.321	2.33487e-008
-3.32	2.35304e-008
-3.319	2.33825e-008
-3.318	2.36261e-008
-3.317	2.35502e-008
-3.316	2.39339e-008
-3.315	2.42082e-008
-3.314	2.39171e-008
-3.313	2.44498e-008
-3.312	2.43729e-008
-3.311	2.42941e-008
-3.31	2.466e-008
-3.309	2.45784e-008
-3.308	2.49543e-008
-3.307	2.50516e-008
-3.306	2.49533e-008
-3.305	2.50255e-008
-3.304	2.54142e-008
-3.303	2.5351e-008
-3.302	2.55501e-008
-3.301	2.56344e-008
-3.3	2.57656e-008
-3.299	2.59817e-008
-3.298	2.58626e-008
-3.297	2.61364e-008
-3.296	2.59282e-008
-3.295	2.60052e-008
-3.294	2.65643e-008
-3.293	2.63942e-008
-3.292	2.66736e-008
-3.291	2.69058e-008
-3.29	2.67232e-008
-3.289	2.6787e-008
-3.288	2.69016e-008
-3.287	2.70812e-008
-3.286	2.72483e-008
-3.285	2.70127e-008
-3.284	2.73878e-008
-3.283	2.73577e-008
-3.282	2.76368e-008
-3.281	2.77806e-008
-3.28	2.74442e-008
-3.279	2.77423e-008
-3.278	2.80044e-008
-3.277	2.80074e-008
-3.276	2.75951e-008
-3.275	2.77745e-008
-3.274	2.80195e-008
-3.273	2.82002e-008
-3.272	2.84461e-008
-3.271	2.81981e-008
-3.27	2.83109e-008
-3.269	2.84237e-008
-3.268	2.83842e-008
-3.267	2.85348e-008
-3.266	2.86178e-008
-3.265	2.86083e-008
-3.264	2.85894e-008
-3.263	2.89017e-008
-3.262	2.89185e-008
-3.261	2.84592e-008
-3.26	2.87446e-008
-3.259	2.88069e-008
-3.258	2.87308e-008
-3.257	2.89754e-008
-3.256	2.90088e-008
-3.255	2.91653e-008
-3.254	2.88717e-008
-3.253	2.90875e-008
-3.252	2.92658e-008
-3.251	2.87232e-008
-3.25	2.87661e-008
-3.249	2.92525e-008
-3.248	2.92239e-008
-3.247	2.91276e-008
-3.246	2.90045e-008
-3.245	2.89675e-008
-3.244	2.91076e-008
-3.243	2.93397e-008
-3.242	2.8945e-008
-3.241	2.93008e-008
-3.24	2.92411e-008
-3.239	2.90366e-008
-3.238	2.9135e-008
-3.237	2.91001e-008
-3.236	2.93656e-008
-3.235	2.92099e-008
-3.234	2.9053e-008
-3.233	2.92803e-008
-3.232	2.89834e-008
-3.231	2.87973e-008
-3.23	2.91583e-008
-3.229	2.91723e-008
-3.228	2.90669e-008
-3.227	2.91043e-008
-3.226	2.87225e-008
-3.225	2.88347e-008
-3.224	2.89338e-008
-3.223	2.87342e-008
-3.222	2.85844e-008
-3.221	2.87017e-008
-3.22	2.87387e-008
-3.219	2.85848e-008
-3.218	2.84619e-008
-3.217	2.84398e-008
-3.216	2.82558e-008
-3.215	2.8176e-008
-3.214	2.85148e-008
-3.213	2.8002e-008
-3.212	2.81305e-008
-3.211	2.84215e-008
-3.21	2.80697e-008
-3.209	2.83159e-008
-3.208	2.80096e-008
-3.207	2.78262e-008
-3.206	2.77599e-008
-3.205	2.7494e-008
-3.204	2.7455e-008
-3.203	2.74691e-008
-3.202	2.75172e-008
-3.201	2.75912e-008
-3.2	2.74435e-008
-3.199	2.73155e-008
-3.198	2.74088e-008
-3.197	2.69502e-008
-3.196	2.69495e-008
-3.195	2.71668e-008
-3.194	2.69116e-008
-3.193	2.68761e-008
-3.192	2.66865e-008
-3.191	2.64466e-008
-3.19	2.64137e-008
-3.189	2.61646e-008
-3.188	2.61305e-008
-3.187	2.60418e-008
-3.186	2.6347e-008
-3.185	2.61484e-008
-3.184	2.56462e-008
-3.183	2.57371e-008
-3.182	2.57228e-008
-3.181	2.54592e-008
-3.18	2.53717e-008
-3.179	2.52557e-008
-3.178	2.52851e-008
-3.177	2.497e-008
-3.176	2.51263e-008
-3.175	2.48472e-008
-3.174	2.46938e-008
-3.173	2.4711e-008
-3.172	2.45172e-008
-3.171	2.4289e-008
-3.17	2.41061e-008
-3.169	2.41241e-008
-3.168	2.39234e-008
-3.167	2.38903e-008
-3.166	2.38114e-008
-3.165	2.34879e-008
-3.164	2.36511e-008
-3.163	2.35445e-008
-3.162	2.33827e-008
-3.161	2.31082e-008
-3.16	2.30575e-008
-3.159	2.27553e-008
-3.158	2.26637e-008
-3.157	2.26311e-008
-3.156	2.23648e-008
-3.155	2.23311e-008
-3.154	2.21656e-008
-3.153	2.23058e-008
-3.152	2.20461e-008
-3.151	2.17094e-008
-3.15	2.15808e-008
-3.149	2.16361e-008
-3.148	2.13872e-008
-3.147	2.12856e-008
-3.146	2.11502e-008
-3.145	2.08733e-008
-3.144	2.09952e-008
-3.143	2.10957e-008
-3.142	2.08813e-008
-3.141	2.03205e-008
-3.14	2.02558e-008
-3.139	2.03121e-008
-3.138	2.01892e-008
-3.137	2.01741e-008
-3.136	1.99049e-008
-3.135	1.97305e-008
-3.134	1.96963e-008
-3.133	1.98827e-008
-3.132	1.9211e-008
-3.131	1.90817e-008
-3.13	1.92206e-008
-3.129	1.90375e-008
-3.128	1.88952e-008
-3.127	1.89186e-008
-3.126	1.87452e-008
-3.125	1.86765e-008
-3.124	1.86557e-008
-3.123	1.83155e-008
-3.122	1.81181e-008
-3.121	1.8143e-008
-3.12	1.80796e-008
-3.119	1.77464e-008
-3.118	1.77882e-008
-3.117	1.75945e-008
-3.116	1.72548e-008
-3.115	1.73849e-008
-3.114	1.73436e-008
-3.113	1.7148e-008
-3.112	1.69106e-008
-3.111	1.69326e-008
-3.11	1.68603e-008
-3.109	1.68535e-008
-3.108	1.67826e-008
-3.107	1.65646e-008
-3.106	1.63957e-008
-3.105	1.63861e-008
-3.104	1.64534e-008
-3.103	1.62041e-008
-3.102	1.58697e-008
-3.101	1.59973e-008
-3.1	1.57544e-008
-3.099	1.57309e-008
-3.098	1.56879e-008
-3.097	1.54738e-008
-3.096	1.55375e-008
-3.095	1.55906e-008
-3.094	1.53111e-008
-3.093	1.50783e-008
-3.092	1.51952e-008
-3.091	1.51072e-008
-3.09	1.48747e-008
-3.089	1.49367e-008
-3.088	1.49851e-008
-3.087	1.5095e-008
-3.086	1.49071e-008
-3.085	1.46541e-008
-3.084	1.45274e-008
-3.083	1.45249e-008
-3.082	1.4682e-008
-3.081	1.43096e-008
-3.08	1.44193e-008
-3.079	1.42867e-008
-3.078	1.41293e-008
-3.077	1.42065e-008
-3.076	1.4191e-008
-3.075	1.40131e-008
-3.074	1.39466e-008
-3.073	1.40347e-008
-3.072	1.41461e-008
-3.071	1.38797e-008
-3.07	1.41137e-008
-3.069	1.39465e-008
-3.068	1.37156e-008
-3.067	1.39048e-008
-3.066	1.40761e-008
-3.065	1.37473e-008
-3.064	1.35163e-008
-3.063	1.39017e-008
-3.062	1.37893e-008
-3.061	1.38017e-008
-3.06	1.37487e-008
-3.059	1.3553e-008
-3.058	1.37359e-008
-3.057	1.35877e-008
-3.056	1.36545e-008
-3.055	1.34533e-008
-3.054	1.35886e-008
-3.053	1.38587e-008
-3.052	1.35324e-008
-3.051	1.36686e-008
-3.05	1.37721e-008
-3.049	1.36178e-008
-3.048	1.37256e-008
-3.047	1.36393e-008
-3.046	1.36617e-008
-3.045	1.36279e-008
-3.044	1.37812e-008
-3.043	1.3659e-008
-3.042	1.42381e-008
-3.041	1.37897e-008
-3.04	1.43468e-008
-3.039	1.36455e-008
-3.038	1.43895e-008
-3.037	1.42666e-008
-3.036	1.47951e-008
-3.035	1.48157e-008
-3.034	1.48087e-008
-3.033	1.53244e-008
-3.032	1.53936e-008
-3.031	1.60124e-008
-3.03	1.60834e-008
-3.029	1.64578e-008
-3.028	1.69069e-008
-3.027	1.73378e-008
-3.026	1.78843e-008
-3.025	1.80035e-008
-3.024	1.8627e-008
-3.023	1.96676e-008
-3.022	2.00575e-008
-3.021	2.05673e-008
-3.02	2.16102e-008
-3.019	2.22144e-008
-3.018	2.29347e-008
-3.017	2.35567e-008
-3.016	2.48896e-008
-3.015	2.55831e-008
-3.014	2.67855e-008
-3.013	2.82714e-008
-3.012	2.91323e-008
-3.011	3.00312e-008
-3.01	3.19855e-008
-3.009	3.29322e-008
-3.008	3.46498e-008
-3.007	3.57131e-008
-3.006	3.7946e-008
-3.005	3.93383e-008
-3.004	4.12414e-008
-3.003	4.3848e-008
-3.002	4.53783e-008
-3.001	4.76746e-008
-3	4.9396e-008
-2.999	5.25759e-008
-2.998	5.46182e-008
-2.997	5.70121e-008
-2.996	6.02924e-008
-2.995	6.41356e-008
-2.994	6.61825e-008
-2.993	7.042e-008
-2.992	7.37292e-008
-2.991	7.81358e-008
-2.99	8.1536e-008
-2.989	8.56447e-008
-2.988	8.99869e-008
-2.987	9.42846e-008
-2.986	9.97347e-008
-2.985	1.04496e-007
-2.984	1.10117e-007
-2.983	1.16315e-007
-2.982	1.22035e-007
-2.981	1.28923e-007
-2.98	1.33837e-007
-2.979	1.42776e-007
-2.978	1.49953e-007
-2.977	1.57701e-007
-2.976	1.65959e-007
-2.975	1.74776e-007
-2.974	1.83937e-007
-2.973	1.93366e-007
-2.972	2.02355e-007
-2.971	2.1444e-007
-2.97	2.24481e-007
-2.969	2.36826e-007
-2.968	2.49983e-007
-2.967	2.61858e-007
-2.966	2.77458e-007
-2.965	2.89095e-007
-2.964	3.07847e-007
-2.963	3.20513e-007
-2.962	3.38553e-007
-2.961	3.56071e-007
-2.96	3.75493e-007
-2.959	3.94845e-007
-2.958	4.15662e-007
-2.957	4.37365e-007
-2.956	4.61273e-007
-2.955	4.81072e-007
-2.954	5.1052e-007
-2.953	5.33056e-007
-2.952	5.62823e-007
-2.951	5.92665e-007
-2.95	6.22693e-007
-2.949	6.57226e-007
-2.948	6.87499e-007
-2.947	7.28511e-007
-2.946	7.62782e-007
-2.945	8.05404e-007
-2.944	8.44243e-007
-2.943	8.88643e-007
-2.942	9.34961e-007
-2.941	9.82187e-007
-2.94	1.03291e-006
-2.939	1.08827e-006
-2.938	1.14273e-006
-2.937	1.20527e-006
-2.936	1.26478e-006
-2.935	1.3328e-006
-2.934	1.39846e-006
-2.933	1.47522e-006
-2.932	1.54667e-006
-2.931	1.62648e-006
-2.93	1.71455e-006
-2.929	1.80274e-006
-2.928	1.89548e-006
-2.927	1.98996e-006
-2.926	2.09631e-006
-2.925	2.20017e-006
-2.924	2.32003e-006
-2.923	2.43746e-006
-2.922	2.56345e-006
-2.921	2.69521e-006
-2.92	2.83381e-006
-2.919	2.97839e-006
-2.918	3.13588e-006
-2.917	3.29659e-006
-2.916	3.46542e-006
-2.915	3.63888e-006
-2.914	3.83736e-006
-2.913	4.02572e-006
-2.912	4.24874e-006
-2.911	4.44769e-006
-2.91	4.68881e-006
-2.909	4.92903e-006
-2.908	5.18449e-006
-2.907	5.45264e-006
-2.906	5.72668e-006
-2.905	6.02474e-006
-2.904	6.32842e-006
-2.903	6.66459e-006
-2.902	7.0082e-006
-2.901	7.3666e-006
-2.9	7.74605e-006
-2.899	8.14434e-006
-2.898	8.56518e-006
-2.897	9.01056e-006
-2.896	9.46256e-006
-2.895	9.95605e-006
-2.894	1.04638e-005
-2.893	1.10159e-005
-2.892	1.15678e-005
-2.891	1.2182e-005
-2.89	1.27888e-005
-2.889	1.34593e-005
-2.888	1.41454e-005
-2.887	1.48809e-005
-2.886	1.56484e-005
-2.885	1.64417e-005
-2.884	1.72981e-005
-2.883	1.81782e-005
-2.882	1.91238e-005
-2.881	2.01047e-005
-2.88	2.1135e-005
-2.879	2.22313e-005
-2.878	2.33602e-005
-2.877	2.45776e-005
-2.876	2.58342e-005
-2.875	2.71691e-005
-2.874	2.85571e-005
-2.873	3.00304e-005
-2.872	3.15707e-005
-2.871	3.32041e-005
-2.87	3.49158e-005
-2.869	3.67004e-005
-2.868	3.86023e-005
-2.867	4.05734e-005
-2.866	4.26917e-005
-2.865	4.48489e-005
-2.864	4.71763e-005
-2.863	4.9592e-005
-2.862	5.2166e-005
-2.861	5.48275e-005
-2.86	5.76634e-005
-2.859	6.06256e-005
-2.858	6.37398e-005
-2.857	6.70257e-005
-2.856	7.0462e-005
-2.855	7.41025e-005
-2.854	7.79156e-005
-2.853	8.19292e-005
-2.852	8.61341e-005
-2.851	9.05786e-005
-2.85	9.52092e-005
-2.849	0.000100115
-2.848	0.00010527
-2.847	0.000110698
-2.846	0.000116377
-2.845	0.000122371
-2.844	0.000128655
-2.843	0.00013528
-2.842	0.000142229
-2.841	0.000149583
-2.84	0.000157266
-2.839	0.000165355
-2.838	0.000173853
-2.837	0.000182819
-2.836	0.000192216
-2.835	0.0002021
-2.834	0.000212501
-2.833	0.000223441
-2.832	0.000234896
-2.831	0.000247032
-2.83	0.000259758
-2.829	0.00027307
-2.828	0.000287093
-2.827	0.000301875
-2.826	0.000317476
-2.825	0.000333755
-2.824	0.000351003
-2.823	0.000368986
-2.822	0.000387992
-2.821	0.000407927
-2.82	0.000428911
-2.819	0.000450985
-2.818	0.000474192
-2.817	0.000498596
-2.816	0.00052428
-2.815	0.000551237
-2.814	0.000579605
-2.813	0.000609434
-2.812	0.000640823
-2.811	0.000673672
-2.81	0.000708423
-2.809	0.00074486
-2.808	0.000783186
-2.807	0.000823492
-2.806	0.000865802
-2.805	0.000910386
-2.804	0.000957221
-2.803	0.00100647
-2.802	0.00105817
-2.801	0.00111272
-2.8	0.00116982
-2.799	0.00123017
-2.798	0.00129339
-2.797	0.00135999
-2.796	0.00142998
-2.795	0.00150348
-2.794	0.00158098
-2.793	0.00166213
-2.792	0.00174774
-2.791	0.00183767
-2.79	0.00193212
-2.789	0.0020316
-2.788	0.00213609
-2.787	0.00224604
-2.786	0.00236147
-2.785	0.00248315
-2.784	0.00261087
-2.783	0.00274517
-2.782	0.00288656
-2.781	0.00303485
-2.78	0.00319117
-2.779	0.00335513
-2.778	0.00352787
-2.777	0.00370944
-2.776	0.00390038
-2.775	0.00410099
-2.774	0.00431183
-2.773	0.00453374
-2.772	0.00476703
-2.771	0.00501244
-2.77	0.00527008
-2.769	0.00554121
-2.768	0.00582649
-2.767	0.00612623
-2.766	0.00644136
-2.765	0.00677272
-2.764	0.00712133
-2.763	0.00748769
-2.762	0.00787285
-2.761	0.00827802
-2.76	0.00870395
-2.759	0.00915186
-2.758	0.00962234
-2.757	0.0101176
-2.756	0.010638
-2.755	0.0111853
-2.754	0.0117611
-2.753	0.012366
-2.752	0.0130024
-2.751	0.0136712
-2.75	0.0143749
-2.749	0.0151144
-2.748	0.0158919
-2.747	0.0167094
-2.746	0.0175692
-2.745	0.0184733
-2.744	0.0194238
-2.743	0.0204228
-2.742	0.0214738
-2.741	0.0225785
-2.74	0.0237403
-2.739	0.024962
-2.738	0.0262458
-2.737	0.0275964
-2.736	0.0290161
-2.735	0.0305094
-2.734	0.0320783
-2.733	0.0337292
-2.732	0.0354647
-2.731	0.0372891
-2.73	0.0392082
-2.729	0.0412254
-2.728	0.043346
-2.727	0.0455762
-2.726	0.0479215
-2.725	0.0503865
-2.724	0.0529791
-2.723	0.0557047
-2.722	0.058571
-2.721	0.0615841
-2.72	0.0647523
-2.719	0.0680851
-2.718	0.0715877
-2.717	0.0752717
-2.716	0.0791433
-2.715	0.0832155
-2.714	0.087497
-2.713	0.0918566
-2.712	0.0962894
-2.711	0.100791
-2.71	0.105354
-2.709	0.109976
-2.708	0.114649
-2.707	0.119369
-2.706	0.124131
-2.705	0.128928
-2.704	0.133755
-2.703	0.138607
-2.702	0.143477
-2.701	0.148362
-2.7	0.153253
-2.699	0.158146
-2.698	0.163036
-2.697	0.167915
-2.696	0.172781
-2.695	0.177625
-2.694	0.182442
-2.693	0.187227
-2.692	0.191975
-2.691	0.19668
-2.69	0.201336
-2.689	0.205938
-2.688	0.210481
-2.687	0.214959
-2.686	0.219367
-2.685	0.2237
-2.684	0.227953
-2.683	0.232121
-2.682	0.2362
-2.681	0.240184
-2.68	0.244069
-2.679	0.24785
-2.678	0.251524
-2.677	0.255084
-2.676	0.258528
-2.675	0.261852
-2.674	0.265052
-2.673	0.268124
-2.672	0.271063
-2.671	0.273869
-2.67	0.276535
-2.669	0.279061
-2.668	0.281442
-2.667	0.283677
-2.666	0.285762
-2.665	0.287694
-2.664	0.289472
-2.663	0.291095
-2.662	0.292558
-2.661	0.293863
-2.66	0.295006
-2.659	0.295986
-2.658	0.296803
-2.657	0.297453
-2.656	0.29794
-2.655	0.29826
-2.654	0.298414
-2.653	0.298401
-2.652	0.298222
-2.651	0.297877
-2.65	0.297365
-2.649	0.296688
-2.648	0.295848
-2.647	0.294843
-2.646	0.293676
-2.645	0.292349
-2.644	0.290862
-2.643	0.289218
-2.642	0.287419
-2.641	0.285464
-2.64	0.28336
-2.639	0.281108
-2.638	0.278708
-2.637	0.276165
-2.636	0.273483
-2.635	0.270662
-2.634	0.267709
-2.633	0.264625
-2.632	0.261414
-2.631	0.25808
-2.63	0.254628
-2.629	0.25106
-2.628	0.247381
-2.627	0.243596
-2.626	0.239709
-2.625	0.235724
-2.624	0.231647
-2.623	0.227481
-2.622	0.223232
-2.621	0.218905
-2.62	0.214504
-2.619	0.210036
-2.618	0.205504
-2.617	0.200916
-2.616	0.196275
-2.615	0.191588
-2.614	0.186859
-2.613	0.182094
-2.612	0.177299
-2.611	0.172481
-2.61	0.167643
-2.609	0.162791
-2.608	0.157933
-2.607	0.153073
-2.606	0.148216
-2.605	0.143369
-2.604	0.138537
-2.603	0.133726
-2.602	0.128941
-2.601	0.124189
-2.6	0.119474
-2.599	0.114802
-2.598	0.110179
-2.597	0.10561
-2.596	0.1011
-2.595	0.0966553
-2.594	0.0922802
-2.593	0.0879799
-2.592	0.0837601
-2.591	0.0796249
-2.59	0.0755794
-2.589	0.0716288
-2.588	0.0677769
-2.587	0.0640289
-2.586	0.0603893
-2.585	0.0568616
-2.584	0.0534504
-2.583	0.0501599
-2.582	0.0469935
-2.581	0.0439549
-2.58	0.0410486
-2.579	0.0382767
-2.578	0.0356431
-2.577	0.0331512
-2.576	0.0308031
-2.575	0.0286023
-2.574	0.0265513
-2.573	0.0246518
-2.572	0.0229068
-2.571	0.0213183
-2.57	0.0198878
-2.569	0.0186173
-2.568	0.017508
-2.567	0.0165613
-2.566	0.0157787
-2.565	0.0151608
-2.564	0.0147083
-2.563	0.0144217
-2.562	0.0143017
-2.561	0.0143482
-2.56	0.0145612
-2.559	0.0149405
-2.558	0.0154855
-2.557	0.0161959
-2.556	0.0170709
-2.555	0.0181092
-2.554	0.0193095
-2.553	0.0206708
-2.552	0.0221917
-2.551	0.0238699
-2.55	0.0257037
-2.549	0.0276913
-2.548	0.0298297
-2.547	0.032117
-2.546	0.0345505
-2.545	0.037127
-2.544	0.0398441
-2.543	0.042698
-2.542	0.045686
-2.541	0.048804
-2.54	0.0520491
-2.539	0.0554171
-2.538	0.0589041
-2.537	0.0625065
-2.536	0.0662191
-2.535	0.0700387
-2.534	0.0739604
-2.533	0.0779797
-2.532	0.0820915
-2.531	0.086292
-2.53	0.0905756
-2.529	0.0949372
-2.528	0.0993721
-2.527	0.103875
-2.526	0.108441
-2.525	0.113064
-2.524	0.117739
-2.523	0.122462
-2.522	0.127226
-2.521	0.132024
-2.52	0.136854
-2.519	0.141708
-2.518	0.146581
-2.517	0.151466
-2.516	0.15636
-2.515	0.161255
-2.514	0.166147
-2.513	0.171028
-2.512	0.175895
-2.511	0.180741
-2.51	0.185561
-2.509	0.190349
-2.508	0.195098
-2.507	0.199806
-2.506	0.204463
-2.505	0.209067
-2.504	0.213613
-2.503	0.218093
-2.502	0.222503
-2.501	0.226838
-2.5	0.231093
-2.499	0.235264
-2.498	0.239344
-2.497	0.243331
-2.496	0.247217
-2.495	0.251
-2.494	0.254675
-2.493	0.258239
-2.492	0.261685
-2.491	0.265011
-2.49	0.268213
-2.489	0.271287
-2.488	0.274228
-2.487	0.277036
-2.486	0.279705
-2.485	0.282232
-2.484	0.284616
-2.483	0.286852
-2.482	0.288939
-2.481	0.290874
-2.48	0.292655
-2.479	0.294278
-2.478	0.295745
-2.477	0.297051
-2.476	0.298196
-2.475	0.299179
-2.474	0.299997
-2.473	0.30065
-2.472	0.301139
-2.471	0.301461
-2.47	0.301617
-2.469	0.301606
-2.468	0.301429
-2.467	0.301086
-2.466	0.300576
-2.465	0.299903
-2.464	0.299063
-2.463	0.298061
-2.462	0.296896
-2.461	0.29557
-2.46	0.294087
-2.459	0.292444
-2.458	0.290646
-2.457	0.288695
-2.456	0.286592
-2.455	0.284341
-2.454	0.281944
-2.453	0.279403
-2.452	0.276723
-2.451	0.273905
-2.45	0.270953
-2.449	0.267871
-2.448	0.264663
-2.447	0.261331
-2.446	0.25788
-2.445	0.254315
-2.444	0.250638
-2.443	0.246854
-2.442	0.24297
-2.441	0.238987
-2.44	0.234912
-2.439	0.230748
-2.438	0.2265
-2.437	0.222175
-2.436	0.217777
-2.435	0.21331
-2.434	0.208781
-2.433	0.204195
-2.432	0.199556
-2.431	0.19487
-2.43	0.190144
-2.429	0.185381
-2.428	0.180589
-2.427	0.175771
-2.426	0.170936
-2.425	0.166087
-2.424	0.16123
-2.423	0.156372
-2.422	0.151517
-2.421	0.146672
-2.42	0.141842
-2.419	0.137033
-2.418	0.132251
-2.417	0.1275
-2.416	0.122787
-2.415	0.118117
-2.414	0.113497
-2.413	0.108929
-2.412	0.104422
-2.411	0.0999788
-2.41	0.0956059
-2.409	0.0913079
-2.408	0.0870894
-2.407	0.0829568
-2.406	0.0789133
-2.405	0.0749644
-2.404	0.071115
-2.403	0.0673686
-2.402	0.063731
-2.401	0.0602056
-2.4	0.0567965
-2.399	0.0535077
-2.398	0.0503434
-2.397	0.0473073
-2.396	0.0444025
-2.395	0.041633
-2.394	0.0390016
-2.393	0.0365112
-2.392	0.0341657
-2.391	0.0319666
-2.39	0.0299177
-2.389	0.0280204
-2.388	0.0262774
-2.387	0.0246909
-2.386	0.0232625
-2.385	0.0219938
-2.384	0.0208866
-2.383	0.0199423
-2.382	0.0191616
-2.381	0.0185456
-2.38	0.0180952
-2.379	0.0178107
-2.378	0.0176928
-2.377	0.0177414
-2.376	0.0179561
-2.375	0.0183377
-2.374	0.0188848
-2.373	0.0195972
-2.372	0.0204742
-2.371	0.0215145
-2.37	0.0227171
-2.369	0.0240805
-2.368	0.0256031
-2.367	0.0272835
-2.366	0.0291194
-2.365	0.0311087
-2.364	0.0332494
-2.363	0.0355387
-2.362	0.0379742
-2.361	0.0405527
-2.36	0.0432717
-2.359	0.046128
-2.358	0.0491177
-2.357	0.0522382
-2.356	0.0554851
-2.355	0.0588552
-2.354	0.062344
-2.353	0.0659483
-2.352	0.0696632
-2.351	0.0734852
-2.35	0.0774083
-2.349	0.0814297
-2.348	0.085544
-2.347	0.0897459
-2.346	0.0940316
-2.345	0.0983954
-2.344	0.102832
-2.343	0.107337
-2.342	0.111905
-2.341	0.11653
-2.34	0.121208
-2.339	0.125932
-2.338	0.130698
-2.337	0.135499
-2.336	0.14033
-2.335	0.145186
-2.334	0.150061
-2.333	0.154949
-2.332	0.159844
-2.331	0.164742
-2.33	0.169635
-2.329	0.174519
-2.328	0.179388
-2.327	0.184236
-2.326	0.189058
-2.325	0.193847
-2.324	0.198599
-2.323	0.203308
-2.322	0.207968
-2.321	0.212574
-2.32	0.217121
-2.319	0.221604
-2.318	0.226016
-2.317	0.230354
-2.316	0.23461
-2.315	0.238783
-2.314	0.242865
-2.313	0.246854
-2.312	0.250743
-2.311	0.254528
-2.31	0.258206
-2.309	0.26177
-2.308	0.265219
-2.307	0.268547
-2.306	0.271751
-2.305	0.274827
-2.304	0.277771
-2.303	0.28058
-2.302	0.283251
-2.301	0.285782
-2.3	0.288167
-2.299	0.290405
-2.298	0.292494
-2.297	0.294431
-2.296	0.296214
-2.295	0.29784
-2.294	0.299308
-2.293	0.300617
-2.292	0.301764
-2.291	0.302748
-2.29	0.303569
-2.289	0.304225
-2.288	0.304716
-2.287	0.30504
-2.286	0.305198
-2.285	0.30519
-2.284	0.305015
-2.283	0.304673
-2.282	0.304166
-2.281	0.303494
-2.28	0.302657
-2.279	0.301656
-2.278	0.300494
-2.277	0.299171
-2.276	0.297688
-2.275	0.296049
-2.274	0.294253
-2.273	0.292304
-2.272	0.290203
-2.271	0.287954
-2.27	0.285559
-2.269	0.283021
-2.268	0.280342
-2.267	0.277527
-2.266	0.274577
-2.265	0.271497
-2.264	0.268291
-2.263	0.264961
-2.262	0.261513
-2.261	0.257949
-2.26	0.254275
-2.259	0.250494
-2.258	0.246611
-2.257	0.242631
-2.256	0.238557
-2.255	0.234395
-2.254	0.230151
-2.253	0.225827
-2.252	0.221431
-2.251	0.216967
-2.25	0.212439
-2.249	0.207855
-2.248	0.203219
-2.247	0.198535
-2.246	0.193811
-2.245	0.18905
-2.244	0.184259
-2.243	0.179445
-2.242	0.174611
-2.241	0.169764
-2.24	0.164909
-2.239	0.160053
-2.238	0.1552
-2.237	0.150357
-2.236	0.145529
-2.235	0.140722
-2.234	0.135942
-2.233	0.131194
-2.232	0.126483
-2.231	0.121816
-2.23	0.117196
-2.229	0.112631
-2.228	0.108126
-2.227	0.103685
-2.226	0.0993139
-2.225	0.0950183
-2.224	0.0908021
-2.223	0.0866708
-2.222	0.0826298
-2.221	0.0786831
-2.22	0.0748355
-2.219	0.0710914
-2.218	0.0674557
-2.217	0.0639326
-2.216	0.0605255
-2.215	0.057239
-2.214	0.0540766
-2.213	0.0510425
-2.212	0.0481398
-2.211	0.0453719
-2.21	0.0427428
-2.209	0.0402549
-2.208	0.0379111
-2.207	0.0357143
-2.206	0.0336672
-2.205	0.0317719
-2.204	0.0300314
-2.203	0.0284468
-2.202	0.0270204
-2.201	0.0257539
-2.2	0.0246488
-2.199	0.0237065
-2.198	0.0229278
-2.197	0.0223141
-2.196	0.0218657
-2.195	0.0215834
-2.194	0.0214674
-2.193	0.0215181
-2.192	0.0217353
-2.191	0.0221185
-2.19	0.0226679
-2.189	0.0233825
-2.188	0.0242614
-2.187	0.0253038
-2.186	0.0265085
-2.185	0.027874
-2.184	0.029399
-2.183	0.0310812
-2.182	0.0329194
-2.181	0.0349108
-2.18	0.0370535
-2.179	0.039345
-2.178	0.0417824
-2.177	0.0443633
-2.176	0.0470842
-2.175	0.0499425
-2.174	0.0529347
-2.173	0.056057
-2.172	0.0593061
-2.171	0.0626786
-2.17	0.0661693
-2.169	0.0697754
-2.168	0.0734928
-2.167	0.0773162
-2.166	0.0812424
-2.165	0.0852655
-2.164	0.0893816
-2.163	0.0935863
-2.162	0.0978735
-2.161	0.102239
-2.16	0.106679
-2.159	0.111186
-2.158	0.115756
-2.157	0.120383
-2.156	0.125063
-2.155	0.129789
-2.154	0.134556
-2.153	0.13936
-2.152	0.144194
-2.151	0.149051
-2.15	0.153928
-2.149	0.158818
-2.148	0.163716
-2.147	0.168615
-2.146	0.173511
-2.145	0.178397
-2.144	0.183269
-2.143	0.188118
-2.142	0.192942
-2.141	0.197734
-2.14	0.202488
-2.139	0.207198
-2.138	0.211861
-2.137	0.21647
-2.136	0.221018
-2.135	0.225502
-2.134	0.229916
-2.133	0.234256
-2.132	0.238516
-2.131	0.24269
-2.13	0.246774
-2.129	0.250765
-2.128	0.254656
-2.127	0.258443
-2.126	0.262124
-2.125	0.26569
-2.124	0.269141
-2.123	0.272471
-2.122	0.275677
-2.121	0.278755
-2.12	0.281701
-2.119	0.284512
-2.118	0.287185
-2.117	0.289717
-2.116	0.292105
-2.115	0.294346
-2.114	0.296436
-2.113	0.298376
-2.112	0.30016
-2.111	0.301789
-2.11	0.30326
-2.109	0.30457
-2.108	0.305719
-2.107	0.306705
-2.106	0.307529
-2.105	0.308186
-2.104	0.308679
-2.103	0.309005
-2.102	0.309165
-2.101	0.309159
-2.1	0.308986
-2.099	0.308647
-2.098	0.308143
-2.097	0.307472
-2.096	0.306638
-2.095	0.30564
-2.094	0.304479
-2.093	0.303158
-2.092	0.301677
-2.091	0.30004
-2.09	0.298247
-2.089	0.296299
-2.088	0.294201
-2.087	0.291955
-2.086	0.289561
-2.085	0.287025
-2.084	0.284349
-2.083	0.281535
-2.082	0.278589
-2.081	0.27551
-2.08	0.272306
-2.079	0.268979
-2.078	0.265532
-2.077	0.261971
-2.076	0.258299
-2.075	0.25452
-2.074	0.25064
-2.073	0.246661
-2.072	0.242589
-2.071	0.23843
-2.07	0.234187
-2.069	0.229867
-2.068	0.225472
-2.067	0.22101
-2.066	0.216486
-2.065	0.211903
-2.064	0.207268
-2.063	0.202588
-2.062	0.197865
-2.061	0.193107
-2.06	0.188318
-2.059	0.183505
-2.058	0.178674
-2.057	0.17383
-2.056	0.168977
-2.055	0.164123
-2.054	0.159272
-2.053	0.154431
-2.052	0.149606
-2.051	0.144801
-2.05	0.140023
-2.049	0.135277
-2.048	0.130568
-2.047	0.125903
-2.046	0.121286
-2.045	0.116724
-2.044	0.11222
-2.043	0.107782
-2.042	0.103413
-2.041	0.0991185
-2.04	0.0949053
-2.039	0.0907759
-2.038	0.0867367
-2.037	0.0827922
-2.036	0.0789472
-2.035	0.0752053
-2.034	0.0715719
-2.033	0.0680503
-2.032	0.0646453
-2.031	0.0613611
-2.03	0.0582009
-2.029	0.0551687
-2.028	0.0522685
-2.027	0.0495028
-2.026	0.0468756
-2.025	0.0443898
-2.024	0.0420483
-2.023	0.0398536
-2.022	0.0378086
-2.021	0.0359156
-2.02	0.0341771
-2.019	0.0325947
-2.018	0.0311705
-2.017	0.029906
-2.016	0.0288032
-2.015	0.0278628
-2.014	0.0270864
-2.013	0.0264747
-2.012	0.0260285
-2.011	0.0257481
-2.01	0.0256345
-2.009	0.0256872
-2.008	0.0259064
-2.007	0.0262921
-2.006	0.0268434
-2.005	0.0275601
-2.004	0.0284412
-2.003	0.0294857
-2.002	0.0306926
-2.001	0.0320603
-2	0.0335872
-1.999	0.0352719
-1.998	0.0371117
-1.997	0.0391058
-1.996	0.0412505
-1.995	0.0435438
-1.994	0.0459837
-1.993	0.0485666
-1.992	0.0512899
-1.991	0.0541501
-1.99	0.0571444
-1.989	0.0602687
-1.988	0.0635205
-1.987	0.0668942
-1.986	0.0703878
-1.985	0.0739961
-1.984	0.0777157
-1.983	0.081541
-1.982	0.0854691
-1.981	0.0894947
-1.98	0.093613
-1.979	0.0978195
-1.978	0.102109
-1.977	0.106477
-1.976	0.110919
-1.975	0.115428
-1.974	0.12
-1.973	0.12463
-1.972	0.129311
-1.971	0.13404
-1.97	0.13881
-1.969	0.143615
-1.968	0.148451
-1.967	0.153311
-1.966	0.15819
-1.965	0.163082
-1.964	0.167982
-1.963	0.172884
-1.962	0.177782
-1.961	0.18267
-1.96	0.187543
-1.959	0.192395
-1.958	0.197221
-1.957	0.202015
-1.956	0.206771
-1.955	0.211484
-1.954	0.216148
-1.953	0.220759
-1.952	0.22531
-1.951	0.229796
-1.95	0.234213
-1.949	0.238555
-1.948	0.242816
-1.947	0.246993
-1.946	0.25108
-1.945	0.255072
-1.944	0.258965
-1.943	0.262755
-1.942	0.266437
-1.941	0.270007
-1.94	0.273459
-1.939	0.276792
-1.938	0.279999
-1.937	0.283079
-1.936	0.286028
-1.935	0.288841
-1.934	0.291517
-1.933	0.29405
-1.932	0.296441
-1.931	0.298683
-1.93	0.300776
-1.929	0.302718
-1.928	0.304504
-1.927	0.306135
-1.926	0.307608
-1.925	0.30892
-1.924	0.310071
-1.923	0.31106
-1.922	0.311885
-1.921	0.312545
-1.92	0.31304
-1.919	0.313368
-1.918	0.31353
-1.917	0.313526
-1.916	0.313355
-1.915	0.313019
-1.914	0.312516
-1.913	0.311848
-1.912	0.311015
-1.911	0.310019
-1.91	0.308861
-1.909	0.307542
-1.908	0.306063
-1.907	0.304428
-1.906	0.302636
-1.905	0.300692
-1.904	0.298596
-1.903	0.296351
-1.902	0.293961
-1.901	0.291426
-1.9	0.288752
-1.899	0.285942
-1.898	0.282996
-1.897	0.27992
-1.896	0.276718
-1.895	0.273393
-1.894	0.269948
-1.893	0.266389
-1.892	0.262719
-1.891	0.258943
-1.89	0.255064
-1.889	0.251088
-1.888	0.247018
-1.887	0.242862
-1.886	0.23862
-1.885	0.234302
-1.884	0.229911
-1.883	0.22545
-1.882	0.220928
-1.881	0.216348
-1.88	0.211715
-1.879	0.207036
-1.878	0.202316
-1.877	0.19756
-1.876	0.192775
-1.875	0.187964
-1.874	0.183134
-1.873	0.178292
-1.872	0.173441
-1.871	0.16859
-1.87	0.163742
-1.869	0.158903
-1.868	0.15408
-1.867	0.149277
-1.866	0.144501
-1.865	0.139757
-1.864	0.135051
-1.863	0.130388
-1.862	0.125773
-1.861	0.121213
-1.86	0.116712
-1.859	0.112275
-1.858	0.107909
-1.857	0.103617
-1.856	0.0994057
-1.855	0.0952793
-1.854	0.0912424
-1.853	0.0872999
-1.852	0.0834568
-1.851	0.0797175
-1.85	0.0760861
-1.849	0.0725674
-1.848	0.0691646
-1.847	0.0658823
-1.846	0.0627247
-1.845	0.0596949
-1.844	0.0567967
-1.843	0.0540335
-1.842	0.0514084
-1.841	0.0489249
-1.84	0.0465857
-1.839	0.0443933
-1.838	0.0423505
-1.837	0.04046
-1.836	0.0387234
-1.835	0.0371435
-1.834	0.0357215
-1.833	0.0344593
-1.832	0.0333589
-1.831	0.0324207
-1.83	0.0316463
-1.829	0.0310369
-1.828	0.030593
-1.827	0.0303151
-1.826	0.0302035
-1.825	0.0302585
-1.824	0.0304799
-1.823	0.0308679
-1.822	0.0314215
-1.821	0.0321401
-1.82	0.0330236
-1.819	0.0340705
-1.818	0.0352792
-1.817	0.0366492
-1.816	0.0381786
-1.815	0.0398653
-1.814	0.0417075
-1.813	0.0437032
-1.812	0.0458504
-1.811	0.0481462
-1.81	0.0505882
-1.809	0.0531732
-1.808	0.0558987
-1.807	0.058761
-1.806	0.0617575
-1.805	0.0648841
-1.804	0.0681379
-1.803	0.071514
-1.802	0.0750096
-1.801	0.0786201
-1.8	0.0823415
-1.799	0.0861696
-1.798	0.0900992
-1.797	0.0941275
-1.796	0.0982481
-1.795	0.102456
-1.794	0.106749
-1.793	0.111119
-1.792	0.115562
-1.791	0.120073
-1.79	0.124648
-1.789	0.129279
-1.788	0.133964
-1.787	0.138694
-1.786	0.143466
-1.785	0.148274
-1.784	0.153111
-1.783	0.157974
-1.782	0.162855
-1.781	0.167749
-1.78	0.172651
-1.779	0.177555
-1.778	0.182455
-1.777	0.187346
-1.776	0.192221
-1.775	0.197075
-1.774	0.201903
-1.773	0.206699
-1.772	0.211457
-1.771	0.216173
-1.77	0.220839
-1.769	0.225452
-1.768	0.230005
-1.767	0.234494
-1.766	0.238913
-1.765	0.243256
-1.764	0.24752
-1.763	0.251698
-1.762	0.255788
-1.761	0.259783
-1.76	0.263678
-1.759	0.26747
-1.758	0.271153
-1.757	0.274724
-1.756	0.27818
-1.755	0.281515
-1.754	0.284725
-1.753	0.287807
-1.752	0.290757
-1.751	0.293573
-1.75	0.296251
-1.749	0.298787
-1.748	0.301178
-1.747	0.303424
-1.746	0.305519
-1.745	0.307461
-1.744	0.309252
-1.743	0.310884
-1.742	0.312359
-1.741	0.313673
-1.74	0.314827
-1.739	0.315818
-1.738	0.316645
-1.737	0.317307
-1.736	0.317804
-1.735	0.318135
-1.734	0.318299
-1.733	0.318297
-1.732	0.318129
-1.731	0.317794
-1.73	0.317293
-1.729	0.316627
-1.728	0.315798
-1.727	0.314803
-1.726	0.313648
-1.725	0.312331
-1.724	0.310855
-1.723	0.309221
-1.722	0.307432
-1.721	0.305489
-1.72	0.303396
-1.719	0.301153
-1.718	0.298764
-1.717	0.296233
-1.716	0.29356
-1.715	0.290751
-1.714	0.287808
-1.713	0.284735
-1.712	0.281535
-1.711	0.278212
-1.71	0.274769
-1.709	0.271213
-1.708	0.267545
-1.707	0.263771
-1.706	0.259894
-1.705	0.25592
-1.704	0.251854
-1.703	0.247698
-1.702	0.24346
-1.701	0.239144
-1.7	0.234754
-1.699	0.230297
-1.698	0.225776
-1.697	0.221198
-1.696	0.216568
-1.695	0.211891
-1.694	0.207173
-1.693	0.20242
-1.692	0.197635
-1.691	0.192828
-1.69	0.188001
-1.689	0.18316
-1.688	0.178313
-1.687	0.173463
-1.686	0.168617
-1.685	0.163781
-1.684	0.15896
-1.683	0.15416
-1.682	0.149386
-1.681	0.144645
-1.68	0.139941
-1.679	0.13528
-1.678	0.130668
-1.677	0.126109
-1.676	0.121611
-1.675	0.117177
-1.674	0.112812
-1.673	0.108523
-1.672	0.104314
-1.671	0.10019
-1.67	0.0961556
-1.669	0.0922156
-1.668	0.0883749
-1.667	0.0846378
-1.666	0.0810088
-1.665	0.0774924
-1.664	0.074092
-1.663	0.0708122
-1.662	0.0676569
-1.661	0.0646296
-1.66	0.0617338
-1.659	0.0589729
-1.658	0.0563507
-1.657	0.0538693
-1.656	0.0515322
-1.655	0.0493426
-1.654	0.0473023
-1.653	0.0454139
-1.652	0.0436798
-1.651	0.0421022
-1.65	0.0406828
-1.649	0.0394231
-1.648	0.0383249
-1.647	0.0373893
-1.646	0.0366172
-1.645	0.0360104
-1.644	0.0355687
-1.643	0.0352931
-1.642	0.0351841
-1.641	0.0352414
-1.64	0.0354652
-1.639	0.0358554
-1.638	0.0364116
-1.637	0.0371328
-1.636	0.0380186
-1.635	0.0390676
-1.634	0.040279
-1.633	0.0416512
-1.632	0.0431829
-1.631	0.0448719
-1.63	0.0467166
-1.629	0.0487148
-1.628	0.0508641
-1.627	0.0531622
-1.626	0.0556067
-1.625	0.0581939
-1.624	0.0609215
-1.623	0.0637865
-1.622	0.066785
-1.621	0.0699142
-1.62	0.0731696
-1.619	0.0765488
-1.618	0.0800462
-1.617	0.0836591
-1.616	0.0873829
-1.615	0.091213
-1.614	0.0951456
-1.613	0.099175
-1.612	0.103298
-1.611	0.107509
-1.61	0.111803
-1.609	0.116176
-1.608	0.120621
-1.607	0.125134
-1.606	0.129711
-1.605	0.134345
-1.604	0.139031
-1.603	0.143764
-1.602	0.148538
-1.601	0.153348
-1.6	0.158188
-1.599	0.163052
-1.598	0.167935
-1.597	0.172832
-1.596	0.177736
-1.595	0.182642
-1.594	0.187544
-1.593	0.192436
-1.592	0.197314
-1.591	0.202169
-1.59	0.207001
-1.589	0.211798
-1.588	0.216558
-1.587	0.221276
-1.586	0.225944
-1.585	0.230559
-1.584	0.235114
-1.583	0.239604
-1.582	0.244026
-1.581	0.248372
-1.58	0.252637
-1.579	0.256818
-1.578	0.260909
-1.577	0.264906
-1.576	0.268803
-1.575	0.272597
-1.574	0.276283
-1.573	0.279856
-1.572	0.283313
-1.571	0.28665
-1.57	0.289862
-1.569	0.292947
-1.568	0.295899
-1.567	0.298717
-1.566	0.301397
-1.565	0.303934
-1.564	0.306329
-1.563	0.308576
-1.562	0.310672
-1.561	0.312619
-1.56	0.314409
-1.559	0.316044
-1.558	0.317521
-1.557	0.318838
-1.556	0.319994
-1.555	0.320987
-1.554	0.321815
-1.553	0.32248
-1.552	0.322979
-1.551	0.323312
-1.55	0.323479
-1.549	0.323478
-1.548	0.323312
-1.547	0.322979
-1.546	0.322481
-1.545	0.321817
-1.544	0.32099
-1.543	0.319998
-1.542	0.318843
-1.541	0.317529
-1.54	0.316056
-1.539	0.314424
-1.538	0.312637
-1.537	0.310696
-1.536	0.308605
-1.535	0.306365
-1.534	0.303978
-1.533	0.301449
-1.532	0.298779
-1.531	0.295972
-1.53	0.293031
-1.529	0.289961
-1.528	0.286762
-1.527	0.283442
-1.526	0.280002
-1.525	0.276448
-1.524	0.272782
-1.523	0.26901
-1.522	0.265136
-1.521	0.261164
-1.52	0.257099
-1.519	0.252947
-1.518	0.248711
-1.517	0.244397
-1.516	0.24001
-1.515	0.235554
-1.514	0.231037
-1.513	0.226461
-1.512	0.221833
-1.511	0.217159
-1.51	0.212443
-1.509	0.207692
-1.508	0.202911
-1.507	0.198105
-1.506	0.193281
-1.505	0.188443
-1.504	0.183597
-1.503	0.17875
-1.502	0.173907
-1.501	0.169073
-1.5	0.164254
-1.499	0.159457
-1.498	0.154685
-1.497	0.149946
-1.496	0.145245
-1.495	0.140587
-1.494	0.135977
-1.493	0.131421
-1.492	0.126925
-1.491	0.122494
-1.49	0.118132
-1.489	0.113845
-1.488	0.109639
-1.487	0.105517
-1.486	0.101485
-1.485	0.097548
-1.484	0.0937095
-1.483	0.0899752
-1.482	0.0863488
-1.481	0.0828346
-1.48	0.0794372
-1.479	0.0761599
-1.478	0.073007
-1.477	0.0699825
-1.476	0.0670892
-1.475	0.0643309
-1.474	0.0617111
-1.473	0.0592324
-1.472	0.0568979
-1.471	0.0547109
-1.47	0.0526732
-1.469	0.0507873
-1.468	0.049056
-1.467	0.0474809
-1.466	0.0460635
-1.465	0.0448067
-1.464	0.0437111
-1.463	0.042778
-1.462	0.0420087
-1.461	0.0414044
-1.46	0.0409653
-1.459	0.0406924
-1.458	0.0405859
-1.457	0.0406458
-1.456	0.0408723
-1.455	0.0412647
-1.454	0.0418234
-1.453	0.0425472
-1.452	0.0434356
-1.451	0.0444872
-1.45	0.045701
-1.449	0.047076
-1.448	0.0486098
-1.447	0.0503016
-1.446	0.0521488
-1.445	0.0541495
-1.444	0.0563015
-1.443	0.0586016
-1.442	0.0610486
-1.441	0.0636385
-1.44	0.0663684
-1.439	0.0692361
-1.438	0.0722369
-1.437	0.0753684
-1.436	0.0786266
-1.435	0.0820075
-1.434	0.0855081
-1.433	0.0891232
-1.432	0.0928489
-1.431	0.0966816
-1.43	0.100617
-1.429	0.104649
-1.428	0.108774
-1.427	0.112987
-1.426	0.117283
-1.425	0.121658
-1.424	0.126105
-1.423	0.130622
-1.422	0.1352
-1.421	0.139836
-1.42	0.144525
-1.419	0.14926
-1.418	0.154036
-1.417	0.158848
-1.416	0.16369
-1.415	0.168557
-1.414	0.173442
-1.413	0.178341
-1.412	0.183247
-1.411	0.188155
-1.41	0.193059
-1.409	0.197953
-1.408	0.202833
-1.407	0.207692
-1.406	0.212524
-1.405	0.217324
-1.404	0.222086
-1.403	0.226806
-1.402	0.231476
-1.401	0.236092
-1.4	0.24065
-1.399	0.245142
-1.398	0.249565
-1.397	0.253913
-1.396	0.258181
-1.395	0.262364
-1.394	0.266457
-1.393	0.270454
-1.392	0.274354
-1.391	0.27815
-1.39	0.281838
-1.389	0.285414
-1.388	0.288872
-1.387	0.29221
-1.386	0.295425
-1.385	0.298511
-1.384	0.301466
-1.383	0.304285
-1.382	0.306966
-1.381	0.309507
-1.38	0.311902
-1.379	0.314151
-1.378	0.316251
-1.377	0.318198
-1.376	0.319991
-1.375	0.321627
-1.374	0.323106
-1.373	0.324425
-1.372	0.325582
-1.371	0.326577
-1.37	0.327409
-1.369	0.328075
-1.368	0.328576
-1.367	0.32891
-1.366	0.329079
-1.365	0.329081
-1.364	0.328917
-1.363	0.328586
-1.362	0.328089
-1.361	0.327428
-1.36	0.326601
-1.359	0.325612
-1.358	0.324461
-1.357	0.323148
-1.356	0.321676
-1.355	0.320047
-1.354	0.318262
-1.353	0.316323
-1.352	0.314234
-1.351	0.311995
-1.35	0.309612
-1.349	0.307084
-1.348	0.304416
-1.347	0.301612
-1.346	0.298673
-1.345	0.295604
-1.344	0.29241
-1.343	0.28909
-1.342	0.285653
-1.341	0.282101
-1.34	0.278437
-1.339	0.274668
-1.338	0.270796
-1.337	0.266827
-1.336	0.262765
-1.335	0.258614
-1.334	0.254381
-1.333	0.25007
-1.332	0.245685
-1.331	0.241232
-1.33	0.236716
-1.329	0.232143
-1.328	0.227518
-1.327	0.222846
-1.326	0.218133
-1.325	0.213384
-1.324	0.208606
-1.323	0.203802
-1.322	0.19898
-1.321	0.194146
-1.32	0.189303
-1.319	0.184458
-1.318	0.179617
-1.317	0.174786
-1.316	0.16997
-1.315	0.165175
-1.314	0.160407
-1.313	0.15567
-1.312	0.150971
-1.311	0.146316
-1.31	0.141709
-1.309	0.137156
-1.308	0.132663
-1.307	0.128234
-1.306	0.123875
-1.305	0.119592
-1.304	0.115387
-1.303	0.111269
-1.302	0.10724
-1.301	0.103305
-1.3	0.0994699
-1.299	0.0957381
-1.298	0.0921143
-1.297	0.0886034
-1.296	0.0852085
-1.295	0.0819339
-1.294	0.0787841
-1.293	0.0757621
-1.292	0.0728715
-1.291	0.0701165
-1.29	0.0674991
-1.289	0.0650232
-1.288	0.0626919
-1.287	0.0605072
-1.286	0.0584723
-1.285	0.0565897
-1.284	0.0548611
-1.283	0.0532887
-1.282	0.0518745
-1.281	0.0506203
-1.28	0.0495274
-1.279	0.048597
-1.278	0.0478307
-1.277	0.0472291
-1.276	0.0467925
-1.275	0.0465225
-1.274	0.0464188
-1.273	0.0464815
-1.272	0.0467107
-1.271	0.047106
-1.27	0.0476672
-1.269	0.0483939
-1.268	0.0492846
-1.267	0.0503393
-1.266	0.0515557
-1.265	0.0529332
-1.264	0.0544701
-1.263	0.0561641
-1.262	0.0580141
-1.261	0.0600174
-1.26	0.062172
-1.259	0.0644752
-1.258	0.0669241
-1.257	0.0695167
-1.256	0.0722497
-1.255	0.0751191
-1.254	0.078123
-1.253	0.0812569
-1.252	0.0845174
-1.251	0.0879013
-1.25	0.0914037
-1.249	0.0950214
-1.248	0.0987503
-1.247	0.102585
-1.246	0.106522
-1.245	0.110557
-1.244	0.114684
-1.243	0.1189
-1.242	0.123199
-1.241	0.127575
-1.24	0.132026
-1.239	0.136544
-1.238	0.141125
-1.237	0.145763
-1.236	0.150454
-1.235	0.155191
-1.234	0.15997
-1.233	0.164784
-1.232	0.169628
-1.231	0.174497
-1.23	0.179384
-1.229	0.184285
-1.228	0.189194
-1.227	0.194104
-1.226	0.19901
-1.225	0.203907
-1.224	0.208788
-1.223	0.213649
-1.222	0.218483
-1.221	0.223285
-1.22	0.22805
-1.219	0.232771
-1.218	0.237444
-1.217	0.242063
-1.216	0.246622
-1.215	0.251116
-1.214	0.255541
-1.213	0.259891
-1.212	0.264161
-1.211	0.268346
-1.21	0.27244
-1.209	0.276441
-1.208	0.280341
-1.207	0.284139
-1.206	0.28783
-1.205	0.291406
-1.204	0.294868
-1.203	0.298208
-1.202	0.301423
-1.201	0.304512
-1.2	0.307468
-1.199	0.31029
-1.198	0.312973
-1.197	0.315515
-1.196	0.317913
-1.195	0.320163
-1.194	0.322265
-1.193	0.324214
-1.192	0.326008
-1.191	0.327648
-1.19	0.329127
-1.189	0.330449
-1.188	0.331608
-1.187	0.332604
-1.186	0.333437
-1.185	0.334105
-1.184	0.334608
-1.183	0.334945
-1.182	0.335115
-1.181	0.33512
-1.18	0.334957
-1.179	0.334628
-1.178	0.334133
-1.177	0.333474
-1.176	0.332649
-1.175	0.331661
-1.174	0.330512
-1.173	0.329201
-1.172	0.327731
-1.171	0.326104
-1.17	0.324321
-1.169	0.322385
-1.168	0.320297
-1.167	0.318061
-1.166	0.315679
-1.165	0.313154
-1.164	0.310488
-1.163	0.307685
-1.162	0.304749
-1.161	0.301682
-1.16	0.298489
-1.159	0.295173
-1.158	0.291737
-1.157	0.288188
-1.156	0.284527
-1.155	0.280759
-1.154	0.27689
-1.153	0.272923
-1.152	0.268863
-1.151	0.264715
-1.15	0.260484
-1.149	0.256174
-1.148	0.251792
-1.147	0.247342
-1.146	0.242829
-1.145	0.238258
-1.144	0.233636
-1.143	0.228966
-1.142	0.224256
-1.141	0.21951
-1.14	0.214734
-1.139	0.209933
-1.138	0.205113
-1.137	0.20028
-1.136	0.195441
-1.135	0.190599
-1.134	0.185761
-1.133	0.180933
-1.132	0.176119
-1.131	0.171327
-1.13	0.166561
-1.129	0.161828
-1.128	0.157132
-1.127	0.152479
-1.126	0.147875
-1.125	0.143325
-1.124	0.138834
-1.123	0.134409
-1.122	0.130053
-1.121	0.125772
-1.12	0.121571
-1.119	0.117455
-1.118	0.113429
-1.117	0.109497
-1.116	0.105664
-1.115	0.101936
-1.114	0.0983154
-1.113	0.094807
-1.112	0.0914152
-1.111	0.0881437
-1.11	0.0849967
-1.109	0.0819779
-1.108	0.0790906
-1.107	0.076338
-1.106	0.0737241
-1.105	0.0712511
-1.104	0.0689227
-1.103	0.0667414
-1.102	0.0647093
-1.101	0.0628295
-1.1	0.0611041
-1.099	0.0595347
-1.098	0.0581237
-1.097	0.0568723
-1.096	0.0557822
-1.095	0.0548554
-1.094	0.0540918
-1.093	0.0534929
-1.092	0.0530599
-1.091	0.0527924
-1.09	0.0526919
-1.089	0.0527574
-1.088	0.0529894
-1.087	0.0533881
-1.086	0.0539523
-1.085	0.0546817
-1.084	0.0555755
-1.083	0.0566329
-1.082	0.0578523
-1.081	0.0592326
-1.08	0.0607723
-1.079	0.0624691
-1.078	0.0643216
-1.077	0.0663281
-1.076	0.0684855
-1.075	0.0707912
-1.074	0.0732435
-1.073	0.0758388
-1.072	0.0785739
-1.071	0.0814467
-1.07	0.0844529
-1.069	0.0875895
-1.068	0.0908532
-1.067	0.0942393
-1.066	0.0977442
-1.065	0.101365
-1.064	0.105096
-1.063	0.108934
-1.062	0.112873
-1.061	0.11691
-1.06	0.12104
-1.059	0.125258
-1.058	0.12956
-1.057	0.133939
-1.056	0.138392
-1.055	0.142912
-1.054	0.147496
-1.053	0.152137
-1.052	0.15683
-1.051	0.16157
-1.05	0.16635
-1.049	0.171167
-1.048	0.176014
-1.047	0.180885
-1.046	0.185775
-1.045	0.190678
-1.044	0.195589
-1.043	0.200501
-1.042	0.20541
-1.041	0.210309
-1.04	0.215193
-1.039	0.220055
-1.038	0.224891
-1.037	0.229696
-1.036	0.234463
-1.035	0.239186
-1.034	0.243861
-1.033	0.248482
-1.032	0.253043
-1.031	0.25754
-1.03	0.261967
-1.029	0.266319
-1.028	0.27059
-1.027	0.274777
-1.026	0.278874
-1.025	0.282877
-1.024	0.286781
-1.023	0.29058
-1.022	0.294272
-1.021	0.297851
-1.02	0.301314
-1.019	0.304656
-1.018	0.307875
-1.017	0.310965
-1.016	0.313922
-1.015	0.316746
-1.014	0.319433
-1.013	0.321976
-1.012	0.324376
-1.011	0.326629
-1.01	0.328731
-1.009	0.330683
-1.008	0.332479
-1.007	0.33412
-1.006	0.335603
-1.005	0.336925
-1.004	0.338087
-1.003	0.339086
-1.002	0.33992
-1.001	0.34059
-1	0.341096
-0.999	0.341433
-0.998	0.341607
-0.997	0.341612
-0.996	0.341452
-0.995	0.341125
-0.994	0.340632
-0.993	0.339975
-0.992	0.339153
-0.991	0.338167
-0.99	0.33702
-0.989	0.33571
-0.988	0.334243
-0.987	0.332618
-0.986	0.330836
-0.985	0.328903
-0.984	0.326818
-0.983	0.324584
-0.982	0.322204
-0.981	0.31968
-0.98	0.317017
-0.979	0.314216
-0.978	0.311282
-0.977	0.308217
-0.976	0.305026
-0.975	0.301712
-0.974	0.298279
-0.973	0.294731
-0.972	0.291072
-0.971	0.287307
-0.97	0.283439
-0.969	0.279474
-0.968	0.275417
-0.967	0.271271
-0.966	0.267043
-0.965	0.262736
-0.964	0.258355
-0.963	0.253908
-0.962	0.249397
-0.961	0.244828
-0.96	0.240208
-0.959	0.235541
-0.958	0.230833
-0.957	0.226089
-0.956	0.221316
-0.955	0.216517
-0.954	0.2117
-0.953	0.20687
-0.952	0.202032
-0.951	0.197193
-0.95	0.192358
-0.949	0.187531
-0.948	0.182721
-0.947	0.177931
-0.946	0.173168
-0.945	0.168437
-0.944	0.163744
-0.943	0.159093
-0.942	0.154492
-0.941	0.149944
-0.94	0.145456
-0.939	0.141033
-0.938	0.13668
-0.937	0.132401
-0.936	0.128203
-0.935	0.12409
-0.934	0.120067
-0.933	0.116138
-0.932	0.112308
-0.931	0.108582
-0.93	0.104964
-0.929	0.101459
-0.928	0.0980694
-0.927	0.0948012
-0.926	0.0916573
-0.925	0.0886407
-0.924	0.0857564
-0.923	0.0830069
-0.922	0.0803957
-0.921	0.0779258
-0.92	0.0756
-0.919	0.0734215
-0.918	0.0713926
-0.917	0.0695157
-0.916	0.0677931
-0.915	0.0662271
-0.914	0.0648184
-0.913	0.0635702
-0.912	0.0624837
-0.911	0.0615592
-0.91	0.0607988
-0.909	0.0602031
-0.908	0.0597729
-0.907	0.0595087
-0.906	0.0594108
-0.905	0.0594794
-0.904	0.0597147
-0.903	0.0601163
-0.902	0.0606833
-0.901	0.0614158
-0.9	0.062313
-0.899	0.0633734
-0.898	0.0645955
-0.897	0.0659792
-0.896	0.0675218
-0.895	0.0692218
-0.894	0.0710778
-0.893	0.0730869
-0.892	0.0752473
-0.891	0.0775564
-0.89	0.0800115
-0.889	0.08261
-0.888	0.0853482
-0.887	0.0882241
-0.886	0.0912332
-0.885	0.0943729
-0.884	0.09764
-0.883	0.101029
-0.882	0.104537
-0.881	0.108161
-0.88	0.111894
-0.879	0.115736
-0.878	0.119678
-0.877	0.123718
-0.876	0.127852
-0.875	0.132072
-0.874	0.136377
-0.873	0.14076
-0.872	0.145215
-0.871	0.149739
-0.87	0.154325
-0.869	0.158969
-0.868	0.163665
-0.867	0.168408
-0.866	0.173192
-0.865	0.178011
-0.864	0.182861
-0.863	0.187735
-0.862	0.192628
-0.861	0.197534
-0.86	0.202448
-0.859	0.207363
-0.858	0.212274
-0.857	0.217176
-0.856	0.222063
-0.855	0.226928
-0.854	0.231768
-0.853	0.236575
-0.852	0.241344
-0.851	0.246071
-0.85	0.250748
-0.849	0.255372
-0.848	0.259936
-0.847	0.264436
-0.846	0.268865
-0.845	0.27322
-0.844	0.277494
-0.843	0.281684
-0.842	0.285784
-0.841	0.289789
-0.84	0.293695
-0.839	0.297497
-0.838	0.301192
-0.837	0.304774
-0.836	0.308239
-0.835	0.311585
-0.834	0.314805
-0.833	0.317898
-0.832	0.320859
-0.831	0.323685
-0.83	0.326373
-0.829	0.328919
-0.828	0.331322
-0.827	0.333577
-0.826	0.335683
-0.825	0.337637
-0.824	0.339435
-0.823	0.341079
-0.822	0.342564
-0.821	0.343889
-0.82	0.345052
-0.819	0.346054
-0.818	0.346891
-0.817	0.347563
-0.816	0.34807
-0.815	0.348412
-0.814	0.348586
-0.813	0.348595
-0.812	0.348437
-0.811	0.348112
-0.81	0.347622
-0.809	0.346966
-0.808	0.346147
-0.807	0.345164
-0.806	0.344018
-0.805	0.342711
-0.804	0.341246
-0.803	0.339623
-0.802	0.337844
-0.801	0.335912
-0.8	0.333829
-0.799	0.331597
-0.798	0.32922
-0.797	0.326697
-0.796	0.324036
-0.795	0.321238
-0.794	0.318305
-0.793	0.315243
-0.792	0.312054
-0.791	0.308742
-0.79	0.305311
-0.789	0.301765
-0.788	0.298108
-0.787	0.294344
-0.786	0.29048
-0.785	0.286516
-0.784	0.282461
-0.783	0.278317
-0.782	0.27409
-0.781	0.269785
-0.78	0.265406
-0.779	0.260961
-0.778	0.256451
-0.777	0.251885
-0.776	0.247267
-0.775	0.242601
-0.774	0.237895
-0.773	0.233153
-0.772	0.228381
-0.771	0.223585
-0.77	0.21877
-0.769	0.213941
-0.768	0.209105
-0.767	0.204268
-0.766	0.199434
-0.765	0.19461
-0.764	0.189801
-0.763	0.185013
-0.762	0.180252
-0.761	0.175522
-0.76	0.17083
-0.759	0.166183
-0.758	0.161582
-0.757	0.157037
-0.756	0.152551
-0.755	0.148129
-0.754	0.143778
-0.753	0.139501
-0.752	0.135305
-0.751	0.131194
-0.75	0.127172
-0.749	0.123245
-0.748	0.119417
-0.747	0.115694
-0.746	0.112077
-0.745	0.108574
-0.744	0.105187
-0.743	0.10192
-0.742	0.0987784
-0.741	0.0957642
-0.74	0.0928819
-0.739	0.0901346
-0.738	0.0875254
-0.737	0.085058
-0.736	0.0827344
-0.735	0.0805581
-0.734	0.0785315
-0.733	0.076657
-0.732	0.0749366
-0.731	0.0733725
-0.73	0.0719667
-0.729	0.0707211
-0.728	0.0696365
-0.727	0.0687148
-0.726	0.0679572
-0.725	0.0673641
-0.724	0.0669364
-0.723	0.0666748
-0.722	0.0665796
-0.721	0.0666511
-0.72	0.0668892
-0.719	0.0672935
-0.718	0.0678636
-0.717	0.0685992
-0.716	0.0694988
-0.715	0.0705625
-0.714	0.0717881
-0.713	0.0731744
-0.712	0.0747204
-0.711	0.0764235
-0.71	0.0782828
-0.709	0.0802953
-0.708	0.0824586
-0.707	0.0847715
-0.706	0.0872298
-0.705	0.0898315
-0.704	0.0925739
-0.703	0.0954526
-0.702	0.0984658
-0.701	0.10161
-0.7	0.104879
-0.699	0.108273
-0.698	0.111784
-0.697	0.115412
-0.696	0.11915
-0.695	0.122994
-0.694	0.126941
-0.693	0.130985
-0.692	0.135122
-0.691	0.139347
-0.69	0.143655
-0.689	0.148042
-0.688	0.152502
-0.687	0.15703
-0.686	0.16162
-0.685	0.166268
-0.684	0.170968
-0.683	0.175715
-0.682	0.180504
-0.681	0.185327
-0.68	0.190181
-0.679	0.195059
-0.678	0.199957
-0.677	0.204867
-0.676	0.209785
-0.675	0.214705
-0.674	0.219621
-0.673	0.224527
-0.672	0.229418
-0.671	0.234288
-0.67	0.239132
-0.669	0.243943
-0.668	0.248717
-0.667	0.253448
-0.666	0.258131
-0.665	0.262758
-0.664	0.267326
-0.663	0.271831
-0.662	0.276264
-0.661	0.280623
-0.66	0.284903
-0.659	0.289096
-0.658	0.2932
-0.657	0.29721
-0.656	0.30112
-0.655	0.304927
-0.654	0.308625
-0.653	0.312211
-0.652	0.315681
-0.651	0.31903
-0.65	0.322254
-0.649	0.325351
-0.648	0.328317
-0.647	0.331146
-0.646	0.333838
-0.645	0.336389
-0.644	0.338795
-0.643	0.341054
-0.642	0.343163
-0.641	0.34512
-0.64	0.346923
-0.639	0.34857
-0.638	0.350058
-0.637	0.351387
-0.636	0.352555
-0.635	0.353558
-0.634	0.354399
-0.633	0.355075
-0.632	0.355585
-0.631	0.355929
-0.63	0.356107
-0.629	0.356119
-0.628	0.355963
-0.627	0.355641
-0.626	0.355154
-0.625	0.354501
-0.624	0.353684
-0.623	0.352704
-0.622	0.35156
-0.621	0.350257
-0.62	0.348793
-0.619	0.347172
-0.618	0.345396
-0.617	0.343466
-0.616	0.341385
-0.615	0.339155
-0.614	0.336779
-0.613	0.334261
-0.612	0.3316
-0.611	0.328804
-0.61	0.325873
-0.609	0.322812
-0.608	0.319624
-0.607	0.316314
-0.606	0.312884
-0.605	0.309339
-0.604	0.305684
-0.603	0.301921
-0.602	0.298058
-0.601	0.294096
-0.6	0.290041
-0.599	0.285899
-0.598	0.281672
-0.597	0.277368
-0.596	0.272991
-0.595	0.268546
-0.594	0.264037
-0.593	0.259471
-0.592	0.254854
-0.591	0.250189
-0.59	0.245483
-0.589	0.240743
-0.588	0.23597
-0.587	0.231175
-0.586	0.22636
-0.585	0.221532
-0.584	0.216696
-0.583	0.211859
-0.582	0.207025
-0.581	0.202202
-0.58	0.197393
-0.579	0.192606
-0.578	0.187844
-0.577	0.183115
-0.576	0.178424
-0.575	0.173776
-0.574	0.169176
-0.573	0.164631
-0.572	0.160145
-0.571	0.155723
-0.57	0.151372
-0.569	0.147096
-0.568	0.1429
-0.567	0.138789
-0.566	0.134768
-0.565	0.130841
-0.564	0.127014
-0.563	0.12329
-0.562	0.119675
-0.561	0.116171
-0.56	0.112786
-0.559	0.109519
-0.558	0.106378
-0.557	0.103365
-0.556	0.100483
-0.555	0.0977358
-0.554	0.095128
-0.553	0.0926611
-0.552	0.0903382
-0.551	0.0881633
-0.55	0.0861372
-0.549	0.084264
-0.548	0.0825449
-0.547	0.0809818
-0.546	0.0795778
-0.545	0.0783335
-0.544	0.0772506
-0.543	0.0763302
-0.542	0.0755741
-0.541	0.0749831
-0.54	0.0745573
-0.539	0.0742977
-0.538	0.0742045
-0.537	0.0742784
-0.536	0.0745187
-0.535	0.0749254
-0.534	0.0754978
-0.533	0.0762359
-0.532	0.0771387
-0.531	0.0782045
-0.53	0.0794334
-0.529	0.0808223
-0.528	0.0823714
-0.527	0.0840786
-0.526	0.0859404
-0.525	0.0879562
-0.524	0.0901237
-0.523	0.0924399
-0.522	0.0949024
-0.521	0.0975077
-0.52	0.100254
-0.519	0.103137
-0.518	0.106155
-0.517	0.109302
-0.516	0.112576
-0.515	0.115974
-0.514	0.119491
-0.513	0.123123
-0.512	0.126866
-0.511	0.130715
-0.51	0.134667
-0.509	0.138716
-0.508	0.142859
-0.507	0.147089
-0.506	0.151403
-0.505	0.155795
-0.504	0.160261
-0.503	0.164794
-0.502	0.169391
-0.501	0.174045
-0.5	0.178751
-0.499	0.183503
-0.498	0.188298
-0.497	0.193128
-0.496	0.197989
-0.495	0.202873
-0.494	0.207776
-0.493	0.212693
-0.492	0.217618
-0.491	0.222544
-0.49	0.227467
-0.489	0.232379
-0.488	0.237277
-0.487	0.242154
-0.486	0.247004
-0.485	0.251823
-0.484	0.256603
-0.483	0.26134
-0.482	0.266029
-0.481	0.270664
-0.48	0.27524
-0.479	0.27975
-0.478	0.284191
-0.477	0.288557
-0.476	0.292842
-0.475	0.297043
-0.474	0.301154
-0.473	0.30517
-0.472	0.309087
-0.471	0.312901
-0.47	0.316605
-0.469	0.320198
-0.468	0.323674
-0.467	0.327029
-0.466	0.330261
-0.465	0.333363
-0.464	0.336335
-0.463	0.339171
-0.462	0.341869
-0.461	0.344425
-0.46	0.346836
-0.459	0.349102
-0.458	0.351217
-0.457	0.353179
-0.456	0.354988
-0.455	0.35664
-0.454	0.358134
-0.453	0.359467
-0.452	0.36064
-0.451	0.361648
-0.45	0.362494
-0.449	0.363175
-0.448	0.363689
-0.447	0.364038
-0.446	0.36422
-0.445	0.364235
-0.444	0.364084
-0.443	0.363766
-0.442	0.363282
-0.441	0.362632
-0.44	0.361819
-0.439	0.360841
-0.438	0.359701
-0.437	0.358401
-0.436	0.35694
-0.435	0.355321
-0.434	0.353548
-0.433	0.35162
-0.432	0.349541
-0.431	0.347313
-0.43	0.344938
-0.429	0.342421
-0.428	0.339763
-0.427	0.336968
-0.426	0.334038
-0.425	0.330979
-0.424	0.327792
-0.423	0.324482
-0.422	0.321054
-0.421	0.317509
-0.42	0.313853
-0.419	0.310092
-0.418	0.306227
-0.417	0.302266
-0.416	0.298211
-0.415	0.294068
-0.414	0.289881
-0.413	0.285696
-0.412	0.281517
-0.411	0.277344
-0.41	0.273182
-0.409	0.269035
-0.408	0.264904
-0.407	0.260795
-0.406	0.256708
-0.405	0.252647
-0.404	0.248616
-0.403	0.244618
-0.402	0.240655
-0.401	0.236731
-0.4	0.232847
-0.399	0.229009
-0.398	0.225219
-0.397	0.221478
-0.396	0.21779
-0.395	0.214159
-0.394	0.210587
-0.393	0.207076
-0.392	0.20363
-0.391	0.20025
-0.39	0.19694
-0.389	0.193703
-0.388	0.190542
-0.387	0.187457
-0.386	0.184453
-0.385	0.181531
-0.384	0.178695
-0.383	0.175945
-0.382	0.173285
-0.381	0.170718
-0.38	0.168244
-0.379	0.165866
-0.378	0.163587
-0.377	0.161408
-0.376	0.159331
-0.375	0.157359
-0.374	0.155491
-0.373	0.153732
-0.372	0.152084
-0.371	0.150546
-0.37	0.149121
-0.369	0.147809
-0.368	0.146614
-0.367	0.145536
-0.366	0.144577
-0.365	0.143736
-0.364	0.143024
-0.363	0.142444
-0.362	0.142
-0.361	0.141689
-0.36	0.141514
-0.359	0.141473
-0.358	0.141568
-0.357	0.141796
-0.356	0.142159
-0.355	0.142659
-0.354	0.143291
-0.353	0.144058
-0.352	0.144958
-0.351	0.145993
-0.35	0.14716
-0.349	0.148461
-0.348	0.149893
-0.347	0.151457
-0.346	0.153152
-0.345	0.154977
-0.344	0.156931
-0.343	0.159015
-0.342	0.161225
-0.341	0.163562
-0.34	0.166026
-0.339	0.168614
-0.338	0.171327
-0.337	0.174161
-0.336	0.177118
-0.335	0.180194
-0.334	0.183389
-0.333	0.186702
-0.332	0.190131
-0.331	0.193674
-0.33	0.19733
-0.329	0.201099
-0.328	0.204977
-0.327	0.208965
-0.326	0.213058
-0.325	0.217257
-0.324	0.221559
-0.323	0.225962
-0.322	0.230465
-0.321	0.235064
-0.32	0.23976
-0.319	0.244552
-0.318	0.249432
-0.317	0.254403
-0.316	0.25946
-0.315	0.264605
-0.314	0.269831
-0.313	0.275139
-0.312	0.280526
-0.311	0.285987
-0.31	0.291526
-0.309	0.297133
-0.308	0.302811
-0.307	0.308555
-0.306	0.314364
-0.305	0.320234
-0.304	0.326165
-0.303	0.332154
-0.302	0.338194
-0.301	0.344288
-0.3	0.350431
-0.299	0.35662
-0.298	0.362852
-0.297	0.369128
-0.296	0.37544
-0.295	0.381789
-0.294	0.388172
-0.293	0.394584
-0.292	0.401024
-0.291	0.407491
-0.29	0.413979
-0.289	0.420484
-0.288	0.427011
-0.287	0.433548
-0.286	0.440098
-0.285	0.446655
-0.284	0.453219
-0.283	0.459784
-0.282	0.466351
-0.281	0.472913
-0.28	0.47947
-0.279	0.486022
-0.278	0.492558
-0.277	0.499084
-0.276	0.505589
-0.275	0.512078
-0.274	0.518542
-0.273	0.524985
-0.272	0.531397
-0.271	0.537777
-0.27	0.544128
-0.269	0.550438
-0.268	0.556715
-0.267	0.562947
-0.266	0.569137
-0.265	0.575278
-0.264	0.581373
-0.263	0.587413
-0.262	0.593399
-0.261	0.599329
-0.26	0.605199
-0.259	0.611008
-0.258	0.616752
-0.257	0.62243
-0.256	0.628037
-0.255	0.633576
-0.254	0.639036
-0.253	0.644422
-0.252	0.649729
-0.251	0.654956
-0.25	0.660098
-0.249	0.665156
-0.248	0.670127
-0.247	0.675006
-0.246	0.679799
-0.245	0.68449
-0.244	0.689092
-0.243	0.693593
-0.242	0.697998
-0.241	0.702297
-0.24	0.706496
-0.239	0.71059
-0.238	0.714574
-0.237	0.718455
-0.236	0.72222
-0.235	0.725877
-0.234	0.729418
-0.233	0.732847
-0.232	0.736159
-0.231	0.739355
-0.23	0.742432
-0.229	0.745384
-0.228	0.748221
-0.227	0.750932
-0.226	0.753521
-0.225	0.75598
-0.224	0.758319
-0.223	0.760528
-0.222	0.762612
-0.221	0.764565
-0.22	0.766388
-0.219	0.768084
-0.218	0.769647
-0.217	0.771079
-0.216	0.772377
-0.215	0.773546
-0.214	0.774577
-0.213	0.775481
-0.212	0.776244
-0.211	0.776878
-0.21	0.777374
-0.209	0.777738
-0.208	0.777968
-0.207	0.77806
-0.206	0.778022
-0.205	0.777841
-0.204	0.777533
-0.203	0.777087
-0.202	0.776509
-0.201	0.775793
-0.2	0.774949
-0.199	0.773967
-0.198	0.772853
-0.197	0.771609
-0.196	0.770229
-0.195	0.768724
-0.194	0.767083
-0.193	0.765316
-0.192	0.763417
-0.191	0.761395
-0.19	0.75924
-0.189	0.756961
-0.188	0.754558
-0.187	0.752029
-0.186	0.74938
-0.185	0.746606
-0.184	0.743714
-0.183	0.740699
-0.182	0.737571
-0.181	0.734322
-0.18	0.73096
-0.179	0.727484
-0.178	0.723895
-0.177	0.720197
-0.176	0.716388
-0.175	0.712476
-0.174	0.708452
-0.173	0.704331
-0.172	0.700102
-0.171	0.695778
-0.17	0.691351
-0.169	0.68683
-0.168	0.682215
-0.167	0.677508
-0.166	0.672712
-0.165	0.667822
-0.164	0.662853
-0.163	0.657794
-0.162	0.65266
-0.161	0.647441
-0.16	0.642149
-0.159	0.636778
-0.158	0.631339
-0.157	0.625828
-0.156	0.620248
-0.155	0.614606
-0.154	0.608896
-0.153	0.60313
-0.152	0.597305
-0.151	0.591427
-0.15	0.585492
-0.149	0.579511
-0.148	0.573479
-0.147	0.567405
-0.146	0.561289
-0.145	0.555131
-0.144	0.548938
-0.143	0.542709
-0.142	0.536453
-0.141	0.530163
-0.14	0.523852
-0.139	0.517514
-0.138	0.511157
-0.137	0.504782
-0.136	0.498392
-0.135	0.491992
-0.134	0.485579
-0.133	0.479165
-0.132	0.47274
-0.131	0.466321
-0.13	0.459898
-0.129	0.453484
-0.128	0.447077
-0.127	0.44068
-0.126	0.434295
-0.125	0.427925
-0.124	0.421577
-0.123	0.415246
-0.122	0.408945
-0.121	0.402665
-0.12	0.396419
-0.119	0.390202
-0.118	0.384024
-0.117	0.377881
-0.116	0.371779
-0.115	0.365721
-0.114	0.359706
-0.113	0.353743
-0.112	0.347829
-0.111	0.341971
-0.11	0.336165
-0.109	0.330422
-0.108	0.324736
-0.107	0.319116
-0.106	0.313562
-0.105	0.308076
-0.104	0.302662
-0.103	0.29732
-0.102	0.292056
-0.101	0.286866
-0.1	0.28176
