-4	0
-3.999	0
-3.998	0
-3.997	0
-3.996	0
-3.995	0
-3.994	0
-3.993	0
-3.992	0
-3.991	0
-3.99	0
-3.989	0
-3.988	0
-3.987	0
-3.986	0
-3.985	0
-3.984	0
-3.983	0
-3.982	0
-3.981	0
-3.98	0
-3.979	0
-3.978	0
-3.977	0
-3.976	0
-3.975	0
-3.974	0
-3.973	0
-3.972	0
-3.971	0
-3.97	0
-3.969	0
-3.968	0
-3.967	0
-3.966	0
-3.965	0
-3.964	0
-3.963	0
-3.962	0
-3.961	0
-3.96	0
-3.959	0
-3.958	0
-3.957	0
-3.956	0
-3.955	0
-3.954	0
-3.953	0
-3.952	0
-3.951	0
-3.95	0
-3.949	0
-3.948	0
-3.947	0
-3.946	0
-3.945	0
-3.944	0
-3.943	0
-3.942	0
-3.941	0
-3.94	0
-3.939	0
-3.938	0
-3.937	0
-3.936	0
-3.935	0
-3.934	0
-3.933	0
-3.932	0
-3.931	0
-3.93	0
-3.929	0
-3.928	0
-3.927	0
-3.926	0
-3.925	0
-3.924	0
-3.923	0
-3.922	0
-3.921	0
-3.92	0
-3.919	0
-3.918	0
-3.917	0
-3.916	0
-3.915	0
-3.914	0
-3.913	0
-3.912	0
-3.911	0
-3.91	0
-3.909	0
-3.908	0
-3.907	0
-3.906	0
-3.905	0
-3.904	0
-3.903	0
-3.902	0
-3.901	0
-3.9	0
-3.899	0
-3.898	0
-3.897	0
-3.896	0
-3.895	0
-3.894	0
-3.893	0
-3.892	0
-3.891	0
-3.89	0
-3.889	0
-3.888	0
-3.887	0
-3.886	0
-3.885	0
-3.884	0
-3.883	0
-3.882	0
-3.881	0
-3.88	0
-3.879	0
-3.878	0
-3.877	0
-3.876	0
-3.875	0
-3.874	0
-3.873	0
-3.872	0
-3.871	0
-3.87	0
-3.869	0
-3.868	0
-3.867	0
-3.866	0
-3.865	0
-3.864	0
-3.863	0
-3.862	0
-3.861	0
-3.86	0
-3.859	0
-3.858	0
-3.857	0
-3.856	0
-3.855	0
-3.854	0
-3.853	0
-3.852	0
-3.851	0
-3.85	0
-3.849	0
-3.848	0
-3.847	0
-3.846	0
-3.845	0
-3.844	0
-3.843	0
-3.842	0
-3.841	0
-3.84	0
-3.839	0
-3.838	0
-3.837	0
-3.836	0
-3.835	0
-3.834	0
-3.833	0
-3.832	0
-3.831	0
-3.83	0
-3.829	0
-3.828	0
-3.827	0
-3.826	0
-3.825	0
-3.824	0
-3.823	0
-3.822	0
-3.821	0
-3.82	0
-3.819	0
-3.818	0
-3.817	0
-3.816	0
-3.815	0
-3.814	0
-3.813	0
-3.812	0
-3.811	0
-3.81	0
-3.809	0
-3.808	0
-3.807	0
-3.806	0
-3.805	0
-3.804	0
-3.803	0
-3.802	0
-3.801	0
-3.8	0
-3.799	0
-3.798	0
-3.797	0
-3.796	0
-3.795	0
-3.794	0
-3.793	0
-3.792	0
-3.791	0
-3.79	0
-3.789	0
-3.788	0
-3.787	0
-3.786	0
-3.785	0
-3.784	0
-3.783	0
-3.782	0
-3.781	0
-3.78	0
-3.779	0
-3.778	0
-3.777	0
-3.776	0
-3.775	0
-3.774	0
-3.773	0
-3.772	0
-3.771	0
-3.77	0
-3.769	0
-3.768	0
-3.767	0
-3.766	0
-3.765	0
-3.764	0
-3.763	0
-3.762	0
-3.761	0
-3.76	0
-3.759	0
-3.758	0
-3.757	0
-3.756	0
-3.755	0
-3.754	0
-3.753	0
-3.752	0
-3.751	0
-3.75	0
-3.749	0
-3.748	0
-3.747	0
-3.746	0
-3.745	0
-3.744	0
-3.743	0
-3.742	0
-3.741	0
-3.74	0
-3.739	0
-3.738	0
-3.737	0
-3.736	0
-3.735	0
-3.734	0
-3.733	0
-3.732	0
-3.731	0
-3.73	0
-3.729	0
-3.728	0
-3.727	0
-3.726	0
-3.725	0
-3.724	0
-3.723	0
-3.722	0
-3.721	0
-3.72	0
-3.719	0
-3.718	0
-3.717	0
-3.716	0
-3.715	0
-3.714	0
-3.713	0
-3.712	0
-3.711	0
-3.71	0
-3.709	0
-3.708	0
-3.707	0
-3.706	0
-3.705	0
-3.704	0
-3.703	0
-3.702	0
-3.701	0
-3.7	0
-3.699	0
-3.698	0
-3.697	0
-3.696	0
-3.695	0
-3.694	0
-3.693	0
-3.692	0
-3.691	0
-3.69	0
-3.689	0
-3.688	0
-3.687	0
-3.686	0
-3.685	0
-3.684	0
-3.683	0
-3.682	0
-3.681	0
-3.68	0
-3.679	0
-3.678	0
-3.677	0
-3.676	0
-3.675	0
-3.674	0
-3.673	0
-3.672	0
-3.671	0
-3.67	0
-3.669	0
-3.668	0
-3.667	0
-3.666	0
-3.665	0
-3.664	0
-3.663	0
-3.662	0
-3.661	0
-3.66	0
-3.659	0
-3.658	0
-3.657	0
-3.656	0
-3.655	0
-3.654	0
-3.653	0
-3.652	0
-3.651	0
-3.65	0
-3.649	0
-3.648	0
-3.647	0
-3.646	0
-3.645	0
-3.644	0
-3.643	0
-3.642	0
-3.641	0
-3.64	0
-3.639	0
-3.638	0
-3.637	0
-3.636	0
-3.635	0
-3.634	0
-3.633	0
-3.632	0
-3.631	0
-3.63	0
-3.629	0
-3.628	0
-3.627	0
-3.626	0
-3.625	0
-3.624	0
-3.623	0
-3.622	0
-3.621	0
-3.62	0
-3.619	0
-3.618	0
-3.617	0
-3.616	0
-3.615	0
-3.614	0
-3.613	0
-3.612	0
-3.611	0
-3.61	0
-3.609	0
-3.608	0
-3.607	0
-3.606	0
-3.605	0
-3.604	0
-3.603	0
-3.602	0
-3.601	0
-3.6	0
-3.599	0
-3.598	0
-3.597	0
-3.596	0
-3.595	0
-3.594	0
-3.593	0
-3.592	0
-3.591	0
-3.59	0
-3.589	0
-3.588	0
-3.587	0
-3.586	0
-3.585	0
-3.584	0
-3.583	0
-3.582	0
-3.581	0
-3.58	0
-3.579	0
-3.578	0
-3.577	0
-3.576	0
-3.575	0
-3.574	0
-3.573	0
-3.572	0
-3.571	0
-3.57	0
-3.569	0
-3.568	0
-3.567	0
-3.566	0
-3.565	0
-3.564	0
-3.563	0
-3.562	0
-3.561	0
-3.56	0
-3.559	0
-3.558	0
-3.557	0
-3.556	0
-3.555	0
-3.554	0
-3.553	0
-3.552	0
-3.551	0
-3.55	0
-3.549	0
-3.548	0
-3.547	0
-3.546	0
-3.545	0
-3.544	0
-3.543	0
-3.542	0
-3.541	0
-3.54	0
-3.539	0
-3.538	0
-3.537	0
-3.536	0
-3.535	0
-3.534	0
-3.533	0
-3.532	0
-3.531	0
-3.53	0
-3.529	0
-3.528	0
-3.527	0
-3.526	0
-3.525	0
-3.524	0
-3.523	0
-3.522	0
-3.521	0
-3.52	0
-3.519	0
-3.518	0
-3.517	0
-3.516	0
-3.515	0
-3.514	0
-3.513	0
-3.512	0
-3.511	0
-3.51	0
-3.509	0
-3.508	0
-3.507	0
-3.506	0
-3.505	0
-3.504	0
-3.503	0
-3.502	0
-3.501	0
-3.5	0
-3.499	0
-3.498	0
-3.497	0
-3.496	0
-3.495	0
-3.494	0
-3.493	0
-3.492	0
-3.491	0
-3.49	0
-3.489	0
-3.488	0
-3.487	0
-3.486	0
-3.485	0
-3.484	0
-3.483	0
-3.482	0
-3.481	0
-3.48	0
-3.479	0
-3.478	0
-3.477	0
-3.476	0
-3.475	0
-3.474	0
-3.473	0
-3.472	0
-3.471	0
-3.47	0
-3.469	0
-3.468	0
-3.467	0
-3.466	0
-3.465	0
-3.464	0
-3.463	0
-3.462	0
-3.461	0
-3.46	0
-3.459	0
-3.458	0
-3.457	0
-3.456	0
-3.455	0
-3.454	0
-3.453	0
-3.452	0
-3.451	0
-3.45	0
-3.449	0
-3.448	0
-3.447	0
-3.446	0
-3.445	0
-3.444	0
-3.443	0
-3.442	0
-3.441	0
-3.44	0
-3.439	0
-3.438	0
-3.437	0
-3.436	0
-3.435	0
-3.434	0
-3.433	0
-3.432	0
-3.431	0
-3.43	0
-3.429	0
-3.428	0
-3.427	0
-3.426	0
-3.425	0
-3.424	0
-3.423	0
-3.422	0
-3.421	0
-3.42	0
-3.419	0
-3.418	0
-3.417	0
-3.416	0
-3.415	0
-3.414	0
-3.413	0
-3.412	0
-3.411	0
-3.41	0
-3.409	0
-3.408	0
-3.407	0
-3.406	0
-3.405	0
-3.404	0
-3.403	0
-3.402	0
-3.401	0
-3.4	0
-3.399	0
-3.398	0
-3.397	0
-3.396	0
-3.395	0
-3.394	0
-3.393	0
-3.392	0
-3.391	0
-3.39	0
-3.389	0
-3.388	0
-3.387	0
-3.386	0
-3.385	0
-3.384	0
-3.383	0
-3.382	0
-3.381	0
-3.38	0
-3.379	0
-3.378	0
-3.377	0
-3.376	0
-3.375	0
-3.374	0
-3.373	0
-3.372	0
-3.371	0
-3.37	0
-3.369	0
-3.368	0
-3.367	0
-3.366	0
-3.365	0
-3.364	0
-3.363	0
-3.362	0
-3.361	0
-3.36	0
-3.359	0
-3.358	0
-3.357	0
-3.356	0
-3.355	0
-3.354	0
-3.353	0
-3.352	0
-3.351	0
-3.35	0
-3.349	0
-3.348	0
-3.347	0
-3.346	0
-3.345	0
-3.344	0
-3.343	0
-3.342	0
-3.341	0
-3.34	0
-3.339	0
-3.338	0
-3.337	0
-3.336	0
-3.335	0
-3.334	0
-3.333	0
-3.332	0
-3.331	0
-3.33	0
-3.329	0
-3.328	0
-3.327	0
-3.326	0
-3.325	0
-3.324	0
-3.323	0
-3.322	0
-3.321	0
-3.32	0
-3.319	0
-3.318	0
-3.317	0
-3.316	0
-3.315	0
-3.314	0
-3.313	0
-3.312	0
-3.311	0
-3.31	0
-3.309	0
-3.308	0
-3.307	0
-3.306	0
-3.305	0
-3.304	0
-3.303	0
-3.302	0
-3.301	0
-3.3	0
-3.299	0
-3.298	0
-3.297	0
-3.296	0
-3.295	0
-3.294	0
-3.293	0
-3.292	0
-3.291	0
-3.29	0
-3.289	0
-3.288	0
-3.287	0
-3.286	0
-3.285	0
-3.284	0
-3.283	0
-3.282	0
-3.281	0
-3.28	0
-3.279	0
-3.278	0
-3.277	0
-3.276	0
-3.275	0
-3.274	0
-3.273	0
-3.272	0
-3.271	0
-3.27	0
-3.269	0
-3.268	0
-3.267	0
-3.266	0
-3.265	0
-3.264	0
-3.263	0
-3.262	0
-3.261	0
-3.26	0
-3.259	0
-3.258	0
-3.257	0
-3.256	0
-3.255	0
-3.254	0
-3.253	0
-3.252	0
-3.251	0
-3.25	0
-3.249	0
-3.248	0
-3.247	0
-3.246	0
-3.245	0
-3.244	0
-3.243	0
-3.242	0
-3.241	0
-3.24	0
-3.239	0
-3.238	0
-3.237	0
-3.236	0
-3.235	0
-3.234	0
-3.233	0
-3.232	0
-3.231	0
-3.23	0
-3.229	0
-3.228	0
-3.227	0
-3.226	0
-3.225	0
-3.224	0
-3.223	0
-3.222	0
-3.221	0
-3.22	0
-3.219	0
-3.218	0
-3.217	0
-3.216	0
-3.215	0
-3.214	0
-3.213	0
-3.212	0
-3.211	0
-3.21	0
-3.209	0
-3.208	0
-3.207	0
-3.206	0
-3.205	0
-3.204	0
-3.203	0
-3.202	0
-3.201	0
-3.2	0
-3.199	0
-3.198	0
-3.197	0
-3.196	0
-3.195	0
-3.194	0
-3.193	0
-3.192	0
-3.191	0
-3.19	0
-3.189	0
-3.188	0
-3.187	0
-3.186	0
-3.185	0
-3.184	0
-3.183	0
-3.182	0
-3.181	0
-3.18	0
-3.179	0
-3.178	0
-3.177	0
-3.176	0
-3.175	0
-3.174	0
-3.173	0
-3.172	0
-3.171	0
-3.17	0
-3.169	0
-3.168	0
-3.167	0
-3.166	0
-3.165	0
-3.164	0
-3.163	0
-3.162	0
-3.161	0
-3.16	0
-3.159	0
-3.158	0
-3.157	0
-3.156	0
-3.155	0
-3.154	0
-3.153	0
-3.152	0
-3.151	0
-3.15	0
-3.149	0
-3.148	0
-3.147	0
-3.146	0
-3.145	0
-3.144	0
-3.143	0
-3.142	0
-3.141	0
-3.14	0
-3.139	0
-3.138	0
-3.137	0
-3.136	0
-3.135	0
-3.134	0
-3.133	0
-3.132	0
-3.131	0
-3.13	0
-3.129	0
-3.128	0
-3.127	0
-3.126	0
-3.125	0
-3.124	0
-3.123	0
-3.122	0
-3.121	0
-3.12	0
-3.119	0
-3.118	0
-3.117	0
-3.116	0
-3.115	0
-3.114	0
-3.113	0
-3.112	0
-3.111	0
-3.11	0
-3.109	0
-3.108	0
-3.107	0
-3.106	0
-3.105	0
-3.104	0
-3.103	0
-3.102	0
-3.101	0
-3.1	0
-3.099	0
-3.098	0
-3.097	0
-3.096	0
-3.095	0
-3.094	0
-3.093	0
-3.092	0
-3.091	0
-3.09	0
-3.089	0
-3.088	0
-3.087	0
-3.086	0
-3.085	0
-3.084	0
-3.083	0
-3.082	0
-3.081	0
-3.08	0
-3.079	0
-3.078	0
-3.077	0
-3.076	0
-3.075	0
-3.074	0
-3.073	0
-3.072	0
-3.071	0
-3.07	0
-3.069	0
-3.068	0
-3.067	0
-3.066	0
-3.065	0
-3.064	0
-3.063	0
-3.062	0
-3.061	0
-3.06	0
-3.059	0
-3.058	0
-3.057	0
-3.056	0
-3.055	0
-3.054	0
-3.053	0
-3.052	0
-3.051	0
-3.05	0
-3.049	0
-3.048	0
-3.047	0
-3.046	0
-3.045	0
-3.044	0
-3.043	0
-3.042	0
-3.041	0
-3.04	0
-3.039	0
-3.038	0
-3.037	0
-3.036	0
-3.035	0
-3.034	0
-3.033	0
-3.032	0
-3.031	0
-3.03	0
-3.029	0
-3.028	0
-3.027	0
-3.026	0
-3.025	0
-3.024	0
-3.023	0
-3.022	0
-3.021	0
-3.02	0
-3.019	0
-3.018	0
-3.017	0
-3.016	0
-3.015	0
-3.014	0
-3.013	0
-3.012	0
-3.011	0
-3.01	0
-3.009	0
-3.008	0
-3.007	0
-3.006	0
-3.005	0
-3.004	0
-3.003	0
-3.002	0
-3.001	0
-3	0
-2.999	0
-2.998	0
-2.997	0
-2.996	0
-2.995	0
-2.994	0
-2.993	0
-2.992	0
-2.991	0
-2.99	0
-2.989	0
-2.988	0
-2.987	0
-2.986	0
-2.985	0
-2.984	0
-2.983	0
-2.982	0
-2.981	0
-2.98	0
-2.979	0
-2.978	0
-2.977	0
-2.976	0
-2.975	0
-2.974	0
-2.973	0
-2.972	0
-2.971	0
-2.97	0
-2.969	0
-2.968	0
-2.967	0
-2.966	0
-2.965	0
-2.964	0
-2.963	0
-2.962	0
-2.961	0
-2.96	0
-2.959	0
-2.958	0
-2.957	0
-2.956	0
-2.955	0
-2.954	0
-2.953	0
-2.952	0
-2.951	0
-2.95	0
-2.949	0
-2.948	0
-2.947	0
-2.946	0
-2.945	0
-2.944	0
-2.943	0
-2.942	0
-2.941	0
-2.94	0
-2.939	0
-2.938	0
-2.937	0
-2.936	0
-2.935	0
-2.934	0
-2.933	0
-2.932	0
-2.931	0
-2.93	0
-2.929	0
-2.928	0
-2.927	0
-2.926	0
-2.925	0
-2.924	0
-2.923	0
-2.922	0
-2.921	0
-2.92	0
-2.919	0
-2.918	0
-2.917	0
-2.916	0
-2.915	0
-2.914	0
-2.913	0
-2.912	0
-2.911	0
-2.91	0
-2.909	0
-2.908	0
-2.907	0
-2.906	0
-2.905	0
-2.904	0
-2.903	0
-2.902	0
-2.901	0
-2.9	0
-2.899	0
-2.898	0
-2.897	0
-2.896	0
-2.895	0
-2.894	0
-2.893	0
-2.892	0
-2.891	0
-2.89	0
-2.889	0
-2.888	0
-2.887	0
-2.886	0
-2.885	0
-2.884	0
-2.883	0
-2.882	0
-2.881	0
-2.88	0
-2.879	0
-2.878	0
-2.877	0
-2.876	0
-2.875	0
-2.874	0
-2.873	0
-2.872	0
-2.871	0
-2.87	0
-2.869	0
-2.868	0
-2.867	0
-2.866	0
-2.865	0
-2.864	0
-2.863	0
-2.862	0
-2.861	0
-2.86	0
-2.859	0
-2.858	0
-2.857	0
-2.856	0
-2.855	0
-2.854	0
-2.853	0
-2.852	0
-2.851	0
-2.85	0
-2.849	0
-2.848	0
-2.847	0
-2.846	0
-2.845	0
-2.844	0
-2.843	0
-2.842	0
-2.841	0
-2.84	0
-2.839	0
-2.838	0
-2.837	0
-2.836	0
-2.835	0
-2.834	0
-2.833	0
-2.832	0
-2.831	0
-2.83	0
-2.829	0
-2.828	0
-2.827	0
-2.826	0
-2.825	0
-2.824	0
-2.823	0
-2.822	0
-2.821	0
-2.82	0
-2.819	0
-2.818	0
-2.817	0
-2.816	0
-2.815	0
-2.814	0
-2.813	0
-2.812	0
-2.811	0
-2.81	0
-2.809	0
-2.808	0
-2.807	0
-2.806	0
-2.805	0
-2.804	0
-2.803	0
-2.802	0
-2.801	0
-2.8	0
-2.799	0
-2.798	0
-2.797	0
-2.796	0
-2.795	0
-2.794	0
-2.793	0
-2.792	0
-2.791	0
-2.79	0
-2.789	0
-2.788	0
-2.787	0
-2.786	0
-2.785	0
-2.784	0
-2.783	0
-2.782	0
-2.781	0
-2.78	0
-2.779	0
-2.778	0
-2.777	0
-2.776	0
-2.775	0
-2.774	0
-2.773	0
-2.772	0
-2.771	0
-2.77	0
-2.769	0
-2.768	0
-2.767	0
-2.766	0
-2.765	0
-2.764	0
-2.763	0
-2.762	0
-2.761	0
-2.76	0
-2.759	0
-2.758	0
-2.757	0
-2.756	0
-2.755	0
-2.754	0
-2.753	0
-2.752	0
-2.751	0
-2.75	0
-2.749	0
-2.748	0
-2.747	0
-2.746	0
-2.745	0
-2.744	0
-2.743	0
-2.742	0
-2.741	0
-2.74	0
-2.739	0
-2.738	0
-2.737	0
-2.736	0
-2.735	0
-2.734	0
-2.733	0
-2.732	0
-2.731	0
-2.73	0
-2.729	0
-2.728	0
-2.727	0
-2.726	0
-2.725	0
-2.724	0
-2.723	0
-2.722	0
-2.721	0
-2.72	0
-2.719	0
-2.718	0
-2.717	0
-2.716	0
-2.715	0
-2.714	0
-2.713	0
-2.712	0
-2.711	0
-2.71	0
-2.709	0
-2.708	0
-2.707	0
-2.706	0
-2.705	0
-2.704	0
-2.703	0
-2.702	0
-2.701	0
-2.7	0
-2.699	0
-2.698	0
-2.697	0
-2.696	0
-2.695	0
-2.694	0
-2.693	0
-2.692	0
-2.691	0
-2.69	0
-2.689	0
-2.688	0
-2.687	0
-2.686	0
-2.685	0
-2.684	0
-2.683	0
-2.682	0
-2.681	0
-2.68	0
-2.679	0
-2.678	0
-2.677	0
-2.676	0
-2.675	0
-2.674	0
-2.673	0
-2.672	0
-2.671	0
-2.67	0
-2.669	0
-2.668	0
-2.667	0
-2.666	0
-2.665	0
-2.664	0
-2.663	0
-2.662	0
-2.661	0
-2.66	0
-2.659	0
-2.658	0
-2.657	0
-2.656	0
-2.655	0
-2.654	0
-2.653	0
-2.652	0
-2.651	0
-2.65	0
-2.649	0
-2.648	0
-2.647	0
-2.646	0
-2.645	0
-2.644	0
-2.643	0
-2.642	0
-2.641	0
-2.64	0
-2.639	0
-2.638	0
-2.637	0
-2.636	0
-2.635	0
-2.634	0
-2.633	0
-2.632	0
-2.631	0
-2.63	0
-2.629	0
-2.628	0
-2.627	0
-2.626	0
-2.625	0
-2.624	0
-2.623	0
-2.622	0
-2.621	0
-2.62	0
-2.619	0
-2.618	0
-2.617	0
-2.616	0
-2.615	0
-2.614	0
-2.613	0
-2.612	0
-2.611	0
-2.61	0
-2.609	0
-2.608	0
-2.607	0
-2.606	0
-2.605	0
-2.604	0
-2.603	0
-2.602	0
-2.601	0
-2.6	0
-2.599	0
-2.598	0
-2.597	0
-2.596	0
-2.595	0
-2.594	0
-2.593	0
-2.592	0
-2.591	0
-2.59	0
-2.589	0
-2.588	0
-2.587	0
-2.586	0
-2.585	0
-2.584	0
-2.583	0
-2.582	0
-2.581	0
-2.58	0
-2.579	0
-2.578	0
-2.577	0
-2.576	0
-2.575	0
-2.574	0
-2.573	0
-2.572	0
-2.571	0
-2.57	0
-2.569	0
-2.568	0
-2.567	0
-2.566	0
-2.565	0
-2.564	0
-2.563	0
-2.562	0
-2.561	0
-2.56	0
-2.559	0
-2.558	0
-2.557	0
-2.556	0
-2.555	0
-2.554	0
-2.553	0
-2.552	0
-2.551	0
-2.55	0
-2.549	0
-2.548	0
-2.547	0
-2.546	0
-2.545	0
-2.544	0
-2.543	0
-2.542	0
-2.541	0
-2.54	0
-2.539	0
-2.538	0
-2.537	0
-2.536	0
-2.535	0
-2.534	0
-2.533	0
-2.532	0
-2.531	0
-2.53	0
-2.529	0
-2.528	0
-2.527	0
-2.526	0
-2.525	0
-2.524	0
-2.523	0
-2.522	0
-2.521	0
-2.52	0
-2.519	0
-2.518	0
-2.517	0
-2.516	0
-2.515	0
-2.514	0
-2.513	0
-2.512	0
-2.511	0
-2.51	0
-2.509	0
-2.508	0
-2.507	0
-2.506	0
-2.505	0
-2.504	0
-2.503	0
-2.502	0
-2.501	0
-2.5	0
-2.499	0
-2.498	0
-2.497	0
-2.496	0
-2.495	0
-2.494	0
-2.493	0
-2.492	0
-2.491	0
-2.49	0
-2.489	0
-2.488	0
-2.487	0
-2.486	0
-2.485	0
-2.484	0
-2.483	0
-2.482	0
-2.481	0
-2.48	0
-2.479	0
-2.478	0
-2.477	0
-2.476	0
-2.475	0
-2.474	0
-2.473	0
-2.472	0
-2.471	0
-2.47	0
-2.469	0
-2.468	0
-2.467	0
-2.466	0
-2.465	0
-2.464	0
-2.463	0
-2.462	0
-2.461	0
-2.46	0
-2.459	0
-2.458	0
-2.457	0
-2.456	0
-2.455	0
-2.454	0
-2.453	0
-2.452	0
-2.451	0
-2.45	0
-2.449	0
-2.448	0
-2.447	0
-2.446	0
-2.445	0
-2.444	0
-2.443	0
-2.442	0
-2.441	0
-2.44	0
-2.439	0
-2.438	0
-2.437	0
-2.436	0
-2.435	0
-2.434	0
-2.433	0
-2.432	0
-2.431	0
-2.43	0
-2.429	0
-2.428	0
-2.427	0
-2.426	0
-2.425	0
-2.424	0
-2.423	0
-2.422	0
-2.421	0
-2.42	0
-2.419	0
-2.418	0
-2.417	0
-2.416	0
-2.415	0
-2.414	0
-2.413	0
-2.412	0
-2.411	0
-2.41	0
-2.409	0
-2.408	0
-2.407	0
-2.406	0
-2.405	0
-2.404	0
-2.403	0
-2.402	0
-2.401	0
-2.4	0
-2.399	0
-2.398	0
-2.397	0
-2.396	0
-2.395	0
-2.394	0
-2.393	0
-2.392	0
-2.391	0
-2.39	0
-2.389	0
-2.388	0
-2.387	0
-2.386	0
-2.385	0
-2.384	0
-2.383	0
-2.382	0
-2.381	0
-2.38	0
-2.379	0
-2.378	0
-2.377	0
-2.376	0
-2.375	0
-2.374	0
-2.373	0
-2.372	0
-2.371	0
-2.37	0
-2.369	0
-2.368	0
-2.367	0
-2.366	0
-2.365	0
-2.364	0
-2.363	0
-2.362	0
-2.361	0
-2.36	0
-2.359	0
-2.358	0
-2.357	0
-2.356	0
-2.355	0
-2.354	0
-2.353	0
-2.352	0
-2.351	0
-2.35	0
-2.349	0
-2.348	0
-2.347	0
-2.346	0
-2.345	0
-2.344	0
-2.343	0
-2.342	0
-2.341	0
-2.34	0
-2.339	0
-2.338	0
-2.337	0
-2.336	0
-2.335	0
-2.334	0
-2.333	0
-2.332	0
-2.331	0
-2.33	0
-2.329	0
-2.328	0
-2.327	0
-2.326	0
-2.325	0
-2.324	0
-2.323	0
-2.322	0
-2.321	0
-2.32	0
-2.319	0
-2.318	0
-2.317	0
-2.316	0
-2.315	0
-2.314	0
-2.313	0
-2.312	0
-2.311	0
-2.31	0
-2.309	0
-2.308	0
-2.307	0
-2.306	0
-2.305	0
-2.304	0
-2.303	0
-2.302	0
-2.301	0
-2.3	0
-2.299	0
-2.298	0
-2.297	0
-2.296	0
-2.295	0
-2.294	0
-2.293	0
-2.292	0
-2.291	0
-2.29	0
-2.289	0
-2.288	0
-2.287	0
-2.286	0
-2.285	0
-2.284	0
-2.283	0
-2.282	0
-2.281	0
-2.28	0
-2.279	0
-2.278	0
-2.277	0
-2.276	0
-2.275	0
-2.274	0
-2.273	0
-2.272	0
-2.271	0
-2.27	0
-2.269	0
-2.268	0
-2.267	0
-2.266	0
-2.265	0
-2.264	0
-2.263	0
-2.262	0
-2.261	0
-2.26	0
-2.259	0
-2.258	0
-2.257	0
-2.256	0
-2.255	0
-2.254	0
-2.253	0
-2.252	0
-2.251	0
-2.25	0
-2.249	0
-2.248	0
-2.247	0
-2.246	0
-2.245	0
-2.244	0
-2.243	0
-2.242	0
-2.241	0
-2.24	0
-2.239	0
-2.238	0
-2.237	0
-2.236	0
-2.235	0
-2.234	0
-2.233	0
-2.232	0
-2.231	0
-2.23	0
-2.229	0
-2.228	0
-2.227	0
-2.226	0
-2.225	0
-2.224	0
-2.223	0
-2.222	0
-2.221	0
-2.22	0
-2.219	0
-2.218	0
-2.217	0
-2.216	0
-2.215	0
-2.214	0
-2.213	0
-2.212	0
-2.211	0
-2.21	0
-2.209	0
-2.208	0
-2.207	0
-2.206	0
-2.205	0
-2.204	0
-2.203	0
-2.202	0
-2.201	0
-2.2	0
-2.199	0
-2.198	0
-2.197	0
-2.196	0
-2.195	0
-2.194	0
-2.193	0
-2.192	0
-2.191	0
-2.19	0
-2.189	0
-2.188	0
-2.187	0
-2.186	0
-2.185	0
-2.184	0
-2.183	0
-2.182	0
-2.181	0
-2.18	0
-2.179	0
-2.178	0
-2.177	0
-2.176	0
-2.175	0
-2.174	0
-2.173	0
-2.172	1.4155e-077
-2.171	3.18152e-076
-2.17	1.68445e-075
-2.169	5.89979e-075
-2.168	1.86033e-074
-2.167	6.49403e-074
-2.166	2.44493e-073
-2.165	9.45258e-073
-2.164	3.66831e-072
-2.163	1.41696e-071
-2.162	5.437e-071
-2.161	2.07153e-070
-2.16	7.83881e-070
-2.159	2.94615e-069
-2.158	1.09976e-068
-2.157	4.07732e-068
-2.156	1.5013e-067
-2.155	5.48993e-067
-2.154	1.99367e-066
-2.153	7.18977e-066
-2.152	2.57475e-065
-2.151	9.15588e-065
-2.15	3.2329e-064
-2.149	1.13344e-063
-2.148	3.94546e-063
-2.147	1.36357e-062
-2.146	4.67867e-062
-2.145	1.59372e-061
-2.144	5.3893e-061
-2.143	1.80911e-060
-2.142	6.02824e-060
-2.141	1.99386e-059
-2.14	6.54568e-059
-2.139	2.13283e-058
-2.138	6.89728e-058
-2.137	2.21362e-057
-2.136	7.05033e-057
-2.135	2.22833e-056
-2.134	6.98864e-056
-2.133	2.17484e-055
-2.132	6.71529e-055
-2.131	2.05723e-054
-2.13	6.25258e-054
-2.129	1.88527e-053
-2.128	5.63899e-053
-2.127	1.6731e-052
-2.126	4.92393e-052
-2.125	1.4373e-051
-2.124	4.16105e-051
-2.123	1.19469e-050
-2.122	3.40158e-050
-2.121	9.60399e-050
-2.12	2.6887e-049
-2.119	7.46323e-049
-2.118	2.05389e-048
-2.117	5.6036e-048
-2.116	1.51554e-047
-2.115	4.06301e-047
-2.114	1.07964e-046
-2.113	2.84338e-046
-2.112	7.42128e-046
-2.111	1.91947e-045
-2.11	4.91938e-045
-2.109	1.2492e-044
-2.108	3.14276e-044
-2.107	7.83277e-044
-2.106	1.93378e-043
-2.105	4.72877e-043
-2.104	1.14526e-042
-2.103	2.74682e-042
-2.102	6.52367e-042
-2.101	1.53407e-041
-2.1	3.57149e-041
-2.099	8.23112e-041
-2.098	1.87771e-040
-2.097	4.23949e-040
-2.096	9.47247e-040
-2.095	2.09425e-039
-2.094	4.581e-039
-2.093	9.91292e-039
-2.092	2.12177e-038
-2.091	4.49152e-038
-2.09	9.40211e-038
-2.089	1.94595e-037
-2.088	3.98152e-037
-2.087	8.05207e-037
-2.086	1.6093e-036
-2.085	3.17804e-036
-2.084	6.20011e-036
-2.083	1.19474e-035
-2.082	2.27348e-035
-2.081	4.27131e-035
-2.08	7.9211e-035
-2.079	1.44963e-034
-2.078	2.61737e-034
-2.077	4.66107e-034
-2.076	8.18445e-034
-2.075	1.41656e-033
-2.074	2.41582e-033
-2.073	4.05799e-033
-2.072	6.71099e-033
-2.071	1.09215e-032
-2.07	1.7481e-032
-2.069	2.75025e-032
-2.068	4.25011e-032
-2.067	6.44623e-032
-2.066	9.58705e-032
-2.065	1.39656e-031
-2.064	1.99004e-031
-2.063	2.76945e-031
-2.062	3.7566e-031
-2.061	4.95427e-031
-2.06	6.33193e-031
-2.059	7.80878e-031
-2.058	9.23693e-031
-2.057	1.03906e-030
-2.056	1.09714e-030
-2.055	1.06461e-030
-2.054	9.13824e-031
-2.053	6.40604e-031
-2.052	2.9425e-031
-2.051	2.44319e-032
-2.05	1.49786e-031
-2.049	1.25327e-030
-2.048	4.30891e-030
-2.047	1.08438e-029
-2.046	2.31377e-029
-2.045	4.44622e-029
-2.044	7.93582e-029
-2.043	1.33951e-028
-2.042	2.16305e-028
-2.041	3.36811e-028
-2.04	5.08614e-028
-2.039	7.48089e-028
-2.038	1.07536e-027
-2.037	1.5149e-027
-2.036	2.09617e-027
-2.035	2.85436e-027
-2.034	3.83127e-027
-2.033	5.07617e-027
-2.032	6.64689e-027
-2.031	8.61082e-027
-2.03	1.10461e-026
-2.029	1.40427e-026
-2.028	1.77036e-026
-2.027	2.21458e-026
-2.026	2.75016e-026
-2.025	3.3919e-026
-2.024	4.15631e-026
-2.023	5.06167e-026
-2.022	6.12815e-026
-2.021	7.37782e-026
-2.02	8.83482e-026
-2.019	1.05254e-025
-2.018	1.2478e-025
-2.017	1.47234e-025
-2.016	1.72945e-025
-2.015	2.02268e-025
-2.014	2.35576e-025
-2.013	2.73267e-025
-2.012	3.15758e-025
-2.011	3.63484e-025
-2.01	4.16894e-025
-2.009	4.76449e-025
-2.008	5.42621e-025
-2.007	6.15886e-025
-2.006	6.96723e-025
-2.005	7.85612e-025
-2.004	8.83023e-025
-2.003	9.89421e-025
-2.002	1.10526e-024
-2.001	1.23097e-024
-2	1.36695e-024
-1.999	1.51359e-024
-1.998	1.67121e-024
-1.997	1.84012e-024
-1.996	2.02055e-024
-1.995	2.2127e-024
-1.994	2.41668e-024
-1.993	2.63255e-024
-1.992	2.86028e-024
-1.991	3.09977e-024
-1.99	3.35082e-024
-1.989	3.61314e-024
-1.988	3.88633e-024
-1.987	4.1699e-024
-1.986	4.46326e-024
-1.985	4.76567e-024
-1.984	5.0763e-024
-1.983	5.39418e-024
-1.982	5.71825e-024
-1.981	6.0473e-024
-1.98	6.38003e-024
-1.979	6.71497e-024
-1.978	7.05055e-024
-1.977	7.38506e-024
-1.976	7.71671e-024
-1.975	8.04355e-024
-1.974	8.36357e-024
-1.973	8.6746e-024
-1.972	8.97441e-024
-1.971	9.26072e-024
-1.97	9.53118e-024
-1.969	9.78338e-024
-1.968	1.00149e-023
-1.967	1.02234e-023
-1.966	1.04066e-023
-1.965	1.05623e-023
-1.964	1.06883e-023
-1.963	1.07829e-023
-1.962	1.08446e-023
-1.961	1.08719e-023
-1.96	1.08643e-023
-1.959	1.08213e-023
-1.958	1.07432e-023
-1.957	1.06309e-023
-1.956	1.04863e-023
-1.955	1.03118e-023
-1.954	1.01111e-023
-1.953	9.88887e-024
-1.952	9.65104e-024
-1.951	9.40489e-024
-1.95	9.1591e-024
-1.949	8.92404e-024
-1.948	8.71174e-024
-1.947	8.53615e-024
-1.946	8.41304e-024
-1.945	8.36034e-024
-1.944	8.39817e-024
-1.943	8.54882e-024
-1.942	8.83704e-024
-1.941	9.28995e-024
-1.94	9.93719e-024
-1.939	1.0811e-023
-1.938	1.19461e-023
-1.937	1.338e-023
-1.936	1.51526e-023
-1.935	1.73065e-023
-1.934	1.98866e-023
-1.933	2.294e-023
-1.932	2.65162e-023
-1.931	3.06663e-023
-1.93	3.54431e-023
-1.929	4.09006e-023
-1.928	4.70938e-023
-1.927	5.40783e-023
-1.926	6.19093e-023
-1.925	7.06421e-023
-1.924	8.03306e-023
-1.923	9.10269e-023
-1.922	1.02781e-022
-1.921	1.15639e-022
-1.92	1.29644e-022
-1.919	1.44834e-022
-1.918	1.6124e-022
-1.917	1.78888e-022
-1.916	1.97794e-022
-1.915	2.17968e-022
-1.914	2.3941e-022
-1.913	2.62107e-022
-1.912	2.86037e-022
-1.911	3.11165e-022
-1.91	3.37443e-022
-1.909	3.6481e-022
-1.908	3.93187e-022
-1.907	4.22484e-022
-1.906	4.52593e-022
-1.905	4.8339e-022
-1.904	5.14735e-022
-1.903	5.46472e-022
-1.902	5.78428e-022
-1.901	6.10416e-022
-1.9	6.42232e-022
-1.899	6.73659e-022
-1.898	7.04468e-022
-1.897	7.34417e-022
-1.896	7.63255e-022
-1.895	7.90725e-022
-1.894	8.16564e-022
-1.893	8.4051e-022
-1.892	8.62304e-022
-1.891	8.81693e-022
-1.89	8.98434e-022
-1.889	9.12303e-022
-1.888	9.23097e-022
-1.887	9.30642e-022
-1.886	9.34795e-022
-1.885	9.35461e-022
-1.884	9.3259e-022
-1.883	9.26187e-022
-1.882	9.16324e-022
-1.881	9.03149e-022
-1.88	8.86893e-022
-1.879	8.67878e-022
-1.878	8.46534e-022
-1.877	8.23405e-022
-1.876	7.99154e-022
-1.875	7.74586e-022
-1.874	7.50647e-022
-1.873	7.28444e-022
-1.872	7.09246e-022
-1.871	6.94503e-022
-1.87	6.85847e-022
-1.869	6.85109e-022
-1.868	6.94323e-022
-1.867	7.1573e-022
-1.866	7.51792e-022
-1.865	8.05189e-022
-1.864	8.78832e-022
-1.863	9.75851e-022
-1.862	1.09961e-021
-1.861	1.25368e-021
-1.86	1.44187e-021
-1.859	1.6682e-021
-1.858	1.93687e-021
-1.857	2.25229e-021
-1.856	2.61903e-021
-1.855	3.04181e-021
-1.854	3.52549e-021
-1.853	4.07502e-021
-1.852	4.69542e-021
-1.851	5.39176e-021
-1.85	6.16908e-021
-1.849	7.03239e-021
-1.848	7.98664e-021
-1.847	9.03658e-021
-1.846	1.01868e-020
-1.845	1.14416e-020
-1.844	1.2805e-020
-1.843	1.42807e-020
-1.842	1.58718e-020
-1.841	1.75809e-020
-1.84	1.94101e-020
-1.839	2.13607e-020
-1.838	2.34333e-020
-1.837	2.56278e-020
-1.836	2.79429e-020
-1.835	3.03766e-020
-1.834	3.29257e-020
-1.833	3.55859e-020
-1.832	3.83517e-020
-1.831	4.12165e-020
-1.83	4.41721e-020
-1.829	4.72093e-020
-1.828	5.03174e-020
-1.827	5.34842e-020
-1.826	5.66963e-020
-1.825	5.99388e-020
-1.824	6.31957e-020
-1.823	6.64495e-020
-1.822	6.96816e-020
-1.821	7.28723e-020
-1.82	7.60008e-020
-1.819	7.90457e-020
-1.818	8.19849e-020
-1.817	8.47956e-020
-1.816	8.74551e-020
-1.815	8.99409e-020
-1.814	9.22304e-020
-1.813	9.43022e-020
-1.812	9.61359e-020
-1.811	9.77128e-020
-1.81	9.90158e-020
-1.809	1.0003e-019
-1.808	1.00745e-019
-1.807	1.01152e-019
-1.806	1.01248e-019
-1.805	1.01032e-019
-1.804	1.00513e-019
-1.803	9.97008e-020
-1.802	9.86162e-020
-1.801	9.72848e-020
-1.8	9.57416e-020
-1.799	9.40301e-020
-1.798	9.22029e-020
-1.797	9.03231e-020
-1.796	8.8465e-020
-1.795	8.67144e-020
-1.794	8.51688e-020
-1.793	8.3939e-020
-1.792	8.31482e-020
-1.791	8.29346e-020
-1.79	8.34493e-020
-1.789	8.48581e-020
-1.788	8.73418e-020
-1.787	9.10952e-020
-1.786	9.6328e-020
-1.785	1.03264e-019
-1.784	1.12142e-019
-1.783	1.23212e-019
-1.782	1.3674e-019
-1.781	1.53001e-019
-1.78	1.72283e-019
-1.779	1.94883e-019
-1.778	2.21105e-019
-1.777	2.51262e-019
-1.776	2.85669e-019
-1.775	3.24646e-019
-1.774	3.6851e-019
-1.773	4.17577e-019
-1.772	4.72159e-019
-1.771	5.32557e-019
-1.77	5.99062e-019
-1.769	6.71948e-019
-1.768	7.51473e-019
-1.767	8.37869e-019
-1.766	9.31344e-019
-1.765	1.03207e-018
-1.764	1.1402e-018
-1.763	1.25582e-018
-1.762	1.37899e-018
-1.761	1.50973e-018
-1.76	1.64798e-018
-1.759	1.79366e-018
-1.758	1.9466e-018
-1.757	2.10658e-018
-1.756	2.27332e-018
-1.755	2.44645e-018
-1.754	2.62553e-018
-1.753	2.81006e-018
-1.752	2.99947e-018
-1.751	3.19308e-018
-1.75	3.39017e-018
-1.749	3.58992e-018
-1.748	3.79145e-018
-1.747	3.99378e-018
-1.746	4.19589e-018
-1.745	4.39671e-018
-1.744	4.59508e-018
-1.743	4.78981e-018
-1.742	4.97967e-018
-1.741	5.1634e-018
-1.74	5.33973e-018
-1.739	5.50737e-018
-1.738	5.66507e-018
-1.737	5.81157e-018
-1.736	5.9457e-018
-1.735	6.06635e-018
-1.734	6.17249e-018
-1.733	6.26319e-018
-1.732	6.33771e-018
-1.731	6.39542e-018
-1.73	6.43594e-018
-1.729	6.45906e-018
-1.728	6.46488e-018
-1.727	6.45374e-018
-1.726	6.42633e-018
-1.725	6.38369e-018
-1.724	6.3272e-018
-1.723	6.25874e-018
-1.722	6.18056e-018
-1.721	6.09543e-018
-1.72	6.00663e-018
-1.719	5.91798e-018
-1.718	5.83386e-018
-1.717	5.75926e-018
-1.716	5.69977e-018
-1.715	5.66163e-018
-1.714	5.65174e-018
-1.713	5.67763e-018
-1.712	5.74752e-018
-1.711	5.87032e-018
-1.71	6.05556e-018
-1.709	6.31347e-018
-1.708	6.65491e-018
-1.707	7.09133e-018
-1.706	7.63477e-018
-1.705	8.29784e-018
-1.704	9.09359e-018
-1.703	1.00355e-017
-1.702	1.11375e-017
-1.701	1.24138e-017
-1.7	1.38786e-017
-1.699	1.55464e-017
-1.698	1.74318e-017
-1.697	1.95491e-017
-1.696	2.19123e-017
-1.695	2.45353e-017
-1.694	2.74312e-017
-1.693	3.06125e-017
-1.692	3.40912e-017
-1.691	3.78778e-017
-1.69	4.19819e-017
-1.689	4.6412e-017
-1.688	5.11746e-017
-1.687	5.62749e-017
-1.686	6.17161e-017
-1.685	6.74995e-017
-1.684	7.3624e-017
-1.683	8.00862e-017
-1.682	8.68802e-017
-1.681	9.39975e-017
-1.68	1.01427e-016
-1.679	1.09154e-016
-1.678	1.17161e-016
-1.677	1.25429e-016
-1.676	1.33933e-016
-1.675	1.42647e-016
-1.674	1.51541e-016
-1.673	1.60583e-016
-1.672	1.69735e-016
-1.671	1.7896e-016
-1.67	1.88216e-016
-1.669	1.97459e-016
-1.668	2.06641e-016
-1.667	2.15716e-016
-1.666	2.24632e-016
-1.665	2.33338e-016
-1.664	2.41782e-016
-1.663	2.49912e-016
-1.662	2.57676e-016
-1.661	2.65023e-016
-1.66	2.71903e-016
-1.659	2.7827e-016
-1.658	2.84079e-016
-1.657	2.8929e-016
-1.656	2.9387e-016
-1.655	2.97788e-016
-1.654	3.01023e-016
-1.653	3.0356e-016
-1.652	3.05396e-016
-1.651	3.06533e-016
-1.65	3.06988e-016
-1.649	3.06789e-016
-1.648	3.05979e-016
-1.647	3.04614e-016
-1.646	3.02763e-016
-1.645	3.00517e-016
-1.644	2.97981e-016
-1.643	2.95278e-016
-1.642	2.92553e-016
-1.641	2.89969e-016
-1.64	2.8771e-016
-1.639	2.85982e-016
-1.638	2.85013e-016
-1.637	2.85053e-016
-1.636	2.86372e-016
-1.635	2.89265e-016
-1.634	2.94048e-016
-1.633	3.01057e-016
-1.632	3.10649e-016
-1.631	3.23203e-016
-1.63	3.39114e-016
-1.629	3.58794e-016
-1.628	3.82671e-016
-1.627	4.11188e-016
-1.626	4.44797e-016
-1.625	4.83957e-016
-1.624	5.29138e-016
-1.623	5.80808e-016
-1.622	6.39436e-016
-1.621	7.05485e-016
-1.62	7.7941e-016
-1.619	8.61657e-016
-1.618	9.52649e-016
-1.617	1.05279e-015
-1.616	1.16246e-015
-1.615	1.282e-015
-1.614	1.41173e-015
-1.613	1.55191e-015
-1.612	1.70275e-015
-1.611	1.86444e-015
-1.61	2.03708e-015
-1.609	2.22071e-015
-1.608	2.41533e-015
-1.607	2.62083e-015
-1.606	2.83705e-015
-1.605	3.06374e-015
-1.604	3.30058e-015
-1.603	3.54713e-015
-1.602	3.8029e-015
-1.601	4.06728e-015
-1.6	4.33958e-015
-1.599	4.61902e-015
-1.598	4.90471e-015
-1.597	5.1957e-015
-1.596	5.49092e-015
-1.595	5.78923e-015
-1.594	6.08942e-015
-1.593	6.3902e-015
-1.592	6.6902e-015
-1.591	6.988e-015
-1.59	7.28215e-015
-1.589	7.57116e-015
-1.588	7.85351e-015
-1.587	8.12766e-015
-1.586	8.3921e-015
-1.585	8.64533e-015
-1.584	8.88592e-015
-1.583	9.11246e-015
-1.582	9.32368e-015
-1.581	9.51836e-015
-1.58	9.69546e-015
-1.579	9.85407e-015
-1.578	9.99348e-015
-1.577	1.01132e-014
-1.576	1.02128e-014
-1.575	1.02925e-014
-1.574	1.03524e-014
-1.573	1.03931e-014
-1.572	1.04156e-014
-1.571	1.04212e-014
-1.57	1.04116e-014
-1.569	1.03888e-014
-1.568	1.03555e-014
-1.567	1.03147e-014
-1.566	1.02698e-014
-1.565	1.02248e-014
-1.564	1.01844e-014
-1.563	1.01534e-014
-1.562	1.01375e-014
-1.561	1.01428e-014
-1.56	1.01758e-014
-1.559	1.02437e-014
-1.558	1.03543e-014
-1.557	1.05156e-014
-1.556	1.07363e-014
-1.555	1.10255e-014
-1.554	1.13927e-014
-1.553	1.18478e-014
-1.552	1.24012e-014
-1.551	1.30631e-014
-1.55	1.38446e-014
-1.549	1.47564e-014
-1.548	1.58096e-014
-1.547	1.70152e-014
-1.546	1.83843e-014
-1.545	1.99276e-014
-1.544	2.16558e-014
-1.543	2.35792e-014
-1.542	2.57076e-014
-1.541	2.80503e-014
-1.54	3.0616e-014
-1.539	3.34125e-014
-1.538	3.64469e-014
-1.537	3.97253e-014
-1.536	4.32525e-014
-1.535	4.70325e-014
-1.534	5.10675e-014
-1.533	5.53586e-014
-1.532	5.99053e-014
-1.531	6.47054e-014
-1.53	6.97552e-014
-1.529	7.50491e-014
-1.528	8.05798e-014
-1.527	8.63377e-014
-1.526	9.23116e-014
-1.525	9.84884e-014
-1.524	1.04853e-013
-1.523	1.11388e-013
-1.522	1.18074e-013
-1.521	1.2489e-013
-1.52	1.31815e-013
-1.519	1.38822e-013
-1.518	1.45886e-013
-1.517	1.52978e-013
-1.516	1.60071e-013
-1.515	1.67135e-013
-1.514	1.74137e-013
-1.513	1.81047e-013
-1.512	1.87831e-013
-1.511	1.9446e-013
-1.51	2.00899e-013
-1.509	2.07119e-013
-1.508	2.13088e-013
-1.507	2.18778e-013
-1.506	2.24162e-013
-1.505	2.29214e-013
-1.504	2.33912e-013
-1.503	2.38237e-013
-1.502	2.42173e-013
-1.501	2.4571e-013
-1.5	2.48839e-013
-1.499	2.51558e-013
-1.498	2.53873e-013
-1.497	2.55793e-013
-1.496	2.57334e-013
-1.495	2.58519e-013
-1.494	2.59378e-013
-1.493	2.59952e-013
-1.492	2.60286e-013
-1.491	2.60436e-013
-1.49	2.60466e-013
-1.489	2.60448e-013
-1.488	2.60466e-013
-1.487	2.60611e-013
-1.486	2.60984e-013
-1.485	2.61696e-013
-1.484	2.62867e-013
-1.483	2.64624e-013
-1.482	2.67107e-013
-1.481	2.70461e-013
-1.48	2.7484e-013
-1.479	2.80406e-013
-1.478	2.87328e-013
-1.477	2.95781e-013
-1.476	3.05944e-013
-1.475	3.18e-013
-1.474	3.32139e-013
-1.473	3.48549e-013
-1.472	3.67419e-013
-1.471	3.88942e-013
-1.47	4.13303e-013
-1.469	4.40689e-013
-1.468	4.71277e-013
-1.467	5.05241e-013
-1.466	5.42746e-013
-1.465	5.83947e-013
-1.464	6.28985e-013
-1.463	6.77991e-013
-1.462	7.31076e-013
-1.461	7.8834e-013
-1.46	8.49859e-013
-1.459	9.15688e-013
-1.458	9.85864e-013
-1.457	1.0604e-012
-1.456	1.13927e-012
-1.455	1.22245e-012
-1.454	1.30987e-012
-1.453	1.40142e-012
-1.452	1.49697e-012
-1.451	1.59638e-012
-1.45	1.69945e-012
-1.449	1.80596e-012
-1.448	1.91567e-012
-1.447	2.02829e-012
-1.446	2.14352e-012
-1.445	2.26101e-012
-1.444	2.3804e-012
-1.443	2.5013e-012
-1.442	2.62329e-012
-1.441	2.74594e-012
-1.44	2.8688e-012
-1.439	2.99138e-012
-1.438	3.11322e-012
-1.437	3.23382e-012
-1.436	3.35269e-012
-1.435	3.46933e-012
-1.434	3.58327e-012
-1.433	3.69403e-012
-1.432	3.80114e-012
-1.431	3.90417e-012
-1.43	4.00272e-012
-1.429	4.09641e-012
-1.428	4.1849e-012
-1.427	4.26792e-012
-1.426	4.34524e-012
-1.425	4.41669e-012
-1.424	4.48217e-012
-1.423	4.54165e-012
-1.422	4.59519e-012
-1.421	4.64292e-012
-1.42	4.68509e-012
-1.419	4.72203e-012
-1.418	4.75416e-012
-1.417	4.78204e-012
-1.416	4.80633e-012
-1.415	4.82779e-012
-1.414	4.84733e-012
-1.413	4.86595e-012
-1.412	4.8848e-012
-1.411	4.90512e-012
-1.41	4.92832e-012
-1.409	4.95589e-012
-1.408	4.98946e-012
-1.407	5.03075e-012
-1.406	5.08163e-012
-1.405	5.14404e-012
-1.404	5.22004e-012
-1.403	5.31176e-012
-1.402	5.4214e-012
-1.401	5.55128e-012
-1.4	5.70373e-012
-1.399	5.88112e-012
-1.398	6.08588e-012
-1.397	6.32043e-012
-1.396	6.5872e-012
-1.395	6.88857e-012
-1.394	7.22693e-012
-1.393	7.60456e-012
-1.392	8.02372e-012
-1.391	8.4865e-012
-1.39	8.99493e-012
-1.389	9.55086e-012
-1.388	1.0156e-011
-1.387	1.08119e-011
-1.386	1.15198e-011
-1.385	1.22809e-011
-1.384	1.30959e-011
-1.383	1.39656e-011
-1.382	1.48901e-011
-1.381	1.58695e-011
-1.38	1.69035e-011
-1.379	1.79914e-011
-1.378	1.91323e-011
-1.377	2.0325e-011
-1.376	2.15676e-011
-1.375	2.28582e-011
-1.374	2.41944e-011
-1.373	2.55735e-011
-1.372	2.69924e-011
-1.371	2.84477e-011
-1.37	2.99355e-011
-1.369	3.14519e-011
-1.368	3.29924e-011
-1.367	3.45525e-011
-1.366	3.61272e-011
-1.365	3.77114e-011
-1.364	3.92999e-011
-1.363	4.08871e-011
-1.362	4.24677e-011
-1.361	4.4036e-011
-1.36	4.55864e-011
-1.359	4.71135e-011
-1.358	4.86117e-011
-1.357	5.00758e-011
-1.356	5.15008e-011
-1.355	5.28819e-011
-1.354	5.42148e-011
-1.353	5.54954e-011
-1.352	5.67204e-011
-1.351	5.78866e-011
-1.35	5.89918e-011
-1.349	6.00344e-011
-1.348	6.10135e-011
-1.347	6.19291e-011
-1.346	6.2782e-011
-1.345	6.35739e-011
-1.344	6.43076e-011
-1.343	6.4987e-011
-1.342	6.56168e-011
-1.341	6.62032e-011
-1.34	6.67533e-011
-1.339	6.72753e-011
-1.338	6.77791e-011
-1.337	6.82752e-011
-1.336	6.87756e-011
-1.335	6.92937e-011
-1.334	6.98437e-011
-1.333	7.04412e-011
-1.332	7.11028e-011
-1.331	7.18462e-011
-1.33	7.26901e-011
-1.329	7.36543e-011
-1.328	7.47593e-011
-1.327	7.60263e-011
-1.326	7.74771e-011
-1.325	7.91342e-011
-1.324	8.10206e-011
-1.323	8.31593e-011
-1.322	8.55735e-011
-1.321	8.82863e-011
-1.32	9.1321e-011
-1.319	9.47e-011
-1.318	9.84454e-011
-1.317	1.02579e-010
-1.316	1.0712e-010
-1.315	1.12089e-010
-1.314	1.17504e-010
-1.313	1.2338e-010
-1.312	1.29734e-010
-1.311	1.36578e-010
-1.31	1.43923e-010
-1.309	1.51777e-010
-1.308	1.60149e-010
-1.307	1.6904e-010
-1.306	1.78453e-010
-1.305	1.88386e-010
-1.304	1.98834e-010
-1.303	2.09791e-010
-1.302	2.21246e-010
-1.301	2.33185e-010
-1.3	2.45592e-010
-1.299	2.58447e-010
-1.298	2.71727e-010
-1.297	2.85407e-010
-1.296	2.99457e-010
-1.295	3.13846e-010
-1.294	3.2854e-010
-1.293	3.43502e-010
-1.292	3.58692e-010
-1.291	3.74069e-010
-1.29	3.89591e-010
-1.289	4.05212e-010
-1.288	4.20887e-010
-1.287	4.3657e-010
-1.286	4.52211e-010
-1.285	4.67766e-010
-1.284	4.83187e-010
-1.283	4.98428e-010
-1.282	5.13443e-010
-1.281	5.28192e-010
-1.28	5.42632e-010
-1.279	5.56726e-010
-1.278	5.70441e-010
-1.277	5.83744e-010
-1.276	5.96611e-010
-1.275	6.09018e-010
-1.274	6.20952e-010
-1.273	6.32402e-010
-1.272	6.43365e-010
-1.271	6.53844e-010
-1.27	6.63849e-010
-1.269	6.73399e-010
-1.268	6.82521e-010
-1.267	6.9125e-010
-1.266	6.99627e-010
-1.265	7.07706e-010
-1.264	7.15548e-010
-1.263	7.23223e-010
-1.262	7.3081e-010
-1.261	7.38399e-010
-1.26	7.46085e-010
-1.259	7.53977e-010
-1.258	7.62188e-010
-1.257	7.70841e-010
-1.256	7.80067e-010
-1.255	7.90006e-010
-1.254	8.00801e-010
-1.253	8.12603e-010
-1.252	8.25569e-010
-1.251	8.39861e-010
-1.25	8.55642e-010
-1.249	8.73079e-010
-1.248	8.92344e-010
-1.247	9.13605e-010
-1.246	9.37031e-010
-1.245	9.62793e-010
-1.244	9.91052e-010
-1.243	1.02197e-009
-1.242	1.05571e-009
-1.241	1.0924e-009
-1.24	1.13221e-009
-1.239	1.17525e-009
-1.238	1.22165e-009
-1.237	1.27152e-009
-1.236	1.32495e-009
-1.235	1.38204e-009
-1.234	1.44283e-009
-1.233	1.50739e-009
-1.232	1.57575e-009
-1.231	1.64792e-009
-1.23	1.7239e-009
-1.229	1.80367e-009
-1.228	1.88718e-009
-1.227	1.97437e-009
-1.226	2.06515e-009
-1.225	2.15942e-009
-1.224	2.25706e-009
-1.223	2.35791e-009
-1.222	2.46181e-009
-1.221	2.56857e-009
-1.22	2.678e-009
-1.219	2.78986e-009
-1.218	2.90393e-009
-1.217	3.01994e-009
-1.216	3.13764e-009
-1.215	3.25673e-009
-1.214	3.37695e-009
-1.213	3.49799e-009
-1.212	3.61955e-009
-1.211	3.74134e-009
-1.21	3.86304e-009
-1.209	3.98437e-009
-1.208	4.10502e-009
-1.207	4.22472e-009
-1.206	4.34319e-009
-1.205	4.46016e-009
-1.204	4.57541e-009
-1.203	4.68871e-009
-1.202	4.79987e-009
-1.201	4.90872e-009
-1.2	5.01512e-009
-1.199	5.11897e-009
-1.198	5.2202e-009
-1.197	5.31878e-009
-1.196	5.41473e-009
-1.195	5.50811e-009
-1.194	5.59901e-009
-1.193	5.68759e-009
-1.192	5.77407e-009
-1.191	5.85867e-009
-1.19	5.94172e-009
-1.189	6.02357e-009
-1.188	6.10463e-009
-1.187	6.18537e-009
-1.186	6.26631e-009
-1.185	6.348e-009
-1.184	6.43108e-009
-1.183	6.5162e-009
-1.182	6.60411e-009
-1.181	6.69552e-009
-1.18	6.79127e-009
-1.179	6.89218e-009
-1.178	6.99912e-009
-1.177	7.113e-009
-1.176	7.23474e-009
-1.175	7.36529e-009
-1.174	7.5056e-009
-1.173	7.65664e-009
-1.172	7.81938e-009
-1.171	7.99479e-009
-1.17	8.18383e-009
-1.169	8.38741e-009
-1.168	8.60647e-009
-1.167	8.84188e-009
-1.166	9.0945e-009
-1.165	9.36511e-009
-1.164	9.65447e-009
-1.163	9.96326e-009
-1.162	1.02921e-008
-1.161	1.06416e-008
-1.16	1.10121e-008
-1.159	1.14041e-008
-1.158	1.18179e-008
-1.157	1.22537e-008
-1.156	1.27116e-008
-1.155	1.31916e-008
-1.154	1.36937e-008
-1.153	1.42176e-008
-1.152	1.4763e-008
-1.151	1.53295e-008
-1.15	1.59166e-008
-1.149	1.65237e-008
-1.148	1.715e-008
-1.147	1.77948e-008
-1.146	1.84571e-008
-1.145	1.91358e-008
-1.144	1.98299e-008
-1.143	2.05382e-008
-1.142	2.12594e-008
-1.141	2.19922e-008
-1.14	2.27352e-008
-1.139	2.3487e-008
-1.138	2.42461e-008
-1.137	2.50111e-008
-1.136	2.57806e-008
-1.135	2.65528e-008
-1.134	2.73266e-008
-1.133	2.81003e-008
-1.132	2.88727e-008
-1.131	2.96424e-008
-1.13	3.04081e-008
-1.129	3.11688e-008
-1.128	3.19233e-008
-1.127	3.26709e-008
-1.126	3.34105e-008
-1.125	3.41417e-008
-1.124	3.4864e-008
-1.123	3.5577e-008
-1.122	3.62807e-008
-1.121	3.69752e-008
-1.12	3.76608e-008
-1.119	3.83379e-008
-1.118	3.90075e-008
-1.117	3.96705e-008
-1.116	4.03281e-008
-1.115	4.09818e-008
-1.114	4.16334e-008
-1.113	4.22847e-008
-1.112	4.29382e-008
-1.111	4.3596e-008
-1.11	4.42611e-008
-1.109	4.49363e-008
-1.108	4.56247e-008
-1.107	4.63298e-008
-1.106	4.70551e-008
-1.105	4.78042e-008
-1.104	4.85812e-008
-1.103	4.939e-008
-1.102	5.02348e-008
-1.101	5.11198e-008
-1.1	5.20495e-008
-1.099	5.30283e-008
-1.098	5.40604e-008
-1.097	5.51504e-008
-1.096	5.63028e-008
-1.095	5.75217e-008
-1.094	5.88116e-008
-1.093	6.01765e-008
-1.092	6.16205e-008
-1.091	6.31474e-008
-1.09	6.47608e-008
-1.089	6.64642e-008
-1.088	6.82606e-008
-1.087	7.0153e-008
-1.086	7.21438e-008
-1.085	7.42354e-008
-1.084	7.64294e-008
-1.083	7.87274e-008
-1.082	8.11306e-008
-1.081	8.36395e-008
-1.08	8.62544e-008
-1.079	8.89752e-008
-1.078	9.18011e-008
-1.077	9.47311e-008
-1.076	9.77637e-008
-1.075	1.00897e-007
-1.074	1.04129e-007
-1.073	1.07456e-007
-1.072	1.10875e-007
-1.071	1.14383e-007
-1.07	1.17976e-007
-1.069	1.21649e-007
-1.068	1.25398e-007
-1.067	1.29218e-007
-1.066	1.33104e-007
-1.065	1.3705e-007
-1.064	1.41051e-007
-1.063	1.45102e-007
-1.062	1.49197e-007
-1.061	1.5333e-007
-1.06	1.57495e-007
-1.059	1.61687e-007
-1.058	1.65901e-007
-1.057	1.70132e-007
-1.056	1.74375e-007
-1.055	1.78624e-007
-1.054	1.82877e-007
-1.053	1.87129e-007
-1.052	1.91377e-007
-1.051	1.95619e-007
-1.05	1.99852e-007
-1.049	2.04076e-007
-1.048	2.08289e-007
-1.047	2.12491e-007
-1.046	2.16684e-007
-1.045	2.20869e-007
-1.044	2.25049e-007
-1.043	2.29227e-007
-1.042	2.33408e-007
-1.041	2.37597e-007
-1.04	2.41799e-007
-1.039	2.46023e-007
-1.038	2.50277e-007
-1.037	2.54568e-007
-1.036	2.58908e-007
-1.035	2.63307e-007
-1.034	2.67776e-007
-1.033	2.72328e-007
-1.032	2.76976e-007
-1.031	2.81735e-007
-1.03	2.86617e-007
-1.029	2.9164e-007
-1.028	2.96817e-007
-1.027	3.02166e-007
-1.026	3.07703e-007
-1.025	3.13443e-007
-1.024	3.19405e-007
-1.023	3.25605e-007
-1.022	3.3206e-007
-1.021	3.38786e-007
-1.02	3.45801e-007
-1.019	3.5312e-007
-1.018	3.60759e-007
-1.017	3.68733e-007
-1.016	3.77057e-007
-1.015	3.85745e-007
-1.014	3.9481e-007
-1.013	4.04264e-007
-1.012	4.14118e-007
-1.011	4.24382e-007
-1.01	4.35064e-007
-1.009	4.46173e-007
-1.008	4.57715e-007
-1.007	4.69694e-007
-1.006	4.82114e-007
-1.005	4.94978e-007
-1.004	5.08284e-007
-1.003	5.22033e-007
-1.002	5.36223e-007
-1.001	5.50848e-007
-1	5.65906e-007
-0.999	5.81388e-007
-0.998	5.97285e-007
-0.997	6.13589e-007
-0.996	6.30291e-007
-0.995	6.47376e-007
-0.994	6.64834e-007
-0.993	6.82649e-007
-0.992	7.00808e-007
-0.991	7.19295e-007
-0.99	7.38095e-007
-0.989	7.5719e-007
-0.988	7.76565e-007
-0.987	7.96203e-007
-0.986	8.16088e-007
-0.985	8.36203e-007
-0.984	8.56532e-007
-0.983	8.77061e-007
-0.982	8.97777e-007
-0.981	9.18664e-007
-0.98	9.3971e-007
-0.979	9.60905e-007
-0.978	9.82242e-007
-0.977	1.00371e-006
-0.976	1.02531e-006
-0.975	1.04703e-006
-0.974	1.06887e-006
-0.973	1.09084e-006
-0.972	1.11293e-006
-0.971	1.13516e-006
-0.97	1.15753e-006
-0.969	1.18006e-006
-0.968	1.20276e-006
-0.967	1.22564e-006
-0.966	1.24873e-006
-0.965	1.27206e-006
-0.964	1.29564e-006
-0.963	1.31951e-006
-0.962	1.3437e-006
-0.961	1.36825e-006
-0.96	1.39319e-006
-0.959	1.41857e-006
-0.958	1.44442e-006
-0.957	1.47079e-006
-0.956	1.49774e-006
-0.955	1.5253e-006
-0.954	1.55354e-006
-0.953	1.5825e-006
-0.952	1.61224e-006
-0.951	1.64281e-006
-0.95	1.67427e-006
-0.949	1.70668e-006
-0.948	1.74009e-006
-0.947	1.77455e-006
-0.946	1.81013e-006
-0.945	1.84689e-006
-0.944	1.88487e-006
-0.943	1.92412e-006
-0.942	1.9647e-006
-0.941	2.00667e-006
-0.94	2.05005e-006
-0.939	2.09491e-006
-0.938	2.14129e-006
-0.937	2.18921e-006
-0.936	2.23872e-006
-0.935	2.28985e-006
-0.934	2.34264e-006
-0.933	2.39709e-006
-0.932	2.45324e-006
-0.931	2.51111e-006
-0.93	2.5707e-006
-0.929	2.63202e-006
-0.928	2.69509e-006
-0.927	2.7599e-006
-0.926	2.82644e-006
-0.925	2.89472e-006
-0.924	2.96471e-006
-0.923	3.03641e-006
-0.922	3.1098e-006
-0.921	3.18486e-006
-0.92	3.26155e-006
-0.919	3.33986e-006
-0.918	3.41976e-006
-0.917	3.50121e-006
-0.916	3.58418e-006
-0.915	3.66864e-006
-0.914	3.75456e-006
-0.913	3.84189e-006
-0.912	3.93061e-006
-0.911	4.02068e-006
-0.91	4.11207e-006
-0.909	4.20474e-006
-0.908	4.29868e-006
-0.907	4.39384e-006
-0.906	4.49022e-006
-0.905	4.5878e-006
-0.904	4.68655e-006
-0.903	4.78647e-006
-0.902	4.88756e-006
-0.901	4.98982e-006
-0.9	5.09325e-006
-0.899	5.19788e-006
-0.898	5.30372e-006
-0.897	5.4108e-006
-0.896	5.51916e-006
-0.895	5.62885e-006
-0.894	5.73992e-006
-0.893	5.85242e-006
-0.892	5.96644e-006
-0.891	6.08204e-006
-0.89	6.19932e-006
-0.889	6.31837e-006
-0.888	6.43928e-006
-0.887	6.56218e-006
-0.886	6.68718e-006
-0.885	6.81441e-006
-0.884	6.944e-006
-0.883	7.0761e-006
-0.882	7.21085e-006
-0.881	7.3484e-006
-0.88	7.48892e-006
-0.879	7.63256e-006
-0.878	7.7795e-006
-0.877	7.92991e-006
-0.876	8.08396e-006
-0.875	8.24183e-006
-0.874	8.4037e-006
-0.873	8.56974e-006
-0.872	8.74014e-006
-0.871	8.91507e-006
-0.87	9.09472e-006
-0.869	9.27925e-006
-0.868	9.46882e-006
-0.867	9.66362e-006
-0.866	9.86382e-006
-0.865	1.00695e-005
-0.864	1.0281e-005
-0.863	1.04982e-005
-0.862	1.07214e-005
-0.861	1.09508e-005
-0.86	1.11863e-005
-0.859	1.14282e-005
-0.858	1.16765e-005
-0.857	1.19313e-005
-0.856	1.21928e-005
-0.855	1.24609e-005
-0.854	1.27358e-005
-0.853	1.30175e-005
-0.852	1.33061e-005
-0.851	1.36015e-005
-0.85	1.39038e-005
-0.849	1.42131e-005
-0.848	1.45294e-005
-0.847	1.48525e-005
-0.846	1.51826e-005
-0.845	1.55197e-005
-0.844	1.58636e-005
-0.843	1.62145e-005
-0.842	1.65722e-005
-0.841	1.69368e-005
-0.84	1.73082e-005
-0.839	1.76864e-005
-0.838	1.80713e-005
-0.837	1.84631e-005
-0.836	1.88615e-005
-0.835	1.92666e-005
-0.834	1.96785e-005
-0.833	2.0097e-005
-0.832	2.05223e-005
-0.831	2.09543e-005
-0.83	2.13931e-005
-0.829	2.18387e-005
-0.828	2.22911e-005
-0.827	2.27505e-005
-0.826	2.3217e-005
-0.825	2.36905e-005
-0.824	2.41714e-005
-0.823	2.46596e-005
-0.822	2.51554e-005
-0.821	2.5659e-005
-0.82	2.61706e-005
-0.819	2.66903e-005
-0.818	2.72186e-005
-0.817	2.77555e-005
-0.816	2.83015e-005
-0.815	2.88568e-005
-0.814	2.94219e-005
-0.813	2.9997e-005
-0.812	3.05825e-005
-0.811	3.11789e-005
-0.81	3.17866e-005
-0.809	3.24061e-005
-0.808	3.30377e-005
-0.807	3.3682e-005
-0.806	3.43395e-005
-0.805	3.50107e-005
-0.804	3.56961e-005
-0.803	3.63964e-005
-0.802	3.71119e-005
-0.801	3.78434e-005
-0.8	3.85913e-005
-0.799	3.93563e-005
-0.798	4.01389e-005
-0.797	4.09396e-005
-0.796	4.17592e-005
-0.795	4.25981e-005
-0.794	4.34569e-005
-0.793	4.43363e-005
-0.792	4.52367e-005
-0.791	4.61588e-005
-0.79	4.71029e-005
-0.789	4.80698e-005
-0.788	4.90599e-005
-0.787	5.00738e-005
-0.786	5.11118e-005
-0.785	5.21745e-005
-0.784	5.32623e-005
-0.783	5.43758e-005
-0.782	5.55152e-005
-0.781	5.66809e-005
-0.78	5.78735e-005
-0.779	5.90931e-005
-0.778	6.03403e-005
-0.777	6.16152e-005
-0.776	6.29182e-005
-0.775	6.42497e-005
-0.774	6.56098e-005
-0.773	6.69988e-005
-0.772	6.84169e-005
-0.771	6.98645e-005
-0.77	7.13418e-005
-0.769	7.28489e-005
-0.768	7.43862e-005
-0.767	7.59538e-005
-0.766	7.75518e-005
-0.765	7.91806e-005
-0.764	8.08405e-005
-0.763	8.25315e-005
-0.762	8.4254e-005
-0.761	8.60083e-005
-0.76	8.77946e-005
-0.759	8.96133e-005
-0.758	9.14647e-005
-0.757	9.33491e-005
-0.756	9.5267e-005
-0.755	9.72188e-005
-0.754	9.92049e-005
-0.753	0.000101226
-0.752	0.000103282
-0.751	0.000105375
-0.75	0.000107504
-0.749	0.00010967
-0.748	0.000111875
-0.747	0.000114119
-0.746	0.000116402
-0.745	0.000118727
-0.744	0.000121093
-0.743	0.000123502
-0.742	0.000125955
-0.741	0.000128453
-0.74	0.000130997
-0.739	0.000133589
-0.738	0.00013623
-0.737	0.000138922
-0.736	0.000141665
-0.735	0.000144462
-0.734	0.000147314
-0.733	0.000150223
-0.732	0.00015319
-0.731	0.000156217
-0.73	0.000159306
-0.729	0.000162459
-0.728	0.000165678
-0.727	0.000168964
-0.726	0.00017232
-0.725	0.000175747
-0.724	0.000179248
-0.723	0.000182824
-0.722	0.000186478
-0.721	0.000190211
-0.72	0.000194026
-0.719	0.000197925
-0.718	0.00020191
-0.717	0.000205982
-0.716	0.000210144
-0.715	0.000214398
-0.714	0.000218746
-0.713	0.00022319
-0.712	0.000227732
-0.711	0.000232374
-0.71	0.000237118
-0.709	0.000241966
-0.708	0.000246919
-0.707	0.00025198
-0.706	0.00025715
-0.705	0.000262432
-0.704	0.000267827
-0.703	0.000273337
-0.702	0.000278964
-0.701	0.000284709
-0.7	0.000290574
-0.699	0.000296562
-0.698	0.000302673
-0.697	0.000308909
-0.696	0.000315272
-0.695	0.000321764
-0.694	0.000328387
-0.693	0.000335142
-0.692	0.000342031
-0.691	0.000349055
-0.69	0.000356218
-0.689	0.00036352
-0.688	0.000370963
-0.687	0.00037855
-0.686	0.000386282
-0.685	0.000394162
-0.684	0.000402192
-0.683	0.000410373
-0.682	0.00041871
-0.681	0.000427203
-0.68	0.000435856
-0.679	0.000444671
-0.678	0.000453652
-0.677	0.000462801
-0.676	0.000472121
-0.675	0.000481616
-0.674	0.000491288
-0.673	0.000501143
-0.672	0.000511184
-0.671	0.000521413
-0.67	0.000531837
-0.669	0.000542458
-0.668	0.000553281
-0.667	0.000564312
-0.666	0.000575554
-0.665	0.000587013
-0.664	0.000598694
-0.663	0.000610603
-0.662	0.000622744
-0.661	0.000635124
-0.66	0.000647749
-0.659	0.000660624
-0.658	0.000673756
-0.657	0.000687152
-0.656	0.000700818
-0.655	0.00071476
-0.654	0.000728986
-0.653	0.000743502
-0.652	0.000758316
-0.651	0.000773436
-0.65	0.000788868
-0.649	0.00080462
-0.648	0.000820699
-0.647	0.000837114
-0.646	0.000853872
-0.645	0.000870981
-0.644	0.000888449
-0.643	0.000906285
-0.642	0.000924495
-0.641	0.000943089
-0.64	0.000962074
-0.639	0.000981459
-0.638	0.00100125
-0.637	0.00102146
-0.636	0.0010421
-0.635	0.00106317
-0.634	0.00108468
-0.633	0.00110664
-0.632	0.00112905
-0.631	0.00115194
-0.63	0.0011753
-0.629	0.00119915
-0.628	0.00122349
-0.627	0.00124833
-0.626	0.00127368
-0.625	0.00129955
-0.624	0.00132595
-0.623	0.00135288
-0.622	0.00138037
-0.621	0.0014084
-0.62	0.001437
-0.619	0.00146618
-0.618	0.00149594
-0.617	0.00152629
-0.616	0.00155725
-0.615	0.00158881
-0.614	0.00162101
-0.613	0.00165383
-0.612	0.0016873
-0.611	0.00172143
-0.61	0.00175622
-0.609	0.00179169
-0.608	0.00182786
-0.607	0.00186472
-0.606	0.0019023
-0.605	0.00194062
-0.604	0.00197967
-0.603	0.00201948
-0.602	0.00206006
-0.601	0.00210143
-0.6	0.0021436
-0.599	0.00218659
-0.598	0.00223041
-0.597	0.00227508
-0.596	0.00232062
-0.595	0.00236705
-0.594	0.00241438
-0.593	0.00246264
-0.592	0.00251184
-0.591	0.002562
-0.59	0.00261315
-0.589	0.00266531
-0.588	0.0027185
-0.587	0.00277274
-0.586	0.00282805
-0.585	0.00288447
-0.584	0.00294201
-0.583	0.0030007
-0.582	0.00306057
-0.581	0.00312163
-0.58	0.00318393
-0.579	0.00324748
-0.578	0.00331232
-0.577	0.00337848
-0.576	0.00344597
-0.575	0.00351484
-0.574	0.00358511
-0.573	0.00365682
-0.572	0.00372998
-0.571	0.00380465
-0.57	0.00388085
-0.569	0.0039586
-0.568	0.00403795
-0.567	0.00411893
-0.566	0.00420158
-0.565	0.00428592
-0.564	0.00437199
-0.563	0.00445983
-0.562	0.00454947
-0.561	0.00464095
-0.56	0.00473431
-0.559	0.00482958
-0.558	0.0049268
-0.557	0.00502601
-0.556	0.00512725
-0.555	0.00523055
-0.554	0.00533595
-0.553	0.0054435
-0.552	0.00555324
-0.551	0.0056652
-0.55	0.00577943
-0.549	0.00589597
-0.548	0.00601486
-0.547	0.00613614
-0.546	0.00625987
-0.545	0.00638608
-0.544	0.00651482
-0.543	0.00664613
-0.542	0.00678007
-0.541	0.00691669
-0.54	0.00705601
-0.539	0.00719812
-0.538	0.00734305
-0.537	0.00749085
-0.536	0.00764158
-0.535	0.00779529
-0.534	0.00795205
-0.533	0.0081119
-0.532	0.0082749
-0.531	0.00844112
-0.53	0.00861063
-0.529	0.00878347
-0.528	0.00895971
-0.527	0.00913944
-0.526	0.0093227
-0.525	0.00950956
-0.524	0.00970012
-0.523	0.00989444
-0.522	0.0100926
-0.521	0.0102946
-0.52	0.0105007
-0.519	0.0107108
-0.518	0.0109251
-0.517	0.0111436
-0.516	0.0113664
-0.515	0.0115937
-0.514	0.0118255
-0.513	0.0120618
-0.512	0.0123029
-0.511	0.0125488
-0.51	0.0127996
-0.509	0.0130554
-0.508	0.0133164
-0.507	0.0135825
-0.506	0.013854
-0.505	0.0141309
-0.504	0.0144134
-0.503	0.0147016
-0.502	0.0149956
-0.501	0.0152955
-0.5	0.0156014
-0.499	0.0159136
-0.498	0.016232
-0.497	0.0165569
-0.496	0.0168883
-0.495	0.0172265
-0.494	0.0175715
-0.493	0.0179235
-0.492	0.0182826
-0.491	0.018649
-0.49	0.0190228
-0.489	0.0194042
-0.488	0.0197933
-0.487	0.0201904
-0.486	0.0205955
-0.485	0.0210087
-0.484	0.0214304
-0.483	0.0218606
-0.482	0.0222995
-0.481	0.0227472
-0.48	0.023204
-0.479	0.0236701
-0.478	0.0241455
-0.477	0.0246305
-0.476	0.0251253
-0.475	0.0256301
-0.474	0.026145
-0.473	0.0266703
-0.472	0.0272061
-0.471	0.0277527
-0.47	0.0283102
-0.469	0.0288789
-0.468	0.029459
-0.467	0.0300507
-0.466	0.0306542
-0.465	0.0312697
-0.464	0.0318976
-0.463	0.0325379
-0.462	0.0331911
-0.461	0.0338572
-0.46	0.0345366
-0.459	0.0352295
-0.458	0.0359363
-0.457	0.036657
-0.456	0.0373921
-0.455	0.0381418
-0.454	0.0389064
-0.453	0.0396862
-0.452	0.0404814
-0.451	0.0412925
-0.45	0.0421197
-0.449	0.0429633
-0.448	0.0438238
-0.447	0.0447012
-0.446	0.0455962
-0.445	0.0465089
-0.444	0.0474398
-0.443	0.0483893
-0.442	0.0493576
-0.441	0.0503452
-0.44	0.0513526
-0.439	0.05238
-0.438	0.0534279
-0.437	0.0544968
-0.436	0.055587
-0.435	0.056699
-0.434	0.0578332
-0.433	0.0589901
-0.432	0.0601702
-0.431	0.0613739
-0.43	0.0626018
-0.429	0.0638543
-0.428	0.0651319
-0.427	0.0664351
-0.426	0.0677646
-0.425	0.0691208
-0.424	0.0705041
-0.423	0.0719154
-0.422	0.073355
-0.421	0.0748236
-0.42	0.0763218
-0.419	0.0778501
-0.418	0.0794092
-0.417	0.0809996
-0.416	0.0826222
-0.415	0.0842774
-0.414	0.0859992
-0.413	0.0878238
-0.412	0.089752
-0.411	0.0917843
-0.41	0.093921
-0.409	0.0961616
-0.408	0.0985059
-0.407	0.100953
-0.406	0.103502
-0.405	0.106151
-0.404	0.108898
-0.403	0.111742
-0.402	0.11468
-0.401	0.117709
-0.4	0.120828
-0.399	0.124032
-0.398	0.127319
-0.397	0.130686
-0.396	0.134128
-0.395	0.137643
-0.394	0.141226
-0.393	0.144874
-0.392	0.148583
-0.391	0.152349
-0.39	0.156168
-0.389	0.160037
-0.388	0.16395
-0.387	0.167906
-0.386	0.171899
-0.385	0.175927
-0.384	0.179986
-0.383	0.184072
-0.382	0.188183
-0.381	0.192317
-0.38	0.196469
-0.379	0.200639
-0.378	0.204823
-0.377	0.209021
-0.376	0.21323
-0.375	0.217449
-0.374	0.221678
-0.373	0.225917
-0.372	0.230164
-0.371	0.234421
-0.37	0.238687
-0.369	0.242964
-0.368	0.247254
-0.367	0.251557
-0.366	0.255876
-0.365	0.260214
-0.364	0.264687
-0.363	0.269412
-0.362	0.274374
-0.361	0.279564
-0.36	0.284964
-0.359	0.290561
-0.358	0.29634
-0.357	0.302286
-0.356	0.30838
-0.355	0.314609
-0.354	0.320953
-0.353	0.327397
-0.352	0.333922
-0.351	0.34051
-0.35	0.347143
-0.349	0.353805
-0.348	0.360474
-0.347	0.367135
-0.346	0.373768
-0.345	0.380355
-0.344	0.386879
-0.343	0.39332
-0.342	0.399662
-0.341	0.405889
-0.34	0.411982
-0.339	0.417924
-0.338	0.4237
-0.337	0.429294
-0.336	0.434691
-0.335	0.439877
-0.334	0.444837
-0.333	0.449558
-0.332	0.454029
-0.331	0.458234
-0.33	0.462168
-0.329	0.465815
-0.328	0.469169
-0.327	0.47222
-0.326	0.474961
-0.325	0.477384
-0.324	0.479485
-0.323	0.481258
-0.322	0.4827
-0.321	0.483805
-0.32	0.484575
-0.319	0.485006
-0.318	0.4851
-0.317	0.484856
-0.316	0.484278
-0.315	0.483367
-0.314	0.482129
-0.313	0.480566
-0.312	0.478686
-0.311	0.476495
-0.31	0.474
-0.309	0.471211
-0.308	0.468136
-0.307	0.464786
-0.306	0.461172
-0.305	0.457305
-0.304	0.453198
-0.303	0.448865
-0.302	0.444318
-0.301	0.439572
-0.3	0.434644
-0.299	0.429548
-0.298	0.4243
-0.297	0.418917
-0.296	0.413416
-0.295	0.407814
-0.294	0.402129
-0.293	0.396379
-0.292	0.390581
-0.291	0.384753
-0.29	0.378915
-0.289	0.373084
-0.288	0.367279
-0.287	0.361517
-0.286	0.355817
-0.285	0.350197
-0.284	0.344675
-0.283	0.339266
-0.282	0.33399
-0.281	0.328862
-0.28	0.323899
-0.279	0.319116
-0.278	0.314529
-0.277	0.310152
-0.276	0.306
-0.275	0.302085
-0.274	0.298421
-0.273	0.295018
-0.272	0.29189
-0.271	0.289045
-0.27	0.286495
-0.269	0.284245
-0.268	0.282307
-0.267	0.280685
-0.266	0.279387
-0.265	0.278417
-0.264	0.27778
-0.263	0.277477
-0.262	0.277512
-0.261	0.277886
-0.26	0.2786
-0.259	0.279651
-0.258	0.281039
-0.257	0.282762
-0.256	0.284813
-0.255	0.28719
-0.254	0.289888
-0.253	0.292897
-0.252	0.296214
-0.251	0.299827
-0.25	0.303728
-0.249	0.307908
-0.248	0.312355
-0.247	0.317058
-0.246	0.322004
-0.245	0.327179
-0.244	0.332572
-0.243	0.338167
-0.242	0.343947
-0.241	0.3499
-0.24	0.356008
-0.239	0.362255
-0.238	0.368624
-0.237	0.375097
-0.236	0.381658
-0.235	0.38829
-0.234	0.394971
-0.233	0.401686
-0.232	0.408418
-0.231	0.415144
-0.23	0.421851
-0.229	0.428517
-0.228	0.435125
-0.227	0.441658
-0.226	0.448098
-0.225	0.454426
-0.224	0.460628
-0.223	0.466683
-0.222	0.47258
-0.221	0.478298
-0.22	0.483825
-0.219	0.489144
-0.218	0.494245
-0.217	0.499109
-0.216	0.503727
-0.215	0.508084
-0.214	0.512172
-0.213	0.515979
-0.212	0.519495
-0.211	0.52271
-0.21	0.525619
-0.209	0.528211
-0.208	0.530484
-0.207	0.53243
-0.206	0.534045
-0.205	0.535327
-0.204	0.536273
-0.203	0.536881
-0.202	0.537151
-0.201	0.537084
-0.2	0.536681
-0.199	0.535945
-0.198	0.53488
-0.197	0.53349
-0.196	0.531779
-0.195	0.529756
-0.194	0.527427
-0.193	0.524801
-0.192	0.521885
-0.191	0.518691
-0.19	0.515229
-0.189	0.511511
-0.188	0.507549
-0.187	0.503356
-0.186	0.498944
-0.185	0.494331
-0.184	0.489528
-0.183	0.484553
-0.182	0.47942
-0.181	0.474149
-0.18	0.468752
-0.179	0.463249
-0.178	0.457657
-0.177	0.451994
-0.176	0.446277
-0.175	0.440526
-0.174	0.434757
-0.173	0.428991
-0.172	0.423243
-0.171	0.417533
-0.17	0.411879
-0.169	0.406299
-0.168	0.40081
-0.167	0.39543
-0.166	0.390177
-0.165	0.385067
-0.164	0.380116
-0.163	0.37534
-0.162	0.370755
-0.161	0.366375
-0.16	0.362215
-0.159	0.358289
-0.158	0.354608
-0.157	0.351187
-0.156	0.348034
-0.155	0.345163
-0.154	0.342583
-0.153	0.340301
-0.152	0.338327
-0.151	0.336668
-0.15	0.33533
-0.149	0.334319
-0.148	0.333638
-0.147	0.333292
-0.146	0.333283
-0.145	0.333613
-0.144	0.334281
-0.143	0.335289
-0.142	0.336633
-0.141	0.338312
-0.14	0.340322
-0.139	0.342659
-0.138	0.345318
-0.137	0.348293
-0.136	0.351575
-0.135	0.355158
-0.134	0.359032
-0.133	0.363187
-0.132	0.367614
-0.131	0.372299
-0.13	0.377233
-0.129	0.382401
-0.128	0.387789
-0.127	0.393384
-0.126	0.399171
-0.125	0.405135
-0.124	0.411261
-0.123	0.417529
-0.122	0.423926
-0.121	0.430432
-0.12	0.437034
-0.119	0.443708
-0.118	0.450443
-0.117	0.457215
-0.116	0.464009
-0.115	0.470806
-0.114	0.477587
-0.113	0.484335
-0.112	0.491032
-0.111	0.497658
-0.11	0.504198
-0.109	0.510632
-0.108	0.516944
-0.107	0.523118
-0.106	0.529136
-0.105	0.534982
-0.104	0.540643
-0.103	0.5461
-0.102	0.551344
-0.101	0.556355
-0.1	0.561125
