-4	0
-3.999	0
-3.998	0
-3.997	0
-3.996	0
-3.995	0
-3.994	0
-3.993	0
-3.992	0
-3.991	0
-3.99	0
-3.989	0
-3.988	0
-3.987	0
-3.986	0
-3.985	0
-3.984	0
-3.983	0
-3.982	0
-3.981	0
-3.98	0
-3.979	0
-3.978	0
-3.977	0
-3.976	0
-3.975	0
-3.974	0
-3.973	0
-3.972	0
-3.971	0
-3.97	0
-3.969	0
-3.968	0
-3.967	0
-3.966	0
-3.965	0
-3.964	0
-3.963	0
-3.962	0
-3.961	0
-3.96	0
-3.959	0
-3.958	0
-3.957	0
-3.956	0
-3.955	0
-3.954	0
-3.953	0
-3.952	0
-3.951	0
-3.95	0
-3.949	0
-3.948	0
-3.947	0
-3.946	0
-3.945	0
-3.944	0
-3.943	0
-3.942	0
-3.941	0
-3.94	0
-3.939	0
-3.938	0
-3.937	0
-3.936	0
-3.935	0
-3.934	0
-3.933	0
-3.932	0
-3.931	0
-3.93	0
-3.929	0
-3.928	0
-3.927	0
-3.926	0
-3.925	0
-3.924	0
-3.923	0
-3.922	0
-3.921	0
-3.92	0
-3.919	0
-3.918	0
-3.917	0
-3.916	0
-3.915	0
-3.914	0
-3.913	0
-3.912	0
-3.911	0
-3.91	0
-3.909	0
-3.908	0
-3.907	0
-3.906	0
-3.905	0
-3.904	0
-3.903	0
-3.902	0
-3.901	0
-3.9	0
-3.899	0
-3.898	0
-3.897	0
-3.896	0
-3.895	0
-3.894	0
-3.893	0
-3.892	0
-3.891	0
-3.89	0
-3.889	0
-3.888	0
-3.887	0
-3.886	0
-3.885	0
-3.884	0
-3.883	0
-3.882	0
-3.881	0
-3.88	0
-3.879	0
-3.878	0
-3.877	0
-3.876	0
-3.875	0
-3.874	0
-3.873	0
-3.872	0
-3.871	0
-3.87	0
-3.869	0
-3.868	0
-3.867	0
-3.866	0
-3.865	0
-3.864	0
-3.863	0
-3.862	0
-3.861	0
-3.86	0
-3.859	0
-3.858	0
-3.857	0
-3.856	0
-3.855	0
-3.854	0
-3.853	0
-3.852	0
-3.851	0
-3.85	0
-3.849	0
-3.848	0
-3.847	0
-3.846	0
-3.845	0
-3.844	0
-3.843	0
-3.842	0
-3.841	0
-3.84	0
-3.839	0
-3.838	0
-3.837	0
-3.836	0
-3.835	0
-3.834	0
-3.833	0
-3.832	0
-3.831	0
-3.83	0
-3.829	0
-3.828	0
-3.827	0
-3.826	0
-3.825	0
-3.824	0
-3.823	0
-3.822	0
-3.821	0
-3.82	0
-3.819	0
-3.818	0
-3.817	0
-3.816	0
-3.815	0
-3.814	0
-3.813	0
-3.812	0
-3.811	0
-3.81	0
-3.809	0
-3.808	0
-3.807	0
-3.806	0
-3.805	0
-3.804	0
-3.803	0
-3.802	0
-3.801	0
-3.8	0
-3.799	0
-3.798	0
-3.797	0
-3.796	0
-3.795	0
-3.794	0
-3.793	0
-3.792	0
-3.791	0
-3.79	0
-3.789	0
-3.788	0
-3.787	0
-3.786	0
-3.785	0
-3.784	0
-3.783	0
-3.782	0
-3.781	0
-3.78	0
-3.779	0
-3.778	0
-3.777	0
-3.776	0
-3.775	0
-3.774	0
-3.773	0
-3.772	0
-3.771	0
-3.77	0
-3.769	0
-3.768	0
-3.767	0
-3.766	0
-3.765	0
-3.764	0
-3.763	0
-3.762	0
-3.761	0
-3.76	0
-3.759	0
-3.758	0
-3.757	0
-3.756	0
-3.755	0
-3.754	0
-3.753	0
-3.752	0
-3.751	0
-3.75	0
-3.749	0
-3.748	0
-3.747	0
-3.746	0
-3.745	0
-3.744	0
-3.743	0
-3.742	0
-3.741	0
-3.74	0
-3.739	0
-3.738	0
-3.737	0
-3.736	0
-3.735	0
-3.734	0
-3.733	0
-3.732	0
-3.731	0
-3.73	0
-3.729	0
-3.728	0
-3.727	0
-3.726	0
-3.725	0
-3.724	0
-3.723	0
-3.722	0
-3.721	0
-3.72	0
-3.719	0
-3.718	0
-3.717	0
-3.716	0
-3.715	0
-3.714	0
-3.713	0
-3.712	0
-3.711	0
-3.71	0
-3.709	0
-3.708	0
-3.707	0
-3.706	0
-3.705	0
-3.704	0
-3.703	0
-3.702	0
-3.701	0
-3.7	0
-3.699	0
-3.698	0
-3.697	0
-3.696	0
-3.695	0
-3.694	0
-3.693	0
-3.692	0
-3.691	0
-3.69	0
-3.689	0
-3.688	0
-3.687	0
-3.686	0
-3.685	0
-3.684	0
-3.683	0
-3.682	0
-3.681	0
-3.68	0
-3.679	0
-3.678	0
-3.677	0
-3.676	0
-3.675	0
-3.674	0
-3.673	0
-3.672	0
-3.671	0
-3.67	0
-3.669	0
-3.668	0
-3.667	0
-3.666	0
-3.665	0
-3.664	0
-3.663	0
-3.662	0
-3.661	0
-3.66	0
-3.659	0
-3.658	0
-3.657	0
-3.656	0
-3.655	0
-3.654	0
-3.653	0
-3.652	0
-3.651	0
-3.65	0
-3.649	0
-3.648	0
-3.647	0
-3.646	0
-3.645	0
-3.644	0
-3.643	0
-3.642	0
-3.641	0
-3.64	0
-3.639	0
-3.638	0
-3.637	0
-3.636	0
-3.635	0
-3.634	0
-3.633	0
-3.632	0
-3.631	0
-3.63	0
-3.629	0
-3.628	0
-3.627	0
-3.626	0
-3.625	0
-3.624	0
-3.623	0
-3.622	0
-3.621	0
-3.62	0
-3.619	0
-3.618	0
-3.617	0
-3.616	0
-3.615	0
-3.614	0
-3.613	0
-3.612	0
-3.611	0
-3.61	0
-3.609	0
-3.608	0
-3.607	0
-3.606	0
-3.605	0
-3.604	0
-3.603	0
-3.602	0
-3.601	0
-3.6	0
-3.599	0
-3.598	0
-3.597	0
-3.596	0
-3.595	0
-3.594	0
-3.593	0
-3.592	0
-3.591	0
-3.59	0
-3.589	0
-3.588	0
-3.587	0
-3.586	0
-3.585	0
-3.584	0
-3.583	0
-3.582	0
-3.581	0
-3.58	0
-3.579	0
-3.578	0
-3.577	0
-3.576	0
-3.575	0
-3.574	0
-3.573	0
-3.572	0
-3.571	0
-3.57	0
-3.569	0
-3.568	0
-3.567	0
-3.566	0
-3.565	0
-3.564	0
-3.563	0
-3.562	0
-3.561	0
-3.56	0
-3.559	0
-3.558	0
-3.557	0
-3.556	0
-3.555	0
-3.554	0
-3.553	0
-3.552	0
-3.551	0
-3.55	0
-3.549	0
-3.548	0
-3.547	0
-3.546	0
-3.545	0
-3.544	0
-3.543	0
-3.542	0
-3.541	0
-3.54	0
-3.539	0
-3.538	0
-3.537	0
-3.536	0
-3.535	0
-3.534	0
-3.533	0
-3.532	0
-3.531	0
-3.53	0
-3.529	0
-3.528	0
-3.527	0
-3.526	0
-3.525	0
-3.524	0
-3.523	0
-3.522	0
-3.521	0
-3.52	0
-3.519	0
-3.518	0
-3.517	0
-3.516	0
-3.515	0
-3.514	0
-3.513	0
-3.512	0
-3.511	0
-3.51	0
-3.509	0
-3.508	0
-3.507	0
-3.506	0
-3.505	0
-3.504	0
-3.503	0
-3.502	0
-3.501	0
-3.5	0
-3.499	0
-3.498	0
-3.497	0
-3.496	0
-3.495	0
-3.494	0
-3.493	0
-3.492	0
-3.491	0
-3.49	0
-3.489	0
-3.488	0
-3.487	0
-3.486	0
-3.485	0
-3.484	0
-3.483	0
-3.482	0
-3.481	0
-3.48	0
-3.479	0
-3.478	0
-3.477	0
-3.476	0
-3.475	0
-3.474	0
-3.473	0
-3.472	0
-3.471	0
-3.47	0
-3.469	0
-3.468	0
-3.467	0
-3.466	0
-3.465	0
-3.464	0
-3.463	0
-3.462	0
-3.461	0
-3.46	0
-3.459	0
-3.458	0
-3.457	0
-3.456	0
-3.455	0
-3.454	0
-3.453	0
-3.452	0
-3.451	0
-3.45	0
-3.449	0
-3.448	0
-3.447	0
-3.446	0
-3.445	0
-3.444	0
-3.443	0
-3.442	0
-3.441	0
-3.44	0
-3.439	0
-3.438	0
-3.437	0
-3.436	0
-3.435	0
-3.434	0
-3.433	0
-3.432	0
-3.431	0
-3.43	0
-3.429	0
-3.428	0
-3.427	0
-3.426	0
-3.425	0
-3.424	0
-3.423	0
-3.422	0
-3.421	0
-3.42	0
-3.419	0
-3.418	0
-3.417	0
-3.416	0
-3.415	0
-3.414	0
-3.413	0
-3.412	0
-3.411	0
-3.41	0
-3.409	0
-3.408	0
-3.407	0
-3.406	0
-3.405	0
-3.404	0
-3.403	0
-3.402	0
-3.401	0
-3.4	0
-3.399	0
-3.398	0
-3.397	0
-3.396	0
-3.395	0
-3.394	0
-3.393	0
-3.392	0
-3.391	0
-3.39	0
-3.389	0
-3.388	0
-3.387	0
-3.386	0
-3.385	0
-3.384	0
-3.383	0
-3.382	0
-3.381	0
-3.38	0
-3.379	0
-3.378	0
-3.377	0
-3.376	0
-3.375	0
-3.374	0
-3.373	0
-3.372	0
-3.371	0
-3.37	0
-3.369	0
-3.368	0
-3.367	0
-3.366	0
-3.365	0
-3.364	0
-3.363	0
-3.362	0
-3.361	0
-3.36	0
-3.359	0
-3.358	0
-3.357	0
-3.356	0
-3.355	0
-3.354	0
-3.353	0
-3.352	0
-3.351	0
-3.35	0
-3.349	0
-3.348	0
-3.347	0
-3.346	0
-3.345	0
-3.344	0
-3.343	0
-3.342	0
-3.341	0
-3.34	0
-3.339	0
-3.338	0
-3.337	0
-3.336	0
-3.335	0
-3.334	0
-3.333	0
-3.332	0
-3.331	0
-3.33	0
-3.329	0
-3.328	0
-3.327	0
-3.326	0
-3.325	0
-3.324	0
-3.323	0
-3.322	0
-3.321	0
-3.32	0
-3.319	0
-3.318	0
-3.317	0
-3.316	0
-3.315	0
-3.314	0
-3.313	0
-3.312	0
-3.311	0
-3.31	0
-3.309	0
-3.308	0
-3.307	0
-3.306	0
-3.305	0
-3.304	0
-3.303	0
-3.302	0
-3.301	0
-3.3	0
-3.299	0
-3.298	0
-3.297	0
-3.296	0
-3.295	0
-3.294	0
-3.293	0
-3.292	0
-3.291	0
-3.29	0
-3.289	0
-3.288	0
-3.287	0
-3.286	0
-3.285	0
-3.284	0
-3.283	0
-3.282	0
-3.281	0
-3.28	0
-3.279	0
-3.278	0
-3.277	0
-3.276	0
-3.275	0
-3.274	0
-3.273	0
-3.272	0
-3.271	0
-3.27	0
-3.269	0
-3.268	0
-3.267	0
-3.266	0
-3.265	0
-3.264	0
-3.263	0
-3.262	0
-3.261	0
-3.26	0
-3.259	0
-3.258	0
-3.257	0
-3.256	0
-3.255	0
-3.254	0
-3.253	0
-3.252	0
-3.251	0
-3.25	0
-3.249	0
-3.248	0
-3.247	0
-3.246	0
-3.245	0
-3.244	0
-3.243	0
-3.242	0
-3.241	0
-3.24	0
-3.239	0
-3.238	0
-3.237	0
-3.236	0
-3.235	0
-3.234	0
-3.233	0
-3.232	0
-3.231	0
-3.23	0
-3.229	0
-3.228	0
-3.227	0
-3.226	0
-3.225	0
-3.224	0
-3.223	0
-3.222	0
-3.221	0
-3.22	0
-3.219	0
-3.218	0
-3.217	0
-3.216	0
-3.215	0
-3.214	0
-3.213	0
-3.212	0
-3.211	0
-3.21	0
-3.209	0
-3.208	0
-3.207	0
-3.206	0
-3.205	0
-3.204	0
-3.203	0
-3.202	0
-3.201	0
-3.2	0
-3.199	0
-3.198	0
-3.197	0
-3.196	0
-3.195	0
-3.194	0
-3.193	0
-3.192	0
-3.191	0
-3.19	0
-3.189	0
-3.188	0
-3.187	0
-3.186	0
-3.185	0
-3.184	0
-3.183	0
-3.182	0
-3.181	0
-3.18	0
-3.179	0
-3.178	0
-3.177	0
-3.176	0
-3.175	0
-3.174	0
-3.173	0
-3.172	0
-3.171	0
-3.17	0
-3.169	0
-3.168	0
-3.167	0
-3.166	0
-3.165	0
-3.164	0
-3.163	0
-3.162	0
-3.161	0
-3.16	0
-3.159	0
-3.158	0
-3.157	0
-3.156	0
-3.155	0
-3.154	0
-3.153	0
-3.152	0
-3.151	0
-3.15	0
-3.149	0
-3.148	0
-3.147	0
-3.146	0
-3.145	0
-3.144	0
-3.143	0
-3.142	0
-3.141	0
-3.14	0
-3.139	0
-3.138	0
-3.137	0
-3.136	0
-3.135	0
-3.134	0
-3.133	0
-3.132	0
-3.131	0
-3.13	0
-3.129	0
-3.128	0
-3.127	0
-3.126	0
-3.125	0
-3.124	0
-3.123	0
-3.122	0
-3.121	0
-3.12	0
-3.119	0
-3.118	0
-3.117	0
-3.116	0
-3.115	0
-3.114	0
-3.113	0
-3.112	0
-3.111	0
-3.11	0
-3.109	0
-3.108	0
-3.107	0
-3.106	0
-3.105	0
-3.104	0
-3.103	0
-3.102	0
-3.101	0
-3.1	0
-3.099	0
-3.098	0
-3.097	0
-3.096	0
-3.095	0
-3.094	0
-3.093	0
-3.092	0
-3.091	0
-3.09	0
-3.089	0
-3.088	0
-3.087	0
-3.086	0
-3.085	0
-3.084	0
-3.083	0
-3.082	0
-3.081	0
-3.08	0
-3.079	0
-3.078	0
-3.077	0
-3.076	0
-3.075	0
-3.074	0
-3.073	0
-3.072	0
-3.071	0
-3.07	0
-3.069	0
-3.068	0
-3.067	0
-3.066	0
-3.065	0
-3.064	0
-3.063	0
-3.062	0
-3.061	0
-3.06	0
-3.059	0
-3.058	0
-3.057	0
-3.056	0
-3.055	0
-3.054	0
-3.053	0
-3.052	0
-3.051	0
-3.05	0
-3.049	0
-3.048	0
-3.047	0
-3.046	0
-3.045	0
-3.044	0
-3.043	0
-3.042	0
-3.041	0
-3.04	0
-3.039	0
-3.038	0
-3.037	0
-3.036	0
-3.035	0
-3.034	0
-3.033	0
-3.032	0
-3.031	0
-3.03	0
-3.029	0
-3.028	0
-3.027	0
-3.026	0
-3.025	0
-3.024	0
-3.023	0
-3.022	0
-3.021	0
-3.02	0
-3.019	0
-3.018	0
-3.017	0
-3.016	0
-3.015	0
-3.014	0
-3.013	0
-3.012	0
-3.011	0
-3.01	0
-3.009	0
-3.008	0
-3.007	0
-3.006	0
-3.005	0
-3.004	0
-3.003	0
-3.002	0
-3.001	0
-3	0
-2.999	0
-2.998	0
-2.997	0
-2.996	0
-2.995	0
-2.994	0
-2.993	0
-2.992	0
-2.991	0
-2.99	0
-2.989	0
-2.988	0
-2.987	0
-2.986	0
-2.985	0
-2.984	0
-2.983	0
-2.982	0
-2.981	0
-2.98	0
-2.979	0
-2.978	0
-2.977	0
-2.976	0
-2.975	0
-2.974	0
-2.973	0
-2.972	0
-2.971	0
-2.97	0
-2.969	0
-2.968	0
-2.967	0
-2.966	0
-2.965	0
-2.964	0
-2.963	0
-2.962	0
-2.961	0
-2.96	0
-2.959	0
-2.958	0
-2.957	0
-2.956	0
-2.955	0
-2.954	0
-2.953	0
-2.952	0
-2.951	0
-2.95	0
-2.949	0
-2.948	0
-2.947	0
-2.946	0
-2.945	0
-2.944	0
-2.943	0
-2.942	0
-2.941	0
-2.94	0
-2.939	0
-2.938	0
-2.937	0
-2.936	0
-2.935	0
-2.934	0
-2.933	0
-2.932	0
-2.931	0
-2.93	0
-2.929	0
-2.928	0
-2.927	0
-2.926	0
-2.925	0
-2.924	0
-2.923	0
-2.922	0
-2.921	0
-2.92	0
-2.919	0
-2.918	0
-2.917	0
-2.916	0
-2.915	0
-2.914	0
-2.913	0
-2.912	0
-2.911	0
-2.91	0
-2.909	0
-2.908	0
-2.907	0
-2.906	0
-2.905	0
-2.904	0
-2.903	0
-2.902	0
-2.901	0
-2.9	0
-2.899	0
-2.898	0
-2.897	0
-2.896	0
-2.895	0
-2.894	0
-2.893	0
-2.892	0
-2.891	0
-2.89	0
-2.889	0
-2.888	0
-2.887	0
-2.886	0
-2.885	0
-2.884	0
-2.883	0
-2.882	0
-2.881	0
-2.88	0
-2.879	0
-2.878	0
-2.877	0
-2.876	0
-2.875	0
-2.874	0
-2.873	0
-2.872	0
-2.871	0
-2.87	0
-2.869	0
-2.868	0
-2.867	0
-2.866	0
-2.865	0
-2.864	0
-2.863	0
-2.862	0
-2.861	0
-2.86	0
-2.859	0
-2.858	0
-2.857	0
-2.856	0
-2.855	0
-2.854	0
-2.853	0
-2.852	0
-2.851	0
-2.85	0
-2.849	0
-2.848	0
-2.847	0
-2.846	0
-2.845	0
-2.844	0
-2.843	0
-2.842	0
-2.841	0
-2.84	0
-2.839	0
-2.838	0
-2.837	0
-2.836	0
-2.835	0
-2.834	0
-2.833	0
-2.832	0
-2.831	0
-2.83	0
-2.829	0
-2.828	0
-2.827	0
-2.826	0
-2.825	0
-2.824	0
-2.823	0
-2.822	0
-2.821	0
-2.82	0
-2.819	0
-2.818	0
-2.817	0
-2.816	0
-2.815	0
-2.814	0
-2.813	0
-2.812	0
-2.811	0
-2.81	0
-2.809	0
-2.808	0
-2.807	0
-2.806	0
-2.805	0
-2.804	0
-2.803	0
-2.802	0
-2.801	0
-2.8	0
-2.799	0
-2.798	0
-2.797	0
-2.796	0
-2.795	0
-2.794	0
-2.793	0
-2.792	0
-2.791	0
-2.79	0
-2.789	0
-2.788	0
-2.787	0
-2.786	0
-2.785	0
-2.784	0
-2.783	0
-2.782	0
-2.781	0
-2.78	0
-2.779	0
-2.778	0
-2.777	0
-2.776	0
-2.775	0
-2.774	0
-2.773	0
-2.772	0
-2.771	0
-2.77	0
-2.769	0
-2.768	0
-2.767	0
-2.766	0
-2.765	0
-2.764	0
-2.763	0
-2.762	0
-2.761	0
-2.76	0
-2.759	0
-2.758	0
-2.757	0
-2.756	0
-2.755	0
-2.754	0
-2.753	0
-2.752	0
-2.751	0
-2.75	0
-2.749	0
-2.748	0
-2.747	0
-2.746	0
-2.745	0
-2.744	0
-2.743	0
-2.742	0
-2.741	0
-2.74	0
-2.739	0
-2.738	0
-2.737	0
-2.736	0
-2.735	0
-2.734	0
-2.733	0
-2.732	0
-2.731	0
-2.73	0
-2.729	0
-2.728	0
-2.727	0
-2.726	0
-2.725	0
-2.724	0
-2.723	0
-2.722	0
-2.721	0
-2.72	0
-2.719	0
-2.718	0
-2.717	0
-2.716	0
-2.715	0
-2.714	0
-2.713	0
-2.712	0
-2.711	0
-2.71	0
-2.709	0
-2.708	0
-2.707	0
-2.706	0
-2.705	0
-2.704	0
-2.703	0
-2.702	0
-2.701	0
-2.7	0
-2.699	0
-2.698	0
-2.697	0
-2.696	0
-2.695	0
-2.694	0
-2.693	0
-2.692	0
-2.691	0
-2.69	0
-2.689	0
-2.688	0
-2.687	0
-2.686	0
-2.685	0
-2.684	0
-2.683	0
-2.682	0
-2.681	0
-2.68	0
-2.679	0
-2.678	0
-2.677	0
-2.676	0
-2.675	0
-2.674	0
-2.673	0
-2.672	0
-2.671	0
-2.67	0
-2.669	0
-2.668	0
-2.667	0
-2.666	0
-2.665	0
-2.664	0
-2.663	0
-2.662	0
-2.661	0
-2.66	0
-2.659	0
-2.658	0
-2.657	0
-2.656	0
-2.655	0
-2.654	0
-2.653	0
-2.652	0
-2.651	0
-2.65	0
-2.649	0
-2.648	0
-2.647	0
-2.646	0
-2.645	0
-2.644	0
-2.643	0
-2.642	0
-2.641	0
-2.64	0
-2.639	0
-2.638	0
-2.637	0
-2.636	0
-2.635	0
-2.634	0
-2.633	0
-2.632	0
-2.631	0
-2.63	0
-2.629	0
-2.628	0
-2.627	0
-2.626	0
-2.625	0
-2.624	0
-2.623	0
-2.622	0
-2.621	0
-2.62	0
-2.619	0
-2.618	0
-2.617	0
-2.616	0
-2.615	0
-2.614	0
-2.613	0
-2.612	0
-2.611	0
-2.61	0
-2.609	0
-2.608	0
-2.607	0
-2.606	0
-2.605	0
-2.604	0
-2.603	0
-2.602	0
-2.601	0
-2.6	0
-2.599	0
-2.598	0
-2.597	0
-2.596	0
-2.595	0
-2.594	0
-2.593	0
-2.592	0
-2.591	0
-2.59	0
-2.589	0
-2.588	0
-2.587	0
-2.586	0
-2.585	0
-2.584	0
-2.583	0
-2.582	0
-2.581	0
-2.58	0
-2.579	0
-2.578	0
-2.577	0
-2.576	0
-2.575	0
-2.574	0
-2.573	0
-2.572	0
-2.571	0
-2.57	0
-2.569	0
-2.568	0
-2.567	0
-2.566	0
-2.565	0
-2.564	0
-2.563	0
-2.562	0
-2.561	0
-2.56	0
-2.559	0
-2.558	0
-2.557	0
-2.556	0
-2.555	0
-2.554	0
-2.553	0
-2.552	0
-2.551	0
-2.55	0
-2.549	0
-2.548	0
-2.547	0
-2.546	0
-2.545	0
-2.544	0
-2.543	0
-2.542	0
-2.541	0
-2.54	0
-2.539	0
-2.538	0
-2.537	0
-2.536	0
-2.535	0
-2.534	0
-2.533	0
-2.532	0
-2.531	0
-2.53	0
-2.529	0
-2.528	0
-2.527	0
-2.526	0
-2.525	0
-2.524	0
-2.523	0
-2.522	0
-2.521	0
-2.52	0
-2.519	0
-2.518	0
-2.517	0
-2.516	0
-2.515	0
-2.514	0
-2.513	0
-2.512	0
-2.511	0
-2.51	0
-2.509	0
-2.508	0
-2.507	0
-2.506	0
-2.505	0
-2.504	0
-2.503	0
-2.502	0
-2.501	0
-2.5	0
-2.499	0
-2.498	0
-2.497	0
-2.496	0
-2.495	0
-2.494	0
-2.493	0
-2.492	0
-2.491	0
-2.49	0
-2.489	0
-2.488	0
-2.487	0
-2.486	0
-2.485	0
-2.484	0
-2.483	0
-2.482	0
-2.481	0
-2.48	0
-2.479	0
-2.478	0
-2.477	0
-2.476	0
-2.475	0
-2.474	0
-2.473	0
-2.472	0
-2.471	0
-2.47	0
-2.469	0
-2.468	0
-2.467	0
-2.466	0
-2.465	0
-2.464	0
-2.463	0
-2.462	0
-2.461	0
-2.46	0
-2.459	0
-2.458	0
-2.457	0
-2.456	0
-2.455	0
-2.454	0
-2.453	0
-2.452	0
-2.451	0
-2.45	0
-2.449	0
-2.448	0
-2.447	0
-2.446	0
-2.445	0
-2.444	0
-2.443	0
-2.442	0
-2.441	0
-2.44	0
-2.439	0
-2.438	0
-2.437	0
-2.436	0
-2.435	0
-2.434	0
-2.433	0
-2.432	0
-2.431	0
-2.43	0
-2.429	0
-2.428	0
-2.427	0
-2.426	0
-2.425	0
-2.424	0
-2.423	0
-2.422	0
-2.421	0
-2.42	0
-2.419	0
-2.418	0
-2.417	0
-2.416	0
-2.415	0
-2.414	0
-2.413	0
-2.412	0
-2.411	0
-2.41	0
-2.409	0
-2.408	0
-2.407	0
-2.406	0
-2.405	0
-2.404	0
-2.403	0
-2.402	0
-2.401	0
-2.4	0
-2.399	0
-2.398	0
-2.397	0
-2.396	0
-2.395	0
-2.394	0
-2.393	0
-2.392	0
-2.391	0
-2.39	0
-2.389	0
-2.388	0
-2.387	0
-2.386	0
-2.385	0
-2.384	0
-2.383	0
-2.382	0
-2.381	0
-2.38	0
-2.379	0
-2.378	0
-2.377	0
-2.376	0
-2.375	0
-2.374	0
-2.373	0
-2.372	0
-2.371	0
-2.37	0
-2.369	0
-2.368	0
-2.367	0
-2.366	0
-2.365	0
-2.364	0
-2.363	0
-2.362	0
-2.361	0
-2.36	0
-2.359	0
-2.358	0
-2.357	0
-2.356	0
-2.355	0
-2.354	0
-2.353	0
-2.352	0
-2.351	0
-2.35	0
-2.349	0
-2.348	0
-2.347	0
-2.346	0
-2.345	0
-2.344	0
-2.343	0
-2.342	0
-2.341	0
-2.34	0
-2.339	0
-2.338	0
-2.337	0
-2.336	0
-2.335	0
-2.334	0
-2.333	0
-2.332	0
-2.331	0
-2.33	0
-2.329	0
-2.328	0
-2.327	0
-2.326	0
-2.325	0
-2.324	0
-2.323	0
-2.322	0
-2.321	0
-2.32	0
-2.319	0
-2.318	0
-2.317	0
-2.316	0
-2.315	0
-2.314	0
-2.313	0
-2.312	0
-2.311	0
-2.31	0
-2.309	0
-2.308	0
-2.307	0
-2.306	0
-2.305	0
-2.304	0
-2.303	0
-2.302	0
-2.301	0
-2.3	0
-2.299	0
-2.298	0
-2.297	0
-2.296	0
-2.295	0
-2.294	0
-2.293	0
-2.292	0
-2.291	0
-2.29	0
-2.289	0
-2.288	0
-2.287	0
-2.286	0
-2.285	0
-2.284	0
-2.283	0
-2.282	0
-2.281	0
-2.28	0
-2.279	0
-2.278	0
-2.277	0
-2.276	0
-2.275	0
-2.274	0
-2.273	0
-2.272	0
-2.271	0
-2.27	0
-2.269	0
-2.268	0
-2.267	0
-2.266	0
-2.265	0
-2.264	0
-2.263	0
-2.262	0
-2.261	0
-2.26	0
-2.259	0
-2.258	0
-2.257	0
-2.256	0
-2.255	0
-2.254	0
-2.253	0
-2.252	0
-2.251	0
-2.25	0
-2.249	0
-2.248	0
-2.247	0
-2.246	0
-2.245	0
-2.244	0
-2.243	0
-2.242	0
-2.241	0
-2.24	0
-2.239	0
-2.238	0
-2.237	0
-2.236	0
-2.235	0
-2.234	0
-2.233	0
-2.232	0
-2.231	0
-2.23	0
-2.229	0
-2.228	0
-2.227	0
-2.226	0
-2.225	0
-2.224	0
-2.223	0
-2.222	0
-2.221	0
-2.22	0
-2.219	0
-2.218	0
-2.217	0
-2.216	0
-2.215	0
-2.214	0
-2.213	0
-2.212	0
-2.211	0
-2.21	0
-2.209	0
-2.208	0
-2.207	0
-2.206	0
-2.205	0
-2.204	0
-2.203	0
-2.202	0
-2.201	0
-2.2	0
-2.199	0
-2.198	0
-2.197	0
-2.196	0
-2.195	0
-2.194	0
-2.193	0
-2.192	0
-2.191	0
-2.19	0
-2.189	0
-2.188	0
-2.187	0
-2.186	0
-2.185	0
-2.184	0
-2.183	0
-2.182	0
-2.181	0
-2.18	0
-2.179	0
-2.178	0
-2.177	0
-2.176	0
-2.175	0
-2.174	0
-2.173	0
-2.172	0
-2.171	0
-2.17	0
-2.169	0
-2.168	0
-2.167	0
-2.166	0
-2.165	0
-2.164	0
-2.163	0
-2.162	0
-2.161	0
-2.16	0
-2.159	0
-2.158	0
-2.157	0
-2.156	0
-2.155	0
-2.154	0
-2.153	0
-2.152	0
-2.151	0
-2.15	0
-2.149	0
-2.148	0
-2.147	0
-2.146	0
-2.145	0
-2.144	0
-2.143	0
-2.142	0
-2.141	0
-2.14	0
-2.139	0
-2.138	0
-2.137	0
-2.136	0
-2.135	0
-2.134	0
-2.133	0
-2.132	0
-2.131	0
-2.13	0
-2.129	0
-2.128	0
-2.127	0
-2.126	0
-2.125	0
-2.124	0
-2.123	0
-2.122	0
-2.121	0
-2.12	0
-2.119	0
-2.118	0
-2.117	0
-2.116	0
-2.115	0
-2.114	0
-2.113	0
-2.112	0
-2.111	0
-2.11	0
-2.109	0
-2.108	0
-2.107	0
-2.106	0
-2.105	0
-2.104	0
-2.103	0
-2.102	0
-2.101	0
-2.1	0
-2.099	0
-2.098	0
-2.097	0
-2.096	0
-2.095	0
-2.094	0
-2.093	4.07592e-077
-2.092	4.89895e-076
-2.091	2.0832e-075
-2.09	6.37017e-075
-2.089	1.98791e-074
-2.088	7.10454e-074
-2.087	2.70962e-073
-2.086	1.04811e-072
-2.085	4.04065e-072
-2.084	1.54639e-071
-2.083	5.87323e-071
-2.082	2.2141e-070
-2.081	8.28695e-070
-2.08	3.0797e-069
-2.079	1.1364e-068
-2.078	4.16337e-068
-2.077	1.51438e-067
-2.076	5.46873e-067
-2.075	1.96056e-066
-2.074	6.97751e-066
-2.073	2.46508e-065
-2.072	8.64477e-065
-2.071	3.00921e-064
-2.07	1.03971e-063
-2.069	3.5654e-063
-2.068	1.21347e-062
-2.067	4.09876e-062
-2.066	1.37392e-061
-2.065	4.57024e-061
-2.064	1.50856e-060
-2.063	4.94098e-060
-2.062	1.60573e-059
-2.061	5.17749e-059
-2.06	1.65628e-058
-2.059	5.25645e-058
-2.058	1.65492e-057
-2.057	5.16851e-057
-2.056	1.60116e-056
-2.055	4.91996e-056
-2.054	1.49943e-055
-2.053	4.53211e-055
-2.052	1.35852e-054
-2.051	4.03825e-054
-2.05	1.19031e-053
-2.049	3.47892e-053
-2.048	1.00813e-052
-2.047	2.89636e-052
-2.046	8.24942e-052
-2.045	2.32918e-051
-2.044	6.51875e-051
-2.043	1.80833e-050
-2.042	4.97182e-050
-2.041	1.35471e-049
-2.04	3.65797e-049
-2.039	9.78739e-049
-2.038	2.59474e-048
-2.037	6.81536e-048
-2.036	1.77345e-047
-2.035	4.57139e-047
-2.034	1.1672e-046
-2.033	2.95167e-046
-2.032	7.39241e-046
-2.031	1.8334e-045
-2.03	4.50242e-045
-2.029	1.09473e-044
-2.028	2.63516e-044
-2.027	6.27909e-044
-2.026	1.48093e-043
-2.025	3.45682e-043
-2.024	7.98502e-043
-2.023	1.82509e-042
-2.022	4.12716e-042
-2.021	9.23267e-042
-2.02	2.04295e-041
-2.019	4.47084e-041
-2.018	9.67527e-041
-2.017	2.07024e-040
-2.016	4.37924e-040
-2.015	9.15657e-040
-2.014	1.89216e-039
-2.013	3.86367e-039
-2.012	7.79448e-039
-2.011	1.55325e-038
-2.01	3.0569e-038
-2.009	5.94043e-038
-2.008	1.13962e-037
-2.007	2.15782e-037
-2.006	4.03157e-037
-2.005	7.43068e-037
-2.004	1.3507e-036
-2.003	2.42067e-036
-2.002	4.27584e-036
-2.001	7.44154e-036
-2	1.27554e-035
-1.999	2.15246e-035
-1.998	3.5742e-035
-1.997	5.83711e-035
-1.996	9.36994e-035
-1.995	1.47741e-034
-1.994	2.28643e-034
-1.993	3.46984e-034
-1.992	5.15817e-034
-1.991	7.50179e-034
-1.99	1.06572e-033
-1.989	1.47605e-033
-1.988	1.98834e-033
-1.987	2.59691e-033
-1.986	3.27492e-033
-1.985	3.96509e-033
-1.984	4.57177e-033
-1.983	4.95886e-033
-1.982	4.96132e-033
-1.981	4.42181e-033
-1.98	3.26968e-033
-1.979	1.66506e-033
-1.978	2.37254e-034
-1.977	4.52847e-034
-1.976	5.15394e-033
-1.975	1.93104e-032
-1.974	5.10314e-032
-1.973	1.1288e-031
-1.972	2.23529e-031
-1.971	4.09802e-031
-1.97	7.09126e-031
-1.969	1.17242e-030
-1.968	1.86751e-030
-1.967	2.88298e-030
-1.966	4.33277e-030
-1.965	6.36131e-030
-1.964	9.14952e-030
-1.963	1.29217e-029
-1.962	1.79535e-029
-1.961	2.45811e-029
-1.96	3.32111e-029
-1.959	4.4333e-029
-1.958	5.85315e-029
-1.957	7.65013e-029
-1.956	9.90621e-029
-1.955	1.27176e-028
-1.954	1.61963e-028
-1.953	2.04722e-028
-1.952	2.56947e-028
-1.951	3.2035e-028
-1.95	3.96878e-028
-1.949	4.88737e-028
-1.948	5.98416e-028
-1.947	7.28706e-028
-1.946	8.82728e-028
-1.945	1.06396e-027
-1.944	1.27626e-027
-1.943	1.52389e-027
-1.942	1.81154e-027
-1.941	2.14435e-027
-1.94	2.52791e-027
-1.939	2.96832e-027
-1.938	3.47212e-027
-1.937	4.04638e-027
-1.936	4.69862e-027
-1.935	5.43688e-027
-1.934	6.26966e-027
-1.933	7.20592e-027
-1.932	8.25509e-027
-1.931	9.42701e-027
-1.93	1.0732e-026
-1.929	1.21806e-026
-1.928	1.37838e-026
-1.927	1.55529e-026
-1.926	1.74995e-026
-1.925	1.9635e-026
-1.924	2.19713e-026
-1.923	2.452e-026
-1.922	2.72928e-026
-1.921	3.03011e-026
-1.92	3.35561e-026
-1.919	3.70682e-026
-1.918	4.08478e-026
-1.917	4.49043e-026
-1.916	4.92463e-026
-1.915	5.38813e-026
-1.914	5.88158e-026
-1.913	6.4055e-026
-1.912	6.96028e-026
-1.911	7.5461e-026
-1.91	8.16301e-026
-1.909	8.81081e-026
-1.908	9.48908e-026
-1.907	1.01972e-025
-1.906	1.09343e-025
-1.905	1.16991e-025
-1.904	1.24902e-025
-1.903	1.33056e-025
-1.902	1.41432e-025
-1.901	1.50004e-025
-1.9	1.58742e-025
-1.899	1.67612e-025
-1.898	1.76578e-025
-1.897	1.85597e-025
-1.896	1.94624e-025
-1.895	2.03607e-025
-1.894	2.12495e-025
-1.893	2.21228e-025
-1.892	2.29747e-025
-1.891	2.37988e-025
-1.89	2.45884e-025
-1.889	2.53368e-025
-1.888	2.60372e-025
-1.887	2.66827e-025
-1.886	2.72666e-025
-1.885	2.77826e-025
-1.884	2.82244e-025
-1.883	2.85867e-025
-1.882	2.88646e-025
-1.881	2.90542e-025
-1.88	2.9153e-025
-1.879	2.91593e-025
-1.878	2.90736e-025
-1.877	2.8898e-025
-1.876	2.86367e-025
-1.875	2.82965e-025
-1.874	2.78868e-025
-1.873	2.74201e-025
-1.872	2.69123e-025
-1.871	2.63832e-025
-1.87	2.58565e-025
-1.869	2.53604e-025
-1.868	2.49278e-025
-1.867	2.45968e-025
-1.866	2.44112e-025
-1.865	2.44202e-025
-1.864	2.46792e-025
-1.863	2.525e-025
-1.862	2.62008e-025
-1.861	2.76064e-025
-1.86	2.95482e-025
-1.859	3.21147e-025
-1.858	3.54006e-025
-1.857	3.95073e-025
-1.856	4.45426e-025
-1.855	5.062e-025
-1.854	5.78586e-025
-1.853	6.63826e-025
-1.852	7.63203e-025
-1.851	8.78032e-025
-1.85	1.00965e-024
-1.849	1.15942e-024
-1.848	1.32868e-024
-1.847	1.51877e-024
-1.846	1.731e-024
-1.845	1.96662e-024
-1.844	2.22682e-024
-1.843	2.51269e-024
-1.842	2.82524e-024
-1.841	3.16531e-024
-1.84	3.5336e-024
-1.839	3.93065e-024
-1.838	4.35676e-024
-1.837	4.81203e-024
-1.836	5.29627e-024
-1.835	5.80904e-024
-1.834	6.34957e-024
-1.833	6.91676e-024
-1.832	7.50918e-024
-1.831	8.12498e-024
-1.83	8.76195e-024
-1.829	9.41745e-024
-1.828	1.00884e-023
-1.827	1.07714e-023
-1.826	1.14625e-023
-1.825	1.21574e-023
-1.824	1.28513e-023
-1.823	1.35392e-023
-1.822	1.42155e-023
-1.821	1.48744e-023
-1.82	1.55099e-023
-1.819	1.61157e-023
-1.818	1.66855e-023
-1.817	1.72126e-023
-1.816	1.76908e-023
-1.815	1.81136e-023
-1.814	1.84752e-023
-1.813	1.87699e-023
-1.812	1.89929e-023
-1.811	1.91399e-023
-1.81	1.92076e-023
-1.809	1.91943e-023
-1.808	1.90991e-023
-1.807	1.89233e-023
-1.806	1.867e-023
-1.805	1.83445e-023
-1.804	1.79546e-023
-1.803	1.75111e-023
-1.802	1.7028e-023
-1.801	1.65227e-023
-1.8	1.60168e-023
-1.799	1.55357e-023
-1.798	1.51098e-023
-1.797	1.47743e-023
-1.796	1.45699e-023
-1.795	1.45427e-023
-1.794	1.47452e-023
-1.793	1.52358e-023
-1.792	1.608e-023
-1.791	1.73498e-023
-1.79	1.91244e-023
-1.789	2.14903e-023
-1.788	2.45414e-023
-1.787	2.83791e-023
-1.786	3.3112e-023
-1.785	3.88563e-023
-1.784	4.57354e-023
-1.783	5.38793e-023
-1.782	6.34249e-023
-1.781	7.45152e-023
-1.78	8.72983e-023
-1.779	1.01927e-022
-1.778	1.1856e-022
-1.777	1.37356e-022
-1.776	1.58476e-022
-1.775	1.82084e-022
-1.774	2.0834e-022
-1.773	2.37403e-022
-1.772	2.69428e-022
-1.771	3.04561e-022
-1.77	3.42944e-022
-1.769	3.84705e-022
-1.768	4.2996e-022
-1.767	4.7881e-022
-1.766	5.31338e-022
-1.765	5.87608e-022
-1.764	6.47656e-022
-1.763	7.11498e-022
-1.762	7.79117e-022
-1.761	8.50467e-022
-1.76	9.25465e-022
-1.759	1.004e-021
-1.758	1.0859e-021
-1.757	1.17098e-021
-1.756	1.259e-021
-1.755	1.34966e-021
-1.754	1.44265e-021
-1.753	1.53757e-021
-1.752	1.63401e-021
-1.751	1.73149e-021
-1.75	1.82951e-021
-1.749	1.92749e-021
-1.748	2.02484e-021
-1.747	2.12092e-021
-1.746	2.21506e-021
-1.745	2.30657e-021
-1.744	2.39472e-021
-1.743	2.47878e-021
-1.742	2.55803e-021
-1.741	2.63172e-021
-1.74	2.69916e-021
-1.739	2.75966e-021
-1.738	2.8126e-021
-1.737	2.8574e-021
-1.736	2.89358e-021
-1.735	2.92075e-021
-1.734	2.93863e-021
-1.733	2.94712e-021
-1.732	2.94623e-021
-1.731	2.9362e-021
-1.73	2.91747e-021
-1.729	2.89072e-021
-1.728	2.85689e-021
-1.727	2.81723e-021
-1.726	2.77331e-021
-1.725	2.72705e-021
-1.724	2.68073e-021
-1.723	2.63708e-021
-1.722	2.59923e-021
-1.721	2.57077e-021
-1.72	2.55578e-021
-1.719	2.55885e-021
-1.718	2.58509e-021
-1.717	2.64015e-021
-1.716	2.73023e-021
-1.715	2.86209e-021
-1.714	3.04305e-021
-1.713	3.28099e-021
-1.712	3.58438e-021
-1.711	3.96218e-021
-1.71	4.42391e-021
-1.709	4.97956e-021
-1.708	5.63959e-021
-1.707	6.41489e-021
-1.706	7.31667e-021
-1.705	8.35646e-021
-1.704	9.54602e-021
-1.703	1.08972e-020
-1.702	1.24221e-020
-1.701	1.41325e-020
-1.7	1.60401e-020
-1.699	1.81563e-020
-1.698	2.04923e-020
-1.697	2.30585e-020
-1.696	2.58645e-020
-1.695	2.89193e-020
-1.694	3.22308e-020
-1.693	3.58055e-020
-1.692	3.96486e-020
-1.691	4.37639e-020
-1.69	4.81533e-020
-1.689	5.28167e-020
-1.688	5.77521e-020
-1.687	6.29552e-020
-1.686	6.8419e-020
-1.685	7.4134e-020
-1.684	8.00881e-020
-1.683	8.62663e-020
-1.682	9.26506e-020
-1.681	9.92201e-020
-1.68	1.0595e-019
-1.679	1.12814e-019
-1.678	1.19782e-019
-1.677	1.2682e-019
-1.676	1.33891e-019
-1.675	1.40958e-019
-1.674	1.47979e-019
-1.673	1.54909e-019
-1.672	1.61704e-019
-1.671	1.68316e-019
-1.67	1.74697e-019
-1.669	1.80798e-019
-1.668	1.86572e-019
-1.667	1.91971e-019
-1.666	1.96948e-019
-1.665	2.01461e-019
-1.664	2.05469e-019
-1.663	2.08938e-019
-1.662	2.11836e-019
-1.661	2.14142e-019
-1.66	2.15841e-019
-1.659	2.16926e-019
-1.658	2.17405e-019
-1.657	2.17292e-019
-1.656	2.1662e-019
-1.655	2.15436e-019
-1.654	2.13802e-019
-1.653	2.118e-019
-1.652	2.09532e-019
-1.651	2.07121e-019
-1.65	2.04712e-019
-1.649	2.02476e-019
-1.648	2.0061e-019
-1.647	1.99335e-019
-1.646	1.98904e-019
-1.645	1.99596e-019
-1.644	2.01722e-019
-1.643	2.05622e-019
-1.642	2.11668e-019
-1.641	2.20262e-019
-1.64	2.31838e-019
-1.639	2.46859e-019
-1.638	2.65818e-019
-1.637	2.89235e-019
-1.636	3.17659e-019
-1.635	3.5166e-019
-1.634	3.91835e-019
-1.633	4.38794e-019
-1.632	4.93167e-019
-1.631	5.55595e-019
-1.63	6.26724e-019
-1.629	7.07205e-019
-1.628	7.97685e-019
-1.627	8.98801e-019
-1.626	1.01118e-018
-1.625	1.13541e-018
-1.624	1.27208e-018
-1.623	1.42171e-018
-1.622	1.5848e-018
-1.621	1.76177e-018
-1.62	1.953e-018
-1.619	2.15879e-018
-1.618	2.37937e-018
-1.617	2.61486e-018
-1.616	2.8653e-018
-1.615	3.13062e-018
-1.614	3.41064e-018
-1.613	3.70504e-018
-1.612	4.01339e-018
-1.611	4.33512e-018
-1.61	4.66951e-018
-1.609	5.0157e-018
-1.608	5.37269e-018
-1.607	5.7393e-018
-1.606	6.11425e-018
-1.605	6.49603e-018
-1.604	6.88307e-018
-1.603	7.27361e-018
-1.602	7.66578e-018
-1.601	8.05755e-018
-1.6	8.44681e-018
-1.599	8.83135e-018
-1.598	9.20889e-018
-1.597	9.57708e-018
-1.596	9.93354e-018
-1.595	1.02759e-017
-1.594	1.06018e-017
-1.593	1.0909e-017
-1.592	1.11953e-017
-1.591	1.14586e-017
-1.59	1.16971e-017
-1.589	1.19092e-017
-1.588	1.20936e-017
-1.587	1.22492e-017
-1.586	1.23754e-017
-1.585	1.24721e-017
-1.584	1.25396e-017
-1.583	1.25789e-017
-1.582	1.25915e-017
-1.581	1.25797e-017
-1.58	1.25465e-017
-1.579	1.24957e-017
-1.578	1.24319e-017
-1.577	1.23609e-017
-1.576	1.22893e-017
-1.575	1.22247e-017
-1.574	1.21759e-017
-1.573	1.21528e-017
-1.572	1.21663e-017
-1.571	1.22288e-017
-1.57	1.23537e-017
-1.569	1.25555e-017
-1.568	1.28502e-017
-1.567	1.32548e-017
-1.566	1.37874e-017
-1.565	1.44675e-017
-1.564	1.53153e-017
-1.563	1.63524e-017
-1.562	1.7601e-017
-1.561	1.90843e-017
-1.56	2.0826e-017
-1.559	2.28506e-017
-1.558	2.51828e-017
-1.557	2.78477e-017
-1.556	3.08702e-017
-1.555	3.42753e-017
-1.554	3.80873e-017
-1.553	4.23303e-017
-1.552	4.7027e-017
-1.551	5.21994e-017
-1.55	5.78676e-017
-1.549	6.40504e-017
-1.548	7.07643e-017
-1.547	7.80237e-017
-1.546	8.58398e-017
-1.545	9.42215e-017
-1.544	1.03174e-016
-1.543	1.12699e-016
-1.542	1.22795e-016
-1.541	1.33454e-016
-1.54	1.44668e-016
-1.539	1.56419e-016
-1.538	1.68689e-016
-1.537	1.81451e-016
-1.536	1.94676e-016
-1.535	2.08328e-016
-1.534	2.22366e-016
-1.533	2.36745e-016
-1.532	2.51412e-016
-1.531	2.66312e-016
-1.53	2.81383e-016
-1.529	2.9656e-016
-1.528	3.11774e-016
-1.527	3.26949e-016
-1.526	3.42011e-016
-1.525	3.56879e-016
-1.524	3.71473e-016
-1.523	3.85711e-016
-1.522	3.9951e-016
-1.521	4.1279e-016
-1.52	4.25472e-016
-1.519	4.3748e-016
-1.518	4.48743e-016
-1.517	4.59196e-016
-1.516	4.68782e-016
-1.515	4.77452e-016
-1.514	4.85169e-016
-1.513	4.91908e-016
-1.512	4.97657e-016
-1.511	5.02422e-016
-1.51	5.06224e-016
-1.509	5.09106e-016
-1.508	5.11131e-016
-1.507	5.12384e-016
-1.506	5.12979e-016
-1.505	5.13052e-016
-1.504	5.12768e-016
-1.503	5.12322e-016
-1.502	5.11942e-016
-1.501	5.11885e-016
-1.5	5.12441e-016
-1.499	5.13934e-016
-1.498	5.16724e-016
-1.497	5.21203e-016
-1.496	5.27799e-016
-1.495	5.36973e-016
-1.494	5.49219e-016
-1.493	5.65065e-016
-1.492	5.85067e-016
-1.491	6.09813e-016
-1.49	6.39915e-016
-1.489	6.7601e-016
-1.488	7.18757e-016
-1.487	7.68829e-016
-1.486	8.26913e-016
-1.485	8.93709e-016
-1.484	9.69912e-016
-1.483	1.05622e-015
-1.482	1.15333e-015
-1.481	1.26191e-015
-1.48	1.38262e-015
-1.479	1.51608e-015
-1.478	1.66289e-015
-1.477	1.82359e-015
-1.476	1.9987e-015
-1.475	2.18863e-015
-1.474	2.39379e-015
-1.473	2.61445e-015
-1.472	2.85086e-015
-1.471	3.10312e-015
-1.47	3.37129e-015
-1.469	3.65528e-015
-1.468	3.95492e-015
-1.467	4.26992e-015
-1.466	4.59983e-015
-1.465	4.94415e-015
-1.464	5.30218e-015
-1.463	5.67311e-015
-1.462	6.05602e-015
-1.461	6.44982e-015
-1.46	6.85332e-015
-1.459	7.26518e-015
-1.458	7.68396e-015
-1.457	8.10809e-015
-1.456	8.53586e-015
-1.455	8.96552e-015
-1.454	9.3952e-015
-1.453	9.82296e-015
-1.452	1.02468e-014
-1.451	1.06647e-014
-1.45	1.10746e-014
-1.449	1.14745e-014
-1.448	1.18624e-014
-1.447	1.22363e-014
-1.446	1.25943e-014
-1.445	1.29347e-014
-1.444	1.3256e-014
-1.443	1.35567e-014
-1.442	1.38356e-014
-1.441	1.40918e-014
-1.44	1.43246e-014
-1.439	1.45339e-014
-1.438	1.47195e-014
-1.437	1.48821e-014
-1.436	1.50226e-014
-1.435	1.51422e-014
-1.434	1.52431e-014
-1.433	1.53276e-014
-1.432	1.5399e-014
-1.431	1.54608e-014
-1.43	1.55174e-014
-1.429	1.55739e-014
-1.428	1.56359e-014
-1.427	1.57099e-014
-1.426	1.5803e-014
-1.425	1.5923e-014
-1.424	1.60785e-014
-1.423	1.62787e-014
-1.422	1.65337e-014
-1.421	1.6854e-014
-1.42	1.72509e-014
-1.419	1.77363e-014
-1.418	1.83226e-014
-1.417	1.90227e-014
-1.416	1.98501e-014
-1.415	2.08183e-014
-1.414	2.19413e-014
-1.413	2.32335e-014
-1.412	2.47091e-014
-1.411	2.63822e-014
-1.41	2.82671e-014
-1.409	3.03777e-014
-1.408	3.27275e-014
-1.407	3.53294e-014
-1.406	3.81957e-014
-1.405	4.13381e-014
-1.404	4.47671e-014
-1.403	4.84923e-014
-1.402	5.25219e-014
-1.401	5.68628e-014
-1.4	6.15203e-014
-1.399	6.64981e-014
-1.398	7.17981e-014
-1.397	7.74202e-014
-1.396	8.33623e-014
-1.395	8.96201e-014
-1.394	9.6187e-014
-1.393	1.03054e-013
-1.392	1.1021e-013
-1.391	1.17642e-013
-1.39	1.25332e-013
-1.389	1.33263e-013
-1.388	1.41414e-013
-1.387	1.4976e-013
-1.386	1.58277e-013
-1.385	1.66936e-013
-1.384	1.75708e-013
-1.383	1.8456e-013
-1.382	1.93461e-013
-1.381	2.02374e-013
-1.38	2.11264e-013
-1.379	2.20095e-013
-1.378	2.28829e-013
-1.377	2.3743e-013
-1.376	2.4586e-013
-1.375	2.54084e-013
-1.374	2.62069e-013
-1.373	2.69779e-013
-1.372	2.77186e-013
-1.371	2.84263e-013
-1.37	2.90986e-013
-1.369	2.97333e-013
-1.368	3.03292e-013
-1.367	3.08851e-013
-1.366	3.14008e-013
-1.365	3.18765e-013
-1.364	3.23132e-013
-1.363	3.27127e-013
-1.362	3.30776e-013
-1.361	3.34112e-013
-1.36	3.37182e-013
-1.359	3.40038e-013
-1.358	3.42745e-013
-1.357	3.45376e-013
-1.356	3.48018e-013
-1.355	3.50767e-013
-1.354	3.53729e-013
-1.353	3.57024e-013
-1.352	3.60781e-013
-1.351	3.6514e-013
-1.35	3.70253e-013
-1.349	3.7628e-013
-1.348	3.83392e-013
-1.347	3.9177e-013
-1.346	4.01603e-013
-1.345	4.13085e-013
-1.344	4.2642e-013
-1.343	4.41816e-013
-1.342	4.59484e-013
-1.341	4.7964e-013
-1.34	5.02499e-013
-1.339	5.28278e-013
-1.338	5.57191e-013
-1.337	5.89448e-013
-1.336	6.25254e-013
-1.335	6.64806e-013
-1.334	7.08293e-013
-1.333	7.55889e-013
-1.332	8.07758e-013
-1.331	8.64046e-013
-1.33	9.24884e-013
-1.329	9.9038e-013
-1.328	1.06062e-012
-1.327	1.13567e-012
-1.326	1.21557e-012
-1.325	1.30033e-012
-1.324	1.38992e-012
-1.323	1.48431e-012
-1.322	1.58342e-012
-1.321	1.68712e-012
-1.32	1.79528e-012
-1.319	1.90772e-012
-1.318	2.02422e-012
-1.317	2.14455e-012
-1.316	2.26841e-012
-1.315	2.39551e-012
-1.314	2.52549e-012
-1.313	2.658e-012
-1.312	2.79262e-012
-1.311	2.92894e-012
-1.31	3.06651e-012
-1.309	3.20488e-012
-1.308	3.34355e-012
-1.307	3.48205e-012
-1.306	3.61988e-012
-1.305	3.75654e-012
-1.304	3.89155e-012
-1.303	4.02443e-012
-1.302	4.15472e-012
-1.301	4.28196e-012
-1.3	4.40576e-012
-1.299	4.52574e-012
-1.298	4.64157e-012
-1.297	4.75296e-012
-1.296	4.85971e-012
-1.295	4.96166e-012
-1.294	5.05871e-012
-1.293	5.15088e-012
-1.292	5.23825e-012
-1.291	5.321e-012
-1.29	5.39941e-012
-1.289	5.47386e-012
-1.288	5.54487e-012
-1.287	5.61302e-012
-1.286	5.67908e-012
-1.285	5.74391e-012
-1.284	5.80847e-012
-1.283	5.8739e-012
-1.282	5.94145e-012
-1.281	6.01248e-012
-1.28	6.08851e-012
-1.279	6.17116e-012
-1.278	6.26218e-012
-1.277	6.36345e-012
-1.276	6.47694e-012
-1.275	6.60472e-012
-1.274	6.74898e-012
-1.273	6.91197e-012
-1.272	7.09603e-012
-1.271	7.30351e-012
-1.27	7.53687e-012
-1.269	7.79856e-012
-1.268	8.09104e-012
-1.267	8.41679e-012
-1.266	8.77821e-012
-1.265	9.17773e-012
-1.264	9.61764e-012
-1.263	1.01002e-011
-1.262	1.06275e-011
-1.261	1.12016e-011
-1.26	1.18243e-011
-1.259	1.24973e-011
-1.258	1.32221e-011
-1.257	1.39998e-011
-1.256	1.48316e-011
-1.255	1.57182e-011
-1.254	1.66601e-011
-1.253	1.76575e-011
-1.252	1.87102e-011
-1.251	1.98178e-011
-1.25	2.09797e-011
-1.249	2.21946e-011
-1.248	2.34611e-011
-1.247	2.47774e-011
-1.246	2.61415e-011
-1.245	2.75507e-011
-1.244	2.90023e-011
-1.243	3.04932e-011
-1.242	3.20198e-011
-1.241	3.35784e-011
-1.24	3.51651e-011
-1.239	3.67755e-011
-1.238	3.84052e-011
-1.237	4.00495e-011
-1.236	4.17036e-011
-1.235	4.33628e-011
-1.234	4.50219e-011
-1.233	4.66762e-011
-1.232	4.83208e-011
-1.231	4.99508e-011
-1.23	5.15618e-011
-1.229	5.31493e-011
-1.228	5.47093e-011
-1.227	5.62382e-011
-1.226	5.77327e-011
-1.225	5.919e-011
-1.224	6.06079e-011
-1.223	6.1985e-011
-1.222	6.33202e-011
-1.221	6.46137e-011
-1.22	6.58661e-011
-1.219	6.7079e-011
-1.218	6.82551e-011
-1.217	6.93978e-011
-1.216	7.05118e-011
-1.215	7.16028e-011
-1.214	7.26775e-011
-1.213	7.37438e-011
-1.212	7.48108e-011
-1.211	7.58888e-011
-1.21	7.69889e-011
-1.209	7.8124e-011
-1.208	7.93075e-011
-1.207	8.05543e-011
-1.206	8.18801e-011
-1.205	8.33018e-011
-1.204	8.48371e-011
-1.203	8.65046e-011
-1.202	8.83236e-011
-1.201	9.03144e-011
-1.2	9.24975e-011
-1.199	9.4894e-011
-1.198	9.75254e-011
-1.197	1.00413e-010
-1.196	1.03579e-010
-1.195	1.07044e-010
-1.194	1.1083e-010
-1.193	1.14958e-010
-1.192	1.19448e-010
-1.191	1.24319e-010
-1.19	1.29589e-010
-1.189	1.35276e-010
-1.188	1.41396e-010
-1.187	1.47963e-010
-1.186	1.5499e-010
-1.185	1.62487e-010
-1.184	1.70464e-010
-1.183	1.78928e-010
-1.182	1.87881e-010
-1.181	1.97328e-010
-1.18	2.07266e-010
-1.179	2.17694e-010
-1.178	2.28605e-010
-1.177	2.3999e-010
-1.176	2.51839e-010
-1.175	2.64138e-010
-1.174	2.76869e-010
-1.173	2.90014e-010
-1.172	3.0355e-010
-1.171	3.17454e-010
-1.17	3.31697e-010
-1.169	3.46251e-010
-1.168	3.61085e-010
-1.167	3.76167e-010
-1.166	3.91461e-010
-1.165	4.06933e-010
-1.164	4.22547e-010
-1.163	4.38264e-010
-1.162	4.54048e-010
-1.161	4.69863e-010
-1.16	4.85671e-010
-1.159	5.01437e-010
-1.158	5.17128e-010
-1.157	5.32712e-010
-1.156	5.48159e-010
-1.155	5.63443e-010
-1.154	5.7854e-010
-1.153	5.93432e-010
-1.152	6.08104e-010
-1.151	6.22545e-010
-1.15	6.36751e-010
-1.149	6.50722e-010
-1.148	6.64467e-010
-1.147	6.77999e-010
-1.146	6.91338e-010
-1.145	7.04512e-010
-1.144	7.17556e-010
-1.143	7.30515e-010
-1.142	7.43438e-010
-1.141	7.56383e-010
-1.14	7.6942e-010
-1.139	7.82622e-010
-1.138	7.96072e-010
-1.137	8.09863e-010
-1.136	8.24093e-010
-1.135	8.38867e-010
-1.134	8.543e-010
-1.133	8.70511e-010
-1.132	8.87626e-010
-1.131	9.05777e-010
-1.13	9.25101e-010
-1.129	9.4574e-010
-1.128	9.67837e-010
-1.127	9.91539e-010
-1.126	1.017e-009
-1.125	1.04436e-009
-1.124	1.07377e-009
-1.123	1.10538e-009
-1.122	1.13934e-009
-1.121	1.1758e-009
-1.12	1.21487e-009
-1.119	1.25671e-009
-1.118	1.30143e-009
-1.117	1.34914e-009
-1.116	1.39997e-009
-1.115	1.454e-009
-1.114	1.51133e-009
-1.113	1.57202e-009
-1.112	1.63613e-009
-1.111	1.70372e-009
-1.11	1.77481e-009
-1.109	1.84942e-009
-1.108	1.92755e-009
-1.107	2.00919e-009
-1.106	2.0943e-009
-1.105	2.18283e-009
-1.104	2.27471e-009
-1.103	2.36987e-009
-1.102	2.4682e-009
-1.101	2.56958e-009
-1.1	2.67388e-009
-1.099	2.78096e-009
-1.098	2.89065e-009
-1.097	3.00279e-009
-1.096	3.11719e-009
-1.095	3.23365e-009
-1.094	3.35198e-009
-1.093	3.47196e-009
-1.092	3.59339e-009
-1.091	3.71606e-009
-1.09	3.83974e-009
-1.089	3.96422e-009
-1.088	4.08932e-009
-1.087	4.21482e-009
-1.086	4.34054e-009
-1.085	4.46631e-009
-1.084	4.59196e-009
-1.083	4.71736e-009
-1.082	4.8424e-009
-1.081	4.96697e-009
-1.08	5.09103e-009
-1.079	5.21452e-009
-1.078	5.33744e-009
-1.077	5.45983e-009
-1.076	5.58174e-009
-1.075	5.70329e-009
-1.074	5.82462e-009
-1.073	5.94593e-009
-1.072	6.06743e-009
-1.071	6.1894e-009
-1.07	6.31217e-009
-1.069	6.43611e-009
-1.068	6.56161e-009
-1.067	6.68913e-009
-1.066	6.81918e-009
-1.065	6.9523e-009
-1.064	7.08907e-009
-1.063	7.23012e-009
-1.062	7.3761e-009
-1.061	7.52773e-009
-1.06	7.68573e-009
-1.059	7.85086e-009
-1.058	8.02391e-009
-1.057	8.20566e-009
-1.056	8.39697e-009
-1.055	8.59864e-009
-1.054	8.81153e-009
-1.053	9.03647e-009
-1.052	9.2743e-009
-1.051	9.52586e-009
-1.05	9.79195e-009
-1.049	1.00734e-008
-1.048	1.03709e-008
-1.047	1.06852e-008
-1.046	1.10171e-008
-1.045	1.13671e-008
-1.044	1.17359e-008
-1.043	1.21241e-008
-1.042	1.2532e-008
-1.041	1.29602e-008
-1.04	1.34089e-008
-1.039	1.38785e-008
-1.038	1.43692e-008
-1.037	1.48811e-008
-1.036	1.54142e-008
-1.035	1.59685e-008
-1.034	1.65438e-008
-1.033	1.71401e-008
-1.032	1.77569e-008
-1.031	1.8394e-008
-1.03	1.90508e-008
-1.029	1.97268e-008
-1.028	2.04216e-008
-1.027	2.11343e-008
-1.026	2.18643e-008
-1.025	2.26107e-008
-1.024	2.33728e-008
-1.023	2.41498e-008
-1.022	2.49406e-008
-1.021	2.57443e-008
-1.02	2.65602e-008
-1.019	2.73871e-008
-1.018	2.82242e-008
-1.017	2.90707e-008
-1.016	2.99255e-008
-1.015	3.0788e-008
-1.014	3.16574e-008
-1.013	3.25329e-008
-1.012	3.3414e-008
-1.011	3.43003e-008
-1.01	3.51912e-008
-1.009	3.60866e-008
-1.008	3.69863e-008
-1.007	3.78904e-008
-1.006	3.8799e-008
-1.005	3.97125e-008
-1.004	4.06314e-008
-1.003	4.15565e-008
-1.002	4.24886e-008
-1.001	4.34289e-008
-1	4.43786e-008
-0.999	4.53394e-008
-0.998	4.63128e-008
-0.997	4.73009e-008
-0.996	4.83059e-008
-0.995	4.933e-008
-0.994	5.03758e-008
-0.993	5.14461e-008
-0.992	5.25439e-008
-0.991	5.36721e-008
-0.99	5.48342e-008
-0.989	5.60335e-008
-0.988	5.72737e-008
-0.987	5.85584e-008
-0.986	5.98915e-008
-0.985	6.12768e-008
-0.984	6.27185e-008
-0.983	6.42202e-008
-0.982	6.57862e-008
-0.981	6.74206e-008
-0.98	6.91272e-008
-0.979	7.091e-008
-0.978	7.27731e-008
-0.977	7.47201e-008
-0.976	7.67547e-008
-0.975	7.88805e-008
-0.974	8.11009e-008
-0.973	8.3419e-008
-0.972	8.58378e-008
-0.971	8.83599e-008
-0.97	9.09879e-008
-0.969	9.3724e-008
-0.968	9.65701e-008
-0.967	9.95278e-008
-0.966	1.02598e-007
-0.965	1.05783e-007
-0.964	1.09082e-007
-0.963	1.12496e-007
-0.962	1.16024e-007
-0.961	1.19667e-007
-0.96	1.23425e-007
-0.959	1.27294e-007
-0.958	1.31276e-007
-0.957	1.35367e-007
-0.956	1.39567e-007
-0.955	1.43873e-007
-0.954	1.48282e-007
-0.953	1.52793e-007
-0.952	1.57403e-007
-0.951	1.62109e-007
-0.95	1.66907e-007
-0.949	1.71796e-007
-0.948	1.76772e-007
-0.947	1.81833e-007
-0.946	1.86975e-007
-0.945	1.92196e-007
-0.944	1.97494e-007
-0.943	2.02866e-007
-0.942	2.08311e-007
-0.941	2.13826e-007
-0.94	2.19412e-007
-0.939	2.25066e-007
-0.938	2.30789e-007
-0.937	2.36581e-007
-0.936	2.42443e-007
-0.935	2.48376e-007
-0.934	2.54382e-007
-0.933	2.60465e-007
-0.932	2.66628e-007
-0.931	2.72876e-007
-0.93	2.79212e-007
-0.929	2.85644e-007
-0.928	2.92179e-007
-0.927	2.98823e-007
-0.926	3.05585e-007
-0.925	3.12475e-007
-0.924	3.19502e-007
-0.923	3.26678e-007
-0.922	3.34015e-007
-0.921	3.41524e-007
-0.92	3.49219e-007
-0.919	3.57113e-007
-0.918	3.65223e-007
-0.917	3.73561e-007
-0.916	3.82145e-007
-0.915	3.90991e-007
-0.914	4.00115e-007
-0.913	4.09534e-007
-0.912	4.19265e-007
-0.911	4.29326e-007
-0.91	4.39734e-007
-0.909	4.50507e-007
-0.908	4.61662e-007
-0.907	4.73217e-007
-0.906	4.85189e-007
-0.905	4.97595e-007
-0.904	5.10449e-007
-0.903	5.23771e-007
-0.902	5.37573e-007
-0.901	5.51872e-007
-0.9	5.66681e-007
-0.899	5.82013e-007
-0.898	5.9788e-007
-0.897	6.14294e-007
-0.896	6.31266e-007
-0.895	6.48804e-007
-0.894	6.66917e-007
-0.893	6.85613e-007
-0.892	7.04897e-007
-0.891	7.24776e-007
-0.89	7.45252e-007
-0.889	7.6633e-007
-0.888	7.88011e-007
-0.887	8.10297e-007
-0.886	8.33186e-007
-0.885	8.5668e-007
-0.884	8.80775e-007
-0.883	9.0547e-007
-0.882	9.30763e-007
-0.881	9.56649e-007
-0.88	9.83126e-007
-0.879	1.01019e-006
-0.878	1.03783e-006
-0.877	1.06605e-006
-0.876	1.09485e-006
-0.875	1.12422e-006
-0.874	1.15415e-006
-0.873	1.18465e-006
-0.872	1.21571e-006
-0.871	1.24734e-006
-0.87	1.27953e-006
-0.869	1.31228e-006
-0.868	1.34561e-006
-0.867	1.37951e-006
-0.866	1.414e-006
-0.865	1.44907e-006
-0.864	1.48475e-006
-0.863	1.52105e-006
-0.862	1.55798e-006
-0.861	1.59557e-006
-0.86	1.63382e-006
-0.859	1.67278e-006
-0.858	1.71247e-006
-0.857	1.75291e-006
-0.856	1.79414e-006
-0.855	1.8362e-006
-0.854	1.87913e-006
-0.853	1.92297e-006
-0.852	1.96776e-006
-0.851	2.01355e-006
-0.85	2.0604e-006
-0.849	2.10836e-006
-0.848	2.15748e-006
-0.847	2.20784e-006
-0.846	2.25947e-006
-0.845	2.31246e-006
-0.844	2.36687e-006
-0.843	2.42277e-006
-0.842	2.48022e-006
-0.841	2.53931e-006
-0.84	2.60009e-006
-0.839	2.66265e-006
-0.838	2.72706e-006
-0.837	2.79339e-006
-0.836	2.86173e-006
-0.835	2.93214e-006
-0.834	3.0047e-006
-0.833	3.07948e-006
-0.832	3.15656e-006
-0.831	3.23601e-006
-0.83	3.31791e-006
-0.829	3.40231e-006
-0.828	3.48929e-006
-0.827	3.57892e-006
-0.826	3.67125e-006
-0.825	3.76635e-006
-0.824	3.86428e-006
-0.823	3.96509e-006
-0.822	4.06884e-006
-0.821	4.17557e-006
-0.82	4.28533e-006
-0.819	4.39818e-006
-0.818	4.51414e-006
-0.817	4.63327e-006
-0.816	4.75559e-006
-0.815	4.88115e-006
-0.814	5.00997e-006
-0.813	5.14209e-006
-0.812	5.27753e-006
-0.811	5.41633e-006
-0.81	5.5585e-006
-0.809	5.70408e-006
-0.808	5.85308e-006
-0.807	6.00553e-006
-0.806	6.16146e-006
-0.805	6.32091e-006
-0.804	6.48388e-006
-0.803	6.65041e-006
-0.802	6.82054e-006
-0.801	6.9943e-006
-0.8	7.17173e-006
-0.799	7.35288e-006
-0.798	7.53778e-006
-0.797	7.72651e-006
-0.796	7.91911e-006
-0.795	8.11565e-006
-0.794	8.3162e-006
-0.793	8.52084e-006
-0.792	8.72967e-006
-0.791	8.94278e-006
-0.79	9.16027e-006
-0.789	9.38227e-006
-0.788	9.60889e-006
-0.787	9.84027e-006
-0.786	1.00766e-005
-0.785	1.03179e-005
-0.784	1.05645e-005
-0.783	1.08164e-005
-0.782	1.1074e-005
-0.781	1.13374e-005
-0.78	1.16068e-005
-0.779	1.18824e-005
-0.778	1.21644e-005
-0.777	1.24532e-005
-0.776	1.27489e-005
-0.775	1.30518e-005
-0.774	1.33623e-005
-0.773	1.36805e-005
-0.772	1.40068e-005
-0.771	1.43414e-005
-0.77	1.46847e-005
-0.769	1.5037e-005
-0.768	1.53986e-005
-0.767	1.57699e-005
-0.766	1.61511e-005
-0.765	1.65426e-005
-0.764	1.69448e-005
-0.763	1.73579e-005
-0.762	1.77824e-005
-0.761	1.82185e-005
-0.76	1.86667e-005
-0.759	1.91272e-005
-0.758	1.96005e-005
-0.757	2.00867e-005
-0.756	2.05865e-005
-0.755	2.10999e-005
-0.754	2.16275e-005
-0.753	2.21694e-005
-0.752	2.27261e-005
-0.751	2.32979e-005
-0.75	2.3885e-005
-0.749	2.44879e-005
-0.748	2.51068e-005
-0.747	2.5742e-005
-0.746	2.63939e-005
-0.745	2.70627e-005
-0.744	2.77487e-005
-0.743	2.84523e-005
-0.742	2.91737e-005
-0.741	2.99133e-005
-0.74	3.06712e-005
-0.739	3.14478e-005
-0.738	3.22435e-005
-0.737	3.30584e-005
-0.736	3.38929e-005
-0.735	3.47472e-005
-0.734	3.56218e-005
-0.733	3.65168e-005
-0.732	3.74327e-005
-0.731	3.83697e-005
-0.73	3.93283e-005
-0.729	4.03087e-005
-0.728	4.13113e-005
-0.727	4.23366e-005
-0.726	4.3385e-005
-0.725	4.44569e-005
-0.724	4.55526e-005
-0.723	4.66729e-005
-0.722	4.78181e-005
-0.721	4.89888e-005
-0.72	5.01855e-005
-0.719	5.14089e-005
-0.718	5.26596e-005
-0.717	5.39383e-005
-0.716	5.52456e-005
-0.715	5.65824e-005
-0.714	5.79493e-005
-0.713	5.93473e-005
-0.712	6.07773e-005
-0.711	6.22401e-005
-0.71	6.37365e-005
-0.709	6.52678e-005
-0.708	6.68347e-005
-0.707	6.84387e-005
-0.706	7.00805e-005
-0.705	7.17615e-005
-0.704	7.34829e-005
-0.703	7.5246e-005
-0.702	7.70519e-005
-0.701	7.8902e-005
-0.7	8.07978e-005
-0.699	8.27405e-005
-0.698	8.47318e-005
-0.697	8.6773e-005
-0.696	8.88657e-005
-0.695	9.10115e-005
-0.694	9.32119e-005
-0.693	9.54685e-005
-0.692	9.7783e-005
-0.691	0.000100157
-0.69	0.000102592
-0.689	0.000105091
-0.688	0.000107653
-0.687	0.000110283
-0.686	0.00011298
-0.685	0.000115748
-0.684	0.000118588
-0.683	0.000121501
-0.682	0.000124489
-0.681	0.000127555
-0.68	0.0001307
-0.679	0.000133927
-0.678	0.000137236
-0.677	0.000140629
-0.676	0.00014411
-0.675	0.000147679
-0.674	0.000151339
-0.673	0.000155091
-0.672	0.000158937
-0.671	0.00016288
-0.67	0.000166921
-0.669	0.000171062
-0.668	0.000175306
-0.667	0.000179654
-0.666	0.000184108
-0.665	0.000188671
-0.664	0.000193345
-0.663	0.000198131
-0.662	0.000203032
-0.661	0.000208051
-0.66	0.000213189
-0.659	0.00021845
-0.658	0.000223834
-0.657	0.000229346
-0.656	0.000234987
-0.655	0.000240761
-0.654	0.000246669
-0.653	0.000252716
-0.652	0.000258904
-0.651	0.000265235
-0.65	0.000271714
-0.649	0.000278343
-0.648	0.000285127
-0.647	0.000292067
-0.646	0.000299169
-0.645	0.000306437
-0.644	0.000313873
-0.643	0.000321483
-0.642	0.000329271
-0.641	0.000337241
-0.64	0.000345397
-0.639	0.000353746
-0.638	0.000362292
-0.637	0.000371039
-0.636	0.000379994
-0.635	0.000389162
-0.634	0.000398549
-0.633	0.000408161
-0.632	0.000418003
-0.631	0.000428083
-0.63	0.000438407
-0.629	0.000448981
-0.628	0.000459813
-0.627	0.00047091
-0.626	0.000482279
-0.625	0.000493927
-0.624	0.000505863
-0.623	0.000518093
-0.622	0.000530627
-0.621	0.000543472
-0.62	0.000556637
-0.619	0.00057013
-0.618	0.000583961
-0.617	0.000598137
-0.616	0.000612669
-0.615	0.000627565
-0.614	0.000642835
-0.613	0.000658487
-0.612	0.000674533
-0.611	0.000690983
-0.61	0.000707845
-0.609	0.00072513
-0.608	0.000742849
-0.607	0.000761012
-0.606	0.000779629
-0.605	0.000798711
-0.604	0.000818269
-0.603	0.000838315
-0.602	0.000858859
-0.601	0.000879914
-0.6	0.00090149
-0.599	0.000923599
-0.598	0.000946253
-0.597	0.000969465
-0.596	0.000993247
-0.595	0.00101761
-0.594	0.00104257
-0.593	0.00106814
-0.592	0.00109433
-0.591	0.00112115
-0.59	0.00114863
-0.589	0.00117676
-0.588	0.00120558
-0.587	0.00123509
-0.586	0.0012653
-0.585	0.00129624
-0.584	0.00132792
-0.583	0.00136036
-0.582	0.00139357
-0.581	0.00142757
-0.58	0.00146238
-0.579	0.00149802
-0.578	0.0015345
-0.577	0.00157185
-0.576	0.00161009
-0.575	0.00164923
-0.574	0.00168931
-0.573	0.00173033
-0.572	0.00177233
-0.571	0.00181532
-0.57	0.00185934
-0.569	0.0019044
-0.568	0.00195054
-0.567	0.00199778
-0.566	0.00204615
-0.565	0.00209567
-0.564	0.00214637
-0.563	0.0021983
-0.562	0.00225146
-0.561	0.00230591
-0.56	0.00236167
-0.559	0.00241878
-0.558	0.00247726
-0.557	0.00253716
-0.556	0.00259852
-0.555	0.00266136
-0.554	0.00272573
-0.553	0.00279168
-0.552	0.00285923
-0.551	0.00292843
-0.55	0.00299933
-0.549	0.00307197
-0.548	0.00314638
-0.547	0.00322263
-0.546	0.00330075
-0.545	0.00338079
-0.544	0.0034628
-0.543	0.00354684
-0.542	0.00363295
-0.541	0.00372118
-0.54	0.00381159
-0.539	0.00390423
-0.538	0.00399915
-0.537	0.00409642
-0.536	0.00419609
-0.535	0.00429821
-0.534	0.00440285
-0.533	0.00451007
-0.532	0.00461994
-0.531	0.0047325
-0.53	0.00484783
-0.529	0.00496599
-0.528	0.00508705
-0.527	0.00521108
-0.526	0.00533815
-0.525	0.00546832
-0.524	0.00560168
-0.523	0.00573829
-0.522	0.00587822
-0.521	0.00602157
-0.52	0.0061684
-0.519	0.0063188
-0.518	0.00647284
-0.517	0.00663062
-0.516	0.00679221
-0.515	0.00695771
-0.514	0.00712721
-0.513	0.0073008
-0.512	0.00747857
-0.511	0.00766062
-0.51	0.00784706
-0.509	0.00803799
-0.508	0.0082335
-0.507	0.00843371
-0.506	0.00863872
-0.505	0.00884866
-0.504	0.00906362
-0.503	0.00928376
-0.502	0.00950917
-0.501	0.00973999
-0.5	0.00997634
-0.499	0.0102184
-0.498	0.0104662
-0.497	0.01072
-0.496	0.0109799
-0.495	0.011246
-0.494	0.0115185
-0.493	0.0117976
-0.492	0.0120834
-0.491	0.0123761
-0.49	0.0126759
-0.489	0.0129828
-0.488	0.0132972
-0.487	0.0136192
-0.486	0.013949
-0.485	0.0142867
-0.484	0.0146326
-0.483	0.0149869
-0.482	0.0153499
-0.481	0.0157216
-0.48	0.0161024
-0.479	0.0164924
-0.478	0.0168919
-0.477	0.0173012
-0.476	0.0177204
-0.475	0.0181498
-0.474	0.0185897
-0.473	0.0190404
-0.472	0.0195021
-0.471	0.019975
-0.47	0.0204595
-0.469	0.0209559
-0.468	0.0214644
-0.467	0.0219853
-0.466	0.022519
-0.465	0.0230657
-0.464	0.0236258
-0.463	0.0241996
-0.462	0.0247874
-0.461	0.0253896
-0.46	0.0260064
-0.459	0.0266384
-0.458	0.0272858
-0.457	0.027949
-0.456	0.0286284
-0.455	0.0293244
-0.454	0.0300374
-0.453	0.0307676
-0.452	0.0315157
-0.451	0.032282
-0.45	0.033067
-0.449	0.033871
-0.448	0.0346945
-0.447	0.0355381
-0.446	0.0364021
-0.445	0.0372871
-0.444	0.0381935
-0.443	0.0391219
-0.442	0.0400728
-0.441	0.0410466
-0.44	0.0420441
-0.439	0.0430657
-0.438	0.0441119
-0.437	0.0451835
-0.436	0.0462809
-0.435	0.0474048
-0.434	0.0485559
-0.433	0.0497347
-0.432	0.050942
-0.431	0.0521784
-0.43	0.0534446
-0.429	0.0547414
-0.428	0.0560694
-0.427	0.0574295
-0.426	0.0588224
-0.425	0.0602489
-0.424	0.0617099
-0.423	0.0632061
-0.422	0.0647384
-0.421	0.0663078
-0.42	0.067915
-0.419	0.069561
-0.418	0.0712468
-0.417	0.0729734
-0.416	0.0747418
-0.415	0.0765528
-0.414	0.0784418
-0.413	0.0804451
-0.412	0.0825624
-0.411	0.0847931
-0.41	0.0871359
-0.409	0.0895892
-0.408	0.092151
-0.407	0.0948193
-0.406	0.0975913
-0.405	0.100464
-0.404	0.103434
-0.403	0.106498
-0.402	0.109652
-0.401	0.112892
-0.4	0.116213
-0.399	0.119612
-0.398	0.123084
-0.397	0.126623
-0.396	0.130226
-0.395	0.133886
-0.394	0.137601
-0.393	0.141363
-0.392	0.14517
-0.391	0.149015
-0.39	0.152895
-0.389	0.156804
-0.388	0.160739
-0.387	0.164695
-0.386	0.168668
-0.385	0.172655
-0.384	0.176652
-0.383	0.180657
-0.382	0.184666
-0.381	0.188676
-0.38	0.192688
-0.379	0.196697
-0.378	0.200704
-0.377	0.204707
-0.376	0.208706
-0.375	0.212701
-0.374	0.216693
-0.373	0.220683
-0.372	0.224672
-0.371	0.228662
-0.37	0.232656
-0.369	0.236656
-0.368	0.240666
-0.367	0.244689
-0.366	0.24873
-0.365	0.252793
-0.364	0.256991
-0.363	0.261434
-0.362	0.26611
-0.361	0.271005
-0.36	0.276103
-0.359	0.281391
-0.358	0.286851
-0.357	0.292468
-0.356	0.298226
-0.355	0.304105
-0.354	0.31009
-0.353	0.316161
-0.352	0.322301
-0.351	0.32849
-0.35	0.334711
-0.349	0.340945
-0.348	0.347172
-0.347	0.353373
-0.346	0.359531
-0.345	0.365626
-0.344	0.37164
-0.343	0.377554
-0.342	0.383352
-0.341	0.389015
-0.34	0.394527
-0.339	0.399872
-0.338	0.405032
-0.337	0.409994
-0.336	0.414741
-0.335	0.419261
-0.334	0.42354
-0.333	0.427565
-0.332	0.431325
-0.331	0.43481
-0.33	0.438008
-0.329	0.440912
-0.328	0.443514
-0.327	0.445805
-0.326	0.447781
-0.325	0.449436
-0.324	0.450767
-0.323	0.45177
-0.322	0.452445
-0.321	0.452789
-0.32	0.452804
-0.319	0.452491
-0.318	0.451852
-0.317	0.450892
-0.316	0.449614
-0.315	0.448024
-0.314	0.446129
-0.313	0.443938
-0.312	0.441457
-0.311	0.438697
-0.31	0.435669
-0.309	0.432383
-0.308	0.428852
-0.307	0.425089
-0.306	0.421108
-0.305	0.416922
-0.304	0.412548
-0.303	0.408001
-0.302	0.403297
-0.301	0.398454
-0.3	0.393488
-0.299	0.388417
-0.298	0.383259
-0.297	0.378032
-0.296	0.372756
-0.295	0.367449
-0.294	0.362128
-0.293	0.356815
-0.292	0.351525
-0.291	0.346281
-0.29	0.341099
-0.289	0.335997
-0.288	0.330995
-0.287	0.32611
-0.286	0.321359
-0.285	0.316759
-0.284	0.312328
-0.283	0.30808
-0.282	0.304031
-0.281	0.300197
-0.28	0.296591
-0.279	0.293225
-0.278	0.290114
-0.277	0.287268
-0.276	0.284699
-0.275	0.282417
-0.274	0.280429
-0.273	0.278745
-0.272	0.277371
-0.271	0.276314
-0.27	0.275578
-0.269	0.275168
-0.268	0.275087
-0.267	0.275335
-0.266	0.275914
-0.265	0.276825
-0.264	0.278065
-0.263	0.279632
-0.262	0.281523
-0.261	0.283732
-0.26	0.286255
-0.259	0.289085
-0.258	0.292214
-0.257	0.295634
-0.256	0.299334
-0.255	0.303306
-0.254	0.307537
-0.253	0.312016
-0.252	0.316728
-0.251	0.321662
-0.25	0.326802
-0.249	0.332133
-0.248	0.337639
-0.247	0.343305
-0.246	0.349113
-0.245	0.355046
-0.244	0.361087
-0.243	0.367217
-0.242	0.373418
-0.241	0.379672
-0.24	0.38596
-0.239	0.392264
-0.238	0.398564
-0.237	0.404841
-0.236	0.411077
-0.235	0.417253
-0.234	0.423352
-0.233	0.429354
-0.232	0.435241
-0.231	0.440997
-0.23	0.446603
-0.229	0.452045
-0.228	0.457305
-0.227	0.462369
-0.226	0.467221
-0.225	0.471847
-0.224	0.476235
-0.223	0.48037
-0.222	0.484243
-0.221	0.487842
-0.22	0.491156
-0.219	0.494177
-0.218	0.496896
-0.217	0.499308
-0.216	0.501404
-0.215	0.503181
-0.214	0.504634
-0.213	0.505761
-0.212	0.506558
-0.211	0.507026
-0.21	0.507165
-0.209	0.506976
-0.208	0.50646
-0.207	0.505623
-0.206	0.504468
-0.205	0.503001
-0.204	0.501227
-0.203	0.499155
-0.202	0.496794
-0.201	0.494153
-0.2	0.491241
-0.199	0.48807
-0.198	0.484653
-0.197	0.481002
-0.196	0.477131
-0.195	0.473054
-0.194	0.468786
-0.193	0.464343
-0.192	0.459742
-0.191	0.454998
-0.19	0.450129
-0.189	0.445154
-0.188	0.440088
-0.187	0.434952
-0.186	0.429763
-0.185	0.424541
-0.184	0.419303
-0.183	0.414068
-0.182	0.408857
-0.181	0.403686
-0.18	0.398576
-0.179	0.393545
-0.178	0.388609
-0.177	0.383787
-0.176	0.379099
-0.175	0.374558
-0.174	0.370184
-0.173	0.365991
-0.172	0.361995
-0.171	0.358211
-0.17	0.354653
-0.169	0.351334
-0.168	0.348268
-0.167	0.345464
-0.166	0.342937
-0.165	0.340694
-0.164	0.338744
-0.163	0.337098
-0.162	0.335759
-0.161	0.334738
-0.16	0.334037
-0.159	0.33366
-0.158	0.333612
-0.157	0.333893
-0.156	0.334506
-0.155	0.335449
-0.154	0.336722
-0.153	0.338321
-0.152	0.340245
-0.151	0.342489
-0.15	0.345047
-0.149	0.347912
-0.148	0.351078
-0.147	0.354535
-0.146	0.358275
-0.145	0.362287
-0.144	0.366561
-0.143	0.371083
-0.142	0.375841
-0.141	0.380822
-0.14	0.386012
-0.139	0.391394
-0.138	0.396955
-0.137	0.402677
-0.136	0.408544
-0.135	0.414538
-0.134	0.420643
-0.133	0.42684
-0.132	0.433111
-0.131	0.439437
-0.13	0.4458
-0.129	0.452181
-0.128	0.458561
-0.127	0.464922
-0.126	0.471245
-0.125	0.47751
-0.124	0.483701
-0.123	0.489798
-0.122	0.495783
-0.121	0.501639
-0.12	0.507349
-0.119	0.512897
-0.118	0.518266
-0.117	0.523441
-0.116	0.528406
-0.115	0.533148
-0.114	0.537654
-0.113	0.54191
-0.112	0.545906
-0.111	0.549628
-0.11	0.553069
-0.109	0.556218
-0.108	0.559067
-0.107	0.561609
-0.106	0.563838
-0.105	0.565748
-0.104	0.567335
-0.103	0.568597
-0.102	0.569531
-0.101	0.570135
-0.1	0.570411
