-4	1.18453e-012
-3.999	1.18642e-012
-3.998	1.18926e-012
-3.997	1.19053e-012
-3.996	1.19163e-012
-3.995	1.19345e-012
-3.994	1.19445e-012
-3.993	1.19485e-012
-3.992	1.195e-012
-3.991	1.19395e-012
-3.99	1.19294e-012
-3.989	1.19358e-012
-3.988	1.19458e-012
-3.987	1.19469e-012
-3.986	1.19424e-012
-3.985	1.19308e-012
-3.984	1.19144e-012
-3.983	1.19077e-012
-3.982	1.19038e-012
-3.981	1.18802e-012
-3.98	1.18482e-012
-3.979	1.18297e-012
-3.978	1.18089e-012
-3.977	1.17789e-012
-3.976	1.17677e-012
-3.975	1.17659e-012
-3.974	1.17329e-012
-3.973	1.16859e-012
-3.972	1.16651e-012
-3.971	1.16538e-012
-3.97	1.16197e-012
-3.969	1.15646e-012
-3.968	1.15105e-012
-3.967	1.14768e-012
-3.966	1.14527e-012
-3.965	1.14092e-012
-3.964	1.13472e-012
-3.963	1.12965e-012
-3.962	1.12714e-012
-3.961	1.12455e-012
-3.96	1.1194e-012
-3.959	1.11388e-012
-3.958	1.10923e-012
-3.957	1.10309e-012
-3.956	1.0964e-012
-3.955	1.09154e-012
-3.954	1.08692e-012
-3.953	1.0812e-012
-3.952	1.07519e-012
-3.951	1.0695e-012
-3.95	1.06384e-012
-3.949	1.05733e-012
-3.948	1.05108e-012
-3.947	1.04614e-012
-3.946	1.0399e-012
-3.945	1.03153e-012
-3.944	1.02426e-012
-3.943	1.01932e-012
-3.942	1.01403e-012
-3.941	1.00661e-012
-3.94	9.99054e-013
-3.939	9.92723e-013
-3.938	9.86195e-013
-3.937	9.79478e-013
-3.936	9.72307e-013
-3.935	9.63434e-013
-3.934	9.55534e-013
-3.933	9.5002e-013
-3.932	9.43069e-013
-3.931	9.34514e-013
-3.93	9.27708e-013
-3.929	9.21368e-013
-3.928	9.13686e-013
-3.927	9.062e-013
-3.926	8.98821e-013
-3.925	8.91144e-013
-3.924	8.84182e-013
-3.923	8.76739e-013
-3.922	8.68721e-013
-3.921	8.62028e-013
-3.92	8.55342e-013
-3.919	8.47669e-013
-3.918	8.40397e-013
-3.917	8.33103e-013
-3.916	8.25416e-013
-3.915	8.18076e-013
-3.914	8.10747e-013
-3.913	8.03418e-013
-3.912	7.96598e-013
-3.911	7.89784e-013
-3.91	7.82455e-013
-3.909	7.75135e-013
-3.908	7.67825e-013
-3.907	7.60083e-013
-3.906	7.53728e-013
-3.905	7.49179e-013
-3.904	7.43031e-013
-3.903	7.3561e-013
-3.902	7.29772e-013
-3.901	7.23502e-013
-3.9	7.15545e-013
-3.899	7.08503e-013
-3.898	7.02541e-013
-3.897	6.96563e-013
-3.896	6.91257e-013
-3.895	6.86223e-013
-3.894	6.80352e-013
-3.893	6.74434e-013
-3.892	6.69252e-013
-3.891	6.63802e-013
-3.89	6.58018e-013
-3.889	6.53661e-013
-3.888	6.49893e-013
-3.887	6.44144e-013
-3.886	6.38368e-013
-3.885	6.35057e-013
-3.884	6.31315e-013
-3.883	6.2591e-013
-3.882	6.21674e-013
-3.881	6.1834e-013
-3.88	6.14735e-013
-3.879	6.11631e-013
-3.878	6.07735e-013
-3.877	6.03081e-013
-3.876	6.0046e-013
-3.875	5.98558e-013
-3.874	5.9493e-013
-3.873	5.91646e-013
-3.872	5.90247e-013
-3.871	5.8892e-013
-3.87	5.86414e-013
-3.869	5.83874e-013
-3.868	5.82277e-013
-3.867	5.80969e-013
-3.866	5.80183e-013
-3.865	5.80174e-013
-3.864	5.79512e-013
-3.863	5.7844e-013
-3.862	5.77919e-013
-3.861	5.77328e-013
-3.86	5.77065e-013
-3.859	5.773e-013
-3.858	5.77039e-013
-3.857	5.77103e-013
-3.856	5.78264e-013
-3.855	5.79517e-013
-3.854	5.80746e-013
-3.853	5.82383e-013
-3.852	5.83924e-013
-3.851	5.85473e-013
-3.85	5.87495e-013
-3.849	5.89878e-013
-3.848	5.93088e-013
-3.847	5.96847e-013
-3.846	5.99758e-013
-3.845	6.0193e-013
-3.844	6.04367e-013
-3.843	6.08039e-013
-3.842	6.12697e-013
-3.841	6.16188e-013
-3.84	6.19088e-013
-3.839	6.23309e-013
-3.838	6.27848e-013
-3.837	6.32754e-013
-3.836	6.38631e-013
-3.835	6.44685e-013
-3.834	6.512e-013
-3.833	6.56852e-013
-3.832	6.60684e-013
-3.831	6.66439e-013
-3.83	6.75119e-013
-3.829	6.82269e-013
-3.828	6.86676e-013
-3.827	6.92386e-013
-3.826	7.01108e-013
-3.825	7.09564e-013
-3.824	7.16316e-013
-3.823	7.23373e-013
-3.822	7.30925e-013
-3.821	7.38991e-013
-3.82	7.4855e-013
-3.819	7.57618e-013
-3.818	7.64981e-013
-3.817	7.73423e-013
-3.816	7.83625e-013
-3.815	7.93223e-013
-3.814	8.01685e-013
-3.813	8.10475e-013
-3.812	8.20153e-013
-3.811	8.29901e-013
-3.81	8.40026e-013
-3.809	8.50864e-013
-3.808	8.61046e-013
-3.807	8.72183e-013
-3.806	8.85731e-013
-3.805	8.96681e-013
-3.804	9.03993e-013
-3.803	9.14659e-013
-3.802	9.29368e-013
-3.801	9.42425e-013
-3.8	9.52626e-013
-3.799	9.60879e-013
-3.798	9.69944e-013
-3.797	9.84194e-013
-3.796	9.99358e-013
-3.795	1.01007e-012
-3.794	1.02082e-012
-3.793	1.03478e-012
-3.792	1.04961e-012
-3.791	1.06218e-012
-3.79	1.07256e-012
-3.789	1.08633e-012
-3.788	1.10209e-012
-3.787	1.11312e-012
-3.786	1.1231e-012
-3.785	1.13678e-012
-3.784	1.151e-012
-3.783	1.16395e-012
-3.782	1.17732e-012
-3.781	1.19133e-012
-3.78	1.20491e-012
-3.779	1.21886e-012
-3.778	1.23282e-012
-3.777	1.24541e-012
-3.776	1.25951e-012
-3.775	1.27448e-012
-3.774	1.28655e-012
-3.773	1.30023e-012
-3.772	1.31681e-012
-3.771	1.33034e-012
-3.77	1.34274e-012
-3.769	1.35628e-012
-3.768	1.3689e-012
-3.767	1.38388e-012
-3.766	1.39953e-012
-3.765	1.41062e-012
-3.764	1.42371e-012
-3.763	1.44163e-012
-3.762	1.45519e-012
-3.761	1.46481e-012
-3.76	1.47914e-012
-3.759	1.49541e-012
-3.758	1.50845e-012
-3.757	1.52173e-012
-3.756	1.5349e-012
-3.755	1.54548e-012
-3.754	1.5584e-012
-3.753	1.57639e-012
-3.752	1.59405e-012
-3.751	1.60482e-012
-3.75	1.61224e-012
-3.749	1.62579e-012
-3.748	1.64207e-012
-3.747	1.6545e-012
-3.746	1.66722e-012
-3.745	1.681e-012
-3.744	1.69271e-012
-3.743	1.70343e-012
-3.742	1.714e-012
-3.741	1.72577e-012
-3.74	1.73941e-012
-3.739	1.75299e-012
-3.738	1.76706e-012
-3.737	1.7806e-012
-3.736	1.79113e-012
-3.735	1.8013e-012
-3.734	1.81234e-012
-3.733	1.82327e-012
-3.732	1.83473e-012
-3.731	1.84473e-012
-3.73	1.8533e-012
-3.729	1.86394e-012
-3.728	1.87612e-012
-3.727	1.88737e-012
-3.726	1.89708e-012
-3.725	1.90706e-012
-3.724	1.9186e-012
-3.723	1.92767e-012
-3.722	1.9334e-012
-3.721	1.9434e-012
-3.72	1.95715e-012
-3.719	1.96556e-012
-3.718	1.97094e-012
-3.717	1.97924e-012
-3.716	1.98924e-012
-3.715	1.99926e-012
-3.714	2.00633e-012
-3.713	2.01183e-012
-3.712	2.02028e-012
-3.711	2.02811e-012
-3.71	2.0344e-012
-3.709	2.04284e-012
-3.708	2.05039e-012
-3.707	2.05586e-012
-3.706	2.06226e-012
-3.705	2.06629e-012
-3.704	2.0684e-012
-3.703	2.07598e-012
-3.702	2.08362e-012
-3.701	2.08602e-012
-3.7	2.0925e-012
-3.699	2.10196e-012
-3.698	2.10747e-012
-3.697	2.11145e-012
-3.696	2.11215e-012
-3.695	2.11281e-012
-3.694	2.12085e-012
-3.693	2.12807e-012
-3.692	2.12868e-012
-3.691	2.12883e-012
-3.69	2.13048e-012
-3.689	2.13368e-012
-3.688	2.13758e-012
-3.687	2.13911e-012
-3.686	2.14012e-012
-3.685	2.14252e-012
-3.684	2.14513e-012
-3.683	2.14747e-012
-3.682	2.14797e-012
-3.681	2.14674e-012
-3.68	2.14727e-012
-3.679	2.15034e-012
-3.678	2.15069e-012
-3.677	2.14656e-012
-3.676	2.14595e-012
-3.675	2.14862e-012
-3.674	2.14745e-012
-3.673	2.14664e-012
-3.672	2.14749e-012
-3.671	2.14442e-012
-3.67	2.1415e-012
-3.669	2.14257e-012
-3.668	2.14133e-012
-3.667	2.13707e-012
-3.666	2.1359e-012
-3.665	2.13505e-012
-3.664	2.1295e-012
-3.663	2.12167e-012
-3.662	2.11786e-012
-3.661	2.1211e-012
-3.66	2.1225e-012
-3.659	2.11591e-012
-3.658	2.10947e-012
-3.657	2.10715e-012
-3.656	2.10391e-012
-3.655	2.09785e-012
-3.654	2.09041e-012
-3.653	2.08386e-012
-3.652	2.08206e-012
-3.651	2.08099e-012
-3.65	2.07504e-012
-3.649	2.07028e-012
-3.648	2.06774e-012
-3.647	2.06223e-012
-3.646	2.05469e-012
-3.645	2.04695e-012
-3.644	2.04076e-012
-3.643	2.03541e-012
-3.642	2.02821e-012
-3.641	2.0204e-012
-3.64	2.01558e-012
-3.639	2.01208e-012
-3.638	2.00491e-012
-3.637	1.99956e-012
-3.636	1.99707e-012
-3.635	1.98853e-012
-3.634	1.97859e-012
-3.633	1.97159e-012
-3.632	1.9636e-012
-3.631	1.956e-012
-3.63	1.94773e-012
-3.629	1.94001e-012
-3.628	1.9355e-012
-3.627	1.92915e-012
-3.626	1.92141e-012
-3.625	1.91339e-012
-3.624	1.90466e-012
-3.623	1.90026e-012
-3.622	1.89458e-012
-3.621	1.88539e-012
-3.62	1.87827e-012
-3.619	1.86851e-012
-3.618	1.86101e-012
-3.617	1.85615e-012
-3.616	1.8445e-012
-3.615	1.83616e-012
-3.614	1.83307e-012
-3.613	1.82581e-012
-3.612	1.81809e-012
-3.611	1.81129e-012
-3.61	1.80209e-012
-3.609	1.79242e-012
-3.608	1.78588e-012
-3.607	1.78132e-012
-3.606	1.7751e-012
-3.605	1.76634e-012
-3.604	1.75827e-012
-3.603	1.75269e-012
-3.602	1.7441e-012
-3.601	1.73666e-012
-3.6	1.73363e-012
-3.599	1.72223e-012
-3.598	1.71033e-012
-3.597	1.71011e-012
-3.596	1.70705e-012
-3.595	1.69796e-012
-3.594	1.69119e-012
-3.593	1.68438e-012
-3.592	1.67846e-012
-3.591	1.67402e-012
-3.59	1.66738e-012
-3.589	1.66042e-012
-3.588	1.65549e-012
-3.587	1.65143e-012
-3.586	1.64605e-012
-3.585	1.63983e-012
-3.584	1.63528e-012
-3.583	1.62955e-012
-3.582	1.62274e-012
-3.581	1.61907e-012
-3.58	1.6153e-012
-3.579	1.61213e-012
-3.578	1.61011e-012
-3.577	1.60171e-012
-3.576	1.59546e-012
-3.575	1.5974e-012
-3.574	1.59257e-012
-3.573	1.58568e-012
-3.572	1.58564e-012
-3.571	1.5811e-012
-3.57	1.57656e-012
-3.569	1.57812e-012
-3.568	1.57757e-012
-3.567	1.57516e-012
-3.566	1.57217e-012
-3.565	1.56862e-012
-3.564	1.56566e-012
-3.563	1.5645e-012
-3.562	1.5664e-012
-3.561	1.56573e-012
-3.56	1.56286e-012
-3.559	1.56255e-012
-3.558	1.56361e-012
-3.557	1.56398e-012
-3.556	1.56257e-012
-3.555	1.56234e-012
-3.554	1.56143e-012
-3.553	1.56091e-012
-3.552	1.56635e-012
-3.551	1.56603e-012
-3.55	1.56209e-012
-3.549	1.56955e-012
-3.548	1.57584e-012
-3.547	1.57469e-012
-3.546	1.57629e-012
-3.545	1.57871e-012
-3.544	1.5823e-012
-3.543	1.58797e-012
-3.542	1.59052e-012
-3.541	1.5926e-012
-3.54	1.59584e-012
-3.539	1.59961e-012
-3.538	1.60563e-012
-3.537	1.60878e-012
-3.536	1.6091e-012
-3.535	1.61391e-012
-3.534	1.6217e-012
-3.533	1.6288e-012
-3.532	1.63479e-012
-3.531	1.63809e-012
-3.53	1.64354e-012
-3.529	1.65451e-012
-3.528	1.66115e-012
-3.527	1.66542e-012
-3.526	1.67421e-012
-3.525	1.68154e-012
-3.524	1.69073e-012
-3.523	1.69829e-012
-3.522	1.70137e-012
-3.521	1.71451e-012
-3.52	1.72583e-012
-3.519	1.72599e-012
-3.518	1.73261e-012
-3.517	1.74366e-012
-3.516	1.75493e-012
-3.515	1.7689e-012
-3.514	1.77623e-012
-3.513	1.78131e-012
-3.512	1.79328e-012
-3.511	1.80542e-012
-3.51	1.81571e-012
-3.509	1.82761e-012
-3.508	1.83775e-012
-3.507	1.8459e-012
-3.506	1.85714e-012
-3.505	1.87061e-012
-3.504	1.88421e-012
-3.503	1.89601e-012
-3.502	1.90373e-012
-3.501	1.91493e-012
-3.5	1.9303e-012
-3.499	1.94288e-012
-3.498	1.95539e-012
-3.497	1.96711e-012
-3.496	1.97704e-012
-3.495	1.99058e-012
-3.494	2.00783e-012
-3.493	2.01924e-012
-3.492	2.02753e-012
-3.491	2.04858e-012
-3.49	2.06712e-012
-3.489	2.07383e-012
-3.488	2.08766e-012
-3.487	2.10124e-012
-3.486	2.11167e-012
-3.485	2.129e-012
-3.484	2.14398e-012
-3.483	2.15332e-012
-3.482	2.16881e-012
-3.481	2.18961e-012
-3.48	2.2041e-012
-3.479	2.21852e-012
-3.478	2.23262e-012
-3.477	2.24631e-012
-3.476	2.26687e-012
-3.475	2.27778e-012
-3.474	2.28671e-012
-3.473	2.30528e-012
-3.472	2.31946e-012
-3.471	2.33355e-012
-3.47	2.35128e-012
-3.469	2.36972e-012
-3.468	2.38472e-012
-3.467	2.39701e-012
-3.466	2.41581e-012
-3.465	2.43405e-012
-3.464	2.44504e-012
-3.463	2.45628e-012
-3.462	2.47286e-012
-3.461	2.49016e-012
-3.46	2.50514e-012
-3.459	2.51815e-012
-3.458	2.53368e-012
-3.457	2.55351e-012
-3.456	2.56782e-012
-3.455	2.58327e-012
-3.454	2.6e-012
-3.453	2.60944e-012
-3.452	2.62672e-012
-3.451	2.6464e-012
-3.45	2.65899e-012
-3.449	2.67543e-012
-3.448	2.68815e-012
-3.447	2.6991e-012
-3.446	2.71804e-012
-3.445	2.73241e-012
-3.444	2.74389e-012
-3.443	2.75917e-012
-3.442	2.77221e-012
-3.441	2.78441e-012
-3.44	2.80332e-012
-3.439	2.82279e-012
-3.438	2.82749e-012
-3.437	2.83881e-012
-3.436	2.86363e-012
-3.435	2.87452e-012
-3.434	2.88543e-012
-3.433	2.90637e-012
-3.432	2.92024e-012
-3.431	2.92532e-012
-3.43	2.93778e-012
-3.429	2.95461e-012
-3.428	2.9612e-012
-3.427	2.97595e-012
-3.426	2.98929e-012
-3.425	2.99393e-012
-3.424	3.01612e-012
-3.423	3.03302e-012
-3.422	3.03346e-012
-3.421	3.04666e-012
-3.42	3.06619e-012
-3.419	3.07405e-012
-3.418	3.08048e-012
-3.417	3.09024e-012
-3.416	3.0993e-012
-3.415	3.11651e-012
-3.414	3.12904e-012
-3.413	3.12754e-012
-3.412	3.14422e-012
-3.411	3.16433e-012
-3.41	3.1625e-012
-3.409	3.17343e-012
-3.408	3.18745e-012
-3.407	3.19064e-012
-3.406	3.19917e-012
-3.405	3.20438e-012
-3.404	3.21267e-012
-3.403	3.22416e-012
-3.402	3.23332e-012
-3.401	3.2427e-012
-3.4	3.25087e-012
-3.399	3.24978e-012
-3.398	3.25336e-012
-3.397	3.27961e-012
-3.396	3.28264e-012
-3.395	3.27464e-012
-3.394	3.2896e-012
-3.393	3.29636e-012
-3.392	3.30176e-012
-3.391	3.31e-012
-3.39	3.30972e-012
-3.389	3.31112e-012
-3.388	3.31906e-012
-3.387	3.31713e-012
-3.386	3.31846e-012
-3.385	3.33487e-012
-3.384	3.33473e-012
-3.383	3.33838e-012
-3.382	3.34691e-012
-3.381	3.34769e-012
-3.38	3.35421e-012
-3.379	3.35273e-012
-3.378	3.35674e-012
-3.377	3.3582e-012
-3.376	3.35442e-012
-3.375	3.36505e-012
-3.374	3.37003e-012
-3.373	3.36272e-012
-3.372	3.35895e-012
-3.371	3.3667e-012
-3.37	3.37127e-012
-3.369	3.36982e-012
-3.368	3.36695e-012
-3.367	3.36481e-012
-3.366	3.3697e-012
-3.365	3.36375e-012
-3.364	3.36331e-012
-3.363	3.37508e-012
-3.362	3.36603e-012
-3.361	3.35765e-012
-3.36	3.36135e-012
-3.359	3.36284e-012
-3.358	3.36274e-012
-3.357	3.35493e-012
-3.356	3.35746e-012
-3.355	3.36321e-012
-3.354	3.35222e-012
-3.353	3.35017e-012
-3.352	3.35429e-012
-3.351	3.34274e-012
-3.35	3.33341e-012
-3.349	3.34002e-012
-3.348	3.33759e-012
-3.347	3.32731e-012
-3.346	3.32942e-012
-3.345	3.33072e-012
-3.344	3.32399e-012
-3.343	3.31299e-012
-3.342	3.31076e-012
-3.341	3.31228e-012
-3.34	3.30121e-012
-3.339	3.29507e-012
-3.338	3.29398e-012
-3.337	3.29221e-012
-3.336	3.28708e-012
-3.335	3.27638e-012
-3.334	3.27325e-012
-3.333	3.27245e-012
-3.332	3.26531e-012
-3.331	3.25447e-012
-3.33	3.25533e-012
-3.329	3.25226e-012
-3.328	3.23759e-012
-3.327	3.23888e-012
-3.326	3.23136e-012
-3.325	3.21893e-012
-3.324	3.22305e-012
-3.323	3.21727e-012
-3.322	3.20208e-012
-3.321	3.19453e-012
-3.32	3.19604e-012
-3.319	3.19243e-012
-3.318	3.1791e-012
-3.317	3.17153e-012
-3.316	3.17382e-012
-3.315	3.16668e-012
-3.314	3.1499e-012
-3.313	3.14831e-012
-3.312	3.15227e-012
-3.311	3.13922e-012
-3.31	3.12707e-012
-3.309	3.13218e-012
-3.308	3.11847e-012
-3.307	3.09988e-012
-3.306	3.10362e-012
-3.305	3.09449e-012
-3.304	3.09115e-012
-3.303	3.09002e-012
-3.302	3.07916e-012
-3.301	3.07999e-012
-3.3	3.07562e-012
-3.299	3.07088e-012
-3.298	3.06077e-012
-3.297	3.04924e-012
-3.296	3.04369e-012
-3.295	3.03784e-012
-3.294	3.03204e-012
-3.293	3.02031e-012
-3.292	3.02133e-012
-3.291	3.01436e-012
-3.29	3.00158e-012
-3.289	3.00503e-012
-3.288	3.00373e-012
-3.287	3.00091e-012
-3.286	2.98752e-012
-3.285	2.97962e-012
-3.284	2.98592e-012
-3.283	2.97546e-012
-3.282	2.96484e-012
-3.281	2.96617e-012
-3.28	2.96697e-012
-3.279	2.96179e-012
-3.278	2.95056e-012
-3.277	2.94458e-012
-3.276	2.9482e-012
-3.275	2.94285e-012
-3.274	2.93297e-012
-3.273	2.93432e-012
-3.272	2.93263e-012
-3.271	2.92353e-012
-3.27	2.92193e-012
-3.269	2.92409e-012
-3.268	2.91596e-012
-3.267	2.9119e-012
-3.266	2.91504e-012
-3.265	2.91696e-012
-3.264	2.91078e-012
-3.263	2.90933e-012
-3.262	2.91677e-012
-3.261	2.9087e-012
-3.26	2.9017e-012
-3.259	2.89807e-012
-3.258	2.89775e-012
-3.257	2.90157e-012
-3.256	2.90137e-012
-3.255	2.89989e-012
-3.254	2.89813e-012
-3.253	2.90037e-012
-3.252	2.89435e-012
-3.251	2.90164e-012
-3.25	2.90957e-012
-3.249	2.89753e-012
-3.248	2.89941e-012
-3.247	2.90074e-012
-3.246	2.90929e-012
-3.245	2.91086e-012
-3.244	2.90106e-012
-3.243	2.91811e-012
-3.242	2.91827e-012
-3.241	2.90992e-012
-3.24	2.91358e-012
-3.239	2.92373e-012
-3.238	2.92838e-012
-3.237	2.91982e-012
-3.236	2.92854e-012
-3.235	2.94042e-012
-3.234	2.94184e-012
-3.233	2.93374e-012
-3.232	2.94332e-012
-3.231	2.95345e-012
-3.23	2.94472e-012
-3.229	2.96121e-012
-3.228	2.97367e-012
-3.227	2.96822e-012
-3.226	2.97739e-012
-3.225	2.98428e-012
-3.224	2.99416e-012
-3.223	2.99989e-012
-3.222	2.99718e-012
-3.221	3.00763e-012
-3.22	3.00796e-012
-3.219	3.00974e-012
-3.218	3.02774e-012
-3.217	3.04025e-012
-3.216	3.03626e-012
-3.215	3.04042e-012
-3.214	3.05474e-012
-3.213	3.06972e-012
-3.212	3.07629e-012
-3.211	3.07489e-012
-3.21	3.09194e-012
-3.209	3.10436e-012
-3.208	3.10948e-012
-3.207	3.11931e-012
-3.206	3.12862e-012
-3.205	3.13136e-012
-3.204	3.14642e-012
-3.203	3.1606e-012
-3.202	3.15791e-012
-3.201	3.16558e-012
-3.2	3.19149e-012
-3.199	3.20329e-012
-3.198	3.19124e-012
-3.197	3.22257e-012
-3.196	3.23968e-012
-3.195	3.22647e-012
-3.194	3.24576e-012
-3.193	3.25297e-012
-3.192	3.26393e-012
-3.191	3.28228e-012
-3.19	3.29113e-012
-3.189	3.31338e-012
-3.188	3.31822e-012
-3.187	3.32637e-012
-3.186	3.34643e-012
-3.185	3.35598e-012
-3.184	3.37277e-012
-3.183	3.37444e-012
-3.182	3.38398e-012
-3.181	3.4023e-012
-3.18	3.4101e-012
-3.179	3.42698e-012
-3.178	3.44352e-012
-3.177	3.45491e-012
-3.176	3.47118e-012
-3.175	3.47732e-012
-3.174	3.49112e-012
-3.173	3.50826e-012
-3.172	3.51001e-012
-3.171	3.52904e-012
-3.17	3.54145e-012
-3.169	3.56093e-012
-3.168	3.57007e-012
-3.167	3.58501e-012
-3.166	3.60437e-012
-3.165	3.60117e-012
-3.164	3.63441e-012
-3.163	3.64284e-012
-3.162	3.64177e-012
-3.161	3.66743e-012
-3.16	3.68241e-012
-3.159	3.69613e-012
-3.158	3.69627e-012
-3.157	3.7116e-012
-3.156	3.73835e-012
-3.155	3.7342e-012
-3.154	3.75094e-012
-3.153	3.77976e-012
-3.152	3.79183e-012
-3.151	3.79788e-012
-3.15	3.81152e-012
-3.149	3.82539e-012
-3.148	3.82972e-012
-3.147	3.85593e-012
-3.146	3.8661e-012
-3.145	3.88063e-012
-3.144	3.88917e-012
-3.143	3.89986e-012
-3.142	3.93149e-012
-3.141	3.93704e-012
-3.14	3.93315e-012
-3.139	3.94354e-012
-3.138	3.96795e-012
-3.137	3.97236e-012
-3.136	3.98482e-012
-3.135	4.0049e-012
-3.134	4.01585e-012
-3.133	4.03155e-012
-3.132	4.04119e-012
-3.131	4.04864e-012
-3.13	4.07301e-012
-3.129	4.08856e-012
-3.128	4.0872e-012
-3.127	4.09561e-012
-3.126	4.11347e-012
-3.125	4.12147e-012
-3.124	4.12909e-012
-3.123	4.14852e-012
-3.122	4.15755e-012
-3.121	4.16443e-012
-3.12	4.1589e-012
-3.119	4.19098e-012
-3.118	4.20252e-012
-3.117	4.18801e-012
-3.116	4.21791e-012
-3.115	4.23603e-012
-3.114	4.24079e-012
-3.113	4.23868e-012
-3.112	4.26273e-012
-3.111	4.26695e-012
-3.11	4.27416e-012
-3.109	4.27634e-012
-3.108	4.28784e-012
-3.107	4.30831e-012
-3.106	4.30317e-012
-3.105	4.32829e-012
-3.104	4.32539e-012
-3.103	4.33731e-012
-3.102	4.33261e-012
-3.101	4.33362e-012
-3.1	4.35947e-012
-3.099	4.36304e-012
-3.098	4.36625e-012
-3.097	4.38667e-012
-3.096	4.38406e-012
-3.095	4.37152e-012
-3.094	4.40854e-012
-3.093	4.41477e-012
-3.092	4.40168e-012
-3.091	4.41363e-012
-3.09	4.42512e-012
-3.089	4.41571e-012
-3.088	4.43043e-012
-3.087	4.44529e-012
-3.086	4.43909e-012
-3.085	4.4383e-012
-3.084	4.44569e-012
-3.083	4.45439e-012
-3.082	4.45778e-012
-3.081	4.46185e-012
-3.08	4.46167e-012
-3.079	4.48027e-012
-3.078	4.4717e-012
-3.077	4.48087e-012
-3.076	4.48987e-012
-3.075	4.47211e-012
-3.074	4.48124e-012
-3.073	4.49051e-012
-3.072	4.48866e-012
-3.071	4.49214e-012
-3.07	4.48783e-012
-3.069	4.49509e-012
-3.068	4.50724e-012
-3.067	4.49692e-012
-3.066	4.49068e-012
-3.065	4.49959e-012
-3.064	4.50382e-012
-3.063	4.49224e-012
-3.062	4.49604e-012
-3.061	4.50955e-012
-3.06	4.51335e-012
-3.059	4.50064e-012
-3.058	4.51932e-012
-3.057	4.50405e-012
-3.056	4.51192e-012
-3.055	4.49698e-012
-3.054	4.50286e-012
-3.053	4.49339e-012
-3.052	4.49671e-012
-3.051	4.50912e-012
-3.05	4.49399e-012
-3.049	4.49595e-012
-3.048	4.49572e-012
-3.047	4.50412e-012
-3.046	4.47377e-012
-3.045	4.49404e-012
-3.044	4.49465e-012
-3.043	4.47596e-012
-3.042	4.49204e-012
-3.041	4.49907e-012
-3.04	4.50765e-012
-3.039	4.51643e-012
-3.038	4.52025e-012
-3.037	4.52634e-012
-3.036	4.54356e-012
-3.035	4.56322e-012
-3.034	4.58413e-012
-3.033	4.60987e-012
-3.032	4.66015e-012
-3.031	4.69978e-012
-3.03	4.72352e-012
-3.029	4.7838e-012
-3.028	4.83662e-012
-3.027	4.90313e-012
-3.026	4.95578e-012
-3.025	5.03304e-012
-3.024	5.12711e-012
-3.023	5.21677e-012
-3.022	5.3216e-012
-3.021	5.41659e-012
-3.02	5.56979e-012
-3.019	5.68593e-012
-3.018	5.81902e-012
-3.017	6.01239e-012
-3.016	6.17032e-012
-3.015	6.35367e-012
-3.014	6.54443e-012
-3.013	6.76178e-012
-3.012	7.00646e-012
-3.011	7.261e-012
-3.01	7.53787e-012
-3.009	7.82314e-012
-3.008	8.14828e-012
-3.007	8.47379e-012
-3.006	8.8515e-012
-3.005	9.23107e-012
-3.004	9.62557e-012
-3.003	1.00987e-011
-3.002	1.05653e-011
-3.001	1.10635e-011
-3	1.15609e-011
-2.999	1.21909e-011
-2.998	1.28228e-011
-2.997	1.34143e-011
-2.996	1.4131e-011
-2.995	1.4846e-011
-2.994	1.56373e-011
-2.993	1.64513e-011
-2.992	1.73569e-011
-2.991	1.82791e-011
-2.99	1.92467e-011
-2.989	2.03324e-011
-2.988	2.1392e-011
-2.987	2.25913e-011
-2.986	2.38277e-011
-2.985	2.51501e-011
-2.984	2.65111e-011
-2.983	2.79728e-011
-2.982	2.96351e-011
-2.981	3.11926e-011
-2.98	3.29211e-011
-2.979	3.48233e-011
-2.978	3.675e-011
-2.977	3.88021e-011
-2.976	4.08651e-011
-2.975	4.31956e-011
-2.974	4.56692e-011
-2.973	4.81341e-011
-2.972	5.08328e-011
-2.971	5.36473e-011
-2.97	5.66262e-011
-2.969	5.97904e-011
-2.968	6.31162e-011
-2.967	6.66496e-011
-2.966	7.03226e-011
-2.965	7.41111e-011
-2.964	7.81606e-011
-2.963	8.25556e-011
-2.962	8.70113e-011
-2.961	9.16898e-011
-2.96	9.67195e-011
-2.959	1.02006e-010
-2.958	1.07446e-010
-2.957	1.13222e-010
-2.956	1.19404e-010
-2.955	1.2582e-010
-2.954	1.32571e-010
-2.953	1.39648e-010
-2.952	1.47264e-010
-2.951	1.54906e-010
-2.95	1.63157e-010
-2.949	1.71856e-010
-2.948	1.80815e-010
-2.947	1.90483e-010
-2.946	2.00284e-010
-2.945	2.10841e-010
-2.944	2.21875e-010
-2.943	2.33392e-010
-2.942	2.4537e-010
-2.941	2.58124e-010
-2.94	2.71507e-010
-2.939	2.85363e-010
-2.938	3.00145e-010
-2.937	3.15403e-010
-2.936	3.31628e-010
-2.935	3.48325e-010
-2.934	3.65934e-010
-2.933	3.8434e-010
-2.932	4.03669e-010
-2.931	4.24234e-010
-2.93	4.45067e-010
-2.929	4.67321e-010
-2.928	4.90644e-010
-2.927	5.1509e-010
-2.926	5.40417e-010
-2.925	5.67007e-010
-2.924	5.95073e-010
-2.923	6.24162e-010
-2.922	6.54922e-010
-2.921	6.86569e-010
-2.92	7.20138e-010
-2.919	7.55169e-010
-2.918	7.91786e-010
-2.917	8.29887e-010
-2.916	8.69922e-010
-2.915	9.11898e-010
-2.914	9.55368e-010
-2.913	1.00135e-009
-2.912	1.04928e-009
-2.911	1.09936e-009
-2.91	1.15186e-009
-2.909	1.20646e-009
-2.908	1.26358e-009
-2.907	1.32337e-009
-2.906	1.38595e-009
-2.905	1.45168e-009
-2.904	1.52019e-009
-2.903	1.59178e-009
-2.902	1.6662e-009
-2.901	1.74509e-009
-2.9	1.82733e-009
-2.899	1.91273e-009
-2.898	2.00237e-009
-2.897	2.09652e-009
-2.896	2.19491e-009
-2.895	2.29767e-009
-2.894	2.40507e-009
-2.893	2.5181e-009
-2.892	2.63624e-009
-2.891	2.75965e-009
-2.89	2.88953e-009
-2.889	3.02453e-009
-2.888	3.16747e-009
-2.887	3.31556e-009
-2.886	3.47186e-009
-2.885	3.63536e-009
-2.884	3.80721e-009
-2.883	3.98687e-009
-2.882	4.17479e-009
-2.881	4.3732e-009
-2.88	4.57959e-009
-2.879	4.79817e-009
-2.878	5.02616e-009
-2.877	5.26523e-009
-2.876	5.51712e-009
-2.875	5.78229e-009
-2.874	6.05912e-009
-2.873	6.35062e-009
-2.872	6.65692e-009
-2.871	6.97888e-009
-2.87	7.31633e-009
-2.869	7.67165e-009
-2.868	8.047e-009
-2.867	8.43928e-009
-2.866	8.85188e-009
-2.865	9.28724e-009
-2.864	9.7435e-009
-2.863	1.02247e-008
-2.862	1.07314e-008
-2.861	1.12626e-008
-2.86	1.18235e-008
-2.859	1.24126e-008
-2.858	1.30348e-008
-2.857	1.36884e-008
-2.856	1.43771e-008
-2.855	1.5103e-008
-2.854	1.58674e-008
-2.853	1.66708e-008
-2.852	1.7518e-008
-2.851	1.84121e-008
-2.85	1.9351e-008
-2.849	2.03427e-008
-2.848	2.13853e-008
-2.847	2.24852e-008
-2.846	2.36436e-008
-2.845	2.48621e-008
-2.844	2.61496e-008
-2.843	2.75039e-008
-2.842	2.89315e-008
-2.841	3.04341e-008
-2.84	3.20187e-008
-2.839	3.36905e-008
-2.838	3.54461e-008
-2.837	3.73006e-008
-2.836	3.92524e-008
-2.835	4.13103e-008
-2.834	4.34727e-008
-2.833	4.5755e-008
-2.832	4.8156e-008
-2.831	5.06869e-008
-2.83	5.33522e-008
-2.829	5.61554e-008
-2.828	5.91087e-008
-2.827	6.22168e-008
-2.826	6.54905e-008
-2.825	6.89301e-008
-2.824	7.25573e-008
-2.823	7.6368e-008
-2.822	8.03823e-008
-2.821	8.46007e-008
-2.82	8.90472e-008
-2.819	9.37141e-008
-2.818	9.86245e-008
-2.817	1.03793e-007
-2.816	1.0922e-007
-2.815	1.14928e-007
-2.814	1.20929e-007
-2.813	1.2723e-007
-2.812	1.33857e-007
-2.811	1.40821e-007
-2.81	1.48128e-007
-2.809	1.55812e-007
-2.808	1.63873e-007
-2.807	1.72346e-007
-2.806	1.81238e-007
-2.805	1.9058e-007
-2.804	2.00374e-007
-2.803	2.10658e-007
-2.802	2.21447e-007
-2.801	2.32765e-007
-2.8	2.44649e-007
-2.799	2.57098e-007
-2.798	2.70171e-007
-2.797	2.83873e-007
-2.796	2.98241e-007
-2.795	3.13308e-007
-2.794	3.29094e-007
-2.793	3.4564e-007
-2.792	3.62991e-007
-2.791	3.81162e-007
-2.79	4.00211e-007
-2.789	4.20161e-007
-2.788	4.41063e-007
-2.787	4.62962e-007
-2.786	4.85907e-007
-2.785	5.0992e-007
-2.784	5.35086e-007
-2.783	5.61433e-007
-2.782	5.89011e-007
-2.781	6.17909e-007
-2.78	6.48145e-007
-2.779	6.7982e-007
-2.778	7.12957e-007
-2.777	7.47671e-007
-2.776	7.83985e-007
-2.775	8.22019e-007
-2.774	8.61819e-007
-2.773	9.03505e-007
-2.772	9.47116e-007
-2.771	9.92766e-007
-2.77	1.04056e-006
-2.769	1.09059e-006
-2.768	1.14296e-006
-2.767	1.19779e-006
-2.766	1.25518e-006
-2.765	1.31527e-006
-2.764	1.3782e-006
-2.763	1.44404e-006
-2.762	1.51303e-006
-2.761	1.58525e-006
-2.76	1.66088e-006
-2.759	1.74009e-006
-2.758	1.82307e-006
-2.757	1.90996e-006
-2.756	2.00104e-006
-2.755	2.0964e-006
-2.754	2.19638e-006
-2.753	2.3011e-006
-2.752	2.4109e-006
-2.751	2.52595e-006
-2.75	2.64657e-006
-2.749	2.77304e-006
-2.748	2.90564e-006
-2.747	3.04471e-006
-2.746	3.19057e-006
-2.745	3.3436e-006
-2.744	3.50412e-006
-2.743	3.6726e-006
-2.742	3.84935e-006
-2.741	4.03494e-006
-2.74	4.22972e-006
-2.739	4.43426e-006
-2.738	4.64902e-006
-2.737	4.87458e-006
-2.736	5.11147e-006
-2.735	5.3604e-006
-2.734	5.62189e-006
-2.733	5.89668e-006
-2.732	6.18551e-006
-2.731	6.48909e-006
-2.73	6.80824e-006
-2.729	7.14379e-006
-2.728	7.49663e-006
-2.727	7.86769e-006
-2.726	8.25803e-006
-2.725	8.66857e-006
-2.724	9.10049e-006
-2.723	9.55491e-006
-2.722	1.00331e-005
-2.721	1.05363e-005
-2.72	1.10659e-005
-2.719	1.16234e-005
-2.718	1.22101e-005
-2.717	1.28277e-005
-2.716	1.3478e-005
-2.715	1.41625e-005
-2.714	1.48834e-005
-2.713	1.56233e-005
-2.712	1.63813e-005
-2.711	1.71561e-005
-2.71	1.79463e-005
-2.709	1.87508e-005
-2.708	1.95682e-005
-2.707	2.03972e-005
-2.706	2.12364e-005
-2.705	2.20844e-005
-2.704	2.29398e-005
-2.703	2.38013e-005
-2.702	2.46674e-005
-2.701	2.55367e-005
-2.7	2.64078e-005
-2.699	2.72792e-005
-2.698	2.81496e-005
-2.697	2.90174e-005
-2.696	2.98814e-005
-2.695	3.07401e-005
-2.694	3.15919e-005
-2.693	3.24357e-005
-2.692	3.327e-005
-2.691	3.40934e-005
-2.69	3.49048e-005
-2.689	3.57026e-005
-2.688	3.64858e-005
-2.687	3.72529e-005
-2.686	3.80029e-005
-2.685	3.87344e-005
-2.684	3.94464e-005
-2.683	4.01378e-005
-2.682	4.08074e-005
-2.681	4.14542e-005
-2.68	4.20773e-005
-2.679	4.26757e-005
-2.678	4.32486e-005
-2.677	4.3795e-005
-2.676	4.43141e-005
-2.675	4.48053e-005
-2.674	4.52678e-005
-2.673	4.57009e-005
-2.672	4.61042e-005
-2.671	4.6477e-005
-2.67	4.6819e-005
-2.669	4.71296e-005
-2.668	4.74085e-005
-2.667	4.76556e-005
-2.666	4.78704e-005
-2.665	4.80528e-005
-2.664	4.82027e-005
-2.663	4.83201e-005
-2.662	4.8405e-005
-2.661	4.84575e-005
-2.66	4.84775e-005
-2.659	4.84655e-005
-2.658	4.84216e-005
-2.657	4.83461e-005
-2.656	4.82395e-005
-2.655	4.8102e-005
-2.654	4.79343e-005
-2.653	4.77368e-005
-2.652	4.75102e-005
-2.651	4.7255e-005
-2.65	4.69721e-005
-2.649	4.66622e-005
-2.648	4.63261e-005
-2.647	4.59646e-005
-2.646	4.55786e-005
-2.645	4.51691e-005
-2.644	4.47371e-005
-2.643	4.42837e-005
-2.642	4.38098e-005
-2.641	4.33167e-005
-2.64	4.28054e-005
-2.639	4.22771e-005
-2.638	4.17331e-005
-2.637	4.11746e-005
-2.636	4.06029e-005
-2.635	4.00192e-005
-2.634	3.9425e-005
-2.633	3.88214e-005
-2.632	3.821e-005
-2.631	3.7592e-005
-2.63	3.69687e-005
-2.629	3.63418e-005
-2.628	3.57124e-005
-2.627	3.50821e-005
-2.626	3.44521e-005
-2.625	3.38241e-005
-2.624	3.31992e-005
-2.623	3.2579e-005
-2.622	3.19647e-005
-2.621	3.13579e-005
-2.62	3.07598e-005
-2.619	3.01718e-005
-2.618	2.95951e-005
-2.617	2.90313e-005
-2.616	2.84813e-005
-2.615	2.79467e-005
-2.614	2.74286e-005
-2.613	2.69281e-005
-2.612	2.64464e-005
-2.611	2.59848e-005
-2.61	2.55442e-005
-2.609	2.51258e-005
-2.608	2.47304e-005
-2.607	2.43592e-005
-2.606	2.4013e-005
-2.605	2.36928e-005
-2.604	2.33993e-005
-2.603	2.31334e-005
-2.602	2.28957e-005
-2.601	2.2687e-005
-2.6	2.25079e-005
-2.599	2.23589e-005
-2.598	2.22407e-005
-2.597	2.21535e-005
-2.596	2.2098e-005
-2.595	2.20744e-005
-2.594	2.2083e-005
-2.593	2.21241e-005
-2.592	2.21977e-005
-2.591	2.23042e-005
-2.59	2.24434e-005
-2.589	2.26154e-005
-2.588	2.28202e-005
-2.587	2.30577e-005
-2.586	2.33275e-005
-2.585	2.36296e-005
-2.584	2.39636e-005
-2.583	2.43292e-005
-2.582	2.4726e-005
-2.581	2.51534e-005
-2.58	2.56111e-005
-2.579	2.60983e-005
-2.578	2.66146e-005
-2.577	2.71592e-005
-2.576	2.77314e-005
-2.575	2.83304e-005
-2.574	2.89554e-005
-2.573	2.96056e-005
-2.572	3.028e-005
-2.571	3.09776e-005
-2.57	3.16976e-005
-2.569	3.24388e-005
-2.568	3.32002e-005
-2.567	3.39808e-005
-2.566	3.47792e-005
-2.565	3.55945e-005
-2.564	3.64254e-005
-2.563	3.72707e-005
-2.562	3.81291e-005
-2.561	3.89994e-005
-2.56	3.98804e-005
-2.559	4.07707e-005
-2.558	4.16689e-005
-2.557	4.25739e-005
-2.556	4.34842e-005
-2.555	4.43986e-005
-2.554	4.53156e-005
-2.553	4.6234e-005
-2.552	4.71523e-005
-2.551	4.80694e-005
-2.55	4.89837e-005
-2.549	4.98941e-005
-2.548	5.07992e-005
-2.547	5.16977e-005
-2.546	5.25882e-005
-2.545	5.34697e-005
-2.544	5.43408e-005
-2.543	5.52002e-005
-2.542	5.60468e-005
-2.541	5.68794e-005
-2.54	5.7697e-005
-2.539	5.84984e-005
-2.538	5.92823e-005
-2.537	6.0048e-005
-2.536	6.07943e-005
-2.535	6.15202e-005
-2.534	6.2225e-005
-2.533	6.29076e-005
-2.532	6.35673e-005
-2.531	6.42032e-005
-2.53	6.48147e-005
-2.529	6.54009e-005
-2.528	6.59614e-005
-2.527	6.64953e-005
-2.526	6.70023e-005
-2.525	6.74818e-005
-2.524	6.79333e-005
-2.523	6.83566e-005
-2.522	6.87512e-005
-2.521	6.91169e-005
-2.52	6.94535e-005
-2.519	6.97608e-005
-2.518	7.00387e-005
-2.517	7.0287e-005
-2.516	7.0506e-005
-2.515	7.06954e-005
-2.514	7.08555e-005
-2.513	7.09866e-005
-2.512	7.10887e-005
-2.511	7.11623e-005
-2.51	7.12075e-005
-2.509	7.12248e-005
-2.508	7.12146e-005
-2.507	7.11775e-005
-2.506	7.11139e-005
-2.505	7.10245e-005
-2.504	7.09099e-005
-2.503	7.07707e-005
-2.502	7.06078e-005
-2.501	7.04218e-005
-2.5	7.02137e-005
-2.499	6.99842e-005
-2.498	6.97343e-005
-2.497	6.94648e-005
-2.496	6.91768e-005
-2.495	6.88712e-005
-2.494	6.85492e-005
-2.493	6.82118e-005
-2.492	6.78601e-005
-2.491	6.74951e-005
-2.49	6.71181e-005
-2.489	6.67302e-005
-2.488	6.63325e-005
-2.487	6.59264e-005
-2.486	6.5513e-005
-2.485	6.50935e-005
-2.484	6.46693e-005
-2.483	6.42415e-005
-2.482	6.38113e-005
-2.481	6.33802e-005
-2.48	6.29493e-005
-2.479	6.25198e-005
-2.478	6.20932e-005
-2.477	6.16704e-005
-2.476	6.1253e-005
-2.475	6.0842e-005
-2.474	6.04387e-005
-2.473	6.00442e-005
-2.472	5.96599e-005
-2.471	5.92867e-005
-2.47	5.8926e-005
-2.469	5.85787e-005
-2.468	5.82461e-005
-2.467	5.79291e-005
-2.466	5.76289e-005
-2.465	5.73465e-005
-2.464	5.70827e-005
-2.463	5.68385e-005
-2.462	5.66149e-005
-2.461	5.64127e-005
-2.46	5.62328e-005
-2.459	5.60759e-005
-2.458	5.59427e-005
-2.457	5.5834e-005
-2.456	5.57505e-005
-2.455	5.56928e-005
-2.454	5.56613e-005
-2.453	5.56566e-005
-2.452	5.56792e-005
-2.451	5.57295e-005
-2.45	5.5808e-005
-2.449	5.59147e-005
-2.448	5.60502e-005
-2.447	5.62145e-005
-2.446	5.64078e-005
-2.445	5.66303e-005
-2.444	5.6882e-005
-2.443	5.71629e-005
-2.442	5.7473e-005
-2.441	5.78121e-005
-2.44	5.81802e-005
-2.439	5.85769e-005
-2.438	5.90022e-005
-2.437	5.94556e-005
-2.436	5.99369e-005
-2.435	6.04456e-005
-2.434	6.09813e-005
-2.433	6.15436e-005
-2.432	6.21318e-005
-2.431	6.27453e-005
-2.43	6.33836e-005
-2.429	6.40461e-005
-2.428	6.47319e-005
-2.427	6.54405e-005
-2.426	6.61709e-005
-2.425	6.69223e-005
-2.424	6.76941e-005
-2.423	6.8485e-005
-2.422	6.92945e-005
-2.421	7.01214e-005
-2.42	7.09648e-005
-2.419	7.18237e-005
-2.418	7.26972e-005
-2.417	7.35841e-005
-2.416	7.44833e-005
-2.415	7.53939e-005
-2.414	7.63148e-005
-2.413	7.72446e-005
-2.412	7.81825e-005
-2.411	7.91273e-005
-2.41	8.00779e-005
-2.409	8.1033e-005
-2.408	8.19915e-005
-2.407	8.29524e-005
-2.406	8.39145e-005
-2.405	8.48765e-005
-2.404	8.58375e-005
-2.403	8.67963e-005
-2.402	8.77517e-005
-2.401	8.87026e-005
-2.4	8.96481e-005
-2.399	9.0587e-005
-2.398	9.15182e-005
-2.397	9.24407e-005
-2.396	9.33534e-005
-2.395	9.42556e-005
-2.394	9.51461e-005
-2.393	9.6024e-005
-2.392	9.68885e-005
-2.391	9.77386e-005
-2.39	9.85735e-005
-2.389	9.93923e-005
-2.388	0.000100194
-2.387	0.000100979
-2.386	0.000101745
-2.385	0.000102492
-2.384	0.00010322
-2.383	0.000103928
-2.382	0.000104615
-2.381	0.00010528
-2.38	0.000105924
-2.379	0.000106546
-2.378	0.000107146
-2.377	0.000107723
-2.376	0.000108277
-2.375	0.000108808
-2.374	0.000109315
-2.373	0.000109799
-2.372	0.000110259
-2.371	0.000110695
-2.37	0.000111108
-2.369	0.000111497
-2.368	0.000111862
-2.367	0.000112204
-2.366	0.000112523
-2.365	0.000112819
-2.364	0.000113092
-2.363	0.000113343
-2.362	0.000113572
-2.361	0.000113778
-2.36	0.000113964
-2.359	0.00011413
-2.358	0.000114275
-2.357	0.0001144
-2.356	0.000114506
-2.355	0.000114594
-2.354	0.000114665
-2.353	0.000114718
-2.352	0.000114756
-2.351	0.000114777
-2.35	0.000114785
-2.349	0.000114778
-2.348	0.000114758
-2.347	0.000114726
-2.346	0.000114683
-2.345	0.00011463
-2.344	0.000114567
-2.343	0.000114496
-2.342	0.000114418
-2.341	0.000114333
-2.34	0.000114243
-2.339	0.000114148
-2.338	0.00011405
-2.337	0.000113949
-2.336	0.000113848
-2.335	0.000113745
-2.334	0.000113644
-2.333	0.000113544
-2.332	0.000113447
-2.331	0.000113353
-2.33	0.000113265
-2.329	0.000113182
-2.328	0.000113106
-2.327	0.000113037
-2.326	0.000112978
-2.325	0.000112928
-2.324	0.000112888
-2.323	0.00011286
-2.322	0.000112844
-2.321	0.000112842
-2.32	0.000112853
-2.319	0.00011288
-2.318	0.000112922
-2.317	0.00011298
-2.316	0.000113055
-2.315	0.000113149
-2.314	0.000113261
-2.313	0.000113392
-2.312	0.000113542
-2.311	0.000113713
-2.31	0.000113905
-2.309	0.000114118
-2.308	0.000114353
-2.307	0.00011461
-2.306	0.00011489
-2.305	0.000115192
-2.304	0.000115518
-2.303	0.000115867
-2.302	0.00011624
-2.301	0.000116637
-2.3	0.000117057
-2.299	0.000117502
-2.298	0.000117971
-2.297	0.000118464
-2.296	0.000118981
-2.295	0.000119522
-2.294	0.000120087
-2.293	0.000120675
-2.292	0.000121287
-2.291	0.000121923
-2.29	0.000122582
-2.289	0.000123263
-2.288	0.000123967
-2.287	0.000124693
-2.286	0.00012544
-2.285	0.000126208
-2.284	0.000126998
-2.283	0.000127808
-2.282	0.000128637
-2.281	0.000129485
-2.28	0.000130351
-2.279	0.000131236
-2.278	0.000132138
-2.277	0.000133056
-2.276	0.00013399
-2.275	0.000134939
-2.274	0.000135902
-2.273	0.000136879
-2.272	0.000137868
-2.271	0.00013887
-2.27	0.000139883
-2.269	0.000140906
-2.268	0.000141938
-2.267	0.000142979
-2.266	0.000144028
-2.265	0.000145084
-2.264	0.000146146
-2.263	0.000147213
-2.262	0.000148284
-2.261	0.000149359
-2.26	0.000150436
-2.259	0.000151515
-2.258	0.000152595
-2.257	0.000153674
-2.256	0.000154753
-2.255	0.00015583
-2.254	0.000156904
-2.253	0.000157976
-2.252	0.000159043
-2.251	0.000160105
-2.25	0.000161161
-2.249	0.000162211
-2.248	0.000163254
-2.247	0.000164288
-2.246	0.000165314
-2.245	0.000166332
-2.244	0.000167339
-2.243	0.000168335
-2.242	0.000169321
-2.241	0.000170295
-2.24	0.000171257
-2.239	0.000172206
-2.238	0.000173142
-2.237	0.000174064
-2.236	0.000174973
-2.235	0.000175867
-2.234	0.000176746
-2.233	0.000177611
-2.232	0.000178461
-2.231	0.000179295
-2.23	0.000180113
-2.229	0.000180915
-2.228	0.000181702
-2.227	0.000182472
-2.226	0.000183226
-2.225	0.000183964
-2.224	0.000184686
-2.223	0.000185392
-2.222	0.000186082
-2.221	0.000186756
-2.22	0.000187415
-2.219	0.000188057
-2.218	0.000188684
-2.217	0.000189297
-2.216	0.000189894
-2.215	0.000190477
-2.214	0.000191045
-2.213	0.0001916
-2.212	0.000192142
-2.211	0.00019267
-2.21	0.000193186
-2.209	0.00019369
-2.208	0.000194182
-2.207	0.000194663
-2.206	0.000195134
-2.205	0.000195595
-2.204	0.000196047
-2.203	0.000196489
-2.202	0.000196924
-2.201	0.000197352
-2.2	0.000197773
-2.199	0.000198187
-2.198	0.000198597
-2.197	0.000199001
-2.196	0.000199402
-2.195	0.0001998
-2.194	0.000200195
-2.193	0.000200588
-2.192	0.000200981
-2.191	0.000201373
-2.19	0.000201766
-2.189	0.00020216
-2.188	0.000202556
-2.187	0.000202955
-2.186	0.000203357
-2.185	0.000203764
-2.184	0.000204175
-2.183	0.000204593
-2.182	0.000205017
-2.181	0.000205448
-2.18	0.000205887
-2.179	0.000206335
-2.178	0.000206791
-2.177	0.000207258
-2.176	0.000207735
-2.175	0.000208224
-2.174	0.000208724
-2.173	0.000209237
-2.172	0.000209763
-2.171	0.000210302
-2.17	0.000210855
-2.169	0.000211422
-2.168	0.000212005
-2.167	0.000212603
-2.166	0.000213218
-2.165	0.000213848
-2.164	0.000214495
-2.163	0.00021516
-2.162	0.000215841
-2.161	0.000216541
-2.16	0.000217258
-2.159	0.000217993
-2.158	0.000218747
-2.157	0.00021952
-2.156	0.000220311
-2.155	0.000221122
-2.154	0.000221951
-2.153	0.000222799
-2.152	0.000223667
-2.151	0.000224553
-2.15	0.000225459
-2.149	0.000226384
-2.148	0.000227328
-2.147	0.00022829
-2.146	0.000229272
-2.145	0.000230272
-2.144	0.00023129
-2.143	0.000232327
-2.142	0.000233382
-2.141	0.000234454
-2.14	0.000235544
-2.139	0.000236651
-2.138	0.000237775
-2.137	0.000238915
-2.136	0.000240072
-2.135	0.000241244
-2.134	0.000242432
-2.133	0.000243634
-2.132	0.00024485
-2.131	0.000246081
-2.13	0.000247325
-2.129	0.000248582
-2.128	0.000249852
-2.127	0.000251133
-2.126	0.000252426
-2.125	0.00025373
-2.124	0.000255044
-2.123	0.000256367
-2.122	0.0002577
-2.121	0.000259041
-2.12	0.000260391
-2.119	0.000261748
-2.118	0.000263111
-2.117	0.000264481
-2.116	0.000265857
-2.115	0.000267237
-2.114	0.000268622
-2.113	0.000270011
-2.112	0.000271403
-2.111	0.000272798
-2.11	0.000274195
-2.109	0.000275594
-2.108	0.000276994
-2.107	0.000278394
-2.106	0.000279794
-2.105	0.000281194
-2.104	0.000282592
-2.103	0.000283989
-2.102	0.000285384
-2.101	0.000286777
-2.1	0.000288166
-2.099	0.000289553
-2.098	0.000290935
-2.097	0.000292313
-2.096	0.000293687
-2.095	0.000295055
-2.094	0.000296419
-2.093	0.000297777
-2.092	0.000299128
-2.091	0.000300474
-2.09	0.000301813
-2.089	0.000303146
-2.088	0.000304471
-2.087	0.00030579
-2.086	0.000307101
-2.085	0.000308405
-2.084	0.000309701
-2.083	0.00031099
-2.082	0.000312271
-2.081	0.000313544
-2.08	0.00031481
-2.079	0.000316068
-2.078	0.000317318
-2.077	0.00031856
-2.076	0.000319795
-2.075	0.000321022
-2.074	0.000322242
-2.073	0.000323455
-2.072	0.00032466
-2.071	0.000325858
-2.07	0.00032705
-2.069	0.000328235
-2.068	0.000329414
-2.067	0.000330587
-2.066	0.000331754
-2.065	0.000332915
-2.064	0.000334072
-2.063	0.000335223
-2.062	0.00033637
-2.061	0.000337513
-2.06	0.000338652
-2.059	0.000339788
-2.058	0.000340921
-2.057	0.000342051
-2.056	0.00034318
-2.055	0.000344307
-2.054	0.000345432
-2.053	0.000346556
-2.052	0.000347681
-2.051	0.000348805
-2.05	0.000349931
-2.049	0.000351057
-2.048	0.000352185
-2.047	0.000353315
-2.046	0.000354448
-2.045	0.000355584
-2.044	0.000356724
-2.043	0.000357867
-2.042	0.000359016
-2.041	0.00036017
-2.04	0.000361329
-2.039	0.000362494
-2.038	0.000363666
-2.037	0.000364845
-2.036	0.000366032
-2.035	0.000367227
-2.034	0.00036843
-2.033	0.000369642
-2.032	0.000370864
-2.031	0.000372095
-2.03	0.000373337
-2.029	0.000374589
-2.028	0.000375853
-2.027	0.000377127
-2.026	0.000378414
-2.025	0.000379713
-2.024	0.000381025
-2.023	0.00038235
-2.022	0.000383687
-2.021	0.000385039
-2.02	0.000386403
-2.019	0.000387783
-2.018	0.000389176
-2.017	0.000390584
-2.016	0.000392007
-2.015	0.000393445
-2.014	0.000394898
-2.013	0.000396366
-2.012	0.00039785
-2.011	0.000399349
-2.01	0.000400865
-2.009	0.000402396
-2.008	0.000403943
-2.007	0.000405506
-2.006	0.000407085
-2.005	0.00040868
-2.004	0.000410292
-2.003	0.000411918
-2.002	0.000413561
-2.001	0.00041522
-2	0.000416895
-1.999	0.000418586
-1.998	0.000420293
-1.997	0.000422014
-1.996	0.000423752
-1.995	0.000425504
-1.994	0.000427272
-1.993	0.000429055
-1.992	0.000430852
-1.991	0.000432665
-1.99	0.000434491
-1.989	0.000436332
-1.988	0.000438186
-1.987	0.000440054
-1.986	0.000441936
-1.985	0.000443831
-1.984	0.000445738
-1.983	0.000447658
-1.982	0.00044959
-1.981	0.000451535
-1.98	0.000453491
-1.979	0.000455458
-1.978	0.000457436
-1.977	0.000459424
-1.976	0.000461423
-1.975	0.000463432
-1.974	0.000465451
-1.973	0.000467479
-1.972	0.000469516
-1.971	0.000471562
-1.97	0.000473615
-1.969	0.000475677
-1.968	0.000477747
-1.967	0.000479824
-1.966	0.000481908
-1.965	0.000483998
-1.964	0.000486094
-1.963	0.000488197
-1.962	0.000490305
-1.961	0.000492419
-1.96	0.000494538
-1.959	0.000496661
-1.958	0.000498789
-1.957	0.000500921
-1.956	0.000503058
-1.955	0.000505197
-1.954	0.000507341
-1.953	0.000509487
-1.952	0.000511637
-1.951	0.000513788
-1.95	0.000515943
-1.949	0.0005181
-1.948	0.00052026
-1.947	0.000522421
-1.946	0.000524584
-1.945	0.000526748
-1.944	0.000528915
-1.943	0.000531082
-1.942	0.000533252
-1.941	0.000535422
-1.94	0.000537594
-1.939	0.000539767
-1.938	0.00054194
-1.937	0.000544115
-1.936	0.000546291
-1.935	0.000548468
-1.934	0.000550646
-1.933	0.000552825
-1.932	0.000555005
-1.931	0.000557186
-1.93	0.000559369
-1.929	0.000561553
-1.928	0.000563738
-1.927	0.000565924
-1.926	0.000568113
-1.925	0.000570303
-1.924	0.000572496
-1.923	0.00057469
-1.922	0.000576885
-1.921	0.000579084
-1.92	0.000581286
-1.919	0.000583489
-1.918	0.000585696
-1.917	0.000587906
-1.916	0.00059012
-1.915	0.000592337
-1.914	0.000594558
-1.913	0.000596783
-1.912	0.000599013
-1.911	0.000601247
-1.91	0.000603486
-1.909	0.00060573
-1.908	0.00060798
-1.907	0.000610236
-1.906	0.000612498
-1.905	0.000614767
-1.904	0.000617041
-1.903	0.000619323
-1.902	0.000621613
-1.901	0.000623909
-1.9	0.000626214
-1.899	0.000628527
-1.898	0.000630849
-1.897	0.00063318
-1.896	0.000635519
-1.895	0.000637868
-1.894	0.000640227
-1.893	0.000642596
-1.892	0.000644975
-1.891	0.000647366
-1.89	0.000649767
-1.889	0.000652179
-1.888	0.000654603
-1.887	0.000657038
-1.886	0.000659486
-1.885	0.000661946
-1.884	0.00066442
-1.883	0.000666906
-1.882	0.000669404
-1.881	0.000671916
-1.88	0.000674443
-1.879	0.000676982
-1.878	0.000679537
-1.877	0.000682105
-1.876	0.000684688
-1.875	0.000687286
-1.874	0.000689898
-1.873	0.000692526
-1.872	0.000695169
-1.871	0.000697827
-1.87	0.000700501
-1.869	0.00070319
-1.868	0.000705895
-1.867	0.000708617
-1.866	0.000711353
-1.865	0.000714107
-1.864	0.000716877
-1.863	0.000719662
-1.862	0.000722465
-1.861	0.000725283
-1.86	0.000728118
-1.859	0.000730971
-1.858	0.000733839
-1.857	0.000736723
-1.856	0.000739625
-1.855	0.000742544
-1.854	0.000745478
-1.853	0.000748429
-1.852	0.000751396
-1.851	0.00075438
-1.85	0.000757381
-1.849	0.000760398
-1.848	0.000763432
-1.847	0.000766482
-1.846	0.000769548
-1.845	0.000772629
-1.844	0.000775727
-1.843	0.000778841
-1.842	0.000781971
-1.841	0.000785117
-1.84	0.000788278
-1.839	0.000791455
-1.838	0.000794647
-1.837	0.000797855
-1.836	0.000801077
-1.835	0.000804314
-1.834	0.000807567
-1.833	0.000810835
-1.832	0.000814116
-1.831	0.000817413
-1.83	0.000820724
-1.829	0.000824048
-1.828	0.000827387
-1.827	0.000830739
-1.826	0.000834106
-1.825	0.000837486
-1.824	0.000840879
-1.823	0.000844286
-1.822	0.000847707
-1.821	0.00085114
-1.82	0.000854585
-1.819	0.000858043
-1.818	0.000861515
-1.817	0.000864998
-1.816	0.000868494
-1.815	0.000872003
-1.814	0.000875524
-1.813	0.000879056
-1.812	0.0008826
-1.811	0.000886156
-1.81	0.000889724
-1.809	0.000893303
-1.808	0.000896894
-1.807	0.000900495
-1.806	0.000904109
-1.805	0.000907734
-1.804	0.000911368
-1.803	0.000915016
-1.802	0.000918674
-1.801	0.000922343
-1.8	0.000926022
-1.799	0.000929714
-1.798	0.000933416
-1.797	0.000937128
-1.796	0.000940851
-1.795	0.000944586
-1.794	0.000948331
-1.793	0.000952087
-1.792	0.000955853
-1.791	0.000959632
-1.79	0.000963421
-1.789	0.000967221
-1.788	0.000971032
-1.787	0.000974853
-1.786	0.000978686
-1.785	0.000982532
-1.784	0.000986388
-1.783	0.000990254
-1.782	0.000994133
-1.781	0.000998024
-1.78	0.00100193
-1.779	0.00100584
-1.778	0.00100977
-1.777	0.0010137
-1.776	0.00101765
-1.775	0.00102161
-1.774	0.00102559
-1.773	0.00102958
-1.772	0.00103358
-1.771	0.00103759
-1.77	0.00104162
-1.769	0.00104565
-1.768	0.00104971
-1.767	0.00105377
-1.766	0.00105785
-1.765	0.00106195
-1.764	0.00106606
-1.763	0.00107018
-1.762	0.00107432
-1.761	0.00107847
-1.76	0.00108263
-1.759	0.00108681
-1.758	0.00109101
-1.757	0.00109522
-1.756	0.00109945
-1.755	0.00110369
-1.754	0.00110796
-1.753	0.00111223
-1.752	0.00111652
-1.751	0.00112083
-1.75	0.00112516
-1.749	0.0011295
-1.748	0.00113386
-1.747	0.00113824
-1.746	0.00114264
-1.745	0.00114705
-1.744	0.00115148
-1.743	0.00115593
-1.742	0.0011604
-1.741	0.00116489
-1.74	0.0011694
-1.739	0.00117392
-1.738	0.00117847
-1.737	0.00118303
-1.736	0.00118761
-1.735	0.00119222
-1.734	0.00119684
-1.733	0.00120149
-1.732	0.00120615
-1.731	0.00121083
-1.73	0.00121554
-1.729	0.00122026
-1.728	0.00122501
-1.727	0.00122978
-1.726	0.00123457
-1.725	0.00123937
-1.724	0.00124421
-1.723	0.00124906
-1.722	0.00125393
-1.721	0.00125883
-1.72	0.00126374
-1.719	0.00126868
-1.718	0.00127364
-1.717	0.00127863
-1.716	0.00128363
-1.715	0.00128866
-1.714	0.00129371
-1.713	0.00129878
-1.712	0.00130388
-1.711	0.001309
-1.71	0.00131414
-1.709	0.0013193
-1.708	0.00132449
-1.707	0.00132969
-1.706	0.00133493
-1.705	0.00134018
-1.704	0.00134546
-1.703	0.00135075
-1.702	0.00135608
-1.701	0.00136142
-1.7	0.00136679
-1.699	0.00137218
-1.698	0.0013776
-1.697	0.00138304
-1.696	0.0013885
-1.695	0.00139398
-1.694	0.00139949
-1.693	0.00140502
-1.692	0.00141057
-1.691	0.00141615
-1.69	0.00142175
-1.689	0.00142737
-1.688	0.00143301
-1.687	0.00143868
-1.686	0.00144437
-1.685	0.00145009
-1.684	0.00145583
-1.683	0.00146158
-1.682	0.00146737
-1.681	0.00147318
-1.68	0.00147901
-1.679	0.00148486
-1.678	0.00149073
-1.677	0.00149663
-1.676	0.00150256
-1.675	0.0015085
-1.674	0.00151447
-1.673	0.00152046
-1.672	0.00152647
-1.671	0.00153251
-1.67	0.00153857
-1.669	0.00154465
-1.668	0.00155076
-1.667	0.00155689
-1.666	0.00156304
-1.665	0.00156922
-1.664	0.00157542
-1.663	0.00158164
-1.662	0.00158789
-1.661	0.00159415
-1.66	0.00160045
-1.659	0.00160676
-1.658	0.0016131
-1.657	0.00161946
-1.656	0.00162585
-1.655	0.00163226
-1.654	0.00163869
-1.653	0.00164515
-1.652	0.00165163
-1.651	0.00165813
-1.65	0.00166466
-1.649	0.00167121
-1.648	0.00167779
-1.647	0.00168439
-1.646	0.00169101
-1.645	0.00169766
-1.644	0.00170433
-1.643	0.00171103
-1.642	0.00171775
-1.641	0.0017245
-1.64	0.00173127
-1.639	0.00173807
-1.638	0.00174489
-1.637	0.00175174
-1.636	0.00175861
-1.635	0.0017655
-1.634	0.00177243
-1.633	0.00177937
-1.632	0.00178635
-1.631	0.00179335
-1.63	0.00180037
-1.629	0.00180742
-1.628	0.0018145
-1.627	0.00182161
-1.626	0.00182874
-1.625	0.0018359
-1.624	0.00184308
-1.623	0.00185029
-1.622	0.00185753
-1.621	0.0018648
-1.62	0.00187209
-1.619	0.00187941
-1.618	0.00188677
-1.617	0.00189414
-1.616	0.00190155
-1.615	0.00190898
-1.614	0.00191645
-1.613	0.00192394
-1.612	0.00193146
-1.611	0.00193901
-1.61	0.00194659
-1.609	0.0019542
-1.608	0.00196183
-1.607	0.0019695
-1.606	0.0019772
-1.605	0.00198493
-1.604	0.00199269
-1.603	0.00200048
-1.602	0.00200829
-1.601	0.00201614
-1.6	0.00202402
-1.599	0.00203194
-1.598	0.00203988
-1.597	0.00204786
-1.596	0.00205586
-1.595	0.0020639
-1.594	0.00207197
-1.593	0.00208008
-1.592	0.00208821
-1.591	0.00209638
-1.59	0.00210459
-1.589	0.00211282
-1.588	0.00212109
-1.587	0.00212939
-1.586	0.00213772
-1.585	0.00214609
-1.584	0.00215449
-1.583	0.00216292
-1.582	0.00217139
-1.581	0.0021799
-1.58	0.00218844
-1.579	0.00219701
-1.578	0.00220562
-1.577	0.00221426
-1.576	0.00222293
-1.575	0.00223165
-1.574	0.0022404
-1.573	0.00224918
-1.572	0.00225799
-1.571	0.00226685
-1.57	0.00227574
-1.569	0.00228467
-1.568	0.00229363
-1.567	0.00230263
-1.566	0.00231166
-1.565	0.00232073
-1.564	0.00232984
-1.563	0.00233899
-1.562	0.00234817
-1.561	0.00235739
-1.56	0.00236664
-1.559	0.00237594
-1.558	0.00238527
-1.557	0.00239464
-1.556	0.00240405
-1.555	0.00241349
-1.554	0.00242297
-1.553	0.00243249
-1.552	0.00244205
-1.551	0.00245164
-1.55	0.00246128
-1.549	0.00247095
-1.548	0.00248066
-1.547	0.00249042
-1.546	0.0025002
-1.545	0.00251003
-1.544	0.0025199
-1.543	0.00252981
-1.542	0.00253975
-1.541	0.00254973
-1.54	0.00255976
-1.539	0.00256983
-1.538	0.00257993
-1.537	0.00259007
-1.536	0.00260026
-1.535	0.00261048
-1.534	0.00262075
-1.533	0.00263105
-1.532	0.00264139
-1.531	0.00265178
-1.53	0.00266221
-1.529	0.00267267
-1.528	0.00268318
-1.527	0.00269373
-1.526	0.00270432
-1.525	0.00271495
-1.524	0.00272563
-1.523	0.00273634
-1.522	0.00274709
-1.521	0.00275789
-1.52	0.00276873
-1.519	0.00277962
-1.518	0.00279054
-1.517	0.00280151
-1.516	0.00281251
-1.515	0.00282356
-1.514	0.00283466
-1.513	0.0028458
-1.512	0.00285698
-1.511	0.0028682
-1.51	0.00287947
-1.509	0.00289078
-1.508	0.00290213
-1.507	0.00291353
-1.506	0.00292498
-1.505	0.00293646
-1.504	0.00294799
-1.503	0.00295956
-1.502	0.00297119
-1.501	0.00298285
-1.5	0.00299456
-1.499	0.00300632
-1.498	0.00301812
-1.497	0.00302996
-1.496	0.00304186
-1.495	0.0030538
-1.494	0.00306578
-1.493	0.00307782
-1.492	0.00308989
-1.491	0.00310201
-1.49	0.00311419
-1.489	0.0031264
-1.488	0.00313867
-1.487	0.00315099
-1.486	0.00316335
-1.485	0.00317575
-1.484	0.00318821
-1.483	0.00320072
-1.482	0.00321327
-1.481	0.00322587
-1.48	0.00323853
-1.479	0.00325123
-1.478	0.00326398
-1.477	0.00327678
-1.476	0.00328963
-1.475	0.00330253
-1.474	0.00331548
-1.473	0.00332848
-1.472	0.00334154
-1.471	0.00335464
-1.47	0.00336779
-1.469	0.003381
-1.468	0.00339426
-1.467	0.00340756
-1.466	0.00342093
-1.465	0.00343434
-1.464	0.00344781
-1.463	0.00346133
-1.462	0.0034749
-1.461	0.00348852
-1.46	0.0035022
-1.459	0.00351594
-1.458	0.00352972
-1.457	0.00354357
-1.456	0.00355746
-1.455	0.00357141
-1.454	0.00358541
-1.453	0.00359947
-1.452	0.00361359
-1.451	0.00362776
-1.45	0.00364198
-1.449	0.00365626
-1.448	0.0036706
-1.447	0.003685
-1.446	0.00369946
-1.445	0.00371396
-1.444	0.00372853
-1.443	0.00374315
-1.442	0.00375784
-1.441	0.00377258
-1.44	0.00378737
-1.439	0.00380223
-1.438	0.00381714
-1.437	0.00383212
-1.436	0.00384715
-1.435	0.00386224
-1.434	0.00387739
-1.433	0.0038926
-1.432	0.00390788
-1.431	0.00392321
-1.43	0.00393859
-1.429	0.00395405
-1.428	0.00396956
-1.427	0.00398514
-1.426	0.00400077
-1.425	0.00401647
-1.424	0.00403223
-1.423	0.00404805
-1.422	0.00406394
-1.421	0.00407988
-1.42	0.00409589
-1.419	0.00411197
-1.418	0.00412811
-1.417	0.00414431
-1.416	0.00416057
-1.415	0.0041769
-1.414	0.0041933
-1.413	0.00420975
-1.412	0.00422628
-1.411	0.00424286
-1.41	0.00425951
-1.409	0.00427624
-1.408	0.00429302
-1.407	0.00430986
-1.406	0.00432679
-1.405	0.00434377
-1.404	0.00436082
-1.403	0.00437794
-1.402	0.00439512
-1.401	0.00441238
-1.4	0.0044297
-1.399	0.00444709
-1.398	0.00446455
-1.397	0.00448207
-1.396	0.00449966
-1.395	0.00451733
-1.394	0.00453506
-1.393	0.00455286
-1.392	0.00457073
-1.391	0.00458868
-1.39	0.0046067
-1.389	0.00462479
-1.388	0.00464294
-1.387	0.00466117
-1.386	0.00467947
-1.385	0.00469784
-1.384	0.00471628
-1.383	0.0047348
-1.382	0.00475339
-1.381	0.00477205
-1.38	0.00479078
-1.379	0.00480958
-1.378	0.00482847
-1.377	0.00484742
-1.376	0.00486645
-1.375	0.00488556
-1.374	0.00490474
-1.373	0.00492399
-1.372	0.00494332
-1.371	0.00496273
-1.37	0.00498221
-1.369	0.00500176
-1.368	0.0050214
-1.367	0.00504111
-1.366	0.00506089
-1.365	0.00508076
-1.364	0.0051007
-1.363	0.00512073
-1.362	0.00514083
-1.361	0.005161
-1.36	0.00518126
-1.359	0.0052016
-1.358	0.00522201
-1.357	0.00524252
-1.356	0.00526309
-1.355	0.00528375
-1.354	0.00530448
-1.353	0.0053253
-1.352	0.0053462
-1.351	0.00536718
-1.35	0.00538826
-1.349	0.00540939
-1.348	0.00543062
-1.347	0.00545193
-1.346	0.00547333
-1.345	0.00549481
-1.344	0.00551637
-1.343	0.00553802
-1.342	0.00555975
-1.341	0.00558157
-1.34	0.00560347
-1.339	0.00562546
-1.338	0.00564753
-1.337	0.00566969
-1.336	0.00569194
-1.335	0.00571427
-1.334	0.00573669
-1.333	0.00575921
-1.332	0.0057818
-1.331	0.00580449
-1.33	0.00582726
-1.329	0.00585013
-1.328	0.00587308
-1.327	0.00589613
-1.326	0.00591926
-1.325	0.00594248
-1.324	0.0059658
-1.323	0.0059892
-1.322	0.0060127
-1.321	0.0060363
-1.32	0.00605999
-1.319	0.00608376
-1.318	0.00610763
-1.317	0.00613159
-1.316	0.00615566
-1.315	0.0061798
-1.314	0.00620405
-1.313	0.0062284
-1.312	0.00625283
-1.311	0.00627737
-1.31	0.00630199
-1.309	0.00632671
-1.308	0.00635154
-1.307	0.00637647
-1.306	0.0064015
-1.305	0.00642661
-1.304	0.00645182
-1.303	0.00647714
-1.302	0.00650256
-1.301	0.00652808
-1.3	0.0065537
-1.299	0.00657941
-1.298	0.00660523
-1.297	0.00663115
-1.296	0.00665717
-1.295	0.00668329
-1.294	0.00670952
-1.293	0.00673586
-1.292	0.00676228
-1.291	0.00678882
-1.29	0.00681546
-1.289	0.0068422
-1.288	0.00686906
-1.287	0.00689602
-1.286	0.00692308
-1.285	0.00695025
-1.284	0.00697752
-1.283	0.00700491
-1.282	0.00703239
-1.281	0.00705999
-1.28	0.0070877
-1.279	0.00711552
-1.278	0.00714344
-1.277	0.00717148
-1.276	0.00719962
-1.275	0.00722788
-1.274	0.00725624
-1.273	0.00728473
-1.272	0.00731331
-1.271	0.00734201
-1.27	0.00737083
-1.269	0.00739976
-1.268	0.0074288
-1.267	0.00745795
-1.266	0.00748724
-1.265	0.00751661
-1.264	0.00754611
-1.263	0.00757573
-1.262	0.00760546
-1.261	0.0076353
-1.26	0.00766528
-1.259	0.00769536
-1.258	0.00772556
-1.257	0.00775587
-1.256	0.00778632
-1.255	0.00781688
-1.254	0.00784756
-1.253	0.00787835
-1.252	0.00790927
-1.251	0.00794031
-1.25	0.00797147
-1.249	0.00800276
-1.248	0.00803416
-1.247	0.0080657
-1.246	0.00809735
-1.245	0.00812914
-1.244	0.00816103
-1.243	0.00819306
-1.242	0.00822521
-1.241	0.00825749
-1.24	0.00828989
-1.239	0.00832243
-1.238	0.00835509
-1.237	0.00838788
-1.236	0.00842081
-1.235	0.00845384
-1.234	0.00848702
-1.233	0.00852032
-1.232	0.00855378
-1.231	0.00858734
-1.23	0.00862103
-1.229	0.00865488
-1.228	0.00868884
-1.227	0.00872293
-1.226	0.00875716
-1.225	0.00879153
-1.224	0.00882604
-1.223	0.00886067
-1.222	0.00889544
-1.221	0.00893035
-1.22	0.0089654
-1.219	0.00900059
-1.218	0.00903592
-1.217	0.00907138
-1.216	0.00910698
-1.215	0.00914272
-1.214	0.0091786
-1.213	0.00921462
-1.212	0.00925078
-1.211	0.00928709
-1.21	0.00932353
-1.209	0.00936013
-1.208	0.00939686
-1.207	0.00943373
-1.206	0.00947076
-1.205	0.00950793
-1.204	0.00954525
-1.203	0.0095827
-1.202	0.00962031
-1.201	0.00965807
-1.2	0.00969596
-1.199	0.00973403
-1.198	0.00977223
-1.197	0.00981057
-1.196	0.00984908
-1.195	0.00988772
-1.194	0.00992653
-1.193	0.00996549
-1.192	0.0100046
-1.191	0.0100439
-1.19	0.0100833
-1.189	0.0101229
-1.188	0.0101626
-1.187	0.0102025
-1.186	0.0102425
-1.185	0.0102827
-1.184	0.0103231
-1.183	0.0103636
-1.182	0.0104042
-1.181	0.0104451
-1.18	0.0104861
-1.179	0.0105272
-1.178	0.0105685
-1.177	0.01061
-1.176	0.0106516
-1.175	0.0106934
-1.174	0.0107354
-1.173	0.0107775
-1.172	0.0108198
-1.171	0.0108623
-1.17	0.0109049
-1.169	0.0109477
-1.168	0.0109907
-1.167	0.0110338
-1.166	0.0110771
-1.165	0.0111206
-1.164	0.0111642
-1.163	0.011208
-1.162	0.011252
-1.161	0.0112962
-1.16	0.0113405
-1.159	0.011385
-1.158	0.0114297
-1.157	0.0114745
-1.156	0.0115195
-1.155	0.0115647
-1.154	0.0116101
-1.153	0.0116557
-1.152	0.0117014
-1.151	0.0117473
-1.15	0.0117935
-1.149	0.0118397
-1.148	0.0118862
-1.147	0.0119329
-1.146	0.0119797
-1.145	0.0120267
-1.144	0.0120739
-1.143	0.0121213
-1.142	0.0121688
-1.141	0.0122166
-1.14	0.0122645
-1.139	0.0123126
-1.138	0.012361
-1.137	0.0124095
-1.136	0.0124582
-1.135	0.0125071
-1.134	0.0125562
-1.133	0.0126054
-1.132	0.0126549
-1.131	0.0127045
-1.13	0.0127544
-1.129	0.0128045
-1.128	0.0128547
-1.127	0.0129052
-1.126	0.0129558
-1.125	0.0130067
-1.124	0.0130577
-1.123	0.013109
-1.122	0.0131604
-1.121	0.0132121
-1.12	0.0132639
-1.119	0.013316
-1.118	0.0133682
-1.117	0.0134207
-1.116	0.0134734
-1.115	0.0135262
-1.114	0.0135793
-1.113	0.0136326
-1.112	0.0136861
-1.111	0.0137398
-1.11	0.0137938
-1.109	0.0138479
-1.108	0.0139022
-1.107	0.0139568
-1.106	0.0140116
-1.105	0.0140666
-1.104	0.0141218
-1.103	0.0141772
-1.102	0.0142328
-1.101	0.0142887
-1.1	0.0143448
-1.099	0.0144011
-1.098	0.0144576
-1.097	0.0145143
-1.096	0.0145713
-1.095	0.0146285
-1.094	0.0146859
-1.093	0.0147435
-1.092	0.0148014
-1.091	0.0148595
-1.09	0.0149178
-1.089	0.0149763
-1.088	0.0150351
-1.087	0.0150941
-1.086	0.0151534
-1.085	0.0152128
-1.084	0.0152725
-1.083	0.0153325
-1.082	0.0153926
-1.081	0.015453
-1.08	0.0155137
-1.079	0.0155746
-1.078	0.0156357
-1.077	0.015697
-1.076	0.0157586
-1.075	0.0158205
-1.074	0.0158826
-1.073	0.0159449
-1.072	0.0160075
-1.071	0.0160703
-1.07	0.0161333
-1.069	0.0161967
-1.068	0.0162602
-1.067	0.016324
-1.066	0.0163881
-1.065	0.0164524
-1.064	0.016517
-1.063	0.0165818
-1.062	0.0166468
-1.061	0.0167122
-1.06	0.0167778
-1.059	0.0168436
-1.058	0.0169097
-1.057	0.016976
-1.056	0.0170427
-1.055	0.0171096
-1.054	0.0171767
-1.053	0.0172441
-1.052	0.0173118
-1.051	0.0173797
-1.05	0.0174479
-1.049	0.0175164
-1.048	0.0175852
-1.047	0.0176542
-1.046	0.0177234
-1.045	0.017793
-1.044	0.0178628
-1.043	0.0179329
-1.042	0.0180033
-1.041	0.018074
-1.04	0.0181449
-1.039	0.0182161
-1.038	0.0182876
-1.037	0.0183593
-1.036	0.0184314
-1.035	0.0185038
-1.034	0.0185763
-1.033	0.0186493
-1.032	0.0187225
-1.031	0.0187959
-1.03	0.0188697
-1.029	0.0189437
-1.028	0.0190181
-1.027	0.0190927
-1.026	0.0191677
-1.025	0.0192429
-1.024	0.0193184
-1.023	0.0193942
-1.022	0.0194703
-1.021	0.0195468
-1.02	0.0196235
-1.019	0.0197005
-1.018	0.0197778
-1.017	0.0198554
-1.016	0.0199334
-1.015	0.0200116
-1.014	0.0200901
-1.013	0.020169
-1.012	0.0202481
-1.011	0.0203276
-1.01	0.0204074
-1.009	0.0204874
-1.008	0.0205679
-1.007	0.0206486
-1.006	0.0207296
-1.005	0.0208109
-1.004	0.0208926
-1.003	0.0209746
-1.002	0.021057
-1.001	0.0211396
-1	0.0212225
-0.999	0.0213058
-0.998	0.0213894
-0.997	0.0214734
-0.996	0.0215576
-0.995	0.0216423
-0.994	0.0217272
-0.993	0.0218125
-0.992	0.021898
-0.991	0.021984
-0.99	0.0220703
-0.989	0.0221569
-0.988	0.0222438
-0.987	0.0223311
-0.986	0.0224187
-0.985	0.0225067
-0.984	0.0225951
-0.983	0.0226837
-0.982	0.0227727
-0.981	0.0228621
-0.98	0.0229518
-0.979	0.0230418
-0.978	0.0231323
-0.977	0.0232231
-0.976	0.0233142
-0.975	0.0234057
-0.974	0.0234976
-0.973	0.0235898
-0.972	0.0236823
-0.971	0.0237753
-0.97	0.0238685
-0.969	0.0239622
-0.968	0.0240563
-0.967	0.0241507
-0.966	0.0242455
-0.965	0.0243406
-0.964	0.0244362
-0.963	0.024532
-0.962	0.0246283
-0.961	0.024725
-0.96	0.024822
-0.959	0.0249194
-0.958	0.0250172
-0.957	0.0251154
-0.956	0.0252139
-0.955	0.0253129
-0.954	0.0254122
-0.953	0.025512
-0.952	0.0256121
-0.951	0.0257126
-0.95	0.0258136
-0.949	0.0259148
-0.948	0.0260165
-0.947	0.0261187
-0.946	0.0262212
-0.945	0.0263241
-0.944	0.0264274
-0.943	0.0265311
-0.942	0.0266352
-0.941	0.0267398
-0.94	0.0268447
-0.939	0.0269501
-0.938	0.0270558
-0.937	0.027162
-0.936	0.0272686
-0.935	0.0273756
-0.934	0.0274831
-0.933	0.0275909
-0.932	0.0276992
-0.931	0.0278079
-0.93	0.0279171
-0.929	0.0280266
-0.928	0.0281366
-0.927	0.0282471
-0.926	0.0283579
-0.925	0.0284692
-0.924	0.0285809
-0.923	0.028693
-0.922	0.0288057
-0.921	0.0289187
-0.92	0.0290323
-0.919	0.0291462
-0.918	0.0292605
-0.917	0.0293754
-0.916	0.0294907
-0.915	0.0296064
-0.914	0.0297226
-0.913	0.0298392
-0.912	0.0299563
-0.911	0.0300739
-0.91	0.0301919
-0.909	0.0303104
-0.908	0.0304293
-0.907	0.0305487
-0.906	0.0306686
-0.905	0.030789
-0.904	0.0309098
-0.903	0.0310311
-0.902	0.0311529
-0.901	0.0312751
-0.9	0.0313979
-0.899	0.0315211
-0.898	0.0316448
-0.897	0.0317689
-0.896	0.0318936
-0.895	0.0320188
-0.894	0.0321444
-0.893	0.0322706
-0.892	0.0323972
-0.891	0.0325244
-0.89	0.032652
-0.889	0.0327801
-0.888	0.0329088
-0.887	0.0330379
-0.886	0.0331675
-0.885	0.0332977
-0.884	0.0334284
-0.883	0.0335596
-0.882	0.0336913
-0.881	0.0338235
-0.88	0.0339563
-0.879	0.0340895
-0.878	0.0342233
-0.877	0.0343576
-0.876	0.0344924
-0.875	0.0346278
-0.874	0.0347637
-0.873	0.0349001
-0.872	0.0350371
-0.871	0.0351745
-0.87	0.0353126
-0.869	0.0354512
-0.868	0.0355903
-0.867	0.03573
-0.866	0.0358703
-0.865	0.0360111
-0.864	0.0361524
-0.863	0.0362943
-0.862	0.0364367
-0.861	0.0365797
-0.86	0.0367232
-0.859	0.0368674
-0.858	0.0370121
-0.857	0.0371573
-0.856	0.0373032
-0.855	0.0374496
-0.854	0.0375965
-0.853	0.0377441
-0.852	0.0378922
-0.851	0.0380409
-0.85	0.0381902
-0.849	0.0383401
-0.848	0.0384905
-0.847	0.0386416
-0.846	0.0387933
-0.845	0.0389455
-0.844	0.0390984
-0.843	0.0392518
-0.842	0.0394059
-0.841	0.0395605
-0.84	0.0397157
-0.839	0.0398716
-0.838	0.0400282
-0.837	0.0401852
-0.836	0.0403429
-0.835	0.0405013
-0.834	0.0406602
-0.833	0.0408198
-0.832	0.04098
-0.831	0.0411408
-0.83	0.0413022
-0.829	0.0414643
-0.828	0.041627
-0.827	0.0417904
-0.826	0.0419544
-0.825	0.0421191
-0.824	0.0422844
-0.823	0.0424503
-0.822	0.0426169
-0.821	0.0427841
-0.82	0.042952
-0.819	0.0431206
-0.818	0.0432898
-0.817	0.0434597
-0.816	0.0436302
-0.815	0.0438014
-0.814	0.0439733
-0.813	0.0441458
-0.812	0.0443192
-0.811	0.044493
-0.81	0.0446676
-0.809	0.0448429
-0.808	0.045019
-0.807	0.0451956
-0.806	0.045373
-0.805	0.045551
-0.804	0.0457297
-0.803	0.0459092
-0.802	0.0460893
-0.801	0.0462702
-0.8	0.0464518
-0.799	0.0466341
-0.798	0.0468171
-0.797	0.0470009
-0.796	0.0471853
-0.795	0.0473705
-0.794	0.0475564
-0.793	0.047743
-0.792	0.0479304
-0.791	0.0481185
-0.79	0.0483073
-0.789	0.0484969
-0.788	0.0486872
-0.787	0.0488783
-0.786	0.0490701
-0.785	0.0492627
-0.784	0.049456
-0.783	0.0496501
-0.782	0.049845
-0.781	0.0500406
-0.78	0.050237
-0.779	0.0504341
-0.778	0.050632
-0.777	0.0508308
-0.776	0.0510303
-0.775	0.0512306
-0.774	0.0514316
-0.773	0.0516335
-0.772	0.0518361
-0.771	0.0520395
-0.77	0.0522438
-0.769	0.0524488
-0.768	0.0526547
-0.767	0.0528613
-0.766	0.0530687
-0.765	0.053277
-0.764	0.0534861
-0.763	0.0536961
-0.762	0.0539069
-0.761	0.0541184
-0.76	0.0543308
-0.759	0.054544
-0.758	0.0547581
-0.757	0.0549729
-0.756	0.0551887
-0.755	0.0554053
-0.754	0.0556227
-0.753	0.055841
-0.752	0.0560602
-0.751	0.0562802
-0.75	0.0565011
-0.749	0.0567228
-0.748	0.0569454
-0.747	0.0571689
-0.746	0.0573932
-0.745	0.0576185
-0.744	0.0578446
-0.743	0.0580716
-0.742	0.0582995
-0.741	0.0585283
-0.74	0.0587579
-0.739	0.0589885
-0.738	0.0592201
-0.737	0.0594524
-0.736	0.0596857
-0.735	0.05992
-0.734	0.0601551
-0.733	0.0603912
-0.732	0.0606281
-0.731	0.0608661
-0.73	0.0611049
-0.729	0.0613447
-0.728	0.0615854
-0.727	0.0618271
-0.726	0.0620697
-0.725	0.0623133
-0.724	0.0625579
-0.723	0.0628034
-0.722	0.0630499
-0.721	0.0632973
-0.72	0.0635457
-0.719	0.063795
-0.718	0.0640454
-0.717	0.0642967
-0.716	0.0645491
-0.715	0.0648024
-0.714	0.0650567
-0.713	0.0653119
-0.712	0.0655683
-0.711	0.0658257
-0.71	0.066084
-0.709	0.0663432
-0.708	0.0666037
-0.707	0.0668651
-0.706	0.0671274
-0.705	0.0673909
-0.704	0.0676552
-0.703	0.0679208
-0.702	0.0681873
-0.701	0.068455
-0.7	0.0687236
-0.699	0.0689934
-0.698	0.0692641
-0.697	0.069536
-0.696	0.0698089
-0.695	0.0700828
-0.694	0.0703578
-0.693	0.070634
-0.692	0.0709113
-0.691	0.0711895
-0.69	0.0714689
-0.689	0.0717494
-0.688	0.072031
-0.687	0.0723137
-0.686	0.0725976
-0.685	0.0728824
-0.684	0.0731685
-0.683	0.0734555
-0.682	0.0737438
-0.681	0.0740332
-0.68	0.0743238
-0.679	0.0746155
-0.678	0.0749084
-0.677	0.0752024
-0.676	0.0754975
-0.675	0.0757938
-0.674	0.0760912
-0.673	0.0763899
-0.672	0.0766897
-0.671	0.0769906
-0.67	0.0772928
-0.669	0.0775963
-0.668	0.0779007
-0.667	0.0782065
-0.666	0.0785134
-0.665	0.0788215
-0.664	0.0791308
-0.663	0.0794414
-0.662	0.0797531
-0.661	0.0800661
-0.66	0.0803803
-0.659	0.0806958
-0.658	0.0810125
-0.657	0.0813304
-0.656	0.0816496
-0.655	0.08197
-0.654	0.0822917
-0.653	0.0826145
-0.652	0.0829388
-0.651	0.0832643
-0.65	0.083591
-0.649	0.0839191
-0.648	0.0842484
-0.647	0.084579
-0.646	0.0849109
-0.645	0.0852441
-0.644	0.0855786
-0.643	0.0859144
-0.642	0.0862516
-0.641	0.0865902
-0.64	0.0869299
-0.639	0.0872711
-0.638	0.0876135
-0.637	0.0879574
-0.636	0.0883026
-0.635	0.088649
-0.634	0.0889969
-0.633	0.0893462
-0.632	0.0896968
-0.631	0.0900489
-0.63	0.0904022
-0.629	0.090757
-0.628	0.0911131
-0.627	0.0914706
-0.626	0.0918297
-0.625	0.0921901
-0.624	0.0925518
-0.623	0.0929151
-0.622	0.0932797
-0.621	0.0936457
-0.62	0.0940133
-0.619	0.0943822
-0.618	0.0947525
-0.617	0.0951245
-0.616	0.0954977
-0.615	0.0958725
-0.614	0.0962488
-0.613	0.0966265
-0.612	0.0970058
-0.611	0.0973865
-0.61	0.0977687
-0.609	0.0981523
-0.608	0.0985376
-0.607	0.0989242
-0.606	0.0993126
-0.605	0.0997023
-0.604	0.100094
-0.603	0.100486
-0.602	0.100881
-0.601	0.101277
-0.6	0.101674
-0.599	0.102073
-0.598	0.102474
-0.597	0.102876
-0.596	0.10328
-0.595	0.103685
-0.594	0.104092
-0.593	0.104501
-0.592	0.104911
-0.591	0.105322
-0.59	0.105736
-0.589	0.106151
-0.588	0.106567
-0.587	0.106986
-0.586	0.107405
-0.585	0.107827
-0.584	0.10825
-0.583	0.108675
-0.582	0.109102
-0.581	0.10953
-0.58	0.10996
-0.579	0.110391
-0.578	0.110824
-0.577	0.111259
-0.576	0.111696
-0.575	0.112134
-0.574	0.112574
-0.573	0.113016
-0.572	0.11346
-0.571	0.113905
-0.57	0.114352
-0.569	0.114801
-0.568	0.115251
-0.567	0.115703
-0.566	0.116157
-0.565	0.116613
-0.564	0.117071
-0.563	0.11753
-0.562	0.117991
-0.561	0.118455
-0.56	0.118919
-0.559	0.119386
-0.558	0.119855
-0.557	0.120325
-0.556	0.120797
-0.555	0.121271
-0.554	0.121747
-0.553	0.122225
-0.552	0.122704
-0.551	0.123186
-0.55	0.123669
-0.549	0.124155
-0.548	0.124642
-0.547	0.125131
-0.546	0.125622
-0.545	0.126115
-0.544	0.12661
-0.543	0.127107
-0.542	0.127606
-0.541	0.128107
-0.54	0.128609
-0.539	0.129114
-0.538	0.129621
-0.537	0.130129
-0.536	0.13064
-0.535	0.131153
-0.534	0.131667
-0.533	0.132184
-0.532	0.132703
-0.531	0.133224
-0.53	0.133747
-0.529	0.134271
-0.528	0.134798
-0.527	0.135327
-0.526	0.135858
-0.525	0.136392
-0.524	0.136927
-0.523	0.137464
-0.522	0.138004
-0.521	0.138546
-0.52	0.139089
-0.519	0.139635
-0.518	0.140183
-0.517	0.140733
-0.516	0.141286
-0.515	0.14184
-0.514	0.142397
-0.513	0.142956
-0.512	0.143517
-0.511	0.14408
-0.51	0.144645
-0.509	0.145213
-0.508	0.145783
-0.507	0.146355
-0.506	0.146929
-0.505	0.147506
-0.504	0.148085
-0.503	0.148666
-0.502	0.14925
-0.501	0.149835
-0.5	0.150423
-0.499	0.151014
-0.498	0.151606
-0.497	0.152201
-0.496	0.152799
-0.495	0.153398
-0.494	0.154
-0.493	0.154605
-0.492	0.155212
-0.491	0.155821
-0.49	0.156432
-0.489	0.157046
-0.488	0.157662
-0.487	0.158281
-0.486	0.158902
-0.485	0.159526
-0.484	0.160152
-0.483	0.16078
-0.482	0.161411
-0.481	0.162045
-0.48	0.162681
-0.479	0.163319
-0.478	0.16396
-0.477	0.164603
-0.476	0.165249
-0.475	0.165898
-0.474	0.166549
-0.473	0.167203
-0.472	0.167859
-0.471	0.168517
-0.47	0.169179
-0.469	0.169843
-0.468	0.170509
-0.467	0.171178
-0.466	0.17185
-0.465	0.172524
-0.464	0.173201
-0.463	0.173881
-0.462	0.174563
-0.461	0.175249
-0.46	0.175936
-0.459	0.176627
-0.458	0.17732
-0.457	0.178016
-0.456	0.178714
-0.455	0.179416
-0.454	0.18012
-0.453	0.180826
-0.452	0.181536
-0.451	0.182249
-0.45	0.182964
-0.449	0.183682
-0.448	0.184403
-0.447	0.185127
-0.446	0.185853
-0.445	0.186582
-0.444	0.187315
-0.443	0.18805
-0.442	0.188788
-0.441	0.189529
-0.44	0.190272
-0.439	0.191019
-0.438	0.191769
-0.437	0.192522
-0.436	0.193277
-0.435	0.194036
-0.434	0.194797
-0.433	0.195562
-0.432	0.196329
-0.431	0.1971
-0.43	0.197873
-0.429	0.19865
-0.428	0.199429
-0.427	0.200212
-0.426	0.200998
-0.425	0.201787
-0.424	0.202579
-0.423	0.203374
-0.422	0.204172
-0.421	0.204973
-0.42	0.205778
-0.419	0.206585
-0.418	0.207396
-0.417	0.20821
-0.416	0.209027
-0.415	0.209848
-0.414	0.210711
-0.413	0.21166
-0.412	0.212696
-0.411	0.213818
-0.41	0.215027
-0.409	0.216325
-0.408	0.217711
-0.407	0.219185
-0.406	0.220747
-0.405	0.222399
-0.404	0.224139
-0.403	0.225968
-0.402	0.227886
-0.401	0.229892
-0.4	0.231986
-0.399	0.234168
-0.398	0.236438
-0.397	0.238793
-0.396	0.241235
-0.395	0.243762
-0.394	0.246375
-0.393	0.24907
-0.392	0.251849
-0.391	0.254709
-0.39	0.25765
-0.389	0.26067
-0.388	0.263769
-0.387	0.266945
-0.386	0.270196
-0.385	0.27352
-0.384	0.276919
-0.383	0.280388
-0.382	0.283926
-0.381	0.287532
-0.38	0.291204
-0.379	0.29494
-0.378	0.298738
-0.377	0.302597
-0.376	0.306513
-0.375	0.310487
-0.374	0.314514
-0.373	0.318593
-0.372	0.322722
-0.371	0.326899
-0.37	0.331122
-0.369	0.335387
-0.368	0.339694
-0.367	0.344038
-0.366	0.34842
-0.365	0.352834
-0.364	0.357306
-0.363	0.36186
-0.362	0.366493
-0.361	0.371202
-0.36	0.375982
-0.359	0.380831
-0.358	0.385747
-0.357	0.390724
-0.356	0.395759
-0.355	0.400849
-0.354	0.405992
-0.353	0.411181
-0.352	0.416415
-0.351	0.42169
-0.35	0.427001
-0.349	0.432346
-0.348	0.43772
-0.347	0.443119
-0.346	0.44854
-0.345	0.45398
-0.344	0.459433
-0.343	0.464896
-0.342	0.470367
-0.341	0.475839
-0.34	0.481311
-0.339	0.486778
-0.338	0.492235
-0.337	0.49768
-0.336	0.503108
-0.335	0.508515
-0.334	0.5139
-0.333	0.519256
-0.332	0.524579
-0.331	0.529868
-0.33	0.535118
-0.329	0.540325
-0.328	0.545485
-0.327	0.550595
-0.326	0.555651
-0.325	0.560651
-0.324	0.565589
-0.323	0.570463
-0.322	0.575269
-0.321	0.580006
-0.32	0.584666
-0.319	0.58925
-0.318	0.593754
-0.317	0.598171
-0.316	0.602504
-0.315	0.606746
-0.314	0.610895
-0.313	0.614948
-0.312	0.618903
-0.311	0.622755
-0.31	0.626505
-0.309	0.630147
-0.308	0.633679
-0.307	0.637101
-0.306	0.640408
-0.305	0.643598
-0.304	0.64667
-0.303	0.649623
-0.302	0.652451
-0.301	0.655155
-0.3	0.657733
-0.299	0.660182
-0.298	0.662501
-0.297	0.66469
-0.296	0.666743
-0.295	0.668665
-0.294	0.67045
-0.293	0.672097
-0.292	0.673608
-0.291	0.674979
-0.29	0.67621
-0.289	0.6773
-0.288	0.67825
-0.287	0.679057
-0.286	0.679722
-0.285	0.680244
-0.284	0.680624
-0.283	0.68086
-0.282	0.680952
-0.281	0.6809
-0.28	0.680707
-0.279	0.680371
-0.278	0.679891
-0.277	0.679269
-0.276	0.678507
-0.275	0.677602
-0.274	0.676557
-0.273	0.675374
-0.272	0.674052
-0.271	0.672592
-0.27	0.670995
-0.269	0.669265
-0.268	0.6674
-0.267	0.665404
-0.266	0.663276
-0.265	0.661019
-0.264	0.658636
-0.263	0.656125
-0.262	0.653493
-0.261	0.650737
-0.26	0.647863
-0.259	0.644871
-0.258	0.641764
-0.257	0.638543
-0.256	0.635212
-0.255	0.631774
-0.254	0.628231
-0.253	0.624584
-0.252	0.620838
-0.251	0.616993
-0.25	0.613055
-0.249	0.609025
-0.248	0.604907
-0.247	0.600704
-0.246	0.596418
-0.245	0.592054
-0.244	0.587612
-0.243	0.583099
-0.242	0.578516
-0.241	0.573867
-0.24	0.569157
-0.239	0.564386
-0.238	0.559561
-0.237	0.554684
-0.236	0.549759
-0.235	0.544788
-0.234	0.539777
-0.233	0.534729
-0.232	0.529647
-0.231	0.524536
-0.23	0.519398
-0.229	0.514238
-0.228	0.509061
-0.227	0.503867
-0.226	0.498664
-0.225	0.493454
-0.224	0.48824
-0.223	0.483028
-0.222	0.47782
-0.221	0.472621
-0.22	0.467433
-0.219	0.462262
-0.218	0.457111
-0.217	0.451984
-0.216	0.446884
-0.215	0.441815
-0.214	0.436781
-0.213	0.431787
-0.212	0.426835
-0.211	0.421928
-0.21	0.417071
-0.209	0.412268
-0.208	0.407522
-0.207	0.402836
-0.206	0.398214
-0.205	0.393658
-0.204	0.389175
-0.203	0.384764
-0.202	0.380431
-0.201	0.376178
-0.2	0.372009
-0.199	0.367927
-0.198	0.363933
-0.197	0.360033
-0.196	0.356228
-0.195	0.352523
-0.194	0.348917
-0.193	0.345417
-0.192	0.342022
-0.191	0.338737
-0.19	0.335562
-0.189	0.332502
-0.188	0.329558
-0.187	0.326733
-0.186	0.324027
-0.185	0.321444
-0.184	0.318986
-0.183	0.316654
-0.182	0.314451
-0.181	0.312376
-0.18	0.310433
-0.179	0.308623
-0.178	0.306949
-0.177	0.305409
-0.176	0.304005
-0.175	0.30274
-0.174	0.301614
-0.173	0.300628
-0.172	0.299781
-0.171	0.299078
-0.17	0.298514
-0.169	0.298095
-0.168	0.297817
-0.167	0.297683
-0.166	0.297692
-0.165	0.297844
-0.164	0.29814
-0.163	0.298579
-0.162	0.299162
-0.161	0.299886
-0.16	0.300754
-0.159	0.301763
-0.158	0.302913
-0.157	0.304203
-0.156	0.305634
-0.155	0.307202
-0.154	0.308909
-0.153	0.310752
-0.152	0.31273
-0.151	0.314842
-0.15	0.317087
-0.149	0.319462
-0.148	0.321967
-0.147	0.324602
-0.146	0.327359
-0.145	0.330242
-0.144	0.333247
-0.143	0.336372
-0.142	0.339613
-0.141	0.342973
-0.14	0.346443
-0.139	0.350025
-0.138	0.353716
-0.137	0.357512
-0.136	0.361412
-0.135	0.365412
-0.134	0.36951
-0.133	0.373702
-0.132	0.377988
-0.131	0.38236
-0.13	0.38682
-0.129	0.391363
-0.128	0.395985
-0.127	0.400683
-0.126	0.405454
-0.125	0.410295
-0.124	0.415202
-0.123	0.420174
-0.122	0.425203
-0.121	0.43029
-0.12	0.435428
-0.119	0.440616
-0.118	0.445847
-0.117	0.451122
-0.116	0.456434
-0.115	0.461779
-0.114	0.467156
-0.113	0.472558
-0.112	0.477984
-0.111	0.483429
-0.11	0.488889
-0.109	0.49436
-0.108	0.499839
-0.107	0.505321
-0.106	0.510803
-0.105	0.516281
-0.104	0.521752
-0.103	0.52721
-0.102	0.532653
-0.101	0.538077
-0.1	0.543477
