-4	0
-3.999	0
-3.998	0
-3.997	0
-3.996	0
-3.995	0
-3.994	0
-3.993	0
-3.992	0
-3.991	0
-3.99	0
-3.989	0
-3.988	0
-3.987	0
-3.986	0
-3.985	0
-3.984	0
-3.983	0
-3.982	0
-3.981	0
-3.98	0
-3.979	0
-3.978	0
-3.977	0
-3.976	0
-3.975	0
-3.974	0
-3.973	0
-3.972	0
-3.971	0
-3.97	0
-3.969	0
-3.968	0
-3.967	0
-3.966	0
-3.965	0
-3.964	0
-3.963	0
-3.962	0
-3.961	0
-3.96	0
-3.959	0
-3.958	0
-3.957	0
-3.956	0
-3.955	0
-3.954	0
-3.953	0
-3.952	0
-3.951	0
-3.95	0
-3.949	0
-3.948	0
-3.947	0
-3.946	0
-3.945	0
-3.944	0
-3.943	0
-3.942	0
-3.941	0
-3.94	0
-3.939	0
-3.938	0
-3.937	0
-3.936	0
-3.935	0
-3.934	0
-3.933	0
-3.932	0
-3.931	0
-3.93	0
-3.929	0
-3.928	0
-3.927	0
-3.926	0
-3.925	0
-3.924	0
-3.923	0
-3.922	0
-3.921	0
-3.92	0
-3.919	0
-3.918	0
-3.917	0
-3.916	0
-3.915	0
-3.914	0
-3.913	0
-3.912	0
-3.911	0
-3.91	0
-3.909	0
-3.908	0
-3.907	0
-3.906	0
-3.905	0
-3.904	0
-3.903	0
-3.902	0
-3.901	0
-3.9	0
-3.899	0
-3.898	0
-3.897	0
-3.896	0
-3.895	0
-3.894	0
-3.893	0
-3.892	0
-3.891	0
-3.89	0
-3.889	0
-3.888	0
-3.887	0
-3.886	0
-3.885	0
-3.884	0
-3.883	0
-3.882	0
-3.881	0
-3.88	0
-3.879	0
-3.878	0
-3.877	0
-3.876	0
-3.875	0
-3.874	0
-3.873	0
-3.872	0
-3.871	0
-3.87	0
-3.869	0
-3.868	0
-3.867	0
-3.866	0
-3.865	0
-3.864	0
-3.863	0
-3.862	0
-3.861	0
-3.86	0
-3.859	0
-3.858	0
-3.857	0
-3.856	0
-3.855	0
-3.854	0
-3.853	0
-3.852	0
-3.851	0
-3.85	0
-3.849	0
-3.848	0
-3.847	0
-3.846	0
-3.845	0
-3.844	0
-3.843	0
-3.842	0
-3.841	0
-3.84	0
-3.839	0
-3.838	0
-3.837	0
-3.836	0
-3.835	0
-3.834	0
-3.833	0
-3.832	0
-3.831	0
-3.83	0
-3.829	0
-3.828	0
-3.827	0
-3.826	0
-3.825	0
-3.824	0
-3.823	0
-3.822	0
-3.821	0
-3.82	0
-3.819	0
-3.818	0
-3.817	0
-3.816	0
-3.815	0
-3.814	0
-3.813	0
-3.812	0
-3.811	0
-3.81	0
-3.809	0
-3.808	0
-3.807	0
-3.806	0
-3.805	0
-3.804	0
-3.803	0
-3.802	0
-3.801	0
-3.8	0
-3.799	0
-3.798	0
-3.797	0
-3.796	0
-3.795	0
-3.794	0
-3.793	0
-3.792	0
-3.791	0
-3.79	0
-3.789	0
-3.788	0
-3.787	0
-3.786	0
-3.785	0
-3.784	0
-3.783	0
-3.782	0
-3.781	0
-3.78	0
-3.779	0
-3.778	0
-3.777	0
-3.776	0
-3.775	0
-3.774	0
-3.773	0
-3.772	0
-3.771	0
-3.77	0
-3.769	0
-3.768	0
-3.767	0
-3.766	0
-3.765	0
-3.764	0
-3.763	0
-3.762	0
-3.761	0
-3.76	0
-3.759	0
-3.758	0
-3.757	0
-3.756	0
-3.755	0
-3.754	0
-3.753	0
-3.752	0
-3.751	0
-3.75	0
-3.749	0
-3.748	0
-3.747	0
-3.746	0
-3.745	0
-3.744	0
-3.743	0
-3.742	0
-3.741	0
-3.74	0
-3.739	0
-3.738	0
-3.737	0
-3.736	0
-3.735	0
-3.734	0
-3.733	0
-3.732	0
-3.731	0
-3.73	0
-3.729	0
-3.728	0
-3.727	0
-3.726	0
-3.725	0
-3.724	0
-3.723	0
-3.722	0
-3.721	0
-3.72	0
-3.719	0
-3.718	0
-3.717	0
-3.716	0
-3.715	0
-3.714	0
-3.713	0
-3.712	0
-3.711	0
-3.71	0
-3.709	0
-3.708	0
-3.707	0
-3.706	0
-3.705	0
-3.704	0
-3.703	0
-3.702	0
-3.701	0
-3.7	0
-3.699	0
-3.698	0
-3.697	0
-3.696	0
-3.695	0
-3.694	0
-3.693	0
-3.692	0
-3.691	0
-3.69	0
-3.689	0
-3.688	0
-3.687	0
-3.686	0
-3.685	0
-3.684	0
-3.683	0
-3.682	0
-3.681	0
-3.68	0
-3.679	0
-3.678	0
-3.677	0
-3.676	0
-3.675	0
-3.674	0
-3.673	0
-3.672	0
-3.671	0
-3.67	0
-3.669	0
-3.668	0
-3.667	0
-3.666	0
-3.665	0
-3.664	0
-3.663	0
-3.662	0
-3.661	0
-3.66	0
-3.659	0
-3.658	0
-3.657	0
-3.656	0
-3.655	0
-3.654	0
-3.653	0
-3.652	0
-3.651	0
-3.65	0
-3.649	0
-3.648	0
-3.647	0
-3.646	0
-3.645	0
-3.644	0
-3.643	0
-3.642	0
-3.641	0
-3.64	0
-3.639	0
-3.638	0
-3.637	0
-3.636	0
-3.635	0
-3.634	0
-3.633	0
-3.632	0
-3.631	0
-3.63	0
-3.629	0
-3.628	0
-3.627	0
-3.626	0
-3.625	0
-3.624	0
-3.623	0
-3.622	0
-3.621	0
-3.62	0
-3.619	0
-3.618	0
-3.617	0
-3.616	0
-3.615	0
-3.614	0
-3.613	0
-3.612	0
-3.611	0
-3.61	0
-3.609	0
-3.608	0
-3.607	0
-3.606	0
-3.605	0
-3.604	0
-3.603	0
-3.602	0
-3.601	0
-3.6	0
-3.599	0
-3.598	0
-3.597	0
-3.596	0
-3.595	0
-3.594	0
-3.593	0
-3.592	0
-3.591	0
-3.59	0
-3.589	0
-3.588	0
-3.587	0
-3.586	0
-3.585	0
-3.584	0
-3.583	0
-3.582	0
-3.581	0
-3.58	0
-3.579	0
-3.578	0
-3.577	0
-3.576	0
-3.575	0
-3.574	0
-3.573	0
-3.572	0
-3.571	0
-3.57	0
-3.569	0
-3.568	0
-3.567	0
-3.566	0
-3.565	0
-3.564	0
-3.563	0
-3.562	0
-3.561	0
-3.56	0
-3.559	0
-3.558	0
-3.557	0
-3.556	0
-3.555	0
-3.554	0
-3.553	0
-3.552	0
-3.551	0
-3.55	0
-3.549	0
-3.548	0
-3.547	0
-3.546	0
-3.545	0
-3.544	0
-3.543	0
-3.542	0
-3.541	0
-3.54	0
-3.539	0
-3.538	0
-3.537	0
-3.536	0
-3.535	0
-3.534	0
-3.533	0
-3.532	0
-3.531	0
-3.53	0
-3.529	0
-3.528	0
-3.527	0
-3.526	0
-3.525	0
-3.524	0
-3.523	0
-3.522	0
-3.521	0
-3.52	0
-3.519	0
-3.518	0
-3.517	0
-3.516	0
-3.515	0
-3.514	0
-3.513	0
-3.512	0
-3.511	0
-3.51	0
-3.509	0
-3.508	0
-3.507	0
-3.506	0
-3.505	0
-3.504	0
-3.503	0
-3.502	0
-3.501	0
-3.5	0
-3.499	0
-3.498	0
-3.497	0
-3.496	0
-3.495	0
-3.494	0
-3.493	0
-3.492	0
-3.491	0
-3.49	0
-3.489	0
-3.488	0
-3.487	0
-3.486	0
-3.485	0
-3.484	0
-3.483	0
-3.482	0
-3.481	0
-3.48	0
-3.479	0
-3.478	0
-3.477	0
-3.476	0
-3.475	0
-3.474	0
-3.473	0
-3.472	0
-3.471	0
-3.47	0
-3.469	0
-3.468	0
-3.467	0
-3.466	0
-3.465	0
-3.464	0
-3.463	0
-3.462	0
-3.461	2.23113e-077
-3.46	1.90578e-076
-3.459	1.99403e-076
-3.458	1.93352e-076
-3.457	2.1152e-076
-3.456	1.85941e-076
-3.455	1.90761e-076
-3.454	2.26529e-076
-3.453	2.38817e-076
-3.452	5.49526e-076
-3.451	1.22495e-075
-3.45	1.0485e-075
-3.449	2.07294e-076
-3.448	2.44334e-077
-3.447	1.29788e-076
-3.446	2.81391e-077
-3.445	0
-3.444	0
-3.443	9.5379e-078
-3.442	9.59427e-078
-3.441	0
-3.44	0
-3.439	2.52356e-077
-3.438	1.40874e-076
-3.437	0
-3.436	1.13923e-077
-3.435	1.73914e-076
-3.434	0
-3.433	0
-3.432	0
-3.431	1.74728e-077
-3.43	0
-3.429	7.13874e-078
-3.428	0
-3.427	0
-3.426	3.34093e-077
-3.425	3.33706e-077
-3.424	0
-3.423	0
-3.422	0
-3.421	0
-3.42	0
-3.419	2.86733e-077
-3.418	0
-3.417	1.23737e-077
-3.416	1.80033e-077
-3.415	1.78615e-076
-3.414	1.88974e-076
-3.413	5.73128e-076
-3.412	2.77763e-076
-3.411	1.35084e-075
-3.41	3.29474e-075
-3.409	6.26753e-075
-3.408	1.2387e-074
-3.407	1.99664e-074
-3.406	3.68519e-074
-3.405	6.58475e-074
-3.404	1.23642e-073
-3.403	1.93491e-073
-3.402	3.41347e-073
-3.401	5.69691e-073
-3.4	9.59549e-073
-3.399	1.60114e-072
-3.398	2.75236e-072
-3.397	4.70528e-072
-3.396	7.92611e-072
-3.395	1.32613e-071
-3.394	2.22432e-071
-3.393	3.72411e-071
-3.392	6.21829e-071
-3.391	1.03259e-070
-3.39	1.7115e-070
-3.389	2.82855e-070
-3.388	4.67125e-070
-3.387	7.72828e-070
-3.386	1.27841e-069
-3.385	2.11798e-069
-3.384	3.50425e-069
-3.383	5.79455e-069
-3.382	9.56918e-069
-3.381	1.57689e-068
-3.38	2.59314e-068
-3.379	4.25727e-068
-3.378	6.97565e-068
-3.377	1.14104e-067
-3.376	1.86306e-067
-3.375	3.03701e-067
-3.374	4.94228e-067
-3.373	8.02922e-067
-3.372	1.30216e-066
-3.371	2.10824e-066
-3.37	3.40739e-066
-3.369	5.49749e-066
-3.368	8.85423e-066
-3.367	1.42358e-065
-3.366	2.28486e-065
-3.365	3.66086e-065
-3.364	5.85528e-065
-3.363	9.34874e-065
-3.362	1.49004e-064
-3.361	2.37072e-064
-3.36	3.76531e-064
-3.359	5.96976e-064
-3.358	9.44817e-064
-3.357	1.4927e-063
-3.356	2.35413e-063
-3.355	3.70611e-063
-3.354	5.8242e-063
-3.353	9.13657e-063
-3.352	1.43073e-062
-3.351	2.23645e-062
-3.35	3.48968e-062
-3.349	5.43545e-062
-3.348	8.45101e-062
-3.347	1.31161e-061
-3.346	2.03198e-061
-3.345	3.14234e-061
-3.344	4.85072e-061
-3.343	7.47439e-061
-3.342	1.14964e-060
-3.341	1.76507e-060
-3.34	2.70504e-060
-3.339	4.13809e-060
-3.338	6.31882e-060
-3.337	9.63124e-060
-3.336	1.46534e-059
-3.335	2.22536e-059
-3.334	3.3734e-059
-3.333	5.10437e-059
-3.332	7.7094e-059
-3.331	1.16226e-058
-3.33	1.74898e-058
-3.329	2.62705e-058
-3.328	3.93868e-058
-3.327	5.8943e-058
-3.326	8.80462e-058
-3.325	1.31276e-057
-3.324	1.95369e-057
-3.323	2.90215e-057
-3.322	4.30306e-057
-3.321	6.36834e-057
-3.32	9.40733e-057
-3.319	1.38706e-056
-3.318	2.04134e-056
-3.317	2.99861e-056
-3.316	4.39656e-056
-3.315	6.43416e-056
-3.314	9.39842e-056
-3.313	1.37026e-055
-3.312	1.99403e-055
-3.311	2.8963e-055
-3.31	4.1989e-055
-3.309	6.07586e-055
-3.308	8.77524e-055
-3.307	1.26499e-054
-3.306	1.8201e-054
-3.305	2.61383e-054
-3.304	3.74658e-054
-3.303	5.36003e-054
-3.302	7.65374e-054
-3.301	1.09082e-053
-3.3	1.55169e-053
-3.299	2.20306e-053
-3.298	3.12191e-053
-3.297	4.41554e-053
-3.296	6.23328e-053
-3.295	8.78249e-053
-3.294	1.23506e-052
-3.293	1.7335e-052
-3.292	2.42843e-052
-3.291	3.39543e-052
-3.29	4.73837e-052
-3.289	6.59975e-052
-3.288	9.17468e-052
-3.287	1.27297e-051
-3.286	1.76282e-051
-3.285	2.43648e-051
-3.284	3.36107e-051
-3.283	4.6276e-051
-3.282	6.3591e-051
-3.281	8.72161e-051
-3.28	1.19388e-050
-3.279	1.63111e-050
-3.278	2.22416e-050
-3.277	3.02699e-050
-3.276	4.11164e-050
-3.275	5.57417e-050
-3.274	7.54232e-050
-3.273	1.01857e-049
-3.272	1.37289e-049
-3.271	1.84688e-049
-3.27	2.47972e-049
-3.269	3.32298e-049
-3.268	4.4444e-049
-3.267	5.93278e-049
-3.266	7.9043e-049
-3.265	1.05107e-048
-3.264	1.39495e-048
-3.263	1.84777e-048
-3.262	2.44286e-048
-3.261	3.22337e-048
-3.26	4.24508e-048
-3.259	5.57988e-048
-3.258	7.32026e-048
-3.257	9.58501e-048
-3.256	1.25263e-047
-3.255	1.63388e-047
-3.254	2.12707e-047
-3.253	2.76383e-047
-3.252	3.58434e-047
-3.251	4.63953e-047
-3.25	5.99389e-047
-3.249	7.72882e-047
-3.248	9.94693e-047
-3.247	1.27773e-046
-3.246	1.63817e-046
-3.245	2.09631e-046
-3.244	2.67748e-046
-3.243	3.41329e-046
-3.242	4.34309e-046
-3.241	5.51573e-046
-3.24	6.99177e-046
-3.239	8.84614e-046
-3.238	1.11713e-045
-3.237	1.40811e-045
-3.236	1.77156e-045
-3.235	2.22465e-045
-3.234	2.78841e-045
-3.233	3.48852e-045
-3.232	4.3563e-045
-3.231	5.42985e-045
-3.23	6.75543e-045
-3.229	8.38908e-045
-3.228	1.03986e-044
-3.227	1.28657e-044
-3.226	1.58889e-044
-3.225	1.95865e-044
-3.224	2.41004e-044
-3.223	2.96005e-044
-3.222	3.62896e-044
-3.221	4.44093e-044
-3.22	5.42473e-044
-3.219	6.61447e-044
-3.218	8.05057e-044
-3.217	9.78082e-044
-3.216	1.18616e-043
-3.215	1.43591e-043
-3.214	1.73514e-043
-3.213	2.09298e-043
-3.212	2.52011e-043
-3.211	3.02899e-043
-3.21	3.63417e-043
-3.209	4.35252e-043
-3.208	5.20362e-043
-3.207	6.21014e-043
-3.206	7.39825e-043
-3.205	8.79812e-043
-3.204	1.04444e-042
-3.203	1.23769e-042
-3.202	1.46413e-042
-3.201	1.72894e-042
-3.2	2.03806e-042
-3.199	2.39823e-042
-3.198	2.81709e-042
-3.197	3.30331e-042
-3.196	3.86664e-042
-3.195	4.51809e-042
-3.194	5.27003e-042
-3.193	6.13627e-042
-3.192	7.13233e-042
-3.191	8.27543e-042
-3.19	9.58475e-042
-3.189	1.10815e-041
-3.188	1.27893e-041
-3.187	1.47339e-041
-3.186	1.69439e-041
-3.185	1.94503e-041
-3.184	2.22871e-041
-3.183	2.54913e-041
-3.182	2.9103e-041
-3.181	3.31653e-041
-3.18	3.77248e-041
-3.179	4.28312e-041
-3.178	4.85374e-041
-3.177	5.48995e-041
-3.176	6.19766e-041
-3.175	6.98306e-041
-3.174	7.8526e-041
-3.173	8.81289e-041
-3.172	9.87075e-041
-3.171	1.10331e-040
-3.17	1.23067e-040
-3.169	1.36984e-040
-3.168	1.52149e-040
-3.167	1.68623e-040
-3.166	1.86463e-040
-3.165	2.05721e-040
-3.164	2.26437e-040
-3.163	2.48643e-040
-3.162	2.72353e-040
-3.161	2.9757e-040
-3.16	3.24272e-040
-3.159	3.52415e-040
-3.158	3.81931e-040
-3.157	4.12717e-040
-3.156	4.4464e-040
-3.155	4.77522e-040
-3.154	5.11146e-040
-3.153	5.45247e-040
-3.152	5.79508e-040
-3.151	6.13558e-040
-3.15	6.46964e-040
-3.149	6.79235e-040
-3.148	7.0982e-040
-3.147	7.38102e-040
-3.146	7.63408e-040
-3.145	7.85003e-040
-3.144	8.02111e-040
-3.143	8.13914e-040
-3.142	8.19571e-040
-3.141	8.18244e-040
-3.14	8.09113e-040
-3.139	7.91426e-040
-3.138	7.64526e-040
-3.137	7.27923e-040
-3.136	6.81353e-040
-3.135	6.24856e-040
-3.134	5.58888e-040
-3.133	4.8443e-040
-3.132	4.03144e-040
-3.131	3.17531e-040
-3.13	2.31147e-040
-3.129	1.48833e-040
-3.128	7.69993e-041
-3.127	2.39504e-041
-3.126	2.69842e-043
-3.125	1.926e-041
-3.124	9.74557e-041
-3.123	2.55213e-040
-3.122	5.17392e-040
-3.121	9.14137e-040
-3.12	1.48177e-039
-3.119	2.2638e-039
-3.118	3.31211e-039
-3.117	4.68827e-039
-3.116	6.46504e-039
-3.115	8.72806e-039
-3.114	1.15778e-038
-3.113	1.51318e-038
-3.112	1.95269e-038
-3.111	2.49223e-038
-3.11	3.15024e-038
-3.109	3.94807e-038
-3.108	4.91031e-038
-3.107	6.06527e-038
-3.106	7.44547e-038
-3.105	9.08816e-038
-3.104	1.1036e-037
-3.103	1.33375e-037
-3.102	1.60482e-037
-3.101	1.92311e-037
-3.1	2.29579e-037
-3.099	2.73096e-037
-3.098	3.23783e-037
-3.097	3.82676e-037
-3.096	4.5095e-037
-3.095	5.29925e-037
-3.094	6.21088e-037
-3.093	7.26113e-037
-3.092	8.46875e-037
-3.091	9.8548e-037
-3.09	1.14429e-036
-3.089	1.32593e-036
-3.088	1.53336e-036
-3.087	1.76986e-036
-3.086	2.0391e-036
-3.085	2.34517e-036
-3.084	2.6926e-036
-3.083	3.08645e-036
-3.082	3.53233e-036
-3.081	4.03646e-036
-3.08	4.60573e-036
-3.079	5.24777e-036
-3.078	5.97104e-036
-3.077	6.78485e-036
-3.076	7.69952e-036
-3.075	8.72643e-036
-3.074	9.87809e-036
-3.073	1.11683e-035
-3.072	1.26123e-035
-3.071	1.42268e-035
-3.07	1.60302e-035
-3.069	1.80426e-035
-3.068	2.02861e-035
-3.067	2.2785e-035
-3.066	2.55658e-035
-3.065	2.86578e-035
-3.064	3.20927e-035
-3.063	3.59053e-035
-3.062	4.01336e-035
-3.061	4.48192e-035
-3.06	5.00073e-035
-3.059	5.57474e-035
-3.058	6.20932e-035
-3.057	6.91033e-035
-3.056	7.68416e-035
-3.055	8.53773e-035
-3.054	9.47859e-035
-3.053	1.05149e-034
-3.052	1.16556e-034
-3.051	1.29103e-034
-3.05	1.42895e-034
-3.049	1.58044e-034
-3.048	1.74675e-034
-3.047	1.92919e-034
-3.046	2.1292e-034
-3.045	2.34834e-034
-3.044	2.60609e-034
-3.043	2.92857e-034
-3.042	3.32732e-034
-3.041	3.8165e-034
-3.04	4.41333e-034
-3.039	5.13868e-034
-3.038	6.01763e-034
-3.037	7.08031e-034
-3.036	8.36282e-034
-3.035	9.90834e-034
-3.034	1.17684e-033
-3.033	1.40045e-033
-3.032	1.66898e-033
-3.031	1.99114e-033
-3.03	2.37731e-033
-3.029	2.83977e-033
-3.028	3.39317e-033
-3.027	4.05481e-033
-3.026	4.84523e-033
-3.025	5.7888e-033
-3.024	6.91424e-033
-3.023	8.25566e-033
-3.022	9.8533e-033
-3.021	1.17547e-032
-3.02	1.40158e-032
-3.019	1.67029e-032
-3.018	1.9894e-032
-3.017	2.36808e-032
-3.016	2.81712e-032
-3.015	3.34923e-032
-3.014	3.97937e-032
-3.013	4.72506e-032
-3.012	5.60685e-032
-3.011	6.64892e-032
-3.01	7.87957e-032
-3.009	9.33187e-032
-3.008	1.10446e-031
-3.007	1.30632e-031
-3.006	1.54407e-031
-3.005	1.8239e-031
-3.004	2.15304e-031
-3.003	2.53992e-031
-3.002	2.99439e-031
-3.001	3.52789e-031
-3	4.15378e-031
-2.999	4.88757e-031
-2.998	5.74728e-031
-2.997	6.7539e-031
-2.996	7.93182e-031
-2.995	9.30921e-031
-2.994	1.0919e-030
-2.993	1.27989e-030
-2.992	1.49932e-030
-2.991	1.75527e-030
-2.99	2.05361e-030
-2.989	2.40119e-030
-2.988	2.80584e-030
-2.987	3.27666e-030
-2.986	3.82411e-030
-2.985	4.4603e-030
-2.984	5.19911e-030
-2.983	6.0566e-030
-2.982	7.05121e-030
-2.981	8.20415e-030
-2.98	9.53982e-030
-2.979	1.10861e-029
-2.978	1.28754e-029
-2.977	1.49444e-029
-2.976	1.73354e-029
-2.975	2.00967e-029
-2.974	2.32841e-029
-2.973	2.69607e-029
-2.972	3.11993e-029
-2.971	3.60827e-029
-2.97	4.17055e-029
-2.969	4.8176e-029
-2.968	5.5617e-029
-2.967	6.41696e-029
-2.966	7.3993e-029
-2.965	8.52699e-029
-2.964	9.82073e-029
-2.963	1.13041e-028
-2.962	1.30038e-028
-2.961	1.49503e-028
-2.96	1.71779e-028
-2.959	1.97259e-028
-2.958	2.26384e-028
-2.957	2.5966e-028
-2.956	2.97649e-028
-2.955	3.40995e-028
-2.954	3.90424e-028
-2.953	4.46757e-028
-2.952	5.10917e-028
-2.951	5.83948e-028
-2.95	6.67024e-028
-2.949	7.61475e-028
-2.948	8.68786e-028
-2.947	9.90639e-028
-2.946	1.12892e-027
-2.945	1.28574e-027
-2.944	1.46348e-027
-2.943	1.66482e-027
-2.942	1.89273e-027
-2.941	2.15058e-027
-2.94	2.44212e-027
-2.939	2.77151e-027
-2.938	3.1435e-027
-2.937	3.56329e-027
-2.936	4.03673e-027
-2.935	4.57037e-027
-2.934	5.17146e-027
-2.933	5.84812e-027
-2.932	6.60931e-027
-2.931	7.46518e-027
-2.93	8.42676e-027
-2.929	9.50652e-027
-2.928	1.07181e-026
-2.927	1.20768e-026
-2.926	1.35995e-026
-2.925	1.5305e-026
-2.924	1.72136e-026
-2.923	1.93485e-026
-2.922	2.1735e-026
-2.921	2.44005e-026
-2.92	2.7376e-026
-2.919	3.06956e-026
-2.918	3.43961e-026
-2.917	3.85186e-026
-2.916	4.3108e-026
-2.915	4.8214e-026
-2.914	5.38908e-026
-2.913	6.01969e-026
-2.912	6.7199e-026
-2.911	7.49667e-026
-2.91	8.35792e-026
-2.909	9.31193e-026
-2.908	1.03681e-025
-2.907	1.15365e-025
-2.906	1.28281e-025
-2.905	1.42549e-025
-2.904	1.58297e-025
-2.903	1.75666e-025
-2.902	1.94812e-025
-2.901	2.15893e-025
-2.9	2.39093e-025
-2.899	2.64601e-025
-2.898	2.92631e-025
-2.897	3.23398e-025
-2.896	3.57148e-025
-2.895	3.94139e-025
-2.894	4.34645e-025
-2.893	4.78972e-025
-2.892	5.27422e-025
-2.891	5.80348e-025
-2.89	6.38109e-025
-2.889	7.01088e-025
-2.888	7.69697e-025
-2.887	8.44359e-025
-2.886	9.25549e-025
-2.885	1.01374e-024
-2.884	1.10945e-024
-2.883	1.21323e-024
-2.882	1.32558e-024
-2.881	1.4472e-024
-2.88	1.57861e-024
-2.879	1.7205e-024
-2.878	1.87353e-024
-2.877	2.03837e-024
-2.876	2.21575e-024
-2.875	2.40641e-024
-2.874	2.61109e-024
-2.873	2.83052e-024
-2.872	3.06548e-024
-2.871	3.3168e-024
-2.87	3.5852e-024
-2.869	3.87142e-024
-2.868	4.17634e-024
-2.867	4.50058e-024
-2.866	4.8449e-024
-2.865	5.20996e-024
-2.864	5.59646e-024
-2.863	6.00489e-024
-2.862	6.43579e-024
-2.861	6.88965e-024
-2.86	7.36669e-024
-2.859	7.86724e-024
-2.858	8.39135e-024
-2.857	8.93898e-024
-2.856	9.51004e-024
-2.855	1.01042e-023
-2.854	1.07207e-023
-2.853	1.13592e-023
-2.852	1.20183e-023
-2.851	1.26973e-023
-2.85	1.33943e-023
-2.849	1.41082e-023
-2.848	1.48367e-023
-2.847	1.55777e-023
-2.846	1.6329e-023
-2.845	1.70876e-023
-2.844	1.78512e-023
-2.843	1.8616e-023
-2.842	1.93793e-023
-2.841	2.01376e-023
-2.84	2.0888e-023
-2.839	2.16264e-023
-2.838	2.23499e-023
-2.837	2.30565e-023
-2.836	2.37429e-023
-2.835	2.44076e-023
-2.834	2.50499e-023
-2.833	2.56704e-023
-2.832	2.62708e-023
-2.831	2.68535e-023
-2.83	2.74272e-023
-2.829	2.79993e-023
-2.828	2.85819e-023
-2.827	2.91928e-023
-2.826	2.98518e-023
-2.825	3.05883e-023
-2.824	3.14356e-023
-2.823	3.24357e-023
-2.822	3.36407e-023
-2.821	3.51138e-023
-2.82	3.69298e-023
-2.819	3.91789e-023
-2.818	4.19674e-023
-2.817	4.54208e-023
-2.816	4.96862e-023
-2.815	5.49356e-023
-2.814	6.13696e-023
-2.813	6.92184e-023
-2.812	7.87488e-023
-2.811	9.02685e-023
-2.81	1.0413e-022
-2.809	1.20733e-022
-2.808	1.40539e-022
-2.807	1.64067e-022
-2.806	1.91907e-022
-2.805	2.24727e-022
-2.804	2.63283e-022
-2.803	3.08413e-022
-2.802	3.61075e-022
-2.801	4.2234e-022
-2.8	4.93396e-022
-2.799	5.75557e-022
-2.798	6.70336e-022
-2.797	7.79342e-022
-2.796	9.04436e-022
-2.795	1.0476e-021
-2.794	1.21109e-021
-2.793	1.39735e-021
-2.792	1.60911e-021
-2.791	1.84932e-021
-2.79	2.12126e-021
-2.789	2.42843e-021
-2.788	2.77485e-021
-2.787	3.16463e-021
-2.786	3.60247e-021
-2.785	4.09337e-021
-2.784	4.64274e-021
-2.783	5.25646e-021
-2.782	5.94087e-021
-2.781	6.7028e-021
-2.78	7.5496e-021
-2.779	8.48907e-021
-2.778	9.52967e-021
-2.777	1.06803e-020
-2.776	1.19506e-020
-2.775	1.33506e-020
-2.774	1.48911e-020
-2.773	1.65834e-020
-2.772	1.84394e-020
-2.771	2.04717e-020
-2.77	2.26933e-020
-2.769	2.51177e-020
-2.768	2.77593e-020
-2.767	3.06326e-020
-2.766	3.37525e-020
-2.765	3.71348e-020
-2.764	4.07948e-020
-2.763	4.47487e-020
-2.762	4.90124e-020
-2.761	5.36019e-020
-2.76	5.85327e-020
-2.759	6.38208e-020
-2.758	6.9481e-020
-2.757	7.55276e-020
-2.756	8.19744e-020
-2.755	8.88325e-020
-2.754	9.61143e-020
-2.753	1.03829e-019
-2.752	1.11982e-019
-2.751	1.20581e-019
-2.75	1.29627e-019
-2.749	1.39118e-019
-2.748	1.49054e-019
-2.747	1.59425e-019
-2.746	1.70221e-019
-2.745	1.81427e-019
-2.744	1.93019e-019
-2.743	2.04979e-019
-2.742	2.17274e-019
-2.741	2.29867e-019
-2.74	2.42723e-019
-2.739	2.55792e-019
-2.738	2.69027e-019
-2.737	2.82371e-019
-2.736	2.95771e-019
-2.735	3.09158e-019
-2.734	3.22474e-019
-2.733	3.35653e-019
-2.732	3.48632e-019
-2.731	3.61354e-019
-2.73	3.73767e-019
-2.729	3.85825e-019
-2.728	3.97507e-019
-2.727	4.08796e-019
-2.726	4.19717e-019
-2.725	4.30315e-019
-2.724	4.40686e-019
-2.723	4.50972e-019
-2.722	4.61371e-019
-2.721	4.72167e-019
-2.72	4.83732e-019
-2.719	4.96531e-019
-2.718	5.1118e-019
-2.717	5.28424e-019
-2.716	5.49196e-019
-2.715	5.74608e-019
-2.714	6.05531e-019
-2.713	6.42339e-019
-2.712	6.85639e-019
-2.711	7.361e-019
-2.71	7.94457e-019
-2.709	8.61511e-019
-2.708	9.38129e-019
-2.707	1.02525e-018
-2.706	1.12389e-018
-2.705	1.23514e-018
-2.704	1.36015e-018
-2.703	1.50017e-018
-2.702	1.65652e-018
-2.701	1.83059e-018
-2.7	2.02385e-018
-2.699	2.23787e-018
-2.698	2.47425e-018
-2.697	2.73471e-018
-2.696	3.02102e-018
-2.695	3.33501e-018
-2.694	3.67859e-018
-2.693	4.05373e-018
-2.692	4.46243e-018
-2.691	4.90677e-018
-2.69	5.38888e-018
-2.689	5.91089e-018
-2.688	6.47499e-018
-2.687	7.08339e-018
-2.686	7.73831e-018
-2.685	8.44196e-018
-2.684	9.19657e-018
-2.683	1.00043e-017
-2.682	1.08674e-017
-2.681	1.17879e-017
-2.68	1.27679e-017
-2.679	1.38094e-017
-2.678	1.49143e-017
-2.677	1.60843e-017
-2.676	1.73211e-017
-2.675	1.86263e-017
-2.674	2.00013e-017
-2.673	2.14472e-017
-2.672	2.2965e-017
-2.671	2.45557e-017
-2.67	2.62197e-017
-2.669	2.79573e-017
-2.668	2.97688e-017
-2.667	3.16539e-017
-2.666	3.36121e-017
-2.665	3.56426e-017
-2.664	3.77443e-017
-2.663	3.99158e-017
-2.662	4.21552e-017
-2.661	4.44603e-017
-2.66	4.68286e-017
-2.659	4.92569e-017
-2.658	5.1742e-017
-2.657	5.42799e-017
-2.656	5.68665e-017
-2.655	5.9497e-017
-2.654	6.21663e-017
-2.653	6.4869e-017
-2.652	6.75989e-017
-2.651	7.03497e-017
-2.65	7.31144e-017
-2.649	7.5886e-017
-2.648	7.86565e-017
-2.647	8.14182e-017
-2.646	8.41622e-017
-2.645	8.68799e-017
-2.644	8.95623e-017
-2.643	9.21996e-017
-2.642	9.47826e-017
-2.641	9.73012e-017
-2.64	9.97451e-017
-2.639	1.02104e-016
-2.638	1.04369e-016
-2.637	1.06529e-016
-2.636	1.08573e-016
-2.635	1.10492e-016
-2.634	1.12275e-016
-2.633	1.13914e-016
-2.632	1.15399e-016
-2.631	1.16721e-016
-2.63	1.17872e-016
-2.629	1.18845e-016
-2.628	1.19632e-016
-2.627	1.20228e-016
-2.626	1.20627e-016
-2.625	1.20827e-016
-2.624	1.20823e-016
-2.623	1.20615e-016
-2.622	1.20203e-016
-2.621	1.19589e-016
-2.62	1.18775e-016
-2.619	1.17768e-016
-2.618	1.16574e-016
-2.617	1.15204e-016
-2.616	1.13668e-016
-2.615	1.1198e-016
-2.614	1.10158e-016
-2.613	1.0822e-016
-2.612	1.06188e-016
-2.611	1.04087e-016
-2.61	1.01945e-016
-2.609	9.97922e-017
-2.608	9.76623e-017
-2.607	9.55927e-017
-2.606	9.36239e-017
-2.605	9.18e-017
-2.604	9.01684e-017
-2.603	8.87798e-017
-2.602	8.76892e-017
-2.601	8.69542e-017
-2.6	8.66367e-017
-2.599	8.68017e-017
-2.598	8.75183e-017
-2.597	8.88584e-017
-2.596	9.08977e-017
-2.595	9.37153e-017
-2.594	9.73932e-017
-2.593	1.02017e-016
-2.592	1.07674e-016
-2.591	1.14456e-016
-2.59	1.22456e-016
-2.589	1.3177e-016
-2.588	1.42495e-016
-2.587	1.54732e-016
-2.586	1.68581e-016
-2.585	1.84144e-016
-2.584	2.01524e-016
-2.583	2.20825e-016
-2.582	2.42149e-016
-2.581	2.656e-016
-2.58	2.91278e-016
-2.579	3.19285e-016
-2.578	3.49719e-016
-2.577	3.82675e-016
-2.576	4.18246e-016
-2.575	4.56521e-016
-2.574	4.97586e-016
-2.573	5.41519e-016
-2.572	5.88396e-016
-2.571	6.38284e-016
-2.57	6.91245e-016
-2.569	7.47333e-016
-2.568	8.06592e-016
-2.567	8.69061e-016
-2.566	9.34766e-016
-2.565	1.00372e-015
-2.564	1.07594e-015
-2.563	1.15141e-015
-2.562	1.23012e-015
-2.561	1.31203e-015
-2.56	1.3971e-015
-2.559	1.48528e-015
-2.558	1.57649e-015
-2.557	1.67064e-015
-2.556	1.76764e-015
-2.555	1.86737e-015
-2.554	1.96968e-015
-2.553	2.07444e-015
-2.552	2.18147e-015
-2.551	2.29059e-015
-2.55	2.4016e-015
-2.549	2.51428e-015
-2.548	2.6284e-015
-2.547	2.74371e-015
-2.546	2.85994e-015
-2.545	2.97681e-015
-2.544	3.09403e-015
-2.543	3.21127e-015
-2.542	3.32823e-015
-2.541	3.44456e-015
-2.54	3.55991e-015
-2.539	3.67393e-015
-2.538	3.78625e-015
-2.537	3.89647e-015
-2.536	4.00425e-015
-2.535	4.10917e-015
-2.534	4.21085e-015
-2.533	4.3089e-015
-2.532	4.40293e-015
-2.531	4.49257e-015
-2.53	4.57742e-015
-2.529	4.65714e-015
-2.528	4.73136e-015
-2.527	4.79974e-015
-2.526	4.86194e-015
-2.525	4.91768e-015
-2.524	4.96667e-015
-2.523	5.00866e-015
-2.522	5.04344e-015
-2.521	5.07081e-015
-2.52	5.09063e-015
-2.519	5.1028e-015
-2.518	5.10725e-015
-2.517	5.10399e-015
-2.516	5.09304e-015
-2.515	5.07453e-015
-2.514	5.04861e-015
-2.513	5.01549e-015
-2.512	4.9755e-015
-2.511	4.929e-015
-2.51	4.87644e-015
-2.509	4.81837e-015
-2.508	4.75537e-015
-2.507	4.68816e-015
-2.506	4.61752e-015
-2.505	4.54435e-015
-2.504	4.46961e-015
-2.503	4.3944e-015
-2.502	4.31988e-015
-2.501	4.24737e-015
-2.5	4.17821e-015
-2.499	4.11392e-015
-2.498	4.0561e-015
-2.497	4.00645e-015
-2.496	3.96676e-015
-2.495	3.93898e-015
-2.494	3.92512e-015
-2.493	3.92729e-015
-2.492	3.94774e-015
-2.491	3.98877e-015
-2.49	4.05281e-015
-2.489	4.14236e-015
-2.488	4.26001e-015
-2.487	4.40844e-015
-2.486	4.59038e-015
-2.485	4.80865e-015
-2.484	5.06611e-015
-2.483	5.36569e-015
-2.482	5.71035e-015
-2.481	6.1031e-015
-2.48	6.54695e-015
-2.479	7.04492e-015
-2.478	7.60005e-015
-2.477	8.21535e-015
-2.476	8.8938e-015
-2.475	9.63838e-015
-2.474	1.04519e-014
-2.473	1.13373e-014
-2.472	1.22972e-014
-2.471	1.33344e-014
-2.47	1.44512e-014
-2.469	1.56501e-014
-2.468	1.69333e-014
-2.467	1.83029e-014
-2.466	1.97607e-014
-2.465	2.13085e-014
-2.464	2.29475e-014
-2.463	2.46791e-014
-2.462	2.65041e-014
-2.461	2.84232e-014
-2.46	3.04368e-014
-2.459	3.25449e-014
-2.458	3.47472e-014
-2.457	3.70431e-014
-2.456	3.94315e-014
-2.455	4.19112e-014
-2.454	4.44803e-014
-2.453	4.71367e-014
-2.452	4.98777e-014
-2.451	5.27005e-014
-2.45	5.56015e-014
-2.449	5.8577e-014
-2.448	6.16225e-014
-2.447	6.47334e-014
-2.446	6.79044e-014
-2.445	7.11299e-014
-2.444	7.44036e-014
-2.443	7.77194e-014
-2.442	8.10698e-014
-2.441	8.44478e-014
-2.44	8.78456e-014
-2.439	9.12549e-014
-2.438	9.46676e-014
-2.437	9.80744e-014
-2.436	1.01466e-013
-2.435	1.04834e-013
-2.434	1.08167e-013
-2.433	1.11456e-013
-2.432	1.14692e-013
-2.431	1.17863e-013
-2.43	1.20959e-013
-2.429	1.2397e-013
-2.428	1.26886e-013
-2.427	1.29696e-013
-2.426	1.3239e-013
-2.425	1.34959e-013
-2.424	1.37393e-013
-2.423	1.39681e-013
-2.422	1.41816e-013
-2.421	1.43788e-013
-2.42	1.4559e-013
-2.419	1.47215e-013
-2.418	1.48656e-013
-2.417	1.49908e-013
-2.416	1.50964e-013
-2.415	1.51822e-013
-2.414	1.52478e-013
-2.413	1.52931e-013
-2.412	1.53181e-013
-2.411	1.53228e-013
-2.41	1.53074e-013
-2.409	1.52722e-013
-2.408	1.52179e-013
-2.407	1.51451e-013
-2.406	1.50547e-013
-2.405	1.49478e-013
-2.404	1.48254e-013
-2.403	1.46893e-013
-2.402	1.45408e-013
-2.401	1.43819e-013
-2.4	1.42146e-013
-2.399	1.40412e-013
-2.398	1.38642e-013
-2.397	1.36863e-013
-2.396	1.35105e-013
-2.395	1.33399e-013
-2.394	1.31779e-013
-2.393	1.30282e-013
-2.392	1.28947e-013
-2.391	1.27813e-013
-2.39	1.26926e-013
-2.389	1.2633e-013
-2.388	1.26072e-013
-2.387	1.26203e-013
-2.386	1.26773e-013
-2.385	1.27837e-013
-2.384	1.29449e-013
-2.383	1.31666e-013
-2.382	1.34548e-013
-2.381	1.38153e-013
-2.38	1.42543e-013
-2.379	1.4778e-013
-2.378	1.53926e-013
-2.377	1.61047e-013
-2.376	1.69204e-013
-2.375	1.78463e-013
-2.374	1.88888e-013
-2.373	2.00542e-013
-2.372	2.13488e-013
-2.371	2.27789e-013
-2.37	2.43506e-013
-2.369	2.60699e-013
-2.368	2.79425e-013
-2.367	2.99739e-013
-2.366	3.21695e-013
-2.365	3.45345e-013
-2.364	3.70733e-013
-2.363	3.97905e-013
-2.362	4.26899e-013
-2.361	4.57753e-013
-2.36	4.90496e-013
-2.359	5.25156e-013
-2.358	5.61753e-013
-2.357	6.00303e-013
-2.356	6.40815e-013
-2.355	6.83292e-013
-2.354	7.27733e-013
-2.353	7.74125e-013
-2.352	8.22452e-013
-2.351	8.72689e-013
-2.35	9.24805e-013
-2.349	9.7876e-013
-2.348	1.0345e-012
-2.347	1.09198e-012
-2.346	1.15113e-012
-2.345	1.21187e-012
-2.344	1.27413e-012
-2.343	1.33782e-012
-2.342	1.40283e-012
-2.341	1.46906e-012
-2.34	1.53639e-012
-2.339	1.6047e-012
-2.338	1.67386e-012
-2.337	1.74373e-012
-2.336	1.81416e-012
-2.335	1.88499e-012
-2.334	1.95607e-012
-2.333	2.02723e-012
-2.332	2.09829e-012
-2.331	2.16908e-012
-2.33	2.2394e-012
-2.329	2.30908e-012
-2.328	2.37791e-012
-2.327	2.44571e-012
-2.326	2.51229e-012
-2.325	2.57743e-012
-2.324	2.64096e-012
-2.323	2.70266e-012
-2.322	2.76235e-012
-2.321	2.81984e-012
-2.32	2.87493e-012
-2.319	2.92746e-012
-2.318	2.97724e-012
-2.317	3.02411e-012
-2.316	3.06791e-012
-2.315	3.1085e-012
-2.314	3.14574e-012
-2.313	3.17951e-012
-2.312	3.20971e-012
-2.311	3.23625e-012
-2.31	3.25905e-012
-2.309	3.27806e-012
-2.308	3.29326e-012
-2.307	3.30464e-012
-2.306	3.31219e-012
-2.305	3.31596e-012
-2.304	3.31603e-012
-2.303	3.31246e-012
-2.302	3.3054e-012
-2.301	3.29499e-012
-2.3	3.28141e-012
-2.299	3.26487e-012
-2.298	3.24561e-012
-2.297	3.22393e-012
-2.296	3.20012e-012
-2.295	3.17454e-012
-2.294	3.14758e-012
-2.293	3.11966e-012
-2.292	3.09123e-012
-2.291	3.06279e-012
-2.29	3.03487e-012
-2.289	3.00804e-012
-2.288	2.9829e-012
-2.287	2.96009e-012
-2.286	2.94028e-012
-2.285	2.92419e-012
-2.284	2.91256e-012
-2.283	2.90615e-012
-2.282	2.90578e-012
-2.281	2.91228e-012
-2.28	2.9265e-012
-2.279	2.94935e-012
-2.278	2.98171e-012
-2.277	3.02453e-012
-2.276	3.07874e-012
-2.275	3.14531e-012
-2.274	3.22522e-012
-2.273	3.31944e-012
-2.272	3.42896e-012
-2.271	3.55478e-012
-2.27	3.69788e-012
-2.269	3.85923e-012
-2.268	4.0398e-012
-2.267	4.24057e-012
-2.266	4.46245e-012
-2.265	4.70638e-012
-2.264	4.97321e-012
-2.263	5.26382e-012
-2.262	5.57901e-012
-2.261	5.91955e-012
-2.26	6.28617e-012
-2.259	6.67954e-012
-2.258	7.10025e-012
-2.257	7.54887e-012
-2.256	8.02589e-012
-2.255	8.53171e-012
-2.254	9.06665e-012
-2.253	9.63098e-012
-2.252	1.02248e-011
-2.251	1.08483e-011
-2.25	1.15014e-011
-2.249	1.21839e-011
-2.248	1.28957e-011
-2.247	1.36364e-011
-2.246	1.44056e-011
-2.245	1.52026e-011
-2.244	1.6027e-011
-2.243	1.68778e-011
-2.242	1.77542e-011
-2.241	1.86552e-011
-2.24	1.95796e-011
-2.239	2.05261e-011
-2.238	2.14934e-011
-2.237	2.248e-011
-2.236	2.34844e-011
-2.235	2.45046e-011
-2.234	2.55389e-011
-2.233	2.65856e-011
-2.232	2.76422e-011
-2.231	2.87069e-011
-2.23	2.97774e-011
-2.229	3.08513e-011
-2.228	3.19262e-011
-2.227	3.29996e-011
-2.226	3.4069e-011
-2.225	3.51319e-011
-2.224	3.61855e-011
-2.223	3.72272e-011
-2.222	3.82543e-011
-2.221	3.92641e-011
-2.22	4.02538e-011
-2.219	4.12208e-011
-2.218	4.21624e-011
-2.217	4.30759e-011
-2.216	4.39589e-011
-2.215	4.48086e-011
-2.214	4.56228e-011
-2.213	4.63992e-011
-2.212	4.71356e-011
-2.211	4.78298e-011
-2.21	4.84799e-011
-2.209	4.90842e-011
-2.208	4.96413e-011
-2.207	5.01496e-011
-2.206	5.06081e-011
-2.205	5.10159e-011
-2.204	5.13725e-011
-2.203	5.16772e-011
-2.202	5.19302e-011
-2.201	5.21317e-011
-2.2	5.22821e-011
-2.199	5.23825e-011
-2.198	5.2434e-011
-2.197	5.2438e-011
-2.196	5.23968e-011
-2.195	5.23125e-011
-2.194	5.21879e-011
-2.193	5.20261e-011
-2.192	5.18308e-011
-2.191	5.16058e-011
-2.19	5.13556e-011
-2.189	5.1085e-011
-2.188	5.07993e-011
-2.187	5.0504e-011
-2.186	5.02052e-011
-2.185	4.99096e-011
-2.184	4.96242e-011
-2.183	4.9356e-011
-2.182	4.91129e-011
-2.181	4.89033e-011
-2.18	4.87354e-011
-2.179	4.86182e-011
-2.178	4.85606e-011
-2.177	4.85726e-011
-2.176	4.86637e-011
-2.175	4.88442e-011
-2.174	4.91243e-011
-2.173	4.95147e-011
-2.172	5.00261e-011
-2.171	5.06694e-011
-2.17	5.14555e-011
-2.169	5.23958e-011
-2.168	5.35011e-011
-2.167	5.47828e-011
-2.166	5.62518e-011
-2.165	5.79193e-011
-2.164	5.97961e-011
-2.163	6.18929e-011
-2.162	6.42203e-011
-2.161	6.67882e-011
-2.16	6.96069e-011
-2.159	7.26855e-011
-2.158	7.60331e-011
-2.157	7.96583e-011
-2.156	8.35693e-011
-2.155	8.77734e-011
-2.154	9.22774e-011
-2.153	9.70874e-011
-2.152	1.02209e-010
-2.151	1.07646e-010
-2.15	1.13403e-010
-2.149	1.19482e-010
-2.148	1.25886e-010
-2.147	1.32615e-010
-2.146	1.39669e-010
-2.145	1.47048e-010
-2.144	1.54748e-010
-2.143	1.62767e-010
-2.142	1.711e-010
-2.141	1.79741e-010
-2.14	1.88683e-010
-2.139	1.97919e-010
-2.138	2.07439e-010
-2.137	2.17233e-010
-2.136	2.27289e-010
-2.135	2.37593e-010
-2.134	2.48133e-010
-2.133	2.58891e-010
-2.132	2.69853e-010
-2.131	2.81e-010
-2.13	2.92313e-010
-2.129	3.03772e-010
-2.128	3.15357e-010
-2.127	3.27047e-010
-2.126	3.38816e-010
-2.125	3.50644e-010
-2.124	3.62504e-010
-2.123	3.74372e-010
-2.122	3.86222e-010
-2.121	3.98028e-010
-2.12	4.09763e-010
-2.119	4.21401e-010
-2.118	4.32913e-010
-2.117	4.44272e-010
-2.116	4.55452e-010
-2.115	4.66425e-010
-2.114	4.77163e-010
-2.113	4.87642e-010
-2.112	4.97835e-010
-2.111	5.07716e-010
-2.11	5.17262e-010
-2.109	5.26448e-010
-2.108	5.35252e-010
-2.107	5.43655e-010
-2.106	5.51635e-010
-2.105	5.59176e-010
-2.104	5.6626e-010
-2.103	5.72876e-010
-2.102	5.79008e-010
-2.101	5.84647e-010
-2.1	5.89786e-010
-2.099	5.94422e-010
-2.098	5.98549e-010
-2.097	6.02168e-010
-2.096	6.05283e-010
-2.095	6.07901e-010
-2.094	6.10029e-010
-2.093	6.11682e-010
-2.092	6.12874e-010
-2.091	6.13626e-010
-2.09	6.13959e-010
-2.089	6.13899e-010
-2.088	6.13478e-010
-2.087	6.12729e-010
-2.086	6.11689e-010
-2.085	6.10398e-010
-2.084	6.08902e-010
-2.083	6.07248e-010
-2.082	6.0549e-010
-2.081	6.03683e-010
-2.08	6.01885e-010
-2.079	6.0016e-010
-2.078	5.98572e-010
-2.077	5.97193e-010
-2.076	5.96093e-010
-2.075	5.95348e-010
-2.074	5.95035e-010
-2.073	5.95237e-010
-2.072	5.96034e-010
-2.071	5.97513e-010
-2.07	5.99762e-010
-2.069	6.02867e-010
-2.068	6.06921e-010
-2.067	6.12013e-010
-2.066	6.18236e-010
-2.065	6.25683e-010
-2.064	6.34446e-010
-2.063	6.44619e-010
-2.062	6.56293e-010
-2.061	6.6956e-010
-2.06	6.84509e-010
-2.059	7.01229e-010
-2.058	7.19804e-010
-2.057	7.40321e-010
-2.056	7.62858e-010
-2.055	7.87494e-010
-2.054	8.14301e-010
-2.053	8.43351e-010
-2.052	8.7471e-010
-2.051	9.08438e-010
-2.05	9.44587e-010
-2.049	9.83208e-010
-2.048	1.02435e-009
-2.047	1.06804e-009
-2.046	1.11431e-009
-2.045	1.16319e-009
-2.044	1.21469e-009
-2.043	1.26882e-009
-2.042	1.32558e-009
-2.041	1.38496e-009
-2.04	1.44694e-009
-2.039	1.51151e-009
-2.038	1.57861e-009
-2.037	1.64822e-009
-2.036	1.72027e-009
-2.035	1.7947e-009
-2.034	1.87145e-009
-2.033	1.95044e-009
-2.032	2.03156e-009
-2.031	2.11473e-009
-2.03	2.19983e-009
-2.029	2.28676e-009
-2.028	2.37537e-009
-2.027	2.46554e-009
-2.026	2.55713e-009
-2.025	2.64998e-009
-2.024	2.74394e-009
-2.023	2.83884e-009
-2.022	2.93452e-009
-2.021	3.03078e-009
-2.02	3.12746e-009
-2.019	3.22435e-009
-2.018	3.32128e-009
-2.017	3.41804e-009
-2.016	3.51444e-009
-2.015	3.61027e-009
-2.014	3.70533e-009
-2.013	3.79942e-009
-2.012	3.89234e-009
-2.011	3.98389e-009
-2.01	4.07387e-009
-2.009	4.16208e-009
-2.008	4.24834e-009
-2.007	4.33245e-009
-2.006	4.41423e-009
-2.005	4.49352e-009
-2.004	4.57014e-009
-2.003	4.64395e-009
-2.002	4.7148e-009
-2.001	4.78255e-009
-2	4.8471e-009
-1.999	4.90832e-009
-1.998	4.96613e-009
-1.997	5.02043e-009
-1.996	5.07119e-009
-1.995	5.11834e-009
-1.994	5.16186e-009
-1.993	5.20175e-009
-1.992	5.23802e-009
-1.991	5.27069e-009
-1.99	5.29983e-009
-1.989	5.3255e-009
-1.988	5.3478e-009
-1.987	5.36687e-009
-1.986	5.38283e-009
-1.985	5.39586e-009
-1.984	5.40612e-009
-1.983	5.41387e-009
-1.982	5.41931e-009
-1.981	5.42271e-009
-1.98	5.42437e-009
-1.979	5.42458e-009
-1.978	5.42368e-009
-1.977	5.42203e-009
-1.976	5.41999e-009
-1.975	5.41799e-009
-1.974	5.41642e-009
-1.973	5.41573e-009
-1.972	5.41637e-009
-1.971	5.41882e-009
-1.97	5.42358e-009
-1.969	5.43116e-009
-1.968	5.44207e-009
-1.967	5.45685e-009
-1.966	5.47605e-009
-1.965	5.50021e-009
-1.964	5.52993e-009
-1.963	5.56574e-009
-1.962	5.60823e-009
-1.961	5.65798e-009
-1.96	5.71555e-009
-1.959	5.78153e-009
-1.958	5.85647e-009
-1.957	5.94095e-009
-1.956	6.03551e-009
-1.955	6.1407e-009
-1.954	6.25703e-009
-1.953	6.38502e-009
-1.952	6.52517e-009
-1.951	6.67795e-009
-1.95	6.84379e-009
-1.949	7.02312e-009
-1.948	7.21635e-009
-1.947	7.42383e-009
-1.946	7.64589e-009
-1.945	7.88281e-009
-1.944	8.13488e-009
-1.943	8.40231e-009
-1.942	8.68527e-009
-1.941	8.98392e-009
-1.94	9.29833e-009
-1.939	9.62856e-009
-1.938	9.97461e-009
-1.937	1.03364e-008
-1.936	1.07139e-008
-1.935	1.11069e-008
-1.934	1.15152e-008
-1.933	1.19386e-008
-1.932	1.23767e-008
-1.931	1.28293e-008
-1.93	1.32958e-008
-1.929	1.37758e-008
-1.928	1.42689e-008
-1.927	1.47744e-008
-1.926	1.52918e-008
-1.925	1.58203e-008
-1.924	1.63592e-008
-1.923	1.69079e-008
-1.922	1.74654e-008
-1.921	1.8031e-008
-1.92	1.86037e-008
-1.919	1.91825e-008
-1.918	1.97667e-008
-1.917	2.03551e-008
-1.916	2.09468e-008
-1.915	2.15406e-008
-1.914	2.21356e-008
-1.913	2.27306e-008
-1.912	2.33246e-008
-1.911	2.39163e-008
-1.91	2.45048e-008
-1.909	2.50889e-008
-1.908	2.56675e-008
-1.907	2.62395e-008
-1.906	2.68037e-008
-1.905	2.73592e-008
-1.904	2.79049e-008
-1.903	2.84397e-008
-1.902	2.89627e-008
-1.901	2.94729e-008
-1.9	2.99695e-008
-1.899	3.04516e-008
-1.898	3.09184e-008
-1.897	3.13692e-008
-1.896	3.18033e-008
-1.895	3.22201e-008
-1.894	3.26191e-008
-1.893	3.29999e-008
-1.892	3.3362e-008
-1.891	3.37053e-008
-1.89	3.40296e-008
-1.889	3.43347e-008
-1.888	3.46208e-008
-1.887	3.48879e-008
-1.886	3.51363e-008
-1.885	3.53662e-008
-1.884	3.55782e-008
-1.883	3.57728e-008
-1.882	3.59507e-008
-1.881	3.61127e-008
-1.88	3.62597e-008
-1.879	3.63927e-008
-1.878	3.65129e-008
-1.877	3.66215e-008
-1.876	3.67199e-008
-1.875	3.68096e-008
-1.874	3.68922e-008
-1.873	3.69694e-008
-1.872	3.70429e-008
-1.871	3.71147e-008
-1.87	3.71868e-008
-1.869	3.72613e-008
-1.868	3.73404e-008
-1.867	3.74264e-008
-1.866	3.75216e-008
-1.865	3.76284e-008
-1.864	3.77492e-008
-1.863	3.78867e-008
-1.862	3.80434e-008
-1.861	3.82219e-008
-1.86	3.84248e-008
-1.859	3.86549e-008
-1.858	3.89147e-008
-1.857	3.92071e-008
-1.856	3.95347e-008
-1.855	3.99001e-008
-1.854	4.03059e-008
-1.853	4.07548e-008
-1.852	4.12495e-008
-1.851	4.17921e-008
-1.85	4.23854e-008
-1.849	4.30315e-008
-1.848	4.37328e-008
-1.847	4.44914e-008
-1.846	4.53093e-008
-1.845	4.61885e-008
-1.844	4.71307e-008
-1.843	4.81376e-008
-1.842	4.92108e-008
-1.841	5.03514e-008
-1.84	5.15608e-008
-1.839	5.28399e-008
-1.838	5.41895e-008
-1.837	5.56103e-008
-1.836	5.71025e-008
-1.835	5.86666e-008
-1.834	6.03025e-008
-1.833	6.20099e-008
-1.832	6.37886e-008
-1.831	6.56377e-008
-1.83	6.75565e-008
-1.829	6.95438e-008
-1.828	7.15985e-008
-1.827	7.37187e-008
-1.826	7.59029e-008
-1.825	7.81491e-008
-1.824	8.04548e-008
-1.823	8.28179e-008
-1.822	8.52356e-008
-1.821	8.77051e-008
-1.82	9.02234e-008
-1.819	9.27871e-008
-1.818	9.53929e-008
-1.817	9.80372e-008
-1.816	1.00716e-007
-1.815	1.03426e-007
-1.814	1.06163e-007
-1.813	1.08922e-007
-1.812	1.117e-007
-1.811	1.14491e-007
-1.81	1.17292e-007
-1.809	1.20098e-007
-1.808	1.22904e-007
-1.807	1.25706e-007
-1.806	1.28499e-007
-1.805	1.31279e-007
-1.804	1.34041e-007
-1.803	1.3678e-007
-1.802	1.39492e-007
-1.801	1.42173e-007
-1.8	1.44817e-007
-1.799	1.47422e-007
-1.798	1.49983e-007
-1.797	1.52496e-007
-1.796	1.54958e-007
-1.795	1.57364e-007
-1.794	1.59713e-007
-1.793	1.62e-007
-1.792	1.64223e-007
-1.791	1.6638e-007
-1.79	1.68469e-007
-1.789	1.70487e-007
-1.788	1.72433e-007
-1.787	1.74307e-007
-1.786	1.76106e-007
-1.785	1.77832e-007
-1.784	1.79483e-007
-1.783	1.8106e-007
-1.782	1.82565e-007
-1.781	1.83997e-007
-1.78	1.85358e-007
-1.779	1.86652e-007
-1.778	1.8788e-007
-1.777	1.89044e-007
-1.776	1.90149e-007
-1.775	1.91198e-007
-1.774	1.92196e-007
-1.773	1.93146e-007
-1.772	1.94054e-007
-1.771	1.94926e-007
-1.77	1.95766e-007
-1.769	1.96583e-007
-1.768	1.97381e-007
-1.767	1.98168e-007
-1.766	1.98951e-007
-1.765	1.99739e-007
-1.764	2.00538e-007
-1.763	2.01357e-007
-1.762	2.02204e-007
-1.761	2.03089e-007
-1.76	2.0402e-007
-1.759	2.05006e-007
-1.758	2.06056e-007
-1.757	2.07181e-007
-1.756	2.08389e-007
-1.755	2.09689e-007
-1.754	2.11092e-007
-1.753	2.12608e-007
-1.752	2.14245e-007
-1.751	2.16013e-007
-1.75	2.17921e-007
-1.749	2.19978e-007
-1.748	2.22194e-007
-1.747	2.24577e-007
-1.746	2.27137e-007
-1.745	2.2988e-007
-1.744	2.32815e-007
-1.743	2.3595e-007
-1.742	2.39291e-007
-1.741	2.42845e-007
-1.74	2.46619e-007
-1.739	2.50618e-007
-1.738	2.54848e-007
-1.737	2.59313e-007
-1.736	2.64018e-007
-1.735	2.68965e-007
-1.734	2.74158e-007
-1.733	2.79598e-007
-1.732	2.85288e-007
-1.731	2.91229e-007
-1.73	2.9742e-007
-1.729	3.03861e-007
-1.728	3.1055e-007
-1.727	3.17486e-007
-1.726	3.24665e-007
-1.725	3.32084e-007
-1.724	3.3974e-007
-1.723	3.47627e-007
-1.722	3.55739e-007
-1.721	3.6407e-007
-1.72	3.72612e-007
-1.719	3.81358e-007
-1.718	3.903e-007
-1.717	3.99428e-007
-1.716	4.08732e-007
-1.715	4.18202e-007
-1.714	4.27827e-007
-1.713	4.37595e-007
-1.712	4.47495e-007
-1.711	4.57513e-007
-1.71	4.67638e-007
-1.709	4.77855e-007
-1.708	4.88152e-007
-1.707	4.98514e-007
-1.706	5.08928e-007
-1.705	5.19378e-007
-1.704	5.2985e-007
-1.703	5.4033e-007
-1.702	5.50803e-007
-1.701	5.61256e-007
-1.7	5.71673e-007
-1.699	5.82039e-007
-1.698	5.92342e-007
-1.697	6.02566e-007
-1.696	6.12701e-007
-1.695	6.22731e-007
-1.694	6.32645e-007
-1.693	6.4243e-007
-1.692	6.52076e-007
-1.691	6.6157e-007
-1.69	6.70904e-007
-1.689	6.80067e-007
-1.688	6.89051e-007
-1.687	6.97849e-007
-1.686	7.06454e-007
-1.685	7.14861e-007
-1.684	7.23063e-007
-1.683	7.31057e-007
-1.682	7.38842e-007
-1.681	7.46415e-007
-1.68	7.53775e-007
-1.679	7.60923e-007
-1.678	7.67862e-007
-1.677	7.74595e-007
-1.676	7.81124e-007
-1.675	7.87456e-007
-1.674	7.93599e-007
-1.673	7.99561e-007
-1.672	8.05349e-007
-1.671	8.10974e-007
-1.67	8.16451e-007
-1.669	8.21789e-007
-1.668	8.27004e-007
-1.667	8.3211e-007
-1.666	8.37125e-007
-1.665	8.42065e-007
-1.664	8.4695e-007
-1.663	8.51798e-007
-1.662	8.5663e-007
-1.661	8.61468e-007
-1.66	8.66335e-007
-1.659	8.71251e-007
-1.658	8.76241e-007
-1.657	8.8133e-007
-1.656	8.86542e-007
-1.655	8.91902e-007
-1.654	8.97436e-007
-1.653	9.03171e-007
-1.652	9.09131e-007
-1.651	9.15344e-007
-1.65	9.21836e-007
-1.649	9.28634e-007
-1.648	9.35764e-007
-1.647	9.43251e-007
-1.646	9.51122e-007
-1.645	9.59399e-007
-1.644	9.68111e-007
-1.643	9.77278e-007
-1.642	9.86927e-007
-1.641	9.97079e-007
-1.64	1.00775e-006
-1.639	1.01897e-006
-1.638	1.03076e-006
-1.637	1.04313e-006
-1.636	1.05609e-006
-1.635	1.06968e-006
-1.634	1.08389e-006
-1.633	1.09875e-006
-1.632	1.11426e-006
-1.631	1.13044e-006
-1.63	1.14729e-006
-1.629	1.16482e-006
-1.628	1.18303e-006
-1.627	1.20193e-006
-1.626	1.22152e-006
-1.625	1.24179e-006
-1.624	1.26275e-006
-1.623	1.28439e-006
-1.622	1.30671e-006
-1.621	1.32969e-006
-1.62	1.35332e-006
-1.619	1.3776e-006
-1.618	1.40251e-006
-1.617	1.42804e-006
-1.616	1.45416e-006
-1.615	1.48086e-006
-1.614	1.50811e-006
-1.613	1.53591e-006
-1.612	1.56421e-006
-1.611	1.593e-006
-1.61	1.62225e-006
-1.609	1.65193e-006
-1.608	1.68201e-006
-1.607	1.71246e-006
-1.606	1.74326e-006
-1.605	1.77436e-006
-1.604	1.80574e-006
-1.603	1.83735e-006
-1.602	1.86918e-006
-1.601	1.90118e-006
-1.6	1.93331e-006
-1.599	1.96554e-006
-1.598	1.99785e-006
-1.597	2.03019e-006
-1.596	2.06252e-006
-1.595	2.09481e-006
-1.594	2.12704e-006
-1.593	2.15916e-006
-1.592	2.19114e-006
-1.591	2.22296e-006
-1.59	2.25458e-006
-1.589	2.28597e-006
-1.588	2.31711e-006
-1.587	2.34798e-006
-1.586	2.37853e-006
-1.585	2.40876e-006
-1.584	2.43865e-006
-1.583	2.46816e-006
-1.582	2.4973e-006
-1.581	2.52604e-006
-1.58	2.55437e-006
-1.579	2.58228e-006
-1.578	2.60976e-006
-1.577	2.63682e-006
-1.576	2.66345e-006
-1.575	2.68963e-006
-1.574	2.7154e-006
-1.573	2.74074e-006
-1.572	2.76567e-006
-1.571	2.7902e-006
-1.57	2.81434e-006
-1.569	2.83811e-006
-1.568	2.86153e-006
-1.567	2.88462e-006
-1.566	2.90741e-006
-1.565	2.92993e-006
-1.564	2.95221e-006
-1.563	2.97427e-006
-1.562	2.99616e-006
-1.561	3.01792e-006
-1.56	3.03957e-006
-1.559	3.06118e-006
-1.558	3.08278e-006
-1.557	3.10442e-006
-1.556	3.12614e-006
-1.555	3.14799e-006
-1.554	3.17004e-006
-1.553	3.19232e-006
-1.552	3.2149e-006
-1.551	3.23783e-006
-1.55	3.26117e-006
-1.549	3.28496e-006
-1.548	3.30928e-006
-1.547	3.33416e-006
-1.546	3.35969e-006
-1.545	3.3859e-006
-1.544	3.41285e-006
-1.543	3.44062e-006
-1.542	3.46923e-006
-1.541	3.49877e-006
-1.54	3.52927e-006
-1.539	3.56078e-006
-1.538	3.59337e-006
-1.537	3.62708e-006
-1.536	3.66195e-006
-1.535	3.69804e-006
-1.534	3.73538e-006
-1.533	3.77402e-006
-1.532	3.81398e-006
-1.531	3.85531e-006
-1.53	3.89805e-006
-1.529	3.94221e-006
-1.528	3.98784e-006
-1.527	4.03494e-006
-1.526	4.08354e-006
-1.525	4.13366e-006
-1.524	4.18531e-006
-1.523	4.23849e-006
-1.522	4.29322e-006
-1.521	4.3495e-006
-1.52	4.40732e-006
-1.519	4.46668e-006
-1.518	4.52756e-006
-1.517	4.58996e-006
-1.516	4.65386e-006
-1.515	4.71925e-006
-1.514	4.78608e-006
-1.513	4.85435e-006
-1.512	4.92402e-006
-1.511	4.99505e-006
-1.51	5.0674e-006
-1.509	5.14104e-006
-1.508	5.21591e-006
-1.507	5.29199e-006
-1.506	5.36921e-006
-1.505	5.44752e-006
-1.504	5.52687e-006
-1.503	5.60721e-006
-1.502	5.68847e-006
-1.501	5.77059e-006
-1.5	5.85353e-006
-1.499	5.9372e-006
-1.498	6.02156e-006
-1.497	6.10653e-006
-1.496	6.19204e-006
-1.495	6.27803e-006
-1.494	6.36445e-006
-1.493	6.45122e-006
-1.492	6.53828e-006
-1.491	6.62556e-006
-1.49	6.71301e-006
-1.489	6.80055e-006
-1.488	6.88813e-006
-1.487	6.9757e-006
-1.486	7.06318e-006
-1.485	7.15055e-006
-1.484	7.23773e-006
-1.483	7.32468e-006
-1.482	7.41135e-006
-1.481	7.49771e-006
-1.48	7.58372e-006
-1.479	7.66933e-006
-1.478	7.75453e-006
-1.477	7.83928e-006
-1.476	7.92355e-006
-1.475	8.00733e-006
-1.474	8.0906e-006
-1.473	8.17335e-006
-1.472	8.25558e-006
-1.471	8.33728e-006
-1.47	8.41846e-006
-1.469	8.49914e-006
-1.468	8.57931e-006
-1.467	8.65901e-006
-1.466	8.73825e-006
-1.465	8.81707e-006
-1.464	8.8955e-006
-1.463	8.97357e-006
-1.462	9.05133e-006
-1.461	9.12884e-006
-1.46	9.20613e-006
-1.459	9.28328e-006
-1.458	9.36032e-006
-1.457	9.43734e-006
-1.456	9.5144e-006
-1.455	9.59158e-006
-1.454	9.66895e-006
-1.453	9.7466e-006
-1.452	9.8246e-006
-1.451	9.90304e-006
-1.45	9.98202e-006
-1.449	1.00616e-005
-1.448	1.01419e-005
-1.447	1.02231e-005
-1.446	1.03051e-005
-1.445	1.03881e-005
-1.444	1.04723e-005
-1.443	1.05576e-005
-1.442	1.06443e-005
-1.441	1.07323e-005
-1.44	1.08219e-005
-1.439	1.09131e-005
-1.438	1.10059e-005
-1.437	1.11006e-005
-1.436	1.11971e-005
-1.435	1.12957e-005
-1.434	1.13963e-005
-1.433	1.1499e-005
-1.432	1.16041e-005
-1.431	1.17114e-005
-1.43	1.18211e-005
-1.429	1.19334e-005
-1.428	1.20482e-005
-1.427	1.21656e-005
-1.426	1.22856e-005
-1.425	1.24085e-005
-1.424	1.25341e-005
-1.423	1.26625e-005
-1.422	1.27938e-005
-1.421	1.2928e-005
-1.42	1.30652e-005
-1.419	1.32053e-005
-1.418	1.33485e-005
-1.417	1.34946e-005
-1.416	1.36438e-005
-1.415	1.3796e-005
-1.414	1.39512e-005
-1.413	1.41094e-005
-1.412	1.42705e-005
-1.411	1.44347e-005
-1.41	1.46018e-005
-1.409	1.47718e-005
-1.408	1.49447e-005
-1.407	1.51204e-005
-1.406	1.52988e-005
-1.405	1.54801e-005
-1.404	1.5664e-005
-1.403	1.58505e-005
-1.402	1.60395e-005
-1.401	1.62311e-005
-1.4	1.6425e-005
-1.399	1.66213e-005
-1.398	1.68199e-005
-1.397	1.70205e-005
-1.396	1.72233e-005
-1.395	1.74281e-005
-1.394	1.76348e-005
-1.393	1.78433e-005
-1.392	1.80535e-005
-1.391	1.82654e-005
-1.39	1.84788e-005
-1.389	1.86937e-005
-1.388	1.89099e-005
-1.387	1.91274e-005
-1.386	1.93461e-005
-1.385	1.95659e-005
-1.384	1.97867e-005
-1.383	2.00084e-005
-1.382	2.0231e-005
-1.381	2.04543e-005
-1.38	2.06783e-005
-1.379	2.0903e-005
-1.378	2.11282e-005
-1.377	2.1354e-005
-1.376	2.15801e-005
-1.375	2.18067e-005
-1.374	2.20336e-005
-1.373	2.22609e-005
-1.372	2.24884e-005
-1.371	2.27161e-005
-1.37	2.29441e-005
-1.369	2.31723e-005
-1.368	2.34007e-005
-1.367	2.36293e-005
-1.366	2.38581e-005
-1.365	2.40871e-005
-1.364	2.43163e-005
-1.363	2.45458e-005
-1.362	2.47756e-005
-1.361	2.50057e-005
-1.36	2.52362e-005
-1.359	2.54671e-005
-1.358	2.56985e-005
-1.357	2.59304e-005
-1.356	2.6163e-005
-1.355	2.63963e-005
-1.354	2.66303e-005
-1.353	2.68653e-005
-1.352	2.71012e-005
-1.351	2.73382e-005
-1.35	2.75764e-005
-1.349	2.78158e-005
-1.348	2.80567e-005
-1.347	2.82991e-005
-1.346	2.85432e-005
-1.345	2.87891e-005
-1.344	2.90368e-005
-1.343	2.92867e-005
-1.342	2.95387e-005
-1.341	2.97931e-005
-1.34	3.00499e-005
-1.339	3.03094e-005
-1.338	3.05716e-005
-1.337	3.08368e-005
-1.336	3.1105e-005
-1.335	3.13763e-005
-1.334	3.16511e-005
-1.333	3.19292e-005
-1.332	3.22111e-005
-1.331	3.24967e-005
-1.33	3.27861e-005
-1.329	3.30796e-005
-1.328	3.33772e-005
-1.327	3.36792e-005
-1.326	3.39855e-005
-1.325	3.42964e-005
-1.324	3.46119e-005
-1.323	3.49321e-005
-1.322	3.52572e-005
-1.321	3.55873e-005
-1.32	3.59224e-005
-1.319	3.62626e-005
-1.318	3.6608e-005
-1.317	3.69587e-005
-1.316	3.73148e-005
-1.315	3.76763e-005
-1.314	3.80432e-005
-1.313	3.84157e-005
-1.312	3.87937e-005
-1.311	3.91773e-005
-1.31	3.95665e-005
-1.309	3.99614e-005
-1.308	4.03618e-005
-1.307	4.0768e-005
-1.306	4.11798e-005
-1.305	4.15973e-005
-1.304	4.20203e-005
-1.303	4.2449e-005
-1.302	4.28833e-005
-1.301	4.33231e-005
-1.3	4.37684e-005
-1.299	4.42192e-005
-1.298	4.46754e-005
-1.297	4.5137e-005
-1.296	4.56039e-005
-1.295	4.6076e-005
-1.294	4.65534e-005
-1.293	4.70358e-005
-1.292	4.75232e-005
-1.291	4.80157e-005
-1.29	4.85129e-005
-1.289	4.9015e-005
-1.288	4.95218e-005
-1.287	5.00332e-005
-1.286	5.05492e-005
-1.285	5.10696e-005
-1.284	5.15943e-005
-1.283	5.21234e-005
-1.282	5.26567e-005
-1.281	5.3194e-005
-1.28	5.37355e-005
-1.279	5.42809e-005
-1.278	5.48302e-005
-1.277	5.53833e-005
-1.276	5.59401e-005
-1.275	5.65006e-005
-1.274	5.70648e-005
-1.273	5.76325e-005
-1.272	5.82037e-005
-1.271	5.87784e-005
-1.27	5.93565e-005
-1.269	5.9938e-005
-1.268	6.05228e-005
-1.267	6.11111e-005
-1.266	6.17027e-005
-1.265	6.22975e-005
-1.264	6.28957e-005
-1.263	6.34972e-005
-1.262	6.41019e-005
-1.261	6.47101e-005
-1.26	6.53216e-005
-1.259	6.59367e-005
-1.258	6.6555e-005
-1.257	6.7177e-005
-1.256	6.78025e-005
-1.255	6.84317e-005
-1.254	6.90645e-005
-1.253	6.97013e-005
-1.252	7.03418e-005
-1.251	7.09864e-005
-1.25	7.1635e-005
-1.249	7.22878e-005
-1.248	7.29449e-005
-1.247	7.36065e-005
-1.246	7.42726e-005
-1.245	7.49435e-005
-1.244	7.56192e-005
-1.243	7.62999e-005
-1.242	7.69857e-005
-1.241	7.76769e-005
-1.24	7.83735e-005
-1.239	7.90758e-005
-1.238	7.97838e-005
-1.237	8.04978e-005
-1.236	8.1218e-005
-1.235	8.19445e-005
-1.234	8.26775e-005
-1.233	8.34173e-005
-1.232	8.41639e-005
-1.231	8.49176e-005
-1.23	8.56786e-005
-1.229	8.6447e-005
-1.228	8.7223e-005
-1.227	8.80069e-005
-1.226	8.87988e-005
-1.225	8.95988e-005
-1.224	9.04072e-005
-1.223	9.12241e-005
-1.222	9.20497e-005
-1.221	9.28843e-005
-1.22	9.3728e-005
-1.219	9.45808e-005
-1.218	9.54431e-005
-1.217	9.6315e-005
-1.216	9.71964e-005
-1.215	9.80879e-005
-1.214	9.89895e-005
-1.213	9.99012e-005
-1.212	0.000100823
-1.211	0.000101755
-1.21	0.000102698
-1.209	0.000103652
-1.208	0.000104616
-1.207	0.000105591
-1.206	0.000106578
-1.205	0.000107575
-1.204	0.000108584
-1.203	0.000109603
-1.202	0.000110635
-1.201	0.000111677
-1.2	0.000112731
-1.199	0.000113797
-1.198	0.000114874
-1.197	0.000115963
-1.196	0.000117064
-1.195	0.000118176
-1.194	0.0001193
-1.193	0.000120436
-1.192	0.000121584
-1.191	0.000122744
-1.19	0.000123915
-1.189	0.000125099
-1.188	0.000126294
-1.187	0.000127501
-1.186	0.000128721
-1.185	0.000129952
-1.184	0.000131195
-1.183	0.00013245
-1.182	0.000133717
-1.181	0.000134996
-1.18	0.000136287
-1.179	0.00013759
-1.178	0.000138904
-1.177	0.000140231
-1.176	0.000141569
-1.175	0.00014292
-1.174	0.000144282
-1.173	0.000145656
-1.172	0.000147043
-1.171	0.000148441
-1.17	0.000149851
-1.169	0.000151273
-1.168	0.000152707
-1.167	0.000154153
-1.166	0.000155611
-1.165	0.000157081
-1.164	0.000158563
-1.163	0.000160057
-1.162	0.000161564
-1.161	0.000163082
-1.16	0.000164613
-1.159	0.000166156
-1.158	0.000167712
-1.157	0.00016928
-1.156	0.00017086
-1.155	0.000172454
-1.154	0.000174059
-1.153	0.000175678
-1.152	0.00017731
-1.151	0.000178954
-1.15	0.000180612
-1.149	0.000182283
-1.148	0.000183968
-1.147	0.000185665
-1.146	0.000187377
-1.145	0.000189102
-1.144	0.000190842
-1.143	0.000192595
-1.142	0.000194363
-1.141	0.000196146
-1.14	0.000197943
-1.139	0.000199755
-1.138	0.000201582
-1.137	0.000203424
-1.136	0.000205281
-1.135	0.000207155
-1.134	0.000209044
-1.133	0.00021095
-1.132	0.000212871
-1.131	0.00021481
-1.13	0.000216764
-1.129	0.000218736
-1.128	0.000220726
-1.127	0.000222733
-1.126	0.000224758
-1.125	0.0002268
-1.124	0.000228861
-1.123	0.000230941
-1.122	0.00023304
-1.121	0.000235157
-1.12	0.000237294
-1.119	0.000239451
-1.118	0.000241627
-1.117	0.000243824
-1.116	0.000246041
-1.115	0.000248278
-1.114	0.000250537
-1.113	0.000252817
-1.112	0.000255118
-1.111	0.000257442
-1.11	0.000259787
-1.109	0.000262155
-1.108	0.000264545
-1.107	0.000266959
-1.106	0.000269395
-1.105	0.000271855
-1.104	0.000274339
-1.103	0.000276846
-1.102	0.000279378
-1.101	0.000281934
-1.1	0.000284515
-1.099	0.000287121
-1.098	0.000289752
-1.097	0.000292409
-1.096	0.000295092
-1.095	0.000297801
-1.094	0.000300536
-1.093	0.000303297
-1.092	0.000306086
-1.091	0.000308901
-1.09	0.000311744
-1.089	0.000314614
-1.088	0.000317512
-1.087	0.000320438
-1.086	0.000323392
-1.085	0.000326375
-1.084	0.000329386
-1.083	0.000332427
-1.082	0.000335497
-1.081	0.000338596
-1.08	0.000341724
-1.079	0.000344883
-1.078	0.000348071
-1.077	0.000351289
-1.076	0.000354539
-1.075	0.000357819
-1.074	0.00036113
-1.073	0.000364472
-1.072	0.000367846
-1.071	0.000371251
-1.07	0.000374688
-1.069	0.000378157
-1.068	0.000381658
-1.067	0.000385192
-1.066	0.000388759
-1.065	0.000392359
-1.064	0.000395992
-1.063	0.000399658
-1.062	0.000403358
-1.061	0.000407092
-1.06	0.00041086
-1.059	0.000414662
-1.058	0.000418499
-1.057	0.000422371
-1.056	0.000426278
-1.055	0.00043022
-1.054	0.000434198
-1.053	0.000438211
-1.052	0.000442261
-1.051	0.000446347
-1.05	0.00045047
-1.049	0.00045463
-1.048	0.000458827
-1.047	0.000463061
-1.046	0.000467333
-1.045	0.000471643
-1.044	0.000475992
-1.043	0.000480379
-1.042	0.000484805
-1.041	0.00048927
-1.04	0.000493775
-1.039	0.00049832
-1.038	0.000502904
-1.037	0.00050753
-1.036	0.000512196
-1.035	0.000516904
-1.034	0.000521653
-1.033	0.000526444
-1.032	0.000531277
-1.031	0.000536153
-1.03	0.000541073
-1.029	0.000546035
-1.028	0.000551041
-1.027	0.000556092
-1.026	0.000561187
-1.025	0.000566327
-1.024	0.000571513
-1.023	0.000576745
-1.022	0.000582023
-1.021	0.000587348
-1.02	0.000592721
-1.019	0.00059814
-1.018	0.000603608
-1.017	0.000609125
-1.016	0.00061469
-1.015	0.000620306
-1.014	0.000625971
-1.013	0.000631687
-1.012	0.000637455
-1.011	0.000643274
-1.01	0.000649145
-1.009	0.00065507
-1.008	0.000661046
-1.007	0.000667077
-1.006	0.000673163
-1.005	0.000679304
-1.004	0.000685499
-1.003	0.000691752
-1.002	0.000698061
-1.001	0.000704427
-1	0.000710852
-0.999	0.000717334
-0.998	0.000723876
-0.997	0.000730478
-0.996	0.00073714
-0.995	0.000743864
-0.994	0.000750648
-0.993	0.000757496
-0.992	0.000764406
-0.991	0.00077138
-0.99	0.000778417
-0.989	0.000785521
-0.988	0.00079269
-0.987	0.000799925
-0.986	0.000807228
-0.985	0.000814598
-0.984	0.000822037
-0.983	0.000829545
-0.982	0.000837123
-0.981	0.000844771
-0.98	0.00085249
-0.979	0.000860282
-0.978	0.000868146
-0.977	0.000876082
-0.976	0.000884095
-0.975	0.000892181
-0.974	0.000900342
-0.973	0.000908581
-0.972	0.000916898
-0.971	0.000925291
-0.97	0.000933762
-0.969	0.000942315
-0.968	0.000950946
-0.967	0.000959657
-0.966	0.000968451
-0.965	0.000977326
-0.964	0.000986284
-0.963	0.000995328
-0.962	0.00100446
-0.961	0.00101367
-0.96	0.00102297
-0.959	0.00103235
-0.958	0.00104183
-0.957	0.00105139
-0.956	0.00106104
-0.955	0.00107078
-0.954	0.00108061
-0.953	0.00109053
-0.952	0.00110055
-0.951	0.00111065
-0.95	0.00112086
-0.949	0.00113115
-0.948	0.00114154
-0.947	0.00115203
-0.946	0.00116261
-0.945	0.0011733
-0.944	0.00118408
-0.943	0.00119496
-0.942	0.00120594
-0.941	0.00121702
-0.94	0.0012282
-0.939	0.00123949
-0.938	0.00125088
-0.937	0.00126237
-0.936	0.00127397
-0.935	0.00128568
-0.934	0.00129749
-0.933	0.0013094
-0.932	0.00132143
-0.931	0.00133357
-0.93	0.00134582
-0.929	0.00135818
-0.928	0.00137065
-0.927	0.00138323
-0.926	0.00139593
-0.925	0.00140874
-0.924	0.00142167
-0.923	0.00143472
-0.922	0.00144788
-0.921	0.00146117
-0.92	0.00147457
-0.919	0.0014881
-0.918	0.00150174
-0.917	0.00151551
-0.916	0.00152941
-0.915	0.00154342
-0.914	0.00155757
-0.913	0.00157184
-0.912	0.00158624
-0.911	0.00160077
-0.91	0.00161543
-0.909	0.00163023
-0.908	0.00164516
-0.907	0.00166022
-0.906	0.00167541
-0.905	0.00169075
-0.904	0.00170622
-0.903	0.00172183
-0.902	0.00173758
-0.901	0.00175347
-0.9	0.00176951
-0.899	0.00178569
-0.898	0.00180202
-0.897	0.0018185
-0.896	0.00183512
-0.895	0.0018519
-0.894	0.00186882
-0.893	0.0018859
-0.892	0.00190314
-0.891	0.00192053
-0.89	0.00193808
-0.889	0.00195578
-0.888	0.00197365
-0.887	0.00199169
-0.886	0.00200988
-0.885	0.00202824
-0.884	0.00204677
-0.883	0.00206547
-0.882	0.00208434
-0.881	0.00210338
-0.88	0.00212259
-0.879	0.00214198
-0.878	0.00216155
-0.877	0.0021813
-0.876	0.00220123
-0.875	0.00222134
-0.874	0.00224164
-0.873	0.00226212
-0.872	0.0022828
-0.871	0.00230366
-0.87	0.00232471
-0.869	0.00234596
-0.868	0.00236741
-0.867	0.00238905
-0.866	0.00241089
-0.865	0.00243293
-0.864	0.00245518
-0.863	0.00247764
-0.862	0.0025003
-0.861	0.00252317
-0.86	0.00254625
-0.859	0.00256955
-0.858	0.00259307
-0.857	0.0026168
-0.856	0.00264075
-0.855	0.00266492
-0.854	0.00268931
-0.853	0.00271394
-0.852	0.00273879
-0.851	0.00276387
-0.85	0.00278918
-0.849	0.00281473
-0.848	0.00284052
-0.847	0.00286655
-0.846	0.00289281
-0.845	0.00291932
-0.844	0.00294607
-0.843	0.00297307
-0.842	0.00300032
-0.841	0.00302782
-0.84	0.00305559
-0.839	0.0030836
-0.838	0.00311187
-0.837	0.00314041
-0.836	0.00316921
-0.835	0.00319827
-0.834	0.0032276
-0.833	0.0032572
-0.832	0.00328708
-0.831	0.00331723
-0.83	0.00334766
-0.829	0.00337837
-0.828	0.00340936
-0.827	0.00344063
-0.826	0.00347219
-0.825	0.00350404
-0.824	0.00353619
-0.823	0.00356863
-0.822	0.00360136
-0.821	0.0036344
-0.82	0.00366774
-0.819	0.00370138
-0.818	0.00373534
-0.817	0.0037696
-0.816	0.00380417
-0.815	0.00383906
-0.814	0.00387427
-0.813	0.0039098
-0.812	0.00394566
-0.811	0.00398184
-0.81	0.00401836
-0.809	0.0040552
-0.808	0.00409238
-0.807	0.0041299
-0.806	0.00416776
-0.805	0.00420597
-0.804	0.00424452
-0.803	0.00428343
-0.802	0.00432269
-0.801	0.00436231
-0.8	0.00440228
-0.799	0.00444262
-0.798	0.00448333
-0.797	0.00452441
-0.796	0.00456587
-0.795	0.00460769
-0.794	0.0046499
-0.793	0.00469249
-0.792	0.00473547
-0.791	0.00477884
-0.79	0.00482261
-0.789	0.00486677
-0.788	0.00491134
-0.787	0.00495632
-0.786	0.0050017
-0.785	0.00504749
-0.784	0.0050937
-0.783	0.00514034
-0.782	0.00518739
-0.781	0.00523487
-0.78	0.0052828
-0.779	0.00533116
-0.778	0.00537995
-0.777	0.0054292
-0.776	0.00547889
-0.775	0.00552903
-0.774	0.00557964
-0.773	0.0056307
-0.772	0.00568224
-0.771	0.00573424
-0.77	0.00578672
-0.769	0.00583968
-0.768	0.00589312
-0.767	0.00594706
-0.766	0.00600148
-0.765	0.00605641
-0.764	0.00611183
-0.763	0.00616777
-0.762	0.00622422
-0.761	0.00628118
-0.76	0.00633867
-0.759	0.00639669
-0.758	0.00645524
-0.757	0.00651433
-0.756	0.00657396
-0.755	0.00663413
-0.754	0.00669486
-0.753	0.00675615
-0.752	0.00681801
-0.751	0.00688043
-0.75	0.00694342
-0.749	0.007007
-0.748	0.00707116
-0.747	0.00713591
-0.746	0.00720125
-0.745	0.0072672
-0.744	0.00733376
-0.743	0.00740092
-0.742	0.00746871
-0.741	0.00753711
-0.74	0.00760616
-0.739	0.00767584
-0.738	0.00774616
-0.737	0.00781712
-0.736	0.00788874
-0.735	0.00796103
-0.734	0.00803397
-0.733	0.00810758
-0.732	0.00818188
-0.731	0.00825684
-0.73	0.00833252
-0.729	0.00840888
-0.728	0.00848595
-0.727	0.00856373
-0.726	0.00864223
-0.725	0.00872145
-0.724	0.00880138
-0.723	0.00888206
-0.722	0.00896348
-0.721	0.00904565
-0.72	0.00912858
-0.719	0.00921227
-0.718	0.00929673
-0.717	0.00938196
-0.716	0.00946797
-0.715	0.00955478
-0.714	0.00964239
-0.713	0.0097308
-0.712	0.00982002
-0.711	0.00991006
-0.71	0.0100009
-0.709	0.0100926
-0.708	0.0101852
-0.707	0.0102785
-0.706	0.0103728
-0.705	0.0104679
-0.704	0.0105639
-0.703	0.0106607
-0.702	0.0107585
-0.701	0.0108571
-0.7	0.0109567
-0.699	0.0110571
-0.698	0.0111585
-0.697	0.0112608
-0.696	0.011364
-0.695	0.0114682
-0.694	0.0115734
-0.693	0.0116795
-0.692	0.0117865
-0.691	0.0118946
-0.69	0.0120036
-0.689	0.0121137
-0.688	0.0122247
-0.687	0.0123367
-0.686	0.0124498
-0.685	0.0125639
-0.684	0.0126791
-0.683	0.0127953
-0.682	0.0129126
-0.681	0.0130309
-0.68	0.0131503
-0.679	0.0132709
-0.678	0.0133925
-0.677	0.0135152
-0.676	0.0136391
-0.675	0.0137641
-0.674	0.0138902
-0.673	0.0140175
-0.672	0.0141459
-0.671	0.0142756
-0.67	0.0144064
-0.669	0.0145384
-0.668	0.0146716
-0.667	0.014806
-0.666	0.0149417
-0.665	0.0150786
-0.664	0.0152167
-0.663	0.0153561
-0.662	0.0154968
-0.661	0.0156388
-0.66	0.0157821
-0.659	0.0159267
-0.658	0.0160726
-0.657	0.0162198
-0.656	0.0163684
-0.655	0.0165184
-0.654	0.0166697
-0.653	0.0168224
-0.652	0.0169765
-0.651	0.0171321
-0.65	0.017289
-0.649	0.0174474
-0.648	0.0176073
-0.647	0.0177686
-0.646	0.0179313
-0.645	0.0180956
-0.644	0.0182614
-0.643	0.0184287
-0.642	0.0185975
-0.641	0.0187679
-0.64	0.0189399
-0.639	0.0191134
-0.638	0.0192885
-0.637	0.0194652
-0.636	0.0196435
-0.635	0.0198235
-0.634	0.0200051
-0.633	0.0201884
-0.632	0.0203734
-0.631	0.0205601
-0.63	0.0207485
-0.629	0.0209386
-0.628	0.0211304
-0.627	0.0213241
-0.626	0.0215195
-0.625	0.0217167
-0.624	0.0219157
-0.623	0.0221165
-0.622	0.0223192
-0.621	0.0225238
-0.62	0.0227302
-0.619	0.0229385
-0.618	0.0231487
-0.617	0.0233608
-0.616	0.023575
-0.615	0.0237911
-0.614	0.0240091
-0.613	0.0242292
-0.612	0.0244513
-0.611	0.0246754
-0.61	0.0249016
-0.609	0.0251298
-0.608	0.0253602
-0.607	0.0255926
-0.606	0.0258273
-0.605	0.026064
-0.604	0.026303
-0.603	0.0265441
-0.602	0.0267874
-0.601	0.027033
-0.6	0.0272809
-0.599	0.027531
-0.598	0.0277834
-0.597	0.0280381
-0.596	0.0282951
-0.595	0.0285545
-0.594	0.0288163
-0.593	0.0290805
-0.592	0.0293471
-0.591	0.0296162
-0.59	0.0298877
-0.589	0.0301618
-0.588	0.0304383
-0.587	0.0307174
-0.586	0.030999
-0.585	0.0312832
-0.584	0.03157
-0.583	0.0318595
-0.582	0.0321515
-0.581	0.0324463
-0.58	0.0327438
-0.579	0.033044
-0.578	0.0333469
-0.577	0.0336526
-0.576	0.0339611
-0.575	0.0342725
-0.574	0.0345867
-0.573	0.0349038
-0.572	0.0352237
-0.571	0.0355466
-0.57	0.0358725
-0.569	0.0362013
-0.568	0.0365332
-0.567	0.0368681
-0.566	0.0372061
-0.565	0.0375471
-0.564	0.0378913
-0.563	0.0382386
-0.562	0.0385891
-0.561	0.0389428
-0.56	0.0392998
-0.559	0.03966
-0.558	0.0400235
-0.557	0.0403904
-0.556	0.0407606
-0.555	0.0411342
-0.554	0.0415112
-0.553	0.0418917
-0.552	0.0422757
-0.551	0.0426631
-0.55	0.0430541
-0.549	0.0434487
-0.548	0.043847
-0.547	0.0442489
-0.546	0.0446544
-0.545	0.0450637
-0.544	0.0454767
-0.543	0.0458935
-0.542	0.0463141
-0.541	0.0467386
-0.54	0.047167
-0.539	0.0475992
-0.538	0.0480355
-0.537	0.0484757
-0.536	0.04892
-0.535	0.0493683
-0.534	0.0498208
-0.533	0.0502774
-0.532	0.0507381
-0.531	0.0512032
-0.53	0.0516725
-0.529	0.0521461
-0.528	0.0526239
-0.527	0.0531063
-0.526	0.053593
-0.525	0.0540842
-0.524	0.0545799
-0.523	0.0550801
-0.522	0.0555849
-0.521	0.0560944
-0.52	0.0566085
-0.519	0.0571274
-0.518	0.0576509
-0.517	0.0581792
-0.516	0.0587125
-0.515	0.0592506
-0.514	0.0597937
-0.513	0.0603417
-0.512	0.0608948
-0.511	0.0614529
-0.51	0.0620162
-0.509	0.0625846
-0.508	0.0631582
-0.507	0.0637371
-0.506	0.0643213
-0.505	0.0649109
-0.504	0.0655058
-0.503	0.0661063
-0.502	0.0667122
-0.501	0.0673237
-0.5	0.0679408
-0.499	0.0685636
-0.498	0.069192
-0.497	0.0698263
-0.496	0.0704663
-0.495	0.0711122
-0.494	0.0717642
-0.493	0.0724221
-0.492	0.073086
-0.491	0.0737559
-0.49	0.074432
-0.489	0.0751143
-0.488	0.0758029
-0.487	0.0764978
-0.486	0.0771991
-0.485	0.0779068
-0.484	0.0786209
-0.483	0.0793418
-0.482	0.0800692
-0.481	0.0808032
-0.48	0.081544
-0.479	0.0822916
-0.478	0.0830459
-0.477	0.0838073
-0.476	0.0845756
-0.475	0.085351
-0.474	0.0861334
-0.473	0.0869231
-0.472	0.0877201
-0.471	0.0885243
-0.47	0.0893358
-0.469	0.0901548
-0.468	0.0909814
-0.467	0.0918156
-0.466	0.0926574
-0.465	0.0935068
-0.464	0.094364
-0.463	0.0952291
-0.462	0.0961022
-0.461	0.0969833
-0.46	0.0978723
-0.459	0.0987696
-0.458	0.099675
-0.457	0.100589
-0.456	0.101511
-0.455	0.102442
-0.454	0.103381
-0.453	0.104328
-0.452	0.105285
-0.451	0.10625
-0.45	0.107224
-0.449	0.108207
-0.448	0.109199
-0.447	0.1102
-0.446	0.11121
-0.445	0.11223
-0.444	0.113258
-0.443	0.114297
-0.442	0.115344
-0.441	0.116402
-0.44	0.117469
-0.439	0.118545
-0.438	0.119632
-0.437	0.120728
-0.436	0.121835
-0.435	0.122952
-0.434	0.124079
-0.433	0.125216
-0.432	0.126364
-0.431	0.127522
-0.43	0.128691
-0.429	0.129871
-0.428	0.131061
-0.427	0.132263
-0.426	0.133475
-0.425	0.134698
-0.424	0.135933
-0.423	0.137179
-0.422	0.138437
-0.421	0.139706
-0.42	0.140986
-0.419	0.142278
-0.418	0.143583
-0.417	0.144899
-0.416	0.146227
-0.415	0.147567
-0.414	0.148966
-0.413	0.150472
-0.412	0.152087
-0.411	0.153811
-0.41	0.155645
-0.409	0.15759
-0.408	0.159646
-0.407	0.161813
-0.406	0.164091
-0.405	0.166479
-0.404	0.168978
-0.403	0.171586
-0.402	0.174303
-0.401	0.177127
-0.4	0.180057
-0.399	0.183092
-0.398	0.18623
-0.397	0.189469
-0.396	0.192807
-0.395	0.196242
-0.394	0.199773
-0.393	0.203395
-0.392	0.207107
-0.391	0.210907
-0.39	0.214789
-0.389	0.218753
-0.388	0.222795
-0.387	0.226911
-0.386	0.231097
-0.385	0.235352
-0.384	0.239671
-0.383	0.24405
-0.382	0.248485
-0.381	0.252973
-0.38	0.25751
-0.379	0.262093
-0.378	0.266716
-0.377	0.271377
-0.376	0.276071
-0.375	0.280793
-0.374	0.285542
-0.373	0.290312
-0.372	0.295098
-0.371	0.299899
-0.37	0.304709
-0.369	0.309525
-0.368	0.314342
-0.367	0.319158
-0.366	0.323969
-0.365	0.328771
-0.364	0.333614
-0.363	0.338545
-0.362	0.343559
-0.361	0.34865
-0.36	0.353807
-0.359	0.359026
-0.358	0.364298
-0.357	0.369616
-0.356	0.374973
-0.355	0.380359
-0.354	0.385769
-0.353	0.391193
-0.352	0.396626
-0.351	0.402057
-0.35	0.40748
-0.349	0.412889
-0.348	0.418272
-0.347	0.423624
-0.346	0.428938
-0.345	0.434204
-0.344	0.439416
-0.343	0.444567
-0.342	0.449649
-0.341	0.454654
-0.34	0.459576
-0.339	0.464408
-0.338	0.469142
-0.337	0.473772
-0.336	0.478291
-0.335	0.482694
-0.334	0.486973
-0.333	0.491123
-0.332	0.495138
-0.331	0.499011
-0.33	0.502739
-0.329	0.506315
-0.328	0.509735
-0.327	0.512992
-0.326	0.516086
-0.325	0.519007
-0.324	0.521756
-0.323	0.524326
-0.322	0.526714
-0.321	0.528919
-0.32	0.530935
-0.319	0.532761
-0.318	0.534394
-0.317	0.535834
-0.316	0.537075
-0.315	0.538121
-0.314	0.538965
-0.313	0.539609
-0.312	0.540053
-0.311	0.540296
-0.31	0.540337
-0.309	0.540178
-0.308	0.539818
-0.307	0.539258
-0.306	0.5385
-0.305	0.537546
-0.304	0.536396
-0.303	0.535053
-0.302	0.533519
-0.301	0.531798
-0.3	0.529891
-0.299	0.527802
-0.298	0.525536
-0.297	0.523093
-0.296	0.520481
-0.295	0.517701
-0.294	0.514759
-0.293	0.511661
-0.292	0.508409
-0.291	0.505011
-0.29	0.50147
-0.289	0.497795
-0.288	0.493987
-0.287	0.490057
-0.286	0.486007
-0.285	0.481846
-0.284	0.47758
-0.283	0.473216
-0.282	0.468759
-0.281	0.464219
-0.28	0.459601
-0.279	0.454913
-0.278	0.450161
-0.277	0.445354
-0.276	0.440499
-0.275	0.435604
-0.274	0.430676
-0.273	0.425723
-0.272	0.420753
-0.271	0.415772
-0.27	0.410792
-0.269	0.405815
-0.268	0.400854
-0.267	0.395915
-0.266	0.391003
-0.265	0.386129
-0.264	0.3813
-0.263	0.376523
-0.262	0.371805
-0.261	0.367155
-0.26	0.362578
-0.259	0.358084
-0.258	0.353676
-0.257	0.349365
-0.256	0.345157
-0.255	0.341057
-0.254	0.337072
-0.253	0.33321
-0.252	0.329473
-0.251	0.325872
-0.25	0.32241
-0.249	0.319092
-0.248	0.315925
-0.247	0.312913
-0.246	0.310061
-0.245	0.307374
-0.244	0.304855
-0.243	0.302511
-0.242	0.300343
-0.241	0.298356
-0.24	0.296553
-0.239	0.294936
-0.238	0.293509
-0.237	0.292275
-0.236	0.291235
-0.235	0.290391
-0.234	0.289745
-0.233	0.289299
-0.232	0.289052
-0.231	0.289008
-0.23	0.289163
-0.229	0.289521
-0.228	0.29008
-0.227	0.29084
-0.226	0.2918
-0.225	0.292959
-0.224	0.294315
-0.223	0.295869
-0.222	0.297615
-0.221	0.299553
-0.22	0.301681
-0.219	0.303995
-0.218	0.306492
-0.217	0.30917
-0.216	0.312023
-0.215	0.315049
-0.214	0.318243
-0.213	0.321601
-0.212	0.325118
-0.211	0.32879
-0.21	0.33261
-0.209	0.336575
-0.208	0.340678
-0.207	0.344912
-0.206	0.349274
-0.205	0.353757
-0.204	0.358353
-0.203	0.363056
-0.202	0.367861
-0.201	0.37276
-0.2	0.377745
-0.199	0.382811
-0.198	0.387951
-0.197	0.393155
-0.196	0.398417
-0.195	0.40373
-0.194	0.409086
-0.193	0.414478
-0.192	0.419897
-0.191	0.425337
-0.19	0.430789
-0.189	0.436245
-0.188	0.441698
-0.187	0.44714
-0.186	0.452563
-0.185	0.45796
-0.184	0.463322
-0.183	0.468643
-0.182	0.473914
-0.181	0.479128
-0.18	0.484278
-0.179	0.489356
-0.178	0.494355
-0.177	0.499268
-0.176	0.504089
-0.175	0.50881
-0.174	0.513424
-0.173	0.517926
-0.172	0.522307
-0.171	0.526563
-0.17	0.530689
-0.169	0.534676
-0.168	0.538521
-0.167	0.542218
-0.166	0.545761
-0.165	0.549146
-0.164	0.552369
-0.163	0.555423
-0.162	0.558306
-0.161	0.561014
-0.16	0.563541
-0.159	0.565888
-0.158	0.568048
-0.157	0.570018
-0.156	0.571799
-0.155	0.573386
-0.154	0.574777
-0.153	0.575972
-0.152	0.576967
-0.151	0.577763
-0.15	0.578359
-0.149	0.578753
-0.148	0.578947
-0.147	0.578939
-0.146	0.57873
-0.145	0.578321
-0.144	0.577714
-0.143	0.576908
-0.142	0.575906
-0.141	0.57471
-0.14	0.573322
-0.139	0.571744
-0.138	0.569978
-0.137	0.568029
-0.136	0.565899
-0.135	0.563592
-0.134	0.561112
-0.133	0.558462
-0.132	0.555648
-0.131	0.552672
-0.13	0.549542
-0.129	0.546261
-0.128	0.542834
-0.127	0.539268
-0.126	0.535568
-0.125	0.53174
-0.124	0.527789
-0.123	0.523724
-0.122	0.519548
-0.121	0.515269
-0.12	0.510896
-0.119	0.506432
-0.118	0.501887
-0.117	0.497267
-0.116	0.492579
-0.115	0.487831
-0.114	0.48303
-0.113	0.478184
-0.112	0.473301
-0.111	0.468387
-0.11	0.463452
-0.109	0.458502
-0.108	0.453546
-0.107	0.448589
-0.106	0.443643
-0.105	0.438713
-0.104	0.433807
-0.103	0.428934
-0.102	0.424099
-0.101	0.419312
-0.1	0.414581
