-4	8.43355e-056
-3.999	1.12778e-055
-3.998	1.56012e-055
-3.997	2.21055e-055
-3.996	3.18371e-055
-3.995	4.63461e-055
-3.994	6.79212e-055
-3.993	9.99314e-055
-3.992	1.47325e-054
-3.991	2.17356e-054
-3.99	3.20632e-054
-3.989	4.7264e-054
-3.988	6.95942e-054
-3.987	1.02334e-053
-3.986	1.50244e-053
-3.985	2.20218e-053
-3.984	3.2222e-053
-3.983	4.70622e-053
-3.982	6.86115e-053
-3.981	9.98426e-053
-3.98	1.45018e-052
-3.979	2.10236e-052
-3.978	3.04208e-052
-3.977	4.39345e-052
-3.976	6.33305e-052
-3.975	9.11147e-052
-3.974	1.30837e-051
-3.973	1.87516e-051
-3.972	2.68232e-051
-3.971	3.82953e-051
-3.97	5.45683e-051
-3.969	7.76062e-051
-3.968	1.10157e-050
-3.967	1.56057e-050
-3.966	2.20653e-050
-3.965	3.11382e-050
-3.964	4.38563e-050
-3.963	6.16484e-050
-3.962	8.64896e-050
-3.961	1.21104e-049
-3.96	1.69239e-049
-3.959	2.36044e-049
-3.958	3.28574e-049
-3.957	4.56478e-049
-3.956	6.32926e-049
-3.955	8.75853e-049
-3.954	1.20963e-048
-3.953	1.66732e-048
-3.952	2.29365e-048
-3.951	3.14903e-048
-3.95	4.31487e-048
-3.949	5.90063e-048
-3.948	8.0532e-048
-3.947	1.09693e-047
-3.946	1.49116e-047
-3.945	2.02306e-047
-3.944	2.73924e-047
-3.943	3.70159e-047
-3.942	4.99208e-047
-3.941	6.7191e-047
-3.94	9.02558e-047
-3.939	1.20997e-046
-3.938	1.61885e-046
-3.937	2.1616e-046
-3.936	2.88055e-046
-3.935	3.83097e-046
-3.934	5.08482e-046
-3.933	6.7356e-046
-3.932	8.9045e-046
-3.931	1.17483e-045
-3.93	1.54695e-045
-3.929	2.03286e-045
-3.928	2.66608e-045
-3.927	3.48957e-045
-3.926	4.55832e-045
-3.925	5.94252e-045
-3.924	7.73162e-045
-3.923	1.00393e-044
-3.922	1.30099e-044
-3.921	1.68259e-044
-3.92	2.1718e-044
-3.919	2.79767e-044
-3.918	3.59676e-044
-3.917	4.61491e-044
-3.916	5.90954e-044
-3.915	7.55238e-044
-3.914	9.63283e-044
-3.913	1.22621e-043
-3.912	1.55783e-043
-3.911	1.97522e-043
-3.91	2.49953e-043
-3.909	3.15678e-043
-3.908	3.97904e-043
-3.907	5.00565e-043
-3.906	6.2848e-043
-3.905	7.87542e-043
-3.904	9.84936e-043
-3.903	1.22941e-042
-3.902	1.53158e-042
-3.901	1.90432e-042
-3.9	2.3632e-042
-3.899	2.92698e-042
-3.898	3.61828e-042
-3.897	4.46425e-042
-3.896	5.49743e-042
-3.895	6.75678e-042
-3.894	8.28875e-042
-3.893	1.01487e-041
-3.892	1.24024e-041
-3.891	1.51278e-041
-3.89	1.84173e-041
-3.889	2.23797e-041
-3.888	2.71434e-041
-3.887	3.28595e-041
-3.886	3.97047e-041
-3.885	4.78865e-041
-3.884	5.76467e-041
-3.883	6.92675e-041
-3.882	8.30768e-041
-3.881	9.94552e-041
-3.88	1.18843e-040
-3.879	1.4175e-040
-3.878	1.68763e-040
-3.877	2.00556e-040
-3.876	2.37905e-040
-3.875	2.81695e-040
-3.874	3.32942e-040
-3.873	3.928e-040
-3.872	4.62583e-040
-3.871	5.43783e-040
-3.87	6.38089e-040
-3.869	7.47407e-040
-3.868	8.73886e-040
-3.867	1.01994e-039
-3.866	1.18829e-039
-3.865	1.38195e-039
-3.864	1.60432e-039
-3.863	1.85916e-039
-3.862	2.15066e-039
-3.861	2.48343e-039
-3.86	2.86261e-039
-3.859	3.29383e-039
-3.858	3.78327e-039
-3.857	4.33772e-039
-3.856	4.96457e-039
-3.855	5.67189e-039
-3.854	6.46841e-039
-3.853	7.3636e-039
-3.852	8.36763e-039
-3.851	9.49144e-039
-3.85	1.07467e-038
-3.849	1.2146e-038
-3.848	1.37023e-038
-3.847	1.54298e-038
-3.846	1.7343e-038
-3.845	1.94571e-038
-3.844	2.17881e-038
-3.843	2.43523e-038
-3.842	2.71663e-038
-3.841	3.02472e-038
-3.84	3.36119e-038
-3.839	3.72773e-038
-3.838	4.12598e-038
-3.837	4.55753e-038
-3.836	5.02386e-038
-3.835	5.52633e-038
-3.834	6.06611e-038
-3.833	6.64416e-038
-3.832	7.26117e-038
-3.831	7.91749e-038
-3.83	8.61313e-038
-3.829	9.34757e-038
-3.828	1.01198e-037
-3.827	1.09283e-037
-3.826	1.17708e-037
-3.825	1.26441e-037
-3.824	1.35444e-037
-3.823	1.4467e-037
-3.822	1.54059e-037
-3.821	1.63543e-037
-3.82	1.73039e-037
-3.819	1.82456e-037
-3.818	1.91686e-037
-3.817	2.00609e-037
-3.816	2.09093e-037
-3.815	2.1699e-037
-3.814	2.2414e-037
-3.813	2.30372e-037
-3.812	2.35504e-037
-3.811	2.39345e-037
-3.81	2.41697e-037
-3.809	2.42365e-037
-3.808	2.41153e-037
-3.807	2.37876e-037
-3.806	2.32366e-037
-3.805	2.24482e-037
-3.804	2.14122e-037
-3.803	2.01236e-037
-3.802	1.85843e-037
-3.801	1.6805e-037
-3.8	1.48079e-037
-3.799	1.2629e-037
-3.798	1.03215e-037
-3.797	7.9596e-038
-3.796	5.64276e-038
-3.795	3.50072e-038
-3.794	1.69919e-038
-3.793	4.46615e-039
-3.792	1.57404e-041
-3.791	6.81504e-039
-3.79	2.87246e-038
-3.789	7.04027e-038
-3.788	1.37432e-037
-3.787	2.36461e-037
-3.786	3.75368e-037
-3.785	5.63438e-037
-3.784	8.11568e-037
-3.783	1.1325e-036
-3.782	1.54106e-036
-3.781	2.05448e-036
-3.78	2.69267e-036
-3.779	3.47861e-036
-3.778	4.43872e-036
-3.777	5.60335e-036
-3.776	7.00717e-036
-3.775	8.68983e-036
-3.774	1.06965e-035
-3.773	1.30784e-035
-3.772	1.5894e-035
-3.771	1.9209e-035
-3.77	2.30981e-035
-3.769	2.76456e-035
-3.768	3.2946e-035
-3.767	3.91063e-035
-3.766	4.62461e-035
-3.765	5.44998e-035
-3.764	6.4018e-035
-3.763	7.49687e-035
-3.762	8.754e-035
-3.761	1.01942e-034
-3.76	1.18407e-034
-3.759	1.37196e-034
-3.758	1.58597e-034
-3.757	1.82931e-034
-3.756	2.10553e-034
-3.755	2.41857e-034
-3.754	2.77279e-034
-3.753	3.17299e-034
-3.752	3.6245e-034
-3.751	4.13318e-034
-3.75	4.7055e-034
-3.749	5.34856e-034
-3.748	6.0702e-034
-3.747	6.87901e-034
-3.746	7.78445e-034
-3.745	8.79688e-034
-3.744	9.92766e-034
-3.743	1.11892e-033
-3.742	1.25952e-033
-3.741	1.41605e-033
-3.74	1.59013e-033
-3.739	1.78355e-033
-3.738	1.99825e-033
-3.737	2.23632e-033
-3.736	2.50009e-033
-3.735	2.79206e-033
-3.734	3.11494e-033
-3.733	3.47171e-033
-3.732	3.86558e-033
-3.731	4.30007e-033
-3.73	4.77895e-033
-3.729	5.30634e-033
-3.728	5.8867e-033
-3.727	6.52486e-033
-3.726	7.22604e-033
-3.725	7.99589e-033
-3.724	8.84052e-033
-3.723	9.76654e-033
-3.722	1.07811e-032
-3.721	1.18918e-032
-3.72	1.31069e-032
-3.719	1.44355e-032
-3.718	1.58872e-032
-3.717	1.74722e-032
-3.716	1.92018e-032
-3.715	2.1088e-032
-3.714	2.31436e-032
-3.713	2.53825e-032
-3.712	2.78195e-032
-3.711	3.04707e-032
-3.71	3.33532e-032
-3.709	3.64853e-032
-3.708	3.98866e-032
-3.707	4.35784e-032
-3.706	4.75831e-032
-3.705	5.19248e-032
-3.704	5.66295e-032
-3.703	6.17247e-032
-3.702	6.724e-032
-3.701	7.32068e-032
-3.7	7.96589e-032
-3.699	8.66321e-032
-3.698	9.41648e-032
-3.697	1.02298e-031
-3.696	1.11075e-031
-3.695	1.20542e-031
-3.694	1.30749e-031
-3.693	1.41748e-031
-3.692	1.53595e-031
-3.691	1.6635e-031
-3.69	1.80077e-031
-3.689	1.94841e-031
-3.688	2.10715e-031
-3.687	2.27774e-031
-3.686	2.461e-031
-3.685	2.65777e-031
-3.684	2.86896e-031
-3.683	3.09554e-031
-3.682	3.33851e-031
-3.681	3.59896e-031
-3.68	3.87804e-031
-3.679	4.17694e-031
-3.678	4.49695e-031
-3.677	4.83942e-031
-3.676	5.20579e-031
-3.675	5.59758e-031
-3.674	6.01637e-031
-3.673	6.46386e-031
-3.672	6.94183e-031
-3.671	7.45217e-031
-3.67	7.99686e-031
-3.669	8.578e-031
-3.668	9.1978e-031
-3.667	9.85859e-031
-3.666	1.05628e-030
-3.665	1.13131e-030
-3.664	1.21121e-030
-3.663	1.29628e-030
-3.662	1.38681e-030
-3.661	1.48312e-030
-3.66	1.58555e-030
-3.659	1.69445e-030
-3.658	1.81019e-030
-3.657	1.93315e-030
-3.656	2.06374e-030
-3.655	2.2024e-030
-3.654	2.34956e-030
-3.653	2.50571e-030
-3.652	2.67133e-030
-3.651	2.84695e-030
-3.65	3.03311e-030
-3.649	3.23038e-030
-3.648	3.43936e-030
-3.647	3.66067e-030
-3.646	3.89498e-030
-3.645	4.14296e-030
-3.644	4.40533e-030
-3.643	4.68285e-030
-3.642	4.97631e-030
-3.641	5.28652e-030
-3.64	5.61435e-030
-3.639	5.96069e-030
-3.638	6.3265e-030
-3.637	6.71273e-030
-3.636	7.12042e-030
-3.635	7.55064e-030
-3.634	8.00451e-030
-3.633	8.4832e-030
-3.632	8.9879e-030
-3.631	9.51993e-030
-3.63	1.00806e-029
-3.629	1.06712e-029
-3.628	1.12932e-029
-3.627	1.19482e-029
-3.626	1.26377e-029
-3.625	1.33632e-029
-3.624	1.41266e-029
-3.623	1.49295e-029
-3.622	1.57738e-029
-3.621	1.66614e-029
-3.62	1.75942e-029
-3.619	1.85743e-029
-3.618	1.96039e-029
-3.617	2.06852e-029
-3.616	2.18204e-029
-3.615	2.3012e-029
-3.614	2.42625e-029
-3.613	2.55744e-029
-3.612	2.69504e-029
-3.611	2.83934e-029
-3.61	2.9906e-029
-3.609	3.14916e-029
-3.608	3.31529e-029
-3.607	3.48934e-029
-3.606	3.67162e-029
-3.605	3.8625e-029
-3.604	4.06231e-029
-3.603	4.27144e-029
-3.602	4.49027e-029
-3.601	4.7192e-029
-3.6	4.95862e-029
-3.599	5.20898e-029
-3.598	5.47069e-029
-3.597	5.74424e-029
-3.596	6.03008e-029
-3.595	6.32868e-029
-3.594	6.64057e-029
-3.593	6.96625e-029
-3.592	7.30626e-029
-3.591	7.66115e-029
-3.59	8.0315e-029
-3.589	8.41788e-029
-3.588	8.82091e-029
-3.587	9.24124e-029
-3.586	9.67945e-029
-3.585	1.01363e-028
-3.584	1.06123e-028
-3.583	1.11084e-028
-3.582	1.16252e-028
-3.581	1.21634e-028
-3.58	1.27239e-028
-3.579	1.33074e-028
-3.578	1.39147e-028
-3.577	1.45468e-028
-3.576	1.52044e-028
-3.575	1.58884e-028
-3.574	1.65999e-028
-3.573	1.73396e-028
-3.572	1.81086e-028
-3.571	1.8908e-028
-3.57	1.97387e-028
-3.569	2.06017e-028
-3.568	2.14982e-028
-3.567	2.24293e-028
-3.566	2.33961e-028
-3.565	2.43998e-028
-3.564	2.54415e-028
-3.563	2.65226e-028
-3.562	2.76442e-028
-3.561	2.88078e-028
-3.56	3.00145e-028
-3.559	3.12658e-028
-3.558	3.25632e-028
-3.557	3.39079e-028
-3.556	3.53015e-028
-3.555	3.67455e-028
-3.554	3.82414e-028
-3.553	3.97908e-028
-3.552	4.13953e-028
-3.551	4.30565e-028
-3.55	4.47763e-028
-3.549	4.65561e-028
-3.548	4.83978e-028
-3.547	5.03034e-028
-3.546	5.22745e-028
-3.545	5.43131e-028
-3.544	5.6421e-028
-3.543	5.86003e-028
-3.542	6.08529e-028
-3.541	6.31809e-028
-3.54	6.55863e-028
-3.539	6.80714e-028
-3.538	7.06384e-028
-3.537	7.32892e-028
-3.536	7.60264e-028
-3.535	7.88519e-028
-3.534	8.17686e-028
-3.533	8.47784e-028
-3.532	8.78841e-028
-3.531	9.10879e-028
-3.53	9.43925e-028
-3.529	9.78004e-028
-3.528	1.01314e-027
-3.527	1.04936e-027
-3.526	1.0867e-027
-3.525	1.12517e-027
-3.524	1.16482e-027
-3.523	1.20566e-027
-3.522	1.24772e-027
-3.521	1.29104e-027
-3.52	1.33565e-027
-3.519	1.38157e-027
-3.518	1.42883e-027
-3.517	1.47747e-027
-3.516	1.52752e-027
-3.515	1.579e-027
-3.514	1.63196e-027
-3.513	1.68642e-027
-3.512	1.74242e-027
-3.511	1.79999e-027
-3.51	1.85917e-027
-3.509	1.91998e-027
-3.508	1.98247e-027
-3.507	2.04668e-027
-3.506	2.11262e-027
-3.505	2.18035e-027
-3.504	2.24989e-027
-3.503	2.32129e-027
-3.502	2.39459e-027
-3.501	2.46981e-027
-3.5	2.547e-027
-3.499	2.62619e-027
-3.498	2.70743e-027
-3.497	2.79075e-027
-3.496	2.87619e-027
-3.495	2.96379e-027
-3.494	3.05359e-027
-3.493	3.14563e-027
-3.492	3.23995e-027
-3.491	3.33659e-027
-3.49	3.4356e-027
-3.489	3.537e-027
-3.488	3.64085e-027
-3.487	3.74718e-027
-3.486	3.85603e-027
-3.485	3.96746e-027
-3.484	4.08149e-027
-3.483	4.19817e-027
-3.482	4.31755e-027
-3.481	4.43965e-027
-3.48	4.56453e-027
-3.479	4.69222e-027
-3.478	4.82278e-027
-3.477	4.95623e-027
-3.476	5.09263e-027
-3.475	5.23201e-027
-3.474	5.37441e-027
-3.473	5.51988e-027
-3.472	5.66844e-027
-3.471	5.82015e-027
-3.47	5.97506e-027
-3.469	6.13319e-027
-3.468	6.29458e-027
-3.467	6.45927e-027
-3.466	6.62732e-027
-3.465	6.79875e-027
-3.464	6.97361e-027
-3.463	7.15193e-027
-3.462	7.33373e-027
-3.461	7.51907e-027
-3.46	7.708e-027
-3.459	7.90053e-027
-3.458	8.09671e-027
-3.457	8.29656e-027
-3.456	8.50011e-027
-3.455	8.70741e-027
-3.454	8.91849e-027
-3.453	9.13339e-027
-3.452	9.35211e-027
-3.451	9.57469e-027
-3.45	9.80116e-027
-3.449	1.00316e-026
-3.448	1.02659e-026
-3.447	1.05043e-026
-3.446	1.07466e-026
-3.445	1.0993e-026
-3.444	1.12434e-026
-3.443	1.14979e-026
-3.442	1.17565e-026
-3.441	1.20191e-026
-3.44	1.22859e-026
-3.439	1.25568e-026
-3.438	1.28319e-026
-3.437	1.31112e-026
-3.436	1.33946e-026
-3.435	1.36822e-026
-3.434	1.3974e-026
-3.433	1.427e-026
-3.432	1.45701e-026
-3.431	1.48745e-026
-3.43	1.51831e-026
-3.429	1.54959e-026
-3.428	1.58129e-026
-3.427	1.61341e-026
-3.426	1.64595e-026
-3.425	1.6789e-026
-3.424	1.71227e-026
-3.423	1.74606e-026
-3.422	1.78026e-026
-3.421	1.81487e-026
-3.42	1.84989e-026
-3.419	1.88532e-026
-3.418	1.92116e-026
-3.417	1.9574e-026
-3.416	1.99403e-026
-3.415	2.03106e-026
-3.414	2.06849e-026
-3.413	2.1063e-026
-3.412	2.14449e-026
-3.411	2.18307e-026
-3.41	2.22202e-026
-3.409	2.26134e-026
-3.408	2.30104e-026
-3.407	2.34109e-026
-3.406	2.3815e-026
-3.405	2.42225e-026
-3.404	2.46335e-026
-3.403	2.50478e-026
-3.402	2.54654e-026
-3.401	2.58863e-026
-3.4	2.63103e-026
-3.399	2.67373e-026
-3.398	2.71674e-026
-3.397	2.76004e-026
-3.396	2.80362e-026
-3.395	2.84747e-026
-3.394	2.89157e-026
-3.393	2.93594e-026
-3.392	2.98055e-026
-3.391	3.0254e-026
-3.39	3.07048e-026
-3.389	3.11576e-026
-3.388	3.16124e-026
-3.387	3.20692e-026
-3.386	3.25277e-026
-3.385	3.2988e-026
-3.384	3.34497e-026
-3.383	3.39129e-026
-3.382	3.43774e-026
-3.381	3.4843e-026
-3.38	3.53096e-026
-3.379	3.57772e-026
-3.378	3.62453e-026
-3.377	3.67141e-026
-3.376	3.71834e-026
-3.375	3.76529e-026
-3.374	3.81227e-026
-3.373	3.85925e-026
-3.372	3.90621e-026
-3.371	3.95312e-026
-3.37	4e-026
-3.369	4.0468e-026
-3.368	4.09353e-026
-3.367	4.14015e-026
-3.366	4.18666e-026
-3.365	4.23302e-026
-3.364	4.27925e-026
-3.363	4.32529e-026
-3.362	4.37115e-026
-3.361	4.41679e-026
-3.36	4.46222e-026
-3.359	4.5074e-026
-3.358	4.55232e-026
-3.357	4.59694e-026
-3.356	4.64126e-026
-3.355	4.68526e-026
-3.354	4.72894e-026
-3.353	4.77224e-026
-3.352	4.81518e-026
-3.351	4.85768e-026
-3.35	4.89978e-026
-3.349	4.94144e-026
-3.348	4.98263e-026
-3.347	5.02334e-026
-3.346	5.06356e-026
-3.345	5.10325e-026
-3.344	5.1424e-026
-3.343	5.18098e-026
-3.342	5.21897e-026
-3.341	5.25637e-026
-3.34	5.29315e-026
-3.339	5.3293e-026
-3.338	5.36478e-026
-3.337	5.39957e-026
-3.336	5.43366e-026
-3.335	5.46702e-026
-3.334	5.49966e-026
-3.333	5.53152e-026
-3.332	5.56263e-026
-3.331	5.59291e-026
-3.33	5.62238e-026
-3.329	5.65103e-026
-3.328	5.67882e-026
-3.327	5.70575e-026
-3.326	5.73179e-026
-3.325	5.75689e-026
-3.324	5.7811e-026
-3.323	5.80436e-026
-3.322	5.82668e-026
-3.321	5.84804e-026
-3.32	5.86838e-026
-3.319	5.88775e-026
-3.318	5.90611e-026
-3.317	5.92344e-026
-3.316	5.93974e-026
-3.315	5.95497e-026
-3.314	5.96914e-026
-3.313	5.98223e-026
-3.312	5.99422e-026
-3.311	6.00513e-026
-3.31	6.01493e-026
-3.309	6.02362e-026
-3.308	6.03121e-026
-3.307	6.03763e-026
-3.306	6.04291e-026
-3.305	6.04706e-026
-3.304	6.05005e-026
-3.303	6.05192e-026
-3.302	6.05261e-026
-3.301	6.05213e-026
-3.3	6.05049e-026
-3.299	6.04768e-026
-3.298	6.04372e-026
-3.297	6.03858e-026
-3.296	6.03227e-026
-3.295	6.02485e-026
-3.294	6.01626e-026
-3.293	6.00649e-026
-3.292	5.99557e-026
-3.291	5.98353e-026
-3.29	5.97037e-026
-3.289	5.95609e-026
-3.288	5.94069e-026
-3.287	5.92415e-026
-3.286	5.9065e-026
-3.285	5.88782e-026
-3.284	5.86807e-026
-3.283	5.84727e-026
-3.282	5.82541e-026
-3.281	5.80254e-026
-3.28	5.77869e-026
-3.279	5.75386e-026
-3.278	5.72805e-026
-3.277	5.70131e-026
-3.276	5.67364e-026
-3.275	5.64507e-026
-3.274	5.61564e-026
-3.273	5.58539e-026
-3.272	5.55433e-026
-3.271	5.52248e-026
-3.27	5.48987e-026
-3.269	5.45652e-026
-3.268	5.42248e-026
-3.267	5.38781e-026
-3.266	5.35248e-026
-3.265	5.31656e-026
-3.264	5.2801e-026
-3.263	5.24313e-026
-3.262	5.20569e-026
-3.261	5.1678e-026
-3.26	5.12952e-026
-3.259	5.0909e-026
-3.258	5.05194e-026
-3.257	5.01272e-026
-3.256	4.9733e-026
-3.255	4.9337e-026
-3.254	4.89394e-026
-3.253	4.85411e-026
-3.252	4.81425e-026
-3.251	4.77441e-026
-3.25	4.73464e-026
-3.249	4.69498e-026
-3.248	4.65551e-026
-3.247	4.61625e-026
-3.246	4.57727e-026
-3.245	4.53861e-026
-3.244	4.50035e-026
-3.243	4.46254e-026
-3.242	4.42523e-026
-3.241	4.38846e-026
-3.24	4.35231e-026
-3.239	4.31682e-026
-3.238	4.28207e-026
-3.237	4.2481e-026
-3.236	4.21498e-026
-3.235	4.18276e-026
-3.234	4.15151e-026
-3.233	4.12127e-026
-3.232	4.09209e-026
-3.231	4.06406e-026
-3.23	4.03725e-026
-3.229	4.0117e-026
-3.228	3.98746e-026
-3.227	3.96458e-026
-3.226	3.94315e-026
-3.225	3.9232e-026
-3.224	3.90481e-026
-3.223	3.88802e-026
-3.222	3.87288e-026
-3.221	3.85948e-026
-3.22	3.84785e-026
-3.219	3.83805e-026
-3.218	3.83011e-026
-3.217	3.82413e-026
-3.216	3.82013e-026
-3.215	3.81817e-026
-3.214	3.8183e-026
-3.213	3.82057e-026
-3.212	3.82501e-026
-3.211	3.83169e-026
-3.21	3.84065e-026
-3.209	3.85193e-026
-3.208	3.86556e-026
-3.207	3.88159e-026
-3.206	3.90004e-026
-3.205	3.92098e-026
-3.204	3.94443e-026
-3.203	3.97039e-026
-3.202	3.99896e-026
-3.201	4.03009e-026
-3.2	4.06388e-026
-3.199	4.10028e-026
-3.198	4.13934e-026
-3.197	4.18111e-026
-3.196	4.22559e-026
-3.195	4.27275e-026
-3.194	4.32265e-026
-3.193	4.37529e-026
-3.192	4.43067e-026
-3.191	4.48879e-026
-3.19	4.54967e-026
-3.189	4.61327e-026
-3.188	4.6796e-026
-3.187	4.74864e-026
-3.186	4.82042e-026
-3.185	4.89488e-026
-3.184	4.97199e-026
-3.183	5.05175e-026
-3.182	5.13419e-026
-3.181	5.21917e-026
-3.18	5.3067e-026
-3.179	5.3968e-026
-3.178	5.48936e-026
-3.177	5.5844e-026
-3.176	5.68183e-026
-3.175	5.78151e-026
-3.174	5.8835e-026
-3.173	5.9878e-026
-3.172	6.09422e-026
-3.171	6.20272e-026
-3.17	6.31327e-026
-3.169	6.42573e-026
-3.168	6.54008e-026
-3.167	6.65628e-026
-3.166	6.77416e-026
-3.165	6.89361e-026
-3.164	7.01459e-026
-3.163	7.13705e-026
-3.162	7.26084e-026
-3.161	7.38585e-026
-3.16	7.51199e-026
-3.159	7.63907e-026
-3.158	7.76706e-026
-3.157	7.89582e-026
-3.156	8.02524e-026
-3.155	8.1552e-026
-3.154	8.28557e-026
-3.153	8.41623e-026
-3.152	8.54695e-026
-3.151	8.67759e-026
-3.15	8.80815e-026
-3.149	8.93843e-026
-3.148	9.0683e-026
-3.147	9.19758e-026
-3.146	9.32596e-026
-3.145	9.45355e-026
-3.144	9.58016e-026
-3.143	9.70544e-026
-3.142	9.82941e-026
-3.141	9.95176e-026
-3.14	1.00724e-025
-3.139	1.01913e-025
-3.138	1.0308e-025
-3.137	1.04225e-025
-3.136	1.05348e-025
-3.135	1.06445e-025
-3.134	1.07514e-025
-3.133	1.08554e-025
-3.132	1.09564e-025
-3.131	1.10543e-025
-3.13	1.11486e-025
-3.129	1.12394e-025
-3.128	1.13265e-025
-3.127	1.14097e-025
-3.126	1.14888e-025
-3.125	1.15637e-025
-3.124	1.16342e-025
-3.123	1.17002e-025
-3.122	1.17614e-025
-3.121	1.18178e-025
-3.12	1.18692e-025
-3.119	1.19154e-025
-3.118	1.19563e-025
-3.117	1.19919e-025
-3.116	1.20218e-025
-3.115	1.2046e-025
-3.114	1.20644e-025
-3.113	1.20768e-025
-3.112	1.20833e-025
-3.111	1.20836e-025
-3.11	1.20776e-025
-3.109	1.20653e-025
-3.108	1.20467e-025
-3.107	1.20213e-025
-3.106	1.19896e-025
-3.105	1.19512e-025
-3.104	1.19061e-025
-3.103	1.18544e-025
-3.102	1.17959e-025
-3.101	1.17306e-025
-3.1	1.16586e-025
-3.099	1.15798e-025
-3.098	1.14944e-025
-3.097	1.14023e-025
-3.096	1.13033e-025
-3.095	1.11979e-025
-3.094	1.10859e-025
-3.093	1.09675e-025
-3.092	1.08428e-025
-3.091	1.07118e-025
-3.09	1.05747e-025
-3.089	1.04317e-025
-3.088	1.02828e-025
-3.087	1.01282e-025
-3.086	9.96838e-026
-3.085	9.80324e-026
-3.084	9.63325e-026
-3.083	9.45833e-026
-3.082	9.27907e-026
-3.081	9.09564e-026
-3.08	8.9083e-026
-3.079	8.71754e-026
-3.078	8.52346e-026
-3.077	8.32672e-026
-3.076	8.12738e-026
-3.075	7.92615e-026
-3.074	7.72335e-026
-3.073	7.5195e-026
-3.072	7.31492e-026
-3.071	7.11028e-026
-3.07	6.90615e-026
-3.069	6.70283e-026
-3.068	6.5012e-026
-3.067	6.30155e-026
-3.066	6.10485e-026
-3.065	5.91152e-026
-3.064	5.72234e-026
-3.063	5.53797e-026
-3.062	5.35915e-026
-3.061	5.18664e-026
-3.06	5.02125e-026
-3.059	4.86376e-026
-3.058	4.71502e-026
-3.057	4.57591e-026
-3.056	4.44726e-026
-3.055	4.33012e-026
-3.054	4.22534e-026
-3.053	4.13389e-026
-3.052	4.05682e-026
-3.051	3.99511e-026
-3.05	3.94992e-026
-3.049	3.92222e-026
-3.048	3.91319e-026
-3.047	3.92387e-026
-3.046	3.95559e-026
-3.045	4.00953e-026
-3.044	4.09435e-026
-3.043	4.22918e-026
-3.042	4.43089e-026
-3.041	4.72016e-026
-3.04	5.12131e-026
-3.039	5.66124e-026
-3.038	6.37181e-026
-3.037	7.28922e-026
-3.036	8.45402e-026
-3.035	9.91278e-026
-3.034	1.17166e-025
-3.033	1.3925e-025
-3.032	1.66033e-025
-3.031	1.98247e-025
-3.03	2.36713e-025
-3.029	2.82349e-025
-3.028	3.36177e-025
-3.027	3.9932e-025
-3.026	4.73036e-025
-3.025	5.58722e-025
-3.024	6.57915e-025
-3.023	7.72321e-025
-3.022	9.03804e-025
-3.021	1.05445e-024
-3.02	1.2265e-024
-3.019	1.42248e-024
-3.018	1.64512e-024
-3.017	1.89742e-024
-3.016	2.18266e-024
-3.015	2.50439e-024
-3.014	2.86657e-024
-3.013	3.27341e-024
-3.012	3.72956e-024
-3.011	4.24003e-024
-3.01	4.81026e-024
-3.009	5.44614e-024
-3.008	6.15409e-024
-3.007	6.94093e-024
-3.006	7.81412e-024
-3.005	8.78157e-024
-3.004	9.85194e-024
-3.003	1.10344e-023
-3.002	1.23387e-023
-3.001	1.37755e-023
-3	1.5356e-023
-2.999	1.7092e-023
-2.998	1.89965e-023
-2.997	2.10828e-023
-2.996	2.33653e-023
-2.995	2.58591e-023
-2.994	2.85802e-023
-2.993	3.15455e-023
-2.992	3.47724e-023
-2.991	3.82795e-023
-2.99	4.20864e-023
-2.989	4.62131e-023
-2.988	5.06806e-023
-2.987	5.55104e-023
-2.986	6.07259e-023
-2.985	6.63495e-023
-2.984	7.24048e-023
-2.983	7.89167e-023
-2.982	8.59105e-023
-2.981	9.34111e-023
-2.98	1.01444e-022
-2.979	1.10035e-022
-2.978	1.19209e-022
-2.977	1.28992e-022
-2.976	1.39411e-022
-2.975	1.50487e-022
-2.974	1.62247e-022
-2.973	1.74712e-022
-2.972	1.87903e-022
-2.971	2.01842e-022
-2.97	2.16546e-022
-2.969	2.32032e-022
-2.968	2.48308e-022
-2.967	2.65395e-022
-2.966	2.83294e-022
-2.965	3.02009e-022
-2.964	3.21541e-022
-2.963	3.41887e-022
-2.962	3.63043e-022
-2.961	3.84988e-022
-2.96	4.0771e-022
-2.959	4.3119e-022
-2.958	4.55388e-022
-2.957	4.80276e-022
-2.956	5.05822e-022
-2.955	5.31973e-022
-2.954	5.58684e-022
-2.953	5.85905e-022
-2.952	6.13575e-022
-2.951	6.4163e-022
-2.95	6.70021e-022
-2.949	6.9867e-022
-2.948	7.27546e-022
-2.947	7.56562e-022
-2.946	7.85687e-022
-2.945	8.14869e-022
-2.944	8.44105e-022
-2.943	8.73356e-022
-2.942	9.02684e-022
-2.941	9.321e-022
-2.94	9.61704e-022
-2.939	9.9162e-022
-2.938	1.02205e-021
-2.937	1.05324e-021
-2.936	1.0855e-021
-2.935	1.11927e-021
-2.934	1.15509e-021
-2.933	1.1936e-021
-2.932	1.2356e-021
-2.931	1.28207e-021
-2.93	1.33415e-021
-2.929	1.39325e-021
-2.928	1.46098e-021
-2.927	1.53926e-021
-2.926	1.63032e-021
-2.925	1.73676e-021
-2.924	1.86159e-021
-2.923	2.00826e-021
-2.922	2.18073e-021
-2.921	2.38357e-021
-2.92	2.62193e-021
-2.919	2.90169e-021
-2.918	3.22951e-021
-2.917	3.6129e-021
-2.916	4.06032e-021
-2.915	4.58133e-021
-2.914	5.18652e-021
-2.913	5.88785e-021
-2.912	6.69862e-021
-2.911	7.63363e-021
-2.91	8.70926e-021
-2.909	9.94384e-021
-2.908	1.13574e-020
-2.907	1.29721e-020
-2.906	1.48127e-020
-2.905	1.6906e-020
-2.904	1.92816e-020
-2.903	2.19716e-020
-2.902	2.50117e-020
-2.901	2.84406e-020
-2.9	3.23001e-020
-2.899	3.6636e-020
-2.898	4.1498e-020
-2.897	4.69402e-020
-2.896	5.30202e-020
-2.895	5.98014e-020
-2.894	6.73505e-020
-2.893	7.57412e-020
-2.892	8.5051e-020
-2.891	9.5364e-020
-2.89	1.06769e-019
-2.889	1.19362e-019
-2.888	1.33245e-019
-2.887	1.48525e-019
-2.886	1.65316e-019
-2.885	1.83741e-019
-2.884	2.03927e-019
-2.883	2.26008e-019
-2.882	2.50127e-019
-2.881	2.76432e-019
-2.88	3.05078e-019
-2.879	3.36227e-019
-2.878	3.70048e-019
-2.877	4.06714e-019
-2.876	4.46406e-019
-2.875	4.89309e-019
-2.874	5.35614e-019
-2.873	5.85516e-019
-2.872	6.39213e-019
-2.871	6.96905e-019
-2.87	7.58795e-019
-2.869	8.25085e-019
-2.868	8.95979e-019
-2.867	9.71675e-019
-2.866	1.05237e-018
-2.865	1.13826e-018
-2.864	1.22953e-018
-2.863	1.32634e-018
-2.862	1.42888e-018
-2.861	1.53728e-018
-2.86	1.65169e-018
-2.859	1.77223e-018
-2.858	1.89898e-018
-2.857	2.03205e-018
-2.856	2.17146e-018
-2.855	2.31725e-018
-2.854	2.46942e-018
-2.853	2.62793e-018
-2.852	2.79271e-018
-2.851	2.96364e-018
-2.85	3.14061e-018
-2.849	3.32341e-018
-2.848	3.51185e-018
-2.847	3.70568e-018
-2.846	3.90461e-018
-2.845	4.10829e-018
-2.844	4.31644e-018
-2.843	4.52865e-018
-2.842	4.74456e-018
-2.841	4.96378e-018
-2.84	5.18595e-018
-2.839	5.41071e-018
-2.838	5.63772e-018
-2.837	5.86683e-018
-2.836	6.09773e-018
-2.835	6.33063e-018
-2.834	6.56541e-018
-2.833	6.80249e-018
-2.832	7.04249e-018
-2.831	7.28627e-018
-2.83	7.53497e-018
-2.829	7.79047e-018
-2.828	8.05473e-018
-2.827	8.33082e-018
-2.826	8.62206e-018
-2.825	8.933e-018
-2.824	9.26891e-018
-2.823	9.63628e-018
-2.822	1.00429e-017
-2.821	1.04981e-017
-2.82	1.10126e-017
-2.819	1.15993e-017
-2.818	1.22731e-017
-2.817	1.30515e-017
-2.816	1.39544e-017
-2.815	1.50051e-017
-2.814	1.62299e-017
-2.813	1.76593e-017
-2.812	1.93278e-017
-2.811	2.12745e-017
-2.81	2.35437e-017
-2.809	2.61854e-017
-2.808	2.92559e-017
-2.807	3.28186e-017
-2.806	3.6944e-017
-2.805	4.17109e-017
-2.804	4.72078e-017
-2.803	5.35318e-017
-2.802	6.07919e-017
-2.801	6.91076e-017
-2.8	7.86116e-017
-2.799	8.94498e-017
-2.798	1.01783e-016
-2.797	1.15787e-016
-2.796	1.31655e-016
-2.795	1.49599e-016
-2.794	1.69847e-016
-2.793	1.92652e-016
-2.792	2.18284e-016
-2.791	2.47038e-016
-2.79	2.79239e-016
-2.789	3.15227e-016
-2.788	3.55376e-016
-2.787	4.0009e-016
-2.786	4.49797e-016
-2.785	5.04962e-016
-2.784	5.66074e-016
-2.783	6.33668e-016
-2.782	7.083e-016
-2.781	7.90576e-016
-2.78	8.81124e-016
-2.779	9.80622e-016
-2.778	1.08977e-015
-2.777	1.20933e-015
-2.776	1.34008e-015
-2.775	1.48284e-015
-2.774	1.63848e-015
-2.773	1.8079e-015
-2.772	1.99203e-015
-2.771	2.19185e-015
-2.77	2.40835e-015
-2.769	2.64257e-015
-2.768	2.89556e-015
-2.767	3.16842e-015
-2.766	3.46225e-015
-2.765	3.77816e-015
-2.764	4.11728e-015
-2.763	4.48075e-015
-2.762	4.8697e-015
-2.761	5.28523e-015
-2.76	5.72846e-015
-2.759	6.20048e-015
-2.758	6.70232e-015
-2.757	7.23495e-015
-2.756	7.79931e-015
-2.755	8.39632e-015
-2.754	9.02671e-015
-2.753	9.69123e-015
-2.752	1.03904e-014
-2.751	1.11248e-014
-2.75	1.18947e-014
-2.749	1.27003e-014
-2.748	1.35417e-014
-2.747	1.44189e-014
-2.746	1.53315e-014
-2.745	1.62789e-014
-2.744	1.72608e-014
-2.743	1.82763e-014
-2.742	1.93244e-014
-2.741	2.04037e-014
-2.74	2.15133e-014
-2.739	2.26515e-014
-2.738	2.38169e-014
-2.737	2.50077e-014
-2.736	2.62226e-014
-2.735	2.74596e-014
-2.734	2.87172e-014
-2.733	2.99943e-014
-2.732	3.12896e-014
-2.731	3.26027e-014
-2.73	3.39337e-014
-2.729	3.52828e-014
-2.728	3.66525e-014
-2.727	3.80446e-014
-2.726	3.94637e-014
-2.725	4.09164e-014
-2.724	4.24097e-014
-2.723	4.39548e-014
-2.722	4.55653e-014
-2.721	4.72579e-014
-2.72	4.9053e-014
-2.719	5.09764e-014
-2.718	5.30592e-014
-2.717	5.53377e-014
-2.716	5.7856e-014
-2.715	6.06655e-014
-2.714	6.3792e-014
-2.713	6.72306e-014
-2.712	7.09935e-014
-2.711	7.50935e-014
-2.71	7.95447e-014
-2.709	8.43623e-014
-2.708	8.95622e-014
-2.707	9.51616e-014
-2.706	1.01179e-013
-2.705	1.07633e-013
-2.704	1.14546e-013
-2.703	1.21938e-013
-2.702	1.29833e-013
-2.701	1.38255e-013
-2.7	1.47229e-013
-2.699	1.56781e-013
-2.698	1.66939e-013
-2.697	1.7773e-013
-2.696	1.89185e-013
-2.695	2.01334e-013
-2.694	2.14207e-013
-2.693	2.27836e-013
-2.692	2.42254e-013
-2.691	2.57494e-013
-2.69	2.73588e-013
-2.689	2.90571e-013
-2.688	3.08476e-013
-2.687	3.27338e-013
-2.686	3.47189e-013
-2.685	3.68063e-013
-2.684	3.89994e-013
-2.683	4.13013e-013
-2.682	4.37151e-013
-2.681	4.6244e-013
-2.68	4.88908e-013
-2.679	5.16584e-013
-2.678	5.45493e-013
-2.677	5.7566e-013
-2.676	6.07108e-013
-2.675	6.39854e-013
-2.674	6.73918e-013
-2.673	7.09312e-013
-2.672	7.4605e-013
-2.671	7.84142e-013
-2.67	8.23588e-013
-2.669	8.64391e-013
-2.668	9.0655e-013
-2.667	9.50057e-013
-2.666	9.94901e-013
-2.665	1.04107e-012
-2.664	1.08853e-012
-2.663	1.13728e-012
-2.662	1.18726e-012
-2.661	1.23846e-012
-2.66	1.29083e-012
-2.659	1.34432e-012
-2.658	1.39888e-012
-2.657	1.45446e-012
-2.656	1.51099e-012
-2.655	1.56841e-012
-2.654	1.62663e-012
-2.653	1.68558e-012
-2.652	1.74517e-012
-2.651	1.80532e-012
-2.65	1.86592e-012
-2.649	1.92688e-012
-2.648	1.98808e-012
-2.647	2.04942e-012
-2.646	2.11078e-012
-2.645	2.17204e-012
-2.644	2.23307e-012
-2.643	2.29374e-012
-2.642	2.35393e-012
-2.641	2.41349e-012
-2.64	2.47229e-012
-2.639	2.53019e-012
-2.638	2.58705e-012
-2.637	2.64273e-012
-2.636	2.69708e-012
-2.635	2.74996e-012
-2.634	2.80123e-012
-2.633	2.85075e-012
-2.632	2.89839e-012
-2.631	2.944e-012
-2.63	2.98747e-012
-2.629	3.02866e-012
-2.628	3.06745e-012
-2.627	3.10373e-012
-2.626	3.1374e-012
-2.625	3.16837e-012
-2.624	3.19653e-012
-2.623	3.22181e-012
-2.622	3.24415e-012
-2.621	3.2635e-012
-2.62	3.27979e-012
-2.619	3.29303e-012
-2.618	3.30318e-012
-2.617	3.31026e-012
-2.616	3.31428e-012
-2.615	3.31529e-012
-2.614	3.31334e-012
-2.613	3.3085e-012
-2.612	3.30088e-012
-2.611	3.29059e-012
-2.61	3.27777e-012
-2.609	3.26259e-012
-2.608	3.24522e-012
-2.607	3.22589e-012
-2.606	3.20482e-012
-2.605	3.18228e-012
-2.604	3.15856e-012
-2.603	3.13395e-012
-2.602	3.10881e-012
-2.601	3.08349e-012
-2.6	3.05839e-012
-2.599	3.03392e-012
-2.598	3.01052e-012
-2.597	2.98866e-012
-2.596	2.96885e-012
-2.595	2.95159e-012
-2.594	2.93742e-012
-2.593	2.92694e-012
-2.592	2.92071e-012
-2.591	2.91936e-012
-2.59	2.92352e-012
-2.589	2.93384e-012
-2.588	2.95101e-012
-2.587	2.97572e-012
-2.586	3.00866e-012
-2.585	3.05058e-012
-2.584	3.1022e-012
-2.583	3.16426e-012
-2.582	3.23752e-012
-2.581	3.32275e-012
-2.58	3.42071e-012
-2.579	3.53215e-012
-2.578	3.65787e-012
-2.577	3.7986e-012
-2.576	3.95511e-012
-2.575	4.12816e-012
-2.574	4.31846e-012
-2.573	4.52675e-012
-2.572	4.75372e-012
-2.571	5.00006e-012
-2.57	5.26643e-012
-2.569	5.55344e-012
-2.568	5.86171e-012
-2.567	6.19179e-012
-2.566	6.54421e-012
-2.565	6.91945e-012
-2.564	7.31796e-012
-2.563	7.74015e-012
-2.562	8.18632e-012
-2.561	8.6568e-012
-2.56	9.15179e-012
-2.559	9.67147e-012
-2.558	1.0216e-011
-2.557	1.07853e-011
-2.556	1.13794e-011
-2.555	1.19983e-011
-2.554	1.26417e-011
-2.553	1.33093e-011
-2.552	1.4001e-011
-2.551	1.47162e-011
-2.55	1.54544e-011
-2.549	1.62152e-011
-2.548	1.69977e-011
-2.547	1.78014e-011
-2.546	1.86254e-011
-2.545	1.94686e-011
-2.544	2.03303e-011
-2.543	2.12092e-011
-2.542	2.21041e-011
-2.541	2.30139e-011
-2.54	2.39372e-011
-2.539	2.48726e-011
-2.538	2.58186e-011
-2.537	2.67735e-011
-2.536	2.77359e-011
-2.535	2.87039e-011
-2.534	2.96758e-011
-2.533	3.06497e-011
-2.532	3.16239e-011
-2.531	3.25962e-011
-2.53	3.35647e-011
-2.529	3.45275e-011
-2.528	3.54824e-011
-2.527	3.64273e-011
-2.526	3.73602e-011
-2.525	3.82788e-011
-2.524	3.91813e-011
-2.523	4.00653e-011
-2.522	4.09288e-011
-2.521	4.17699e-011
-2.52	4.25863e-011
-2.519	4.33761e-011
-2.518	4.41374e-011
-2.517	4.48684e-011
-2.516	4.5567e-011
-2.515	4.62318e-011
-2.514	4.68611e-011
-2.513	4.74533e-011
-2.512	4.8007e-011
-2.511	4.85211e-011
-2.51	4.89943e-011
-2.509	4.94258e-011
-2.508	4.98146e-011
-2.507	5.01601e-011
-2.506	5.04619e-011
-2.505	5.07198e-011
-2.504	5.09337e-011
-2.503	5.11037e-011
-2.502	5.12304e-011
-2.501	5.13143e-011
-2.5	5.13561e-011
-2.499	5.13573e-011
-2.498	5.13189e-011
-2.497	5.12427e-011
-2.496	5.11308e-011
-2.495	5.09852e-011
-2.494	5.08085e-011
-2.493	5.06035e-011
-2.492	5.03732e-011
-2.491	5.01211e-011
-2.49	4.98508e-011
-2.489	4.95662e-011
-2.488	4.92718e-011
-2.487	4.8972e-011
-2.486	4.86717e-011
-2.485	4.8376e-011
-2.484	4.80905e-011
-2.483	4.78209e-011
-2.482	4.75732e-011
-2.481	4.73536e-011
-2.48	4.71686e-011
-2.479	4.7025e-011
-2.478	4.693e-011
-2.477	4.68905e-011
-2.476	4.69141e-011
-2.475	4.70084e-011
-2.474	4.71812e-011
-2.473	4.74402e-011
-2.472	4.77938e-011
-2.471	4.82498e-011
-2.47	4.88169e-011
-2.469	4.9503e-011
-2.468	5.03167e-011
-2.467	5.12663e-011
-2.466	5.23601e-011
-2.465	5.36064e-011
-2.464	5.50136e-011
-2.463	5.65895e-011
-2.462	5.83423e-011
-2.461	6.02799e-011
-2.46	6.24097e-011
-2.459	6.47393e-011
-2.458	6.72757e-011
-2.457	7.00258e-011
-2.456	7.29961e-011
-2.455	7.61928e-011
-2.454	7.96216e-011
-2.453	8.32879e-011
-2.452	8.71964e-011
-2.451	9.13516e-011
-2.45	9.57572e-011
-2.449	1.00417e-010
-2.448	1.05333e-010
-2.447	1.10507e-010
-2.446	1.15942e-010
-2.445	1.21637e-010
-2.444	1.27593e-010
-2.443	1.33809e-010
-2.442	1.40284e-010
-2.441	1.47015e-010
-2.44	1.54e-010
-2.439	1.61235e-010
-2.438	1.68716e-010
-2.437	1.76436e-010
-2.436	1.8439e-010
-2.435	1.9257e-010
-2.434	2.0097e-010
-2.433	2.09579e-010
-2.432	2.18389e-010
-2.431	2.27388e-010
-2.43	2.36567e-010
-2.429	2.45912e-010
-2.428	2.55411e-010
-2.427	2.65051e-010
-2.426	2.74816e-010
-2.425	2.84693e-010
-2.424	2.94664e-010
-2.423	3.04714e-010
-2.422	3.14825e-010
-2.421	3.24981e-010
-2.42	3.35162e-010
-2.419	3.45351e-010
-2.418	3.55528e-010
-2.417	3.65674e-010
-2.416	3.75769e-010
-2.415	3.85793e-010
-2.414	3.95725e-010
-2.413	4.05547e-010
-2.412	4.15236e-010
-2.411	4.24775e-010
-2.41	4.3414e-010
-2.409	4.43315e-010
-2.408	4.52277e-010
-2.407	4.6101e-010
-2.406	4.69492e-010
-2.405	4.77707e-010
-2.404	4.85636e-010
-2.403	4.93264e-010
-2.402	5.00574e-010
-2.401	5.0755e-010
-2.4	5.14181e-010
-2.399	5.20451e-010
-2.398	5.26351e-010
-2.397	5.31869e-010
-2.396	5.36996e-010
-2.395	5.41725e-010
-2.394	5.46049e-010
-2.393	5.49966e-010
-2.392	5.53473e-010
-2.391	5.56569e-010
-2.39	5.59255e-010
-2.389	5.61535e-010
-2.388	5.63415e-010
-2.387	5.64902e-010
-2.386	5.66006e-010
-2.385	5.66738e-010
-2.384	5.67114e-010
-2.383	5.6715e-010
-2.382	5.66865e-010
-2.381	5.66282e-010
-2.38	5.65423e-010
-2.379	5.64314e-010
-2.378	5.62986e-010
-2.377	5.61468e-010
-2.376	5.59796e-010
-2.375	5.58004e-010
-2.374	5.56131e-010
-2.373	5.54219e-010
-2.372	5.5231e-010
-2.371	5.50452e-010
-2.37	5.4869e-010
-2.369	5.47075e-010
-2.368	5.45657e-010
-2.367	5.44493e-010
-2.366	5.43636e-010
-2.365	5.43144e-010
-2.364	5.43076e-010
-2.363	5.43493e-010
-2.362	5.44455e-010
-2.361	5.46025e-010
-2.36	5.48269e-010
-2.359	5.5125e-010
-2.358	5.55033e-010
-2.357	5.59683e-010
-2.356	5.65268e-010
-2.355	5.71852e-010
-2.354	5.79501e-010
-2.353	5.88282e-010
-2.352	5.98257e-010
-2.351	6.09492e-010
-2.35	6.2205e-010
-2.349	6.35991e-010
-2.348	6.51375e-010
-2.347	6.68261e-010
-2.346	6.86705e-010
-2.345	7.06761e-010
-2.344	7.28479e-010
-2.343	7.5191e-010
-2.342	7.77096e-010
-2.341	8.0408e-010
-2.34	8.32903e-010
-2.339	8.63596e-010
-2.338	8.96193e-010
-2.337	9.3072e-010
-2.336	9.67198e-010
-2.335	1.00565e-009
-2.334	1.04608e-009
-2.333	1.0885e-009
-2.332	1.13291e-009
-2.331	1.17932e-009
-2.33	1.2277e-009
-2.329	1.27806e-009
-2.328	1.33036e-009
-2.327	1.38459e-009
-2.326	1.4407e-009
-2.325	1.49868e-009
-2.324	1.55846e-009
-2.323	1.62001e-009
-2.322	1.68326e-009
-2.321	1.74816e-009
-2.32	1.81463e-009
-2.319	1.88262e-009
-2.318	1.95202e-009
-2.317	2.02277e-009
-2.316	2.09477e-009
-2.315	2.16793e-009
-2.314	2.24213e-009
-2.313	2.31728e-009
-2.312	2.39327e-009
-2.311	2.46998e-009
-2.31	2.54729e-009
-2.309	2.62507e-009
-2.308	2.70321e-009
-2.307	2.78156e-009
-2.306	2.86e-009
-2.305	2.93838e-009
-2.304	3.01657e-009
-2.303	3.09443e-009
-2.302	3.17181e-009
-2.301	3.24859e-009
-2.3	3.3246e-009
-2.299	3.39971e-009
-2.298	3.47379e-009
-2.297	3.54668e-009
-2.296	3.61826e-009
-2.295	3.68838e-009
-2.294	3.75692e-009
-2.293	3.82374e-009
-2.292	3.88873e-009
-2.291	3.95176e-009
-2.29	4.01272e-009
-2.289	4.07151e-009
-2.288	4.128e-009
-2.287	4.18214e-009
-2.286	4.23381e-009
-2.285	4.28294e-009
-2.284	4.32947e-009
-2.283	4.37334e-009
-2.282	4.4145e-009
-2.281	4.45292e-009
-2.28	4.48855e-009
-2.279	4.52141e-009
-2.278	4.55148e-009
-2.277	4.57877e-009
-2.276	4.6033e-009
-2.275	4.62511e-009
-2.274	4.64426e-009
-2.273	4.6608e-009
-2.272	4.67482e-009
-2.271	4.68642e-009
-2.27	4.69569e-009
-2.269	4.70277e-009
-2.268	4.70779e-009
-2.267	4.71091e-009
-2.266	4.71228e-009
-2.265	4.71211e-009
-2.264	4.71058e-009
-2.263	4.70791e-009
-2.262	4.70433e-009
-2.261	4.70007e-009
-2.26	4.69542e-009
-2.259	4.6906e-009
-2.258	4.68593e-009
-2.257	4.68168e-009
-2.256	4.67817e-009
-2.255	4.67572e-009
-2.254	4.67465e-009
-2.253	4.6753e-009
-2.252	4.67803e-009
-2.251	4.6832e-009
-2.25	4.69114e-009
-2.249	4.70226e-009
-2.248	4.7169e-009
-2.247	4.73547e-009
-2.246	4.75835e-009
-2.245	4.78592e-009
-2.244	4.81856e-009
-2.243	4.85665e-009
-2.242	4.9006e-009
-2.241	4.95079e-009
-2.24	5.00758e-009
-2.239	5.07135e-009
-2.238	5.14248e-009
-2.237	5.22132e-009
-2.236	5.30823e-009
-2.235	5.40354e-009
-2.234	5.50757e-009
-2.233	5.62065e-009
-2.232	5.74306e-009
-2.231	5.87511e-009
-2.23	6.01705e-009
-2.229	6.16913e-009
-2.228	6.33158e-009
-2.227	6.5046e-009
-2.226	6.68837e-009
-2.225	6.88307e-009
-2.224	7.08881e-009
-2.223	7.30571e-009
-2.222	7.53386e-009
-2.221	7.7733e-009
-2.22	8.02407e-009
-2.219	8.28615e-009
-2.218	8.55952e-009
-2.217	8.84411e-009
-2.216	9.13982e-009
-2.215	9.44653e-009
-2.214	9.76409e-009
-2.213	1.00923e-008
-2.212	1.04309e-008
-2.211	1.07797e-008
-2.21	1.11384e-008
-2.209	1.15066e-008
-2.208	1.1884e-008
-2.207	1.22702e-008
-2.206	1.26649e-008
-2.205	1.30675e-008
-2.204	1.34775e-008
-2.203	1.38946e-008
-2.202	1.4318e-008
-2.201	1.47474e-008
-2.2	1.5182e-008
-2.199	1.56214e-008
-2.198	1.60647e-008
-2.197	1.65115e-008
-2.196	1.69611e-008
-2.195	1.74127e-008
-2.194	1.78656e-008
-2.193	1.83192e-008
-2.192	1.87727e-008
-2.191	1.92254e-008
-2.19	1.96765e-008
-2.189	2.01253e-008
-2.188	2.05711e-008
-2.187	2.1013e-008
-2.186	2.14505e-008
-2.185	2.18827e-008
-2.184	2.23089e-008
-2.183	2.27285e-008
-2.182	2.31407e-008
-2.181	2.35448e-008
-2.18	2.39403e-008
-2.179	2.43265e-008
-2.178	2.47027e-008
-2.177	2.50685e-008
-2.176	2.54232e-008
-2.175	2.57664e-008
-2.174	2.60976e-008
-2.173	2.64164e-008
-2.172	2.67225e-008
-2.171	2.70154e-008
-2.17	2.7295e-008
-2.169	2.75609e-008
-2.168	2.78131e-008
-2.167	2.80514e-008
-2.166	2.82758e-008
-2.165	2.84862e-008
-2.164	2.86827e-008
-2.163	2.88654e-008
-2.162	2.90346e-008
-2.161	2.91905e-008
-2.16	2.93334e-008
-2.159	2.94637e-008
-2.158	2.9582e-008
-2.157	2.96886e-008
-2.156	2.97843e-008
-2.155	2.98697e-008
-2.154	2.99455e-008
-2.153	3.00125e-008
-2.152	3.00717e-008
-2.151	3.0124e-008
-2.15	3.01703e-008
-2.149	3.02119e-008
-2.148	3.02497e-008
-2.147	3.02851e-008
-2.146	3.03192e-008
-2.145	3.03534e-008
-2.144	3.0389e-008
-2.143	3.04275e-008
-2.142	3.04704e-008
-2.141	3.05191e-008
-2.14	3.05753e-008
-2.139	3.06403e-008
-2.138	3.0716e-008
-2.137	3.0804e-008
-2.136	3.09059e-008
-2.135	3.10234e-008
-2.134	3.11582e-008
-2.133	3.1312e-008
-2.132	3.14865e-008
-2.131	3.16836e-008
-2.13	3.19048e-008
-2.129	3.21518e-008
-2.128	3.24264e-008
-2.127	3.27301e-008
-2.126	3.30648e-008
-2.125	3.34316e-008
-2.124	3.38325e-008
-2.123	3.42689e-008
-2.122	3.47421e-008
-2.121	3.52535e-008
-2.12	3.58045e-008
-2.119	3.63964e-008
-2.118	3.70303e-008
-2.117	3.77073e-008
-2.116	3.84284e-008
-2.115	3.91945e-008
-2.114	4.00066e-008
-2.113	4.08653e-008
-2.112	4.17711e-008
-2.111	4.27247e-008
-2.11	4.37264e-008
-2.109	4.47764e-008
-2.108	4.58751e-008
-2.107	4.70223e-008
-2.106	4.8218e-008
-2.105	4.94621e-008
-2.104	5.07541e-008
-2.103	5.20937e-008
-2.102	5.348e-008
-2.101	5.49125e-008
-2.1	5.63903e-008
-2.099	5.79124e-008
-2.098	5.94776e-008
-2.097	6.10846e-008
-2.096	6.27322e-008
-2.095	6.44187e-008
-2.094	6.61425e-008
-2.093	6.79019e-008
-2.092	6.96951e-008
-2.091	7.15197e-008
-2.09	7.3374e-008
-2.089	7.52557e-008
-2.088	7.71624e-008
-2.087	7.90917e-008
-2.086	8.10411e-008
-2.085	8.30081e-008
-2.084	8.499e-008
-2.083	8.69843e-008
-2.082	8.8988e-008
-2.081	9.09983e-008
-2.08	9.30122e-008
-2.079	9.50274e-008
-2.078	9.70404e-008
-2.077	9.90485e-008
-2.076	1.01049e-007
-2.075	1.03038e-007
-2.074	1.05014e-007
-2.073	1.06973e-007
-2.072	1.08913e-007
-2.071	1.10831e-007
-2.07	1.12724e-007
-2.069	1.14589e-007
-2.068	1.16425e-007
-2.067	1.18227e-007
-2.066	1.19995e-007
-2.065	1.21726e-007
-2.064	1.23418e-007
-2.063	1.25068e-007
-2.062	1.26674e-007
-2.061	1.28236e-007
-2.06	1.29752e-007
-2.059	1.3122e-007
-2.058	1.32639e-007
-2.057	1.34007e-007
-2.056	1.35325e-007
-2.055	1.36593e-007
-2.054	1.37808e-007
-2.053	1.38971e-007
-2.052	1.40082e-007
-2.051	1.41142e-007
-2.05	1.42151e-007
-2.049	1.4311e-007
-2.048	1.44019e-007
-2.047	1.44881e-007
-2.046	1.45697e-007
-2.045	1.46467e-007
-2.044	1.47195e-007
-2.043	1.47882e-007
-2.042	1.48532e-007
-2.041	1.49146e-007
-2.04	1.49728e-007
-2.039	1.50281e-007
-2.038	1.50808e-007
-2.037	1.51313e-007
-2.036	1.518e-007
-2.035	1.52273e-007
-2.034	1.52737e-007
-2.033	1.53194e-007
-2.032	1.53652e-007
-2.031	1.54113e-007
-2.03	1.54584e-007
-2.029	1.55068e-007
-2.028	1.55573e-007
-2.027	1.56102e-007
-2.026	1.56662e-007
-2.025	1.57258e-007
-2.024	1.57896e-007
-2.023	1.58581e-007
-2.022	1.59319e-007
-2.021	1.60116e-007
-2.02	1.60978e-007
-2.019	1.61911e-007
-2.018	1.62919e-007
-2.017	1.64011e-007
-2.016	1.6519e-007
-2.015	1.66462e-007
-2.014	1.67833e-007
-2.013	1.69308e-007
-2.012	1.70893e-007
-2.011	1.72592e-007
-2.01	1.74411e-007
-2.009	1.76354e-007
-2.008	1.78425e-007
-2.007	1.8063e-007
-2.006	1.82971e-007
-2.005	1.85453e-007
-2.004	1.88078e-007
-2.003	1.90851e-007
-2.002	1.93775e-007
-2.001	1.96851e-007
-2	2.00082e-007
-1.999	2.03469e-007
-1.998	2.07015e-007
-1.997	2.10721e-007
-1.996	2.14586e-007
-1.995	2.18612e-007
-1.994	2.22798e-007
-1.993	2.27144e-007
-1.992	2.3165e-007
-1.991	2.36313e-007
-1.99	2.41133e-007
-1.989	2.46106e-007
-1.988	2.51231e-007
-1.987	2.56505e-007
-1.986	2.61924e-007
-1.985	2.67485e-007
-1.984	2.73183e-007
-1.983	2.79014e-007
-1.982	2.84974e-007
-1.981	2.91056e-007
-1.98	2.97255e-007
-1.979	3.03565e-007
-1.978	3.09981e-007
-1.977	3.16494e-007
-1.976	3.23099e-007
-1.975	3.29787e-007
-1.974	3.36553e-007
-1.973	3.43387e-007
-1.972	3.50282e-007
-1.971	3.5723e-007
-1.97	3.64223e-007
-1.969	3.71251e-007
-1.968	3.78307e-007
-1.967	3.85382e-007
-1.966	3.92467e-007
-1.965	3.99553e-007
-1.964	4.06631e-007
-1.963	4.13694e-007
-1.962	4.20731e-007
-1.961	4.27735e-007
-1.96	4.34696e-007
-1.959	4.41608e-007
-1.958	4.4846e-007
-1.957	4.55246e-007
-1.956	4.61957e-007
-1.955	4.68586e-007
-1.954	4.75126e-007
-1.953	4.8157e-007
-1.952	4.87911e-007
-1.951	4.94144e-007
-1.95	5.00263e-007
-1.949	5.06262e-007
-1.948	5.12136e-007
-1.947	5.17881e-007
-1.946	5.23494e-007
-1.945	5.2897e-007
-1.944	5.34309e-007
-1.943	5.39506e-007
-1.942	5.44561e-007
-1.941	5.49473e-007
-1.94	5.54242e-007
-1.939	5.58867e-007
-1.938	5.63349e-007
-1.937	5.67692e-007
-1.936	5.71895e-007
-1.935	5.75964e-007
-1.934	5.79901e-007
-1.933	5.8371e-007
-1.932	5.87397e-007
-1.931	5.90968e-007
-1.93	5.94428e-007
-1.929	5.97785e-007
-1.928	6.01045e-007
-1.927	6.04219e-007
-1.926	6.07314e-007
-1.925	6.1034e-007
-1.924	6.13307e-007
-1.923	6.16226e-007
-1.922	6.19108e-007
-1.921	6.21963e-007
-1.92	6.24806e-007
-1.919	6.27649e-007
-1.918	6.30505e-007
-1.917	6.33386e-007
-1.916	6.36308e-007
-1.915	6.39284e-007
-1.914	6.42328e-007
-1.913	6.45456e-007
-1.912	6.48681e-007
-1.911	6.5202e-007
-1.91	6.55488e-007
-1.909	6.59099e-007
-1.908	6.6287e-007
-1.907	6.66814e-007
-1.906	6.70949e-007
-1.905	6.75288e-007
-1.904	6.79847e-007
-1.903	6.8464e-007
-1.902	6.89682e-007
-1.901	6.94988e-007
-1.9	7.00569e-007
-1.899	7.06441e-007
-1.898	7.12617e-007
-1.897	7.19108e-007
-1.896	7.25928e-007
-1.895	7.33087e-007
-1.894	7.40595e-007
-1.893	7.48465e-007
-1.892	7.56704e-007
-1.891	7.65321e-007
-1.89	7.74324e-007
-1.889	7.8372e-007
-1.888	7.93516e-007
-1.887	8.03718e-007
-1.886	8.1433e-007
-1.885	8.25354e-007
-1.884	8.36794e-007
-1.883	8.48652e-007
-1.882	8.60929e-007
-1.881	8.73624e-007
-1.88	8.86736e-007
-1.879	9.00263e-007
-1.878	9.14201e-007
-1.877	9.28546e-007
-1.876	9.43295e-007
-1.875	9.58438e-007
-1.874	9.73971e-007
-1.873	9.89883e-007
-1.872	1.00617e-006
-1.871	1.02281e-006
-1.87	1.03981e-006
-1.869	1.05714e-006
-1.868	1.0748e-006
-1.867	1.09277e-006
-1.866	1.11104e-006
-1.865	1.12958e-006
-1.864	1.1484e-006
-1.863	1.16746e-006
-1.862	1.18676e-006
-1.861	1.20627e-006
-1.86	1.22598e-006
-1.859	1.24586e-006
-1.858	1.2659e-006
-1.857	1.28608e-006
-1.856	1.30638e-006
-1.855	1.32678e-006
-1.854	1.34725e-006
-1.853	1.36779e-006
-1.852	1.38836e-006
-1.851	1.40895e-006
-1.85	1.42953e-006
-1.849	1.45009e-006
-1.848	1.4706e-006
-1.847	1.49106e-006
-1.846	1.51143e-006
-1.845	1.5317e-006
-1.844	1.55185e-006
-1.843	1.57186e-006
-1.842	1.59172e-006
-1.841	1.61141e-006
-1.84	1.63091e-006
-1.839	1.65021e-006
-1.838	1.6693e-006
-1.837	1.68816e-006
-1.836	1.70678e-006
-1.835	1.72515e-006
-1.834	1.74326e-006
-1.833	1.7611e-006
-1.832	1.77867e-006
-1.831	1.79596e-006
-1.83	1.81296e-006
-1.829	1.82967e-006
-1.828	1.8461e-006
-1.827	1.86223e-006
-1.826	1.87807e-006
-1.825	1.89362e-006
-1.824	1.90888e-006
-1.823	1.92387e-006
-1.822	1.93858e-006
-1.821	1.95303e-006
-1.82	1.96722e-006
-1.819	1.98116e-006
-1.818	1.99488e-006
-1.817	2.00838e-006
-1.816	2.02167e-006
-1.815	2.03478e-006
-1.814	2.04772e-006
-1.813	2.06051e-006
-1.812	2.07317e-006
-1.811	2.08572e-006
-1.81	2.09819e-006
-1.809	2.1106e-006
-1.808	2.12298e-006
-1.807	2.13534e-006
-1.806	2.14772e-006
-1.805	2.16015e-006
-1.804	2.17266e-006
-1.803	2.18526e-006
-1.802	2.19801e-006
-1.801	2.21091e-006
-1.8	2.22401e-006
-1.799	2.23734e-006
-1.798	2.25093e-006
-1.797	2.2648e-006
-1.796	2.279e-006
-1.795	2.29355e-006
-1.794	2.30849e-006
-1.793	2.32385e-006
-1.792	2.33965e-006
-1.791	2.35594e-006
-1.79	2.37273e-006
-1.789	2.39006e-006
-1.788	2.40797e-006
-1.787	2.42648e-006
-1.786	2.44561e-006
-1.785	2.46539e-006
-1.784	2.48585e-006
-1.783	2.50702e-006
-1.782	2.52892e-006
-1.781	2.55156e-006
-1.78	2.57498e-006
-1.779	2.59918e-006
-1.778	2.62419e-006
-1.777	2.65003e-006
-1.776	2.67671e-006
-1.775	2.70424e-006
-1.774	2.73263e-006
-1.773	2.7619e-006
-1.772	2.79205e-006
-1.771	2.82309e-006
-1.77	2.85502e-006
-1.769	2.88785e-006
-1.768	2.92156e-006
-1.767	2.95618e-006
-1.766	2.99168e-006
-1.765	3.02806e-006
-1.764	3.06533e-006
-1.763	3.10346e-006
-1.762	3.14245e-006
-1.761	3.18227e-006
-1.76	3.22294e-006
-1.759	3.26441e-006
-1.758	3.30666e-006
-1.757	3.3497e-006
-1.756	3.39348e-006
-1.755	3.43799e-006
-1.754	3.48321e-006
-1.753	3.5291e-006
-1.752	3.57564e-006
-1.751	3.62279e-006
-1.75	3.67053e-006
-1.749	3.71882e-006
-1.748	3.76764e-006
-1.747	3.81695e-006
-1.746	3.86671e-006
-1.745	3.91689e-006
-1.744	3.96745e-006
-1.743	4.01836e-006
-1.742	4.06957e-006
-1.741	4.12107e-006
-1.74	4.17279e-006
-1.739	4.22472e-006
-1.738	4.2768e-006
-1.737	4.32902e-006
-1.736	4.38131e-006
-1.735	4.43366e-006
-1.734	4.48602e-006
-1.733	4.53836e-006
-1.732	4.59065e-006
-1.731	4.64286e-006
-1.73	4.69495e-006
-1.729	4.74689e-006
-1.728	4.79865e-006
-1.727	4.8502e-006
-1.726	4.90152e-006
-1.725	4.95258e-006
-1.724	5.00335e-006
-1.723	5.05384e-006
-1.722	5.10399e-006
-1.721	5.1538e-006
-1.72	5.20326e-006
-1.719	5.25236e-006
-1.718	5.30108e-006
-1.717	5.34941e-006
-1.716	5.39734e-006
-1.715	5.44489e-006
-1.714	5.49203e-006
-1.713	5.53877e-006
-1.712	5.58512e-006
-1.711	5.63108e-006
-1.71	5.67666e-006
-1.709	5.72188e-006
-1.708	5.76674e-006
-1.707	5.81126e-006
-1.706	5.85547e-006
-1.705	5.89938e-006
-1.704	5.94301e-006
-1.703	5.9864e-006
-1.702	6.02956e-006
-1.701	6.07254e-006
-1.7	6.11536e-006
-1.699	6.15806e-006
-1.698	6.20067e-006
-1.697	6.24324e-006
-1.696	6.28581e-006
-1.695	6.32841e-006
-1.694	6.3711e-006
-1.693	6.41391e-006
-1.692	6.45689e-006
-1.691	6.50011e-006
-1.69	6.5436e-006
-1.689	6.58742e-006
-1.688	6.63162e-006
-1.687	6.67623e-006
-1.686	6.72134e-006
-1.685	6.76698e-006
-1.684	6.81321e-006
-1.683	6.86009e-006
-1.682	6.90767e-006
-1.681	6.956e-006
-1.68	7.00514e-006
-1.679	7.05515e-006
-1.678	7.10607e-006
-1.677	7.15794e-006
-1.676	7.21084e-006
-1.675	7.2648e-006
-1.674	7.31989e-006
-1.673	7.37614e-006
-1.672	7.43361e-006
-1.671	7.49233e-006
-1.67	7.55234e-006
-1.669	7.61369e-006
-1.668	7.67643e-006
-1.667	7.74059e-006
-1.666	7.80619e-006
-1.665	7.87327e-006
-1.664	7.94188e-006
-1.663	8.01202e-006
-1.662	8.08372e-006
-1.661	8.15701e-006
-1.66	8.23191e-006
-1.659	8.30843e-006
-1.658	8.38659e-006
-1.657	8.4664e-006
-1.656	8.54785e-006
-1.655	8.63097e-006
-1.654	8.71575e-006
-1.653	8.80219e-006
-1.652	8.8903e-006
-1.651	8.98004e-006
-1.65	9.07142e-006
-1.649	9.16444e-006
-1.648	9.25906e-006
-1.647	9.35527e-006
-1.646	9.45305e-006
-1.645	9.55238e-006
-1.644	9.65321e-006
-1.643	9.75555e-006
-1.642	9.85933e-006
-1.641	9.96454e-006
-1.64	1.00711e-005
-1.639	1.01791e-005
-1.638	1.02883e-005
-1.637	1.03988e-005
-1.636	1.05105e-005
-1.635	1.06234e-005
-1.634	1.07374e-005
-1.633	1.08525e-005
-1.632	1.09686e-005
-1.631	1.10857e-005
-1.63	1.12037e-005
-1.629	1.13225e-005
-1.628	1.14422e-005
-1.627	1.15627e-005
-1.626	1.16838e-005
-1.625	1.18056e-005
-1.624	1.1928e-005
-1.623	1.20509e-005
-1.622	1.21744e-005
-1.621	1.22983e-005
-1.62	1.24226e-005
-1.619	1.25472e-005
-1.618	1.26721e-005
-1.617	1.27972e-005
-1.616	1.29226e-005
-1.615	1.30482e-005
-1.614	1.31738e-005
-1.613	1.32996e-005
-1.612	1.34253e-005
-1.611	1.35511e-005
-1.61	1.36769e-005
-1.609	1.38026e-005
-1.608	1.39283e-005
-1.607	1.40539e-005
-1.606	1.41793e-005
-1.605	1.43047e-005
-1.604	1.44298e-005
-1.603	1.45548e-005
-1.602	1.46797e-005
-1.601	1.48044e-005
-1.6	1.49289e-005
-1.599	1.50533e-005
-1.598	1.51775e-005
-1.597	1.53016e-005
-1.596	1.54255e-005
-1.595	1.55493e-005
-1.594	1.56731e-005
-1.593	1.57968e-005
-1.592	1.59204e-005
-1.591	1.60441e-005
-1.59	1.61677e-005
-1.589	1.62915e-005
-1.588	1.64153e-005
-1.587	1.65394e-005
-1.586	1.66636e-005
-1.585	1.67881e-005
-1.584	1.69129e-005
-1.583	1.70381e-005
-1.582	1.71637e-005
-1.581	1.72898e-005
-1.58	1.74165e-005
-1.579	1.75438e-005
-1.578	1.76718e-005
-1.577	1.78005e-005
-1.576	1.79301e-005
-1.575	1.80606e-005
-1.574	1.81921e-005
-1.573	1.83246e-005
-1.572	1.84583e-005
-1.571	1.85932e-005
-1.57	1.87294e-005
-1.569	1.88669e-005
-1.568	1.90059e-005
-1.567	1.91464e-005
-1.566	1.92885e-005
-1.565	1.94324e-005
-1.564	1.95779e-005
-1.563	1.97253e-005
-1.562	1.98746e-005
-1.561	2.00258e-005
-1.56	2.01792e-005
-1.559	2.03346e-005
-1.558	2.04922e-005
-1.557	2.06521e-005
-1.556	2.08143e-005
-1.555	2.09789e-005
-1.554	2.11459e-005
-1.553	2.13154e-005
-1.552	2.14874e-005
-1.551	2.16621e-005
-1.55	2.18394e-005
-1.549	2.20194e-005
-1.548	2.22021e-005
-1.547	2.23875e-005
-1.546	2.25757e-005
-1.545	2.27668e-005
-1.544	2.29608e-005
-1.543	2.31576e-005
-1.542	2.33573e-005
-1.541	2.35599e-005
-1.54	2.37654e-005
-1.539	2.39738e-005
-1.538	2.41852e-005
-1.537	2.43995e-005
-1.536	2.46168e-005
-1.535	2.48369e-005
-1.534	2.506e-005
-1.533	2.5286e-005
-1.532	2.55148e-005
-1.531	2.57465e-005
-1.53	2.5981e-005
-1.529	2.62184e-005
-1.528	2.64585e-005
-1.527	2.67013e-005
-1.526	2.69469e-005
-1.525	2.7195e-005
-1.524	2.74458e-005
-1.523	2.76992e-005
-1.522	2.79551e-005
-1.521	2.82134e-005
-1.52	2.84742e-005
-1.519	2.87374e-005
-1.518	2.90029e-005
-1.517	2.92706e-005
-1.516	2.95405e-005
-1.515	2.98126e-005
-1.514	3.00868e-005
-1.513	3.0363e-005
-1.512	3.06412e-005
-1.511	3.09213e-005
-1.51	3.12032e-005
-1.509	3.1487e-005
-1.508	3.17725e-005
-1.507	3.20596e-005
-1.506	3.23485e-005
-1.505	3.26389e-005
-1.504	3.29307e-005
-1.503	3.32241e-005
-1.502	3.35189e-005
-1.501	3.38151e-005
-1.5	3.41126e-005
-1.499	3.44114e-005
-1.498	3.47115e-005
-1.497	3.50127e-005
-1.496	3.53152e-005
-1.495	3.56188e-005
-1.494	3.59235e-005
-1.493	3.62294e-005
-1.492	3.65363e-005
-1.491	3.68444e-005
-1.49	3.71534e-005
-1.489	3.74634e-005
-1.488	3.77745e-005
-1.487	3.80867e-005
-1.486	3.84e-005
-1.485	3.87143e-005
-1.484	3.90296e-005
-1.483	3.9346e-005
-1.482	3.96635e-005
-1.481	3.99822e-005
-1.48	4.0302e-005
-1.479	4.0623e-005
-1.478	4.09453e-005
-1.477	4.12688e-005
-1.476	4.15936e-005
-1.475	4.19198e-005
-1.474	4.22475e-005
-1.473	4.25765e-005
-1.472	4.29071e-005
-1.471	4.32394e-005
-1.47	4.35733e-005
-1.469	4.3909e-005
-1.468	4.42465e-005
-1.467	4.45859e-005
-1.466	4.49272e-005
-1.465	4.52707e-005
-1.464	4.56162e-005
-1.463	4.59641e-005
-1.462	4.63143e-005
-1.461	4.66669e-005
-1.46	4.7022e-005
-1.459	4.73797e-005
-1.458	4.77402e-005
-1.457	4.81034e-005
-1.456	4.84696e-005
-1.455	4.88388e-005
-1.454	4.92112e-005
-1.453	4.95867e-005
-1.452	4.99655e-005
-1.451	5.03477e-005
-1.45	5.07335e-005
-1.449	5.11229e-005
-1.448	5.15161e-005
-1.447	5.1913e-005
-1.446	5.23139e-005
-1.445	5.27188e-005
-1.444	5.31278e-005
-1.443	5.35411e-005
-1.442	5.39586e-005
-1.441	5.43805e-005
-1.44	5.48068e-005
-1.439	5.52378e-005
-1.438	5.56734e-005
-1.437	5.61136e-005
-1.436	5.65586e-005
-1.435	5.70086e-005
-1.434	5.74635e-005
-1.433	5.79233e-005
-1.432	5.83882e-005
-1.431	5.88582e-005
-1.43	5.93334e-005
-1.429	5.98137e-005
-1.428	6.02995e-005
-1.427	6.07904e-005
-1.426	6.12868e-005
-1.425	6.17884e-005
-1.424	6.22955e-005
-1.423	6.2808e-005
-1.422	6.33261e-005
-1.421	6.38496e-005
-1.42	6.43786e-005
-1.419	6.49131e-005
-1.418	6.54532e-005
-1.417	6.59988e-005
-1.416	6.65498e-005
-1.415	6.71064e-005
-1.414	6.76685e-005
-1.413	6.82363e-005
-1.412	6.88094e-005
-1.411	6.9388e-005
-1.41	6.99721e-005
-1.409	7.05616e-005
-1.408	7.11566e-005
-1.407	7.17569e-005
-1.406	7.23626e-005
-1.405	7.29736e-005
-1.404	7.359e-005
-1.403	7.42117e-005
-1.402	7.48385e-005
-1.401	7.54706e-005
-1.4	7.61078e-005
-1.399	7.67501e-005
-1.398	7.73977e-005
-1.397	7.80502e-005
-1.396	7.87078e-005
-1.395	7.93702e-005
-1.394	8.00376e-005
-1.393	8.07098e-005
-1.392	8.1387e-005
-1.391	8.2069e-005
-1.39	8.27558e-005
-1.389	8.34473e-005
-1.388	8.41435e-005
-1.387	8.48444e-005
-1.386	8.555e-005
-1.385	8.62602e-005
-1.384	8.6975e-005
-1.383	8.76943e-005
-1.382	8.84183e-005
-1.381	8.91468e-005
-1.38	8.98798e-005
-1.379	9.06174e-005
-1.378	9.13595e-005
-1.377	9.21061e-005
-1.376	9.28573e-005
-1.375	9.36129e-005
-1.374	9.43731e-005
-1.373	9.51378e-005
-1.372	9.59071e-005
-1.371	9.6681e-005
-1.37	9.74596e-005
-1.369	9.82427e-005
-1.368	9.90303e-005
-1.367	9.98229e-005
-1.366	0.00010062
-1.365	0.000101422
-1.364	0.000102229
-1.363	0.000103041
-1.362	0.000103858
-1.361	0.00010468
-1.36	0.000105507
-1.359	0.000106339
-1.358	0.000107176
-1.357	0.000108019
-1.356	0.000108867
-1.355	0.000109721
-1.354	0.00011058
-1.353	0.000111445
-1.352	0.000112315
-1.351	0.000113192
-1.35	0.000114075
-1.349	0.000114963
-1.348	0.000115859
-1.347	0.00011676
-1.346	0.000117668
-1.345	0.000118582
-1.344	0.000119504
-1.343	0.000120432
-1.342	0.000121367
-1.341	0.000122309
-1.34	0.000123258
-1.339	0.000124215
-1.338	0.00012518
-1.337	0.000126151
-1.336	0.000127131
-1.335	0.000128119
-1.334	0.000129115
-1.333	0.000130119
-1.332	0.000131131
-1.331	0.000132152
-1.33	0.000133182
-1.329	0.00013422
-1.328	0.000135267
-1.327	0.000136323
-1.326	0.000137389
-1.325	0.000138463
-1.324	0.000139548
-1.323	0.000140641
-1.322	0.000141745
-1.321	0.000142858
-1.32	0.000143981
-1.319	0.000145114
-1.318	0.000146258
-1.317	0.000147411
-1.316	0.000148576
-1.315	0.00014975
-1.314	0.000150935
-1.313	0.000152132
-1.312	0.000153339
-1.311	0.000154556
-1.31	0.000155785
-1.309	0.000157025
-1.308	0.000158277
-1.307	0.000159539
-1.306	0.000160813
-1.305	0.000162098
-1.304	0.000163395
-1.303	0.000164704
-1.302	0.000166024
-1.301	0.000167356
-1.3	0.0001687
-1.299	0.000170056
-1.298	0.000171423
-1.297	0.000172803
-1.296	0.000174195
-1.295	0.000175599
-1.294	0.000177014
-1.293	0.000178443
-1.292	0.000179883
-1.291	0.000181336
-1.29	0.0001828
-1.289	0.000184278
-1.288	0.000185767
-1.287	0.000187269
-1.286	0.000188784
-1.285	0.00019031
-1.284	0.00019185
-1.283	0.000193401
-1.282	0.000194966
-1.281	0.000196543
-1.28	0.000198132
-1.279	0.000199734
-1.278	0.000201349
-1.277	0.000202976
-1.276	0.000204616
-1.275	0.000206269
-1.274	0.000207934
-1.273	0.000209612
-1.272	0.000211303
-1.271	0.000213006
-1.27	0.000214723
-1.269	0.000216452
-1.268	0.000218194
-1.267	0.00021995
-1.266	0.000221718
-1.265	0.000223499
-1.264	0.000225294
-1.263	0.000227101
-1.262	0.000228921
-1.261	0.000230755
-1.26	0.000232602
-1.259	0.000234463
-1.258	0.000236336
-1.257	0.000238223
-1.256	0.000240124
-1.255	0.000242039
-1.254	0.000243967
-1.253	0.000245909
-1.252	0.000247864
-1.251	0.000249834
-1.25	0.000251817
-1.249	0.000253815
-1.248	0.000255827
-1.247	0.000257854
-1.246	0.000259895
-1.245	0.00026195
-1.244	0.00026402
-1.243	0.000266106
-1.242	0.000268206
-1.241	0.000270321
-1.24	0.000272452
-1.239	0.000274598
-1.238	0.00027676
-1.237	0.000278937
-1.236	0.00028113
-1.235	0.00028334
-1.234	0.000285565
-1.233	0.000287807
-1.232	0.000290066
-1.231	0.000292341
-1.23	0.000294634
-1.229	0.000296944
-1.228	0.000299271
-1.227	0.000301615
-1.226	0.000303978
-1.225	0.000306358
-1.224	0.000308757
-1.223	0.000311174
-1.222	0.000313609
-1.221	0.000316063
-1.22	0.000318537
-1.219	0.00032103
-1.218	0.000323542
-1.217	0.000326074
-1.216	0.000328626
-1.215	0.000331198
-1.214	0.000333791
-1.213	0.000336404
-1.212	0.000339038
-1.211	0.000341693
-1.21	0.00034437
-1.209	0.000347068
-1.208	0.000349788
-1.207	0.00035253
-1.206	0.000355294
-1.205	0.000358081
-1.204	0.000360891
-1.203	0.000363724
-1.202	0.00036658
-1.201	0.00036946
-1.2	0.000372363
-1.199	0.000375291
-1.198	0.000378243
-1.197	0.000381219
-1.196	0.000384219
-1.195	0.000387245
-1.194	0.000390296
-1.193	0.000393372
-1.192	0.000396473
-1.191	0.000399601
-1.19	0.000402754
-1.189	0.000405934
-1.188	0.00040914
-1.187	0.000412373
-1.186	0.000415633
-1.185	0.000418919
-1.184	0.000422233
-1.183	0.000425575
-1.182	0.000428945
-1.181	0.000432342
-1.18	0.000435767
-1.179	0.000439221
-1.178	0.000442703
-1.177	0.000446214
-1.176	0.000449754
-1.175	0.000453323
-1.174	0.00045692
-1.173	0.000460548
-1.172	0.000464205
-1.171	0.000467893
-1.17	0.000471609
-1.169	0.000475356
-1.168	0.000479134
-1.167	0.000482942
-1.166	0.000486781
-1.165	0.000490651
-1.164	0.000494551
-1.163	0.000498483
-1.162	0.000502447
-1.161	0.000506442
-1.16	0.000510469
-1.159	0.000514528
-1.158	0.000518619
-1.157	0.000522742
-1.156	0.000526898
-1.155	0.000531085
-1.154	0.000535307
-1.153	0.000539561
-1.152	0.000543849
-1.151	0.00054817
-1.15	0.000552524
-1.149	0.000556913
-1.148	0.000561335
-1.147	0.000565791
-1.146	0.000570282
-1.145	0.000574808
-1.144	0.000579368
-1.143	0.000583964
-1.142	0.000588595
-1.141	0.000593259
-1.14	0.000597961
-1.139	0.000602699
-1.138	0.000607473
-1.137	0.000612283
-1.136	0.000617129
-1.135	0.000622014
-1.134	0.000626935
-1.133	0.000631893
-1.132	0.000636889
-1.131	0.000641923
-1.13	0.000646995
-1.129	0.000652105
-1.128	0.000657254
-1.127	0.000662443
-1.126	0.000667671
-1.125	0.000672939
-1.124	0.000678246
-1.123	0.000683594
-1.122	0.000688982
-1.121	0.000694411
-1.12	0.000699883
-1.119	0.000705395
-1.118	0.00071095
-1.117	0.000716546
-1.116	0.000722185
-1.115	0.000727868
-1.114	0.000733595
-1.113	0.000739365
-1.112	0.000745178
-1.111	0.000751037
-1.11	0.000756941
-1.109	0.000762891
-1.108	0.000768886
-1.107	0.000774927
-1.106	0.000781016
-1.105	0.000787151
-1.104	0.000793334
-1.103	0.000799565
-1.102	0.000805845
-1.101	0.000812174
-1.1	0.000818551
-1.099	0.000824978
-1.098	0.000831456
-1.097	0.000837985
-1.096	0.000844564
-1.095	0.000851197
-1.094	0.000857881
-1.093	0.000864617
-1.092	0.000871407
-1.091	0.00087825
-1.09	0.000885148
-1.089	0.000892101
-1.088	0.000899108
-1.087	0.000906171
-1.086	0.000913291
-1.085	0.000920466
-1.084	0.000927699
-1.083	0.000934991
-1.082	0.00094234
-1.081	0.000949747
-1.08	0.000957215
-1.079	0.000964742
-1.078	0.00097233
-1.077	0.000979979
-1.076	0.000987687
-1.075	0.000995459
-1.074	0.00100329
-1.073	0.00101119
-1.072	0.00101915
-1.071	0.00102718
-1.07	0.00103526
-1.069	0.00104342
-1.068	0.00105164
-1.067	0.00105992
-1.066	0.00106828
-1.065	0.0010767
-1.064	0.00108519
-1.063	0.00109374
-1.062	0.00110237
-1.061	0.00111106
-1.06	0.00111983
-1.059	0.00112866
-1.058	0.00113757
-1.057	0.00114655
-1.056	0.0011556
-1.055	0.00116472
-1.054	0.00117391
-1.053	0.00118318
-1.052	0.00119253
-1.051	0.00120194
-1.05	0.00121144
-1.049	0.00122101
-1.048	0.00123065
-1.047	0.00124038
-1.046	0.00125018
-1.045	0.00126006
-1.044	0.00127001
-1.043	0.00128005
-1.042	0.00129017
-1.041	0.00130036
-1.04	0.00131064
-1.039	0.001321
-1.038	0.00133144
-1.037	0.00134197
-1.036	0.00135257
-1.035	0.00136326
-1.034	0.00137404
-1.033	0.00138489
-1.032	0.00139584
-1.031	0.00140687
-1.03	0.00141799
-1.029	0.0014292
-1.028	0.00144049
-1.027	0.00145187
-1.026	0.00146334
-1.025	0.0014749
-1.024	0.00148655
-1.023	0.00149829
-1.022	0.00151013
-1.021	0.00152205
-1.02	0.00153407
-1.019	0.00154618
-1.018	0.00155839
-1.017	0.00157069
-1.016	0.00158309
-1.015	0.00159559
-1.014	0.00160818
-1.013	0.00162087
-1.012	0.00163365
-1.011	0.00164654
-1.01	0.00165953
-1.009	0.00167262
-1.008	0.00168581
-1.007	0.0016991
-1.006	0.00171249
-1.005	0.00172599
-1.004	0.0017396
-1.003	0.00175331
-1.002	0.00176712
-1.001	0.00178104
-1	0.00179508
-0.999	0.00180922
-0.998	0.00182347
-0.997	0.00183783
-0.996	0.0018523
-0.995	0.00186689
-0.994	0.00188158
-0.993	0.0018964
-0.992	0.00191133
-0.991	0.00192637
-0.99	0.00194153
-0.989	0.00195681
-0.988	0.00197221
-0.987	0.00198773
-0.986	0.00200337
-0.985	0.00201914
-0.984	0.00203502
-0.983	0.00205103
-0.982	0.00206717
-0.981	0.00208343
-0.98	0.00209982
-0.979	0.00211634
-0.978	0.00213299
-0.977	0.00214976
-0.976	0.00216667
-0.975	0.00218372
-0.974	0.00220089
-0.973	0.00221821
-0.972	0.00223566
-0.971	0.00225324
-0.97	0.00227097
-0.969	0.00228883
-0.968	0.00230684
-0.967	0.00232499
-0.966	0.00234328
-0.965	0.00236171
-0.964	0.0023803
-0.963	0.00239902
-0.962	0.0024179
-0.961	0.00243693
-0.96	0.00245611
-0.959	0.00247543
-0.958	0.00249492
-0.957	0.00251456
-0.956	0.00253435
-0.955	0.0025543
-0.954	0.00257441
-0.953	0.00259468
-0.952	0.00261511
-0.951	0.0026357
-0.95	0.00265645
-0.949	0.00267737
-0.948	0.00269846
-0.947	0.00271971
-0.946	0.00274113
-0.945	0.00276273
-0.944	0.00278449
-0.943	0.00280643
-0.942	0.00282854
-0.941	0.00285083
-0.94	0.00287329
-0.939	0.00289594
-0.938	0.00291876
-0.937	0.00294176
-0.936	0.00296495
-0.935	0.00298832
-0.934	0.00301188
-0.933	0.00303563
-0.932	0.00305956
-0.931	0.00308368
-0.93	0.003108
-0.929	0.0031325
-0.928	0.00315721
-0.927	0.0031821
-0.926	0.0032072
-0.925	0.00323249
-0.924	0.00325798
-0.923	0.00328368
-0.922	0.00330958
-0.921	0.00333569
-0.92	0.003362
-0.919	0.00338851
-0.918	0.00341525
-0.917	0.00344218
-0.916	0.00346934
-0.915	0.0034967
-0.914	0.00352428
-0.913	0.00355208
-0.912	0.0035801
-0.911	0.00360834
-0.91	0.00363681
-0.909	0.0036655
-0.908	0.0036944
-0.907	0.00372355
-0.906	0.00375292
-0.905	0.00378252
-0.904	0.00381235
-0.903	0.00384242
-0.902	0.00387272
-0.901	0.00390327
-0.9	0.00393405
-0.899	0.00396508
-0.898	0.00399634
-0.897	0.00402786
-0.896	0.00405962
-0.895	0.00409163
-0.894	0.00412389
-0.893	0.0041564
-0.892	0.00418917
-0.891	0.0042222
-0.89	0.00425548
-0.889	0.00428902
-0.888	0.00432283
-0.887	0.00435691
-0.886	0.00439124
-0.885	0.00442586
-0.884	0.00446074
-0.883	0.00449589
-0.882	0.00453131
-0.881	0.00456702
-0.88	0.00460301
-0.879	0.00463927
-0.878	0.00467583
-0.877	0.00471267
-0.876	0.00474979
-0.875	0.0047872
-0.874	0.00482492
-0.873	0.00486292
-0.872	0.00490122
-0.871	0.00493983
-0.87	0.00497874
-0.869	0.00501795
-0.868	0.00505747
-0.867	0.0050973
-0.866	0.00513744
-0.865	0.0051779
-0.864	0.00521868
-0.863	0.00525977
-0.862	0.00530119
-0.861	0.00534293
-0.86	0.005385
-0.859	0.00542741
-0.858	0.00547014
-0.857	0.00551322
-0.856	0.00555663
-0.855	0.00560037
-0.854	0.00564447
-0.853	0.00568892
-0.852	0.00573371
-0.851	0.00577886
-0.85	0.00582436
-0.849	0.00587022
-0.848	0.00591644
-0.847	0.00596303
-0.846	0.00600998
-0.845	0.00605731
-0.844	0.00610501
-0.843	0.00615308
-0.842	0.00620154
-0.841	0.00625037
-0.84	0.00629959
-0.839	0.0063492
-0.838	0.0063992
-0.837	0.0064496
-0.836	0.0065004
-0.835	0.0065516
-0.834	0.0066032
-0.833	0.00665521
-0.832	0.00670763
-0.831	0.00676046
-0.83	0.00681371
-0.829	0.00686738
-0.828	0.00692148
-0.827	0.00697601
-0.826	0.00703097
-0.825	0.00708636
-0.824	0.00714219
-0.823	0.00719846
-0.822	0.00725518
-0.821	0.00731234
-0.82	0.00736996
-0.819	0.00742803
-0.818	0.00748656
-0.817	0.00754556
-0.816	0.00760502
-0.815	0.00766495
-0.814	0.00772535
-0.813	0.00778624
-0.812	0.00784759
-0.811	0.00790945
-0.81	0.00797178
-0.809	0.00803461
-0.808	0.00809793
-0.807	0.00816176
-0.806	0.00822609
-0.805	0.00829092
-0.804	0.00835628
-0.803	0.00842215
-0.802	0.00848853
-0.801	0.00855544
-0.8	0.00862289
-0.799	0.00869086
-0.798	0.00875937
-0.797	0.00882841
-0.796	0.00889802
-0.795	0.00896816
-0.794	0.00903885
-0.793	0.00911011
-0.792	0.00918192
-0.791	0.00925431
-0.79	0.00932726
-0.789	0.00940079
-0.788	0.00947489
-0.787	0.00954959
-0.786	0.00962487
-0.785	0.00970075
-0.784	0.00977721
-0.783	0.00985429
-0.782	0.00993198
-0.781	0.0100103
-0.78	0.0100892
-0.779	0.0101687
-0.778	0.0102489
-0.777	0.0103297
-0.776	0.0104111
-0.775	0.0104932
-0.774	0.0105759
-0.773	0.0106592
-0.772	0.0107432
-0.771	0.0108279
-0.77	0.0109133
-0.769	0.0109993
-0.768	0.011086
-0.767	0.0111734
-0.766	0.0112614
-0.765	0.0113502
-0.764	0.0114396
-0.763	0.0115298
-0.762	0.0116207
-0.761	0.0117122
-0.76	0.0118045
-0.759	0.0118976
-0.758	0.0119913
-0.757	0.0120858
-0.756	0.0121811
-0.755	0.012277
-0.754	0.0123738
-0.753	0.0124713
-0.752	0.0125696
-0.751	0.0126686
-0.75	0.0127684
-0.749	0.012869
-0.748	0.0129704
-0.747	0.0130726
-0.746	0.0131756
-0.745	0.0132794
-0.744	0.013384
-0.743	0.0134895
-0.742	0.0135957
-0.741	0.0137028
-0.74	0.0138108
-0.739	0.0139196
-0.738	0.0140293
-0.737	0.0141398
-0.736	0.0142512
-0.735	0.0143634
-0.734	0.0144766
-0.733	0.0145906
-0.732	0.0147056
-0.731	0.0148214
-0.73	0.0149382
-0.729	0.0150559
-0.728	0.0151745
-0.727	0.015294
-0.726	0.0154145
-0.725	0.0155359
-0.724	0.0156583
-0.723	0.0157817
-0.722	0.015906
-0.721	0.0160313
-0.72	0.0161576
-0.719	0.0162849
-0.718	0.0164132
-0.717	0.0165425
-0.716	0.0166728
-0.715	0.0168042
-0.714	0.0169366
-0.713	0.01707
-0.712	0.0172045
-0.711	0.0173401
-0.71	0.0174767
-0.709	0.0176144
-0.708	0.0177531
-0.707	0.017893
-0.706	0.018034
-0.705	0.0181761
-0.704	0.0183194
-0.703	0.0184637
-0.702	0.0186092
-0.701	0.0187558
-0.7	0.0189036
-0.699	0.0190526
-0.698	0.0192027
-0.697	0.0193541
-0.696	0.0195066
-0.695	0.0196603
-0.694	0.0198153
-0.693	0.0199714
-0.692	0.0201288
-0.691	0.0202875
-0.69	0.0204473
-0.689	0.0206085
-0.688	0.0207709
-0.687	0.0209346
-0.686	0.0210996
-0.685	0.0212659
-0.684	0.0214335
-0.683	0.0216024
-0.682	0.0217727
-0.681	0.0219443
-0.68	0.0221173
-0.679	0.0222916
-0.678	0.0224673
-0.677	0.0226444
-0.676	0.0228228
-0.675	0.0230027
-0.674	0.023184
-0.673	0.0233668
-0.672	0.0235509
-0.671	0.0237366
-0.67	0.0239236
-0.669	0.0241122
-0.668	0.0243023
-0.667	0.0244938
-0.666	0.0246869
-0.665	0.0248814
-0.664	0.0250775
-0.663	0.0252752
-0.662	0.0254744
-0.661	0.0256752
-0.66	0.0258776
-0.659	0.0260815
-0.658	0.0262871
-0.657	0.0264943
-0.656	0.0267031
-0.655	0.0269136
-0.654	0.0271257
-0.653	0.0273395
-0.652	0.027555
-0.651	0.0277721
-0.65	0.027991
-0.649	0.0282116
-0.648	0.028434
-0.647	0.0286581
-0.646	0.028884
-0.645	0.0291116
-0.644	0.029341
-0.643	0.0295723
-0.642	0.0298054
-0.641	0.0300402
-0.64	0.030277
-0.639	0.0305156
-0.638	0.0307561
-0.637	0.0309985
-0.636	0.0312428
-0.635	0.031489
-0.634	0.0317372
-0.633	0.0319873
-0.632	0.0322394
-0.631	0.0324935
-0.63	0.0327495
-0.629	0.0330076
-0.628	0.0332677
-0.627	0.0335299
-0.626	0.0337941
-0.625	0.0340604
-0.624	0.0343289
-0.623	0.0345994
-0.622	0.034872
-0.621	0.0351468
-0.62	0.0354238
-0.619	0.035703
-0.618	0.0359844
-0.617	0.0362679
-0.616	0.0365537
-0.615	0.0368417
-0.614	0.0371321
-0.613	0.0374246
-0.612	0.0377195
-0.611	0.0380168
-0.61	0.0383163
-0.609	0.0386182
-0.608	0.0389225
-0.607	0.0392293
-0.606	0.0395384
-0.605	0.0398499
-0.604	0.0401639
-0.603	0.0404804
-0.602	0.0407994
-0.601	0.0411209
-0.6	0.0414449
-0.599	0.0417715
-0.598	0.0421007
-0.597	0.0424324
-0.596	0.0427668
-0.595	0.0431038
-0.594	0.0434434
-0.593	0.0437857
-0.592	0.0441307
-0.591	0.0444785
-0.59	0.044829
-0.589	0.0451823
-0.588	0.0455383
-0.587	0.0458972
-0.586	0.0462588
-0.585	0.0466234
-0.584	0.0469908
-0.583	0.0473611
-0.582	0.0477344
-0.581	0.0481105
-0.58	0.0484897
-0.579	0.0488718
-0.578	0.0492569
-0.577	0.0496451
-0.576	0.0500364
-0.575	0.0504307
-0.574	0.0508282
-0.573	0.0512287
-0.572	0.0516325
-0.571	0.0520394
-0.57	0.0524496
-0.569	0.0528629
-0.568	0.0532795
-0.567	0.0536995
-0.566	0.0541227
-0.565	0.0545493
-0.564	0.0549792
-0.563	0.0554125
-0.562	0.0558492
-0.561	0.0562894
-0.56	0.0567331
-0.559	0.0571802
-0.558	0.0576309
-0.557	0.0580852
-0.556	0.058543
-0.555	0.0590044
-0.554	0.0594694
-0.553	0.0599382
-0.552	0.0604106
-0.551	0.0608867
-0.55	0.0613666
-0.549	0.0618503
-0.548	0.0623378
-0.547	0.0628291
-0.546	0.0633243
-0.545	0.0638234
-0.544	0.0643264
-0.543	0.0648334
-0.542	0.0653444
-0.541	0.0658594
-0.54	0.0663785
-0.539	0.0669016
-0.538	0.067429
-0.537	0.0679604
-0.536	0.068496
-0.535	0.0690358
-0.534	0.0695799
-0.533	0.0701283
-0.532	0.070681
-0.531	0.0712381
-0.53	0.0717995
-0.529	0.0723654
-0.528	0.0729356
-0.527	0.0735105
-0.526	0.0740899
-0.525	0.0746739
-0.524	0.0752624
-0.523	0.0758555
-0.522	0.0764533
-0.521	0.0770558
-0.52	0.0776632
-0.519	0.0782752
-0.518	0.0788921
-0.517	0.0795139
-0.516	0.0801406
-0.515	0.0807722
-0.514	0.0814088
-0.513	0.0820504
-0.512	0.082697
-0.511	0.0833488
-0.51	0.0840056
-0.509	0.0846677
-0.508	0.085335
-0.507	0.0860075
-0.506	0.0866854
-0.505	0.0873686
-0.504	0.0880571
-0.503	0.0887511
-0.502	0.0894506
-0.501	0.0901555
-0.5	0.090866
-0.499	0.0915821
-0.498	0.0923039
-0.497	0.0930314
-0.496	0.0937646
-0.495	0.0945035
-0.494	0.0952483
-0.493	0.095999
-0.492	0.0967555
-0.491	0.0975181
-0.49	0.0982866
-0.489	0.0990612
-0.488	0.0998419
-0.487	0.100629
-0.486	0.101422
-0.485	0.102221
-0.484	0.103027
-0.483	0.103839
-0.482	0.104657
-0.481	0.105482
-0.48	0.106313
-0.479	0.107151
-0.478	0.107995
-0.477	0.108846
-0.476	0.109704
-0.475	0.110569
-0.474	0.11144
-0.473	0.112318
-0.472	0.113204
-0.471	0.114096
-0.47	0.114995
-0.469	0.115901
-0.468	0.116815
-0.467	0.117735
-0.466	0.118663
-0.465	0.119598
-0.464	0.120541
-0.463	0.121491
-0.462	0.122448
-0.461	0.123413
-0.46	0.124386
-0.459	0.125366
-0.458	0.126354
-0.457	0.12735
-0.456	0.128353
-0.455	0.129365
-0.454	0.130384
-0.453	0.131412
-0.452	0.132448
-0.451	0.133491
-0.45	0.134544
-0.449	0.135604
-0.448	0.136673
-0.447	0.13775
-0.446	0.138835
-0.445	0.13993
-0.444	0.141032
-0.443	0.142144
-0.442	0.143264
-0.441	0.144394
-0.44	0.145531
-0.439	0.146679
-0.438	0.147835
-0.437	0.149
-0.436	0.150174
-0.435	0.151358
-0.434	0.152551
-0.433	0.153753
-0.432	0.154965
-0.431	0.156186
-0.43	0.157417
-0.429	0.158658
-0.428	0.159908
-0.427	0.161169
-0.426	0.162439
-0.425	0.163719
-0.424	0.16501
-0.423	0.16631
-0.422	0.167621
-0.421	0.168942
-0.42	0.170274
-0.419	0.171616
-0.418	0.172969
-0.417	0.174332
-0.416	0.175706
-0.415	0.177091
-0.414	0.178535
-0.413	0.180091
-0.412	0.181759
-0.411	0.18354
-0.41	0.185434
-0.409	0.187443
-0.408	0.189566
-0.407	0.191804
-0.406	0.194156
-0.405	0.196621
-0.404	0.199201
-0.403	0.201894
-0.402	0.204699
-0.401	0.207615
-0.4	0.210641
-0.399	0.213776
-0.398	0.217018
-0.397	0.220366
-0.396	0.223818
-0.395	0.227371
-0.394	0.231024
-0.393	0.234775
-0.392	0.238621
-0.391	0.24256
-0.39	0.246588
-0.389	0.250703
-0.388	0.254902
-0.387	0.259183
-0.386	0.263542
-0.385	0.267975
-0.384	0.27248
-0.383	0.277053
-0.382	0.281689
-0.381	0.286387
-0.38	0.291142
-0.379	0.295951
-0.378	0.300809
-0.377	0.305713
-0.376	0.310659
-0.375	0.315643
-0.374	0.320661
-0.373	0.32571
-0.372	0.330785
-0.371	0.335882
-0.37	0.340998
-0.369	0.346128
-0.368	0.351269
-0.367	0.356417
-0.366	0.361568
-0.365	0.366718
-0.364	0.371912
-0.363	0.377198
-0.362	0.382567
-0.361	0.388015
-0.36	0.393534
-0.359	0.399116
-0.358	0.404757
-0.357	0.410448
-0.356	0.416183
-0.355	0.421954
-0.354	0.427755
-0.353	0.433579
-0.352	0.439418
-0.351	0.445265
-0.35	0.451113
-0.349	0.456956
-0.348	0.462785
-0.347	0.468594
-0.346	0.474375
-0.345	0.480122
-0.344	0.485827
-0.343	0.491483
-0.342	0.497085
-0.341	0.502624
-0.34	0.508095
-0.339	0.513488
-0.338	0.5188
-0.337	0.524023
-0.336	0.529151
-0.335	0.534178
-0.334	0.539097
-0.333	0.543903
-0.332	0.548588
-0.331	0.55315
-0.33	0.55758
-0.329	0.561876
-0.328	0.56603
-0.327	0.570038
-0.326	0.573894
-0.325	0.577595
-0.324	0.581137
-0.323	0.584514
-0.322	0.587723
-0.321	0.59076
-0.32	0.593621
-0.319	0.596303
-0.318	0.598804
-0.317	0.601118
-0.316	0.603246
-0.315	0.605183
-0.314	0.606929
-0.313	0.608478
-0.312	0.609833
-0.311	0.610991
-0.31	0.611948
-0.309	0.612708
-0.308	0.613266
-0.307	0.613624
-0.306	0.613781
-0.305	0.613737
-0.304	0.613492
-0.303	0.613047
-0.302	0.612403
-0.301	0.61156
-0.3	0.610523
-0.299	0.609287
-0.298	0.60786
-0.297	0.60624
-0.296	0.604433
-0.295	0.602439
-0.294	0.60026
-0.293	0.597902
-0.292	0.595365
-0.291	0.592656
-0.29	0.589775
-0.289	0.586729
-0.288	0.58352
-0.287	0.580153
-0.286	0.576633
-0.285	0.572963
-0.284	0.569151
-0.283	0.5652
-0.282	0.561117
-0.281	0.556904
-0.28	0.552569
-0.279	0.548118
-0.278	0.543555
-0.277	0.538889
-0.276	0.534124
-0.275	0.529267
-0.274	0.524324
-0.273	0.519302
-0.272	0.514207
-0.271	0.509046
-0.27	0.503828
-0.269	0.498555
-0.268	0.493238
-0.267	0.487883
-0.266	0.482497
-0.265	0.477087
-0.264	0.471659
-0.263	0.466222
-0.262	0.460782
-0.261	0.455347
-0.26	0.449923
-0.259	0.444518
-0.258	0.43914
-0.257	0.433793
-0.256	0.428487
-0.255	0.423228
-0.254	0.418023
-0.253	0.412878
-0.252	0.407801
-0.251	0.4028
-0.25	0.397878
-0.249	0.393044
-0.248	0.388304
-0.247	0.383663
-0.246	0.379129
-0.245	0.374707
-0.244	0.370403
-0.243	0.366223
-0.242	0.362173
-0.241	0.358257
-0.24	0.354481
-0.239	0.35085
-0.238	0.347369
-0.237	0.344043
-0.236	0.340875
-0.235	0.337873
-0.234	0.335035
-0.233	0.332371
-0.232	0.32988
-0.231	0.327568
-0.23	0.325439
-0.229	0.323492
-0.228	0.321735
-0.227	0.320166
-0.226	0.318789
-0.225	0.317607
-0.224	0.31662
-0.223	0.315831
-0.222	0.31524
-0.221	0.314849
-0.22	0.314658
-0.219	0.314668
-0.218	0.314879
-0.217	0.315293
-0.216	0.315906
-0.215	0.316719
-0.214	0.317733
-0.213	0.318945
-0.212	0.320354
-0.211	0.321959
-0.21	0.323759
-0.209	0.325751
-0.208	0.327932
-0.207	0.330301
-0.206	0.332854
-0.205	0.335588
-0.204	0.338503
-0.203	0.341591
-0.202	0.34485
-0.201	0.348278
-0.2	0.351868
-0.199	0.355618
-0.198	0.359523
-0.197	0.363578
-0.196	0.367778
-0.195	0.372118
-0.194	0.376592
-0.193	0.381198
-0.192	0.385926
-0.191	0.390773
-0.19	0.395732
-0.189	0.400797
-0.188	0.405963
-0.187	0.411222
-0.186	0.416569
-0.185	0.421998
-0.184	0.4275
-0.183	0.433071
-0.182	0.438702
-0.181	0.444387
-0.18	0.45012
-0.179	0.455893
-0.178	0.461699
-0.177	0.467532
-0.176	0.473382
-0.175	0.479245
-0.174	0.485112
-0.173	0.490978
-0.172	0.496833
-0.171	0.502672
-0.17	0.508487
-0.169	0.51427
-0.168	0.520017
-0.167	0.525716
-0.166	0.531365
-0.165	0.536955
-0.164	0.54248
-0.163	0.547931
-0.162	0.553304
-0.161	0.558592
-0.16	0.563785
-0.159	0.568883
-0.158	0.573875
-0.157	0.578757
-0.156	0.583523
-0.155	0.588166
-0.154	0.592682
-0.153	0.597064
-0.152	0.601308
-0.151	0.605408
-0.15	0.609361
-0.149	0.613159
-0.148	0.616798
-0.147	0.620278
-0.146	0.62359
-0.145	0.626733
-0.144	0.629701
-0.143	0.632492
-0.142	0.635103
-0.141	0.637529
-0.14	0.63977
-0.139	0.641822
-0.138	0.643682
-0.137	0.645349
-0.136	0.646821
-0.135	0.648095
-0.134	0.649173
-0.133	0.650051
-0.132	0.650728
-0.131	0.651205
-0.13	0.651481
-0.129	0.651557
-0.128	0.651432
-0.127	0.651105
-0.126	0.65058
-0.125	0.649855
-0.124	0.648935
-0.123	0.647816
-0.122	0.646504
-0.121	0.644999
-0.12	0.643305
-0.119	0.641422
-0.118	0.639355
-0.117	0.637105
-0.116	0.634676
-0.115	0.632071
-0.114	0.629295
-0.113	0.626349
-0.112	0.623241
-0.111	0.61997
-0.11	0.616547
-0.109	0.612971
-0.108	0.609248
-0.107	0.605386
-0.106	0.601385
-0.105	0.597256
-0.104	0.593
-0.103	0.588627
-0.102	0.584138
-0.101	0.579542
-0.1	0.574846
