-4	0
-3.999	0
-3.998	0
-3.997	0
-3.996	0
-3.995	0
-3.994	0
-3.993	0
-3.992	0
-3.991	0
-3.99	0
-3.989	0
-3.988	0
-3.987	0
-3.986	0
-3.985	0
-3.984	0
-3.983	0
-3.982	0
-3.981	0
-3.98	0
-3.979	0
-3.978	0
-3.977	0
-3.976	0
-3.975	0
-3.974	0
-3.973	0
-3.972	0
-3.971	0
-3.97	0
-3.969	0
-3.968	0
-3.967	0
-3.966	0
-3.965	0
-3.964	0
-3.963	0
-3.962	0
-3.961	0
-3.96	0
-3.959	0
-3.958	0
-3.957	0
-3.956	0
-3.955	0
-3.954	0
-3.953	0
-3.952	0
-3.951	0
-3.95	0
-3.949	0
-3.948	0
-3.947	0
-3.946	0
-3.945	0
-3.944	0
-3.943	0
-3.942	0
-3.941	0
-3.94	0
-3.939	0
-3.938	0
-3.937	0
-3.936	0
-3.935	0
-3.934	0
-3.933	0
-3.932	0
-3.931	0
-3.93	0
-3.929	0
-3.928	0
-3.927	0
-3.926	0
-3.925	0
-3.924	0
-3.923	0
-3.922	0
-3.921	0
-3.92	0
-3.919	0
-3.918	0
-3.917	0
-3.916	0
-3.915	0
-3.914	0
-3.913	0
-3.912	0
-3.911	0
-3.91	0
-3.909	0
-3.908	0
-3.907	0
-3.906	0
-3.905	0
-3.904	0
-3.903	0
-3.902	0
-3.901	0
-3.9	0
-3.899	0
-3.898	0
-3.897	0
-3.896	0
-3.895	0
-3.894	0
-3.893	0
-3.892	0
-3.891	0
-3.89	0
-3.889	0
-3.888	0
-3.887	0
-3.886	0
-3.885	0
-3.884	0
-3.883	0
-3.882	0
-3.881	0
-3.88	0
-3.879	0
-3.878	0
-3.877	0
-3.876	0
-3.875	0
-3.874	0
-3.873	0
-3.872	0
-3.871	0
-3.87	0
-3.869	0
-3.868	0
-3.867	0
-3.866	0
-3.865	0
-3.864	0
-3.863	0
-3.862	0
-3.861	0
-3.86	0
-3.859	0
-3.858	0
-3.857	0
-3.856	0
-3.855	0
-3.854	0
-3.853	0
-3.852	0
-3.851	0
-3.85	0
-3.849	0
-3.848	0
-3.847	0
-3.846	0
-3.845	0
-3.844	0
-3.843	0
-3.842	0
-3.841	0
-3.84	0
-3.839	0
-3.838	0
-3.837	0
-3.836	0
-3.835	0
-3.834	0
-3.833	0
-3.832	0
-3.831	0
-3.83	0
-3.829	0
-3.828	0
-3.827	0
-3.826	0
-3.825	0
-3.824	0
-3.823	0
-3.822	0
-3.821	0
-3.82	0
-3.819	0
-3.818	0
-3.817	0
-3.816	0
-3.815	0
-3.814	0
-3.813	0
-3.812	0
-3.811	0
-3.81	0
-3.809	0
-3.808	1.34213e-076
-3.807	6.94563e-076
-3.806	1.65353e-075
-3.805	3.49736e-075
-3.804	7.78792e-075
-3.803	1.68746e-074
-3.802	3.20924e-074
-3.801	5.54936e-074
-3.8	1.00132e-073
-3.799	1.84388e-073
-3.798	3.22038e-073
-3.797	5.27029e-073
-3.796	8.70247e-073
-3.795	1.4836e-072
-3.794	2.59515e-072
-3.793	4.52353e-072
-3.792	7.65302e-072
-3.791	1.27063e-071
-3.79	2.12634e-071
-3.789	3.5948e-071
-3.788	6.06331e-071
-3.787	1.01429e-070
-3.786	1.68709e-070
-3.785	2.80011e-070
-3.784	4.64785e-070
-3.783	7.72527e-070
-3.782	1.28638e-069
-3.781	2.14275e-069
-3.78	3.57171e-069
-3.779	5.95345e-069
-3.778	9.91244e-069
-3.777	1.64855e-068
-3.776	2.73835e-068
-3.775	4.54082e-068
-3.774	7.51594e-068
-3.773	1.24188e-067
-3.772	2.04829e-067
-3.771	3.37237e-067
-3.77	5.54276e-067
-3.769	9.09421e-067
-3.768	1.48957e-066
-3.767	2.43571e-066
-3.766	3.97607e-066
-3.765	6.47953e-066
-3.764	1.05414e-065
-3.763	1.71204e-065
-3.762	2.77579e-065
-3.761	4.49278e-065
-3.76	7.25932e-065
-3.759	1.17093e-064
-3.758	1.88544e-064
-3.757	3.03073e-064
-3.756	4.86329e-064
-3.755	7.79042e-064
-3.754	1.24577e-063
-3.753	1.98866e-063
-3.752	3.16904e-063
-3.751	5.04124e-063
-3.75	8.0055e-063
-3.749	1.26905e-062
-3.748	2.00821e-062
-3.747	3.17232e-062
-3.746	5.00243e-062
-3.745	7.87445e-062
-3.744	1.23735e-061
-3.743	1.94088e-061
-3.742	3.03904e-061
-3.741	4.7501e-061
-3.74	7.41137e-061
-3.739	1.15431e-060
-3.738	1.79462e-060
-3.737	2.78514e-060
-3.736	4.31465e-060
-3.735	6.67215e-060
-3.734	1.02993e-059
-3.733	1.58698e-059
-3.732	2.44091e-059
-3.731	3.74757e-059
-3.73	5.74333e-059
-3.729	8.78604e-059
-3.728	1.34164e-058
-3.727	2.04499e-058
-3.726	3.11142e-058
-3.725	4.72535e-058
-3.724	7.1634e-058
-3.723	1.08396e-057
-3.722	1.63723e-057
-3.721	2.46839e-057
-3.72	3.71467e-057
-3.719	5.57995e-057
-3.718	8.36645e-057
-3.717	1.25214e-056
-3.716	1.87052e-056
-3.715	2.78913e-056
-3.714	4.15119e-056
-3.713	6.16697e-056
-3.712	9.14461e-056
-3.711	1.35348e-055
-3.71	1.99954e-055
-3.709	2.94848e-055
-3.708	4.33966e-055
-3.707	6.37531e-055
-3.706	9.34833e-055
-3.705	1.36821e-054
-3.704	1.99874e-054
-3.703	2.91437e-054
-3.702	4.24146e-054
-3.701	6.16123e-054
-3.7	8.93305e-054
-3.699	1.29274e-053
-3.698	1.86725e-053
-3.697	2.69197e-053
-3.696	3.87359e-053
-3.695	5.56331e-053
-3.694	7.97493e-053
-3.693	1.14102e-052
-3.692	1.62942e-052
-3.691	2.32244e-052
-3.69	3.30389e-052
-3.689	4.69113e-052
-3.688	6.6481e-052
-3.687	9.40342e-052
-3.686	1.32752e-051
-3.685	1.87052e-051
-3.684	2.63057e-051
-3.683	3.69233e-051
-3.682	5.17268e-051
-3.681	7.2326e-051
-3.68	1.00933e-050
-3.679	1.40585e-050
-3.678	1.95435e-050
-3.677	2.7116e-050
-3.676	3.755e-050
-3.675	5.18982e-050
-3.674	7.15903e-050
-3.673	9.8563e-050
-3.672	1.35435e-049
-3.671	1.8574e-049
-3.67	2.54236e-049
-3.669	3.47316e-049
-3.668	4.73553e-049
-3.667	6.44418e-049
-3.666	8.7523e-049
-3.665	1.1864e-048
-3.664	1.60508e-048
-3.663	2.16728e-048
-3.662	2.92071e-048
-3.661	3.9284e-048
-3.66	5.27348e-048
-3.659	7.06535e-048
-3.658	9.44765e-048
-3.657	1.26086e-047
-3.656	1.67945e-047
-3.655	2.23264e-047
-3.654	2.96229e-047
-3.653	3.92273e-047
-3.652	5.18449e-047
-3.651	6.83877e-047
-3.65	9.00339e-047
-3.649	1.18301e-046
-3.648	1.55142e-046
-3.647	2.03062e-046
-3.646	2.65267e-046
-3.645	3.45856e-046
-3.644	4.50057e-046
-3.643	5.84518e-046
-3.642	7.57685e-046
-3.641	9.80256e-046
-3.64	1.26576e-045
-3.639	1.63128e-045
-3.638	2.0983e-045
-3.637	2.69383e-045
-3.636	3.45175e-045
-3.635	4.41443e-045
-3.634	5.63478e-045
-3.633	7.17875e-045
-3.632	9.12831e-045
-3.631	1.15852e-044
-3.63	1.46753e-044
-3.629	1.85544e-044
-3.628	2.34143e-044
-3.627	2.94912e-044
-3.626	3.7075e-044
-3.625	4.65212e-044
-3.624	5.82641e-044
-3.623	7.2834e-044
-3.622	9.08766e-044
-3.621	1.13177e-043
-3.62	1.40685e-043
-3.619	1.74555e-043
-3.618	2.16175e-043
-3.617	2.67223e-043
-3.616	3.29713e-043
-3.615	4.06066e-043
-3.614	4.99179e-043
-3.613	6.12515e-043
-3.612	7.50206e-043
-3.611	9.17169e-043
-3.61	1.11925e-042
-3.609	1.36336e-042
-3.608	1.65771e-042
-3.607	2.01195e-042
-3.606	2.43749e-042
-3.605	2.94771e-042
-3.604	3.55832e-042
-3.603	4.28773e-042
-3.602	5.15743e-042
-3.601	6.19247e-042
-3.6	7.42201e-042
-3.599	8.87991e-042
-3.598	1.06054e-041
-3.597	1.26437e-041
-3.596	1.50473e-041
-3.595	1.78764e-041
-3.594	2.12001e-041
-3.593	2.50978e-041
-3.592	2.96601e-041
-3.591	3.49907e-041
-3.59	4.12075e-041
-3.589	4.84445e-041
-3.588	5.68535e-041
-3.587	6.66066e-041
-3.586	7.78976e-041
-3.585	9.09451e-041
-3.584	1.05994e-040
-3.583	1.23321e-040
-3.582	1.43231e-040
-3.581	1.66069e-040
-3.58	1.92216e-040
-3.579	2.22094e-040
-3.578	2.56173e-040
-3.577	2.94968e-040
-3.576	3.3905e-040
-3.575	3.89042e-040
-3.574	4.45626e-040
-3.573	5.09549e-040
-3.572	5.81618e-040
-3.571	6.62714e-040
-3.57	7.53781e-040
-3.569	8.5584e-040
-3.568	9.69982e-040
-3.567	1.09737e-039
-3.566	1.23925e-039
-3.565	1.39692e-039
-3.564	1.57176e-039
-3.563	1.7652e-039
-3.562	1.97875e-039
-3.561	2.21394e-039
-3.56	2.47236e-039
-3.559	2.75559e-039
-3.558	3.06525e-039
-3.557	3.40293e-039
-3.556	3.77019e-039
-3.555	4.1685e-039
-3.554	4.59926e-039
-3.553	5.06374e-039
-3.552	5.56301e-039
-3.551	6.09792e-039
-3.55	6.66906e-039
-3.549	7.27669e-039
-3.548	7.92067e-039
-3.547	8.60039e-039
-3.546	9.31473e-039
-3.545	1.00619e-038
-3.544	1.08395e-038
-3.543	1.16443e-038
-3.542	1.24722e-038
-3.541	1.33181e-038
-3.54	1.41759e-038
-3.539	1.50385e-038
-3.538	1.58973e-038
-3.537	1.67427e-038
-3.536	1.75637e-038
-3.535	1.83479e-038
-3.534	1.90816e-038
-3.533	1.97497e-038
-3.532	2.0336e-038
-3.531	2.0823e-038
-3.53	2.11925e-038
-3.529	2.14255e-038
-3.528	2.15027e-038
-3.527	2.14051e-038
-3.526	2.11146e-038
-3.525	2.06145e-038
-3.524	1.98911e-038
-3.523	1.8934e-038
-3.522	1.77385e-038
-3.521	1.63068e-038
-3.52	1.465e-038
-3.519	1.27912e-038
-3.518	1.07679e-038
-3.517	8.63572e-039
-3.516	6.47239e-039
-3.515	4.38265e-039
-3.514	2.50367e-039
-3.513	1.01159e-039
-3.512	1.28763e-040
-3.511	1.32418e-040
-3.51	1.36436e-039
-3.509	4.24227e-039
-3.508	9.2724e-039
-3.507	1.70642e-038
-3.506	2.83469e-038
-3.505	4.39883e-038
-3.504	6.50161e-038
-3.503	9.26416e-038
-3.502	1.28288e-037
-3.501	1.73618e-037
-3.5	2.30572e-037
-3.499	3.01405e-037
-3.498	3.88728e-037
-3.497	4.95557e-037
-3.496	6.25372e-037
-3.495	7.82166e-037
-3.494	9.70524e-037
-3.493	1.19569e-036
-3.492	1.46365e-036
-3.491	1.78123e-036
-3.49	2.15619e-036
-3.489	2.59734e-036
-3.488	3.11466e-036
-3.487	3.71946e-036
-3.486	4.42449e-036
-3.485	5.24415e-036
-3.484	6.19463e-036
-3.483	7.29417e-036
-3.482	8.56324e-036
-3.481	1.00248e-035
-3.48	1.17045e-035
-3.479	1.36311e-035
-3.478	1.58368e-035
-3.477	1.83573e-035
-3.476	2.12326e-035
-3.475	2.45072e-035
-3.474	2.82305e-035
-3.473	3.24574e-035
-3.472	3.72488e-035
-3.471	4.26722e-035
-3.47	4.88026e-035
-3.469	5.57226e-035
-3.468	6.35237e-035
-3.467	7.2307e-035
-3.466	8.21837e-035
-3.465	9.32767e-035
-3.464	1.05721e-034
-3.463	1.19666e-034
-3.462	1.35276e-034
-3.461	1.52728e-034
-3.46	1.72222e-034
-3.459	1.93973e-034
-3.458	2.18219e-034
-3.457	2.45219e-034
-3.456	2.75257e-034
-3.455	3.08644e-034
-3.454	3.45719e-034
-3.453	3.86853e-034
-3.452	4.3245e-034
-3.451	4.82951e-034
-3.45	5.38837e-034
-3.449	6.00629e-034
-3.448	6.68898e-034
-3.447	7.44263e-034
-3.446	8.27395e-034
-3.445	9.19025e-034
-3.444	1.01995e-033
-3.443	1.13102e-033
-3.442	1.25318e-033
-3.441	1.38742e-033
-3.44	1.53486e-033
-3.439	1.69666e-033
-3.438	1.87411e-033
-3.437	2.06859e-033
-3.436	2.2816e-033
-3.435	2.51475e-033
-3.434	2.76978e-033
-3.433	3.04856e-033
-3.432	3.35313e-033
-3.431	3.68565e-033
-3.43	4.04848e-033
-3.429	4.44415e-033
-3.428	4.87537e-033
-3.427	5.34507e-033
-3.426	5.85638e-033
-3.425	6.41269e-033
-3.424	7.0176e-033
-3.423	7.67501e-033
-3.422	8.38908e-033
-3.421	9.16428e-033
-3.42	1.00054e-032
-3.419	1.09176e-032
-3.418	1.19063e-032
-3.417	1.29774e-032
-3.416	1.41372e-032
-3.415	1.53924e-032
-3.414	1.67502e-032
-3.413	1.82183e-032
-3.412	1.98048e-032
-3.411	2.15185e-032
-3.41	2.33687e-032
-3.409	2.53654e-032
-3.408	2.75191e-032
-3.407	2.98412e-032
-3.406	3.23436e-032
-3.405	3.50392e-032
-3.404	3.79415e-032
-3.403	4.10652e-032
-3.402	4.44257e-032
-3.401	4.80392e-032
-3.4	5.19231e-032
-3.399	5.6096e-032
-3.398	6.05777e-032
-3.397	6.53887e-032
-3.396	7.05514e-032
-3.395	7.6089e-032
-3.394	8.20266e-032
-3.393	8.83902e-032
-3.392	9.52082e-032
-3.391	1.0251e-031
-3.39	1.10326e-031
-3.389	1.18691e-031
-3.388	1.27638e-031
-3.387	1.37206e-031
-3.386	1.47433e-031
-3.385	1.58361e-031
-3.384	1.70033e-031
-3.383	1.82495e-031
-3.382	1.95798e-031
-3.381	2.09991e-031
-3.38	2.25128e-031
-3.379	2.41268e-031
-3.378	2.5847e-031
-3.377	2.76799e-031
-3.376	2.96321e-031
-3.375	3.17107e-031
-3.374	3.39231e-031
-3.373	3.62771e-031
-3.372	3.87809e-031
-3.371	4.14433e-031
-3.37	4.42733e-031
-3.369	4.72806e-031
-3.368	5.04751e-031
-3.367	5.38676e-031
-3.366	5.74688e-031
-3.365	6.12907e-031
-3.364	6.53455e-031
-3.363	6.9646e-031
-3.362	7.42057e-031
-3.361	7.90388e-031
-3.36	8.41598e-031
-3.359	8.95845e-031
-3.358	9.53294e-031
-3.357	1.01411e-030
-3.356	1.07848e-030
-3.355	1.14658e-030
-3.354	1.21861e-030
-3.353	1.29478e-030
-3.352	1.3753e-030
-3.351	1.4604e-030
-3.35	1.5503e-030
-3.349	1.64526e-030
-3.348	1.74552e-030
-3.347	1.85137e-030
-3.346	1.96307e-030
-3.345	2.08092e-030
-3.344	2.20522e-030
-3.343	2.33629e-030
-3.342	2.47446e-030
-3.341	2.62007e-030
-3.34	2.77349e-030
-3.339	2.9351e-030
-3.338	3.10527e-030
-3.337	3.28444e-030
-3.336	3.47301e-030
-3.335	3.67142e-030
-3.334	3.88014e-030
-3.333	4.09965e-030
-3.332	4.33044e-030
-3.331	4.57305e-030
-3.33	4.828e-030
-3.329	5.09587e-030
-3.328	5.37722e-030
-3.327	5.67266e-030
-3.326	5.98282e-030
-3.325	6.30837e-030
-3.324	6.64999e-030
-3.323	7.00836e-030
-3.322	7.38423e-030
-3.321	7.77836e-030
-3.32	8.19154e-030
-3.319	8.62458e-030
-3.318	9.07835e-030
-3.317	9.55368e-030
-3.316	1.00515e-029
-3.315	1.05728e-029
-3.314	1.11185e-029
-3.313	1.16897e-029
-3.312	1.22873e-029
-3.311	1.29125e-029
-3.31	1.35664e-029
-3.309	1.42502e-029
-3.308	1.4965e-029
-3.307	1.57121e-029
-3.306	1.64928e-029
-3.305	1.73084e-029
-3.304	1.81603e-029
-3.303	1.905e-029
-3.302	1.99788e-029
-3.301	2.09483e-029
-3.3	2.19601e-029
-3.299	2.30158e-029
-3.298	2.4117e-029
-3.297	2.52655e-029
-3.296	2.6463e-029
-3.295	2.77113e-029
-3.294	2.90125e-029
-3.293	3.03684e-029
-3.292	3.17809e-029
-3.291	3.32522e-029
-3.29	3.47844e-029
-3.289	3.63797e-029
-3.288	3.80404e-029
-3.287	3.97687e-029
-3.286	4.15671e-029
-3.285	4.34381e-029
-3.284	4.53841e-029
-3.283	4.74078e-029
-3.282	4.95118e-029
-3.281	5.16989e-029
-3.28	5.39719e-029
-3.279	5.63338e-029
-3.278	5.87875e-029
-3.277	6.13361e-029
-3.276	6.39827e-029
-3.275	6.67307e-029
-3.274	6.95832e-029
-3.273	7.25438e-029
-3.272	7.56158e-029
-3.271	7.8803e-029
-3.27	8.2109e-029
-3.269	8.55374e-029
-3.268	8.90922e-029
-3.267	9.27775e-029
-3.266	9.65973e-029
-3.265	1.00556e-028
-3.264	1.04657e-028
-3.263	1.08905e-028
-3.262	1.13305e-028
-3.261	1.17861e-028
-3.26	1.22578e-028
-3.259	1.27461e-028
-3.258	1.32515e-028
-3.257	1.37744e-028
-3.256	1.43153e-028
-3.255	1.48748e-028
-3.254	1.54535e-028
-3.253	1.60519e-028
-3.252	1.66705e-028
-3.251	1.73098e-028
-3.25	1.79705e-028
-3.249	1.86532e-028
-3.248	1.93584e-028
-3.247	2.00869e-028
-3.246	2.08391e-028
-3.245	2.16158e-028
-3.244	2.24176e-028
-3.243	2.32452e-028
-3.242	2.40992e-028
-3.241	2.49803e-028
-3.24	2.58892e-028
-3.239	2.68267e-028
-3.238	2.77935e-028
-3.237	2.87903e-028
-3.236	2.98178e-028
-3.235	3.08768e-028
-3.234	3.19682e-028
-3.233	3.30927e-028
-3.232	3.4251e-028
-3.231	3.54441e-028
-3.23	3.66728e-028
-3.229	3.79378e-028
-3.228	3.924e-028
-3.227	4.05803e-028
-3.226	4.19596e-028
-3.225	4.33788e-028
-3.224	4.48387e-028
-3.223	4.63403e-028
-3.222	4.78845e-028
-3.221	4.94722e-028
-3.22	5.11045e-028
-3.219	5.27822e-028
-3.218	5.45063e-028
-3.217	5.62777e-028
-3.216	5.80977e-028
-3.215	5.9967e-028
-3.214	6.18868e-028
-3.213	6.3858e-028
-3.212	6.58818e-028
-3.211	6.79591e-028
-3.21	7.00909e-028
-3.209	7.22782e-028
-3.208	7.45227e-028
-3.207	7.68247e-028
-3.206	7.91855e-028
-3.205	8.16063e-028
-3.204	8.40884e-028
-3.203	8.66328e-028
-3.202	8.92404e-028
-3.201	9.19124e-028
-3.2	9.46501e-028
-3.199	9.74545e-028
-3.198	1.00326e-027
-3.197	1.03268e-027
-3.196	1.0628e-027
-3.195	1.09362e-027
-3.194	1.12517e-027
-3.193	1.15747e-027
-3.192	1.1905e-027
-3.191	1.2243e-027
-3.19	1.25887e-027
-3.189	1.29422e-027
-3.188	1.33037e-027
-3.187	1.36732e-027
-3.186	1.4051e-027
-3.185	1.44369e-027
-3.184	1.48314e-027
-3.183	1.52343e-027
-3.182	1.56458e-027
-3.181	1.60662e-027
-3.18	1.64954e-027
-3.179	1.69335e-027
-3.178	1.73808e-027
-3.177	1.78372e-027
-3.176	1.8303e-027
-3.175	1.87782e-027
-3.174	1.92629e-027
-3.173	1.97572e-027
-3.172	2.02613e-027
-3.171	2.07751e-027
-3.17	2.1299e-027
-3.169	2.18328e-027
-3.168	2.23768e-027
-3.167	2.29311e-027
-3.166	2.34956e-027
-3.165	2.40707e-027
-3.164	2.46561e-027
-3.163	2.52522e-027
-3.162	2.5859e-027
-3.161	2.64765e-027
-3.16	2.71048e-027
-3.159	2.7744e-027
-3.158	2.83942e-027
-3.157	2.90555e-027
-3.156	2.97279e-027
-3.155	3.04116e-027
-3.154	3.11064e-027
-3.153	3.18126e-027
-3.152	3.25301e-027
-3.151	3.32591e-027
-3.15	3.39994e-027
-3.149	3.47513e-027
-3.148	3.55147e-027
-3.147	3.62897e-027
-3.146	3.70762e-027
-3.145	3.78744e-027
-3.144	3.86842e-027
-3.143	3.95056e-027
-3.142	4.03388e-027
-3.141	4.11835e-027
-3.14	4.20399e-027
-3.139	4.29079e-027
-3.138	4.37876e-027
-3.137	4.46791e-027
-3.136	4.55821e-027
-3.135	4.64968e-027
-3.134	4.74227e-027
-3.133	4.83602e-027
-3.132	4.93093e-027
-3.131	5.02697e-027
-3.13	5.12414e-027
-3.129	5.22245e-027
-3.128	5.3219e-027
-3.127	5.42242e-027
-3.126	5.52405e-027
-3.125	5.62678e-027
-3.124	5.7306e-027
-3.123	5.8355e-027
-3.122	5.94144e-027
-3.121	6.04843e-027
-3.12	6.15645e-027
-3.119	6.2655e-027
-3.118	6.37555e-027
-3.117	6.48662e-027
-3.116	6.59865e-027
-3.115	6.71162e-027
-3.114	6.82556e-027
-3.113	6.94039e-027
-3.112	7.05615e-027
-3.111	7.1728e-027
-3.11	7.29029e-027
-3.109	7.40862e-027
-3.108	7.52776e-027
-3.107	7.64769e-027
-3.106	7.76839e-027
-3.105	7.88985e-027
-3.104	8.01199e-027
-3.103	8.13487e-027
-3.102	8.25836e-027
-3.101	8.3825e-027
-3.1	8.50724e-027
-3.099	8.63258e-027
-3.098	8.75846e-027
-3.097	8.88485e-027
-3.096	9.01169e-027
-3.095	9.13894e-027
-3.094	9.26666e-027
-3.093	9.39476e-027
-3.092	9.52317e-027
-3.091	9.65185e-027
-3.09	9.78082e-027
-3.089	9.90998e-027
-3.088	1.00394e-026
-3.087	1.01689e-026
-3.086	1.02985e-026
-3.085	1.04282e-026
-3.084	1.05578e-026
-3.083	1.06875e-026
-3.082	1.08171e-026
-3.081	1.09466e-026
-3.08	1.10758e-026
-3.079	1.12049e-026
-3.078	1.13337e-026
-3.077	1.14622e-026
-3.076	1.15904e-026
-3.075	1.17182e-026
-3.074	1.18455e-026
-3.073	1.19723e-026
-3.072	1.20986e-026
-3.071	1.22243e-026
-3.07	1.23493e-026
-3.069	1.24735e-026
-3.068	1.25971e-026
-3.067	1.27199e-026
-3.066	1.28417e-026
-3.065	1.29627e-026
-3.064	1.30827e-026
-3.063	1.32016e-026
-3.062	1.33194e-026
-3.061	1.34361e-026
-3.06	1.35517e-026
-3.059	1.3666e-026
-3.058	1.3779e-026
-3.057	1.38906e-026
-3.056	1.40008e-026
-3.055	1.41096e-026
-3.054	1.42168e-026
-3.053	1.43225e-026
-3.052	1.44266e-026
-3.051	1.45289e-026
-3.05	1.46295e-026
-3.049	1.47284e-026
-3.048	1.48252e-026
-3.047	1.49202e-026
-3.046	1.50134e-026
-3.045	1.51045e-026
-3.044	1.52014e-026
-3.043	1.5312e-026
-3.042	1.5436e-026
-3.041	1.55729e-026
-3.04	1.57231e-026
-3.039	1.58855e-026
-3.038	1.60601e-026
-3.037	1.62462e-026
-3.036	1.64437e-026
-3.035	1.66515e-026
-3.034	1.68693e-026
-3.033	1.70966e-026
-3.032	1.73327e-026
-3.031	1.75762e-026
-3.03	1.78275e-026
-3.029	1.80846e-026
-3.028	1.83468e-026
-3.027	1.86137e-026
-3.026	1.88842e-026
-3.025	1.91573e-026
-3.024	1.94324e-026
-3.023	1.97079e-026
-3.022	1.99844e-026
-3.021	2.026e-026
-3.02	2.05345e-026
-3.019	2.0808e-026
-3.018	2.10803e-026
-3.017	2.13516e-026
-3.016	2.16225e-026
-3.015	2.18949e-026
-3.014	2.21687e-026
-3.013	2.2448e-026
-3.012	2.27347e-026
-3.011	2.3034e-026
-3.01	2.33496e-026
-3.009	2.36892e-026
-3.008	2.40593e-026
-3.007	2.44706e-026
-3.006	2.49327e-026
-3.005	2.54607e-026
-3.004	2.60685e-026
-3.003	2.67751e-026
-3.002	2.76027e-026
-3.001	2.85744e-026
-3	2.972e-026
-2.999	3.1072e-026
-2.998	3.2667e-026
-2.997	3.4548e-026
-2.996	3.67638e-026
-2.995	3.93673e-026
-2.994	4.24216e-026
-2.993	4.59952e-026
-2.992	5.01649e-026
-2.991	5.50175e-026
-2.99	6.06495e-026
-2.989	6.71696e-026
-2.988	7.4693e-026
-2.987	8.33516e-026
-2.986	9.32925e-026
-2.985	1.04674e-025
-2.984	1.17674e-025
-2.983	1.32478e-025
-2.982	1.49304e-025
-2.981	1.68371e-025
-2.98	1.89939e-025
-2.979	2.14275e-025
-2.978	2.41666e-025
-2.977	2.72437e-025
-2.976	3.06932e-025
-2.975	3.45513e-025
-2.974	3.88584e-025
-2.973	4.36557e-025
-2.972	4.89909e-025
-2.971	5.49095e-025
-2.97	6.14651e-025
-2.969	6.87113e-025
-2.968	7.67053e-025
-2.967	8.55109e-025
-2.966	9.51889e-025
-2.965	1.0581e-024
-2.964	1.1744e-024
-2.963	1.30157e-024
-2.962	1.44035e-024
-2.961	1.59152e-024
-2.96	1.75588e-024
-2.959	1.93431e-024
-2.958	2.12762e-024
-2.957	2.3367e-024
-2.956	2.56236e-024
-2.955	2.80554e-024
-2.954	3.06707e-024
-2.953	3.34783e-024
-2.952	3.64864e-024
-2.951	3.9703e-024
-2.95	4.31363e-024
-2.949	4.67927e-024
-2.948	5.06793e-024
-2.947	5.48017e-024
-2.946	5.91651e-024
-2.945	6.37737e-024
-2.944	6.86298e-024
-2.943	7.37353e-024
-2.942	7.90902e-024
-2.941	8.46927e-024
-2.94	9.05399e-024
-2.939	9.66259e-024
-2.938	1.02945e-023
-2.937	1.09485e-023
-2.936	1.16238e-023
-2.935	1.23186e-023
-2.934	1.30316e-023
-2.933	1.37607e-023
-2.932	1.45039e-023
-2.931	1.5259e-023
-2.93	1.60233e-023
-2.929	1.67942e-023
-2.928	1.75691e-023
-2.927	1.8345e-023
-2.926	1.91192e-023
-2.925	1.9889e-023
-2.924	2.0652e-023
-2.923	2.14061e-023
-2.922	2.21499e-023
-2.921	2.28826e-023
-2.92	2.36046e-023
-2.919	2.43176e-023
-2.918	2.50244e-023
-2.917	2.5731e-023
-2.916	2.64442e-023
-2.915	2.7176e-023
-2.914	2.79399e-023
-2.913	2.87549e-023
-2.912	2.96455e-023
-2.911	3.06412e-023
-2.91	3.17787e-023
-2.909	3.31041e-023
-2.908	3.46713e-023
-2.907	3.65468e-023
-2.906	3.88088e-023
-2.905	4.15498e-023
-2.904	4.48802e-023
-2.903	4.89273e-023
-2.902	5.38409e-023
-2.901	5.97956e-023
-2.9	6.69911e-023
-2.899	7.56603e-023
-2.898	8.60688e-023
-2.897	9.85207e-023
-2.896	1.13366e-022
-2.895	1.30998e-022
-2.894	1.51869e-022
-2.893	1.76486e-022
-2.892	2.05424e-022
-2.891	2.39331e-022
-2.89	2.78935e-022
-2.889	3.25053e-022
-2.888	3.78597e-022
-2.887	4.40589e-022
-2.886	5.12167e-022
-2.885	5.94591e-022
-2.884	6.89271e-022
-2.883	7.97762e-022
-2.882	9.21781e-022
-2.881	1.06323e-021
-2.88	1.2242e-021
-2.879	1.407e-021
-2.878	1.61415e-021
-2.877	1.84842e-021
-2.876	2.11284e-021
-2.875	2.41071e-021
-2.874	2.74565e-021
-2.873	3.12158e-021
-2.872	3.54276e-021
-2.871	4.01381e-021
-2.87	4.53974e-021
-2.869	5.12595e-021
-2.868	5.77826e-021
-2.867	6.50294e-021
-2.866	7.30675e-021
-2.865	8.1969e-021
-2.864	9.18111e-021
-2.863	1.02676e-020
-2.862	1.14653e-020
-2.861	1.27834e-020
-2.86	1.42319e-020
-2.859	1.58214e-020
-2.858	1.75628e-020
-2.857	1.94679e-020
-2.856	2.1549e-020
-2.855	2.38189e-020
-2.854	2.6291e-020
-2.853	2.89795e-020
-2.852	3.18989e-020
-2.851	3.50642e-020
-2.85	3.84909e-020
-2.849	4.2195e-020
-2.848	4.61928e-020
-2.847	5.05012e-020
-2.846	5.51366e-020
-2.845	6.01163e-020
-2.844	6.54574e-020
-2.843	7.11766e-020
-2.842	7.72904e-020
-2.841	8.38159e-020
-2.84	9.07687e-020
-2.839	9.81631e-020
-2.838	1.06014e-019
-2.837	1.14335e-019
-2.836	1.23138e-019
-2.835	1.32432e-019
-2.834	1.42226e-019
-2.833	1.52529e-019
-2.832	1.63343e-019
-2.831	1.74669e-019
-2.83	1.86509e-019
-2.829	1.98856e-019
-2.828	2.11706e-019
-2.827	2.25043e-019
-2.826	2.38857e-019
-2.825	2.53129e-019
-2.824	2.67838e-019
-2.823	2.82956e-019
-2.822	2.98449e-019
-2.821	3.14293e-019
-2.82	3.30442e-019
-2.819	3.46855e-019
-2.818	3.63497e-019
-2.817	3.80323e-019
-2.816	3.97278e-019
-2.815	4.14322e-019
-2.814	4.31412e-019
-2.813	4.48509e-019
-2.812	4.65583e-019
-2.811	4.82607e-019
-2.81	4.99569e-019
-2.809	5.16474e-019
-2.808	5.33354e-019
-2.807	5.50257e-019
-2.806	5.67264e-019
-2.805	5.84508e-019
-2.804	6.02163e-019
-2.803	6.2045e-019
-2.802	6.39673e-019
-2.801	6.60211e-019
-2.8	6.82536e-019
-2.799	7.07231e-019
-2.798	7.3501e-019
-2.797	7.66726e-019
-2.796	8.03403e-019
-2.795	8.46265e-019
-2.794	8.96746e-019
-2.793	9.56534e-019
-2.792	1.02761e-018
-2.791	1.11225e-018
-2.79	1.21312e-018
-2.789	1.33327e-018
-2.788	1.47623e-018
-2.787	1.64598e-018
-2.786	1.84715e-018
-2.785	2.08492e-018
-2.784	2.36521e-018
-2.783	2.69471e-018
-2.782	3.0809e-018
-2.781	3.53232e-018
-2.78	4.05844e-018
-2.779	4.66992e-018
-2.778	5.37861e-018
-2.777	6.19772e-018
-2.776	7.14198e-018
-2.775	8.22772e-018
-2.774	9.47296e-018
-2.773	1.08976e-017
-2.772	1.25238e-017
-2.771	1.43757e-017
-2.77	1.64796e-017
-2.769	1.88649e-017
-2.768	2.15634e-017
-2.767	2.46098e-017
-2.766	2.80417e-017
-2.765	3.19009e-017
-2.764	3.62315e-017
-2.763	4.10822e-017
-2.762	4.65052e-017
-2.761	5.25569e-017
-2.76	5.92985e-017
-2.759	6.67948e-017
-2.758	7.51163e-017
-2.757	8.43377e-017
-2.756	9.45388e-017
-2.755	1.05805e-016
-2.754	1.18228e-016
-2.753	1.31903e-016
-2.752	1.46931e-016
-2.751	1.63421e-016
-2.75	1.81484e-016
-2.749	2.01241e-016
-2.748	2.22815e-016
-2.747	2.46336e-016
-2.746	2.71938e-016
-2.745	2.99762e-016
-2.744	3.29952e-016
-2.743	3.62658e-016
-2.742	3.98031e-016
-2.741	4.36229e-016
-2.74	4.77408e-016
-2.739	5.21729e-016
-2.738	5.69354e-016
-2.737	6.20443e-016
-2.736	6.75157e-016
-2.735	7.33649e-016
-2.734	7.96077e-016
-2.733	8.62583e-016
-2.732	9.33312e-016
-2.731	1.00839e-015
-2.73	1.08795e-015
-2.729	1.17209e-015
-2.728	1.2609e-015
-2.727	1.35445e-015
-2.726	1.45282e-015
-2.725	1.55602e-015
-2.724	1.66408e-015
-2.723	1.77697e-015
-2.722	1.89466e-015
-2.721	2.01706e-015
-2.72	2.14411e-015
-2.719	2.27561e-015
-2.718	2.41146e-015
-2.717	2.5514e-015
-2.716	2.69524e-015
-2.715	2.84269e-015
-2.714	2.99176e-015
-2.713	3.14028e-015
-2.712	3.28762e-015
-2.711	3.43319e-015
-2.71	3.57636e-015
-2.709	3.71653e-015
-2.708	3.85311e-015
-2.707	3.98554e-015
-2.706	4.11329e-015
-2.705	4.23584e-015
-2.704	4.35275e-015
-2.703	4.46357e-015
-2.702	4.56793e-015
-2.701	4.66552e-015
-2.7	4.75606e-015
-2.699	4.83936e-015
-2.698	4.91526e-015
-2.697	4.98372e-015
-2.696	5.04476e-015
-2.695	5.09847e-015
-2.694	5.14507e-015
-2.693	5.18484e-015
-2.692	5.21817e-015
-2.691	5.24554e-015
-2.69	5.26755e-015
-2.689	5.28491e-015
-2.688	5.29844e-015
-2.687	5.3091e-015
-2.686	5.31792e-015
-2.685	5.32608e-015
-2.684	5.33493e-015
-2.683	5.34587e-015
-2.682	5.36046e-015
-2.681	5.38041e-015
-2.68	5.40752e-015
-2.679	5.44373e-015
-2.678	5.49112e-015
-2.677	5.55187e-015
-2.676	5.6283e-015
-2.675	5.72284e-015
-2.674	5.83802e-015
-2.673	5.97652e-015
-2.672	6.1411e-015
-2.671	6.3346e-015
-2.67	6.55999e-015
-2.669	6.8203e-015
-2.668	7.11863e-015
-2.667	7.45817e-015
-2.666	7.84216e-015
-2.665	8.27389e-015
-2.664	8.75669e-015
-2.663	9.29391e-015
-2.662	9.8889e-015
-2.661	1.0545e-014
-2.66	1.12656e-014
-2.659	1.20541e-014
-2.658	1.29136e-014
-2.657	1.38474e-014
-2.656	1.48587e-014
-2.655	1.59505e-014
-2.654	1.71258e-014
-2.653	1.83873e-014
-2.652	1.97377e-014
-2.651	2.11796e-014
-2.65	2.27153e-014
-2.649	2.43468e-014
-2.648	2.60762e-014
-2.647	2.79052e-014
-2.646	2.9835e-014
-2.645	3.18669e-014
-2.644	3.40017e-014
-2.643	3.62401e-014
-2.642	3.8582e-014
-2.641	4.10276e-014
-2.64	4.35764e-014
-2.639	4.62274e-014
-2.638	4.89793e-014
-2.637	5.18306e-014
-2.636	5.47794e-014
-2.635	5.78228e-014
-2.634	6.09582e-014
-2.633	6.41822e-014
-2.632	6.74908e-014
-2.631	7.08799e-014
-2.63	7.43449e-014
-2.629	7.78805e-014
-2.628	8.14809e-014
-2.627	8.51401e-014
-2.626	8.88516e-014
-2.625	9.26085e-014
-2.624	9.6403e-014
-2.623	1.00228e-013
-2.622	1.04074e-013
-2.621	1.07934e-013
-2.62	1.11798e-013
-2.619	1.15656e-013
-2.618	1.195e-013
-2.617	1.23318e-013
-2.616	1.27102e-013
-2.615	1.3084e-013
-2.614	1.34522e-013
-2.613	1.38137e-013
-2.612	1.41675e-013
-2.611	1.45124e-013
-2.61	1.48473e-013
-2.609	1.51713e-013
-2.608	1.54831e-013
-2.607	1.57817e-013
-2.606	1.60662e-013
-2.605	1.63355e-013
-2.604	1.65887e-013
-2.603	1.68248e-013
-2.602	1.7043e-013
-2.601	1.72424e-013
-2.6	1.74224e-013
-2.599	1.75822e-013
-2.598	1.77213e-013
-2.597	1.78391e-013
-2.596	1.79354e-013
-2.595	1.80097e-013
-2.594	1.8062e-013
-2.593	1.80921e-013
-2.592	1.81001e-013
-2.591	1.80863e-013
-2.59	1.8051e-013
-2.589	1.79948e-013
-2.588	1.79183e-013
-2.587	1.78224e-013
-2.586	1.77081e-013
-2.585	1.75765e-013
-2.584	1.74292e-013
-2.583	1.72678e-013
-2.582	1.70939e-013
-2.581	1.69097e-013
-2.58	1.67174e-013
-2.579	1.65193e-013
-2.578	1.63181e-013
-2.577	1.61168e-013
-2.576	1.59184e-013
-2.575	1.57262e-013
-2.574	1.55438e-013
-2.573	1.53751e-013
-2.572	1.52238e-013
-2.571	1.50944e-013
-2.57	1.49911e-013
-2.569	1.49186e-013
-2.568	1.48819e-013
-2.567	1.48859e-013
-2.566	1.49358e-013
-2.565	1.50372e-013
-2.564	1.51955e-013
-2.563	1.54166e-013
-2.562	1.57063e-013
-2.561	1.60707e-013
-2.56	1.6516e-013
-2.559	1.70483e-013
-2.558	1.7674e-013
-2.557	1.83996e-013
-2.556	1.92314e-013
-2.555	2.01761e-013
-2.554	2.12399e-013
-2.553	2.24294e-013
-2.552	2.3751e-013
-2.551	2.52111e-013
-2.55	2.68158e-013
-2.549	2.85713e-013
-2.548	3.04836e-013
-2.547	3.25584e-013
-2.546	3.48012e-013
-2.545	3.72174e-013
-2.544	3.98121e-013
-2.543	4.25899e-013
-2.542	4.55552e-013
-2.541	4.87121e-013
-2.54	5.20642e-013
-2.539	5.56146e-013
-2.538	5.93661e-013
-2.537	6.33209e-013
-2.536	6.74805e-013
-2.535	7.18463e-013
-2.534	7.64188e-013
-2.533	8.11978e-013
-2.532	8.61826e-013
-2.531	9.13717e-013
-2.53	9.6763e-013
-2.529	1.02354e-012
-2.528	1.08141e-012
-2.527	1.14119e-012
-2.526	1.20285e-012
-2.525	1.2663e-012
-2.524	1.3315e-012
-2.523	1.39836e-012
-2.522	1.4668e-012
-2.521	1.53674e-012
-2.52	1.60806e-012
-2.519	1.68067e-012
-2.518	1.75445e-012
-2.517	1.82927e-012
-2.516	1.905e-012
-2.515	1.98151e-012
-2.514	2.05866e-012
-2.513	2.13627e-012
-2.512	2.21421e-012
-2.511	2.29229e-012
-2.51	2.37036e-012
-2.509	2.44823e-012
-2.508	2.52572e-012
-2.507	2.60264e-012
-2.506	2.67881e-012
-2.505	2.75403e-012
-2.504	2.82811e-012
-2.503	2.90084e-012
-2.502	2.97204e-012
-2.501	3.04149e-012
-2.5	3.10903e-012
-2.499	3.17443e-012
-2.498	3.23751e-012
-2.497	3.2981e-012
-2.496	3.356e-012
-2.495	3.41103e-012
-2.494	3.46305e-012
-2.493	3.51187e-012
-2.492	3.55735e-012
-2.491	3.59936e-012
-2.49	3.63777e-012
-2.489	3.67245e-012
-2.488	3.70333e-012
-2.487	3.7303e-012
-2.486	3.75332e-012
-2.485	3.77232e-012
-2.484	3.78729e-012
-2.483	3.79821e-012
-2.482	3.80511e-012
-2.481	3.80804e-012
-2.48	3.80704e-012
-2.479	3.80221e-012
-2.478	3.79367e-012
-2.477	3.78158e-012
-2.476	3.76609e-012
-2.475	3.74741e-012
-2.474	3.72579e-012
-2.473	3.70149e-012
-2.472	3.6748e-012
-2.471	3.64607e-012
-2.47	3.61565e-012
-2.469	3.58395e-012
-2.468	3.5514e-012
-2.467	3.51846e-012
-2.466	3.48564e-012
-2.465	3.45347e-012
-2.464	3.42252e-012
-2.463	3.3934e-012
-2.462	3.36674e-012
-2.461	3.34321e-012
-2.46	3.32351e-012
-2.459	3.30837e-012
-2.458	3.29855e-012
-2.457	3.29484e-012
-2.456	3.29805e-012
-2.455	3.30902e-012
-2.454	3.32862e-012
-2.453	3.35773e-012
-2.452	3.39725e-012
-2.451	3.44809e-012
-2.45	3.51121e-012
-2.449	3.58753e-012
-2.448	3.67802e-012
-2.447	3.78364e-012
-2.446	3.90533e-012
-2.445	4.04408e-012
-2.444	4.20082e-012
-2.443	4.37652e-012
-2.442	4.57209e-012
-2.441	4.78848e-012
-2.44	5.02657e-012
-2.439	5.28725e-012
-2.438	5.57136e-012
-2.437	5.87972e-012
-2.436	6.21313e-012
-2.435	6.57229e-012
-2.434	6.95794e-012
-2.433	7.3707e-012
-2.432	7.81116e-012
-2.431	8.27988e-012
-2.43	8.77732e-012
-2.429	9.30387e-012
-2.428	9.85988e-012
-2.427	1.04456e-011
-2.426	1.10612e-011
-2.425	1.17068e-011
-2.424	1.23824e-011
-2.423	1.30879e-011
-2.422	1.38232e-011
-2.421	1.4588e-011
-2.42	1.53818e-011
-2.419	1.62043e-011
-2.418	1.70548e-011
-2.417	1.79328e-011
-2.416	1.88373e-011
-2.415	1.97675e-011
-2.414	2.07224e-011
-2.413	2.17008e-011
-2.412	2.27016e-011
-2.411	2.37235e-011
-2.41	2.47648e-011
-2.409	2.58242e-011
-2.408	2.68999e-011
-2.407	2.79903e-011
-2.406	2.90934e-011
-2.405	3.02072e-011
-2.404	3.13298e-011
-2.403	3.2459e-011
-2.402	3.35926e-011
-2.401	3.47282e-011
-2.4	3.58637e-011
-2.399	3.69964e-011
-2.398	3.81239e-011
-2.397	3.92438e-011
-2.396	4.03534e-011
-2.395	4.14502e-011
-2.394	4.25314e-011
-2.393	4.35946e-011
-2.392	4.4637e-011
-2.391	4.56562e-011
-2.39	4.66494e-011
-2.389	4.76142e-011
-2.388	4.85481e-011
-2.387	4.94486e-011
-2.386	5.03135e-011
-2.385	5.11403e-011
-2.384	5.1927e-011
-2.383	5.26716e-011
-2.382	5.33721e-011
-2.381	5.40268e-011
-2.38	5.4634e-011
-2.379	5.51925e-011
-2.378	5.57009e-011
-2.377	5.61582e-011
-2.376	5.65637e-011
-2.375	5.69168e-011
-2.374	5.72172e-011
-2.373	5.74649e-011
-2.372	5.766e-011
-2.371	5.78032e-011
-2.37	5.78953e-011
-2.369	5.79373e-011
-2.368	5.79309e-011
-2.367	5.78779e-011
-2.366	5.77803e-011
-2.365	5.76408e-011
-2.364	5.74621e-011
-2.363	5.72475e-011
-2.362	5.70006e-011
-2.361	5.67257e-011
-2.36	5.64268e-011
-2.359	5.61088e-011
-2.358	5.57769e-011
-2.357	5.54367e-011
-2.356	5.50939e-011
-2.355	5.4755e-011
-2.354	5.44266e-011
-2.353	5.41158e-011
-2.352	5.38299e-011
-2.351	5.35766e-011
-2.35	5.33641e-011
-2.349	5.32007e-011
-2.348	5.30952e-011
-2.347	5.30565e-011
-2.346	5.30936e-011
-2.345	5.32165e-011
-2.344	5.34344e-011
-2.343	5.37575e-011
-2.342	5.41958e-011
-2.341	5.47595e-011
-2.34	5.54589e-011
-2.339	5.63045e-011
-2.338	5.73066e-011
-2.337	5.84756e-011
-2.336	5.98223e-011
-2.335	6.13567e-011
-2.334	6.30892e-011
-2.333	6.50299e-011
-2.332	6.71889e-011
-2.331	6.95757e-011
-2.33	7.21999e-011
-2.329	7.50706e-011
-2.328	7.81967e-011
-2.327	8.15864e-011
-2.326	8.52477e-011
-2.325	8.91883e-011
-2.324	9.34149e-011
-2.323	9.7934e-011
-2.322	1.02751e-010
-2.321	1.07872e-010
-2.32	1.133e-010
-2.319	1.19039e-010
-2.318	1.25093e-010
-2.317	1.31463e-010
-2.316	1.3815e-010
-2.315	1.45155e-010
-2.314	1.52477e-010
-2.313	1.60114e-010
-2.312	1.68064e-010
-2.311	1.76324e-010
-2.31	1.84887e-010
-2.309	1.9375e-010
-2.308	2.02905e-010
-2.307	2.12344e-010
-2.306	2.22059e-010
-2.305	2.32039e-010
-2.304	2.42274e-010
-2.303	2.52751e-010
-2.302	2.63457e-010
-2.301	2.74378e-010
-2.3	2.85498e-010
-2.299	2.96801e-010
-2.298	3.0827e-010
-2.297	3.19887e-010
-2.296	3.31631e-010
-2.295	3.43484e-010
-2.294	3.55424e-010
-2.293	3.67429e-010
-2.292	3.79477e-010
-2.291	3.91544e-010
-2.29	4.03609e-010
-2.289	4.15645e-010
-2.288	4.27629e-010
-2.287	4.39534e-010
-2.286	4.51338e-010
-2.285	4.63014e-010
-2.284	4.74535e-010
-2.283	4.85878e-010
-2.282	4.97016e-010
-2.281	5.07925e-010
-2.28	5.18579e-010
-2.279	5.28956e-010
-2.278	5.39031e-010
-2.277	5.48781e-010
-2.276	5.58184e-010
-2.275	5.6722e-010
-2.274	5.75868e-010
-2.273	5.84108e-010
-2.272	5.91926e-010
-2.271	5.99304e-010
-2.27	6.06227e-010
-2.269	6.12684e-010
-2.268	6.18664e-010
-2.267	6.24156e-010
-2.266	6.29155e-010
-2.265	6.33658e-010
-2.264	6.37661e-010
-2.263	6.41166e-010
-2.262	6.44175e-010
-2.261	6.46693e-010
-2.26	6.48729e-010
-2.259	6.50295e-010
-2.258	6.51403e-010
-2.257	6.52072e-010
-2.256	6.5232e-010
-2.255	6.52172e-010
-2.254	6.51653e-010
-2.253	6.50794e-010
-2.252	6.49625e-010
-2.251	6.48184e-010
-2.25	6.4651e-010
-2.249	6.44645e-010
-2.248	6.42633e-010
-2.247	6.40525e-010
-2.246	6.38372e-010
-2.245	6.36227e-010
-2.244	6.3415e-010
-2.243	6.32198e-010
-2.242	6.30439e-010
-2.241	6.28937e-010
-2.24	6.27759e-010
-2.239	6.26979e-010
-2.238	6.26668e-010
-2.237	6.269e-010
-2.236	6.27754e-010
-2.235	6.2931e-010
-2.234	6.31645e-010
-2.233	6.34843e-010
-2.232	6.38985e-010
-2.231	6.44155e-010
-2.23	6.50436e-010
-2.229	6.57914e-010
-2.228	6.6667e-010
-2.227	6.76788e-010
-2.226	6.88354e-010
-2.225	7.01447e-010
-2.224	7.16149e-010
-2.223	7.32538e-010
-2.222	7.50693e-010
-2.221	7.70688e-010
-2.22	7.92595e-010
-2.219	8.16484e-010
-2.218	8.42421e-010
-2.217	8.70469e-010
-2.216	9.00686e-010
-2.215	9.33129e-010
-2.214	9.67846e-010
-2.213	1.00488e-009
-2.212	1.04428e-009
-2.211	1.08607e-009
-2.21	1.13028e-009
-2.209	1.17694e-009
-2.208	1.22606e-009
-2.207	1.27765e-009
-2.206	1.33171e-009
-2.205	1.38825e-009
-2.204	1.44724e-009
-2.203	1.50868e-009
-2.202	1.57252e-009
-2.201	1.63875e-009
-2.2	1.70731e-009
-2.199	1.77816e-009
-2.198	1.85125e-009
-2.197	1.9265e-009
-2.196	2.00384e-009
-2.195	2.08319e-009
-2.194	2.16446e-009
-2.193	2.24755e-009
-2.192	2.33236e-009
-2.191	2.41878e-009
-2.19	2.50668e-009
-2.189	2.59595e-009
-2.188	2.68644e-009
-2.187	2.77802e-009
-2.186	2.87053e-009
-2.185	2.96384e-009
-2.184	3.05778e-009
-2.183	3.15219e-009
-2.182	3.2469e-009
-2.181	3.34174e-009
-2.18	3.43653e-009
-2.179	3.53111e-009
-2.178	3.62529e-009
-2.177	3.71889e-009
-2.176	3.81174e-009
-2.175	3.90363e-009
-2.174	3.99441e-009
-2.173	4.08387e-009
-2.172	4.17186e-009
-2.171	4.25818e-009
-2.17	4.34267e-009
-2.169	4.42517e-009
-2.168	4.50549e-009
-2.167	4.5835e-009
-2.166	4.65904e-009
-2.165	4.73197e-009
-2.164	4.80214e-009
-2.163	4.86945e-009
-2.162	4.93376e-009
-2.161	4.99499e-009
-2.16	5.05302e-009
-2.159	5.1078e-009
-2.158	5.15924e-009
-2.157	5.20729e-009
-2.156	5.25192e-009
-2.155	5.29311e-009
-2.154	5.33083e-009
-2.153	5.36512e-009
-2.152	5.39598e-009
-2.151	5.42347e-009
-2.15	5.44765e-009
-2.149	5.46861e-009
-2.148	5.48643e-009
-2.147	5.50124e-009
-2.146	5.5132e-009
-2.145	5.52244e-009
-2.144	5.52915e-009
-2.143	5.53352e-009
-2.142	5.53579e-009
-2.141	5.53619e-009
-2.14	5.53497e-009
-2.139	5.53242e-009
-2.138	5.52883e-009
-2.137	5.5245e-009
-2.136	5.5198e-009
-2.135	5.51508e-009
-2.134	5.51069e-009
-2.133	5.50703e-009
-2.132	5.5045e-009
-2.131	5.5035e-009
-2.13	5.50449e-009
-2.129	5.50791e-009
-2.128	5.5142e-009
-2.127	5.52385e-009
-2.126	5.5373e-009
-2.125	5.55506e-009
-2.124	5.57762e-009
-2.123	5.60548e-009
-2.122	5.63914e-009
-2.121	5.67909e-009
-2.12	5.72584e-009
-2.119	5.7799e-009
-2.118	5.84175e-009
-2.117	5.91188e-009
-2.116	5.99081e-009
-2.115	6.07899e-009
-2.114	6.1769e-009
-2.113	6.28499e-009
-2.112	6.40371e-009
-2.111	6.53349e-009
-2.11	6.67472e-009
-2.109	6.8278e-009
-2.108	6.9931e-009
-2.107	7.17096e-009
-2.106	7.36171e-009
-2.105	7.56562e-009
-2.104	7.78297e-009
-2.103	8.014e-009
-2.102	8.25888e-009
-2.101	8.5178e-009
-2.1	8.79091e-009
-2.099	9.07827e-009
-2.098	9.37995e-009
-2.097	9.69597e-009
-2.096	1.00263e-008
-2.095	1.03709e-008
-2.094	1.07297e-008
-2.093	1.11025e-008
-2.092	1.14891e-008
-2.091	1.18894e-008
-2.09	1.23029e-008
-2.089	1.27295e-008
-2.088	1.31686e-008
-2.087	1.36201e-008
-2.086	1.40833e-008
-2.085	1.45578e-008
-2.084	1.50431e-008
-2.083	1.55385e-008
-2.082	1.60436e-008
-2.081	1.65575e-008
-2.08	1.70798e-008
-2.079	1.76095e-008
-2.078	1.8146e-008
-2.077	1.86884e-008
-2.076	1.9236e-008
-2.075	1.97879e-008
-2.074	2.03431e-008
-2.073	2.09009e-008
-2.072	2.14604e-008
-2.071	2.20205e-008
-2.07	2.25802e-008
-2.069	2.31388e-008
-2.068	2.36952e-008
-2.067	2.42484e-008
-2.066	2.47975e-008
-2.065	2.53415e-008
-2.064	2.58795e-008
-2.063	2.64104e-008
-2.062	2.69334e-008
-2.061	2.74476e-008
-2.06	2.7952e-008
-2.059	2.84458e-008
-2.058	2.89283e-008
-2.057	2.93985e-008
-2.056	2.98557e-008
-2.055	3.02993e-008
-2.054	3.07285e-008
-2.053	3.11427e-008
-2.052	3.15414e-008
-2.051	3.19241e-008
-2.05	3.22903e-008
-2.049	3.26397e-008
-2.048	3.2972e-008
-2.047	3.32869e-008
-2.046	3.35843e-008
-2.045	3.38641e-008
-2.044	3.41264e-008
-2.043	3.43712e-008
-2.042	3.45986e-008
-2.041	3.48091e-008
-2.04	3.50029e-008
-2.039	3.51804e-008
-2.038	3.53422e-008
-2.037	3.5489e-008
-2.036	3.56215e-008
-2.035	3.57405e-008
-2.034	3.58469e-008
-2.033	3.59417e-008
-2.032	3.60261e-008
-2.031	3.61012e-008
-2.03	3.61684e-008
-2.029	3.62289e-008
-2.028	3.62844e-008
-2.027	3.63362e-008
-2.026	3.63861e-008
-2.025	3.64356e-008
-2.024	3.64867e-008
-2.023	3.65412e-008
-2.022	3.6601e-008
-2.021	3.6668e-008
-2.02	3.67444e-008
-2.019	3.68321e-008
-2.018	3.69334e-008
-2.017	3.70503e-008
-2.016	3.71852e-008
-2.015	3.73402e-008
-2.014	3.75176e-008
-2.013	3.77195e-008
-2.012	3.79484e-008
-2.011	3.82064e-008
-2.01	3.84959e-008
-2.009	3.88191e-008
-2.008	3.91781e-008
-2.007	3.95751e-008
-2.006	4.00124e-008
-2.005	4.04919e-008
-2.004	4.10157e-008
-2.003	4.15859e-008
-2.002	4.22042e-008
-2.001	4.28726e-008
-2	4.35926e-008
-1.999	4.4366e-008
-1.998	4.51942e-008
-1.997	4.60787e-008
-1.996	4.70207e-008
-1.995	4.80214e-008
-1.994	4.90819e-008
-1.993	5.02031e-008
-1.992	5.13855e-008
-1.991	5.263e-008
-1.99	5.39368e-008
-1.989	5.53063e-008
-1.988	5.67386e-008
-1.987	5.82335e-008
-1.986	5.9791e-008
-1.985	6.14104e-008
-1.984	6.30914e-008
-1.983	6.48329e-008
-1.982	6.66343e-008
-1.981	6.84943e-008
-1.98	7.04116e-008
-1.979	7.23847e-008
-1.978	7.44118e-008
-1.977	7.64913e-008
-1.976	7.86212e-008
-1.975	8.07989e-008
-1.974	8.30224e-008
-1.973	8.52891e-008
-1.972	8.75964e-008
-1.971	8.99413e-008
-1.97	9.2321e-008
-1.969	9.47324e-008
-1.968	9.71721e-008
-1.967	9.9637e-008
-1.966	1.02124e-007
-1.965	1.04628e-007
-1.964	1.07147e-007
-1.963	1.09677e-007
-1.962	1.12214e-007
-1.961	1.14754e-007
-1.96	1.17294e-007
-1.959	1.19829e-007
-1.958	1.22355e-007
-1.957	1.2487e-007
-1.956	1.27368e-007
-1.955	1.29846e-007
-1.954	1.32301e-007
-1.953	1.34728e-007
-1.952	1.37124e-007
-1.951	1.39486e-007
-1.95	1.41809e-007
-1.949	1.44092e-007
-1.948	1.46329e-007
-1.947	1.4852e-007
-1.946	1.5066e-007
-1.945	1.52747e-007
-1.944	1.54779e-007
-1.943	1.56753e-007
-1.942	1.58668e-007
-1.941	1.60521e-007
-1.94	1.62311e-007
-1.939	1.64037e-007
-1.938	1.65698e-007
-1.937	1.67293e-007
-1.936	1.68821e-007
-1.935	1.70283e-007
-1.934	1.71679e-007
-1.933	1.7301e-007
-1.932	1.74275e-007
-1.931	1.75478e-007
-1.93	1.76617e-007
-1.929	1.77697e-007
-1.928	1.78719e-007
-1.927	1.79685e-007
-1.926	1.80599e-007
-1.925	1.81463e-007
-1.924	1.82282e-007
-1.923	1.83059e-007
-1.922	1.83797e-007
-1.921	1.84503e-007
-1.92	1.8518e-007
-1.919	1.85834e-007
-1.918	1.8647e-007
-1.917	1.87094e-007
-1.916	1.87712e-007
-1.915	1.88329e-007
-1.914	1.88954e-007
-1.913	1.89592e-007
-1.912	1.9025e-007
-1.911	1.90935e-007
-1.91	1.91655e-007
-1.909	1.92416e-007
-1.908	1.93228e-007
-1.907	1.94096e-007
-1.906	1.95029e-007
-1.905	1.96034e-007
-1.904	1.9712e-007
-1.903	1.98294e-007
-1.902	1.99564e-007
-1.901	2.00938e-007
-1.9	2.02424e-007
-1.899	2.04028e-007
-1.898	2.05759e-007
-1.897	2.07623e-007
-1.896	2.09629e-007
-1.895	2.11782e-007
-1.894	2.1409e-007
-1.893	2.16559e-007
-1.892	2.19195e-007
-1.891	2.22004e-007
-1.89	2.24991e-007
-1.889	2.28163e-007
-1.888	2.31523e-007
-1.887	2.35076e-007
-1.886	2.38825e-007
-1.885	2.42775e-007
-1.884	2.46929e-007
-1.883	2.51288e-007
-1.882	2.55856e-007
-1.881	2.60633e-007
-1.88	2.65621e-007
-1.879	2.7082e-007
-1.878	2.7623e-007
-1.877	2.8185e-007
-1.876	2.8768e-007
-1.875	2.93717e-007
-1.874	2.9996e-007
-1.873	3.06405e-007
-1.872	3.13049e-007
-1.871	3.19887e-007
-1.87	3.26916e-007
-1.869	3.3413e-007
-1.868	3.41523e-007
-1.867	3.49088e-007
-1.866	3.5682e-007
-1.865	3.64712e-007
-1.864	3.72754e-007
-1.863	3.80939e-007
-1.862	3.89258e-007
-1.861	3.97702e-007
-1.86	4.06261e-007
-1.859	4.14926e-007
-1.858	4.23686e-007
-1.857	4.32531e-007
-1.856	4.41448e-007
-1.855	4.50429e-007
-1.854	4.59461e-007
-1.853	4.68533e-007
-1.852	4.77632e-007
-1.851	4.86748e-007
-1.85	4.95868e-007
-1.849	5.0498e-007
-1.848	5.14074e-007
-1.847	5.23136e-007
-1.846	5.32157e-007
-1.845	5.41123e-007
-1.844	5.50023e-007
-1.843	5.58847e-007
-1.842	5.67583e-007
-1.841	5.76222e-007
-1.84	5.84754e-007
-1.839	5.93169e-007
-1.838	6.01457e-007
-1.837	6.0961e-007
-1.836	6.17621e-007
-1.835	6.2548e-007
-1.834	6.33183e-007
-1.833	6.40722e-007
-1.832	6.48091e-007
-1.831	6.55287e-007
-1.83	6.62304e-007
-1.829	6.69141e-007
-1.828	6.75794e-007
-1.827	6.82262e-007
-1.826	6.88544e-007
-1.825	6.9464e-007
-1.824	7.00552e-007
-1.823	7.06282e-007
-1.822	7.11831e-007
-1.821	7.17205e-007
-1.82	7.22409e-007
-1.819	7.27448e-007
-1.818	7.32328e-007
-1.817	7.37057e-007
-1.816	7.41645e-007
-1.815	7.461e-007
-1.814	7.50433e-007
-1.813	7.54655e-007
-1.812	7.58779e-007
-1.811	7.62815e-007
-1.81	7.66782e-007
-1.809	7.70692e-007
-1.808	7.7456e-007
-1.807	7.78403e-007
-1.806	7.82236e-007
-1.805	7.86078e-007
-1.804	7.89949e-007
-1.803	7.93863e-007
-1.802	7.97842e-007
-1.801	8.01905e-007
-1.8	8.06072e-007
-1.799	8.10363e-007
-1.798	8.14799e-007
-1.797	8.19401e-007
-1.796	8.24187e-007
-1.795	8.29182e-007
-1.794	8.34404e-007
-1.793	8.39874e-007
-1.792	8.45614e-007
-1.791	8.51644e-007
-1.79	8.57983e-007
-1.789	8.64653e-007
-1.788	8.71673e-007
-1.787	8.7906e-007
-1.786	8.86835e-007
-1.785	8.95014e-007
-1.784	9.03616e-007
-1.783	9.12658e-007
-1.782	9.22153e-007
-1.781	9.32116e-007
-1.78	9.42563e-007
-1.779	9.53505e-007
-1.778	9.64955e-007
-1.777	9.76924e-007
-1.776	9.8942e-007
-1.775	1.00245e-006
-1.774	1.01603e-006
-1.773	1.03016e-006
-1.772	1.04484e-006
-1.771	1.06008e-006
-1.77	1.07588e-006
-1.769	1.09224e-006
-1.768	1.10916e-006
-1.767	1.12663e-006
-1.766	1.14466e-006
-1.765	1.16324e-006
-1.764	1.18237e-006
-1.763	1.20202e-006
-1.762	1.22221e-006
-1.761	1.2429e-006
-1.76	1.2641e-006
-1.759	1.28579e-006
-1.758	1.30795e-006
-1.757	1.33058e-006
-1.756	1.35364e-006
-1.755	1.37713e-006
-1.754	1.40103e-006
-1.753	1.4253e-006
-1.752	1.44994e-006
-1.751	1.47492e-006
-1.75	1.50021e-006
-1.749	1.5258e-006
-1.748	1.55165e-006
-1.747	1.57774e-006
-1.746	1.60405e-006
-1.745	1.63055e-006
-1.744	1.6572e-006
-1.743	1.68399e-006
-1.742	1.71089e-006
-1.741	1.73786e-006
-1.74	1.76489e-006
-1.739	1.79193e-006
-1.738	1.81897e-006
-1.737	1.84598e-006
-1.736	1.87292e-006
-1.735	1.89978e-006
-1.734	1.92653e-006
-1.733	1.95314e-006
-1.732	1.97959e-006
-1.731	2.00585e-006
-1.73	2.0319e-006
-1.729	2.05772e-006
-1.728	2.08329e-006
-1.727	2.10859e-006
-1.726	2.1336e-006
-1.725	2.15831e-006
-1.724	2.1827e-006
-1.723	2.20675e-006
-1.722	2.23046e-006
-1.721	2.25381e-006
-1.72	2.2768e-006
-1.719	2.29942e-006
-1.718	2.32167e-006
-1.717	2.34354e-006
-1.716	2.36503e-006
-1.715	2.38615e-006
-1.714	2.40689e-006
-1.713	2.42726e-006
-1.712	2.44727e-006
-1.711	2.46694e-006
-1.71	2.48626e-006
-1.709	2.50525e-006
-1.708	2.52394e-006
-1.707	2.54234e-006
-1.706	2.56046e-006
-1.705	2.57832e-006
-1.704	2.59596e-006
-1.703	2.61341e-006
-1.702	2.63067e-006
-1.701	2.64779e-006
-1.7	2.66479e-006
-1.699	2.68171e-006
-1.698	2.69859e-006
-1.697	2.71544e-006
-1.696	2.73233e-006
-1.695	2.74927e-006
-1.694	2.76632e-006
-1.693	2.7835e-006
-1.692	2.80087e-006
-1.691	2.81846e-006
-1.69	2.83632e-006
-1.689	2.85449e-006
-1.688	2.87301e-006
-1.687	2.89193e-006
-1.686	2.91129e-006
-1.685	2.93114e-006
-1.684	2.95152e-006
-1.683	2.97246e-006
-1.682	2.99403e-006
-1.681	3.01627e-006
-1.68	3.0392e-006
-1.679	3.06287e-006
-1.678	3.08733e-006
-1.677	3.11262e-006
-1.676	3.13876e-006
-1.675	3.1658e-006
-1.674	3.19378e-006
-1.673	3.22273e-006
-1.672	3.25268e-006
-1.671	3.28365e-006
-1.67	3.31569e-006
-1.669	3.34881e-006
-1.668	3.38305e-006
-1.667	3.41841e-006
-1.666	3.45492e-006
-1.665	3.49261e-006
-1.664	3.53148e-006
-1.663	3.57154e-006
-1.662	3.61281e-006
-1.661	3.65529e-006
-1.66	3.69899e-006
-1.659	3.7439e-006
-1.658	3.79002e-006
-1.657	3.83737e-006
-1.656	3.88592e-006
-1.655	3.93566e-006
-1.654	3.98659e-006
-1.653	4.03869e-006
-1.652	4.09194e-006
-1.651	4.14632e-006
-1.65	4.20181e-006
-1.649	4.25838e-006
-1.648	4.31601e-006
-1.647	4.37466e-006
-1.646	4.43431e-006
-1.645	4.49492e-006
-1.644	4.55644e-006
-1.643	4.61885e-006
-1.642	4.6821e-006
-1.641	4.74614e-006
-1.64	4.81095e-006
-1.639	4.87647e-006
-1.638	4.94265e-006
-1.637	5.00944e-006
-1.636	5.0768e-006
-1.635	5.14468e-006
-1.634	5.21304e-006
-1.633	5.28179e-006
-1.632	5.35092e-006
-1.631	5.42036e-006
-1.63	5.49007e-006
-1.629	5.55999e-006
-1.628	5.63006e-006
-1.627	5.70025e-006
-1.626	5.77051e-006
-1.625	5.84078e-006
-1.624	5.91102e-006
-1.623	5.98118e-006
-1.622	6.05122e-006
-1.621	6.12109e-006
-1.62	6.19075e-006
-1.619	6.26019e-006
-1.618	6.32933e-006
-1.617	6.39816e-006
-1.616	6.46665e-006
-1.615	6.53477e-006
-1.614	6.60248e-006
-1.613	6.66977e-006
-1.612	6.73663e-006
-1.611	6.803e-006
-1.61	6.86891e-006
-1.609	6.93434e-006
-1.608	6.99927e-006
-1.607	7.0637e-006
-1.606	7.12764e-006
-1.605	7.19108e-006
-1.604	7.25402e-006
-1.603	7.3165e-006
-1.602	7.37851e-006
-1.601	7.44008e-006
-1.6	7.50122e-006
-1.599	7.56196e-006
-1.598	7.62232e-006
-1.597	7.68234e-006
-1.596	7.74206e-006
-1.595	7.80151e-006
-1.594	7.86073e-006
-1.593	7.91977e-006
-1.592	7.97869e-006
-1.591	8.03752e-006
-1.59	8.09632e-006
-1.589	8.15515e-006
-1.588	8.21407e-006
-1.587	8.27312e-006
-1.586	8.33241e-006
-1.585	8.39196e-006
-1.584	8.45188e-006
-1.583	8.51219e-006
-1.582	8.573e-006
-1.581	8.63437e-006
-1.58	8.69636e-006
-1.579	8.75907e-006
-1.578	8.82256e-006
-1.577	8.8869e-006
-1.576	8.95217e-006
-1.575	9.01846e-006
-1.574	9.08583e-006
-1.573	9.15436e-006
-1.572	9.22411e-006
-1.571	9.29517e-006
-1.57	9.36761e-006
-1.569	9.4415e-006
-1.568	9.51692e-006
-1.567	9.5939e-006
-1.566	9.67254e-006
-1.565	9.7529e-006
-1.564	9.83504e-006
-1.563	9.91901e-006
-1.562	1.00049e-005
-1.561	1.00927e-005
-1.56	1.01825e-005
-1.559	1.02743e-005
-1.558	1.03682e-005
-1.557	1.04643e-005
-1.556	1.05624e-005
-1.555	1.06628e-005
-1.554	1.07654e-005
-1.553	1.08703e-005
-1.552	1.09773e-005
-1.551	1.10867e-005
-1.55	1.11984e-005
-1.549	1.13123e-005
-1.548	1.14286e-005
-1.547	1.15471e-005
-1.546	1.16679e-005
-1.545	1.17911e-005
-1.544	1.19164e-005
-1.543	1.20441e-005
-1.542	1.21739e-005
-1.541	1.2306e-005
-1.54	1.24402e-005
-1.539	1.25765e-005
-1.538	1.2715e-005
-1.537	1.28555e-005
-1.536	1.2998e-005
-1.535	1.31425e-005
-1.534	1.32889e-005
-1.533	1.34372e-005
-1.532	1.35872e-005
-1.531	1.3739e-005
-1.53	1.38925e-005
-1.529	1.40476e-005
-1.528	1.42042e-005
-1.527	1.43623e-005
-1.526	1.45218e-005
-1.525	1.46827e-005
-1.524	1.48448e-005
-1.523	1.50082e-005
-1.522	1.51726e-005
-1.521	1.53381e-005
-1.52	1.55046e-005
-1.519	1.5672e-005
-1.518	1.58403e-005
-1.517	1.60092e-005
-1.516	1.61789e-005
-1.515	1.63492e-005
-1.514	1.65201e-005
-1.513	1.66915e-005
-1.512	1.68633e-005
-1.511	1.70355e-005
-1.51	1.7208e-005
-1.509	1.73807e-005
-1.508	1.75536e-005
-1.507	1.77268e-005
-1.506	1.79e-005
-1.505	1.80733e-005
-1.504	1.82467e-005
-1.503	1.842e-005
-1.502	1.85933e-005
-1.501	1.87666e-005
-1.5	1.89399e-005
-1.499	1.9113e-005
-1.498	1.92861e-005
-1.497	1.94591e-005
-1.496	1.96319e-005
-1.495	1.98047e-005
-1.494	1.99774e-005
-1.493	2.015e-005
-1.492	2.03226e-005
-1.491	2.04952e-005
-1.49	2.06678e-005
-1.489	2.08404e-005
-1.488	2.10131e-005
-1.487	2.11859e-005
-1.486	2.1359e-005
-1.485	2.15322e-005
-1.484	2.17058e-005
-1.483	2.18797e-005
-1.482	2.2054e-005
-1.481	2.22289e-005
-1.48	2.24043e-005
-1.479	2.25803e-005
-1.478	2.27571e-005
-1.477	2.29347e-005
-1.476	2.31133e-005
-1.475	2.32928e-005
-1.474	2.34735e-005
-1.473	2.36554e-005
-1.472	2.38385e-005
-1.471	2.40231e-005
-1.47	2.42092e-005
-1.469	2.43968e-005
-1.468	2.45863e-005
-1.467	2.47775e-005
-1.466	2.49707e-005
-1.465	2.5166e-005
-1.464	2.53634e-005
-1.463	2.55631e-005
-1.462	2.57651e-005
-1.461	2.59696e-005
-1.46	2.61767e-005
-1.459	2.63865e-005
-1.458	2.65991e-005
-1.457	2.68146e-005
-1.456	2.70331e-005
-1.455	2.72546e-005
-1.454	2.74793e-005
-1.453	2.77073e-005
-1.452	2.79386e-005
-1.451	2.81734e-005
-1.45	2.84118e-005
-1.449	2.86536e-005
-1.448	2.88992e-005
-1.447	2.91484e-005
-1.446	2.94015e-005
-1.445	2.96584e-005
-1.444	2.99192e-005
-1.443	3.01839e-005
-1.442	3.04526e-005
-1.441	3.07253e-005
-1.44	3.10021e-005
-1.439	3.12829e-005
-1.438	3.15679e-005
-1.437	3.1857e-005
-1.436	3.21502e-005
-1.435	3.24475e-005
-1.434	3.2749e-005
-1.433	3.30546e-005
-1.432	3.33643e-005
-1.431	3.36781e-005
-1.43	3.3996e-005
-1.429	3.4318e-005
-1.428	3.4644e-005
-1.427	3.4974e-005
-1.426	3.53079e-005
-1.425	3.56458e-005
-1.424	3.59875e-005
-1.423	3.63331e-005
-1.422	3.66824e-005
-1.421	3.70355e-005
-1.42	3.73921e-005
-1.419	3.77524e-005
-1.418	3.81162e-005
-1.417	3.84835e-005
-1.416	3.88541e-005
-1.415	3.9228e-005
-1.414	3.96052e-005
-1.413	3.99855e-005
-1.412	4.03689e-005
-1.411	4.07554e-005
-1.41	4.11448e-005
-1.409	4.1537e-005
-1.408	4.19321e-005
-1.407	4.23299e-005
-1.406	4.27302e-005
-1.405	4.31332e-005
-1.404	4.35387e-005
-1.403	4.39466e-005
-1.402	4.43568e-005
-1.401	4.47694e-005
-1.4	4.51842e-005
-1.399	4.56013e-005
-1.398	4.60203e-005
-1.397	4.64415e-005
-1.396	4.68647e-005
-1.395	4.72899e-005
-1.394	4.77171e-005
-1.393	4.81462e-005
-1.392	4.85772e-005
-1.391	4.901e-005
-1.39	4.94446e-005
-1.389	4.98811e-005
-1.388	5.03195e-005
-1.387	5.07597e-005
-1.386	5.12016e-005
-1.385	5.16454e-005
-1.384	5.20911e-005
-1.383	5.25386e-005
-1.382	5.2988e-005
-1.381	5.34394e-005
-1.38	5.38926e-005
-1.379	5.4348e-005
-1.378	5.48053e-005
-1.377	5.52647e-005
-1.376	5.57263e-005
-1.375	5.61902e-005
-1.374	5.66563e-005
-1.373	5.71249e-005
-1.372	5.75959e-005
-1.371	5.80694e-005
-1.37	5.85457e-005
-1.369	5.90247e-005
-1.368	5.95065e-005
-1.367	5.99912e-005
-1.366	6.0479e-005
-1.365	6.097e-005
-1.364	6.14643e-005
-1.363	6.19621e-005
-1.362	6.24633e-005
-1.361	6.29683e-005
-1.36	6.3477e-005
-1.359	6.39897e-005
-1.358	6.45065e-005
-1.357	6.50274e-005
-1.356	6.55528e-005
-1.355	6.60826e-005
-1.354	6.6617e-005
-1.353	6.71563e-005
-1.352	6.77003e-005
-1.351	6.82494e-005
-1.35	6.88037e-005
-1.349	6.93634e-005
-1.348	6.99286e-005
-1.347	7.04993e-005
-1.346	7.10758e-005
-1.345	7.16581e-005
-1.344	7.22466e-005
-1.343	7.2841e-005
-1.342	7.34418e-005
-1.341	7.4049e-005
-1.34	7.46626e-005
-1.339	7.52829e-005
-1.338	7.591e-005
-1.337	7.6544e-005
-1.336	7.71848e-005
-1.335	7.78327e-005
-1.334	7.84878e-005
-1.333	7.91501e-005
-1.332	7.98198e-005
-1.331	8.04969e-005
-1.33	8.11816e-005
-1.329	8.18738e-005
-1.328	8.25736e-005
-1.327	8.32811e-005
-1.326	8.39965e-005
-1.325	8.47197e-005
-1.324	8.54507e-005
-1.323	8.61896e-005
-1.322	8.69365e-005
-1.321	8.76915e-005
-1.32	8.84544e-005
-1.319	8.92253e-005
-1.318	9.00044e-005
-1.317	9.07915e-005
-1.316	9.15867e-005
-1.315	9.23899e-005
-1.314	9.32014e-005
-1.313	9.40208e-005
-1.312	9.48483e-005
-1.311	9.5684e-005
-1.31	9.65276e-005
-1.309	9.73792e-005
-1.308	9.8239e-005
-1.307	9.91067e-005
-1.306	9.99825e-005
-1.305	0.000100866
-1.304	0.000101758
-1.303	0.000102657
-1.302	0.000103564
-1.301	0.000104479
-1.3	0.000105402
-1.299	0.000106333
-1.298	0.000107271
-1.297	0.000108217
-1.296	0.00010917
-1.295	0.000110132
-1.294	0.0001111
-1.293	0.000112076
-1.292	0.00011306
-1.291	0.000114051
-1.29	0.00011505
-1.289	0.000116056
-1.288	0.000117069
-1.287	0.00011809
-1.286	0.000119118
-1.285	0.000120153
-1.284	0.000121196
-1.283	0.000122246
-1.282	0.000123303
-1.281	0.000124367
-1.28	0.000125439
-1.279	0.000126518
-1.278	0.000127604
-1.277	0.000128698
-1.276	0.000129799
-1.275	0.000130907
-1.274	0.000132023
-1.273	0.000133146
-1.272	0.000134277
-1.271	0.000135415
-1.27	0.000136561
-1.269	0.000137715
-1.268	0.000138876
-1.267	0.000140045
-1.266	0.000141222
-1.265	0.000142407
-1.264	0.0001436
-1.263	0.000144801
-1.262	0.000146011
-1.261	0.000147229
-1.26	0.000148455
-1.259	0.00014969
-1.258	0.000150934
-1.257	0.000152186
-1.256	0.000153448
-1.255	0.000154719
-1.254	0.000155999
-1.253	0.000157288
-1.252	0.000158587
-1.251	0.000159896
-1.25	0.000161215
-1.249	0.000162543
-1.248	0.000163882
-1.247	0.000165232
-1.246	0.000166592
-1.245	0.000167962
-1.244	0.000169344
-1.243	0.000170737
-1.242	0.000172142
-1.241	0.000173558
-1.24	0.000174985
-1.239	0.000176424
-1.238	0.000177876
-1.237	0.00017934
-1.236	0.000180817
-1.235	0.000182306
-1.234	0.000183808
-1.233	0.000185323
-1.232	0.000186851
-1.231	0.000188393
-1.23	0.000189949
-1.229	0.000191518
-1.228	0.000193102
-1.227	0.0001947
-1.226	0.000196312
-1.225	0.000197939
-1.224	0.000199581
-1.223	0.000201238
-1.222	0.00020291
-1.221	0.000204597
-1.22	0.0002063
-1.219	0.000208019
-1.218	0.000209754
-1.217	0.000211504
-1.216	0.000213272
-1.215	0.000215055
-1.214	0.000216855
-1.213	0.000218671
-1.212	0.000220505
-1.211	0.000222355
-1.21	0.000224223
-1.209	0.000226108
-1.208	0.00022801
-1.207	0.000229931
-1.206	0.000231868
-1.205	0.000233824
-1.204	0.000235797
-1.203	0.000237788
-1.202	0.000239798
-1.201	0.000241826
-1.2	0.000243872
-1.199	0.000245937
-1.198	0.00024802
-1.197	0.000250122
-1.196	0.000252243
-1.195	0.000254383
-1.194	0.000256542
-1.193	0.000258719
-1.192	0.000260916
-1.191	0.000263132
-1.19	0.000265367
-1.189	0.000267622
-1.188	0.000269897
-1.187	0.00027219
-1.186	0.000274504
-1.185	0.000276836
-1.184	0.000279189
-1.183	0.000281562
-1.182	0.000283954
-1.181	0.000286366
-1.18	0.000288799
-1.179	0.000291251
-1.178	0.000293724
-1.177	0.000296217
-1.176	0.000298731
-1.175	0.000301264
-1.174	0.000303819
-1.173	0.000306394
-1.172	0.00030899
-1.171	0.000311606
-1.17	0.000314243
-1.169	0.000316902
-1.168	0.000319581
-1.167	0.000322282
-1.166	0.000325004
-1.165	0.000327747
-1.164	0.000330512
-1.163	0.000333298
-1.162	0.000336106
-1.161	0.000338936
-1.16	0.000341788
-1.159	0.000344663
-1.158	0.000347559
-1.157	0.000350478
-1.156	0.00035342
-1.155	0.000356384
-1.154	0.000359372
-1.153	0.000362382
-1.152	0.000365416
-1.151	0.000368473
-1.15	0.000371554
-1.149	0.000374658
-1.148	0.000377787
-1.147	0.00038094
-1.146	0.000384118
-1.145	0.00038732
-1.144	0.000390547
-1.143	0.0003938
-1.142	0.000397078
-1.141	0.000400381
-1.14	0.00040371
-1.139	0.000407066
-1.138	0.000410448
-1.137	0.000413857
-1.136	0.000417293
-1.135	0.000420755
-1.134	0.000424246
-1.133	0.000427765
-1.132	0.000431312
-1.131	0.000434887
-1.13	0.000438491
-1.129	0.000442124
-1.128	0.000445787
-1.127	0.000449479
-1.126	0.000453201
-1.125	0.000456954
-1.124	0.000460738
-1.123	0.000464552
-1.122	0.000468398
-1.121	0.000472277
-1.12	0.000476186
-1.119	0.000480128
-1.118	0.000484104
-1.117	0.000488112
-1.116	0.000492155
-1.115	0.000496231
-1.114	0.000500341
-1.113	0.000504487
-1.112	0.000508667
-1.111	0.000512882
-1.11	0.000517134
-1.109	0.000521422
-1.108	0.000525746
-1.107	0.000530108
-1.106	0.000534507
-1.105	0.000538943
-1.104	0.000543417
-1.103	0.000547931
-1.102	0.000552483
-1.101	0.000557074
-1.1	0.000561705
-1.099	0.000566376
-1.098	0.000571087
-1.097	0.00057584
-1.096	0.000580633
-1.095	0.000585468
-1.094	0.000590344
-1.093	0.000595263
-1.092	0.000600225
-1.091	0.00060523
-1.09	0.000610278
-1.089	0.00061537
-1.088	0.000620506
-1.087	0.000625687
-1.086	0.000630912
-1.085	0.000636182
-1.084	0.000641499
-1.083	0.000646861
-1.082	0.00065227
-1.081	0.000657724
-1.08	0.000663226
-1.079	0.000668776
-1.078	0.000674372
-1.077	0.000680017
-1.076	0.000685711
-1.075	0.000691454
-1.074	0.000697244
-1.073	0.000703085
-1.072	0.000708975
-1.071	0.000714916
-1.07	0.000720907
-1.069	0.000726949
-1.068	0.000733042
-1.067	0.000739186
-1.066	0.000745382
-1.065	0.000751631
-1.064	0.000757932
-1.063	0.000764285
-1.062	0.000770693
-1.061	0.000777153
-1.06	0.000783668
-1.059	0.000790237
-1.058	0.00079686
-1.057	0.000803538
-1.056	0.000810272
-1.055	0.000817061
-1.054	0.000823906
-1.053	0.000830809
-1.052	0.000837767
-1.051	0.000844783
-1.05	0.000851857
-1.049	0.000858989
-1.048	0.000866178
-1.047	0.000873428
-1.046	0.000880736
-1.045	0.000888103
-1.044	0.000895531
-1.043	0.000903019
-1.042	0.000910568
-1.041	0.000918179
-1.04	0.000925852
-1.039	0.000933586
-1.038	0.000941383
-1.037	0.000949245
-1.036	0.000957169
-1.035	0.000965157
-1.034	0.00097321
-1.033	0.000981329
-1.032	0.000989514
-1.031	0.000997764
-1.03	0.00100608
-1.029	0.00101447
-1.028	0.00102292
-1.027	0.00103144
-1.026	0.00104003
-1.025	0.00104869
-1.024	0.00105742
-1.023	0.00106622
-1.022	0.00107509
-1.021	0.00108404
-1.02	0.00109305
-1.019	0.00110214
-1.018	0.00111131
-1.017	0.00112055
-1.016	0.00112986
-1.015	0.00113925
-1.014	0.00114872
-1.013	0.00115826
-1.012	0.00116789
-1.011	0.00117759
-1.01	0.00118737
-1.009	0.00119723
-1.008	0.00120717
-1.007	0.0012172
-1.006	0.0012273
-1.005	0.00123749
-1.004	0.00124777
-1.003	0.00125813
-1.002	0.00126857
-1.001	0.00127911
-1	0.00128972
-0.999	0.00130043
-0.998	0.00131123
-0.997	0.00132212
-0.996	0.00133309
-0.995	0.00134416
-0.994	0.00135532
-0.993	0.00136658
-0.992	0.00137793
-0.991	0.00138937
-0.99	0.00140091
-0.989	0.00141255
-0.988	0.00142428
-0.987	0.00143612
-0.986	0.00144805
-0.985	0.00146008
-0.984	0.00147222
-0.983	0.00148446
-0.982	0.0014968
-0.981	0.00150924
-0.98	0.00152179
-0.979	0.00153445
-0.978	0.00154721
-0.977	0.00156008
-0.976	0.00157306
-0.975	0.00158615
-0.974	0.00159935
-0.973	0.00161267
-0.972	0.00162609
-0.971	0.00163963
-0.97	0.00165329
-0.969	0.00166706
-0.968	0.00168094
-0.967	0.00169495
-0.966	0.00170907
-0.965	0.00172331
-0.964	0.00173767
-0.963	0.00175216
-0.962	0.00176677
-0.961	0.00178149
-0.96	0.00179635
-0.959	0.00181133
-0.958	0.00182644
-0.957	0.00184167
-0.956	0.00185704
-0.955	0.00187253
-0.954	0.00188815
-0.953	0.00190391
-0.952	0.0019198
-0.951	0.00193582
-0.95	0.00195197
-0.949	0.00196827
-0.948	0.0019847
-0.947	0.00200126
-0.946	0.00201797
-0.945	0.00203481
-0.944	0.0020518
-0.943	0.00206893
-0.942	0.0020862
-0.941	0.00210361
-0.94	0.00212118
-0.939	0.00213888
-0.938	0.00215674
-0.937	0.00217474
-0.936	0.00219289
-0.935	0.0022112
-0.934	0.00222966
-0.933	0.00224827
-0.932	0.00226703
-0.931	0.00228595
-0.93	0.00230503
-0.929	0.00232426
-0.928	0.00234366
-0.927	0.00236321
-0.926	0.00238293
-0.925	0.0024028
-0.924	0.00242285
-0.923	0.00244305
-0.922	0.00246343
-0.921	0.00248397
-0.92	0.00250469
-0.919	0.00252557
-0.918	0.00254662
-0.917	0.00256785
-0.916	0.00258926
-0.915	0.00261084
-0.914	0.00263259
-0.913	0.00265453
-0.912	0.00267665
-0.911	0.00269894
-0.91	0.00272143
-0.909	0.0027441
-0.908	0.00276695
-0.907	0.00279
-0.906	0.00281323
-0.905	0.00283665
-0.904	0.00286027
-0.903	0.00288409
-0.902	0.00290809
-0.901	0.0029323
-0.9	0.0029567
-0.899	0.00298131
-0.898	0.00300612
-0.897	0.00303114
-0.896	0.00305636
-0.895	0.00308179
-0.894	0.00310743
-0.893	0.00313328
-0.892	0.00315935
-0.891	0.00318563
-0.89	0.00321213
-0.889	0.00323885
-0.888	0.00326578
-0.887	0.00329295
-0.886	0.00332034
-0.885	0.00334795
-0.884	0.0033758
-0.883	0.00340388
-0.882	0.00343219
-0.881	0.00346074
-0.88	0.00348952
-0.879	0.00351854
-0.878	0.00354781
-0.877	0.00357731
-0.876	0.00360707
-0.875	0.00363707
-0.874	0.00366732
-0.873	0.00369782
-0.872	0.00372858
-0.871	0.0037596
-0.87	0.00379088
-0.869	0.00382242
-0.868	0.00385422
-0.867	0.00388628
-0.866	0.00391862
-0.865	0.00395123
-0.864	0.0039841
-0.863	0.00401726
-0.862	0.00405069
-0.861	0.0040844
-0.86	0.0041184
-0.859	0.00415267
-0.858	0.00418724
-0.857	0.0042221
-0.856	0.00425725
-0.855	0.00429269
-0.854	0.00432844
-0.853	0.00436447
-0.852	0.00440082
-0.851	0.00443747
-0.85	0.00447442
-0.849	0.00451168
-0.848	0.00454926
-0.847	0.00458716
-0.846	0.00462537
-0.845	0.0046639
-0.844	0.00470276
-0.843	0.00474194
-0.842	0.00478145
-0.841	0.00482129
-0.84	0.00486147
-0.839	0.00490198
-0.838	0.00494283
-0.837	0.00498403
-0.836	0.00502557
-0.835	0.00506745
-0.834	0.00510969
-0.833	0.00515228
-0.832	0.00519523
-0.831	0.00523854
-0.83	0.00528221
-0.829	0.00532625
-0.828	0.00537065
-0.827	0.00541542
-0.826	0.00546056
-0.825	0.00550609
-0.824	0.005552
-0.823	0.00559829
-0.822	0.00564496
-0.821	0.00569203
-0.82	0.00573949
-0.819	0.00578734
-0.818	0.0058356
-0.817	0.00588425
-0.816	0.00593331
-0.815	0.00598277
-0.814	0.00603266
-0.813	0.00608295
-0.812	0.00613366
-0.811	0.0061848
-0.81	0.00623635
-0.809	0.00628834
-0.808	0.00634076
-0.807	0.00639362
-0.806	0.00644692
-0.805	0.00650065
-0.804	0.00655485
-0.803	0.00660947
-0.802	0.00666457
-0.801	0.00672012
-0.8	0.00677612
-0.799	0.00683259
-0.798	0.00688952
-0.797	0.00694694
-0.796	0.00700482
-0.795	0.00706319
-0.794	0.00712204
-0.793	0.00718139
-0.792	0.00724121
-0.791	0.00730155
-0.79	0.00736238
-0.789	0.00742372
-0.788	0.00748555
-0.787	0.0075479
-0.786	0.00761078
-0.785	0.00767417
-0.784	0.00773809
-0.783	0.00780254
-0.782	0.00786753
-0.781	0.00793305
-0.78	0.00799911
-0.779	0.00806573
-0.778	0.0081329
-0.777	0.00820062
-0.776	0.00826891
-0.775	0.00833777
-0.774	0.0084072
-0.773	0.0084772
-0.772	0.00854779
-0.771	0.00861896
-0.77	0.00869072
-0.769	0.00876308
-0.768	0.00883604
-0.767	0.00890961
-0.766	0.00898379
-0.765	0.00905859
-0.764	0.00913401
-0.763	0.00921005
-0.762	0.00928674
-0.761	0.00936406
-0.76	0.00944202
-0.759	0.00952063
-0.758	0.0095999
-0.757	0.00967983
-0.756	0.00976043
-0.755	0.00984168
-0.754	0.00992364
-0.753	0.0100063
-0.752	0.0100896
-0.751	0.0101736
-0.75	0.0102583
-0.749	0.0103437
-0.748	0.0104299
-0.747	0.0105167
-0.746	0.0106043
-0.745	0.0106926
-0.744	0.0107816
-0.743	0.0108714
-0.742	0.0109619
-0.741	0.0110532
-0.74	0.0111453
-0.739	0.0112381
-0.738	0.0113317
-0.737	0.0114261
-0.736	0.0115213
-0.735	0.0116172
-0.734	0.011714
-0.733	0.0118116
-0.732	0.01191
-0.731	0.0120092
-0.73	0.0121092
-0.729	0.0122101
-0.728	0.0123118
-0.727	0.0124144
-0.726	0.0125178
-0.725	0.0126221
-0.724	0.0127273
-0.723	0.0128333
-0.722	0.0129402
-0.721	0.013048
-0.72	0.0131568
-0.719	0.0132664
-0.718	0.0133769
-0.717	0.0134884
-0.716	0.0136008
-0.715	0.0137141
-0.714	0.0138284
-0.713	0.0139437
-0.712	0.0140599
-0.711	0.014177
-0.71	0.0142952
-0.709	0.0144143
-0.708	0.0145344
-0.707	0.0146556
-0.706	0.0147777
-0.705	0.0149009
-0.704	0.0150251
-0.703	0.0151503
-0.702	0.0152766
-0.701	0.0154039
-0.7	0.0155323
-0.699	0.0156617
-0.698	0.0157923
-0.697	0.0159239
-0.696	0.0160566
-0.695	0.0161904
-0.694	0.0163254
-0.693	0.0164614
-0.692	0.0165987
-0.691	0.016737
-0.69	0.0168765
-0.689	0.0170171
-0.688	0.017159
-0.687	0.017302
-0.686	0.0174462
-0.685	0.0175916
-0.684	0.0177382
-0.683	0.017886
-0.682	0.0180351
-0.681	0.0181854
-0.68	0.0183369
-0.679	0.0184898
-0.678	0.0186438
-0.677	0.0187992
-0.676	0.0189559
-0.675	0.0191138
-0.674	0.0192731
-0.673	0.0194337
-0.672	0.0195956
-0.671	0.0197589
-0.67	0.0199236
-0.669	0.0200896
-0.668	0.0202569
-0.667	0.0204257
-0.666	0.0205959
-0.665	0.0207675
-0.664	0.0209405
-0.663	0.021115
-0.662	0.0212909
-0.661	0.0214683
-0.66	0.0216472
-0.659	0.0218275
-0.658	0.0220093
-0.657	0.0221927
-0.656	0.0223776
-0.655	0.022564
-0.654	0.0227519
-0.653	0.0229415
-0.652	0.0231326
-0.651	0.0233253
-0.65	0.0235195
-0.649	0.0237155
-0.648	0.023913
-0.647	0.0241122
-0.646	0.0243131
-0.645	0.0245156
-0.644	0.0247198
-0.643	0.0249257
-0.642	0.0251334
-0.641	0.0253427
-0.64	0.0255538
-0.639	0.0257667
-0.638	0.0259813
-0.637	0.0261978
-0.636	0.026416
-0.635	0.026636
-0.634	0.0268579
-0.633	0.0270816
-0.632	0.0273072
-0.631	0.0275347
-0.63	0.0277641
-0.629	0.0279954
-0.628	0.0282286
-0.627	0.0284638
-0.626	0.0287009
-0.625	0.02894
-0.624	0.0291811
-0.623	0.0294242
-0.622	0.0296694
-0.621	0.0299165
-0.62	0.0301658
-0.619	0.0304171
-0.618	0.0306705
-0.617	0.030926
-0.616	0.0311837
-0.615	0.0314435
-0.614	0.0317055
-0.613	0.0319697
-0.612	0.0322361
-0.611	0.0325047
-0.61	0.0327755
-0.609	0.0330486
-0.608	0.033324
-0.607	0.0336017
-0.606	0.0338817
-0.605	0.034164
-0.604	0.0344486
-0.603	0.0347357
-0.602	0.0350251
-0.601	0.035317
-0.6	0.0356113
-0.599	0.0359081
-0.598	0.0362073
-0.597	0.036509
-0.596	0.0368132
-0.595	0.03712
-0.594	0.0374293
-0.593	0.0377412
-0.592	0.0380558
-0.591	0.0383729
-0.59	0.0386927
-0.589	0.0390151
-0.588	0.0393402
-0.587	0.0396681
-0.586	0.0399987
-0.585	0.040332
-0.584	0.0406681
-0.583	0.041007
-0.582	0.0413487
-0.581	0.0416933
-0.58	0.0420408
-0.579	0.0423912
-0.578	0.0427444
-0.577	0.0431006
-0.576	0.0434599
-0.575	0.043822
-0.574	0.0441872
-0.573	0.0445555
-0.572	0.0449268
-0.571	0.0453012
-0.57	0.0456787
-0.569	0.0460594
-0.568	0.0464433
-0.567	0.0468303
-0.566	0.0472206
-0.565	0.0476141
-0.564	0.0480109
-0.563	0.0484111
-0.562	0.0488145
-0.561	0.0492213
-0.56	0.0496315
-0.559	0.0500451
-0.558	0.0504622
-0.557	0.0508827
-0.556	0.0513067
-0.555	0.0517343
-0.554	0.0521655
-0.553	0.0526001
-0.552	0.0530384
-0.551	0.0534804
-0.55	0.0539261
-0.549	0.0543755
-0.548	0.0548286
-0.547	0.0552855
-0.546	0.0557463
-0.545	0.0562108
-0.544	0.0566792
-0.543	0.0571515
-0.542	0.0576277
-0.541	0.0581079
-0.54	0.0585921
-0.539	0.0590803
-0.538	0.0595726
-0.537	0.060069
-0.536	0.0605695
-0.535	0.0610742
-0.534	0.0615831
-0.533	0.0620962
-0.532	0.0626136
-0.531	0.0631353
-0.53	0.0636614
-0.529	0.0641918
-0.528	0.0647266
-0.527	0.0652659
-0.526	0.0658097
-0.525	0.0663581
-0.524	0.0669109
-0.523	0.0674684
-0.522	0.0680306
-0.521	0.0685974
-0.52	0.069169
-0.519	0.0697453
-0.518	0.0703264
-0.517	0.0709123
-0.516	0.0715031
-0.515	0.0720989
-0.514	0.0726997
-0.513	0.0733054
-0.512	0.0739162
-0.511	0.074532
-0.51	0.0751531
-0.509	0.0757792
-0.508	0.0764106
-0.507	0.0770473
-0.506	0.0776893
-0.505	0.0783366
-0.504	0.0789894
-0.503	0.0796475
-0.502	0.0803111
-0.501	0.0809804
-0.5	0.0816551
-0.499	0.0823355
-0.498	0.0830216
-0.497	0.0837135
-0.496	0.084411
-0.495	0.0851144
-0.494	0.0858236
-0.493	0.0865388
-0.492	0.08726
-0.491	0.087987
-0.49	0.0887202
-0.489	0.0894596
-0.488	0.0902051
-0.487	0.0909567
-0.486	0.0917147
-0.485	0.092479
-0.484	0.0932497
-0.483	0.0940267
-0.482	0.0948104
-0.481	0.0956005
-0.48	0.0963972
-0.479	0.0972005
-0.478	0.0980105
-0.477	0.0988272
-0.476	0.0996508
-0.475	0.100481
-0.474	0.101319
-0.473	0.102163
-0.472	0.103014
-0.471	0.103873
-0.47	0.104738
-0.469	0.105611
-0.468	0.106491
-0.467	0.107379
-0.466	0.108274
-0.465	0.109176
-0.464	0.110086
-0.463	0.111003
-0.462	0.111928
-0.461	0.112861
-0.46	0.113802
-0.459	0.11475
-0.458	0.115706
-0.457	0.11667
-0.456	0.117643
-0.455	0.118623
-0.454	0.119612
-0.453	0.120608
-0.452	0.121613
-0.451	0.122627
-0.45	0.123649
-0.449	0.124679
-0.448	0.125718
-0.447	0.126766
-0.446	0.127822
-0.445	0.128887
-0.444	0.129962
-0.443	0.131045
-0.442	0.132137
-0.441	0.133238
-0.44	0.134348
-0.439	0.135468
-0.438	0.136597
-0.437	0.137735
-0.436	0.138883
-0.435	0.14004
-0.434	0.141207
-0.433	0.142384
-0.432	0.143571
-0.431	0.144767
-0.43	0.145974
-0.429	0.14719
-0.428	0.148417
-0.427	0.149653
-0.426	0.150901
-0.425	0.152158
-0.424	0.153426
-0.423	0.154704
-0.422	0.155994
-0.421	0.157294
-0.42	0.158605
-0.419	0.159926
-0.418	0.161259
-0.417	0.162603
-0.416	0.163958
-0.415	0.165324
-0.414	0.166749
-0.413	0.168285
-0.412	0.169931
-0.411	0.171688
-0.41	0.173558
-0.409	0.175541
-0.408	0.177637
-0.407	0.179846
-0.406	0.182168
-0.405	0.184603
-0.404	0.18715
-0.403	0.189809
-0.402	0.192579
-0.401	0.195459
-0.4	0.198447
-0.399	0.201543
-0.398	0.204745
-0.397	0.20805
-0.396	0.211458
-0.395	0.214966
-0.394	0.218572
-0.393	0.222274
-0.392	0.226069
-0.391	0.229954
-0.39	0.233927
-0.389	0.237985
-0.388	0.242125
-0.387	0.246344
-0.386	0.250638
-0.385	0.255004
-0.384	0.259439
-0.383	0.263939
-0.382	0.268501
-0.381	0.273121
-0.38	0.277795
-0.379	0.282519
-0.378	0.28729
-0.377	0.292103
-0.376	0.296955
-0.375	0.301842
-0.374	0.30676
-0.373	0.311705
-0.372	0.316673
-0.371	0.32166
-0.37	0.326661
-0.369	0.331675
-0.368	0.336695
-0.367	0.341719
-0.366	0.346743
-0.365	0.351763
-0.364	0.356826
-0.363	0.361978
-0.362	0.367214
-0.361	0.372527
-0.36	0.37791
-0.359	0.383356
-0.358	0.388858
-0.357	0.394408
-0.356	0.4
-0.355	0.405627
-0.354	0.41128
-0.353	0.416952
-0.352	0.422636
-0.351	0.428326
-0.35	0.434012
-0.349	0.439689
-0.348	0.445348
-0.347	0.450982
-0.346	0.456584
-0.345	0.462146
-0.344	0.467662
-0.343	0.473124
-0.342	0.478525
-0.341	0.483858
-0.34	0.489116
-0.339	0.494292
-0.338	0.49938
-0.337	0.504372
-0.336	0.509264
-0.335	0.514048
-0.334	0.518717
-0.333	0.523267
-0.332	0.52769
-0.331	0.531983
-0.33	0.536138
-0.329	0.54015
-0.328	0.544014
-0.327	0.547727
-0.326	0.551282
-0.325	0.554676
-0.324	0.557903
-0.323	0.56096
-0.322	0.563843
-0.321	0.566548
-0.32	0.569073
-0.319	0.571414
-0.318	0.573567
-0.317	0.575531
-0.316	0.577303
-0.315	0.578881
-0.314	0.580263
-0.313	0.581448
-0.312	0.582432
-0.311	0.583219
-0.31	0.583803
-0.309	0.584187
-0.308	0.58437
-0.307	0.584352
-0.306	0.584132
-0.305	0.583711
-0.304	0.583092
-0.303	0.582273
-0.302	0.581258
-0.301	0.580047
-0.3	0.578643
-0.299	0.577047
-0.298	0.575263
-0.297	0.573292
-0.296	0.571138
-0.295	0.568805
-0.294	0.566294
-0.293	0.563611
-0.292	0.560758
-0.291	0.557741
-0.29	0.554563
-0.289	0.55123
-0.288	0.547745
-0.287	0.544114
-0.286	0.540343
-0.285	0.536435
-0.284	0.532398
-0.283	0.528236
-0.282	0.523957
-0.281	0.519565
-0.28	0.515067
-0.279	0.510469
-0.278	0.505778
-0.277	0.501001
-0.276	0.496144
-0.275	0.491214
-0.274	0.486218
-0.273	0.481163
-0.272	0.476056
-0.271	0.470905
-0.27	0.465716
-0.269	0.460498
-0.268	0.455256
-0.267	0.449999
-0.266	0.444734
-0.265	0.439469
-0.264	0.434211
-0.263	0.428966
-0.262	0.423743
-0.261	0.41855
-0.26	0.413392
-0.259	0.408278
-0.258	0.403216
-0.257	0.39821
-0.256	0.39327
-0.255	0.388401
-0.254	0.383612
-0.253	0.378908
-0.252	0.374296
-0.251	0.369783
-0.25	0.365374
-0.249	0.361079
-0.248	0.356898
-0.247	0.352843
-0.246	0.348916
-0.245	0.345124
-0.244	0.341472
-0.243	0.337966
-0.242	0.33461
-0.241	0.331409
-0.24	0.328368
-0.239	0.325492
-0.238	0.322784
-0.237	0.320249
-0.236	0.31789
-0.235	0.31571
-0.234	0.313713
-0.233	0.311902
-0.232	0.310279
-0.231	0.308848
-0.23	0.307611
-0.229	0.306568
-0.228	0.305723
-0.227	0.305076
-0.226	0.304628
-0.225	0.304382
-0.224	0.304335
-0.223	0.304492
-0.222	0.304849
-0.221	0.305408
-0.22	0.306168
-0.219	0.307128
-0.218	0.308288
-0.217	0.309645
-0.216	0.311199
-0.215	0.312948
-0.214	0.314889
-0.213	0.31702
-0.212	0.31934
-0.211	0.321844
-0.21	0.324529
-0.209	0.327394
-0.208	0.330433
-0.207	0.333644
-0.206	0.33702
-0.205	0.340561
-0.204	0.34426
-0.203	0.348111
-0.202	0.352112
-0.201	0.356257
-0.2	0.36054
-0.199	0.364955
-0.198	0.369498
-0.197	0.374162
-0.196	0.378942
-0.195	0.38383
-0.194	0.388822
-0.193	0.393911
-0.192	0.399089
-0.191	0.40435
-0.19	0.409687
-0.189	0.415094
-0.188	0.420565
-0.187	0.426089
-0.186	0.431663
-0.185	0.437277
-0.184	0.442925
-0.183	0.4486
-0.182	0.454293
-0.181	0.459999
-0.18	0.465708
-0.179	0.471415
-0.178	0.477111
-0.177	0.482789
-0.176	0.488442
-0.175	0.494062
-0.174	0.499643
-0.173	0.505176
-0.172	0.510655
-0.171	0.516072
-0.17	0.521422
-0.169	0.526695
-0.168	0.531887
-0.167	0.53699
-0.166	0.541997
-0.165	0.546904
-0.164	0.551701
-0.163	0.556384
-0.162	0.560947
-0.161	0.565384
-0.16	0.569688
-0.159	0.573856
-0.158	0.577881
-0.157	0.581757
-0.156	0.585481
-0.155	0.589048
-0.154	0.592452
-0.153	0.59569
-0.152	0.598758
-0.151	0.601651
-0.15	0.604367
-0.149	0.606902
-0.148	0.609252
-0.147	0.611415
-0.146	0.613389
-0.145	0.61517
-0.144	0.616757
-0.143	0.618149
-0.142	0.619342
-0.141	0.620337
-0.14	0.621132
-0.139	0.621726
-0.138	0.62212
-0.137	0.622311
-0.136	0.622301
-0.135	0.622091
-0.134	0.62168
-0.133	0.621069
-0.132	0.620261
-0.131	0.619255
-0.13	0.618054
-0.129	0.616659
-0.128	0.615073
-0.127	0.613298
-0.126	0.611338
-0.125	0.609195
-0.124	0.606871
-0.123	0.604372
-0.122	0.601699
-0.121	0.598858
-0.12	0.595852
-0.119	0.592686
-0.118	0.589365
-0.117	0.585892
-0.116	0.582274
-0.115	0.578516
-0.114	0.574622
-0.113	0.570598
-0.112	0.56645
-0.111	0.562185
-0.11	0.557808
-0.109	0.553324
-0.108	0.548742
-0.107	0.544067
-0.106	0.539306
-0.105	0.534466
-0.104	0.529552
-0.103	0.524574
-0.102	0.519537
-0.101	0.514449
-0.1	0.509317
