-4	9.27728e-014
-3.999	9.33678e-014
-3.998	9.38431e-014
-3.997	9.43569e-014
-3.996	9.49268e-014
-3.995	9.55167e-014
-3.994	9.60405e-014
-3.993	9.64772e-014
-3.992	9.69807e-014
-3.991	9.75348e-014
-3.99	9.79777e-014
-3.989	9.84081e-014
-3.988	9.89141e-014
-3.987	9.93363e-014
-3.986	9.96771e-014
-3.985	1.00088e-013
-3.984	1.00503e-013
-3.983	1.0083e-013
-3.982	1.01177e-013
-3.981	1.01596e-013
-3.98	1.02011e-013
-3.979	1.02415e-013
-3.978	1.02782e-013
-3.977	1.03038e-013
-3.976	1.03306e-013
-3.975	1.03672e-013
-3.974	1.03903e-013
-3.973	1.03953e-013
-3.972	1.04124e-013
-3.971	1.04436e-013
-3.97	1.04669e-013
-3.969	1.04859e-013
-3.968	1.05073e-013
-3.967	1.05245e-013
-3.966	1.05453e-013
-3.965	1.05731e-013
-3.964	1.0588e-013
-3.963	1.05878e-013
-3.962	1.05879e-013
-3.961	1.05846e-013
-3.96	1.05836e-013
-3.959	1.06093e-013
-3.958	1.06416e-013
-3.957	1.06415e-013
-3.956	1.06249e-013
-3.955	1.06204e-013
-3.954	1.06215e-013
-3.953	1.06191e-013
-3.952	1.06091e-013
-3.951	1.05932e-013
-3.95	1.05897e-013
-3.949	1.06008e-013
-3.948	1.06019e-013
-3.947	1.05774e-013
-3.946	1.05398e-013
-3.945	1.05239e-013
-3.944	1.05442e-013
-3.943	1.05574e-013
-3.942	1.05286e-013
-3.941	1.04904e-013
-3.94	1.04678e-013
-3.939	1.04403e-013
-3.938	1.04106e-013
-3.937	1.03951e-013
-3.936	1.03738e-013
-3.935	1.03409e-013
-3.934	1.03212e-013
-3.933	1.03046e-013
-3.932	1.02736e-013
-3.931	1.02453e-013
-3.93	1.02198e-013
-3.929	1.0178e-013
-3.928	1.01295e-013
-3.927	1.00917e-013
-3.926	1.00639e-013
-3.925	1.00387e-013
-3.924	1.00108e-013
-3.923	9.97856e-014
-3.922	9.93635e-014
-3.921	9.88164e-014
-3.92	9.83419e-014
-3.919	9.80503e-014
-3.918	9.76909e-014
-3.917	9.71288e-014
-3.916	9.6594e-014
-3.915	9.62258e-014
-3.914	9.58813e-014
-3.913	9.54221e-014
-3.912	9.48705e-014
-3.911	9.43514e-014
-3.91	9.39658e-014
-3.909	9.36185e-014
-3.908	9.30904e-014
-3.907	9.24299e-014
-3.906	9.19159e-014
-3.905	9.15081e-014
-3.904	9.09722e-014
-3.903	9.04485e-014
-3.902	9.00767e-014
-3.901	8.95863e-014
-3.9	8.89039e-014
-3.899	8.82607e-014
-3.898	8.76777e-014
-3.897	8.71773e-014
-3.896	8.68277e-014
-3.895	8.63846e-014
-3.894	8.57366e-014
-3.893	8.51528e-014
-3.892	8.47068e-014
-3.891	8.42233e-014
-3.89	8.36704e-014
-3.889	8.31359e-014
-3.888	8.26039e-014
-3.887	8.20246e-014
-3.886	8.14624e-014
-3.885	8.09082e-014
-3.884	8.02958e-014
-3.883	7.97613e-014
-3.882	7.93542e-014
-3.881	7.8898e-014
-3.88	7.83701e-014
-3.879	7.78485e-014
-3.878	7.73233e-014
-3.877	7.68269e-014
-3.876	7.63711e-014
-3.875	7.5872e-014
-3.874	7.53181e-014
-3.873	7.48017e-014
-3.872	7.4349e-014
-3.871	7.38762e-014
-3.87	7.33858e-014
-3.869	7.29824e-014
-3.868	7.26255e-014
-3.867	7.22253e-014
-3.866	7.18196e-014
-3.865	7.13823e-014
-3.864	7.09025e-014
-3.863	7.05314e-014
-3.862	7.022e-014
-3.861	6.97745e-014
-3.86	6.93048e-014
-3.859	6.89785e-014
-3.858	6.86763e-014
-3.857	6.82831e-014
-3.856	6.79167e-014
-3.855	6.76621e-014
-3.854	6.73985e-014
-3.853	6.71007e-014
-3.852	6.69076e-014
-3.851	6.67414e-014
-3.85	6.64176e-014
-3.849	6.60466e-014
-3.848	6.58048e-014
-3.847	6.56464e-014
-3.846	6.55131e-014
-3.845	6.54102e-014
-3.844	6.52534e-014
-3.843	6.50165e-014
-3.842	6.48428e-014
-3.841	6.47532e-014
-3.84	6.46713e-014
-3.839	6.46812e-014
-3.838	6.47212e-014
-3.837	6.45832e-014
-3.836	6.44641e-014
-3.835	6.4578e-014
-3.834	6.46433e-014
-3.833	6.4567e-014
-3.832	6.46223e-014
-3.831	6.47328e-014
-3.83	6.47316e-014
-3.829	6.48123e-014
-3.828	6.50095e-014
-3.827	6.51413e-014
-3.826	6.52749e-014
-3.825	6.55133e-014
-3.824	6.57781e-014
-3.823	6.60273e-014
-3.822	6.62754e-014
-3.821	6.65253e-014
-3.82	6.67595e-014
-3.819	6.69672e-014
-3.818	6.72533e-014
-3.817	6.76914e-014
-3.816	6.81516e-014
-3.815	6.85301e-014
-3.814	6.88926e-014
-3.813	6.93177e-014
-3.812	6.98383e-014
-3.811	7.04326e-014
-3.81	7.09504e-014
-3.809	7.12977e-014
-3.808	7.16874e-014
-3.807	7.23121e-014
-3.806	7.2989e-014
-3.805	7.35572e-014
-3.804	7.41766e-014
-3.803	7.49227e-014
-3.802	7.56545e-014
-3.801	7.63578e-014
-3.8	7.70742e-014
-3.799	7.77434e-014
-3.798	7.84393e-014
-3.797	7.92742e-014
-3.796	8.01238e-014
-3.795	8.09011e-014
-3.794	8.17503e-014
-3.793	8.27047e-014
-3.792	8.35934e-014
-3.791	8.44448e-014
-3.79	8.54454e-014
-3.789	8.64754e-014
-3.788	8.73847e-014
-3.787	8.83265e-014
-3.786	8.93033e-014
-3.785	9.02161e-014
-3.784	9.12552e-014
-3.783	9.24992e-014
-3.782	9.37205e-014
-3.781	9.48249e-014
-3.78	9.59368e-014
-3.779	9.71065e-014
-3.778	9.82862e-014
-3.777	9.95509e-014
-3.776	1.00893e-013
-3.775	1.02059e-013
-3.774	1.03155e-013
-3.773	1.04524e-013
-3.772	1.05883e-013
-3.771	1.06977e-013
-3.77	1.08252e-013
-3.769	1.09771e-013
-3.768	1.11129e-013
-3.767	1.12524e-013
-3.766	1.1411e-013
-3.765	1.15473e-013
-3.764	1.16727e-013
-3.763	1.18227e-013
-3.762	1.19731e-013
-3.761	1.21227e-013
-3.76	1.22851e-013
-3.759	1.24259e-013
-3.758	1.25537e-013
-3.757	1.27167e-013
-3.756	1.29e-013
-3.755	1.30592e-013
-3.754	1.3196e-013
-3.753	1.3353e-013
-3.752	1.3532e-013
-3.751	1.36854e-013
-3.75	1.38319e-013
-3.749	1.40224e-013
-3.748	1.42106e-013
-3.747	1.43423e-013
-3.746	1.44794e-013
-3.745	1.46707e-013
-3.744	1.4851e-013
-3.743	1.50036e-013
-3.742	1.51866e-013
-3.741	1.53683e-013
-3.74	1.55154e-013
-3.739	1.56813e-013
-3.738	1.58706e-013
-3.737	1.60526e-013
-3.736	1.62355e-013
-3.735	1.64115e-013
-3.734	1.65752e-013
-3.733	1.6751e-013
-3.732	1.69248e-013
-3.731	1.70848e-013
-3.73	1.72786e-013
-3.729	1.74821e-013
-3.728	1.76394e-013
-3.727	1.78147e-013
-3.726	1.80157e-013
-3.725	1.81673e-013
-3.724	1.83163e-013
-3.723	1.85039e-013
-3.722	1.86787e-013
-3.721	1.88479e-013
-3.72	1.9047e-013
-3.719	1.92601e-013
-3.718	1.94367e-013
-3.717	1.95687e-013
-3.716	1.97346e-013
-3.715	1.99411e-013
-3.714	2.01139e-013
-3.713	2.02749e-013
-3.712	2.04596e-013
-3.711	2.06337e-013
-3.71	2.07937e-013
-3.709	2.0958e-013
-3.708	2.11262e-013
-3.707	2.12983e-013
-3.706	2.14717e-013
-3.705	2.16363e-013
-3.704	2.17887e-013
-3.703	2.19492e-013
-3.702	2.21359e-013
-3.701	2.23281e-013
-3.7	2.24957e-013
-3.699	2.26397e-013
-3.698	2.27864e-013
-3.697	2.2946e-013
-3.696	2.31057e-013
-3.695	2.32615e-013
-3.694	2.34072e-013
-3.693	2.35388e-013
-3.692	2.3682e-013
-3.691	2.38493e-013
-3.69	2.40197e-013
-3.689	2.41566e-013
-3.688	2.42641e-013
-3.687	2.44226e-013
-3.686	2.46226e-013
-3.685	2.47579e-013
-3.684	2.48535e-013
-3.683	2.49775e-013
-3.682	2.51198e-013
-3.681	2.52805e-013
-3.68	2.5419e-013
-3.679	2.55154e-013
-3.678	2.56288e-013
-3.677	2.57399e-013
-3.676	2.58574e-013
-3.675	2.60259e-013
-3.674	2.61362e-013
-3.673	2.61888e-013
-3.672	2.63217e-013
-3.671	2.64666e-013
-3.67	2.65645e-013
-3.669	2.66912e-013
-3.668	2.67922e-013
-3.667	2.68461e-013
-3.666	2.69452e-013
-3.665	2.70549e-013
-3.664	2.71357e-013
-3.663	2.72372e-013
-3.662	2.73511e-013
-3.661	2.74576e-013
-3.66	2.75414e-013
-3.659	2.75867e-013
-3.658	2.76333e-013
-3.657	2.77039e-013
-3.656	2.77935e-013
-3.655	2.78788e-013
-3.654	2.79408e-013
-3.653	2.80052e-013
-3.652	2.80489e-013
-3.651	2.8091e-013
-3.65	2.81959e-013
-3.649	2.82805e-013
-3.648	2.83074e-013
-3.647	2.83702e-013
-3.646	2.8451e-013
-3.645	2.8461e-013
-3.644	2.84269e-013
-3.643	2.84383e-013
-3.642	2.84973e-013
-3.641	2.85795e-013
-3.64	2.8642e-013
-3.639	2.85939e-013
-3.638	2.85481e-013
-3.637	2.8665e-013
-3.636	2.87763e-013
-3.635	2.87437e-013
-3.634	2.87181e-013
-3.633	2.87475e-013
-3.632	2.8745e-013
-3.631	2.8758e-013
-3.63	2.87887e-013
-3.629	2.87461e-013
-3.628	2.87164e-013
-3.627	2.87636e-013
-3.626	2.87812e-013
-3.625	2.87683e-013
-3.624	2.87563e-013
-3.623	2.87001e-013
-3.622	2.86454e-013
-3.621	2.86464e-013
-3.62	2.86526e-013
-3.619	2.86271e-013
-3.618	2.85903e-013
-3.617	2.85627e-013
-3.616	2.85392e-013
-3.615	2.85115e-013
-3.614	2.84988e-013
-3.613	2.84872e-013
-3.612	2.8421e-013
-3.611	2.83473e-013
-3.61	2.83346e-013
-3.609	2.83075e-013
-3.608	2.82356e-013
-3.607	2.81944e-013
-3.606	2.81557e-013
-3.605	2.80629e-013
-3.604	2.79858e-013
-3.603	2.7975e-013
-3.602	2.79519e-013
-3.601	2.78805e-013
-3.6	2.78178e-013
-3.599	2.77619e-013
-3.598	2.76805e-013
-3.597	2.75875e-013
-3.596	2.75237e-013
-3.595	2.74928e-013
-3.594	2.74289e-013
-3.593	2.73383e-013
-3.592	2.72863e-013
-3.591	2.72504e-013
-3.59	2.71618e-013
-3.589	2.70468e-013
-3.588	2.6993e-013
-3.587	2.69272e-013
-3.586	2.68092e-013
-3.585	2.6742e-013
-3.584	2.66744e-013
-3.583	2.66026e-013
-3.582	2.65756e-013
-3.581	2.64836e-013
-3.58	2.63638e-013
-3.579	2.63147e-013
-3.578	2.62451e-013
-3.577	2.61196e-013
-3.576	2.60327e-013
-3.575	2.59687e-013
-3.574	2.58885e-013
-3.573	2.58514e-013
-3.572	2.57744e-013
-3.571	2.56419e-013
-3.57	2.5589e-013
-3.569	2.55188e-013
-3.568	2.53983e-013
-3.567	2.53559e-013
-3.566	2.53242e-013
-3.565	2.52303e-013
-3.564	2.51229e-013
-3.563	2.50459e-013
-3.562	2.49911e-013
-3.561	2.49044e-013
-3.56	2.48043e-013
-3.559	2.47495e-013
-3.558	2.47127e-013
-3.557	2.46311e-013
-3.556	2.45178e-013
-3.555	2.44603e-013
-3.554	2.44588e-013
-3.553	2.4406e-013
-3.552	2.42957e-013
-3.551	2.42209e-013
-3.55	2.41949e-013
-3.549	2.41546e-013
-3.548	2.40847e-013
-3.547	2.40205e-013
-3.546	2.39597e-013
-3.545	2.39019e-013
-3.544	2.38745e-013
-3.543	2.38339e-013
-3.542	2.37439e-013
-3.541	2.36914e-013
-3.54	2.36907e-013
-3.539	2.36668e-013
-3.538	2.36531e-013
-3.537	2.36317e-013
-3.536	2.3563e-013
-3.535	2.35435e-013
-3.534	2.35661e-013
-3.533	2.35431e-013
-3.532	2.34873e-013
-3.531	2.34527e-013
-3.53	2.34423e-013
-3.529	2.34156e-013
-3.528	2.34107e-013
-3.527	2.34275e-013
-3.526	2.34241e-013
-3.525	2.34482e-013
-3.524	2.34533e-013
-3.523	2.3423e-013
-3.522	2.34476e-013
-3.521	2.34872e-013
-3.52	2.3496e-013
-3.519	2.35073e-013
-3.518	2.35472e-013
-3.517	2.35904e-013
-3.516	2.35985e-013
-3.515	2.363e-013
-3.514	2.37036e-013
-3.513	2.37383e-013
-3.512	2.37329e-013
-3.511	2.37608e-013
-3.51	2.3829e-013
-3.509	2.39106e-013
-3.508	2.40221e-013
-3.507	2.40994e-013
-3.506	2.41129e-013
-3.505	2.4178e-013
-3.504	2.42784e-013
-3.503	2.43296e-013
-3.502	2.43773e-013
-3.501	2.44821e-013
-3.5	2.46254e-013
-3.499	2.475e-013
-3.498	2.48403e-013
-3.497	2.48934e-013
-3.496	2.49556e-013
-3.495	2.51187e-013
-3.494	2.53028e-013
-3.493	2.53788e-013
-3.492	2.54353e-013
-3.491	2.556e-013
-3.49	2.57041e-013
-3.489	2.58657e-013
-3.488	2.60174e-013
-3.487	2.61385e-013
-3.486	2.63057e-013
-3.485	2.64648e-013
-3.484	2.66001e-013
-3.483	2.68113e-013
-3.482	2.69864e-013
-3.481	2.70688e-013
-3.48	2.72307e-013
-3.479	2.74555e-013
-3.478	2.76066e-013
-3.477	2.77515e-013
-3.476	2.79499e-013
-3.475	2.81213e-013
-3.474	2.82953e-013
-3.473	2.85389e-013
-3.472	2.87802e-013
-3.471	2.89974e-013
-3.47	2.91995e-013
-3.469	2.93328e-013
-3.468	2.95279e-013
-3.467	2.98552e-013
-3.466	3.00791e-013
-3.465	3.02162e-013
-3.464	3.04663e-013
-3.463	3.07352e-013
-3.462	3.09422e-013
-3.461	3.11828e-013
-3.46	3.14795e-013
-3.459	3.17203e-013
-3.458	3.1886e-013
-3.457	3.2106e-013
-3.456	3.23744e-013
-3.455	3.26323e-013
-3.454	3.29079e-013
-3.453	3.31828e-013
-3.452	3.34219e-013
-3.451	3.36906e-013
-3.45	3.40416e-013
-3.449	3.43294e-013
-3.448	3.45471e-013
-3.447	3.48379e-013
-3.446	3.50975e-013
-3.445	3.53354e-013
-3.444	3.56717e-013
-3.443	3.59658e-013
-3.442	3.62031e-013
-3.441	3.65134e-013
-3.44	3.68137e-013
-3.439	3.7098e-013
-3.438	3.74476e-013
-3.437	3.77072e-013
-3.436	3.79425e-013
-3.435	3.83449e-013
-3.434	3.86785e-013
-3.433	3.89261e-013
-3.432	3.92293e-013
-3.431	3.94392e-013
-3.43	3.97424e-013
-3.429	4.0184e-013
-3.428	4.04478e-013
-3.427	4.07407e-013
-3.426	4.11471e-013
-3.425	4.1421e-013
-3.424	4.1645e-013
-3.423	4.18923e-013
-3.422	4.23037e-013
-3.421	4.27671e-013
-3.42	4.29719e-013
-3.419	4.32454e-013
-3.418	4.36015e-013
-3.417	4.38923e-013
-3.416	4.43079e-013
-3.415	4.45647e-013
-3.414	4.47034e-013
-3.413	4.50428e-013
-3.412	4.55028e-013
-3.411	4.59153e-013
-3.41	4.60933e-013
-3.409	4.62818e-013
-3.408	4.66375e-013
-3.407	4.70109e-013
-3.406	4.74361e-013
-3.405	4.7688e-013
-3.404	4.78598e-013
-3.403	4.82355e-013
-3.402	4.86381e-013
-3.401	4.90018e-013
-3.4	4.91874e-013
-3.399	4.9314e-013
-3.398	4.97846e-013
-3.397	5.02172e-013
-3.396	5.0352e-013
-3.395	5.06484e-013
-3.394	5.09918e-013
-3.393	5.11589e-013
-3.392	5.15122e-013
-3.391	5.18719e-013
-3.39	5.20309e-013
-3.389	5.23581e-013
-3.388	5.26531e-013
-3.387	5.28203e-013
-3.386	5.32256e-013
-3.385	5.35937e-013
-3.384	5.37802e-013
-3.383	5.4073e-013
-3.382	5.43646e-013
-3.381	5.45441e-013
-3.38	5.4784e-013
-3.379	5.50397e-013
-3.378	5.51954e-013
-3.377	5.54864e-013
-3.376	5.57583e-013
-3.375	5.58874e-013
-3.374	5.629e-013
-3.373	5.66274e-013
-3.372	5.67463e-013
-3.371	5.7027e-013
-3.37	5.71644e-013
-3.369	5.73296e-013
-3.368	5.77615e-013
-3.367	5.78812e-013
-3.366	5.79531e-013
-3.365	5.83339e-013
-3.364	5.84262e-013
-3.363	5.84815e-013
-3.362	5.88932e-013
-3.361	5.90911e-013
-3.36	5.91815e-013
-3.359	5.94031e-013
-3.358	5.94942e-013
-3.357	5.97115e-013
-3.356	5.98669e-013
-3.355	5.98419e-013
-3.354	6.02412e-013
-3.353	6.05654e-013
-3.352	6.05464e-013
-3.351	6.07184e-013
-3.35	6.08097e-013
-3.349	6.08831e-013
-3.348	6.10849e-013
-3.347	6.11929e-013
-3.346	6.13918e-013
-3.345	6.15638e-013
-3.344	6.15806e-013
-3.343	6.16326e-013
-3.342	6.17131e-013
-3.341	6.18573e-013
-3.34	6.19991e-013
-3.339	6.19743e-013
-3.338	6.20308e-013
-3.337	6.22112e-013
-3.336	6.22827e-013
-3.335	6.24057e-013
-3.334	6.25572e-013
-3.333	6.25472e-013
-3.332	6.25683e-013
-3.331	6.27252e-013
-3.33	6.27741e-013
-3.329	6.27575e-013
-3.328	6.27477e-013
-3.327	6.27059e-013
-3.326	6.28458e-013
-3.325	6.28781e-013
-3.324	6.27934e-013
-3.323	6.28943e-013
-3.322	6.29268e-013
-3.321	6.29157e-013
-3.32	6.29257e-013
-3.319	6.29535e-013
-3.318	6.31389e-013
-3.317	6.31906e-013
-3.316	6.29304e-013
-3.315	6.28591e-013
-3.314	6.28826e-013
-3.313	6.28411e-013
-3.312	6.28761e-013
-3.311	6.27211e-013
-3.31	6.27747e-013
-3.309	6.28245e-013
-3.308	6.26646e-013
-3.307	6.27581e-013
-3.306	6.27773e-013
-3.305	6.26854e-013
-3.304	6.24629e-013
-3.303	6.23293e-013
-3.302	6.24347e-013
-3.301	6.24723e-013
-3.3	6.23936e-013
-3.299	6.21171e-013
-3.298	6.22115e-013
-3.297	6.23494e-013
-3.296	6.19817e-013
-3.295	6.19821e-013
-3.294	6.19655e-013
-3.293	6.1669e-013
-3.292	6.17103e-013
-3.291	6.16153e-013
-3.29	6.14294e-013
-3.289	6.1322e-013
-3.288	6.12796e-013
-3.287	6.13045e-013
-3.286	6.11082e-013
-3.285	6.11004e-013
-3.284	6.10778e-013
-3.283	6.08556e-013
-3.282	6.076e-013
-3.281	6.06905e-013
-3.28	6.05329e-013
-3.279	6.03405e-013
-3.278	6.03341e-013
-3.277	6.01668e-013
-3.276	5.98881e-013
-3.275	5.9958e-013
-3.274	6.00061e-013
-3.273	5.97937e-013
-3.272	5.96988e-013
-3.271	5.96074e-013
-3.27	5.93822e-013
-3.269	5.9313e-013
-3.268	5.91343e-013
-3.267	5.89303e-013
-3.266	5.89669e-013
-3.265	5.89195e-013
-3.264	5.87876e-013
-3.263	5.86434e-013
-3.262	5.84011e-013
-3.261	5.83673e-013
-3.26	5.83334e-013
-3.259	5.80961e-013
-3.258	5.81183e-013
-3.257	5.80215e-013
-3.256	5.78437e-013
-3.255	5.78797e-013
-3.254	5.75973e-013
-3.253	5.74516e-013
-3.252	5.75219e-013
-3.251	5.72771e-013
-3.25	5.72628e-013
-3.249	5.72549e-013
-3.248	5.70788e-013
-3.247	5.6993e-013
-3.246	5.67096e-013
-3.245	5.67628e-013
-3.244	5.68306e-013
-3.243	5.65453e-013
-3.242	5.65079e-013
-3.241	5.65136e-013
-3.24	5.64962e-013
-3.239	5.63217e-013
-3.238	5.62102e-013
-3.237	5.63389e-013
-3.236	5.61669e-013
-3.235	5.61267e-013
-3.234	5.60464e-013
-3.233	5.59128e-013
-3.232	5.60589e-013
-3.231	5.58868e-013
-3.23	5.58695e-013
-3.229	5.5875e-013
-3.228	5.57132e-013
-3.227	5.56711e-013
-3.226	5.56452e-013
-3.225	5.57844e-013
-3.224	5.57507e-013
-3.223	5.56354e-013
-3.222	5.56511e-013
-3.221	5.58245e-013
-3.22	5.58583e-013
-3.219	5.57205e-013
-3.218	5.57111e-013
-3.217	5.57804e-013
-3.216	5.58421e-013
-3.215	5.56322e-013
-3.214	5.56863e-013
-3.213	5.5872e-013
-3.212	5.57782e-013
-3.211	5.58546e-013
-3.21	5.59939e-013
-3.209	5.6046e-013
-3.208	5.61082e-013
-3.207	5.62432e-013
-3.206	5.62526e-013
-3.205	5.63606e-013
-3.204	5.6517e-013
-3.203	5.64115e-013
-3.202	5.65141e-013
-3.201	5.67805e-013
-3.2	5.67499e-013
-3.199	5.6723e-013
-3.198	5.71568e-013
-3.197	5.72516e-013
-3.196	5.69978e-013
-3.195	5.73198e-013
-3.194	5.75568e-013
-3.193	5.75308e-013
-3.192	5.78065e-013
-3.191	5.79064e-013
-3.19	5.80468e-013
-3.189	5.83108e-013
-3.188	5.84095e-013
-3.187	5.86642e-013
-3.186	5.87954e-013
-3.185	5.90395e-013
-3.184	5.91558e-013
-3.183	5.92103e-013
-3.182	5.97842e-013
-3.181	5.98196e-013
-3.18	5.98388e-013
-3.179	6.0221e-013
-3.178	6.03563e-013
-3.177	6.07536e-013
-3.176	6.08599e-013
-3.175	6.09267e-013
-3.174	6.13754e-013
-3.173	6.14896e-013
-3.172	6.16923e-013
-3.171	6.21633e-013
-3.17	6.24008e-013
-3.169	6.28092e-013
-3.168	6.30324e-013
-3.167	6.30851e-013
-3.166	6.35322e-013
-3.165	6.38438e-013
-3.164	6.41589e-013
-3.163	6.4339e-013
-3.162	6.45561e-013
-3.161	6.49442e-013
-3.16	6.52557e-013
-3.159	6.55922e-013
-3.158	6.57326e-013
-3.157	6.61126e-013
-3.156	6.65869e-013
-3.155	6.69952e-013
-3.154	6.75272e-013
-3.153	6.76814e-013
-3.152	6.79408e-013
-3.151	6.8239e-013
-3.15	6.85571e-013
-3.149	6.89639e-013
-3.148	6.93455e-013
-3.147	6.96444e-013
-3.146	6.99173e-013
-3.145	7.04758e-013
-3.144	7.06761e-013
-3.143	7.12615e-013
-3.142	7.16695e-013
-3.141	7.18573e-013
-3.14	7.22651e-013
-3.139	7.26495e-013
-3.138	7.30341e-013
-3.137	7.33215e-013
-3.136	7.41343e-013
-3.135	7.44192e-013
-3.134	7.46633e-013
-3.133	7.51102e-013
-3.132	7.55428e-013
-3.131	7.60398e-013
-3.13	7.62747e-013
-3.129	7.66055e-013
-3.128	7.69015e-013
-3.127	7.76023e-013
-3.126	7.77567e-013
-3.125	7.81966e-013
-3.124	7.90113e-013
-3.123	7.90933e-013
-3.122	7.93791e-013
-3.121	8.00409e-013
-3.12	8.05205e-013
-3.119	8.08109e-013
-3.118	8.11548e-013
-3.117	8.16985e-013
-3.116	8.22991e-013
-3.115	8.22922e-013
-3.114	8.29443e-013
-3.113	8.32409e-013
-3.112	8.37589e-013
-3.111	8.40981e-013
-3.11	8.44591e-013
-3.109	8.51374e-013
-3.108	8.54902e-013
-3.107	8.57433e-013
-3.106	8.59553e-013
-3.105	8.69118e-013
-3.104	8.69649e-013
-3.103	8.72454e-013
-3.102	8.80253e-013
-3.101	8.82538e-013
-3.1	8.85168e-013
-3.099	8.91539e-013
-3.098	8.92581e-013
-3.097	8.99003e-013
-3.096	9.01358e-013
-3.095	9.06026e-013
-3.094	9.10753e-013
-3.093	9.14307e-013
-3.092	9.18642e-013
-3.091	9.19888e-013
-3.09	9.25799e-013
-3.089	9.29994e-013
-3.088	9.32108e-013
-3.087	9.34356e-013
-3.086	9.42829e-013
-3.085	9.4454e-013
-3.084	9.46312e-013
-3.083	9.52306e-013
-3.082	9.53552e-013
-3.081	9.54376e-013
-3.08	9.58455e-013
-3.079	9.66865e-013
-3.078	9.68454e-013
-3.077	9.70084e-013
-3.076	9.75719e-013
-3.075	9.77776e-013
-3.074	9.82123e-013
-3.073	9.82161e-013
-3.072	9.88575e-013
-3.071	9.89576e-013
-3.07	9.91175e-013
-3.069	9.97166e-013
-3.068	9.99877e-013
-3.067	9.99684e-013
-3.066	1.00478e-012
-3.065	1.01056e-012
-3.064	1.00606e-012
-3.063	1.01229e-012
-3.062	1.01631e-012
-3.061	1.01814e-012
-3.06	1.02058e-012
-3.059	1.01933e-012
-3.058	1.02799e-012
-3.057	1.02729e-012
-3.056	1.0291e-012
-3.055	1.03226e-012
-3.054	1.03253e-012
-3.053	1.03736e-012
-3.052	1.03791e-012
-3.051	1.03918e-012
-3.05	1.04389e-012
-3.049	1.04209e-012
-3.048	1.04415e-012
-3.047	1.04677e-012
-3.046	1.04909e-012
-3.045	1.05313e-012
-3.044	1.05224e-012
-3.043	1.05469e-012
-3.042	1.05725e-012
-3.041	1.05526e-012
-3.04	1.06673e-012
-3.039	1.06863e-012
-3.038	1.06971e-012
-3.037	1.08019e-012
-3.036	1.08556e-012
-3.035	1.09169e-012
-3.034	1.0981e-012
-3.033	1.11155e-012
-3.032	1.1177e-012
-3.031	1.12754e-012
-3.03	1.1425e-012
-3.029	1.15147e-012
-3.028	1.17054e-012
-3.027	1.18362e-012
-3.026	1.20025e-012
-3.025	1.2256e-012
-3.024	1.2439e-012
-3.023	1.26351e-012
-3.022	1.29121e-012
-3.021	1.32028e-012
-3.02	1.34369e-012
-3.019	1.3784e-012
-3.018	1.41392e-012
-3.017	1.44394e-012
-3.016	1.49061e-012
-3.015	1.53447e-012
-3.014	1.57091e-012
-3.013	1.62447e-012
-3.012	1.67861e-012
-3.011	1.73036e-012
-3.01	1.79165e-012
-3.009	1.85572e-012
-3.008	1.92302e-012
-3.007	1.99335e-012
-3.006	2.07333e-012
-3.005	2.15531e-012
-3.004	2.24448e-012
-3.003	2.33836e-012
-3.002	2.43616e-012
-3.001	2.54788e-012
-3	2.65757e-012
-2.999	2.78147e-012
-2.998	2.9086e-012
-2.997	3.04874e-012
-2.996	3.19692e-012
-2.995	3.34109e-012
-2.994	3.51e-012
-2.993	3.67204e-012
-2.992	3.85854e-012
-2.991	4.06255e-012
-2.99	4.26321e-012
-2.989	4.48848e-012
-2.988	4.7213e-012
-2.987	4.96949e-012
-2.986	5.23675e-012
-2.985	5.51442e-012
-2.984	5.81093e-012
-2.983	6.13265e-012
-2.982	6.45112e-012
-2.981	6.80874e-012
-2.98	7.19691e-012
-2.979	7.57446e-012
-2.978	7.99713e-012
-2.977	8.44381e-012
-2.976	8.91678e-012
-2.975	9.42055e-012
-2.974	9.95323e-012
-2.973	1.05246e-011
-2.972	1.10967e-011
-2.971	1.17355e-011
-2.97	1.24188e-011
-2.969	1.31066e-011
-2.968	1.38621e-011
-2.967	1.46572e-011
-2.966	1.5508e-011
-2.965	1.63932e-011
-2.964	1.73262e-011
-2.963	1.83448e-011
-2.962	1.93915e-011
-2.961	2.05019e-011
-2.96	2.16823e-011
-2.959	2.29321e-011
-2.958	2.42777e-011
-2.957	2.56533e-011
-2.956	2.71423e-011
-2.955	2.87112e-011
-2.954	3.0332e-011
-2.953	3.20985e-011
-2.952	3.39371e-011
-2.951	3.58811e-011
-2.95	3.79139e-011
-2.949	4.00841e-011
-2.948	4.2376e-011
-2.947	4.47981e-011
-2.946	4.73243e-011
-2.945	5.00279e-011
-2.944	5.28711e-011
-2.943	5.57894e-011
-2.942	5.89613e-011
-2.941	6.22703e-011
-2.94	6.57733e-011
-2.939	6.94191e-011
-2.938	7.32656e-011
-2.937	7.73638e-011
-2.936	8.16362e-011
-2.935	8.6103e-011
-2.934	9.08149e-011
-2.933	9.58459e-011
-2.932	1.01046e-010
-2.931	1.06481e-010
-2.93	1.12233e-010
-2.929	1.18263e-010
-2.928	1.24645e-010
-2.927	1.31263e-010
-2.926	1.38268e-010
-2.925	1.4556e-010
-2.924	1.53246e-010
-2.923	1.61303e-010
-2.922	1.69652e-010
-2.921	1.78542e-010
-2.92	1.87729e-010
-2.919	1.97535e-010
-2.918	2.07624e-010
-2.917	2.18217e-010
-2.916	2.29325e-010
-2.915	2.40927e-010
-2.914	2.53078e-010
-2.913	2.65729e-010
-2.912	2.79094e-010
-2.911	2.92832e-010
-2.91	3.07393e-010
-2.909	3.22538e-010
-2.908	3.38457e-010
-2.907	3.54879e-010
-2.906	3.72085e-010
-2.905	3.90228e-010
-2.904	4.09018e-010
-2.903	4.28752e-010
-2.902	4.49164e-010
-2.901	4.70613e-010
-2.9	4.92971e-010
-2.899	5.16324e-010
-2.898	5.40687e-010
-2.897	5.65979e-010
-2.896	5.9249e-010
-2.895	6.20099e-010
-2.894	6.49014e-010
-2.893	6.79151e-010
-2.892	7.10624e-010
-2.891	7.43538e-010
-2.89	7.77625e-010
-2.889	8.13515e-010
-2.888	8.50845e-010
-2.887	8.89746e-010
-2.886	9.30558e-010
-2.885	9.73111e-010
-2.884	1.01737e-009
-2.883	1.06378e-009
-2.882	1.11241e-009
-2.881	1.16312e-009
-2.88	1.2161e-009
-2.879	1.27145e-009
-2.878	1.32954e-009
-2.877	1.39019e-009
-2.876	1.45371e-009
-2.875	1.51999e-009
-2.874	1.58992e-009
-2.873	1.66288e-009
-2.872	1.73921e-009
-2.871	1.81927e-009
-2.87	1.90349e-009
-2.869	1.99174e-009
-2.868	2.08436e-009
-2.867	2.18157e-009
-2.866	2.28347e-009
-2.865	2.39093e-009
-2.864	2.50355e-009
-2.863	2.62206e-009
-2.862	2.7467e-009
-2.861	2.87787e-009
-2.86	3.01577e-009
-2.859	3.1611e-009
-2.858	3.31392e-009
-2.857	3.47528e-009
-2.856	3.64508e-009
-2.855	3.82431e-009
-2.854	4.01314e-009
-2.853	4.21241e-009
-2.852	4.4226e-009
-2.851	4.64421e-009
-2.85	4.8786e-009
-2.849	5.1258e-009
-2.848	5.38689e-009
-2.847	5.66286e-009
-2.846	5.95425e-009
-2.845	6.26242e-009
-2.844	6.58794e-009
-2.843	6.93221e-009
-2.842	7.2966e-009
-2.841	7.68053e-009
-2.84	8.08755e-009
-2.839	8.51764e-009
-2.838	8.97281e-009
-2.837	9.45361e-009
-2.836	9.96255e-009
-2.835	1.05005e-008
-2.834	1.10697e-008
-2.833	1.16715e-008
-2.832	1.23084e-008
-2.831	1.29814e-008
-2.83	1.36933e-008
-2.829	1.44464e-008
-2.828	1.52421e-008
-2.827	1.60845e-008
-2.826	1.69742e-008
-2.825	1.79151e-008
-2.824	1.89086e-008
-2.823	1.99591e-008
-2.822	2.10685e-008
-2.821	2.22417e-008
-2.82	2.34795e-008
-2.819	2.47874e-008
-2.818	2.61679e-008
-2.817	2.76262e-008
-2.816	2.9165e-008
-2.815	3.0788e-008
-2.814	3.25026e-008
-2.813	3.43082e-008
-2.812	3.62148e-008
-2.811	3.82221e-008
-2.81	4.03412e-008
-2.809	4.25733e-008
-2.808	4.49231e-008
-2.807	4.74015e-008
-2.806	5.00094e-008
-2.805	5.27564e-008
-2.804	5.56457e-008
-2.803	5.86872e-008
-2.802	6.18888e-008
-2.801	6.5252e-008
-2.8	6.8792e-008
-2.799	7.25118e-008
-2.798	7.642e-008
-2.797	8.053e-008
-2.796	8.48418e-008
-2.795	8.93768e-008
-2.794	9.41343e-008
-2.793	9.9129e-008
-2.792	1.04369e-007
-2.791	1.09869e-007
-2.79	1.15634e-007
-2.789	1.21686e-007
-2.788	1.28026e-007
-2.787	1.34675e-007
-2.786	1.41639e-007
-2.785	1.48935e-007
-2.784	1.56584e-007
-2.783	1.64587e-007
-2.782	1.72972e-007
-2.781	1.81748e-007
-2.78	1.90935e-007
-2.779	2.00549e-007
-2.778	2.1061e-007
-2.777	2.21133e-007
-2.776	2.3214e-007
-2.775	2.43655e-007
-2.774	2.55693e-007
-2.773	2.68284e-007
-2.772	2.81443e-007
-2.771	2.95204e-007
-2.77	3.09586e-007
-2.769	3.24619e-007
-2.768	3.40328e-007
-2.767	3.56746e-007
-2.766	3.73901e-007
-2.765	3.91834e-007
-2.764	4.1057e-007
-2.763	4.30148e-007
-2.762	4.50607e-007
-2.761	4.71988e-007
-2.76	4.9433e-007
-2.759	5.17682e-007
-2.758	5.42083e-007
-2.757	5.67594e-007
-2.756	5.94249e-007
-2.755	6.22124e-007
-2.754	6.51274e-007
-2.753	6.81739e-007
-2.752	7.13619e-007
-2.751	7.46948e-007
-2.75	7.81831e-007
-2.749	8.1832e-007
-2.748	8.56517e-007
-2.747	8.9649e-007
-2.746	9.3835e-007
-2.745	9.82183e-007
-2.744	1.0281e-006
-2.743	1.07621e-006
-2.742	1.12663e-006
-2.741	1.17948e-006
-2.74	1.23489e-006
-2.739	1.29302e-006
-2.738	1.35399e-006
-2.737	1.418e-006
-2.736	1.48516e-006
-2.735	1.55573e-006
-2.734	1.62981e-006
-2.733	1.70767e-006
-2.732	1.78949e-006
-2.731	1.87551e-006
-2.73	1.96597e-006
-2.729	2.06112e-006
-2.728	2.16125e-006
-2.727	2.26663e-006
-2.726	2.37757e-006
-2.725	2.49441e-006
-2.724	2.61749e-006
-2.723	2.74716e-006
-2.722	2.88384e-006
-2.721	3.02791e-006
-2.72	3.17982e-006
-2.719	3.34001e-006
-2.718	3.50901e-006
-2.717	3.68731e-006
-2.716	3.87545e-006
-2.715	4.07403e-006
-2.714	4.28365e-006
-2.713	4.49964e-006
-2.712	4.72165e-006
-2.711	4.94932e-006
-2.71	5.18229e-006
-2.709	5.42018e-006
-2.708	5.66262e-006
-2.707	5.90919e-006
-2.706	6.15949e-006
-2.705	6.41314e-006
-2.704	6.66971e-006
-2.703	6.92877e-006
-2.702	7.18993e-006
-2.701	7.45274e-006
-2.7	7.71678e-006
-2.699	7.98161e-006
-2.698	8.24682e-006
-2.697	8.51196e-006
-2.696	8.77661e-006
-2.695	9.04034e-006
-2.694	9.30272e-006
-2.693	9.56334e-006
-2.692	9.82178e-006
-2.691	1.00776e-005
-2.69	1.03304e-005
-2.689	1.05799e-005
-2.688	1.08255e-005
-2.687	1.10669e-005
-2.686	1.13038e-005
-2.685	1.15357e-005
-2.684	1.17623e-005
-2.683	1.19833e-005
-2.682	1.21983e-005
-2.681	1.2407e-005
-2.68	1.26092e-005
-2.679	1.28044e-005
-2.678	1.29924e-005
-2.677	1.31729e-005
-2.676	1.33458e-005
-2.675	1.35106e-005
-2.674	1.36673e-005
-2.673	1.38157e-005
-2.672	1.39554e-005
-2.671	1.40864e-005
-2.67	1.42085e-005
-2.669	1.43215e-005
-2.668	1.44254e-005
-2.667	1.452e-005
-2.666	1.46053e-005
-2.665	1.46812e-005
-2.664	1.47475e-005
-2.663	1.48044e-005
-2.662	1.48518e-005
-2.661	1.48897e-005
-2.66	1.49181e-005
-2.659	1.49371e-005
-2.658	1.49468e-005
-2.657	1.49472e-005
-2.656	1.49384e-005
-2.655	1.49205e-005
-2.654	1.48938e-005
-2.653	1.48582e-005
-2.652	1.48141e-005
-2.651	1.47615e-005
-2.65	1.47008e-005
-2.649	1.4632e-005
-2.648	1.45555e-005
-2.647	1.44716e-005
-2.646	1.43803e-005
-2.645	1.42821e-005
-2.644	1.41773e-005
-2.643	1.40661e-005
-2.642	1.39489e-005
-2.641	1.38259e-005
-2.64	1.36976e-005
-2.639	1.35642e-005
-2.638	1.34262e-005
-2.637	1.32839e-005
-2.636	1.31377e-005
-2.635	1.2988e-005
-2.634	1.28351e-005
-2.633	1.26795e-005
-2.632	1.25215e-005
-2.631	1.23617e-005
-2.63	1.22003e-005
-2.629	1.20378e-005
-2.628	1.18747e-005
-2.627	1.17113e-005
-2.626	1.15481e-005
-2.625	1.13854e-005
-2.624	1.12237e-005
-2.623	1.10635e-005
-2.622	1.09051e-005
-2.621	1.07489e-005
-2.62	1.05953e-005
-2.619	1.04448e-005
-2.618	1.02978e-005
-2.617	1.01545e-005
-2.616	1.00155e-005
-2.615	9.88105e-006
-2.614	9.75154e-006
-2.613	9.62735e-006
-2.612	9.50882e-006
-2.611	9.39626e-006
-2.61	9.29001e-006
-2.609	9.19038e-006
-2.608	9.09768e-006
-2.607	9.01218e-006
-2.606	8.93415e-006
-2.605	8.86387e-006
-2.604	8.8016e-006
-2.603	8.74753e-006
-2.602	8.70188e-006
-2.601	8.66487e-006
-2.6	8.63665e-006
-2.599	8.61743e-006
-2.598	8.60733e-006
-2.597	8.60648e-006
-2.596	8.61503e-006
-2.595	8.63305e-006
-2.594	8.66062e-006
-2.593	8.69783e-006
-2.592	8.74469e-006
-2.591	8.80125e-006
-2.59	8.86751e-006
-2.589	8.94347e-006
-2.588	9.0291e-006
-2.587	9.12436e-006
-2.586	9.22918e-006
-2.585	9.3435e-006
-2.584	9.46721e-006
-2.583	9.60021e-006
-2.582	9.74237e-006
-2.581	9.89353e-006
-2.58	1.00535e-005
-2.579	1.02222e-005
-2.578	1.03994e-005
-2.577	1.05848e-005
-2.576	1.07783e-005
-2.575	1.09796e-005
-2.574	1.11885e-005
-2.573	1.14046e-005
-2.572	1.16278e-005
-2.571	1.18578e-005
-2.57	1.20941e-005
-2.569	1.23366e-005
-2.568	1.25849e-005
-2.567	1.28387e-005
-2.566	1.30976e-005
-2.565	1.33613e-005
-2.564	1.36295e-005
-2.563	1.39017e-005
-2.562	1.41776e-005
-2.561	1.44569e-005
-2.56	1.47392e-005
-2.559	1.5024e-005
-2.558	1.53109e-005
-2.557	1.55997e-005
-2.556	1.58899e-005
-2.555	1.61811e-005
-2.554	1.6473e-005
-2.553	1.67651e-005
-2.552	1.7057e-005
-2.551	1.73484e-005
-2.55	1.76388e-005
-2.549	1.7928e-005
-2.548	1.82154e-005
-2.547	1.85008e-005
-2.546	1.87838e-005
-2.545	1.9064e-005
-2.544	1.93411e-005
-2.543	1.96147e-005
-2.542	1.98844e-005
-2.541	2.015e-005
-2.54	2.04111e-005
-2.539	2.06674e-005
-2.538	2.09187e-005
-2.537	2.11646e-005
-2.536	2.14049e-005
-2.535	2.16392e-005
-2.534	2.18674e-005
-2.533	2.20892e-005
-2.532	2.23043e-005
-2.531	2.25126e-005
-2.53	2.27139e-005
-2.529	2.2908e-005
-2.528	2.30947e-005
-2.527	2.32739e-005
-2.526	2.34454e-005
-2.525	2.36091e-005
-2.524	2.3765e-005
-2.523	2.39128e-005
-2.522	2.40527e-005
-2.521	2.41844e-005
-2.52	2.4308e-005
-2.519	2.44234e-005
-2.518	2.45306e-005
-2.517	2.46297e-005
-2.516	2.47207e-005
-2.515	2.48035e-005
-2.514	2.48784e-005
-2.513	2.49453e-005
-2.512	2.50043e-005
-2.511	2.50556e-005
-2.51	2.50992e-005
-2.509	2.51354e-005
-2.508	2.51642e-005
-2.507	2.51858e-005
-2.506	2.52005e-005
-2.505	2.52083e-005
-2.504	2.52095e-005
-2.503	2.52044e-005
-2.502	2.51931e-005
-2.501	2.51759e-005
-2.5	2.51531e-005
-2.499	2.51249e-005
-2.498	2.50916e-005
-2.497	2.50535e-005
-2.496	2.50109e-005
-2.495	2.49641e-005
-2.494	2.49134e-005
-2.493	2.48591e-005
-2.492	2.48016e-005
-2.491	2.47412e-005
-2.49	2.46782e-005
-2.489	2.4613e-005
-2.488	2.45459e-005
-2.487	2.44773e-005
-2.486	2.44075e-005
-2.485	2.43369e-005
-2.484	2.42658e-005
-2.483	2.41947e-005
-2.482	2.41238e-005
-2.481	2.40536e-005
-2.48	2.39844e-005
-2.479	2.39164e-005
-2.478	2.38502e-005
-2.477	2.3786e-005
-2.476	2.37242e-005
-2.475	2.36652e-005
-2.474	2.36092e-005
-2.473	2.35566e-005
-2.472	2.35077e-005
-2.471	2.34629e-005
-2.47	2.34224e-005
-2.469	2.33866e-005
-2.468	2.33557e-005
-2.467	2.333e-005
-2.466	2.33099e-005
-2.465	2.32955e-005
-2.464	2.32872e-005
-2.463	2.32851e-005
-2.462	2.32895e-005
-2.461	2.33005e-005
-2.46	2.33186e-005
-2.459	2.33437e-005
-2.458	2.33761e-005
-2.457	2.3416e-005
-2.456	2.34635e-005
-2.455	2.35187e-005
-2.454	2.35818e-005
-2.453	2.36529e-005
-2.452	2.37321e-005
-2.451	2.38194e-005
-2.45	2.3915e-005
-2.449	2.40189e-005
-2.448	2.41311e-005
-2.447	2.42516e-005
-2.446	2.43806e-005
-2.445	2.45178e-005
-2.444	2.46634e-005
-2.443	2.48173e-005
-2.442	2.49795e-005
-2.441	2.51498e-005
-2.44	2.53283e-005
-2.439	2.55148e-005
-2.438	2.57092e-005
-2.437	2.59114e-005
-2.436	2.61212e-005
-2.435	2.63386e-005
-2.434	2.65634e-005
-2.433	2.67953e-005
-2.432	2.70342e-005
-2.431	2.728e-005
-2.43	2.75323e-005
-2.429	2.77911e-005
-2.428	2.80561e-005
-2.427	2.83271e-005
-2.426	2.86037e-005
-2.425	2.88858e-005
-2.424	2.91731e-005
-2.423	2.94653e-005
-2.422	2.97621e-005
-2.421	3.00634e-005
-2.42	3.03687e-005
-2.419	3.06778e-005
-2.418	3.09904e-005
-2.417	3.13063e-005
-2.416	3.16249e-005
-2.415	3.19462e-005
-2.414	3.22698e-005
-2.413	3.25953e-005
-2.412	3.29225e-005
-2.411	3.32511e-005
-2.41	3.35806e-005
-2.409	3.39109e-005
-2.408	3.42416e-005
-2.407	3.45724e-005
-2.406	3.4903e-005
-2.405	3.5233e-005
-2.404	3.55622e-005
-2.403	3.58904e-005
-2.402	3.62171e-005
-2.401	3.65422e-005
-2.4	3.68652e-005
-2.399	3.7186e-005
-2.398	3.75044e-005
-2.397	3.78199e-005
-2.396	3.81324e-005
-2.395	3.84416e-005
-2.394	3.87474e-005
-2.393	3.90494e-005
-2.392	3.93474e-005
-2.391	3.96414e-005
-2.39	3.99309e-005
-2.389	4.0216e-005
-2.388	4.04962e-005
-2.387	4.07716e-005
-2.386	4.1042e-005
-2.385	4.13072e-005
-2.384	4.15671e-005
-2.383	4.18216e-005
-2.382	4.20706e-005
-2.381	4.23139e-005
-2.38	4.25516e-005
-2.379	4.27835e-005
-2.378	4.30095e-005
-2.377	4.32297e-005
-2.376	4.34441e-005
-2.375	4.36525e-005
-2.374	4.3855e-005
-2.373	4.40516e-005
-2.372	4.42424e-005
-2.371	4.44273e-005
-2.37	4.46063e-005
-2.369	4.47797e-005
-2.368	4.49474e-005
-2.367	4.51096e-005
-2.366	4.52662e-005
-2.365	4.54176e-005
-2.364	4.55635e-005
-2.363	4.57044e-005
-2.362	4.58404e-005
-2.361	4.59714e-005
-2.36	4.60979e-005
-2.359	4.62198e-005
-2.358	4.63374e-005
-2.357	4.64509e-005
-2.356	4.65605e-005
-2.355	4.66664e-005
-2.354	4.67687e-005
-2.353	4.68678e-005
-2.352	4.69637e-005
-2.351	4.70569e-005
-2.35	4.71475e-005
-2.349	4.72358e-005
-2.348	4.73219e-005
-2.347	4.74063e-005
-2.346	4.74891e-005
-2.345	4.75707e-005
-2.344	4.76512e-005
-2.343	4.77309e-005
-2.342	4.78102e-005
-2.341	4.78892e-005
-2.34	4.79683e-005
-2.339	4.80477e-005
-2.338	4.81278e-005
-2.337	4.82087e-005
-2.336	4.82908e-005
-2.335	4.83744e-005
-2.334	4.84596e-005
-2.333	4.85469e-005
-2.332	4.86362e-005
-2.331	4.87281e-005
-2.33	4.88228e-005
-2.329	4.89205e-005
-2.328	4.90214e-005
-2.327	4.91258e-005
-2.326	4.92339e-005
-2.325	4.93459e-005
-2.324	4.94622e-005
-2.323	4.95829e-005
-2.322	4.97082e-005
-2.321	4.98382e-005
-2.32	4.99732e-005
-2.319	5.01134e-005
-2.318	5.0259e-005
-2.317	5.04101e-005
-2.316	5.05668e-005
-2.315	5.07294e-005
-2.314	5.08979e-005
-2.313	5.10725e-005
-2.312	5.12533e-005
-2.311	5.14404e-005
-2.31	5.1634e-005
-2.309	5.1834e-005
-2.308	5.20406e-005
-2.307	5.22539e-005
-2.306	5.24738e-005
-2.305	5.27004e-005
-2.304	5.29338e-005
-2.303	5.3174e-005
-2.302	5.3421e-005
-2.301	5.36748e-005
-2.3	5.39354e-005
-2.299	5.42029e-005
-2.298	5.44769e-005
-2.297	5.47577e-005
-2.296	5.50452e-005
-2.295	5.53392e-005
-2.294	5.56397e-005
-2.293	5.59467e-005
-2.292	5.626e-005
-2.291	5.65795e-005
-2.29	5.69051e-005
-2.289	5.72368e-005
-2.288	5.75743e-005
-2.287	5.79176e-005
-2.286	5.82665e-005
-2.285	5.86208e-005
-2.284	5.89805e-005
-2.283	5.93452e-005
-2.282	5.97149e-005
-2.281	6.00893e-005
-2.28	6.04684e-005
-2.279	6.08519e-005
-2.278	6.12395e-005
-2.277	6.16311e-005
-2.276	6.20267e-005
-2.275	6.24259e-005
-2.274	6.28283e-005
-2.273	6.3234e-005
-2.272	6.36427e-005
-2.271	6.40541e-005
-2.27	6.44681e-005
-2.269	6.48843e-005
-2.268	6.53026e-005
-2.267	6.57228e-005
-2.266	6.61447e-005
-2.265	6.6568e-005
-2.264	6.69926e-005
-2.263	6.74181e-005
-2.262	6.78443e-005
-2.261	6.82712e-005
-2.26	6.86985e-005
-2.259	6.91259e-005
-2.258	6.95531e-005
-2.257	6.99802e-005
-2.256	7.04068e-005
-2.255	7.08328e-005
-2.254	7.1258e-005
-2.253	7.16821e-005
-2.252	7.21051e-005
-2.251	7.25266e-005
-2.25	7.29467e-005
-2.249	7.33651e-005
-2.248	7.37817e-005
-2.247	7.41963e-005
-2.246	7.46087e-005
-2.245	7.5019e-005
-2.244	7.54269e-005
-2.243	7.58323e-005
-2.242	7.62352e-005
-2.241	7.66354e-005
-2.24	7.70328e-005
-2.239	7.74274e-005
-2.238	7.78191e-005
-2.237	7.82078e-005
-2.236	7.85935e-005
-2.235	7.89762e-005
-2.234	7.93557e-005
-2.233	7.9732e-005
-2.232	8.01052e-005
-2.231	8.04753e-005
-2.23	8.08421e-005
-2.229	8.12059e-005
-2.228	8.15666e-005
-2.227	8.19241e-005
-2.226	8.22786e-005
-2.225	8.263e-005
-2.224	8.29785e-005
-2.223	8.3324e-005
-2.222	8.36666e-005
-2.221	8.40065e-005
-2.22	8.43438e-005
-2.219	8.46785e-005
-2.218	8.50106e-005
-2.217	8.53403e-005
-2.216	8.56679e-005
-2.215	8.59931e-005
-2.214	8.63165e-005
-2.213	8.6638e-005
-2.212	8.69577e-005
-2.211	8.72758e-005
-2.21	8.75924e-005
-2.209	8.79077e-005
-2.208	8.8222e-005
-2.207	8.85352e-005
-2.206	8.88477e-005
-2.205	8.91595e-005
-2.204	8.94709e-005
-2.203	8.97819e-005
-2.202	9.00929e-005
-2.201	9.04041e-005
-2.2	9.07154e-005
-2.199	9.10272e-005
-2.198	9.13396e-005
-2.197	9.16529e-005
-2.196	9.19673e-005
-2.195	9.22828e-005
-2.194	9.25997e-005
-2.193	9.29183e-005
-2.192	9.32389e-005
-2.191	9.35612e-005
-2.19	9.38857e-005
-2.189	9.42126e-005
-2.188	9.4542e-005
-2.187	9.48743e-005
-2.186	9.52092e-005
-2.185	9.55474e-005
-2.184	9.58886e-005
-2.183	9.62333e-005
-2.182	9.65818e-005
-2.181	9.69339e-005
-2.18	9.72898e-005
-2.179	9.76498e-005
-2.178	9.8014e-005
-2.177	9.83824e-005
-2.176	9.87556e-005
-2.175	9.91331e-005
-2.174	9.95153e-005
-2.173	9.99024e-005
-2.172	0.000100295
-2.171	0.000100692
-2.17	0.000101094
-2.169	0.000101501
-2.168	0.000101914
-2.167	0.000102332
-2.166	0.000102756
-2.165	0.000103185
-2.164	0.00010362
-2.163	0.00010406
-2.162	0.000104507
-2.161	0.000104959
-2.16	0.000105416
-2.159	0.00010588
-2.158	0.000106349
-2.157	0.000106824
-2.156	0.000107305
-2.155	0.000107791
-2.154	0.000108284
-2.153	0.000108782
-2.152	0.000109286
-2.151	0.000109795
-2.15	0.00011031
-2.149	0.000110831
-2.148	0.000111358
-2.147	0.00011189
-2.146	0.000112427
-2.145	0.00011297
-2.144	0.000113518
-2.143	0.000114071
-2.142	0.00011463
-2.141	0.000115193
-2.14	0.000115761
-2.139	0.000116335
-2.138	0.000116913
-2.137	0.000117495
-2.136	0.000118082
-2.135	0.000118674
-2.134	0.00011927
-2.133	0.00011987
-2.132	0.000120474
-2.131	0.000121082
-2.13	0.000121694
-2.129	0.000122309
-2.128	0.000122928
-2.127	0.000123551
-2.126	0.000124176
-2.125	0.000124805
-2.124	0.000125437
-2.123	0.000126071
-2.122	0.000126709
-2.121	0.000127349
-2.12	0.000127991
-2.119	0.000128636
-2.118	0.000129283
-2.117	0.000129932
-2.116	0.000130583
-2.115	0.000131236
-2.114	0.00013189
-2.113	0.000132547
-2.112	0.000133204
-2.111	0.000133863
-2.11	0.000134523
-2.109	0.000135185
-2.108	0.000135847
-2.107	0.00013651
-2.106	0.000137174
-2.105	0.000137839
-2.104	0.000138504
-2.103	0.00013917
-2.102	0.000139836
-2.101	0.000140503
-2.1	0.00014117
-2.099	0.000141837
-2.098	0.000142505
-2.097	0.000143173
-2.096	0.00014384
-2.095	0.000144508
-2.094	0.000145176
-2.093	0.000145844
-2.092	0.000146511
-2.091	0.000147179
-2.09	0.000147846
-2.089	0.000148514
-2.088	0.000149181
-2.087	0.000149848
-2.086	0.000150516
-2.085	0.000151183
-2.084	0.00015185
-2.083	0.000152516
-2.082	0.000153183
-2.081	0.00015385
-2.08	0.000154517
-2.079	0.000155184
-2.078	0.000155852
-2.077	0.000156519
-2.076	0.000157187
-2.075	0.000157855
-2.074	0.000158523
-2.073	0.000159192
-2.072	0.000159861
-2.071	0.000160532
-2.07	0.000161202
-2.069	0.000161874
-2.068	0.000162546
-2.067	0.00016322
-2.066	0.000163894
-2.065	0.00016457
-2.064	0.000165247
-2.063	0.000165926
-2.062	0.000166606
-2.061	0.000167288
-2.06	0.000167971
-2.059	0.000168656
-2.058	0.000169344
-2.057	0.000170033
-2.056	0.000170725
-2.055	0.000171419
-2.054	0.000172116
-2.053	0.000172815
-2.052	0.000173517
-2.051	0.000174221
-2.05	0.000174929
-2.049	0.00017564
-2.048	0.000176354
-2.047	0.000177072
-2.046	0.000177793
-2.045	0.000178518
-2.044	0.000179246
-2.043	0.000179978
-2.042	0.000180714
-2.041	0.000181455
-2.04	0.0001822
-2.039	0.000182949
-2.038	0.000183702
-2.037	0.00018446
-2.036	0.000185223
-2.035	0.00018599
-2.034	0.000186762
-2.033	0.000187539
-2.032	0.000188321
-2.031	0.000189109
-2.03	0.000189901
-2.029	0.000190699
-2.028	0.000191502
-2.027	0.000192311
-2.026	0.000193126
-2.025	0.000193945
-2.024	0.000194771
-2.023	0.000195602
-2.022	0.000196439
-2.021	0.000197282
-2.02	0.00019813
-2.019	0.000198985
-2.018	0.000199846
-2.017	0.000200712
-2.016	0.000201585
-2.015	0.000202463
-2.014	0.000203348
-2.013	0.000204239
-2.012	0.000205135
-2.011	0.000206039
-2.01	0.000206948
-2.009	0.000207863
-2.008	0.000208784
-2.007	0.000209712
-2.006	0.000210645
-2.005	0.000211585
-2.004	0.000212531
-2.003	0.000213482
-2.002	0.00021444
-2.001	0.000215404
-2	0.000216373
-1.999	0.000217349
-1.998	0.000218331
-1.997	0.000219318
-1.996	0.000220311
-1.995	0.00022131
-1.994	0.000222314
-1.993	0.000223324
-1.992	0.00022434
-1.991	0.000225362
-1.99	0.000226389
-1.989	0.000227421
-1.988	0.000228459
-1.987	0.000229502
-1.986	0.00023055
-1.985	0.000231604
-1.984	0.000232662
-1.983	0.000233726
-1.982	0.000234794
-1.981	0.000235868
-1.98	0.000236946
-1.979	0.00023803
-1.978	0.000239118
-1.977	0.000240211
-1.976	0.000241308
-1.975	0.00024241
-1.974	0.000243516
-1.973	0.000244627
-1.972	0.000245742
-1.971	0.000246861
-1.97	0.000247985
-1.969	0.000249112
-1.968	0.000250244
-1.967	0.00025138
-1.966	0.000252521
-1.965	0.000253665
-1.964	0.000254813
-1.963	0.000255964
-1.962	0.00025712
-1.961	0.000258279
-1.96	0.000259442
-1.959	0.00026061
-1.958	0.00026178
-1.957	0.000262955
-1.956	0.000264132
-1.955	0.000265314
-1.954	0.0002665
-1.953	0.000267688
-1.952	0.000268881
-1.951	0.000270076
-1.95	0.000271276
-1.949	0.000272478
-1.948	0.000273685
-1.947	0.000274895
-1.946	0.000276109
-1.945	0.000277326
-1.944	0.000278546
-1.943	0.000279771
-1.942	0.000280999
-1.941	0.00028223
-1.94	0.000283465
-1.939	0.000284704
-1.938	0.000285946
-1.937	0.000287193
-1.936	0.000288443
-1.935	0.000289697
-1.934	0.000290954
-1.933	0.000292216
-1.932	0.000293482
-1.931	0.000294752
-1.93	0.000296025
-1.929	0.000297303
-1.928	0.000298585
-1.927	0.000299871
-1.926	0.000301162
-1.925	0.000302457
-1.924	0.000303756
-1.923	0.00030506
-1.922	0.000306369
-1.921	0.000307682
-1.92	0.000309
-1.919	0.000310322
-1.918	0.00031165
-1.917	0.000312983
-1.916	0.000314321
-1.915	0.000315664
-1.914	0.000317012
-1.913	0.000318365
-1.912	0.000319724
-1.911	0.000321088
-1.91	0.000322459
-1.909	0.000323834
-1.908	0.000325216
-1.907	0.000326604
-1.906	0.000327997
-1.905	0.000329396
-1.904	0.000330802
-1.903	0.000332214
-1.902	0.000333631
-1.901	0.000335056
-1.9	0.000336487
-1.899	0.000337924
-1.898	0.000339369
-1.897	0.00034082
-1.896	0.000342278
-1.895	0.000343742
-1.894	0.000345214
-1.893	0.000346693
-1.892	0.000348179
-1.891	0.000349672
-1.89	0.000351173
-1.889	0.00035268
-1.888	0.000354196
-1.887	0.000355718
-1.886	0.000357249
-1.885	0.000358787
-1.884	0.000360333
-1.883	0.000361887
-1.882	0.000363448
-1.881	0.000365018
-1.88	0.000366595
-1.879	0.000368181
-1.878	0.000369774
-1.877	0.000371375
-1.876	0.000372986
-1.875	0.000374603
-1.874	0.00037623
-1.873	0.000377865
-1.872	0.000379508
-1.871	0.000381159
-1.87	0.000382819
-1.869	0.000384488
-1.868	0.000386164
-1.867	0.000387849
-1.866	0.000389543
-1.865	0.000391245
-1.864	0.000392956
-1.863	0.000394676
-1.862	0.000396404
-1.861	0.000398141
-1.86	0.000399886
-1.859	0.000401641
-1.858	0.000403404
-1.857	0.000405175
-1.856	0.000406955
-1.855	0.000408744
-1.854	0.000410542
-1.853	0.000412348
-1.852	0.000414163
-1.851	0.000415986
-1.85	0.000417818
-1.849	0.00041966
-1.848	0.000421509
-1.847	0.000423368
-1.846	0.000425234
-1.845	0.00042711
-1.844	0.000428995
-1.843	0.000430888
-1.842	0.00043279
-1.841	0.000434699
-1.84	0.000436619
-1.839	0.000438546
-1.838	0.000440482
-1.837	0.000442427
-1.836	0.00044438
-1.835	0.000446342
-1.834	0.000448312
-1.833	0.000450291
-1.832	0.000452278
-1.831	0.000454274
-1.83	0.000456278
-1.829	0.000458291
-1.828	0.000460312
-1.827	0.000462343
-1.826	0.000464381
-1.825	0.000466429
-1.824	0.000468484
-1.823	0.000470548
-1.822	0.00047262
-1.821	0.000474701
-1.82	0.00047679
-1.819	0.000478888
-1.818	0.000480995
-1.817	0.00048311
-1.816	0.000485233
-1.815	0.000487364
-1.814	0.000489505
-1.813	0.000491654
-1.812	0.000493812
-1.811	0.000495978
-1.81	0.000498153
-1.809	0.000500336
-1.808	0.000502528
-1.807	0.000504727
-1.806	0.000506937
-1.805	0.000509155
-1.804	0.000511382
-1.803	0.000513617
-1.802	0.000515861
-1.801	0.000518114
-1.8	0.000520376
-1.799	0.000522647
-1.798	0.000524927
-1.797	0.000527215
-1.796	0.000529513
-1.795	0.000531819
-1.794	0.000534135
-1.793	0.000536461
-1.792	0.000538794
-1.791	0.000541138
-1.79	0.000543492
-1.789	0.000545854
-1.788	0.000548226
-1.787	0.000550607
-1.786	0.000552998
-1.785	0.000555398
-1.784	0.000557809
-1.783	0.000560229
-1.782	0.000562658
-1.781	0.000565099
-1.78	0.000567548
-1.779	0.000570008
-1.778	0.000572479
-1.777	0.000574959
-1.776	0.000577449
-1.775	0.00057995
-1.774	0.000582462
-1.773	0.000584984
-1.772	0.000587516
-1.771	0.000590059
-1.77	0.000592613
-1.769	0.000595178
-1.768	0.000597753
-1.767	0.000600339
-1.766	0.000602938
-1.765	0.000605546
-1.764	0.000608166
-1.763	0.000610797
-1.762	0.000613441
-1.761	0.000616095
-1.76	0.00061876
-1.759	0.000621438
-1.758	0.000624128
-1.757	0.000626829
-1.756	0.000629542
-1.755	0.000632267
-1.754	0.000635004
-1.753	0.000637754
-1.752	0.000640516
-1.751	0.000643289
-1.75	0.000646076
-1.749	0.000648874
-1.748	0.000651685
-1.747	0.000654509
-1.746	0.000657345
-1.745	0.000660195
-1.744	0.000663058
-1.743	0.000665933
-1.742	0.000668822
-1.741	0.000671724
-1.74	0.000674638
-1.739	0.000677566
-1.738	0.000680507
-1.737	0.000683462
-1.736	0.00068643
-1.735	0.000689411
-1.734	0.000692406
-1.733	0.000695415
-1.732	0.000698438
-1.731	0.000701474
-1.73	0.000704526
-1.729	0.000707589
-1.728	0.000710667
-1.727	0.00071376
-1.726	0.000716866
-1.725	0.000719986
-1.724	0.00072312
-1.723	0.000726269
-1.722	0.000729432
-1.721	0.000732611
-1.72	0.000735803
-1.719	0.00073901
-1.718	0.000742229
-1.717	0.000745465
-1.716	0.000748716
-1.715	0.000751981
-1.714	0.000755261
-1.713	0.000758555
-1.712	0.000761863
-1.711	0.000765189
-1.71	0.000768528
-1.709	0.000771882
-1.708	0.00077525
-1.707	0.000778636
-1.706	0.000782035
-1.705	0.00078545
-1.704	0.000788879
-1.703	0.000792324
-1.702	0.000795783
-1.701	0.000799259
-1.7	0.000802751
-1.699	0.000806256
-1.698	0.000809778
-1.697	0.000813314
-1.696	0.000816867
-1.695	0.000820437
-1.694	0.000824021
-1.693	0.000827621
-1.692	0.000831236
-1.691	0.000834867
-1.69	0.000838514
-1.689	0.000842178
-1.688	0.000845855
-1.687	0.00084955
-1.686	0.000853261
-1.685	0.000856987
-1.684	0.000860729
-1.683	0.000864487
-1.682	0.000868262
-1.681	0.000872054
-1.68	0.000875861
-1.679	0.000879685
-1.678	0.000883525
-1.677	0.000887382
-1.676	0.000891254
-1.675	0.000895143
-1.674	0.00089905
-1.673	0.000902972
-1.672	0.000906912
-1.671	0.000910868
-1.67	0.000914842
-1.669	0.00091883
-1.668	0.000922838
-1.667	0.000926861
-1.666	0.0009309
-1.665	0.000934957
-1.664	0.000939032
-1.663	0.000943125
-1.662	0.000947235
-1.661	0.000951362
-1.66	0.000955506
-1.659	0.000959669
-1.658	0.000963849
-1.657	0.000968046
-1.656	0.000972261
-1.655	0.000976495
-1.654	0.000980743
-1.653	0.000985012
-1.652	0.0009893
-1.651	0.000993606
-1.65	0.000997927
-1.649	0.00100227
-1.648	0.00100663
-1.647	0.00101101
-1.646	0.00101541
-1.645	0.00101982
-1.644	0.00102426
-1.643	0.00102871
-1.642	0.00103318
-1.641	0.00103767
-1.64	0.00104219
-1.639	0.00104672
-1.638	0.00105126
-1.637	0.00105583
-1.636	0.00106042
-1.635	0.00106503
-1.634	0.00106966
-1.633	0.00107431
-1.632	0.00107897
-1.631	0.00108366
-1.63	0.00108837
-1.629	0.0010931
-1.628	0.00109785
-1.627	0.00110262
-1.626	0.00110741
-1.625	0.00111222
-1.624	0.00111705
-1.623	0.0011219
-1.622	0.00112677
-1.621	0.00113167
-1.62	0.00113658
-1.619	0.00114152
-1.618	0.00114648
-1.617	0.00115146
-1.616	0.00115646
-1.615	0.00116149
-1.614	0.00116653
-1.613	0.0011716
-1.612	0.00117669
-1.611	0.0011818
-1.61	0.00118694
-1.609	0.0011921
-1.608	0.00119728
-1.607	0.00120248
-1.606	0.0012077
-1.605	0.00121295
-1.604	0.00121823
-1.603	0.00122352
-1.602	0.00122884
-1.601	0.00123418
-1.6	0.00123954
-1.599	0.00124493
-1.598	0.00125034
-1.597	0.00125578
-1.596	0.00126124
-1.595	0.00126673
-1.594	0.00127223
-1.593	0.00127776
-1.592	0.00128332
-1.591	0.0012889
-1.59	0.00129451
-1.589	0.00130014
-1.588	0.0013058
-1.587	0.00131148
-1.586	0.00131719
-1.585	0.00132292
-1.584	0.00132867
-1.583	0.00133445
-1.582	0.00134026
-1.581	0.00134609
-1.58	0.00135195
-1.579	0.00135784
-1.578	0.00136375
-1.577	0.00136968
-1.576	0.00137565
-1.575	0.00138163
-1.574	0.00138765
-1.573	0.00139369
-1.572	0.00139976
-1.571	0.00140585
-1.57	0.00141197
-1.569	0.00141812
-1.568	0.0014243
-1.567	0.0014305
-1.566	0.00143673
-1.565	0.00144299
-1.564	0.00144927
-1.563	0.00145558
-1.562	0.00146192
-1.561	0.00146829
-1.56	0.00147468
-1.559	0.00148111
-1.558	0.00148756
-1.557	0.00149404
-1.556	0.00150054
-1.555	0.00150708
-1.554	0.00151365
-1.553	0.00152024
-1.552	0.00152686
-1.551	0.00153351
-1.55	0.00154019
-1.549	0.0015469
-1.548	0.00155363
-1.547	0.0015604
-1.546	0.0015672
-1.545	0.00157402
-1.544	0.00158088
-1.543	0.00158776
-1.542	0.00159468
-1.541	0.00160162
-1.54	0.0016086
-1.539	0.0016156
-1.538	0.00162264
-1.537	0.00162971
-1.536	0.0016368
-1.535	0.00164393
-1.534	0.00165109
-1.533	0.00165828
-1.532	0.0016655
-1.531	0.00167275
-1.53	0.00168003
-1.529	0.00168735
-1.528	0.00169469
-1.527	0.00170207
-1.526	0.00170948
-1.525	0.00171692
-1.524	0.0017244
-1.523	0.00173191
-1.522	0.00173944
-1.521	0.00174702
-1.52	0.00175462
-1.519	0.00176225
-1.518	0.00176992
-1.517	0.00177763
-1.516	0.00178536
-1.515	0.00179313
-1.514	0.00180094
-1.513	0.00180877
-1.512	0.00181664
-1.511	0.00182455
-1.51	0.00183249
-1.509	0.00184046
-1.508	0.00184847
-1.507	0.00185651
-1.506	0.00186459
-1.505	0.0018727
-1.504	0.00188085
-1.503	0.00188903
-1.502	0.00189725
-1.501	0.0019055
-1.5	0.00191379
-1.499	0.00192211
-1.498	0.00193047
-1.497	0.00193887
-1.496	0.0019473
-1.495	0.00195577
-1.494	0.00196428
-1.493	0.00197283
-1.492	0.0019814
-1.491	0.00199002
-1.49	0.00199868
-1.489	0.00200737
-1.488	0.0020161
-1.487	0.00202486
-1.486	0.00203367
-1.485	0.00204252
-1.484	0.0020514
-1.483	0.00206032
-1.482	0.00206928
-1.481	0.00207828
-1.48	0.00208732
-1.479	0.0020964
-1.478	0.00210551
-1.477	0.00211467
-1.476	0.00212386
-1.475	0.0021331
-1.474	0.00214238
-1.473	0.0021517
-1.472	0.00216105
-1.471	0.00217045
-1.47	0.00217989
-1.469	0.00218937
-1.468	0.00219889
-1.467	0.00220846
-1.466	0.00221806
-1.465	0.00222771
-1.464	0.0022374
-1.463	0.00224713
-1.462	0.0022569
-1.461	0.00226672
-1.46	0.00227658
-1.459	0.00228648
-1.458	0.00229643
-1.457	0.00230642
-1.456	0.00231645
-1.455	0.00232653
-1.454	0.00233665
-1.453	0.00234681
-1.452	0.00235702
-1.451	0.00236728
-1.45	0.00237758
-1.449	0.00238792
-1.448	0.00239831
-1.447	0.00240874
-1.446	0.00241922
-1.445	0.00242975
-1.444	0.00244032
-1.443	0.00245094
-1.442	0.00246161
-1.441	0.00247232
-1.44	0.00248308
-1.439	0.00249388
-1.438	0.00250473
-1.437	0.00251563
-1.436	0.00252658
-1.435	0.00253758
-1.434	0.00254862
-1.433	0.00255971
-1.432	0.00257085
-1.431	0.00258204
-1.43	0.00259327
-1.429	0.00260456
-1.428	0.00261589
-1.427	0.00262728
-1.426	0.00263872
-1.425	0.0026502
-1.424	0.00266174
-1.423	0.00267332
-1.422	0.00268496
-1.421	0.00269665
-1.42	0.00270838
-1.419	0.00272017
-1.418	0.00273201
-1.417	0.0027439
-1.416	0.00275584
-1.415	0.00276784
-1.414	0.00277988
-1.413	0.00279198
-1.412	0.00280414
-1.411	0.00281634
-1.41	0.0028286
-1.409	0.00284091
-1.408	0.00285328
-1.407	0.0028657
-1.406	0.00287817
-1.405	0.00289069
-1.404	0.00290327
-1.403	0.00291591
-1.402	0.0029286
-1.401	0.00294135
-1.4	0.00295415
-1.399	0.00296701
-1.398	0.00297992
-1.397	0.00299289
-1.396	0.00300592
-1.395	0.003019
-1.394	0.00303214
-1.393	0.00304533
-1.392	0.00305859
-1.391	0.0030719
-1.39	0.00308526
-1.389	0.00309869
-1.388	0.00311218
-1.387	0.00312572
-1.386	0.00313932
-1.385	0.00315298
-1.384	0.0031667
-1.383	0.00318048
-1.382	0.00319432
-1.381	0.00320821
-1.38	0.00322217
-1.379	0.00323619
-1.378	0.00325028
-1.377	0.00326442
-1.376	0.00327862
-1.375	0.00329289
-1.374	0.00330722
-1.373	0.0033216
-1.372	0.00333606
-1.371	0.00335057
-1.37	0.00336515
-1.369	0.00337979
-1.368	0.00339449
-1.367	0.00340926
-1.366	0.00342409
-1.365	0.00343899
-1.364	0.00345395
-1.363	0.00346898
-1.362	0.00348407
-1.361	0.00349923
-1.36	0.00351445
-1.359	0.00352975
-1.358	0.0035451
-1.357	0.00356052
-1.356	0.00357601
-1.355	0.00359157
-1.354	0.0036072
-1.353	0.00362289
-1.352	0.00363866
-1.351	0.00365448
-1.35	0.00367038
-1.349	0.00368634
-1.348	0.00370239
-1.347	0.00371849
-1.346	0.00373467
-1.345	0.00375092
-1.344	0.00376723
-1.343	0.00378362
-1.342	0.00380009
-1.341	0.00381662
-1.34	0.00383323
-1.339	0.00384991
-1.338	0.00386666
-1.337	0.00388348
-1.336	0.00390038
-1.335	0.00391734
-1.334	0.00393438
-1.333	0.0039515
-1.332	0.00396869
-1.331	0.00398596
-1.33	0.0040033
-1.329	0.00402072
-1.328	0.00403821
-1.327	0.00405578
-1.326	0.00407343
-1.325	0.00409115
-1.324	0.00410895
-1.323	0.00412683
-1.322	0.00414478
-1.321	0.00416281
-1.32	0.00418093
-1.319	0.00419912
-1.318	0.00421739
-1.317	0.00423574
-1.316	0.00425417
-1.315	0.00427268
-1.314	0.00429127
-1.313	0.00430994
-1.312	0.00432869
-1.311	0.00434752
-1.31	0.00436644
-1.309	0.00438544
-1.308	0.00440453
-1.307	0.00442369
-1.306	0.00444293
-1.305	0.00446227
-1.304	0.00448169
-1.303	0.00450118
-1.302	0.00452077
-1.301	0.00454044
-1.3	0.0045602
-1.299	0.00458003
-1.298	0.00459996
-1.297	0.00461998
-1.296	0.00464008
-1.295	0.00466027
-1.294	0.00468055
-1.293	0.00470092
-1.292	0.00472137
-1.291	0.00474192
-1.29	0.00476255
-1.289	0.00478327
-1.288	0.00480409
-1.287	0.004825
-1.286	0.00484599
-1.285	0.00486707
-1.284	0.00488825
-1.283	0.00490952
-1.282	0.00493088
-1.281	0.00495234
-1.28	0.00497389
-1.279	0.00499554
-1.278	0.00501727
-1.277	0.00503911
-1.276	0.00506104
-1.275	0.00508306
-1.274	0.00510518
-1.273	0.0051274
-1.272	0.00514971
-1.271	0.00517212
-1.27	0.00519462
-1.269	0.00521723
-1.268	0.00523993
-1.267	0.00526274
-1.266	0.00528564
-1.265	0.00530863
-1.264	0.00533174
-1.263	0.00535494
-1.262	0.00537824
-1.261	0.00540164
-1.26	0.00542515
-1.259	0.00544876
-1.258	0.00547247
-1.257	0.00549629
-1.256	0.00552021
-1.255	0.00554423
-1.254	0.00556836
-1.253	0.00559258
-1.252	0.00561692
-1.251	0.00564136
-1.25	0.00566591
-1.249	0.00569057
-1.248	0.00571533
-1.247	0.0057402
-1.246	0.00576518
-1.245	0.00579027
-1.244	0.00581547
-1.243	0.00584077
-1.242	0.00586618
-1.241	0.00589171
-1.24	0.00591734
-1.239	0.00594309
-1.238	0.00596895
-1.237	0.00599493
-1.236	0.00602101
-1.235	0.00604722
-1.234	0.00607353
-1.233	0.00609995
-1.232	0.0061265
-1.231	0.00615315
-1.23	0.00617992
-1.229	0.00620681
-1.228	0.00623383
-1.227	0.00626094
-1.226	0.00628819
-1.225	0.00631555
-1.224	0.00634302
-1.223	0.00637062
-1.222	0.00639834
-1.221	0.00642618
-1.22	0.00645414
-1.219	0.00648222
-1.218	0.00651043
-1.217	0.00653875
-1.216	0.00656719
-1.215	0.00659577
-1.214	0.00662447
-1.213	0.00665329
-1.212	0.00668224
-1.211	0.00671131
-1.21	0.00674051
-1.209	0.00676983
-1.208	0.00679929
-1.207	0.00682888
-1.206	0.00685858
-1.205	0.00688843
-1.204	0.0069184
-1.203	0.00694849
-1.202	0.00697872
-1.201	0.00700908
-1.2	0.00703959
-1.199	0.00707021
-1.198	0.00710098
-1.197	0.00713187
-1.196	0.0071629
-1.195	0.00719406
-1.194	0.00722537
-1.193	0.00725681
-1.192	0.00728839
-1.191	0.0073201
-1.19	0.00735194
-1.189	0.00738393
-1.188	0.00741606
-1.187	0.00744832
-1.186	0.00748074
-1.185	0.00751329
-1.184	0.00754598
-1.183	0.00757881
-1.182	0.00761179
-1.181	0.00764491
-1.18	0.00767816
-1.179	0.00771157
-1.178	0.00774514
-1.177	0.00777884
-1.176	0.00781269
-1.175	0.00784669
-1.174	0.00788083
-1.173	0.00791513
-1.172	0.00794957
-1.171	0.00798416
-1.17	0.0080189
-1.169	0.0080538
-1.168	0.00808883
-1.167	0.00812403
-1.166	0.00815938
-1.165	0.00819489
-1.164	0.00823055
-1.163	0.00826637
-1.162	0.00830234
-1.161	0.00833847
-1.16	0.00837475
-1.159	0.00841119
-1.158	0.00844779
-1.157	0.00848454
-1.156	0.00852147
-1.155	0.00855855
-1.154	0.00859579
-1.153	0.0086332
-1.152	0.00867076
-1.151	0.00870849
-1.15	0.00874639
-1.149	0.00878445
-1.148	0.00882267
-1.147	0.00886106
-1.146	0.00889962
-1.145	0.00893835
-1.144	0.00897724
-1.143	0.0090163
-1.142	0.00905553
-1.141	0.00909494
-1.14	0.00913452
-1.139	0.00917427
-1.138	0.00921419
-1.137	0.00925428
-1.136	0.00929454
-1.135	0.00933498
-1.134	0.0093756
-1.133	0.0094164
-1.132	0.00945737
-1.131	0.00949851
-1.13	0.00953985
-1.129	0.00958135
-1.128	0.00962304
-1.127	0.00966492
-1.126	0.00970699
-1.125	0.00974921
-1.124	0.00979164
-1.123	0.00983425
-1.122	0.00987703
-1.121	0.00991999
-1.12	0.00996316
-1.119	0.0100065
-1.118	0.0100501
-1.117	0.0100938
-1.116	0.0101377
-1.115	0.0101818
-1.114	0.0102261
-1.113	0.0102706
-1.112	0.0103153
-1.111	0.0103602
-1.11	0.0104053
-1.109	0.0104505
-1.108	0.010496
-1.107	0.0105417
-1.106	0.0105876
-1.105	0.0106336
-1.104	0.0106799
-1.103	0.0107264
-1.102	0.0107731
-1.101	0.0108199
-1.1	0.010867
-1.099	0.0109143
-1.098	0.0109618
-1.097	0.0110095
-1.096	0.0110574
-1.095	0.0111055
-1.094	0.0111538
-1.093	0.0112024
-1.092	0.0112511
-1.091	0.0113001
-1.09	0.0113492
-1.089	0.0113986
-1.088	0.0114482
-1.087	0.011498
-1.086	0.0115481
-1.085	0.0115983
-1.084	0.0116488
-1.083	0.0116995
-1.082	0.0117504
-1.081	0.0118015
-1.08	0.0118529
-1.079	0.0119044
-1.078	0.0119562
-1.077	0.0120083
-1.076	0.0120605
-1.075	0.012113
-1.074	0.0121657
-1.073	0.0122186
-1.072	0.0122718
-1.071	0.0123252
-1.07	0.0123788
-1.069	0.0124327
-1.068	0.0124868
-1.067	0.0125411
-1.066	0.0125957
-1.065	0.0126505
-1.064	0.0127056
-1.063	0.0127608
-1.062	0.0128164
-1.061	0.0128721
-1.06	0.0129281
-1.059	0.0129844
-1.058	0.0130409
-1.057	0.0130976
-1.056	0.0131546
-1.055	0.0132119
-1.054	0.0132693
-1.053	0.0133271
-1.052	0.0133851
-1.051	0.0134433
-1.05	0.0135018
-1.049	0.0135606
-1.048	0.0136195
-1.047	0.0136788
-1.046	0.0137383
-1.045	0.0137981
-1.044	0.0138581
-1.043	0.0139184
-1.042	0.013979
-1.041	0.0140398
-1.04	0.0141009
-1.039	0.0141623
-1.038	0.0142239
-1.037	0.0142858
-1.036	0.0143479
-1.035	0.0144104
-1.034	0.014473
-1.033	0.014536
-1.032	0.0145993
-1.031	0.0146628
-1.03	0.0147266
-1.029	0.0147907
-1.028	0.014855
-1.027	0.0149197
-1.026	0.0149846
-1.025	0.0150498
-1.024	0.0151153
-1.023	0.0151811
-1.022	0.0152471
-1.021	0.0153135
-1.02	0.0153801
-1.019	0.015447
-1.018	0.0155142
-1.017	0.0155817
-1.016	0.0156495
-1.015	0.0157176
-1.014	0.015786
-1.013	0.0158547
-1.012	0.0159237
-1.011	0.015993
-1.01	0.0160626
-1.009	0.0161325
-1.008	0.0162027
-1.007	0.0162732
-1.006	0.016344
-1.005	0.0164151
-1.004	0.0164866
-1.003	0.0165583
-1.002	0.0166304
-1.001	0.0167027
-1	0.0167754
-0.999	0.0168484
-0.998	0.0169217
-0.997	0.0169954
-0.996	0.0170693
-0.995	0.0171436
-0.994	0.0172182
-0.993	0.0172931
-0.992	0.0173684
-0.991	0.017444
-0.99	0.0175199
-0.989	0.0175961
-0.988	0.0176726
-0.987	0.0177496
-0.986	0.0178268
-0.985	0.0179044
-0.984	0.0179823
-0.983	0.0180605
-0.982	0.0181391
-0.981	0.018218
-0.98	0.0182973
-0.979	0.0183769
-0.978	0.0184569
-0.977	0.0185372
-0.976	0.0186179
-0.975	0.0186989
-0.974	0.0187802
-0.973	0.0188619
-0.972	0.018944
-0.971	0.0190265
-0.97	0.0191093
-0.969	0.0191924
-0.968	0.0192759
-0.967	0.0193597
-0.966	0.019444
-0.965	0.0195286
-0.964	0.0196136
-0.963	0.0196989
-0.962	0.0197846
-0.961	0.0198707
-0.96	0.0199572
-0.959	0.020044
-0.958	0.0201312
-0.957	0.0202188
-0.956	0.0203068
-0.955	0.0203951
-0.954	0.0204839
-0.953	0.020573
-0.952	0.0206625
-0.951	0.0207524
-0.95	0.0208427
-0.949	0.0209334
-0.948	0.0210245
-0.947	0.021116
-0.946	0.0212079
-0.945	0.0213002
-0.944	0.0213928
-0.943	0.0214859
-0.942	0.0215794
-0.941	0.0216733
-0.94	0.0217676
-0.939	0.0218623
-0.938	0.0219575
-0.937	0.022053
-0.936	0.022149
-0.935	0.0222453
-0.934	0.0223421
-0.933	0.0224394
-0.932	0.022537
-0.931	0.022635
-0.93	0.0227335
-0.929	0.0228325
-0.928	0.0229318
-0.927	0.0230316
-0.926	0.0231318
-0.925	0.0232325
-0.924	0.0233336
-0.923	0.0234351
-0.922	0.0235371
-0.921	0.0236395
-0.92	0.0237423
-0.919	0.0238457
-0.918	0.0239494
-0.917	0.0240537
-0.916	0.0241583
-0.915	0.0242634
-0.914	0.024369
-0.913	0.0244751
-0.912	0.0245816
-0.911	0.0246885
-0.91	0.0247959
-0.909	0.0249039
-0.908	0.0250122
-0.907	0.0251211
-0.906	0.0252304
-0.905	0.0253401
-0.904	0.0254504
-0.903	0.0255612
-0.902	0.0256724
-0.901	0.0257841
-0.9	0.0258963
-0.899	0.026009
-0.898	0.0261221
-0.897	0.0262358
-0.896	0.02635
-0.895	0.0264646
-0.894	0.0265798
-0.893	0.0266955
-0.892	0.0268116
-0.891	0.0269283
-0.89	0.0270455
-0.889	0.0271631
-0.888	0.0272813
-0.887	0.0274
-0.886	0.0275193
-0.885	0.027639
-0.884	0.0277592
-0.883	0.02788
-0.882	0.0280014
-0.881	0.0281232
-0.88	0.0282455
-0.879	0.0283684
-0.878	0.0284919
-0.877	0.0286159
-0.876	0.0287404
-0.875	0.0288654
-0.874	0.028991
-0.873	0.0291172
-0.872	0.0292439
-0.871	0.0293711
-0.87	0.0294989
-0.869	0.0296272
-0.868	0.0297561
-0.867	0.0298856
-0.866	0.0300157
-0.865	0.0301463
-0.864	0.0302774
-0.863	0.0304092
-0.862	0.0305415
-0.861	0.0306744
-0.86	0.0308079
-0.859	0.0309419
-0.858	0.0310766
-0.857	0.0312118
-0.856	0.0313476
-0.855	0.031484
-0.854	0.031621
-0.853	0.0317586
-0.852	0.0318968
-0.851	0.0320355
-0.85	0.032175
-0.849	0.032315
-0.848	0.0324556
-0.847	0.0325968
-0.846	0.0327387
-0.845	0.0328811
-0.844	0.0330242
-0.843	0.033168
-0.842	0.0333122
-0.841	0.0334572
-0.84	0.0336028
-0.839	0.033749
-0.838	0.0338959
-0.837	0.0340434
-0.836	0.0341915
-0.835	0.0343403
-0.834	0.0344897
-0.833	0.0346398
-0.832	0.0347905
-0.831	0.0349419
-0.83	0.035094
-0.829	0.0352467
-0.828	0.0354
-0.827	0.0355541
-0.826	0.0357088
-0.825	0.0358642
-0.824	0.0360203
-0.823	0.036177
-0.822	0.0363344
-0.821	0.0364925
-0.82	0.0366513
-0.819	0.0368108
-0.818	0.036971
-0.817	0.0371318
-0.816	0.0372934
-0.815	0.0374557
-0.814	0.0376187
-0.813	0.0377823
-0.812	0.0379467
-0.811	0.0381118
-0.81	0.0382777
-0.809	0.0384443
-0.808	0.0386116
-0.807	0.0387796
-0.806	0.0389483
-0.805	0.0391178
-0.804	0.039288
-0.803	0.0394589
-0.802	0.0396306
-0.801	0.039803
-0.8	0.0399762
-0.799	0.0401502
-0.798	0.0403249
-0.797	0.0405004
-0.796	0.0406765
-0.795	0.0408536
-0.794	0.0410313
-0.793	0.0412099
-0.792	0.0413892
-0.791	0.0415693
-0.79	0.0417501
-0.789	0.0419318
-0.788	0.0421142
-0.787	0.0422974
-0.786	0.0424815
-0.785	0.0426663
-0.784	0.042852
-0.783	0.0430385
-0.782	0.0432257
-0.781	0.0434138
-0.78	0.0436027
-0.779	0.0437924
-0.778	0.043983
-0.777	0.0441743
-0.776	0.0443666
-0.775	0.0445596
-0.774	0.0447535
-0.773	0.0449482
-0.772	0.0451439
-0.771	0.0453403
-0.77	0.0455376
-0.769	0.0457357
-0.768	0.0459347
-0.767	0.0461345
-0.766	0.0463353
-0.765	0.046537
-0.764	0.0467394
-0.763	0.0469429
-0.762	0.0471471
-0.761	0.0473522
-0.76	0.0475583
-0.759	0.0477653
-0.758	0.0479731
-0.757	0.0481819
-0.756	0.0483915
-0.755	0.0486021
-0.754	0.0488136
-0.753	0.049026
-0.752	0.0492393
-0.751	0.0494537
-0.75	0.0496687
-0.749	0.0498849
-0.748	0.050102
-0.747	0.05032
-0.746	0.050539
-0.745	0.0507588
-0.744	0.0509797
-0.743	0.0512016
-0.742	0.0514244
-0.741	0.0516481
-0.74	0.0518729
-0.739	0.0520987
-0.738	0.0523253
-0.737	0.052553
-0.736	0.0527817
-0.735	0.0530114
-0.734	0.053242
-0.733	0.0534737
-0.732	0.0537064
-0.731	0.0539401
-0.73	0.0541748
-0.729	0.0544105
-0.728	0.0546473
-0.727	0.0548851
-0.726	0.0551239
-0.725	0.0553638
-0.724	0.0556047
-0.723	0.0558466
-0.722	0.0560897
-0.721	0.0563337
-0.72	0.0565788
-0.719	0.056825
-0.718	0.0570722
-0.717	0.0573206
-0.716	0.05757
-0.715	0.0578204
-0.714	0.058072
-0.713	0.0583248
-0.712	0.0585785
-0.711	0.0588335
-0.71	0.0590894
-0.709	0.0593465
-0.708	0.0596048
-0.707	0.059864
-0.706	0.0601245
-0.705	0.0603861
-0.704	0.0606488
-0.703	0.0609128
-0.702	0.0611778
-0.701	0.061444
-0.7	0.0617114
-0.699	0.0619798
-0.698	0.0622496
-0.697	0.0625204
-0.696	0.0627925
-0.695	0.0630656
-0.694	0.0633401
-0.693	0.0636157
-0.692	0.0638925
-0.691	0.0641705
-0.69	0.0644498
-0.689	0.0647302
-0.688	0.0650119
-0.687	0.0652947
-0.686	0.0655788
-0.685	0.0658642
-0.684	0.0661508
-0.683	0.0664387
-0.682	0.0667277
-0.681	0.0670181
-0.68	0.0673097
-0.679	0.0676027
-0.678	0.0678968
-0.677	0.0681922
-0.676	0.068489
-0.675	0.068787
-0.674	0.0690863
-0.673	0.0693869
-0.672	0.0696889
-0.671	0.0699922
-0.67	0.0702967
-0.669	0.0706026
-0.668	0.0709098
-0.667	0.0712184
-0.666	0.0715283
-0.665	0.0718396
-0.664	0.0721522
-0.663	0.072466
-0.662	0.0727815
-0.661	0.0730982
-0.66	0.0734162
-0.659	0.0737356
-0.658	0.0740565
-0.657	0.0743788
-0.656	0.0747025
-0.655	0.0750275
-0.654	0.0753541
-0.653	0.075682
-0.652	0.0760113
-0.651	0.076342
-0.65	0.0766742
-0.649	0.0770078
-0.648	0.0773428
-0.647	0.0776794
-0.646	0.0780174
-0.645	0.0783569
-0.644	0.0786978
-0.643	0.0790404
-0.642	0.0793842
-0.641	0.0797297
-0.64	0.0800766
-0.639	0.080425
-0.638	0.080775
-0.637	0.0811265
-0.636	0.0814794
-0.635	0.0818339
-0.634	0.0821899
-0.633	0.0825476
-0.632	0.0829068
-0.631	0.0832675
-0.63	0.0836299
-0.629	0.0839937
-0.628	0.0843593
-0.627	0.0847263
-0.626	0.0850949
-0.625	0.0854652
-0.624	0.0858371
-0.623	0.0862104
-0.622	0.0865856
-0.621	0.0869624
-0.62	0.0873407
-0.619	0.0877207
-0.618	0.0881025
-0.617	0.0884859
-0.616	0.0888709
-0.615	0.0892575
-0.614	0.0896459
-0.613	0.090036
-0.612	0.0904277
-0.611	0.0908212
-0.61	0.0912164
-0.609	0.0916133
-0.608	0.0920119
-0.607	0.0924123
-0.606	0.0928145
-0.605	0.0932182
-0.604	0.0936239
-0.603	0.0940313
-0.602	0.0944404
-0.601	0.0948513
-0.6	0.0952641
-0.599	0.0956786
-0.598	0.096095
-0.597	0.0965131
-0.596	0.0969331
-0.595	0.0973549
-0.594	0.0977786
-0.593	0.098204
-0.592	0.0986313
-0.591	0.0990606
-0.59	0.0994916
-0.589	0.0999246
-0.588	0.100359
-0.587	0.100796
-0.586	0.101235
-0.585	0.101675
-0.584	0.102118
-0.583	0.102562
-0.582	0.103008
-0.581	0.103457
-0.58	0.103907
-0.579	0.104359
-0.578	0.104813
-0.577	0.105269
-0.576	0.105727
-0.575	0.106187
-0.574	0.106649
-0.573	0.107113
-0.572	0.107579
-0.571	0.108048
-0.57	0.108518
-0.569	0.10899
-0.568	0.109464
-0.567	0.10994
-0.566	0.110419
-0.565	0.110899
-0.564	0.111382
-0.563	0.111867
-0.562	0.112353
-0.561	0.112842
-0.56	0.113333
-0.559	0.113826
-0.558	0.114322
-0.557	0.114819
-0.556	0.115319
-0.555	0.115821
-0.554	0.116324
-0.553	0.116831
-0.552	0.117339
-0.551	0.117849
-0.55	0.118362
-0.549	0.118877
-0.548	0.119395
-0.547	0.119914
-0.546	0.120436
-0.545	0.12096
-0.544	0.121486
-0.543	0.122015
-0.542	0.122546
-0.541	0.123079
-0.54	0.123614
-0.539	0.124152
-0.538	0.124692
-0.537	0.125235
-0.536	0.12578
-0.535	0.126327
-0.534	0.126877
-0.533	0.127429
-0.532	0.127983
-0.531	0.12854
-0.53	0.1291
-0.529	0.129661
-0.528	0.130225
-0.527	0.130792
-0.526	0.131361
-0.525	0.131933
-0.524	0.132507
-0.523	0.133083
-0.522	0.133662
-0.521	0.134244
-0.52	0.134828
-0.519	0.135415
-0.518	0.136004
-0.517	0.136596
-0.516	0.13719
-0.515	0.137787
-0.514	0.138387
-0.513	0.138989
-0.512	0.139594
-0.511	0.140201
-0.51	0.140812
-0.509	0.141424
-0.508	0.142039
-0.507	0.142658
-0.506	0.143278
-0.505	0.143902
-0.504	0.144528
-0.503	0.145157
-0.502	0.145789
-0.501	0.146423
-0.5	0.14706
-0.499	0.1477
-0.498	0.148343
-0.497	0.148988
-0.496	0.149637
-0.495	0.150288
-0.494	0.150942
-0.493	0.151598
-0.492	0.152258
-0.491	0.152921
-0.49	0.153586
-0.489	0.154255
-0.488	0.154926
-0.487	0.1556
-0.486	0.156277
-0.485	0.156957
-0.484	0.15764
-0.483	0.158326
-0.482	0.159015
-0.481	0.159707
-0.48	0.160402
-0.479	0.1611
-0.478	0.161801
-0.477	0.162505
-0.476	0.163212
-0.475	0.163922
-0.474	0.164635
-0.473	0.165352
-0.472	0.166071
-0.471	0.166794
-0.47	0.167519
-0.469	0.168248
-0.468	0.16898
-0.467	0.169716
-0.466	0.170454
-0.465	0.171196
-0.464	0.171941
-0.463	0.172689
-0.462	0.17344
-0.461	0.174195
-0.46	0.174953
-0.459	0.175714
-0.458	0.176479
-0.457	0.177246
-0.456	0.178018
-0.455	0.178792
-0.454	0.17957
-0.453	0.180351
-0.452	0.181136
-0.451	0.181924
-0.45	0.182716
-0.449	0.183511
-0.448	0.18431
-0.447	0.185111
-0.446	0.185917
-0.445	0.186726
-0.444	0.187538
-0.443	0.188355
-0.442	0.189174
-0.441	0.189997
-0.44	0.190824
-0.439	0.191654
-0.438	0.192488
-0.437	0.193326
-0.436	0.194167
-0.435	0.195012
-0.434	0.19586
-0.433	0.196712
-0.432	0.197569
-0.431	0.198428
-0.43	0.199292
-0.429	0.200159
-0.428	0.20103
-0.427	0.201905
-0.426	0.202783
-0.425	0.203666
-0.424	0.204552
-0.423	0.205442
-0.422	0.206336
-0.421	0.207234
-0.42	0.208136
-0.419	0.209041
-0.418	0.209951
-0.417	0.210865
-0.416	0.211782
-0.415	0.212704
-0.414	0.213671
-0.413	0.214729
-0.412	0.215877
-0.411	0.217118
-0.41	0.21845
-0.409	0.219875
-0.408	0.221392
-0.407	0.223002
-0.406	0.224706
-0.405	0.226503
-0.404	0.228393
-0.403	0.230376
-0.402	0.232452
-0.401	0.234621
-0.4	0.236881
-0.399	0.239234
-0.398	0.241677
-0.397	0.244212
-0.396	0.246836
-0.395	0.249548
-0.394	0.252349
-0.393	0.255236
-0.392	0.258209
-0.391	0.261267
-0.39	0.264409
-0.389	0.267632
-0.388	0.270936
-0.387	0.27432
-0.386	0.277781
-0.385	0.281317
-0.384	0.284929
-0.383	0.288613
-0.382	0.292367
-0.381	0.29619
-0.38	0.30008
-0.379	0.304035
-0.378	0.308051
-0.377	0.312129
-0.376	0.316265
-0.375	0.320457
-0.374	0.324703
-0.373	0.329001
-0.372	0.333347
-0.371	0.33774
-0.37	0.342178
-0.369	0.346656
-0.368	0.351174
-0.367	0.355729
-0.366	0.360317
-0.365	0.364937
-0.364	0.369613
-0.363	0.374374
-0.362	0.379215
-0.361	0.384131
-0.36	0.38912
-0.359	0.394179
-0.358	0.399302
-0.357	0.404489
-0.356	0.409731
-0.355	0.415029
-0.354	0.420376
-0.353	0.42577
-0.352	0.431205
-0.351	0.436678
-0.35	0.442186
-0.349	0.447724
-0.348	0.453288
-0.347	0.458873
-0.346	0.464476
-0.345	0.470092
-0.344	0.47572
-0.343	0.48135
-0.342	0.486984
-0.341	0.492613
-0.34	0.498235
-0.339	0.503846
-0.338	0.509442
-0.337	0.515017
-0.336	0.52057
-0.335	0.526093
-0.334	0.531587
-0.333	0.537043
-0.332	0.54246
-0.331	0.547833
-0.33	0.553156
-0.329	0.55843
-0.328	0.563646
-0.327	0.568805
-0.326	0.573898
-0.325	0.578926
-0.324	0.583882
-0.323	0.588764
-0.322	0.593567
-0.321	0.598289
-0.32	0.602927
-0.319	0.607476
-0.318	0.611932
-0.317	0.616295
-0.316	0.620558
-0.315	0.624721
-0.314	0.628779
-0.313	0.632729
-0.312	0.63657
-0.311	0.640295
-0.31	0.643909
-0.309	0.647401
-0.308	0.650774
-0.307	0.654021
-0.306	0.657146
-0.305	0.66014
-0.304	0.663005
-0.303	0.665738
-0.302	0.668335
-0.301	0.670799
-0.3	0.673123
-0.299	0.675308
-0.298	0.677353
-0.297	0.679254
-0.296	0.681012
-0.295	0.682626
-0.294	0.684091
-0.293	0.685411
-0.292	0.686583
-0.291	0.687606
-0.29	0.688477
-0.289	0.689203
-0.288	0.689775
-0.287	0.690198
-0.286	0.690467
-0.285	0.690588
-0.284	0.690556
-0.283	0.690374
-0.282	0.690042
-0.281	0.689557
-0.28	0.688925
-0.279	0.688141
-0.278	0.68721
-0.277	0.68613
-0.276	0.684905
-0.275	0.683532
-0.274	0.682016
-0.273	0.680355
-0.272	0.678553
-0.271	0.676609
-0.27	0.674527
-0.269	0.672306
-0.268	0.669951
-0.267	0.667462
-0.266	0.664841
-0.265	0.66209
-0.264	0.659211
-0.263	0.656209
-0.262	0.65308
-0.261	0.649837
-0.26	0.646469
-0.259	0.642991
-0.258	0.639398
-0.257	0.635696
-0.256	0.631886
-0.255	0.627974
-0.254	0.623962
-0.253	0.619849
-0.252	0.615646
-0.251	0.611347
-0.25	0.606964
-0.249	0.602496
-0.248	0.597946
-0.247	0.59332
-0.246	0.588619
-0.245	0.58385
-0.244	0.579014
-0.243	0.574112
-0.242	0.569157
-0.241	0.564142
-0.24	0.55908
-0.239	0.553968
-0.238	0.548814
-0.237	0.54362
-0.236	0.538393
-0.235	0.533133
-0.234	0.527846
-0.233	0.522539
-0.232	0.517209
-0.231	0.511867
-0.23	0.506514
-0.229	0.501155
-0.228	0.495793
-0.227	0.490434
-0.226	0.48508
-0.225	0.479738
-0.224	0.474409
-0.223	0.469098
-0.222	0.463811
-0.221	0.458551
-0.22	0.45332
-0.219	0.448127
-0.218	0.44297
-0.217	0.437857
-0.216	0.432792
-0.215	0.427776
-0.214	0.422817
-0.213	0.417914
-0.212	0.413076
-0.211	0.408302
-0.21	0.403599
-0.209	0.398969
-0.208	0.394416
-0.207	0.389945
-0.206	0.385557
-0.205	0.381257
-0.204	0.377049
-0.203	0.372933
-0.202	0.368917
-0.201	0.365
-0.2	0.361186
-0.199	0.35748
-0.198	0.353883
-0.197	0.350398
-0.196	0.34703
-0.195	0.343778
-0.194	0.340646
-0.193	0.337639
-0.192	0.334754
-0.191	0.332
-0.19	0.329373
-0.189	0.326879
-0.188	0.324518
-0.187	0.322294
-0.186	0.320206
-0.185	0.318258
-0.184	0.316451
-0.183	0.314784
-0.182	0.313263
-0.181	0.311885
-0.18	0.310653
-0.179	0.30957
-0.178	0.308633
-0.177	0.307845
-0.176	0.307207
-0.175	0.306719
-0.174	0.306381
-0.173	0.306194
-0.172	0.306158
-0.171	0.306273
-0.17	0.30654
-0.169	0.306957
-0.168	0.307526
-0.167	0.308245
-0.166	0.309114
-0.165	0.310133
-0.164	0.311301
-0.163	0.312617
-0.162	0.314081
-0.161	0.31569
-0.16	0.317445
-0.159	0.319344
-0.158	0.321385
-0.157	0.323567
-0.156	0.325889
-0.155	0.32835
-0.154	0.330947
-0.153	0.333678
-0.152	0.33654
-0.151	0.339535
-0.15	0.342657
-0.149	0.345905
-0.148	0.349276
-0.147	0.352769
-0.146	0.35638
-0.145	0.360108
-0.144	0.363949
-0.143	0.3679
-0.142	0.371959
-0.141	0.376122
-0.14	0.380387
-0.139	0.384752
-0.138	0.38921
-0.137	0.393761
-0.136	0.398402
-0.135	0.403127
-0.134	0.407934
-0.133	0.41282
-0.132	0.41778
-0.131	0.422811
-0.13	0.42791
-0.129	0.433073
-0.128	0.438296
-0.127	0.443574
-0.126	0.448906
-0.125	0.454284
-0.124	0.459708
-0.123	0.465171
-0.122	0.470671
-0.121	0.476203
-0.12	0.481764
-0.119	0.487348
-0.118	0.492951
-0.117	0.498572
-0.116	0.504203
-0.115	0.509844
-0.114	0.515486
-0.113	0.521129
-0.112	0.526766
-0.111	0.532394
-0.11	0.538009
-0.109	0.543607
-0.108	0.549183
-0.107	0.554734
-0.106	0.560254
-0.105	0.565742
-0.104	0.571191
-0.103	0.576599
-0.102	0.58196
-0.101	0.587272
-0.1	0.592531
