-4	4.73167e-008
-3.999	4.74991e-008
-3.998	4.81217e-008
-3.997	4.88293e-008
-3.996	4.78894e-008
-3.995	4.70171e-008
-3.994	4.77478e-008
-3.993	4.79623e-008
-3.992	4.79736e-008
-3.991	4.82171e-008
-3.99	4.80201e-008
-3.989	4.83257e-008
-3.988	4.83617e-008
-3.987	4.73112e-008
-3.986	4.66256e-008
-3.985	4.67943e-008
-3.984	4.79101e-008
-3.983	4.79436e-008
-3.982	4.70628e-008
-3.981	4.67408e-008
-3.98	4.69135e-008
-3.979	4.70797e-008
-3.978	4.69004e-008
-3.977	4.7023e-008
-3.976	4.75442e-008
-3.975	4.74917e-008
-3.974	4.72001e-008
-3.973	4.6917e-008
-3.972	4.66027e-008
-3.971	4.59975e-008
-3.97	4.62093e-008
-3.969	4.63923e-008
-3.968	4.56517e-008
-3.967	4.63854e-008
-3.966	4.66405e-008
-3.965	4.60421e-008
-3.964	4.56598e-008
-3.963	4.51663e-008
-3.962	4.56083e-008
-3.961	4.56757e-008
-3.96	4.46049e-008
-3.959	4.44837e-008
-3.958	4.54762e-008
-3.957	4.54898e-008
-3.956	4.50223e-008
-3.955	4.44529e-008
-3.954	4.43694e-008
-3.953	4.45183e-008
-3.952	4.42798e-008
-3.951	4.45677e-008
-3.95	4.35383e-008
-3.949	4.34387e-008
-3.948	4.41331e-008
-3.947	4.34626e-008
-3.946	4.29155e-008
-3.945	4.27606e-008
-3.944	4.33309e-008
-3.943	4.31022e-008
-3.942	4.26124e-008
-3.941	4.223e-008
-3.94	4.20857e-008
-3.939	4.27688e-008
-3.938	4.21464e-008
-3.937	4.15634e-008
-3.936	4.17588e-008
-3.935	4.18802e-008
-3.934	4.1721e-008
-3.933	4.12432e-008
-3.932	4.12113e-008
-3.931	4.05075e-008
-3.93	4.04002e-008
-3.929	4.08587e-008
-3.928	4.00807e-008
-3.927	3.98848e-008
-3.926	4.00868e-008
-3.925	3.96459e-008
-3.924	3.87101e-008
-3.923	3.9063e-008
-3.922	3.96032e-008
-3.921	3.86864e-008
-3.92	3.90593e-008
-3.919	3.86855e-008
-3.918	3.80845e-008
-3.917	3.84036e-008
-3.916	3.78765e-008
-3.915	3.72975e-008
-3.914	3.70614e-008
-3.913	3.76486e-008
-3.912	3.74175e-008
-3.911	3.69119e-008
-3.91	3.67087e-008
-3.909	3.58675e-008
-3.908	3.57981e-008
-3.907	3.62516e-008
-3.906	3.5727e-008
-3.905	3.53934e-008
-3.904	3.57333e-008
-3.903	3.51981e-008
-3.902	3.49748e-008
-3.901	3.48246e-008
-3.9	3.44077e-008
-3.899	3.40919e-008
-3.898	3.41062e-008
-3.897	3.42111e-008
-3.896	3.34242e-008
-3.895	3.35996e-008
-3.894	3.36142e-008
-3.893	3.30156e-008
-3.892	3.28315e-008
-3.891	3.25677e-008
-3.89	3.28598e-008
-3.889	3.24154e-008
-3.888	3.2183e-008
-3.887	3.18932e-008
-3.886	3.12542e-008
-3.885	3.10394e-008
-3.884	3.08966e-008
-3.883	3.07144e-008
-3.882	3.11715e-008
-3.881	3.07763e-008
-3.88	3.06191e-008
-3.879	3.08738e-008
-3.878	3.00902e-008
-3.877	2.96788e-008
-3.876	2.96489e-008
-3.875	3.00284e-008
-3.874	2.89859e-008
-3.873	2.90248e-008
-3.872	2.92748e-008
-3.871	2.87481e-008
-3.87	2.86023e-008
-3.869	2.80202e-008
-3.868	2.81233e-008
-3.867	2.86358e-008
-3.866	2.82398e-008
-3.865	2.75589e-008
-3.864	2.73168e-008
-3.863	2.72949e-008
-3.862	2.71515e-008
-3.861	2.7115e-008
-3.86	2.65128e-008
-3.859	2.64097e-008
-3.858	2.70938e-008
-3.857	2.64237e-008
-3.856	2.586e-008
-3.855	2.57448e-008
-3.854	2.60272e-008
-3.853	2.56285e-008
-3.852	2.55236e-008
-3.851	2.55548e-008
-3.85	2.48885e-008
-3.849	2.52463e-008
-3.848	2.48366e-008
-3.847	2.45457e-008
-3.846	2.45325e-008
-3.845	2.44314e-008
-3.844	2.46275e-008
-3.843	2.45838e-008
-3.842	2.45012e-008
-3.841	2.40081e-008
-3.84	2.40111e-008
-3.839	2.37565e-008
-3.838	2.32121e-008
-3.837	2.35132e-008
-3.836	2.31296e-008
-3.835	2.31189e-008
-3.834	2.33165e-008
-3.833	2.3727e-008
-3.832	2.38181e-008
-3.831	2.28707e-008
-3.83	2.31905e-008
-3.829	2.30789e-008
-3.828	2.25609e-008
-3.827	2.2535e-008
-3.826	2.22958e-008
-3.825	2.21763e-008
-3.824	2.22501e-008
-3.823	2.22365e-008
-3.822	2.25552e-008
-3.821	2.25844e-008
-3.82	2.2367e-008
-3.819	2.2287e-008
-3.818	2.24222e-008
-3.817	2.17256e-008
-3.816	2.1793e-008
-3.815	2.17038e-008
-3.814	2.11923e-008
-3.813	2.17433e-008
-3.812	2.13979e-008
-3.811	2.17243e-008
-3.81	2.14244e-008
-3.809	2.17662e-008
-3.808	2.24068e-008
-3.807	2.16591e-008
-3.806	2.16956e-008
-3.805	2.14905e-008
-3.804	2.14319e-008
-3.803	2.15952e-008
-3.802	2.11542e-008
-3.801	2.13133e-008
-3.8	2.18245e-008
-3.799	2.13847e-008
-3.798	2.1191e-008
-3.797	2.21587e-008
-3.796	2.17281e-008
-3.795	2.15106e-008
-3.794	2.23905e-008
-3.793	2.15535e-008
-3.792	2.15296e-008
-3.791	2.20115e-008
-3.79	2.16259e-008
-3.789	2.14163e-008
-3.788	2.16066e-008
-3.787	2.21063e-008
-3.786	2.19678e-008
-3.785	2.19654e-008
-3.784	2.21398e-008
-3.783	2.20851e-008
-3.782	2.21526e-008
-3.781	2.23561e-008
-3.78	2.234e-008
-3.779	2.24838e-008
-3.778	2.28324e-008
-3.777	2.24063e-008
-3.776	2.24641e-008
-3.775	2.2499e-008
-3.774	2.21786e-008
-3.773	2.26611e-008
-3.772	2.27548e-008
-3.771	2.28649e-008
-3.77	2.37329e-008
-3.769	2.39457e-008
-3.768	2.34185e-008
-3.767	2.3447e-008
-3.766	2.34604e-008
-3.765	2.37197e-008
-3.764	2.39202e-008
-3.763	2.36891e-008
-3.762	2.42348e-008
-3.761	2.45174e-008
-3.76	2.42214e-008
-3.759	2.48603e-008
-3.758	2.46488e-008
-3.757	2.42024e-008
-3.756	2.52031e-008
-3.755	2.51393e-008
-3.754	2.54805e-008
-3.753	2.51305e-008
-3.752	2.5113e-008
-3.751	2.60464e-008
-3.75	2.53096e-008
-3.749	2.58068e-008
-3.748	2.64731e-008
-3.747	2.63412e-008
-3.746	2.65447e-008
-3.745	2.64701e-008
-3.744	2.61216e-008
-3.743	2.65397e-008
-3.742	2.70784e-008
-3.741	2.70203e-008
-3.74	2.77176e-008
-3.739	2.73557e-008
-3.738	2.80163e-008
-3.737	2.90145e-008
-3.736	2.78154e-008
-3.735	2.80151e-008
-3.734	2.87455e-008
-3.733	2.83484e-008
-3.732	2.82831e-008
-3.731	2.88767e-008
-3.73	2.91356e-008
-3.729	2.96364e-008
-3.728	2.95362e-008
-3.727	2.97598e-008
-3.726	2.99259e-008
-3.725	3.01878e-008
-3.724	3.10942e-008
-3.723	3.03011e-008
-3.722	2.97779e-008
-3.721	3.08341e-008
-3.72	3.14072e-008
-3.719	3.18479e-008
-3.718	3.16873e-008
-3.717	3.09456e-008
-3.716	3.24406e-008
-3.715	3.28527e-008
-3.714	3.18461e-008
-3.713	3.24081e-008
-3.712	3.28029e-008
-3.711	3.26329e-008
-3.71	3.33122e-008
-3.709	3.37995e-008
-3.708	3.34269e-008
-3.707	3.41487e-008
-3.706	3.45167e-008
-3.705	3.41742e-008
-3.704	3.41513e-008
-3.703	3.43696e-008
-3.702	3.54515e-008
-3.701	3.50192e-008
-3.7	3.49408e-008
-3.699	3.58672e-008
-3.698	3.56855e-008
-3.697	3.65989e-008
-3.696	3.64628e-008
-3.695	3.60191e-008
-3.694	3.68498e-008
-3.693	3.69923e-008
-3.692	3.70191e-008
-3.691	3.69213e-008
-3.69	3.69858e-008
-3.689	3.74845e-008
-3.688	3.83345e-008
-3.687	3.83028e-008
-3.686	3.8244e-008
-3.685	3.86058e-008
-3.684	3.87503e-008
-3.683	3.89183e-008
-3.682	3.81231e-008
-3.681	3.90886e-008
-3.68	4.0163e-008
-3.679	3.98295e-008
-3.678	4.033e-008
-3.677	3.98896e-008
-3.676	3.96007e-008
-3.675	4.11149e-008
-3.674	4.05676e-008
-3.673	4.01036e-008
-3.672	4.12294e-008
-3.671	4.13649e-008
-3.67	4.20119e-008
-3.669	4.1828e-008
-3.668	4.05074e-008
-3.667	4.19047e-008
-3.666	4.3072e-008
-3.665	4.23693e-008
-3.664	4.2662e-008
-3.663	4.22524e-008
-3.662	4.25722e-008
-3.661	4.33161e-008
-3.66	4.31918e-008
-3.659	4.31428e-008
-3.658	4.35592e-008
-3.657	4.43234e-008
-3.656	4.46991e-008
-3.655	4.34631e-008
-3.654	4.38792e-008
-3.653	4.48966e-008
-3.652	4.39822e-008
-3.651	4.39525e-008
-3.65	4.48736e-008
-3.649	4.47435e-008
-3.648	4.55998e-008
-3.647	4.61813e-008
-3.646	4.52496e-008
-3.645	4.50895e-008
-3.644	4.48305e-008
-3.643	4.55189e-008
-3.642	4.64094e-008
-3.641	4.66079e-008
-3.64	4.66234e-008
-3.639	4.67656e-008
-3.638	4.66437e-008
-3.637	4.61186e-008
-3.636	4.59e-008
-3.635	4.68878e-008
-3.634	4.74199e-008
-3.633	4.63197e-008
-3.632	4.70799e-008
-3.631	4.81255e-008
-3.63	4.68035e-008
-3.629	4.72178e-008
-3.628	4.72464e-008
-3.627	4.68006e-008
-3.626	4.83095e-008
-3.625	4.87316e-008
-3.624	4.77285e-008
-3.623	4.73082e-008
-3.622	4.73328e-008
-3.621	4.80685e-008
-3.62	4.81682e-008
-3.619	4.74442e-008
-3.618	4.81013e-008
-3.617	4.84567e-008
-3.616	4.88243e-008
-3.615	4.85049e-008
-3.614	4.75378e-008
-3.613	4.76855e-008
-3.612	4.82278e-008
-3.611	4.84109e-008
-3.61	4.89397e-008
-3.609	4.89937e-008
-3.608	4.86964e-008
-3.607	4.94115e-008
-3.606	4.86816e-008
-3.605	4.78219e-008
-3.604	4.85476e-008
-3.603	4.89479e-008
-3.602	4.88979e-008
-3.601	4.86073e-008
-3.6	4.82018e-008
-3.599	4.87883e-008
-3.598	4.89731e-008
-3.597	4.86898e-008
-3.596	4.89801e-008
-3.595	4.82486e-008
-3.594	4.91164e-008
-3.593	4.94747e-008
-3.592	4.82865e-008
-3.591	4.84289e-008
-3.59	4.7897e-008
-3.589	4.78171e-008
-3.588	4.79012e-008
-3.587	4.78672e-008
-3.586	4.81631e-008
-3.585	4.86192e-008
-3.584	4.85336e-008
-3.583	4.75325e-008
-3.582	4.81585e-008
-3.581	4.83879e-008
-3.58	4.80367e-008
-3.579	4.79606e-008
-3.578	4.76787e-008
-3.577	4.7743e-008
-3.576	4.76095e-008
-3.575	4.7481e-008
-3.574	4.70413e-008
-3.573	4.65965e-008
-3.572	4.72627e-008
-3.571	4.78854e-008
-3.57	4.76247e-008
-3.569	4.7464e-008
-3.568	4.66495e-008
-3.567	4.68077e-008
-3.566	4.68433e-008
-3.565	4.60791e-008
-3.564	4.64844e-008
-3.563	4.65186e-008
-3.562	4.58768e-008
-3.561	4.57704e-008
-3.56	4.62248e-008
-3.559	4.58479e-008
-3.558	4.55723e-008
-3.557	4.63476e-008
-3.556	4.61006e-008
-3.555	4.51618e-008
-3.554	4.49625e-008
-3.553	4.46139e-008
-3.552	4.4123e-008
-3.551	4.48636e-008
-3.55	4.49623e-008
-3.549	4.45852e-008
-3.548	4.50467e-008
-3.547	4.46747e-008
-3.546	4.36386e-008
-3.545	4.37382e-008
-3.544	4.34698e-008
-3.543	4.28578e-008
-3.542	4.34007e-008
-3.541	4.32681e-008
-3.54	4.2724e-008
-3.539	4.26454e-008
-3.538	4.26274e-008
-3.537	4.2415e-008
-3.536	4.23861e-008
-3.535	4.26751e-008
-3.534	4.23535e-008
-3.533	4.11855e-008
-3.532	4.20508e-008
-3.531	4.23773e-008
-3.53	4.12514e-008
-3.529	4.1182e-008
-3.528	4.05799e-008
-3.527	4.00519e-008
-3.526	4.04331e-008
-3.525	4.0892e-008
-3.524	3.96976e-008
-3.523	3.90985e-008
-3.522	3.95825e-008
-3.521	3.96712e-008
-3.52	3.99425e-008
-3.519	3.90911e-008
-3.518	3.85334e-008
-3.517	3.90088e-008
-3.516	3.90023e-008
-3.515	3.78547e-008
-3.514	3.72923e-008
-3.513	3.79363e-008
-3.512	3.78648e-008
-3.511	3.76104e-008
-3.51	3.73399e-008
-3.509	3.72217e-008
-3.508	3.72174e-008
-3.507	3.71365e-008
-3.506	3.67967e-008
-3.505	3.59216e-008
-3.504	3.55967e-008
-3.503	3.56273e-008
-3.502	3.51653e-008
-3.501	3.47237e-008
-3.5	3.51542e-008
-3.499	3.52122e-008
-3.498	3.49449e-008
-3.497	3.45535e-008
-3.496	3.41644e-008
-3.495	3.43947e-008
-3.494	3.43712e-008
-3.493	3.35419e-008
-3.492	3.36355e-008
-3.491	3.34845e-008
-3.49	3.29424e-008
-3.489	3.28353e-008
-3.488	3.24403e-008
-3.487	3.2481e-008
-3.486	3.19622e-008
-3.485	3.23638e-008
-3.484	3.19608e-008
-3.483	3.13249e-008
-3.482	3.15102e-008
-3.481	3.1238e-008
-3.48	3.1266e-008
-3.479	3.09935e-008
-3.478	3.05928e-008
-3.477	3.06576e-008
-3.476	3.06016e-008
-3.475	3.02332e-008
-3.474	2.9718e-008
-3.473	2.97123e-008
-3.472	2.95786e-008
-3.471	2.92632e-008
-3.47	2.96142e-008
-3.469	2.91053e-008
-3.468	2.87657e-008
-3.467	2.85984e-008
-3.466	2.84677e-008
-3.465	2.81262e-008
-3.464	2.76843e-008
-3.463	2.81975e-008
-3.462	2.82692e-008
-3.461	2.78258e-008
-3.46	2.75413e-008
-3.459	2.73865e-008
-3.458	2.73597e-008
-3.457	2.69189e-008
-3.456	2.66121e-008
-3.455	2.66867e-008
-3.454	2.70158e-008
-3.453	2.64304e-008
-3.452	2.60536e-008
-3.451	2.5884e-008
-3.45	2.54314e-008
-3.449	2.58574e-008
-3.448	2.57272e-008
-3.447	2.54732e-008
-3.446	2.53622e-008
-3.445	2.56227e-008
-3.444	2.50143e-008
-3.443	2.44502e-008
-3.442	2.44965e-008
-3.441	2.4509e-008
-3.44	2.49503e-008
-3.439	2.44517e-008
-3.438	2.42457e-008
-3.437	2.4652e-008
-3.436	2.44653e-008
-3.435	2.3973e-008
-3.434	2.39966e-008
-3.433	2.40087e-008
-3.432	2.38873e-008
-3.431	2.37329e-008
-3.43	2.34474e-008
-3.429	2.30907e-008
-3.428	2.28512e-008
-3.427	2.30697e-008
-3.426	2.32539e-008
-3.425	2.34763e-008
-3.424	2.32085e-008
-3.423	2.33575e-008
-3.422	2.31529e-008
-3.421	2.30564e-008
-3.42	2.27244e-008
-3.419	2.23851e-008
-3.418	2.30359e-008
-3.417	2.23231e-008
-3.416	2.27512e-008
-3.415	2.29697e-008
-3.414	2.24131e-008
-3.413	2.24181e-008
-3.412	2.23839e-008
-3.411	2.27897e-008
-3.41	2.25423e-008
-3.409	2.23394e-008
-3.408	2.25877e-008
-3.407	2.27416e-008
-3.406	2.24833e-008
-3.405	2.23304e-008
-3.404	2.24047e-008
-3.403	2.20313e-008
-3.402	2.23691e-008
-3.401	2.23686e-008
-3.4	2.23046e-008
-3.399	2.26307e-008
-3.398	2.20671e-008
-3.397	2.2975e-008
-3.396	2.27445e-008
-3.395	2.18922e-008
-3.394	2.27964e-008
-3.393	2.25273e-008
-3.392	2.18364e-008
-3.391	2.21281e-008
-3.39	2.26289e-008
-3.389	2.22688e-008
-3.388	2.25678e-008
-3.387	2.28772e-008
-3.386	2.2878e-008
-3.385	2.329e-008
-3.384	2.30485e-008
-3.383	2.30558e-008
-3.382	2.27384e-008
-3.381	2.24474e-008
-3.38	2.27574e-008
-3.379	2.29239e-008
-3.378	2.36661e-008
-3.377	2.3412e-008
-3.376	2.35301e-008
-3.375	2.44143e-008
-3.374	2.37941e-008
-3.373	2.37013e-008
-3.372	2.4013e-008
-3.371	2.32893e-008
-3.37	2.36038e-008
-3.369	2.45601e-008
-3.368	2.41399e-008
-3.367	2.439e-008
-3.366	2.53005e-008
-3.365	2.46481e-008
-3.364	2.44581e-008
-3.363	2.47061e-008
-3.362	2.46981e-008
-3.361	2.53964e-008
-3.36	2.48541e-008
-3.359	2.55167e-008
-3.358	2.57192e-008
-3.357	2.5288e-008
-3.356	2.56696e-008
-3.355	2.53715e-008
-3.354	2.58518e-008
-3.353	2.6218e-008
-3.352	2.69066e-008
-3.351	2.6819e-008
-3.35	2.64367e-008
-3.349	2.65388e-008
-3.348	2.67376e-008
-3.347	2.69192e-008
-3.346	2.66227e-008
-3.345	2.74519e-008
-3.344	2.78278e-008
-3.343	2.79534e-008
-3.342	2.83814e-008
-3.341	2.74285e-008
-3.34	2.79755e-008
-3.339	2.85903e-008
-3.338	2.83286e-008
-3.337	2.91502e-008
-3.336	2.89731e-008
-3.335	2.9381e-008
-3.334	3.06184e-008
-3.333	2.94781e-008
-3.332	2.85294e-008
-3.331	2.93354e-008
-3.33	2.98978e-008
-3.329	3.034e-008
-3.328	3.09432e-008
-3.327	3.09152e-008
-3.326	3.11507e-008
-3.325	3.07627e-008
-3.324	3.08996e-008
-3.323	3.1903e-008
-3.322	3.13927e-008
-3.321	3.22243e-008
-3.32	3.24941e-008
-3.319	3.18034e-008
-3.318	3.21351e-008
-3.317	3.22342e-008
-3.316	3.25128e-008
-3.315	3.34274e-008
-3.314	3.28319e-008
-3.313	3.34258e-008
-3.312	3.51982e-008
-3.311	3.40816e-008
-3.31	3.37082e-008
-3.309	3.41142e-008
-3.308	3.4076e-008
-3.307	3.48515e-008
-3.306	3.51978e-008
-3.305	3.51209e-008
-3.304	3.55043e-008
-3.303	3.61173e-008
-3.302	3.64433e-008
-3.301	3.57553e-008
-3.3	3.59384e-008
-3.299	3.67667e-008
-3.298	3.67157e-008
-3.297	3.67377e-008
-3.296	3.69023e-008
-3.295	3.74593e-008
-3.294	3.79019e-008
-3.293	3.79919e-008
-3.292	3.7597e-008
-3.291	3.83752e-008
-3.29	3.89735e-008
-3.289	3.82967e-008
-3.288	3.87739e-008
-3.287	3.84879e-008
-3.286	3.80611e-008
-3.285	3.95857e-008
-3.284	4.03483e-008
-3.283	3.98828e-008
-3.282	4.01451e-008
-3.281	4.06193e-008
-3.28	4.05113e-008
-3.279	4.03439e-008
-3.278	4.04177e-008
-3.277	4.06877e-008
-3.276	4.12246e-008
-3.275	4.15561e-008
-3.274	4.20202e-008
-3.273	4.17831e-008
-3.272	4.19259e-008
-3.271	4.24203e-008
-3.27	4.1889e-008
-3.269	4.24546e-008
-3.268	4.25896e-008
-3.267	4.26675e-008
-3.266	4.37674e-008
-3.265	4.29688e-008
-3.264	4.28024e-008
-3.263	4.39815e-008
-3.262	4.41134e-008
-3.261	4.37632e-008
-3.26	4.38217e-008
-3.259	4.42169e-008
-3.258	4.4468e-008
-3.257	4.41334e-008
-3.256	4.46134e-008
-3.255	4.46969e-008
-3.254	4.46336e-008
-3.253	4.60834e-008
-3.252	4.60095e-008
-3.251	4.53245e-008
-3.25	4.61265e-008
-3.249	4.58778e-008
-3.248	4.53165e-008
-3.247	4.61266e-008
-3.246	4.58834e-008
-3.245	4.68407e-008
-3.244	4.78009e-008
-3.243	4.6862e-008
-3.242	4.62215e-008
-3.241	4.66614e-008
-3.24	4.71207e-008
-3.239	4.69977e-008
-3.238	4.68184e-008
-3.237	4.70199e-008
-3.236	4.77856e-008
-3.235	4.79826e-008
-3.234	4.85344e-008
-3.233	4.78331e-008
-3.232	4.71369e-008
-3.231	4.82295e-008
-3.23	4.81902e-008
-3.229	4.80738e-008
-3.228	4.86369e-008
-3.227	4.80439e-008
-3.226	4.7932e-008
-3.225	4.8971e-008
-3.224	4.88105e-008
-3.223	4.85181e-008
-3.222	4.91623e-008
-3.221	4.87959e-008
-3.22	4.81663e-008
-3.219	4.86395e-008
-3.218	4.8596e-008
-3.217	4.86836e-008
-3.216	4.88258e-008
-3.215	4.9015e-008
-3.214	4.98287e-008
-3.213	4.99753e-008
-3.212	5.004e-008
-3.211	4.92799e-008
-3.21	4.85187e-008
-3.209	4.87799e-008
-3.208	4.85258e-008
-3.207	4.91626e-008
-3.206	4.98502e-008
-3.205	4.94088e-008
-3.204	4.99818e-008
-3.203	4.94965e-008
-3.202	4.86693e-008
-3.201	4.94353e-008
-3.2	4.94964e-008
-3.199	4.95524e-008
-3.198	4.98017e-008
-3.197	4.93015e-008
-3.196	4.90012e-008
-3.195	4.89687e-008
-3.194	4.89246e-008
-3.193	4.93329e-008
-3.192	4.94902e-008
-3.191	4.9035e-008
-3.19	4.99208e-008
-3.189	4.95266e-008
-3.188	4.85391e-008
-3.187	4.86492e-008
-3.186	4.85853e-008
-3.185	4.98625e-008
-3.184	4.96015e-008
-3.183	4.87559e-008
-3.182	4.90895e-008
-3.181	4.84946e-008
-3.18	4.81727e-008
-3.179	4.88699e-008
-3.178	4.84496e-008
-3.177	4.77642e-008
-3.176	4.84154e-008
-3.175	4.92309e-008
-3.174	4.85422e-008
-3.173	4.77006e-008
-3.172	4.8263e-008
-3.171	4.78185e-008
-3.17	4.73237e-008
-3.169	4.78838e-008
-3.168	4.8145e-008
-3.167	4.76941e-008
-3.166	4.76095e-008
-3.165	4.74078e-008
-3.164	4.62713e-008
-3.163	4.68301e-008
-3.162	4.70418e-008
-3.161	4.66454e-008
-3.16	4.68315e-008
-3.159	4.65771e-008
-3.158	4.65411e-008
-3.157	4.65005e-008
-3.156	4.57016e-008
-3.155	4.52921e-008
-3.154	4.61082e-008
-3.153	4.61113e-008
-3.152	4.52075e-008
-3.151	4.4913e-008
-3.15	4.59802e-008
-3.149	4.57046e-008
-3.148	4.43075e-008
-3.147	4.4811e-008
-3.146	4.49009e-008
-3.145	4.45982e-008
-3.144	4.50997e-008
-3.143	4.43015e-008
-3.142	4.32041e-008
-3.141	4.3439e-008
-3.14	4.39577e-008
-3.139	4.37955e-008
-3.138	4.34794e-008
-3.137	4.32673e-008
-3.136	4.35159e-008
-3.135	4.37248e-008
-3.134	4.26606e-008
-3.133	4.15975e-008
-3.132	4.20045e-008
-3.131	4.20253e-008
-3.13	4.17825e-008
-3.129	4.14628e-008
-3.128	4.17505e-008
-3.127	4.11311e-008
-3.126	4.03221e-008
-3.125	4.134e-008
-3.124	4.09748e-008
-3.123	4.05138e-008
-3.122	4.07329e-008
-3.121	4.01757e-008
-3.12	3.92701e-008
-3.119	3.91039e-008
-3.118	3.90653e-008
-3.117	3.93174e-008
-3.116	3.94127e-008
-3.115	3.88709e-008
-3.114	3.92781e-008
-3.113	3.90176e-008
-3.112	3.83919e-008
-3.111	3.77296e-008
-3.11	3.74617e-008
-3.109	3.80585e-008
-3.108	3.78529e-008
-3.107	3.7373e-008
-3.106	3.69722e-008
-3.105	3.63974e-008
-3.104	3.64924e-008
-3.103	3.65013e-008
-3.102	3.58914e-008
-3.101	3.5959e-008
-3.1	3.63107e-008
-3.099	3.63028e-008
-3.098	3.50529e-008
-3.097	3.46295e-008
-3.096	3.47234e-008
-3.095	3.50956e-008
-3.094	3.51287e-008
-3.093	3.43882e-008
-3.092	3.4281e-008
-3.091	3.39881e-008
-3.09	3.36408e-008
-3.089	3.35673e-008
-3.088	3.33093e-008
-3.087	3.2706e-008
-3.086	3.27437e-008
-3.085	3.306e-008
-3.084	3.2164e-008
-3.083	3.15907e-008
-3.082	3.23551e-008
-3.081	3.17204e-008
-3.08	3.14212e-008
-3.079	3.16733e-008
-3.078	3.18344e-008
-3.077	3.1383e-008
-3.076	3.12262e-008
-3.075	3.11983e-008
-3.074	3.01744e-008
-3.073	3.08027e-008
-3.072	3.0382e-008
-3.071	2.9686e-008
-3.07	3.00173e-008
-3.069	2.96337e-008
-3.068	2.96406e-008
-3.067	2.92435e-008
-3.066	2.90506e-008
-3.065	2.88401e-008
-3.064	2.90879e-008
-3.063	2.9224e-008
-3.062	2.82187e-008
-3.061	2.8214e-008
-3.06	2.8254e-008
-3.059	2.78964e-008
-3.058	2.75261e-008
-3.057	2.74466e-008
-3.056	2.73873e-008
-3.055	2.73427e-008
-3.054	2.70917e-008
-3.053	2.71556e-008
-3.052	2.67942e-008
-3.051	2.68755e-008
-3.05	2.70649e-008
-3.049	2.6817e-008
-3.048	2.62739e-008
-3.047	2.60892e-008
-3.046	2.59566e-008
-3.045	2.62011e-008
-3.044	2.54926e-008
-3.043	2.55653e-008
-3.042	2.56808e-008
-3.041	2.51733e-008
-3.04	2.56136e-008
-3.039	2.60152e-008
-3.038	2.55016e-008
-3.037	2.58503e-008
-3.036	2.58832e-008
-3.035	2.70349e-008
-3.034	2.60426e-008
-3.033	2.7258e-008
-3.032	2.63871e-008
-3.031	2.75247e-008
-3.03	2.77281e-008
-3.029	2.83965e-008
-3.028	2.81321e-008
-3.027	2.94588e-008
-3.026	2.95758e-008
-3.025	3.08802e-008
-3.024	3.0669e-008
-3.023	3.2567e-008
-3.022	3.18072e-008
-3.021	3.38541e-008
-3.02	3.47652e-008
-3.019	3.63663e-008
-3.018	3.73525e-008
-3.017	3.78808e-008
-3.016	3.98451e-008
-3.015	3.96913e-008
-3.014	4.28301e-008
-3.013	4.19394e-008
-3.012	4.67823e-008
-3.011	4.73059e-008
-3.01	4.9553e-008
-3.009	5.10833e-008
-3.008	5.43261e-008
-3.007	5.49335e-008
-3.006	5.74832e-008
-3.005	6.0064e-008
-3.004	6.35286e-008
-3.003	6.5735e-008
-3.002	6.92318e-008
-3.001	7.28483e-008
-3	7.61906e-008
-2.999	7.85739e-008
-2.998	8.26581e-008
-2.997	8.5839e-008
-2.996	9.1235e-008
-2.995	9.51755e-008
-2.994	1.00859e-007
-2.993	1.04841e-007
-2.992	1.11095e-007
-2.991	1.15025e-007
-2.99	1.22151e-007
-2.989	1.27071e-007
-2.988	1.34612e-007
-2.987	1.39995e-007
-2.986	1.47176e-007
-2.985	1.56201e-007
-2.984	1.64433e-007
-2.983	1.71304e-007
-2.982	1.78799e-007
-2.981	1.90262e-007
-2.98	1.97422e-007
-2.979	2.09674e-007
-2.978	2.20679e-007
-2.977	2.3388e-007
-2.976	2.4179e-007
-2.975	2.60989e-007
-2.974	2.6795e-007
-2.973	2.84856e-007
-2.972	2.98325e-007
-2.971	3.1378e-007
-2.97	3.32433e-007
-2.969	3.45887e-007
-2.968	3.66515e-007
-2.967	3.82479e-007
-2.966	4.06401e-007
-2.965	4.26221e-007
-2.964	4.45777e-007
-2.963	4.70938e-007
-2.962	4.93186e-007
-2.961	5.24212e-007
-2.96	5.4803e-007
-2.959	5.80095e-007
-2.958	6.06751e-007
-2.957	6.39395e-007
-2.956	6.69459e-007
-2.955	7.04151e-007
-2.954	7.45896e-007
-2.953	7.78439e-007
-2.952	8.19818e-007
-2.951	8.67401e-007
-2.95	9.11629e-007
-2.949	9.53889e-007
-2.948	1.0053e-006
-2.947	1.06078e-006
-2.946	1.11261e-006
-2.945	1.16765e-006
-2.944	1.23192e-006
-2.943	1.2903e-006
-2.942	1.36763e-006
-2.941	1.4321e-006
-2.94	1.50874e-006
-2.939	1.58343e-006
-2.938	1.66192e-006
-2.937	1.74989e-006
-2.936	1.84219e-006
-2.935	1.93966e-006
-2.934	2.03888e-006
-2.933	2.14483e-006
-2.932	2.25436e-006
-2.931	2.36547e-006
-2.93	2.48739e-006
-2.929	2.61422e-006
-2.928	2.74191e-006
-2.927	2.89925e-006
-2.926	3.04253e-006
-2.925	3.20003e-006
-2.924	3.36012e-006
-2.923	3.53886e-006
-2.922	3.71093e-006
-2.921	3.90067e-006
-2.92	4.1048e-006
-2.919	4.31879e-006
-2.918	4.5525e-006
-2.917	4.77603e-006
-2.916	5.02443e-006
-2.915	5.27338e-006
-2.914	5.54368e-006
-2.913	5.83241e-006
-2.912	6.1378e-006
-2.911	6.44768e-006
-2.91	6.77286e-006
-2.909	7.1265e-006
-2.908	7.49642e-006
-2.907	7.86475e-006
-2.906	8.28291e-006
-2.905	8.69973e-006
-2.904	9.1361e-006
-2.903	9.62151e-006
-2.902	1.01209e-005
-2.901	1.06408e-005
-2.9	1.11692e-005
-2.899	1.17599e-005
-2.898	1.23488e-005
-2.897	1.29834e-005
-2.896	1.36372e-005
-2.895	1.43319e-005
-2.894	1.50723e-005
-2.893	1.58594e-005
-2.892	1.6669e-005
-2.891	1.75246e-005
-2.89	1.84052e-005
-2.889	1.93575e-005
-2.888	2.03496e-005
-2.887	2.13944e-005
-2.886	2.24871e-005
-2.885	2.36314e-005
-2.884	2.48532e-005
-2.883	2.61263e-005
-2.882	2.74781e-005
-2.881	2.88591e-005
-2.88	3.0322e-005
-2.879	3.18782e-005
-2.878	3.354e-005
-2.877	3.52279e-005
-2.876	3.70588e-005
-2.875	3.89461e-005
-2.874	4.09354e-005
-2.873	4.30149e-005
-2.872	4.52493e-005
-2.871	4.75228e-005
-2.87	4.99726e-005
-2.869	5.25209e-005
-2.868	5.52331e-005
-2.867	5.80388e-005
-2.866	6.10487e-005
-2.865	6.41535e-005
-2.864	6.74296e-005
-2.863	7.08628e-005
-2.862	7.44958e-005
-2.861	7.82595e-005
-2.86	8.23489e-005
-2.859	8.65588e-005
-2.858	9.09803e-005
-2.857	9.56117e-005
-2.856	0.000100467
-2.855	0.000105672
-2.854	0.000111048
-2.853	0.00011674
-2.852	0.000122718
-2.851	0.000129027
-2.85	0.000135575
-2.849	0.000142553
-2.848	0.00014985
-2.847	0.000157516
-2.846	0.00016552
-2.845	0.000174063
-2.844	0.000182909
-2.843	0.000192287
-2.842	0.00020207
-2.841	0.000212432
-2.84	0.00022332
-2.839	0.000234754
-2.838	0.000246778
-2.837	0.000259398
-2.836	0.000272647
-2.835	0.000286724
-2.834	0.000301362
-2.833	0.000316768
-2.832	0.00033292
-2.831	0.000349953
-2.83	0.000367816
-2.829	0.000386649
-2.828	0.00040649
-2.827	0.000427324
-2.826	0.000449113
-2.825	0.000472134
-2.824	0.000496312
-2.823	0.00052163
-2.822	0.000548255
-2.821	0.000576397
-2.82	0.000605926
-2.819	0.000636897
-2.818	0.000669536
-2.817	0.000703827
-2.816	0.000739776
-2.815	0.000777615
-2.814	0.000817461
-2.813	0.000859233
-2.812	0.000903182
-2.811	0.000949473
-2.81	0.000998076
-2.809	0.00104906
-2.808	0.00110275
-2.807	0.00115907
-2.806	0.00121852
-2.805	0.00128076
-2.804	0.0013464
-2.803	0.00141522
-2.802	0.00148771
-2.801	0.0015639
-2.8	0.00164395
-2.799	0.00172791
-2.798	0.00181625
-2.797	0.00190908
-2.796	0.00200707
-2.795	0.00210964
-2.794	0.00221765
-2.793	0.00233121
-2.792	0.00245043
-2.791	0.00257584
-2.79	0.00270754
-2.789	0.00284621
-2.788	0.00299162
-2.787	0.00314476
-2.786	0.00330596
-2.785	0.00347485
-2.784	0.00365285
-2.783	0.00383956
-2.782	0.00403601
-2.781	0.00424257
-2.78	0.0044598
-2.779	0.00468768
-2.778	0.00492778
-2.777	0.00518003
-2.776	0.00544527
-2.775	0.00572369
-2.774	0.00601656
-2.773	0.00632452
-2.772	0.0066478
-2.771	0.00698824
-2.77	0.00734579
-2.769	0.00772194
-2.768	0.00811671
-2.767	0.00853217
-2.766	0.00896832
-2.765	0.00942746
-2.764	0.00990981
-2.763	0.0104167
-2.762	0.0109503
-2.761	0.0115104
-2.76	0.0121
-2.759	0.0127185
-2.758	0.0133698
-2.757	0.0140537
-2.756	0.0147729
-2.755	0.015528
-2.754	0.0163234
-2.753	0.0171587
-2.752	0.0180361
-2.751	0.0189588
-2.75	0.0199299
-2.749	0.020949
-2.748	0.0220211
-2.747	0.0231483
-2.746	0.0243322
-2.745	0.0255779
-2.744	0.0268861
-2.743	0.0282635
-2.742	0.0297083
-2.741	0.0312288
-2.74	0.032826
-2.739	0.034506
-2.738	0.0362719
-2.737	0.0381279
-2.736	0.0400785
-2.735	0.0421295
-2.734	0.0442858
-2.733	0.0465522
-2.732	0.0489338
-2.731	0.0514378
-2.73	0.0540698
-2.729	0.0568357
-2.728	0.0597445
-2.727	0.062801
-2.726	0.0660152
-2.725	0.0693936
-2.724	0.0729431
-2.723	0.0766778
-2.722	0.0805996
-2.721	0.0847241
-2.72	0.0890589
-2.719	0.0936166
-2.718	0.0984066
-2.717	0.103442
-2.716	0.108736
-2.715	0.114299
-2.714	0.120148
-2.713	0.126101
-2.712	0.132155
-2.711	0.138299
-2.71	0.14453
-2.709	0.15084
-2.708	0.157222
-2.707	0.163672
-2.706	0.170178
-2.705	0.176737
-2.704	0.18334
-2.703	0.18998
-2.702	0.196654
-2.701	0.203348
-2.7	0.210059
-2.699	0.21678
-2.698	0.223501
-2.697	0.230218
-2.696	0.236923
-2.695	0.243609
-2.694	0.250267
-2.693	0.25689
-2.692	0.263473
-2.691	0.270009
-2.69	0.276491
-2.689	0.282909
-2.688	0.289259
-2.687	0.295531
-2.686	0.301724
-2.685	0.307826
-2.684	0.313835
-2.683	0.31974
-2.682	0.325539
-2.681	0.331221
-2.68	0.336783
-2.679	0.342219
-2.678	0.347524
-2.677	0.35269
-2.676	0.357713
-2.675	0.362587
-2.674	0.367307
-2.673	0.371868
-2.672	0.376266
-2.671	0.380495
-2.67	0.384548
-2.669	0.388427
-2.668	0.392125
-2.667	0.395635
-2.666	0.398955
-2.665	0.402084
-2.664	0.405017
-2.663	0.407749
-2.662	0.410282
-2.661	0.412607
-2.66	0.414725
-2.659	0.416633
-2.658	0.418331
-2.657	0.419815
-2.656	0.421082
-2.655	0.422136
-2.654	0.422969
-2.653	0.423583
-2.652	0.423979
-2.651	0.424156
-2.65	0.424114
-2.649	0.423851
-2.648	0.423368
-2.647	0.422668
-2.646	0.421746
-2.645	0.42061
-2.644	0.419258
-2.643	0.41769
-2.642	0.41591
-2.641	0.413919
-2.64	0.41172
-2.639	0.409311
-2.638	0.406702
-2.637	0.403891
-2.636	0.40088
-2.635	0.397675
-2.634	0.39428
-2.633	0.390694
-2.632	0.386927
-2.631	0.382978
-2.63	0.378855
-2.629	0.37456
-2.628	0.370096
-2.627	0.365474
-2.626	0.360692
-2.625	0.355759
-2.624	0.350679
-2.623	0.345458
-2.622	0.340103
-2.621	0.334617
-2.62	0.329004
-2.619	0.323274
-2.618	0.317435
-2.617	0.311489
-2.616	0.305443
-2.615	0.299303
-2.614	0.293079
-2.613	0.286773
-2.612	0.280397
-2.611	0.273953
-2.61	0.26745
-2.609	0.260895
-2.608	0.254294
-2.607	0.247655
-2.606	0.240987
-2.605	0.234292
-2.604	0.227582
-2.603	0.220861
-2.602	0.214139
-2.601	0.207421
-2.6	0.200714
-2.599	0.194028
-2.598	0.187368
-2.597	0.18074
-2.596	0.174154
-2.595	0.167615
-2.594	0.16113
-2.593	0.154706
-2.592	0.148351
-2.591	0.14207
-2.59	0.135872
-2.589	0.129763
-2.588	0.123747
-2.587	0.117834
-2.586	0.112028
-2.585	0.106336
-2.584	0.100764
-2.583	0.0953185
-2.582	0.0900042
-2.581	0.0848271
-2.58	0.0797931
-2.579	0.0749081
-2.578	0.0701758
-2.577	0.0656029
-2.576	0.0611935
-2.575	0.0569518
-2.574	0.052883
-2.573	0.0489915
-2.572	0.0452816
-2.571	0.0417569
-2.57	0.0384208
-2.569	0.0352775
-2.568	0.0323299
-2.567	0.0295822
-2.566	0.0270359
-2.565	0.0246946
-2.564	0.0225602
-2.563	0.020636
-2.562	0.0189229
-2.561	0.0174235
-2.56	0.0161393
-2.559	0.0150711
-2.558	0.0142207
-2.557	0.0135889
-2.556	0.0131764
-2.555	0.0129826
-2.554	0.0130094
-2.553	0.0132555
-2.552	0.0137216
-2.551	0.0144064
-2.55	0.0153098
-2.549	0.0164301
-2.548	0.0177666
-2.547	0.0193181
-2.546	0.0210825
-2.545	0.0230575
-2.544	0.0252418
-2.543	0.027633
-2.542	0.0302284
-2.541	0.0330254
-2.54	0.0360204
-2.539	0.0392102
-2.538	0.0425918
-2.537	0.0461621
-2.536	0.0499159
-2.535	0.0538508
-2.534	0.0579624
-2.533	0.0622444
-2.532	0.0666937
-2.531	0.0713054
-2.53	0.076075
-2.529	0.0809969
-2.528	0.0860661
-2.527	0.0912762
-2.526	0.096622
-2.525	0.102099
-2.524	0.1077
-2.523	0.113421
-2.522	0.119253
-2.521	0.125191
-2.52	0.13123
-2.519	0.137361
-2.518	0.14358
-2.517	0.149878
-2.516	0.156251
-2.515	0.162688
-2.514	0.169187
-2.513	0.175739
-2.512	0.182336
-2.511	0.188971
-2.51	0.195638
-2.509	0.20233
-2.508	0.209039
-2.507	0.215759
-2.506	0.222481
-2.505	0.229198
-2.504	0.235905
-2.503	0.242592
-2.502	0.249255
-2.501	0.255885
-2.5	0.262474
-2.499	0.269017
-2.498	0.275505
-2.497	0.281932
-2.496	0.288293
-2.495	0.294579
-2.494	0.300783
-2.493	0.306898
-2.492	0.312919
-2.491	0.31884
-2.49	0.324655
-2.489	0.330356
-2.488	0.335934
-2.487	0.34139
-2.486	0.346713
-2.485	0.351901
-2.484	0.356944
-2.483	0.361841
-2.482	0.366584
-2.481	0.371166
-2.48	0.375589
-2.479	0.379841
-2.478	0.383922
-2.477	0.387828
-2.476	0.391551
-2.475	0.395089
-2.474	0.398437
-2.473	0.401594
-2.472	0.404556
-2.471	0.407317
-2.47	0.40988
-2.469	0.412234
-2.468	0.414385
-2.467	0.416323
-2.466	0.418051
-2.465	0.419566
-2.464	0.420865
-2.463	0.421949
-2.462	0.422816
-2.461	0.423463
-2.46	0.423889
-2.459	0.4241
-2.458	0.424087
-2.457	0.423859
-2.456	0.423407
-2.455	0.42274
-2.454	0.421851
-2.453	0.420744
-2.452	0.419424
-2.451	0.417888
-2.45	0.416139
-2.449	0.41418
-2.448	0.412011
-2.447	0.409631
-2.446	0.407052
-2.445	0.40427
-2.444	0.401289
-2.443	0.398112
-2.442	0.394744
-2.441	0.391187
-2.44	0.387445
-2.439	0.383525
-2.438	0.379426
-2.437	0.375155
-2.436	0.370718
-2.435	0.366118
-2.434	0.36136
-2.433	0.356447
-2.432	0.351389
-2.431	0.346188
-2.43	0.340852
-2.429	0.335385
-2.428	0.329791
-2.427	0.32408
-2.426	0.318256
-2.425	0.312323
-2.424	0.306293
-2.423	0.300168
-2.422	0.293956
-2.421	0.287662
-2.42	0.281295
-2.419	0.27486
-2.418	0.268366
-2.417	0.26182
-2.416	0.255225
-2.415	0.248592
-2.414	0.241926
-2.413	0.235236
-2.412	0.228527
-2.411	0.221809
-2.41	0.215086
-2.409	0.208369
-2.408	0.20166
-2.407	0.19497
-2.406	0.188306
-2.405	0.181674
-2.404	0.175082
-2.403	0.168535
-2.402	0.162042
-2.401	0.155609
-2.4	0.149245
-2.399	0.142953
-2.398	0.136742
-2.397	0.13062
-2.396	0.124591
-2.395	0.118662
-2.394	0.112841
-2.393	0.107132
-2.392	0.101543
-2.391	0.0960778
-2.39	0.0907449
-2.389	0.0855477
-2.388	0.0804929
-2.387	0.0755857
-2.386	0.0708312
-2.385	0.0662348
-2.384	0.061802
-2.383	0.0575355
-2.382	0.0534416
-2.381	0.0495241
-2.38	0.0457875
-2.379	0.0422359
-2.378	0.0388718
-2.377	0.0357008
-2.376	0.0327247
-2.375	0.0299473
-2.374	0.0273722
-2.373	0.0250005
-2.372	0.0228361
-2.371	0.0208808
-2.37	0.0191372
-2.369	0.0176064
-2.368	0.0162906
-2.367	0.015191
-2.366	0.0143086
-2.365	0.0136446
-2.364	0.0131998
-2.363	0.0129747
-2.362	0.0129689
-2.361	0.0131833
-2.36	0.0136169
-2.359	0.0142697
-2.358	0.0151411
-2.357	0.0162293
-2.356	0.0175344
-2.355	0.0190545
-2.354	0.0207869
-2.353	0.0227318
-2.352	0.0248856
-2.351	0.0272464
-2.35	0.0298114
-2.349	0.0325786
-2.348	0.0355443
-2.347	0.0387061
-2.346	0.0420598
-2.345	0.0456023
-2.344	0.0493289
-2.343	0.053237
-2.342	0.0573218
-2.341	0.0615794
-2.34	0.0660048
-2.339	0.0705926
-2.338	0.0753376
-2.337	0.0802369
-2.336	0.085284
-2.335	0.0904743
-2.334	0.0958001
-2.333	0.101258
-2.332	0.10684
-2.331	0.112543
-2.33	0.118358
-2.329	0.124281
-2.328	0.130304
-2.327	0.136422
-2.326	0.142626
-2.325	0.148914
-2.324	0.155275
-2.323	0.161703
-2.322	0.168192
-2.321	0.174736
-2.32	0.181324
-2.319	0.187954
-2.318	0.194616
-2.317	0.201305
-2.316	0.20801
-2.315	0.214727
-2.314	0.22145
-2.313	0.228167
-2.312	0.234875
-2.311	0.241565
-2.31	0.24823
-2.309	0.254864
-2.308	0.26146
-2.307	0.268009
-2.306	0.274504
-2.305	0.280941
-2.304	0.287309
-2.303	0.293605
-2.302	0.29982
-2.301	0.30595
-2.3	0.311985
-2.299	0.317918
-2.298	0.323748
-2.297	0.329463
-2.296	0.335061
-2.295	0.340536
-2.294	0.345876
-2.293	0.351083
-2.292	0.356146
-2.291	0.361064
-2.29	0.365829
-2.289	0.370437
-2.288	0.374881
-2.287	0.379159
-2.286	0.383263
-2.285	0.387193
-2.284	0.390942
-2.283	0.394508
-2.282	0.397883
-2.281	0.401069
-2.28	0.404058
-2.279	0.406849
-2.278	0.409438
-2.277	0.411823
-2.276	0.414002
-2.275	0.415973
-2.274	0.41773
-2.273	0.419276
-2.272	0.420607
-2.271	0.421721
-2.27	0.422619
-2.269	0.423298
-2.268	0.423758
-2.267	0.423999
-2.266	0.42402
-2.265	0.42382
-2.264	0.423401
-2.263	0.422765
-2.262	0.42191
-2.261	0.420835
-2.26	0.419546
-2.259	0.418039
-2.258	0.416321
-2.257	0.414393
-2.256	0.412255
-2.255	0.409906
-2.254	0.407356
-2.253	0.404602
-2.252	0.401651
-2.251	0.398503
-2.25	0.395164
-2.249	0.391636
-2.248	0.387918
-2.247	0.384025
-2.246	0.379951
-2.245	0.375707
-2.244	0.371293
-2.243	0.366715
-2.242	0.361981
-2.241	0.357092
-2.24	0.352055
-2.239	0.346876
-2.238	0.341559
-2.237	0.336109
-2.236	0.330536
-2.235	0.324843
-2.234	0.319035
-2.233	0.313118
-2.232	0.307103
-2.231	0.300991
-2.23	0.294792
-2.229	0.288511
-2.228	0.282155
-2.227	0.275731
-2.226	0.269246
-2.225	0.262705
-2.224	0.256118
-2.223	0.249493
-2.222	0.242833
-2.221	0.236146
-2.22	0.22944
-2.219	0.222724
-2.218	0.216002
-2.217	0.209284
-2.216	0.202575
-2.215	0.195884
-2.214	0.189215
-2.213	0.182578
-2.212	0.17598
-2.211	0.169429
-2.21	0.162928
-2.209	0.156487
-2.208	0.150112
-2.207	0.143811
-2.206	0.13759
-2.205	0.131455
-2.204	0.125413
-2.203	0.11947
-2.202	0.113633
-2.201	0.107909
-2.2	0.102303
-2.199	0.0968201
-2.198	0.0914687
-2.197	0.0862523
-2.196	0.081177
-2.195	0.0762491
-2.194	0.0714728
-2.193	0.0668537
-2.192	0.0623976
-2.191	0.0581074
-2.19	0.0539889
-2.189	0.0500469
-2.188	0.0462841
-2.187	0.0427055
-2.186	0.039315
-2.185	0.0361167
-2.184	0.0331131
-2.183	0.030306
-2.182	0.0277025
-2.181	0.0253018
-2.18	0.0231074
-2.179	0.0211224
-2.178	0.0193483
-2.177	0.0177868
-2.176	0.01644
-2.175	0.0153095
-2.174	0.0143961
-2.173	0.0137006
-2.172	0.0132243
-2.171	0.0129671
-2.17	0.0129299
-2.169	0.0131126
-2.168	0.0135148
-2.167	0.0141357
-2.166	0.0149753
-2.165	0.0160324
-2.164	0.0173062
-2.163	0.0187949
-2.162	0.0204969
-2.161	0.0224107
-2.16	0.0245338
-2.159	0.0268651
-2.158	0.0294002
-2.157	0.0321385
-2.156	0.0350749
-2.155	0.0382083
-2.154	0.041533
-2.153	0.0450488
-2.152	0.0487489
-2.151	0.0526306
-2.15	0.0566888
-2.149	0.060921
-2.148	0.065321
-2.147	0.069886
-2.146	0.0746081
-2.145	0.0794849
-2.144	0.0845097
-2.143	0.0896774
-2.142	0.0949844
-2.141	0.100422
-2.14	0.105987
-2.139	0.111671
-2.138	0.117469
-2.137	0.123375
-2.136	0.129383
-2.135	0.135487
-2.134	0.141679
-2.133	0.147953
-2.132	0.154303
-2.131	0.16072
-2.13	0.1672
-2.129	0.173735
-2.128	0.180317
-2.127	0.186939
-2.126	0.193596
-2.125	0.200279
-2.124	0.20698
-2.123	0.213697
-2.122	0.220418
-2.121	0.227133
-2.12	0.233842
-2.119	0.240534
-2.118	0.247202
-2.117	0.253839
-2.116	0.260439
-2.115	0.266993
-2.114	0.273495
-2.113	0.27994
-2.112	0.286318
-2.111	0.292623
-2.11	0.298848
-2.109	0.304988
-2.108	0.311037
-2.107	0.316984
-2.106	0.322828
-2.105	0.328559
-2.104	0.334172
-2.103	0.339662
-2.102	0.345023
-2.101	0.350247
-2.1	0.355331
-2.099	0.360267
-2.098	0.365053
-2.097	0.369683
-2.096	0.37415
-2.095	0.378451
-2.094	0.38258
-2.093	0.386534
-2.092	0.390308
-2.091	0.393899
-2.09	0.397302
-2.089	0.400514
-2.088	0.40353
-2.087	0.406349
-2.086	0.408965
-2.085	0.41138
-2.084	0.413588
-2.083	0.415587
-2.082	0.417375
-2.081	0.418951
-2.08	0.420312
-2.079	0.421457
-2.078	0.422384
-2.077	0.423096
-2.076	0.423586
-2.075	0.423859
-2.074	0.423911
-2.073	0.423742
-2.072	0.423355
-2.071	0.42275
-2.07	0.421925
-2.069	0.420882
-2.068	0.419624
-2.067	0.41815
-2.066	0.416462
-2.065	0.414561
-2.064	0.412452
-2.063	0.410138
-2.062	0.407616
-2.061	0.404893
-2.06	0.401968
-2.059	0.398847
-2.058	0.395536
-2.057	0.392033
-2.056	0.388347
-2.055	0.384477
-2.054	0.380431
-2.053	0.37621
-2.052	0.37182
-2.051	0.36727
-2.05	0.362558
-2.049	0.357691
-2.048	0.352676
-2.047	0.347517
-2.046	0.34222
-2.045	0.336792
-2.044	0.331237
-2.043	0.325561
-2.042	0.319769
-2.041	0.31387
-2.04	0.307869
-2.039	0.301773
-2.038	0.295586
-2.037	0.289318
-2.036	0.282972
-2.035	0.27656
-2.034	0.270086
-2.033	0.263554
-2.032	0.256975
-2.031	0.250353
-2.03	0.2437
-2.029	0.237018
-2.028	0.230318
-2.027	0.223604
-2.026	0.216882
-2.025	0.210166
-2.024	0.203456
-2.023	0.196763
-2.022	0.190093
-2.021	0.183453
-2.02	0.176851
-2.019	0.170291
-2.018	0.163785
-2.017	0.157338
-2.016	0.150955
-2.015	0.144645
-2.014	0.138411
-2.013	0.132265
-2.012	0.126212
-2.011	0.120255
-2.01	0.114404
-2.009	0.108666
-2.008	0.103042
-2.007	0.0975441
-2.006	0.0921741
-2.005	0.0869392
-2.004	0.081845
-2.003	0.076897
-2.002	0.0721005
-2.001	0.0674591
-2	0.0629803
-1.999	0.0586682
-1.998	0.0545254
-1.997	0.0505587
-1.996	0.0467715
-1.995	0.0431668
-1.994	0.0397506
-1.993	0.036525
-1.992	0.033494
-1.991	0.0306606
-1.99	0.0280277
-1.989	0.0255989
-1.988	0.0233753
-1.987	0.0213611
-1.986	0.0195574
-1.985	0.017966
-1.984	0.0165888
-1.983	0.0154276
-1.982	0.0144834
-1.981	0.0137569
-1.98	0.0132502
-1.979	0.0129617
-1.978	0.0128932
-1.977	0.0130442
-1.976	0.0134154
-1.975	0.0140051
-1.974	0.0148139
-1.973	0.0158397
-1.972	0.0170825
-1.971	0.01854
-1.97	0.0202118
-1.969	0.0220953
-1.968	0.0241886
-1.967	0.0264895
-1.966	0.0289951
-1.965	0.0317037
-1.964	0.0346122
-1.963	0.0377168
-1.962	0.0410148
-1.961	0.0445016
-1.96	0.0481749
-1.959	0.05203
-1.958	0.0560633
-1.957	0.0602698
-1.956	0.064645
-1.955	0.0691851
-1.954	0.0738849
-1.953	0.0787387
-1.952	0.0837419
-1.951	0.0888887
-1.95	0.0941748
-1.949	0.0995924
-1.948	0.105138
-1.947	0.110805
-1.946	0.116586
-1.945	0.122476
-1.944	0.128468
-1.943	0.134556
-1.942	0.140734
-1.941	0.146997
-1.94	0.153335
-1.939	0.159741
-1.938	0.166211
-1.937	0.172736
-1.936	0.17931
-1.935	0.185926
-1.934	0.192577
-1.933	0.199255
-1.932	0.205953
-1.931	0.212664
-1.93	0.219383
-1.929	0.2261
-1.928	0.232808
-1.927	0.239501
-1.926	0.24617
-1.925	0.25281
-1.924	0.259415
-1.923	0.265975
-1.922	0.272483
-1.921	0.278933
-1.92	0.28532
-1.919	0.291633
-1.918	0.297869
-1.917	0.304021
-1.916	0.31008
-1.915	0.316041
-1.914	0.321897
-1.913	0.327645
-1.912	0.333272
-1.911	0.338778
-1.91	0.344156
-1.909	0.349398
-1.908	0.3545
-1.907	0.359458
-1.906	0.364265
-1.905	0.368914
-1.904	0.373402
-1.903	0.377728
-1.902	0.381879
-1.901	0.385856
-1.9	0.389655
-1.899	0.393271
-1.898	0.396699
-1.897	0.399937
-1.896	0.40298
-1.895	0.405827
-1.894	0.408472
-1.893	0.410915
-1.892	0.41315
-1.891	0.415177
-1.89	0.416996
-1.889	0.418603
-1.888	0.419992
-1.887	0.421167
-1.886	0.422124
-1.885	0.422867
-1.884	0.423389
-1.883	0.423689
-1.882	0.423774
-1.881	0.423636
-1.88	0.42328
-1.879	0.422705
-1.878	0.421911
-1.877	0.420898
-1.876	0.41967
-1.875	0.418227
-1.874	0.41657
-1.873	0.414701
-1.872	0.412622
-1.871	0.410335
-1.87	0.407841
-1.869	0.405149
-1.868	0.402254
-1.867	0.399161
-1.866	0.395876
-1.865	0.392401
-1.864	0.38874
-1.863	0.384897
-1.862	0.380878
-1.861	0.376682
-1.86	0.372317
-1.859	0.367788
-1.858	0.3631
-1.857	0.358258
-1.856	0.353265
-1.855	0.348129
-1.854	0.34285
-1.853	0.337441
-1.852	0.331904
-1.851	0.326247
-1.85	0.320474
-1.849	0.314591
-1.848	0.308606
-1.847	0.302521
-1.846	0.296351
-1.845	0.290096
-1.844	0.283762
-1.843	0.277361
-1.842	0.270895
-1.841	0.264373
-1.84	0.257802
-1.839	0.251191
-1.838	0.244542
-1.837	0.237864
-1.836	0.231168
-1.835	0.224457
-1.834	0.217739
-1.833	0.211023
-1.832	0.204313
-1.831	0.197618
-1.83	0.190948
-1.829	0.184305
-1.828	0.177699
-1.827	0.171136
-1.826	0.164622
-1.825	0.158169
-1.824	0.151778
-1.823	0.145458
-1.822	0.139217
-1.821	0.133059
-1.82	0.126994
-1.819	0.121025
-1.818	0.115161
-1.817	0.109408
-1.816	0.10377
-1.815	0.0982553
-1.814	0.0928681
-1.813	0.0876158
-1.812	0.0825031
-1.811	0.0775357
-1.81	0.0727187
-1.809	0.0680576
-1.808	0.0635565
-1.807	0.0592218
-1.806	0.055056
-1.805	0.0510657
-1.804	0.0472544
-1.803	0.043625
-1.802	0.040183
-1.801	0.0369314
-1.8	0.0338733
-1.799	0.0310128
-1.798	0.0283529
-1.797	0.0258957
-1.796	0.0236438
-1.795	0.0216006
-1.794	0.0197678
-1.793	0.0181468
-1.792	0.0167401
-1.791	0.0155491
-1.79	0.0145743
-1.789	0.0138179
-1.788	0.0132797
-1.787	0.0129609
-1.786	0.0128615
-1.785	0.0129819
-1.784	0.0133217
-1.783	0.0138806
-1.782	0.0146582
-1.781	0.0156537
-1.78	0.0168657
-1.779	0.018293
-1.778	0.0199335
-1.777	0.021787
-1.776	0.0238502
-1.775	0.0261218
-1.774	0.0285982
-1.773	0.0312776
-1.772	0.0341567
-1.771	0.037233
-1.77	0.0405024
-1.769	0.0439631
-1.768	0.0476091
-1.767	0.0514377
-1.766	0.0554451
-1.765	0.0596257
-1.764	0.0639762
-1.763	0.0684925
-1.762	0.0731688
-1.761	0.0779994
-1.76	0.0829804
-1.759	0.0881055
-1.758	0.0933716
-1.757	0.0987688
-1.756	0.104295
-1.755	0.109943
-1.754	0.115707
-1.753	0.12158
-1.752	0.127557
-1.751	0.133631
-1.75	0.139794
-1.749	0.146043
-1.748	0.152368
-1.747	0.158764
-1.746	0.165224
-1.745	0.171739
-1.744	0.178304
-1.743	0.184913
-1.742	0.191557
-1.741	0.198231
-1.74	0.204925
-1.739	0.211632
-1.738	0.218347
-1.737	0.225061
-1.736	0.231771
-1.735	0.238464
-1.734	0.245136
-1.733	0.251779
-1.732	0.258385
-1.731	0.264949
-1.73	0.271465
-1.729	0.277922
-1.728	0.284315
-1.727	0.290638
-1.726	0.296882
-1.725	0.303045
-1.724	0.309115
-1.723	0.315088
-1.722	0.320958
-1.721	0.326719
-1.72	0.332363
-1.719	0.337884
-1.718	0.343278
-1.717	0.34854
-1.716	0.353659
-1.715	0.358638
-1.714	0.363462
-1.713	0.368133
-1.712	0.372643
-1.711	0.376989
-1.71	0.381165
-1.709	0.385164
-1.708	0.38899
-1.707	0.39263
-1.706	0.396083
-1.705	0.399348
-1.704	0.402416
-1.703	0.405289
-1.702	0.407962
-1.701	0.410435
-1.7	0.412698
-1.699	0.414754
-1.698	0.416601
-1.697	0.418235
-1.696	0.419657
-1.695	0.420862
-1.694	0.42185
-1.693	0.422621
-1.692	0.423172
-1.691	0.423507
-1.69	0.423621
-1.689	0.423515
-1.688	0.423188
-1.687	0.422645
-1.686	0.421881
-1.685	0.4209
-1.684	0.419703
-1.683	0.41829
-1.682	0.416663
-1.681	0.414824
-1.68	0.412776
-1.679	0.410518
-1.678	0.408054
-1.677	0.405387
-1.676	0.402524
-1.675	0.399459
-1.674	0.396203
-1.673	0.392758
-1.672	0.389121
-1.671	0.385305
-1.67	0.381311
-1.669	0.377142
-1.668	0.372803
-1.667	0.368297
-1.666	0.363632
-1.665	0.358811
-1.664	0.353841
-1.663	0.348726
-1.662	0.343469
-1.661	0.338081
-1.66	0.332564
-1.659	0.326922
-1.658	0.321166
-1.657	0.315303
-1.656	0.309333
-1.655	0.303266
-1.654	0.297106
-1.653	0.290864
-1.652	0.284545
-1.651	0.278153
-1.65	0.2717
-1.649	0.265187
-1.648	0.258624
-1.647	0.25202
-1.646	0.245376
-1.645	0.238706
-1.644	0.232014
-1.643	0.225307
-1.642	0.218592
-1.641	0.211876
-1.64	0.205168
-1.639	0.198474
-1.638	0.1918
-1.637	0.185156
-1.636	0.178545
-1.635	0.171979
-1.634	0.165461
-1.633	0.158999
-1.632	0.152601
-1.631	0.146273
-1.63	0.140022
-1.629	0.133855
-1.628	0.127778
-1.627	0.121798
-1.626	0.11592
-1.625	0.110152
-1.624	0.1045
-1.623	0.0989694
-1.622	0.0935656
-1.621	0.0882958
-1.62	0.0831647
-1.619	0.0781782
-1.618	0.0733416
-1.617	0.068659
-1.616	0.0641372
-1.615	0.05978
-1.614	0.0555915
-1.613	0.0515778
-1.612	0.0477417
-1.611	0.0440883
-1.61	0.0406207
-1.609	0.0373434
-1.608	0.0342591
-1.607	0.0313717
-1.606	0.0286843
-1.605	0.0261991
-1.604	0.0239194
-1.603	0.0218471
-1.602	0.0199851
-1.601	0.0183353
-1.6	0.0168984
-1.599	0.0156776
-1.598	0.0146731
-1.597	0.0138859
-1.596	0.0133172
-1.595	0.0129677
-1.594	0.0128376
-1.593	0.012927
-1.592	0.0132359
-1.591	0.0137643
-1.59	0.0145108
-1.589	0.0154752
-1.588	0.0166569
-1.587	0.0180532
-1.586	0.019664
-1.585	0.0214867
-1.584	0.0235202
-1.583	0.0257612
-1.582	0.0282084
-1.581	0.0308593
-1.58	0.0337096
-1.579	0.0367573
-1.578	0.0399986
-1.577	0.0434309
-1.576	0.0470502
-1.575	0.0508523
-1.574	0.0548337
-1.573	0.0589893
-1.572	0.063315
-1.571	0.0678061
-1.57	0.072458
-1.569	0.0772667
-1.568	0.0822254
-1.567	0.0873291
-1.566	0.0925728
-1.565	0.0979504
-1.564	0.103457
-1.563	0.109087
-1.562	0.114833
-1.561	0.120689
-1.56	0.12665
-1.559	0.132708
-1.558	0.138858
-1.557	0.145093
-1.556	0.151405
-1.555	0.157789
-1.554	0.164238
-1.553	0.170745
-1.552	0.177301
-1.551	0.183903
-1.55	0.190538
-1.549	0.197206
-1.548	0.203896
-1.547	0.210601
-1.546	0.217313
-1.545	0.224026
-1.544	0.230732
-1.543	0.237426
-1.542	0.2441
-1.541	0.250745
-1.54	0.257356
-1.539	0.263924
-1.538	0.270445
-1.537	0.276906
-1.536	0.283308
-1.535	0.289641
-1.534	0.295894
-1.533	0.302066
-1.532	0.308147
-1.531	0.314132
-1.53	0.320016
-1.529	0.325791
-1.528	0.331449
-1.527	0.336987
-1.526	0.342397
-1.525	0.347674
-1.524	0.352814
-1.523	0.357811
-1.522	0.362657
-1.521	0.367348
-1.52	0.371879
-1.519	0.376249
-1.518	0.380445
-1.517	0.38447
-1.516	0.388319
-1.515	0.391982
-1.514	0.395463
-1.513	0.398753
-1.512	0.40185
-1.511	0.40475
-1.51	0.407449
-1.509	0.409949
-1.508	0.412243
-1.507	0.414329
-1.506	0.416203
-1.505	0.417866
-1.504	0.419317
-1.503	0.420554
-1.502	0.421572
-1.501	0.422375
-1.5	0.422957
-1.499	0.423321
-1.498	0.423467
-1.497	0.423392
-1.496	0.423099
-1.495	0.422584
-1.494	0.421852
-1.493	0.420902
-1.492	0.419736
-1.491	0.418354
-1.49	0.416758
-1.489	0.414949
-1.488	0.412933
-1.487	0.410702
-1.486	0.40827
-1.485	0.405634
-1.484	0.402797
-1.483	0.399763
-1.482	0.396534
-1.481	0.393115
-1.48	0.389508
-1.479	0.38572
-1.478	0.381752
-1.477	0.377608
-1.476	0.373293
-1.475	0.368815
-1.474	0.364173
-1.473	0.359376
-1.472	0.354426
-1.471	0.349333
-1.47	0.3441
-1.469	0.33873
-1.468	0.333233
-1.467	0.327612
-1.466	0.321874
-1.465	0.316025
-1.464	0.310071
-1.463	0.304021
-1.462	0.297878
-1.461	0.291649
-1.46	0.285341
-1.459	0.27896
-1.458	0.272518
-1.457	0.266016
-1.456	0.259462
-1.455	0.252865
-1.454	0.246228
-1.453	0.239564
-1.452	0.232877
-1.451	0.226174
-1.45	0.219461
-1.449	0.212748
-1.448	0.20604
-1.447	0.199346
-1.446	0.192671
-1.445	0.186024
-1.444	0.179411
-1.443	0.172839
-1.442	0.166316
-1.441	0.159849
-1.44	0.153442
-1.439	0.147106
-1.438	0.140846
-1.437	0.134668
-1.436	0.12858
-1.435	0.122587
-1.434	0.116698
-1.433	0.110915
-1.432	0.105247
-1.431	0.0997018
-1.43	0.094281
-1.429	0.0889938
-1.428	0.0838439
-1.427	0.0788379
-1.426	0.0739809
-1.425	0.0692781
-1.424	0.0647344
-1.423	0.0603553
-1.422	0.0561438
-1.421	0.0521062
-1.42	0.048246
-1.419	0.0445674
-1.418	0.0410745
-1.417	0.0377707
-1.416	0.0346599
-1.415	0.0317449
-1.414	0.0290296
-1.413	0.0265162
-1.412	0.0242084
-1.411	0.0221069
-1.41	0.0202156
-1.409	0.0185358
-1.408	0.0170692
-1.407	0.0158181
-1.406	0.0147825
-1.405	0.0139649
-1.404	0.0133651
-1.403	0.012985
-1.402	0.0128236
-1.401	0.0128817
-1.4	0.0131595
-1.399	0.0136566
-1.398	0.0143717
-1.397	0.0153052
-1.396	0.016455
-1.395	0.0178208
-1.394	0.0194006
-1.393	0.0211928
-1.392	0.023196
-1.391	0.0254072
-1.39	0.0278243
-1.389	0.0304452
-1.388	0.0332663
-1.387	0.0362857
-1.386	0.0394996
-1.385	0.0429036
-1.384	0.0464944
-1.383	0.0502696
-1.382	0.0542245
-1.381	0.0583554
-1.38	0.0626554
-1.379	0.0671225
-1.378	0.0717499
-1.377	0.0765339
-1.376	0.0814709
-1.375	0.0865531
-1.374	0.0917764
-1.373	0.0971338
-1.372	0.10262
-1.371	0.108231
-1.37	0.11396
-1.369	0.119799
-1.368	0.125744
-1.367	0.131785
-1.366	0.137921
-1.365	0.144142
-1.364	0.150442
-1.363	0.156816
-1.362	0.163253
-1.361	0.16975
-1.36	0.176298
-1.359	0.18289
-1.358	0.189521
-1.357	0.196183
-1.356	0.202867
-1.355	0.209568
-1.354	0.216278
-1.353	0.22299
-1.352	0.229697
-1.351	0.23639
-1.35	0.243065
-1.349	0.249712
-1.348	0.256327
-1.347	0.2629
-1.346	0.269426
-1.345	0.275895
-1.344	0.282304
-1.343	0.288643
-1.342	0.294907
-1.341	0.30109
-1.34	0.307184
-1.339	0.313182
-1.338	0.319076
-1.337	0.324866
-1.336	0.33054
-1.335	0.336095
-1.334	0.341523
-1.333	0.346817
-1.332	0.351975
-1.331	0.35699
-1.33	0.361857
-1.329	0.366571
-1.328	0.371124
-1.327	0.375513
-1.326	0.379735
-1.325	0.383784
-1.324	0.387657
-1.323	0.391348
-1.322	0.394853
-1.321	0.398168
-1.32	0.401293
-1.319	0.404222
-1.318	0.40695
-1.317	0.409475
-1.316	0.411799
-1.315	0.413913
-1.314	0.41582
-1.313	0.417514
-1.312	0.418994
-1.311	0.420262
-1.31	0.42131
-1.309	0.422145
-1.308	0.422758
-1.307	0.423153
-1.306	0.423331
-1.305	0.423286
-1.304	0.423023
-1.303	0.422544
-1.302	0.421843
-1.301	0.420926
-1.3	0.41979
-1.299	0.418438
-1.298	0.416874
-1.297	0.415098
-1.296	0.41311
-1.295	0.410914
-1.294	0.40851
-1.293	0.405904
-1.292	0.403096
-1.291	0.400091
-1.29	0.396893
-1.289	0.393502
-1.288	0.389925
-1.287	0.386159
-1.286	0.382219
-1.285	0.378102
-1.284	0.373813
-1.283	0.369359
-1.282	0.364742
-1.281	0.359968
-1.28	0.355042
-1.279	0.349972
-1.278	0.344759
-1.277	0.33941
-1.276	0.333933
-1.275	0.328331
-1.274	0.322613
-1.273	0.31678
-1.272	0.310844
-1.271	0.304807
-1.27	0.298679
-1.269	0.292465
-1.268	0.28617
-1.267	0.279802
-1.266	0.273369
-1.265	0.266877
-1.264	0.260331
-1.263	0.253742
-1.262	0.247115
-1.261	0.240455
-1.26	0.233772
-1.259	0.227073
-1.258	0.220364
-1.257	0.213652
-1.256	0.206946
-1.255	0.200251
-1.254	0.193575
-1.253	0.186924
-1.252	0.180308
-1.251	0.173731
-1.25	0.167203
-1.249	0.160729
-1.248	0.154316
-1.247	0.147971
-1.246	0.141701
-1.245	0.135512
-1.244	0.129413
-1.243	0.123407
-1.242	0.117504
-1.241	0.111707
-1.24	0.106024
-1.239	0.100462
-1.238	0.0950244
-1.237	0.0897192
-1.236	0.0845505
-1.235	0.0795249
-1.234	0.0746473
-1.233	0.0699232
-1.232	0.0653575
-1.231	0.0609546
-1.23	0.0567202
-1.229	0.0526582
-1.228	0.0487734
-1.227	0.0450686
-1.226	0.0415495
-1.225	0.0382193
-1.224	0.035081
-1.223	0.0321386
-1.222	0.0293943
-1.221	0.0268523
-1.22	0.0245149
-1.219	0.0223836
-1.218	0.0204631
-1.217	0.0187524
-1.216	0.017255
-1.215	0.0159728
-1.214	0.0149062
-1.213	0.0140573
-1.212	0.0134256
-1.211	0.0130136
-1.21	0.0128206
-1.209	0.0128467
-1.208	0.0130926
-1.207	0.0135575
-1.206	0.0142407
-1.205	0.0151424
-1.204	0.0162606
-1.203	0.0175947
-1.202	0.0191434
-1.201	0.020904
-1.2	0.0228759
-1.199	0.0250566
-1.198	0.0274436
-1.197	0.0300341
-1.196	0.0328257
-1.195	0.0358152
-1.194	0.0389996
-1.193	0.0423757
-1.192	0.0459395
-1.191	0.0496876
-1.19	0.0536147
-1.189	0.0577181
-1.188	0.0619936
-1.187	0.0664353
-1.186	0.0710392
-1.185	0.0758001
-1.184	0.0807129
-1.183	0.0857725
-1.182	0.0909747
-1.181	0.0963121
-1.18	0.10178
-1.179	0.107371
-1.178	0.113081
-1.177	0.118902
-1.176	0.124831
-1.175	0.130859
-1.174	0.13698
-1.173	0.143188
-1.172	0.149474
-1.171	0.155835
-1.17	0.162263
-1.169	0.16875
-1.168	0.17529
-1.167	0.181875
-1.166	0.1885
-1.165	0.195155
-1.164	0.201835
-1.163	0.208532
-1.162	0.21524
-1.161	0.22195
-1.16	0.228656
-1.159	0.235352
-1.158	0.242028
-1.157	0.248679
-1.156	0.255297
-1.155	0.261875
-1.154	0.268407
-1.153	0.274883
-1.152	0.2813
-1.151	0.287649
-1.15	0.293922
-1.149	0.300117
-1.148	0.306222
-1.147	0.312235
-1.146	0.318144
-1.145	0.323947
-1.144	0.329638
-1.143	0.335207
-1.142	0.340655
-1.141	0.34597
-1.14	0.351146
-1.139	0.356181
-1.138	0.361068
-1.137	0.365804
-1.136	0.37038
-1.135	0.374793
-1.134	0.379041
-1.133	0.383115
-1.132	0.38701
-1.131	0.39073
-1.13	0.394259
-1.129	0.397604
-1.128	0.400757
-1.127	0.403711
-1.126	0.406469
-1.125	0.409025
-1.124	0.411379
-1.123	0.413524
-1.122	0.415459
-1.121	0.417186
-1.12	0.418698
-1.119	0.419995
-1.118	0.421078
-1.117	0.421941
-1.116	0.422588
-1.115	0.423017
-1.114	0.423226
-1.113	0.423215
-1.112	0.422983
-1.111	0.422536
-1.11	0.421868
-1.109	0.420982
-1.108	0.419879
-1.107	0.418559
-1.106	0.417029
-1.105	0.415281
-1.104	0.413325
-1.103	0.411161
-1.102	0.408789
-1.101	0.406215
-1.1	0.403435
-1.099	0.400459
-1.098	0.39729
-1.097	0.393928
-1.096	0.39038
-1.095	0.386645
-1.094	0.382728
-1.093	0.378638
-1.092	0.374375
-1.091	0.369947
-1.09	0.365355
-1.089	0.360605
-1.088	0.355702
-1.087	0.350654
-1.086	0.345463
-1.085	0.340135
-1.084	0.33468
-1.083	0.329095
-1.082	0.323394
-1.081	0.31758
-1.08	0.311661
-1.079	0.30564
-1.078	0.299526
-1.077	0.293324
-1.076	0.287044
-1.075	0.280687
-1.074	0.274266
-1.073	0.267782
-1.072	0.261246
-1.071	0.254665
-1.07	0.248044
-1.069	0.241391
-1.068	0.234712
-1.067	0.228017
-1.066	0.221309
-1.065	0.214598
-1.064	0.207892
-1.063	0.201198
-1.062	0.194518
-1.061	0.187866
-1.06	0.181246
-1.059	0.174664
-1.058	0.168129
-1.057	0.161648
-1.056	0.155228
-1.055	0.148874
-1.054	0.142593
-1.053	0.136393
-1.052	0.130281
-1.051	0.124264
-1.05	0.118346
-1.049	0.112534
-1.048	0.106835
-1.047	0.101254
-1.046	0.0958004
-1.045	0.0904756
-1.044	0.0852869
-1.043	0.0802422
-1.042	0.0753421
-1.041	0.0705966
-1.04	0.0660078
-1.039	0.0615817
-1.038	0.0573234
-1.037	0.0532356
-1.036	0.0493253
-1.035	0.0455945
-1.034	0.0420484
-1.033	0.0386903
-1.032	0.0355238
-1.031	0.032553
-1.03	0.0297796
-1.029	0.0272078
-1.028	0.0248403
-1.027	0.0226789
-1.026	0.0207267
-1.025	0.0189853
-1.024	0.0174569
-1.023	0.0161426
-1.022	0.0150439
-1.021	0.0141627
-1.02	0.0134992
-1.019	0.0130543
-1.018	0.0128287
-1.017	0.0128224
-1.016	0.0130353
-1.015	0.0134677
-1.014	0.0141187
-1.013	0.0149873
-1.012	0.0160731
-1.011	0.0173747
-1.01	0.0188911
-1.009	0.0206204
-1.008	0.0225607
-1.007	0.0247096
-1.006	0.0270653
-1.005	0.0296254
-1.004	0.0323869
-1.003	0.0353466
-1.002	0.0385012
-1.001	0.0418492
-1	0.0453838
-0.999	0.0491037
-0.998	0.0530038
-0.997	0.0570817
-0.996	0.0613298
-0.995	0.0657456
-0.994	0.0703252
-0.993	0.0750626
-0.992	0.0799528
-0.991	0.0849892
-0.99	0.0901692
-0.989	0.0954854
-0.988	0.100933
-0.987	0.106506
-0.986	0.112197
-0.985	0.118001
-0.984	0.123913
-0.983	0.129925
-0.982	0.136032
-0.981	0.142226
-0.98	0.148502
-0.979	0.154851
-0.978	0.161266
-0.977	0.167744
-0.976	0.174275
-0.975	0.180855
-0.974	0.187472
-0.973	0.194122
-0.972	0.200797
-0.971	0.20749
-0.97	0.214197
-0.969	0.220907
-0.968	0.227613
-0.967	0.234309
-0.966	0.240987
-0.965	0.247642
-0.964	0.254264
-0.963	0.260848
-0.962	0.267386
-0.961	0.27387
-0.96	0.280295
-0.959	0.286655
-0.958	0.292939
-0.957	0.299144
-0.956	0.305263
-0.955	0.311287
-0.954	0.317213
-0.953	0.323033
-0.952	0.328739
-0.951	0.334327
-0.95	0.33979
-0.949	0.345126
-0.948	0.350323
-0.947	0.35538
-0.946	0.36029
-0.945	0.365046
-0.944	0.369646
-0.943	0.374084
-0.942	0.378356
-0.941	0.382455
-0.94	0.386379
-0.939	0.390124
-0.938	0.393683
-0.937	0.397053
-0.936	0.400236
-0.935	0.403221
-0.934	0.406008
-0.933	0.408596
-0.932	0.410978
-0.931	0.413155
-0.93	0.415121
-0.929	0.41688
-0.928	0.418425
-0.927	0.419753
-0.926	0.420869
-0.925	0.421767
-0.924	0.422446
-0.923	0.422907
-0.922	0.423149
-0.921	0.423171
-0.92	0.422975
-0.919	0.42256
-0.918	0.421924
-0.917	0.421072
-0.916	0.420002
-0.915	0.418716
-0.914	0.417217
-0.913	0.415503
-0.912	0.413579
-0.911	0.411443
-0.91	0.409106
-0.909	0.40656
-0.908	0.403814
-0.907	0.400869
-0.906	0.397728
-0.905	0.394395
-0.904	0.390874
-0.903	0.38717
-0.902	0.383283
-0.901	0.379218
-0.9	0.374982
-0.899	0.370577
-0.898	0.366011
-0.897	0.361285
-0.896	0.356409
-0.895	0.351382
-0.894	0.346212
-0.893	0.340905
-0.892	0.335468
-0.891	0.329906
-0.89	0.324222
-0.889	0.318426
-0.888	0.312522
-0.887	0.306518
-0.886	0.300418
-0.885	0.294231
-0.884	0.287962
-0.883	0.281618
-0.882	0.275207
-0.881	0.268733
-0.88	0.262205
-0.879	0.255631
-0.878	0.249017
-0.877	0.242369
-0.876	0.235695
-0.875	0.229002
-0.874	0.222298
-0.873	0.215588
-0.872	0.208881
-0.871	0.202184
-0.87	0.195504
-0.869	0.188848
-0.868	0.182225
-0.867	0.175636
-0.866	0.169095
-0.865	0.162605
-0.864	0.156176
-0.863	0.149814
-0.862	0.143521
-0.861	0.137311
-0.86	0.131185
-0.859	0.125153
-0.858	0.119221
-0.857	0.113394
-0.856	0.107678
-0.855	0.102081
-0.854	0.0966067
-0.853	0.0912625
-0.852	0.0860541
-0.851	0.0809875
-0.85	0.0760662
-0.849	0.0712971
-0.848	0.0666851
-0.847	0.0622341
-0.846	0.05795
-0.845	0.0538376
-0.844	0.0499002
-0.843	0.0461421
-0.842	0.0425688
-0.841	0.0391813
-0.84	0.0359868
-0.839	0.0329856
-0.838	0.0301832
-0.837	0.0275812
-0.836	0.0251824
-0.835	0.0229901
-0.834	0.0210059
-0.833	0.0192328
-0.832	0.0176721
-0.831	0.0163253
-0.83	0.0151941
-0.829	0.0142798
-0.828	0.0135833
-0.827	0.0131053
-0.826	0.0128463
-0.825	0.0128067
-0.824	0.0129863
-0.823	0.0133852
-0.822	0.0140031
-0.821	0.0148386
-0.82	0.0158916
-0.819	0.0171604
-0.818	0.0186438
-0.817	0.0203403
-0.816	0.0222488
-0.815	0.0243664
-0.814	0.0266906
-0.813	0.0292191
-0.812	0.0319497
-0.811	0.0348789
-0.81	0.0380045
-0.809	0.0413224
-0.808	0.0448289
-0.807	0.0485203
-0.806	0.0523927
-0.805	0.0564427
-0.804	0.0606656
-0.803	0.0650561
-0.802	0.0696104
-0.801	0.074323
-0.8	0.0791895
-0.799	0.084204
-0.798	0.0893632
-0.797	0.0946576
-0.796	0.100084
-0.795	0.105638
-0.794	0.111311
-0.793	0.117099
-0.792	0.122994
-0.791	0.12899
-0.79	0.135081
-0.789	0.141262
-0.788	0.147525
-0.787	0.153863
-0.786	0.16027
-0.785	0.166737
-0.784	0.17326
-0.783	0.17983
-0.782	0.186442
-0.781	0.193088
-0.78	0.199759
-0.779	0.20645
-0.778	0.213153
-0.777	0.219861
-0.776	0.226569
-0.775	0.233266
-0.774	0.239948
-0.773	0.246605
-0.772	0.253231
-0.771	0.259821
-0.77	0.266365
-0.769	0.27286
-0.768	0.279293
-0.767	0.285663
-0.766	0.291957
-0.765	0.298175
-0.764	0.304306
-0.763	0.310346
-0.762	0.316285
-0.761	0.322122
-0.76	0.327845
-0.759	0.333451
-0.758	0.338934
-0.757	0.344287
-0.756	0.349506
-0.755	0.354584
-0.754	0.359517
-0.753	0.364298
-0.752	0.368922
-0.751	0.373383
-0.75	0.377681
-0.749	0.381807
-0.748	0.385758
-0.747	0.38953
-0.746	0.393118
-0.745	0.396517
-0.744	0.399727
-0.743	0.402743
-0.742	0.405562
-0.741	0.40818
-0.74	0.410593
-0.739	0.4128
-0.738	0.414801
-0.737	0.41659
-0.736	0.418168
-0.735	0.419531
-0.734	0.420679
-0.733	0.42161
-0.732	0.422323
-0.731	0.422818
-0.73	0.423095
-0.729	0.423148
-0.728	0.422986
-0.727	0.422605
-0.726	0.422004
-0.725	0.421185
-0.724	0.42015
-0.723	0.418898
-0.722	0.417428
-0.721	0.415749
-0.72	0.413857
-0.719	0.411756
-0.718	0.409448
-0.717	0.406934
-0.716	0.40422
-0.715	0.401304
-0.714	0.398195
-0.713	0.394891
-0.712	0.391399
-0.711	0.387721
-0.71	0.383863
-0.709	0.379828
-0.708	0.375618
-0.707	0.371241
-0.706	0.366697
-0.705	0.361997
-0.704	0.357144
-0.703	0.352139
-0.702	0.346994
-0.701	0.341708
-0.7	0.33629
-0.699	0.330747
-0.698	0.325081
-0.697	0.319305
-0.696	0.313417
-0.695	0.307428
-0.694	0.301344
-0.693	0.295169
-0.692	0.288912
-0.691	0.282581
-0.69	0.27618
-0.689	0.269717
-0.688	0.263196
-0.687	0.25663
-0.686	0.250021
-0.685	0.24338
-0.684	0.236709
-0.683	0.23002
-0.682	0.223316
-0.681	0.216609
-0.68	0.209901
-0.679	0.203203
-0.678	0.19652
-0.677	0.18986
-0.676	0.18323
-0.675	0.176639
-0.674	0.17009
-0.673	0.163592
-0.672	0.157154
-0.671	0.15078
-0.67	0.144478
-0.669	0.138255
-0.668	0.132116
-0.667	0.126069
-0.666	0.120121
-0.665	0.114278
-0.664	0.108545
-0.663	0.10293
-0.662	0.0974372
-0.661	0.092073
-0.66	0.0868434
-0.659	0.0817545
-0.658	0.076811
-0.657	0.0720181
-0.656	0.0673825
-0.655	0.0629068
-0.654	0.0585967
-0.653	0.0544582
-0.652	0.0504929
-0.651	0.0467074
-0.65	0.0431056
-0.649	0.0396899
-0.648	0.0364651
-0.647	0.033434
-0.646	0.0306007
-0.645	0.0279678
-0.644	0.0255381
-0.643	0.0233134
-0.642	0.0212974
-0.641	0.0194914
-0.64	0.0178979
-0.639	0.0165181
-0.638	0.0153533
-0.637	0.0144063
-0.636	0.0136758
-0.635	0.013164
-0.634	0.0128713
-0.633	0.0127979
-0.632	0.0129436
-0.631	0.013309
-0.63	0.0138926
-0.629	0.0146945
-0.628	0.0157139
-0.627	0.0169497
-0.626	0.0184002
-0.625	0.020064
-0.624	0.0219391
-0.623	0.0240244
-0.622	0.0263169
-0.621	0.0288143
-0.62	0.0315141
-0.619	0.0344121
-0.618	0.0375076
-0.617	0.0407951
-0.616	0.044273
-0.615	0.0479367
-0.614	0.0517814
-0.613	0.0558042
-0.612	0.0599995
-0.611	0.0643643
-0.61	0.0688937
-0.609	0.0735823
-0.608	0.078425
-0.607	0.0834174
-0.606	0.0885532
-0.605	0.0938267
-0.604	0.0992342
-0.603	0.104768
-0.602	0.110423
-0.601	0.116192
-0.6	0.122071
-0.599	0.128053
-0.598	0.13413
-0.597	0.140297
-0.596	0.146547
-0.595	0.152873
-0.594	0.159269
-0.593	0.165728
-0.592	0.172243
-0.591	0.178805
-0.59	0.185411
-0.589	0.192052
-0.588	0.198718
-0.587	0.205409
-0.586	0.21211
-0.585	0.218817
-0.584	0.225523
-0.583	0.232222
-0.582	0.238908
-0.581	0.24557
-0.58	0.252201
-0.579	0.258796
-0.578	0.265348
-0.577	0.271848
-0.576	0.278293
-0.575	0.284672
-0.574	0.290979
-0.573	0.297209
-0.572	0.303352
-0.571	0.309408
-0.57	0.315363
-0.569	0.321216
-0.568	0.326957
-0.567	0.33258
-0.566	0.338084
-0.565	0.343457
-0.564	0.348697
-0.563	0.353797
-0.562	0.358752
-0.561	0.363556
-0.56	0.368205
-0.559	0.372692
-0.558	0.377014
-0.557	0.381167
-0.556	0.385145
-0.555	0.388945
-0.554	0.392562
-0.553	0.395992
-0.552	0.399231
-0.551	0.402276
-0.55	0.405126
-0.549	0.407774
-0.548	0.410219
-0.547	0.412461
-0.546	0.414493
-0.545	0.416314
-0.544	0.417926
-0.543	0.41932
-0.542	0.420502
-0.541	0.421468
-0.54	0.422214
-0.539	0.422742
-0.538	0.423052
-0.537	0.423142
-0.536	0.423014
-0.535	0.422666
-0.534	0.422099
-0.533	0.421312
-0.532	0.420311
-0.531	0.419092
-0.53	0.417659
-0.529	0.41601
-0.528	0.414151
-0.527	0.412084
-0.526	0.409806
-0.525	0.407326
-0.524	0.404642
-0.523	0.401757
-0.522	0.398679
-0.521	0.395405
-0.52	0.391942
-0.519	0.388294
-0.518	0.384463
-0.517	0.380454
-0.516	0.376271
-0.515	0.37192
-0.514	0.367404
-0.513	0.362727
-0.512	0.357895
-0.511	0.352915
-0.51	0.34779
-0.509	0.342528
-0.508	0.337132
-0.507	0.331606
-0.506	0.325961
-0.505	0.320199
-0.504	0.314328
-0.503	0.308357
-0.502	0.302287
-0.501	0.296127
-0.5	0.289881
-0.499	0.283562
-0.498	0.27717
-0.497	0.270716
-0.496	0.264208
-0.495	0.257647
-0.494	0.251044
-0.493	0.244406
-0.492	0.237741
-0.491	0.231054
-0.49	0.224353
-0.489	0.217646
-0.488	0.210938
-0.487	0.204237
-0.486	0.197553
-0.485	0.190889
-0.484	0.184255
-0.483	0.177657
-0.482	0.171101
-0.481	0.164595
-0.48	0.158147
-0.479	0.151763
-0.478	0.145449
-0.477	0.139214
-0.476	0.133063
-0.475	0.127001
-0.474	0.121037
-0.473	0.115177
-0.472	0.109427
-0.471	0.103793
-0.47	0.0982814
-0.469	0.0928968
-0.468	0.0876464
-0.467	0.082536
-0.466	0.0775692
-0.465	0.0727524
-0.464	0.0680921
-0.463	0.0635913
-0.462	0.0592559
-0.461	0.0550893
-0.46	0.051098
-0.459	0.0472839
-0.458	0.0436535
-0.457	0.0402087
-0.456	0.036954
-0.455	0.0338928
-0.454	0.0310286
-0.453	0.0283643
-0.452	0.0259022
-0.451	0.0236462
-0.45	0.0215976
-0.449	0.0197588
-0.448	0.0181322
-0.447	0.0167187
-0.446	0.0155207
-0.445	0.0145393
-0.444	0.0137751
-0.443	0.0132294
-0.442	0.0129024
-0.441	0.0127946
-0.44	0.0129066
-0.439	0.0132374
-0.438	0.0137874
-0.437	0.0145554
-0.436	0.0155406
-0.435	0.0167426
-0.434	0.0181599
-0.433	0.0197907
-0.432	0.021633
-0.431	0.0236855
-0.43	0.0259459
-0.429	0.028411
-0.428	0.0310793
-0.427	0.0339474
-0.426	0.037012
-0.425	0.0402702
-0.424	0.0437181
-0.423	0.0473521
-0.422	0.0511692
-0.421	0.0551644
-0.42	0.0593339
-0.419	0.0636725
-0.418	0.0681753
-0.417	0.0728397
-0.416	0.0776585
-0.415	0.0826283
-0.414	0.0877533
-0.413	0.0930408
-0.412	0.0984892
-0.411	0.104097
-0.41	0.109859
-0.409	0.115774
-0.408	0.121839
-0.407	0.12805
-0.406	0.134403
-0.405	0.140895
-0.404	0.147524
-0.403	0.154287
-0.402	0.161179
-0.401	0.168196
-0.4	0.175336
-0.399	0.182595
-0.398	0.189968
-0.397	0.197452
-0.396	0.205043
-0.395	0.212738
-0.394	0.220531
-0.393	0.22842
-0.392	0.236399
-0.391	0.244466
-0.39	0.252615
-0.389	0.260843
-0.388	0.269144
-0.387	0.277516
-0.386	0.285954
-0.385	0.294452
-0.384	0.303007
-0.383	0.311614
-0.382	0.320269
-0.381	0.328967
-0.38	0.337704
-0.379	0.346474
-0.378	0.355276
-0.377	0.364102
-0.376	0.372949
-0.375	0.381813
-0.374	0.390687
-0.373	0.399567
-0.372	0.408449
-0.371	0.417328
-0.37	0.426202
-0.369	0.435064
-0.368	0.44391
-0.367	0.452736
-0.366	0.461536
-0.365	0.470305
-0.364	0.479058
-0.363	0.487811
-0.362	0.496562
-0.361	0.505303
-0.36	0.514037
-0.359	0.522757
-0.358	0.531458
-0.357	0.54014
-0.356	0.548798
-0.355	0.557428
-0.354	0.566026
-0.353	0.574591
-0.352	0.583119
-0.351	0.591607
-0.35	0.600053
-0.349	0.608448
-0.348	0.616796
-0.347	0.625088
-0.346	0.633324
-0.345	0.641504
-0.344	0.649616
-0.343	0.657665
-0.342	0.665641
-0.341	0.673545
-0.34	0.681375
-0.339	0.689127
-0.338	0.696799
-0.337	0.704385
-0.336	0.711882
-0.335	0.71929
-0.334	0.726605
-0.333	0.733827
-0.332	0.740946
-0.331	0.747964
-0.33	0.754878
-0.329	0.761684
-0.328	0.768382
-0.327	0.77497
-0.326	0.781442
-0.325	0.787795
-0.324	0.794029
-0.323	0.800142
-0.322	0.806133
-0.321	0.811994
-0.32	0.817727
-0.319	0.823328
-0.318	0.828796
-0.317	0.834127
-0.316	0.839323
-0.315	0.844379
-0.314	0.849292
-0.313	0.854066
-0.312	0.858691
-0.311	0.86317
-0.31	0.867502
-0.309	0.871682
-0.308	0.875708
-0.307	0.879584
-0.306	0.883303
-0.305	0.886863
-0.304	0.890271
-0.303	0.893516
-0.302	0.896602
-0.301	0.899529
-0.3	0.902291
-0.299	0.904888
-0.298	0.907322
-0.297	0.90959
-0.296	0.91169
-0.295	0.913624
-0.294	0.915389
-0.293	0.916986
-0.292	0.918418
-0.291	0.919675
-0.29	0.920765
-0.289	0.921682
-0.288	0.922426
-0.287	0.923
-0.286	0.923404
-0.285	0.923637
-0.284	0.923696
-0.283	0.923584
-0.282	0.9233
-0.281	0.922847
-0.28	0.922222
-0.279	0.921423
-0.278	0.920454
-0.277	0.919315
-0.276	0.918005
-0.275	0.916527
-0.274	0.914881
-0.273	0.913065
-0.272	0.911084
-0.271	0.908935
-0.27	0.90662
-0.269	0.904138
-0.268	0.901495
-0.267	0.898688
-0.266	0.895719
-0.265	0.89259
-0.264	0.8893
-0.263	0.885854
-0.262	0.882248
-0.261	0.878491
-0.26	0.874579
-0.259	0.870513
-0.258	0.866298
-0.257	0.861932
-0.256	0.857421
-0.255	0.852763
-0.254	0.847962
-0.253	0.843019
-0.252	0.837933
-0.251	0.832714
-0.25	0.827354
-0.249	0.821864
-0.248	0.816242
-0.247	0.81049
-0.246	0.80461
-0.245	0.798607
-0.244	0.79248
-0.243	0.786232
-0.242	0.779871
-0.241	0.773389
-0.24	0.766796
-0.239	0.760094
-0.238	0.753282
-0.237	0.746367
-0.236	0.739351
-0.235	0.732232
-0.234	0.72502
-0.233	0.717712
-0.232	0.710314
-0.231	0.702831
-0.23	0.69526
-0.229	0.687604
-0.228	0.679869
-0.227	0.672061
-0.226	0.664178
-0.225	0.656227
-0.224	0.64821
-0.223	0.640125
-0.222	0.631983
-0.221	0.623782
-0.22	0.615526
-0.219	0.607221
-0.218	0.598864
-0.217	0.590466
-0.216	0.582025
-0.215	0.573548
-0.214	0.565034
-0.213	0.556491
-0.212	0.547921
-0.211	0.539323
-0.21	0.530706
-0.209	0.522068
-0.208	0.513417
-0.207	0.504756
-0.206	0.496086
-0.205	0.487413
-0.204	0.478739
-0.203	0.470064
-0.202	0.461398
-0.201	0.452741
-0.2	0.444095
-0.199	0.435466
-0.198	0.426854
-0.197	0.418266
-0.196	0.409704
-0.195	0.401172
-0.194	0.392671
-0.193	0.384207
-0.192	0.375782
-0.191	0.367399
-0.19	0.359063
-0.189	0.350777
-0.188	0.342541
-0.187	0.33436
-0.186	0.326239
-0.185	0.31818
-0.184	0.310185
-0.183	0.302259
-0.182	0.294403
-0.181	0.286623
-0.18	0.27892
-0.179	0.271298
-0.178	0.263758
-0.177	0.256304
-0.176	0.248939
-0.175	0.241667
-0.174	0.234489
-0.173	0.227409
-0.172	0.22043
-0.171	0.213554
-0.17	0.206783
-0.169	0.200123
-0.168	0.193572
-0.167	0.187134
-0.166	0.180815
-0.165	0.174612
-0.164	0.168531
-0.163	0.162573
-0.162	0.156741
-0.161	0.151037
-0.16	0.145464
-0.159	0.140023
-0.158	0.134717
-0.157	0.129548
-0.156	0.124516
-0.155	0.119626
-0.154	0.114879
-0.153	0.110276
-0.152	0.105819
-0.151	0.10151
-0.15	0.0973502
-0.149	0.0933428
-0.148	0.0894884
-0.147	0.0857876
-0.146	0.0822432
-0.145	0.0788561
-0.144	0.0756266
-0.143	0.0725586
-0.142	0.0696511
-0.141	0.0669052
-0.14	0.0643232
-0.139	0.0619058
-0.138	0.0596529
-0.137	0.0575663
-0.136	0.055647
-0.135	0.0538951
-0.134	0.0523125
-0.133	0.0508986
-0.132	0.0496543
-0.131	0.0485802
-0.13	0.0476764
-0.129	0.0469436
-0.128	0.0463826
-0.127	0.045993
-0.126	0.0457746
-0.125	0.0457279
-0.124	0.0458536
-0.123	0.0461509
-0.122	0.0466196
-0.121	0.0472602
-0.12	0.0480716
-0.119	0.0490545
-0.118	0.0502074
-0.117	0.0515312
-0.116	0.0530247
-0.115	0.0546867
-0.114	0.0565176
-0.113	0.0585158
-0.112	0.0606813
-0.111	0.063013
-0.11	0.06551
-0.109	0.0681717
-0.108	0.0709968
-0.107	0.0739837
-0.106	0.0771321
-0.105	0.0804401
-0.104	0.0839069
-0.103	0.0875313
-0.102	0.0913115
-0.101	0.0952467
-0.1	0.0993344
