-4	2.93136e-024
-3.999	2.92888e-024
-3.998	2.92569e-024
-3.997	2.92183e-024
-3.996	2.91727e-024
-3.995	2.91201e-024
-3.994	2.90607e-024
-3.993	2.89945e-024
-3.992	2.89215e-024
-3.991	2.88417e-024
-3.99	2.87552e-024
-3.989	2.8662e-024
-3.988	2.85622e-024
-3.987	2.84558e-024
-3.986	2.8343e-024
-3.985	2.82238e-024
-3.984	2.80982e-024
-3.983	2.79663e-024
-3.982	2.78282e-024
-3.981	2.76839e-024
-3.98	2.75338e-024
-3.979	2.73775e-024
-3.978	2.72156e-024
-3.977	2.7048e-024
-3.976	2.68749e-024
-3.975	2.66964e-024
-3.974	2.65124e-024
-3.973	2.63234e-024
-3.972	2.61293e-024
-3.971	2.59304e-024
-3.97	2.57267e-024
-3.969	2.55184e-024
-3.968	2.53058e-024
-3.967	2.50891e-024
-3.966	2.48682e-024
-3.965	2.46434e-024
-3.964	2.4415e-024
-3.963	2.41831e-024
-3.962	2.39479e-024
-3.961	2.37097e-024
-3.96	2.34685e-024
-3.959	2.32248e-024
-3.958	2.29786e-024
-3.957	2.27303e-024
-3.956	2.24801e-024
-3.955	2.22282e-024
-3.954	2.19747e-024
-3.953	2.172e-024
-3.952	2.14644e-024
-3.951	2.12081e-024
-3.95	2.09514e-024
-3.949	2.06947e-024
-3.948	2.04379e-024
-3.947	2.01817e-024
-3.946	1.9926e-024
-3.945	1.96713e-024
-3.944	1.9418e-024
-3.943	1.91664e-024
-3.942	1.89165e-024
-3.941	1.86688e-024
-3.94	1.84236e-024
-3.939	1.81813e-024
-3.938	1.7942e-024
-3.937	1.77063e-024
-3.936	1.74744e-024
-3.935	1.72466e-024
-3.934	1.70232e-024
-3.933	1.68047e-024
-3.932	1.65912e-024
-3.931	1.63833e-024
-3.93	1.61812e-024
-3.929	1.59852e-024
-3.928	1.57957e-024
-3.927	1.56131e-024
-3.926	1.54377e-024
-3.925	1.52699e-024
-3.924	1.511e-024
-3.923	1.49584e-024
-3.922	1.48153e-024
-3.921	1.46812e-024
-3.92	1.45564e-024
-3.919	1.44414e-024
-3.918	1.43364e-024
-3.917	1.42417e-024
-3.916	1.41578e-024
-3.915	1.4085e-024
-3.914	1.40235e-024
-3.913	1.39739e-024
-3.912	1.39364e-024
-3.911	1.39114e-024
-3.91	1.38991e-024
-3.909	1.39e-024
-3.908	1.39143e-024
-3.907	1.39425e-024
-3.906	1.39847e-024
-3.905	1.40414e-024
-3.904	1.41128e-024
-3.903	1.41993e-024
-3.902	1.43012e-024
-3.901	1.44186e-024
-3.9	1.4552e-024
-3.899	1.47018e-024
-3.898	1.4868e-024
-3.897	1.5051e-024
-3.896	1.5251e-024
-3.895	1.54682e-024
-3.894	1.57032e-024
-3.893	1.59558e-024
-3.892	1.62265e-024
-3.891	1.65153e-024
-3.89	1.68227e-024
-3.889	1.71487e-024
-3.888	1.74936e-024
-3.887	1.78574e-024
-3.886	1.82405e-024
-3.885	1.86429e-024
-3.884	1.90647e-024
-3.883	1.95061e-024
-3.882	1.99673e-024
-3.881	2.04484e-024
-3.88	2.09494e-024
-3.879	2.14705e-024
-3.878	2.20116e-024
-3.877	2.25728e-024
-3.876	2.31543e-024
-3.875	2.37559e-024
-3.874	2.43777e-024
-3.873	2.50197e-024
-3.872	2.56819e-024
-3.871	2.63643e-024
-3.87	2.70668e-024
-3.869	2.77893e-024
-3.868	2.85318e-024
-3.867	2.9294e-024
-3.866	3.00757e-024
-3.865	3.08772e-024
-3.864	3.16981e-024
-3.863	3.25381e-024
-3.862	3.33973e-024
-3.861	3.42753e-024
-3.86	3.51719e-024
-3.859	3.60866e-024
-3.858	3.70193e-024
-3.857	3.797e-024
-3.856	3.89381e-024
-3.855	3.99234e-024
-3.854	4.09252e-024
-3.853	4.19435e-024
-3.852	4.29779e-024
-3.851	4.40277e-024
-3.85	4.50928e-024
-3.849	4.61726e-024
-3.848	4.72669e-024
-3.847	4.83747e-024
-3.846	4.94956e-024
-3.845	5.06294e-024
-3.844	5.17754e-024
-3.843	5.29332e-024
-3.842	5.41019e-024
-3.841	5.5281e-024
-3.84	5.64698e-024
-3.839	5.76677e-024
-3.838	5.88741e-024
-3.837	6.00884e-024
-3.836	6.13097e-024
-3.835	6.25371e-024
-3.834	6.37703e-024
-3.833	6.50084e-024
-3.832	6.62507e-024
-3.831	6.74963e-024
-3.83	6.87443e-024
-3.829	6.99938e-024
-3.828	7.12444e-024
-3.827	7.24946e-024
-3.826	7.37441e-024
-3.825	7.49919e-024
-3.824	7.62367e-024
-3.823	7.74781e-024
-3.822	7.87148e-024
-3.821	7.99459e-024
-3.82	8.11706e-024
-3.819	8.23877e-024
-3.818	8.35967e-024
-3.817	8.47965e-024
-3.816	8.59856e-024
-3.815	8.71633e-024
-3.814	8.83287e-024
-3.813	8.94809e-024
-3.812	9.06185e-024
-3.811	9.17406e-024
-3.81	9.28464e-024
-3.809	9.39348e-024
-3.808	9.50045e-024
-3.807	9.6055e-024
-3.806	9.70844e-024
-3.805	9.80923e-024
-3.804	9.90776e-024
-3.803	1.0004e-023
-3.802	1.00977e-023
-3.801	1.01888e-023
-3.8	1.02773e-023
-3.799	1.03629e-023
-3.798	1.04458e-023
-3.797	1.05257e-023
-3.796	1.06024e-023
-3.795	1.06761e-023
-3.794	1.07465e-023
-3.793	1.08136e-023
-3.792	1.08772e-023
-3.791	1.09373e-023
-3.79	1.09939e-023
-3.789	1.10467e-023
-3.788	1.10957e-023
-3.787	1.11409e-023
-3.786	1.11823e-023
-3.785	1.12195e-023
-3.784	1.12528e-023
-3.783	1.12819e-023
-3.782	1.13069e-023
-3.781	1.13276e-023
-3.78	1.1344e-023
-3.779	1.1356e-023
-3.778	1.13637e-023
-3.777	1.13669e-023
-3.776	1.13656e-023
-3.775	1.13598e-023
-3.774	1.13494e-023
-3.773	1.13346e-023
-3.772	1.1315e-023
-3.771	1.1291e-023
-3.77	1.12623e-023
-3.769	1.1229e-023
-3.768	1.11911e-023
-3.767	1.11487e-023
-3.766	1.11016e-023
-3.765	1.105e-023
-3.764	1.09939e-023
-3.763	1.09333e-023
-3.762	1.08683e-023
-3.761	1.07989e-023
-3.76	1.07251e-023
-3.759	1.06471e-023
-3.758	1.05649e-023
-3.757	1.04786e-023
-3.756	1.03883e-023
-3.755	1.02941e-023
-3.754	1.01961e-023
-3.753	1.00944e-023
-3.752	9.98912e-024
-3.751	9.88043e-024
-3.75	9.76845e-024
-3.749	9.65329e-024
-3.748	9.5352e-024
-3.747	9.41432e-024
-3.746	9.2908e-024
-3.745	9.16489e-024
-3.744	9.03676e-024
-3.743	8.90654e-024
-3.742	8.7746e-024
-3.741	8.6411e-024
-3.74	8.50631e-024
-3.739	8.37043e-024
-3.738	8.23378e-024
-3.737	8.09661e-024
-3.736	7.95917e-024
-3.735	7.82184e-024
-3.734	7.68492e-024
-3.733	7.5487e-024
-3.732	7.41349e-024
-3.731	7.27967e-024
-3.73	7.1476e-024
-3.729	7.01764e-024
-3.728	6.89019e-024
-3.727	6.7656e-024
-3.726	6.64429e-024
-3.725	6.52669e-024
-3.724	6.41324e-024
-3.723	6.30432e-024
-3.722	6.20043e-024
-3.721	6.1021e-024
-3.72	6.00967e-024
-3.719	5.92366e-024
-3.718	5.8446e-024
-3.717	5.77301e-024
-3.716	5.70941e-024
-3.715	5.65433e-024
-3.714	5.60829e-024
-3.713	5.57187e-024
-3.712	5.54564e-024
-3.711	5.53018e-024
-3.71	5.52608e-024
-3.709	5.53393e-024
-3.708	5.55436e-024
-3.707	5.58798e-024
-3.706	5.63546e-024
-3.705	5.69739e-024
-3.704	5.77447e-024
-3.703	5.86736e-024
-3.702	5.97672e-024
-3.701	6.10323e-024
-3.7	6.2476e-024
-3.699	6.41052e-024
-3.698	6.5927e-024
-3.697	6.79491e-024
-3.696	7.01784e-024
-3.695	7.26222e-024
-3.694	7.52881e-024
-3.693	7.81833e-024
-3.692	8.13158e-024
-3.691	8.46935e-024
-3.69	8.83236e-024
-3.689	9.22138e-024
-3.688	9.63722e-024
-3.687	1.00807e-023
-3.686	1.05526e-023
-3.685	1.10536e-023
-3.684	1.15847e-023
-3.683	1.21466e-023
-3.682	1.274e-023
-3.681	1.33659e-023
-3.68	1.40251e-023
-3.679	1.47182e-023
-3.678	1.54462e-023
-3.677	1.62099e-023
-3.676	1.70101e-023
-3.675	1.78477e-023
-3.674	1.87233e-023
-3.673	1.96378e-023
-3.672	2.0592e-023
-3.671	2.15868e-023
-3.67	2.26229e-023
-3.669	2.37011e-023
-3.668	2.48222e-023
-3.667	2.59871e-023
-3.666	2.71964e-023
-3.665	2.84509e-023
-3.664	2.97514e-023
-3.663	3.10986e-023
-3.662	3.24934e-023
-3.661	3.39364e-023
-3.66	3.54283e-023
-3.659	3.69698e-023
-3.658	3.85617e-023
-3.657	4.02047e-023
-3.656	4.18994e-023
-3.655	4.36464e-023
-3.654	4.54464e-023
-3.653	4.73e-023
-3.652	4.92078e-023
-3.651	5.11705e-023
-3.65	5.31885e-023
-3.649	5.52625e-023
-3.648	5.73929e-023
-3.647	5.95803e-023
-3.646	6.1825e-023
-3.645	6.41279e-023
-3.644	6.6489e-023
-3.643	6.89088e-023
-3.642	7.1388e-023
-3.641	7.39264e-023
-3.64	7.65249e-023
-3.639	7.91834e-023
-3.638	8.19024e-023
-3.637	8.4682e-023
-3.636	8.75226e-023
-3.635	9.04242e-023
-3.634	9.33871e-023
-3.633	9.64115e-023
-3.632	9.94974e-023
-3.631	1.02645e-022
-3.63	1.05854e-022
-3.629	1.09124e-022
-3.628	1.12456e-022
-3.627	1.15849e-022
-3.626	1.19304e-022
-3.625	1.22819e-022
-3.624	1.26396e-022
-3.623	1.30033e-022
-3.622	1.33731e-022
-3.621	1.37488e-022
-3.62	1.41305e-022
-3.619	1.45182e-022
-3.618	1.49117e-022
-3.617	1.53111e-022
-3.616	1.57163e-022
-3.615	1.61271e-022
-3.614	1.65437e-022
-3.613	1.69658e-022
-3.612	1.73934e-022
-3.611	1.78265e-022
-3.61	1.82649e-022
-3.609	1.87086e-022
-3.608	1.91574e-022
-3.607	1.96114e-022
-3.606	2.00703e-022
-3.605	2.05341e-022
-3.604	2.10027e-022
-3.603	2.14759e-022
-3.602	2.19537e-022
-3.601	2.24358e-022
-3.6	2.29223e-022
-3.599	2.34128e-022
-3.598	2.39074e-022
-3.597	2.44059e-022
-3.596	2.49079e-022
-3.595	2.54136e-022
-3.594	2.59227e-022
-3.593	2.6435e-022
-3.592	2.69503e-022
-3.591	2.74686e-022
-3.59	2.79895e-022
-3.589	2.85129e-022
-3.588	2.90387e-022
-3.587	2.95666e-022
-3.586	3.00964e-022
-3.585	3.0628e-022
-3.584	3.11611e-022
-3.583	3.16956e-022
-3.582	3.22311e-022
-3.581	3.27675e-022
-3.58	3.33046e-022
-3.579	3.38421e-022
-3.578	3.43797e-022
-3.577	3.49174e-022
-3.576	3.54548e-022
-3.575	3.59917e-022
-3.574	3.65277e-022
-3.573	3.70628e-022
-3.572	3.75966e-022
-3.571	3.81288e-022
-3.57	3.86592e-022
-3.569	3.91875e-022
-3.568	3.97137e-022
-3.567	4.02372e-022
-3.566	4.07579e-022
-3.565	4.12754e-022
-3.564	4.17896e-022
-3.563	4.23e-022
-3.562	4.28064e-022
-3.561	4.33086e-022
-3.56	4.38063e-022
-3.559	4.42992e-022
-3.558	4.4787e-022
-3.557	4.52695e-022
-3.556	4.57463e-022
-3.555	4.62171e-022
-3.554	4.66816e-022
-3.553	4.71396e-022
-3.552	4.75908e-022
-3.551	4.80349e-022
-3.55	4.84717e-022
-3.549	4.89009e-022
-3.548	4.93221e-022
-3.547	4.97352e-022
-3.546	5.01397e-022
-3.545	5.05353e-022
-3.544	5.09219e-022
-3.543	5.12992e-022
-3.542	5.16671e-022
-3.541	5.2025e-022
-3.54	5.23728e-022
-3.539	5.27104e-022
-3.538	5.30372e-022
-3.537	5.33533e-022
-3.536	5.36583e-022
-3.535	5.39518e-022
-3.534	5.42338e-022
-3.533	5.45041e-022
-3.532	5.47623e-022
-3.531	5.50083e-022
-3.53	5.52419e-022
-3.529	5.54627e-022
-3.528	5.56708e-022
-3.527	5.58659e-022
-3.526	5.60478e-022
-3.525	5.62164e-022
-3.524	5.63716e-022
-3.523	5.65128e-022
-3.522	5.66401e-022
-3.521	5.67536e-022
-3.52	5.6853e-022
-3.519	5.69384e-022
-3.518	5.70094e-022
-3.517	5.70663e-022
-3.516	5.71087e-022
-3.515	5.71365e-022
-3.514	5.71498e-022
-3.513	5.71485e-022
-3.512	5.71325e-022
-3.511	5.71018e-022
-3.51	5.70564e-022
-3.509	5.69966e-022
-3.508	5.6922e-022
-3.507	5.68329e-022
-3.506	5.67294e-022
-3.505	5.66115e-022
-3.504	5.64791e-022
-3.503	5.63323e-022
-3.502	5.61717e-022
-3.501	5.5997e-022
-3.5	5.58085e-022
-3.499	5.56063e-022
-3.498	5.53907e-022
-3.497	5.51616e-022
-3.496	5.49195e-022
-3.495	5.46645e-022
-3.494	5.43969e-022
-3.493	5.41171e-022
-3.492	5.38252e-022
-3.491	5.35218e-022
-3.49	5.3207e-022
-3.489	5.2881e-022
-3.488	5.25445e-022
-3.487	5.21975e-022
-3.486	5.18408e-022
-3.485	5.14746e-022
-3.484	5.10993e-022
-3.483	5.07156e-022
-3.482	5.0324e-022
-3.481	4.99248e-022
-3.48	4.95186e-022
-3.479	4.9106e-022
-3.478	4.86874e-022
-3.477	4.82635e-022
-3.476	4.78348e-022
-3.475	4.74023e-022
-3.474	4.69662e-022
-3.473	4.65275e-022
-3.472	4.60868e-022
-3.471	4.56447e-022
-3.47	4.52021e-022
-3.469	4.47596e-022
-3.468	4.43181e-022
-3.467	4.38783e-022
-3.466	4.34409e-022
-3.465	4.30071e-022
-3.464	4.25775e-022
-3.463	4.2153e-022
-3.462	4.17346e-022
-3.461	4.13231e-022
-3.46	4.09194e-022
-3.459	4.05245e-022
-3.458	4.01395e-022
-3.457	3.97653e-022
-3.456	3.94028e-022
-3.455	3.90531e-022
-3.454	3.87173e-022
-3.453	3.83964e-022
-3.452	3.80914e-022
-3.451	3.78035e-022
-3.45	3.75339e-022
-3.449	3.72835e-022
-3.448	3.70536e-022
-3.447	3.68453e-022
-3.446	3.66597e-022
-3.445	3.64982e-022
-3.444	3.63618e-022
-3.443	3.62516e-022
-3.442	3.61689e-022
-3.441	3.61151e-022
-3.44	3.60913e-022
-3.439	3.60989e-022
-3.438	3.61388e-022
-3.437	3.62126e-022
-3.436	3.63214e-022
-3.435	3.64665e-022
-3.434	3.66493e-022
-3.433	3.68709e-022
-3.432	3.71327e-022
-3.431	3.74361e-022
-3.43	3.77822e-022
-3.429	3.81726e-022
-3.428	3.86083e-022
-3.427	3.90905e-022
-3.426	3.96209e-022
-3.425	4.02006e-022
-3.424	4.08308e-022
-3.423	4.1513e-022
-3.422	4.22483e-022
-3.421	4.30382e-022
-3.42	4.38839e-022
-3.419	4.47865e-022
-3.418	4.57473e-022
-3.417	4.67678e-022
-3.416	4.78491e-022
-3.415	4.89922e-022
-3.414	5.01987e-022
-3.413	5.14698e-022
-3.412	5.28063e-022
-3.411	5.42098e-022
-3.41	5.5681e-022
-3.409	5.72214e-022
-3.408	5.88321e-022
-3.407	6.05141e-022
-3.406	6.22684e-022
-3.405	6.40962e-022
-3.404	6.59984e-022
-3.403	6.7976e-022
-3.402	7.00304e-022
-3.401	7.21619e-022
-3.4	7.43718e-022
-3.399	7.6661e-022
-3.398	7.90301e-022
-3.397	8.14801e-022
-3.396	8.4012e-022
-3.395	8.6626e-022
-3.394	8.93233e-022
-3.393	9.21045e-022
-3.392	9.49699e-022
-3.391	9.79205e-022
-3.39	1.00957e-021
-3.389	1.0408e-021
-3.388	1.07289e-021
-3.387	1.10585e-021
-3.386	1.13968e-021
-3.385	1.17439e-021
-3.384	1.20999e-021
-3.383	1.24647e-021
-3.382	1.28383e-021
-3.381	1.32208e-021
-3.38	1.36122e-021
-3.379	1.40124e-021
-3.378	1.44215e-021
-3.377	1.48395e-021
-3.376	1.52665e-021
-3.375	1.57022e-021
-3.374	1.61467e-021
-3.373	1.66e-021
-3.372	1.7062e-021
-3.371	1.75328e-021
-3.37	1.80122e-021
-3.369	1.85002e-021
-3.368	1.89967e-021
-3.367	1.95018e-021
-3.366	2.00152e-021
-3.365	2.0537e-021
-3.364	2.1067e-021
-3.363	2.16051e-021
-3.362	2.21513e-021
-3.361	2.27055e-021
-3.36	2.32674e-021
-3.359	2.3837e-021
-3.358	2.44142e-021
-3.357	2.49989e-021
-3.356	2.55909e-021
-3.355	2.619e-021
-3.354	2.67961e-021
-3.353	2.74091e-021
-3.352	2.80288e-021
-3.351	2.86549e-021
-3.35	2.92873e-021
-3.349	2.99259e-021
-3.348	3.05705e-021
-3.347	3.12207e-021
-3.346	3.18765e-021
-3.345	3.25375e-021
-3.344	3.32037e-021
-3.343	3.38747e-021
-3.342	3.45504e-021
-3.341	3.52304e-021
-3.34	3.59145e-021
-3.339	3.66025e-021
-3.338	3.72942e-021
-3.337	3.79892e-021
-3.336	3.86872e-021
-3.335	3.9388e-021
-3.334	4.00914e-021
-3.333	4.0797e-021
-3.332	4.15044e-021
-3.331	4.22136e-021
-3.33	4.29239e-021
-3.329	4.36352e-021
-3.328	4.43473e-021
-3.327	4.50597e-021
-3.326	4.5772e-021
-3.325	4.64842e-021
-3.324	4.71955e-021
-3.323	4.7906e-021
-3.322	4.86152e-021
-3.321	4.93225e-021
-3.32	5.00278e-021
-3.319	5.07308e-021
-3.318	5.14309e-021
-3.317	5.21281e-021
-3.316	5.28216e-021
-3.315	5.35112e-021
-3.314	5.41966e-021
-3.313	5.48774e-021
-3.312	5.55533e-021
-3.311	5.62237e-021
-3.31	5.68884e-021
-3.309	5.75471e-021
-3.308	5.8199e-021
-3.307	5.88442e-021
-3.306	5.94821e-021
-3.305	6.01123e-021
-3.304	6.07346e-021
-3.303	6.13484e-021
-3.302	6.19533e-021
-3.301	6.25491e-021
-3.3	6.31354e-021
-3.299	6.37118e-021
-3.298	6.42778e-021
-3.297	6.48332e-021
-3.296	6.53776e-021
-3.295	6.59105e-021
-3.294	6.64317e-021
-3.293	6.69408e-021
-3.292	6.74376e-021
-3.291	6.79215e-021
-3.29	6.83922e-021
-3.289	6.88494e-021
-3.288	6.92929e-021
-3.287	6.97224e-021
-3.286	7.01373e-021
-3.285	7.05374e-021
-3.284	7.09226e-021
-3.283	7.12926e-021
-3.282	7.1647e-021
-3.281	7.19852e-021
-3.28	7.23074e-021
-3.279	7.26132e-021
-3.278	7.29024e-021
-3.277	7.31748e-021
-3.276	7.34302e-021
-3.275	7.36682e-021
-3.274	7.38886e-021
-3.273	7.40912e-021
-3.272	7.42762e-021
-3.271	7.44431e-021
-3.27	7.45918e-021
-3.269	7.47223e-021
-3.268	7.48342e-021
-3.267	7.49278e-021
-3.266	7.50027e-021
-3.265	7.50587e-021
-3.264	7.50962e-021
-3.263	7.51151e-021
-3.262	7.51149e-021
-3.261	7.5096e-021
-3.26	7.50584e-021
-3.259	7.50017e-021
-3.258	7.49265e-021
-3.257	7.48326e-021
-3.256	7.472e-021
-3.255	7.45889e-021
-3.254	7.44397e-021
-3.253	7.42721e-021
-3.252	7.40864e-021
-3.251	7.3883e-021
-3.25	7.36619e-021
-3.249	7.34234e-021
-3.248	7.31675e-021
-3.247	7.28948e-021
-3.246	7.26055e-021
-3.245	7.22996e-021
-3.244	7.19779e-021
-3.243	7.16404e-021
-3.242	7.1288e-021
-3.241	7.09205e-021
-3.24	7.05387e-021
-3.239	7.01429e-021
-3.238	6.97334e-021
-3.237	6.93111e-021
-3.236	6.88764e-021
-3.235	6.84294e-021
-3.234	6.79712e-021
-3.233	6.75022e-021
-3.232	6.70231e-021
-3.231	6.65342e-021
-3.23	6.60367e-021
-3.229	6.55309e-021
-3.228	6.50176e-021
-3.227	6.44979e-021
-3.226	6.39721e-021
-3.225	6.3441e-021
-3.224	6.29055e-021
-3.223	6.23666e-021
-3.222	6.18249e-021
-3.221	6.12815e-021
-3.22	6.07373e-021
-3.219	6.01932e-021
-3.218	5.965e-021
-3.217	5.91089e-021
-3.216	5.85706e-021
-3.215	5.80364e-021
-3.214	5.75072e-021
-3.213	5.69843e-021
-3.212	5.64687e-021
-3.211	5.59613e-021
-3.21	5.54633e-021
-3.209	5.4976e-021
-3.208	5.45006e-021
-3.207	5.40383e-021
-3.206	5.359e-021
-3.205	5.31573e-021
-3.204	5.27412e-021
-3.203	5.23431e-021
-3.202	5.19643e-021
-3.201	5.16061e-021
-3.2	5.12698e-021
-3.199	5.09566e-021
-3.198	5.06681e-021
-3.197	5.04057e-021
-3.196	5.01707e-021
-3.195	4.99643e-021
-3.194	4.97881e-021
-3.193	4.96434e-021
-3.192	4.95319e-021
-3.191	4.94547e-021
-3.19	4.94136e-021
-3.189	4.94097e-021
-3.188	4.94448e-021
-3.187	4.95203e-021
-3.186	4.96374e-021
-3.185	4.9798e-021
-3.184	5.00034e-021
-3.183	5.02551e-021
-3.182	5.05546e-021
-3.181	5.09035e-021
-3.18	5.13032e-021
-3.179	5.17552e-021
-3.178	5.22611e-021
-3.177	5.28222e-021
-3.176	5.34403e-021
-3.175	5.41168e-021
-3.174	5.48529e-021
-3.173	5.56503e-021
-3.172	5.65107e-021
-3.171	5.74354e-021
-3.17	5.84257e-021
-3.169	5.94831e-021
-3.168	6.06091e-021
-3.167	6.18051e-021
-3.166	6.30726e-021
-3.165	6.44128e-021
-3.164	6.58273e-021
-3.163	6.73171e-021
-3.162	6.8884e-021
-3.161	7.05289e-021
-3.16	7.22536e-021
-3.159	7.40587e-021
-3.158	7.59459e-021
-3.157	7.79162e-021
-3.156	7.9971e-021
-3.155	8.21115e-021
-3.154	8.43386e-021
-3.153	8.66534e-021
-3.152	8.90571e-021
-3.151	9.15508e-021
-3.15	9.41352e-021
-3.149	9.68117e-021
-3.148	9.95809e-021
-3.147	1.02444e-020
-3.146	1.05402e-020
-3.145	1.08454e-020
-3.144	1.11603e-020
-3.143	1.14849e-020
-3.142	1.18192e-020
-3.141	1.21634e-020
-3.14	1.25174e-020
-3.139	1.28814e-020
-3.138	1.32554e-020
-3.137	1.36393e-020
-3.136	1.40334e-020
-3.135	1.44375e-020
-3.134	1.48518e-020
-3.133	1.52762e-020
-3.132	1.57108e-020
-3.131	1.61556e-020
-3.13	1.66105e-020
-3.129	1.70756e-020
-3.128	1.75509e-020
-3.127	1.80364e-020
-3.126	1.85321e-020
-3.125	1.90378e-020
-3.124	1.95537e-020
-3.123	2.00796e-020
-3.122	2.06155e-020
-3.121	2.11614e-020
-3.12	2.17172e-020
-3.119	2.22828e-020
-3.118	2.28583e-020
-3.117	2.34434e-020
-3.116	2.4038e-020
-3.115	2.46423e-020
-3.114	2.5256e-020
-3.113	2.5879e-020
-3.112	2.65112e-020
-3.111	2.71525e-020
-3.11	2.78028e-020
-3.109	2.84619e-020
-3.108	2.91297e-020
-3.107	2.9806e-020
-3.106	3.04907e-020
-3.105	3.11837e-020
-3.104	3.18847e-020
-3.103	3.25936e-020
-3.102	3.33102e-020
-3.101	3.40344e-020
-3.1	3.47658e-020
-3.099	3.55043e-020
-3.098	3.62498e-020
-3.097	3.70019e-020
-3.096	3.77605e-020
-3.095	3.85253e-020
-3.094	3.9296e-020
-3.093	4.00726e-020
-3.092	4.08546e-020
-3.091	4.16419e-020
-3.09	4.24341e-020
-3.089	4.32309e-020
-3.088	4.40322e-020
-3.087	4.48376e-020
-3.086	4.56469e-020
-3.085	4.64597e-020
-3.084	4.72757e-020
-3.083	4.80946e-020
-3.082	4.89162e-020
-3.081	4.97399e-020
-3.08	5.05658e-020
-3.079	5.13932e-020
-3.078	5.22219e-020
-3.077	5.30516e-020
-3.076	5.38818e-020
-3.075	5.47124e-020
-3.074	5.55428e-020
-3.073	5.63728e-020
-3.072	5.7202e-020
-3.071	5.80299e-020
-3.07	5.88563e-020
-3.069	5.96808e-020
-3.068	6.0503e-020
-3.067	6.13225e-020
-3.066	6.21389e-020
-3.065	6.29519e-020
-3.064	6.3761e-020
-3.063	6.45658e-020
-3.062	6.53661e-020
-3.061	6.61613e-020
-3.06	6.69512e-020
-3.059	6.77352e-020
-3.058	6.85129e-020
-3.057	6.92842e-020
-3.056	7.00484e-020
-3.055	7.08053e-020
-3.054	7.15543e-020
-3.053	7.22951e-020
-3.052	7.30274e-020
-3.051	7.37507e-020
-3.05	7.44648e-020
-3.049	7.5169e-020
-3.048	7.58631e-020
-3.047	7.65467e-020
-3.046	7.72193e-020
-3.045	7.78807e-020
-3.044	7.85789e-020
-3.043	7.93632e-020
-3.042	8.02339e-020
-3.041	8.1192e-020
-3.04	8.22377e-020
-3.039	8.33715e-020
-3.038	8.45934e-020
-3.037	8.59044e-020
-3.036	8.73037e-020
-3.035	8.87917e-020
-3.034	9.03684e-020
-3.033	9.20335e-020
-3.032	9.37863e-020
-3.031	9.56264e-020
-3.03	9.75531e-020
-3.029	9.95658e-020
-3.028	1.01664e-019
-3.027	1.03846e-019
-3.026	1.06112e-019
-3.025	1.08461e-019
-3.024	1.10893e-019
-3.023	1.13409e-019
-3.022	1.16008e-019
-3.021	1.18692e-019
-3.02	1.21465e-019
-3.019	1.24328e-019
-3.018	1.27289e-019
-3.017	1.30353e-019
-3.016	1.3353e-019
-3.015	1.36833e-019
-3.014	1.40277e-019
-3.013	1.43879e-019
-3.012	1.47665e-019
-3.011	1.51663e-019
-3.01	1.55907e-019
-3.009	1.60438e-019
-3.008	1.65307e-019
-3.007	1.70569e-019
-3.006	1.76295e-019
-3.005	1.82563e-019
-3.004	1.89465e-019
-3.003	1.97109e-019
-3.002	2.05616e-019
-3.001	2.15128e-019
-3	2.25806e-019
-2.999	2.37831e-019
-2.998	2.51412e-019
-2.997	2.66783e-019
-2.996	2.84208e-019
-2.995	3.03983e-019
-2.994	3.26444e-019
-2.993	3.5196e-019
-2.992	3.80947e-019
-2.991	4.13869e-019
-2.99	4.51235e-019
-2.989	4.93616e-019
-2.988	5.41638e-019
-2.987	5.95993e-019
-2.986	6.57445e-019
-2.985	7.26824e-019
-2.984	8.05053e-019
-2.983	8.93128e-019
-2.982	9.9215e-019
-2.981	1.10331e-018
-2.98	1.22791e-018
-2.979	1.36734e-018
-2.978	1.52317e-018
-2.977	1.69702e-018
-2.976	1.89069e-018
-2.975	2.10609e-018
-2.974	2.34533e-018
-2.973	2.6106e-018
-2.972	2.90432e-018
-2.971	3.22903e-018
-2.97	3.5875e-018
-2.969	3.98261e-018
-2.968	4.4175e-018
-2.967	4.89549e-018
-2.966	5.4201e-018
-2.965	5.99502e-018
-2.964	6.62421e-018
-2.963	7.31184e-018
-2.962	8.06231e-018
-2.961	8.88021e-018
-2.96	9.77036e-018
-2.959	1.07379e-017
-2.958	1.17881e-017
-2.957	1.29264e-017
-2.956	1.41587e-017
-2.955	1.5491e-017
-2.954	1.69294e-017
-2.953	1.84803e-017
-2.952	2.01503e-017
-2.951	2.19464e-017
-2.95	2.38752e-017
-2.949	2.59441e-017
-2.948	2.81603e-017
-2.947	3.05311e-017
-2.946	3.30639e-017
-2.945	3.57665e-017
-2.944	3.86462e-017
-2.943	4.17106e-017
-2.942	4.49673e-017
-2.941	4.84237e-017
-2.94	5.20871e-017
-2.939	5.59649e-017
-2.938	6.00636e-017
-2.937	6.43903e-017
-2.936	6.89516e-017
-2.935	7.37529e-017
-2.934	7.88007e-017
-2.933	8.40997e-017
-2.932	8.96545e-017
-2.931	9.54698e-017
-2.93	1.01549e-016
-2.929	1.07894e-016
-2.928	1.14509e-016
-2.927	1.21394e-016
-2.926	1.28551e-016
-2.925	1.35979e-016
-2.924	1.43678e-016
-2.923	1.51646e-016
-2.922	1.59882e-016
-2.921	1.68382e-016
-2.92	1.77143e-016
-2.919	1.86162e-016
-2.918	1.95436e-016
-2.917	2.04958e-016
-2.916	2.14726e-016
-2.915	2.24737e-016
-2.914	2.34985e-016
-2.913	2.45471e-016
-2.912	2.56192e-016
-2.911	2.67152e-016
-2.91	2.78352e-016
-2.909	2.89804e-016
-2.908	3.01514e-016
-2.907	3.135e-016
-2.906	3.25786e-016
-2.905	3.38399e-016
-2.904	3.51376e-016
-2.903	3.64768e-016
-2.902	3.7863e-016
-2.901	3.93034e-016
-2.9	4.08067e-016
-2.899	4.23834e-016
-2.898	4.40455e-016
-2.897	4.58078e-016
-2.896	4.76871e-016
-2.895	4.97037e-016
-2.894	5.18798e-016
-2.893	5.42423e-016
-2.892	5.68218e-016
-2.891	5.96524e-016
-2.89	6.27742e-016
-2.889	6.62318e-016
-2.888	7.00763e-016
-2.887	7.4364e-016
-2.886	7.91599e-016
-2.885	8.45355e-016
-2.884	9.05713e-016
-2.883	9.73568e-016
-2.882	1.04991e-015
-2.881	1.13586e-015
-2.88	1.23262e-015
-2.879	1.34154e-015
-2.878	1.46411e-015
-2.877	1.60195e-015
-2.876	1.75686e-015
-2.875	1.93079e-015
-2.874	2.12588e-015
-2.873	2.34447e-015
-2.872	2.58907e-015
-2.871	2.86244e-015
-2.87	3.1676e-015
-2.869	3.50772e-015
-2.868	3.88632e-015
-2.867	4.30719e-015
-2.866	4.77431e-015
-2.865	5.29208e-015
-2.864	5.86513e-015
-2.863	6.49843e-015
-2.862	7.19738e-015
-2.861	7.9676e-015
-2.86	8.81518e-015
-2.859	9.74653e-015
-2.858	1.07685e-014
-2.857	1.18883e-014
-2.856	1.31135e-014
-2.855	1.44523e-014
-2.854	1.5913e-014
-2.853	1.75046e-014
-2.852	1.92365e-014
-2.851	2.11183e-014
-2.85	2.31604e-014
-2.849	2.53734e-014
-2.848	2.77681e-014
-2.847	3.03563e-014
-2.846	3.31497e-014
-2.845	3.61605e-014
-2.844	3.94014e-014
-2.843	4.28853e-014
-2.842	4.66253e-014
-2.841	5.06352e-014
-2.84	5.49286e-014
-2.839	5.95194e-014
-2.838	6.44218e-014
-2.837	6.96499e-014
-2.836	7.5218e-014
-2.835	8.11403e-014
-2.834	8.7431e-014
-2.833	9.4104e-014
-2.832	1.01173e-013
-2.831	1.08652e-013
-2.83	1.16553e-013
-2.829	1.2489e-013
-2.828	1.33674e-013
-2.827	1.42916e-013
-2.826	1.52629e-013
-2.825	1.6282e-013
-2.824	1.73501e-013
-2.823	1.84677e-013
-2.822	1.96358e-013
-2.821	2.08549e-013
-2.82	2.21255e-013
-2.819	2.34481e-013
-2.818	2.48227e-013
-2.817	2.62499e-013
-2.816	2.77294e-013
-2.815	2.92614e-013
-2.814	3.08457e-013
-2.813	3.24821e-013
-2.812	3.41707e-013
-2.811	3.59109e-013
-2.81	3.77028e-013
-2.809	3.95463e-013
-2.808	4.14412e-013
-2.807	4.33876e-013
-2.806	4.53862e-013
-2.805	4.74376e-013
-2.804	4.95432e-013
-2.803	5.17043e-013
-2.802	5.39238e-013
-2.801	5.62045e-013
-2.8	5.85507e-013
-2.799	6.09676e-013
-2.798	6.34619e-013
-2.797	6.60421e-013
-2.796	6.87174e-013
-2.795	7.15005e-013
-2.794	7.44064e-013
-2.793	7.74516e-013
-2.792	8.06569e-013
-2.791	8.40466e-013
-2.79	8.76482e-013
-2.789	9.14943e-013
-2.788	9.56221e-013
-2.787	1.00075e-012
-2.786	1.04902e-012
-2.785	1.1016e-012
-2.784	1.15912e-012
-2.783	1.22231e-012
-2.782	1.29197e-012
-2.781	1.36904e-012
-2.78	1.45452e-012
-2.779	1.54958e-012
-2.778	1.65549e-012
-2.777	1.77368e-012
-2.776	1.90573e-012
-2.775	2.05339e-012
-2.774	2.21858e-012
-2.773	2.40345e-012
-2.772	2.61032e-012
-2.771	2.84176e-012
-2.77	3.1006e-012
-2.769	3.38988e-012
-2.768	3.71296e-012
-2.767	4.07347e-012
-2.766	4.47537e-012
-2.765	4.92293e-012
-2.764	5.42081e-012
-2.763	5.97401e-012
-2.762	6.5879e-012
-2.761	7.26829e-012
-2.76	8.02144e-012
-2.759	8.85394e-012
-2.758	9.773e-012
-2.757	1.07863e-011
-2.756	1.19018e-011
-2.755	1.31284e-011
-2.754	1.4475e-011
-2.753	1.59516e-011
-2.752	1.75683e-011
-2.751	1.93362e-011
-2.75	2.12664e-011
-2.749	2.33713e-011
-2.748	2.56634e-011
-2.747	2.8156e-011
-2.746	3.0863e-011
-2.745	3.37986e-011
-2.744	3.69783e-011
-2.743	4.04171e-011
-2.742	4.41317e-011
-2.741	4.81387e-011
-2.74	5.24552e-011
-2.739	5.7099e-011
-2.738	6.20882e-011
-2.737	6.74415e-011
-2.736	7.31778e-011
-2.735	7.93163e-011
-2.734	8.58765e-011
-2.733	9.28781e-011
-2.732	1.00341e-010
-2.731	1.08285e-010
-2.73	1.1673e-010
-2.729	1.25696e-010
-2.728	1.35201e-010
-2.727	1.45266e-010
-2.726	1.55909e-010
-2.725	1.67148e-010
-2.724	1.79002e-010
-2.723	1.91486e-010
-2.722	2.04618e-010
-2.721	2.18412e-010
-2.72	2.32883e-010
-2.719	2.48045e-010
-2.718	2.63909e-010
-2.717	2.80487e-010
-2.716	2.97789e-010
-2.715	3.15823e-010
-2.714	3.34408e-010
-2.713	3.53327e-010
-2.712	3.72534e-010
-2.711	3.91981e-010
-2.71	4.1162e-010
-2.709	4.31402e-010
-2.708	4.51277e-010
-2.707	4.71196e-010
-2.706	4.9111e-010
-2.705	5.10969e-010
-2.704	5.30723e-010
-2.703	5.50322e-010
-2.702	5.6972e-010
-2.701	5.88867e-010
-2.7	6.07718e-010
-2.699	6.26227e-010
-2.698	6.44351e-010
-2.697	6.62048e-010
-2.696	6.79275e-010
-2.695	6.95996e-010
-2.694	7.12174e-010
-2.693	7.27773e-010
-2.692	7.42763e-010
-2.691	7.57115e-010
-2.69	7.70802e-010
-2.689	7.838e-010
-2.688	7.96088e-010
-2.687	8.07651e-010
-2.686	8.18473e-010
-2.685	8.28546e-010
-2.684	8.37862e-010
-2.683	8.46417e-010
-2.682	8.54212e-010
-2.681	8.61251e-010
-2.68	8.67544e-010
-2.679	8.73099e-010
-2.678	8.77935e-010
-2.677	8.82071e-010
-2.676	8.85531e-010
-2.675	8.88342e-010
-2.674	8.90537e-010
-2.673	8.92151e-010
-2.672	8.93224e-010
-2.671	8.93801e-010
-2.67	8.93926e-010
-2.669	8.93652e-010
-2.668	8.93032e-010
-2.667	8.92124e-010
-2.666	8.9099e-010
-2.665	8.89694e-010
-2.664	8.88305e-010
-2.663	8.86892e-010
-2.662	8.85528e-010
-2.661	8.8429e-010
-2.66	8.83256e-010
-2.659	8.82503e-010
-2.658	8.82117e-010
-2.657	8.8218e-010
-2.656	8.82777e-010
-2.655	8.83994e-010
-2.654	8.85919e-010
-2.653	8.88639e-010
-2.652	8.92243e-010
-2.651	8.96817e-010
-2.65	9.02453e-010
-2.649	9.09235e-010
-2.648	9.17252e-010
-2.647	9.26587e-010
-2.646	9.37326e-010
-2.645	9.49553e-010
-2.644	9.63345e-010
-2.643	9.78782e-010
-2.642	9.95938e-010
-2.641	1.01489e-009
-2.64	1.0357e-009
-2.639	1.05843e-009
-2.638	1.08316e-009
-2.637	1.10993e-009
-2.636	1.1388e-009
-2.635	1.16983e-009
-2.634	1.20304e-009
-2.633	1.23848e-009
-2.632	1.27619e-009
-2.631	1.31619e-009
-2.63	1.3585e-009
-2.629	1.40314e-009
-2.628	1.45012e-009
-2.627	1.49944e-009
-2.626	1.5511e-009
-2.625	1.60509e-009
-2.624	1.66139e-009
-2.623	1.71997e-009
-2.622	1.78082e-009
-2.621	1.84388e-009
-2.62	1.90912e-009
-2.619	1.97648e-009
-2.618	2.04591e-009
-2.617	2.11734e-009
-2.616	2.1907e-009
-2.615	2.26592e-009
-2.614	2.34289e-009
-2.613	2.42154e-009
-2.612	2.50177e-009
-2.611	2.58347e-009
-2.61	2.66653e-009
-2.609	2.75084e-009
-2.608	2.83627e-009
-2.607	2.92271e-009
-2.606	3.01001e-009
-2.605	3.09805e-009
-2.604	3.18668e-009
-2.603	3.27576e-009
-2.602	3.36516e-009
-2.601	3.45471e-009
-2.6	3.54426e-009
-2.599	3.63367e-009
-2.598	3.72277e-009
-2.597	3.81142e-009
-2.596	3.89944e-009
-2.595	3.9867e-009
-2.594	4.07303e-009
-2.593	4.15829e-009
-2.592	4.2423e-009
-2.591	4.32494e-009
-2.59	4.40604e-009
-2.589	4.48547e-009
-2.588	4.56308e-009
-2.587	4.63874e-009
-2.586	4.71233e-009
-2.585	4.7837e-009
-2.584	4.85274e-009
-2.583	4.91936e-009
-2.582	4.98344e-009
-2.581	5.04489e-009
-2.58	5.10363e-009
-2.579	5.15955e-009
-2.578	5.21262e-009
-2.577	5.26276e-009
-2.576	5.30993e-009
-2.575	5.3541e-009
-2.574	5.39525e-009
-2.573	5.43336e-009
-2.572	5.46843e-009
-2.571	5.50046e-009
-2.57	5.5295e-009
-2.569	5.55559e-009
-2.568	5.57877e-009
-2.567	5.59911e-009
-2.566	5.6167e-009
-2.565	5.63163e-009
-2.564	5.64401e-009
-2.563	5.65397e-009
-2.562	5.66164e-009
-2.561	5.6672e-009
-2.56	5.67079e-009
-2.559	5.67261e-009
-2.558	5.67284e-009
-2.557	5.6717e-009
-2.556	5.66942e-009
-2.555	5.66623e-009
-2.554	5.66239e-009
-2.553	5.65816e-009
-2.552	5.65382e-009
-2.551	5.64966e-009
-2.55	5.64596e-009
-2.549	5.64306e-009
-2.548	5.64126e-009
-2.547	5.6409e-009
-2.546	5.64231e-009
-2.545	5.64584e-009
-2.544	5.65185e-009
-2.543	5.66068e-009
-2.542	5.67271e-009
-2.541	5.68832e-009
-2.54	5.70785e-009
-2.539	5.73171e-009
-2.538	5.76027e-009
-2.537	5.79389e-009
-2.536	5.83295e-009
-2.535	5.87784e-009
-2.534	5.92891e-009
-2.533	5.98656e-009
-2.532	6.05112e-009
-2.531	6.12297e-009
-2.53	6.20244e-009
-2.529	6.28988e-009
-2.528	6.38562e-009
-2.527	6.48996e-009
-2.526	6.60323e-009
-2.525	6.72573e-009
-2.524	6.85771e-009
-2.523	6.99944e-009
-2.522	7.15117e-009
-2.521	7.31314e-009
-2.52	7.48554e-009
-2.519	7.66858e-009
-2.518	7.8624e-009
-2.517	8.06716e-009
-2.516	8.28298e-009
-2.515	8.50995e-009
-2.514	8.74815e-009
-2.513	8.99764e-009
-2.512	9.25844e-009
-2.511	9.53052e-009
-2.51	9.81388e-009
-2.509	1.01084e-008
-2.508	1.04141e-008
-2.507	1.07308e-008
-2.506	1.10583e-008
-2.505	1.13965e-008
-2.504	1.17452e-008
-2.503	1.21041e-008
-2.502	1.2473e-008
-2.501	1.28516e-008
-2.5	1.32396e-008
-2.499	1.36366e-008
-2.498	1.40422e-008
-2.497	1.4456e-008
-2.496	1.48777e-008
-2.495	1.53067e-008
-2.494	1.57427e-008
-2.493	1.61849e-008
-2.492	1.6633e-008
-2.491	1.70864e-008
-2.49	1.75446e-008
-2.489	1.80068e-008
-2.488	1.84726e-008
-2.487	1.89412e-008
-2.486	1.9412e-008
-2.485	1.98845e-008
-2.484	2.03579e-008
-2.483	2.08315e-008
-2.482	2.13046e-008
-2.481	2.17766e-008
-2.48	2.22468e-008
-2.479	2.27144e-008
-2.478	2.31788e-008
-2.477	2.36392e-008
-2.476	2.4095e-008
-2.475	2.45456e-008
-2.474	2.49901e-008
-2.473	2.54279e-008
-2.472	2.58585e-008
-2.471	2.6281e-008
-2.47	2.6695e-008
-2.469	2.70999e-008
-2.468	2.74951e-008
-2.467	2.78799e-008
-2.466	2.82539e-008
-2.465	2.86166e-008
-2.464	2.89676e-008
-2.463	2.93063e-008
-2.462	2.96325e-008
-2.461	2.99458e-008
-2.46	3.02458e-008
-2.459	3.05323e-008
-2.458	3.08052e-008
-2.457	3.10641e-008
-2.456	3.13091e-008
-2.455	3.15399e-008
-2.454	3.17566e-008
-2.453	3.19593e-008
-2.452	3.2148e-008
-2.451	3.23228e-008
-2.45	3.24839e-008
-2.449	3.26317e-008
-2.448	3.27663e-008
-2.447	3.28883e-008
-2.446	3.29979e-008
-2.445	3.30957e-008
-2.444	3.31823e-008
-2.443	3.32582e-008
-2.442	3.33241e-008
-2.441	3.33808e-008
-2.44	3.34289e-008
-2.439	3.34695e-008
-2.438	3.35032e-008
-2.437	3.35312e-008
-2.436	3.35544e-008
-2.435	3.35738e-008
-2.434	3.35906e-008
-2.433	3.36059e-008
-2.432	3.3621e-008
-2.431	3.36369e-008
-2.43	3.36552e-008
-2.429	3.3677e-008
-2.428	3.37037e-008
-2.427	3.37367e-008
-2.426	3.37775e-008
-2.425	3.38274e-008
-2.424	3.3888e-008
-2.423	3.39607e-008
-2.422	3.40471e-008
-2.421	3.41488e-008
-2.42	3.42671e-008
-2.419	3.44036e-008
-2.418	3.45599e-008
-2.417	3.47374e-008
-2.416	3.49378e-008
-2.415	3.51625e-008
-2.414	3.5413e-008
-2.413	3.56907e-008
-2.412	3.59972e-008
-2.411	3.63337e-008
-2.41	3.67017e-008
-2.409	3.71026e-008
-2.408	3.75375e-008
-2.407	3.80077e-008
-2.406	3.85145e-008
-2.405	3.90589e-008
-2.404	3.9642e-008
-2.403	4.02649e-008
-2.402	4.09283e-008
-2.401	4.16333e-008
-2.4	4.23805e-008
-2.399	4.31706e-008
-2.398	4.40044e-008
-2.397	4.48823e-008
-2.396	4.58046e-008
-2.395	4.67718e-008
-2.394	4.77841e-008
-2.393	4.88416e-008
-2.392	4.99444e-008
-2.391	5.10924e-008
-2.39	5.22854e-008
-2.389	5.35231e-008
-2.388	5.48053e-008
-2.387	5.61312e-008
-2.386	5.75005e-008
-2.385	5.89123e-008
-2.384	6.03657e-008
-2.383	6.18601e-008
-2.382	6.33941e-008
-2.381	6.49668e-008
-2.38	6.65768e-008
-2.379	6.82228e-008
-2.378	6.99035e-008
-2.377	7.16169e-008
-2.376	7.33617e-008
-2.375	7.5136e-008
-2.374	7.69381e-008
-2.373	7.8766e-008
-2.372	8.06177e-008
-2.371	8.2491e-008
-2.37	8.43838e-008
-2.369	8.6294e-008
-2.368	8.82192e-008
-2.367	9.01571e-008
-2.366	9.21052e-008
-2.365	9.4061e-008
-2.364	9.60223e-008
-2.363	9.79864e-008
-2.362	9.99508e-008
-2.361	1.01913e-007
-2.36	1.0387e-007
-2.359	1.0582e-007
-2.358	1.0776e-007
-2.357	1.09687e-007
-2.356	1.11599e-007
-2.355	1.13493e-007
-2.354	1.15368e-007
-2.353	1.1722e-007
-2.352	1.19047e-007
-2.351	1.20847e-007
-2.35	1.22617e-007
-2.349	1.24357e-007
-2.348	1.26062e-007
-2.347	1.27731e-007
-2.346	1.29363e-007
-2.345	1.30956e-007
-2.344	1.32508e-007
-2.343	1.34017e-007
-2.342	1.35482e-007
-2.341	1.36902e-007
-2.34	1.38276e-007
-2.339	1.39602e-007
-2.338	1.4088e-007
-2.337	1.42109e-007
-2.336	1.43289e-007
-2.335	1.4442e-007
-2.334	1.455e-007
-2.333	1.46531e-007
-2.332	1.47512e-007
-2.331	1.48445e-007
-2.33	1.49329e-007
-2.329	1.50165e-007
-2.328	1.50954e-007
-2.327	1.51698e-007
-2.326	1.52397e-007
-2.325	1.53054e-007
-2.324	1.53671e-007
-2.323	1.54248e-007
-2.322	1.54789e-007
-2.321	1.55295e-007
-2.32	1.5577e-007
-2.319	1.56215e-007
-2.318	1.56634e-007
-2.317	1.57031e-007
-2.316	1.57407e-007
-2.315	1.57767e-007
-2.314	1.58115e-007
-2.313	1.58453e-007
-2.312	1.58786e-007
-2.311	1.59117e-007
-2.31	1.59452e-007
-2.309	1.59794e-007
-2.308	1.60148e-007
-2.307	1.60518e-007
-2.306	1.60908e-007
-2.305	1.61324e-007
-2.304	1.6177e-007
-2.303	1.62251e-007
-2.302	1.62771e-007
-2.301	1.63336e-007
-2.3	1.6395e-007
-2.299	1.64619e-007
-2.298	1.65346e-007
-2.297	1.66138e-007
-2.296	1.66998e-007
-2.295	1.67932e-007
-2.294	1.68944e-007
-2.293	1.70039e-007
-2.292	1.71222e-007
-2.291	1.72497e-007
-2.29	1.73868e-007
-2.289	1.75339e-007
-2.288	1.76915e-007
-2.287	1.78599e-007
-2.286	1.80396e-007
-2.285	1.82308e-007
-2.284	1.84339e-007
-2.283	1.86492e-007
-2.282	1.88771e-007
-2.281	1.91178e-007
-2.28	1.93715e-007
-2.279	1.96385e-007
-2.278	1.99189e-007
-2.277	2.02129e-007
-2.276	2.05207e-007
-2.275	2.08423e-007
-2.274	2.1178e-007
-2.273	2.15276e-007
-2.272	2.18912e-007
-2.271	2.22689e-007
-2.27	2.26606e-007
-2.269	2.30661e-007
-2.268	2.34855e-007
-2.267	2.39185e-007
-2.266	2.4365e-007
-2.265	2.48248e-007
-2.264	2.52977e-007
-2.263	2.57833e-007
-2.262	2.62815e-007
-2.261	2.67919e-007
-2.26	2.7314e-007
-2.259	2.78476e-007
-2.258	2.83922e-007
-2.257	2.89473e-007
-2.256	2.95125e-007
-2.255	3.00873e-007
-2.254	3.06712e-007
-2.253	3.12636e-007
-2.252	3.18638e-007
-2.251	3.24714e-007
-2.25	3.30857e-007
-2.249	3.3706e-007
-2.248	3.43318e-007
-2.247	3.49624e-007
-2.246	3.55969e-007
-2.245	3.62349e-007
-2.244	3.68755e-007
-2.243	3.7518e-007
-2.242	3.81618e-007
-2.241	3.8806e-007
-2.24	3.94499e-007
-2.239	4.0093e-007
-2.238	4.07343e-007
-2.237	4.13731e-007
-2.236	4.20089e-007
-2.235	4.26408e-007
-2.234	4.32681e-007
-2.233	4.38901e-007
-2.232	4.45062e-007
-2.231	4.51158e-007
-2.23	4.57181e-007
-2.229	4.63126e-007
-2.228	4.68986e-007
-2.227	4.74756e-007
-2.226	4.80431e-007
-2.225	4.86006e-007
-2.224	4.91475e-007
-2.223	4.96835e-007
-2.222	5.02082e-007
-2.221	5.0721e-007
-2.22	5.12218e-007
-2.219	5.17101e-007
-2.218	5.21858e-007
-2.217	5.26487e-007
-2.216	5.30987e-007
-2.215	5.35355e-007
-2.214	5.39591e-007
-2.213	5.43695e-007
-2.212	5.47668e-007
-2.211	5.51509e-007
-2.21	5.55221e-007
-2.209	5.58804e-007
-2.208	5.62262e-007
-2.207	5.65597e-007
-2.206	5.68812e-007
-2.205	5.71911e-007
-2.204	5.74899e-007
-2.203	5.7778e-007
-2.202	5.80559e-007
-2.201	5.83243e-007
-2.2	5.85838e-007
-2.199	5.8835e-007
-2.198	5.90787e-007
-2.197	5.93157e-007
-2.196	5.95466e-007
-2.195	5.97724e-007
-2.194	5.99941e-007
-2.193	6.02125e-007
-2.192	6.04286e-007
-2.191	6.06434e-007
-2.19	6.0858e-007
-2.189	6.10733e-007
-2.188	6.12906e-007
-2.187	6.15109e-007
-2.186	6.17354e-007
-2.185	6.19653e-007
-2.184	6.22016e-007
-2.183	6.24456e-007
-2.182	6.26985e-007
-2.181	6.29615e-007
-2.18	6.32358e-007
-2.179	6.35226e-007
-2.178	6.38233e-007
-2.177	6.41389e-007
-2.176	6.44707e-007
-2.175	6.48198e-007
-2.174	6.51874e-007
-2.173	6.55748e-007
-2.172	6.5983e-007
-2.171	6.64131e-007
-2.17	6.68661e-007
-2.169	6.73432e-007
-2.168	6.78456e-007
-2.167	6.83739e-007
-2.166	6.89292e-007
-2.165	6.95123e-007
-2.164	7.01242e-007
-2.163	7.07656e-007
-2.162	7.14373e-007
-2.161	7.214e-007
-2.16	7.28742e-007
-2.159	7.36405e-007
-2.158	7.44395e-007
-2.157	7.52717e-007
-2.156	7.61372e-007
-2.155	7.70367e-007
-2.154	7.79701e-007
-2.153	7.89378e-007
-2.152	7.99399e-007
-2.151	8.09762e-007
-2.15	8.20469e-007
-2.149	8.31517e-007
-2.148	8.42905e-007
-2.147	8.54631e-007
-2.146	8.66691e-007
-2.145	8.7908e-007
-2.144	8.91793e-007
-2.143	9.04827e-007
-2.142	9.18174e-007
-2.141	9.31825e-007
-2.14	9.45774e-007
-2.139	9.60013e-007
-2.138	9.74532e-007
-2.137	9.8932e-007
-2.136	1.00437e-006
-2.135	1.01967e-006
-2.134	1.0352e-006
-2.133	1.05096e-006
-2.132	1.06694e-006
-2.131	1.08311e-006
-2.13	1.09947e-006
-2.129	1.116e-006
-2.128	1.13268e-006
-2.127	1.14951e-006
-2.126	1.16647e-006
-2.125	1.18353e-006
-2.124	1.2007e-006
-2.123	1.21794e-006
-2.122	1.23525e-006
-2.121	1.2526e-006
-2.12	1.26998e-006
-2.119	1.28739e-006
-2.118	1.30479e-006
-2.117	1.32217e-006
-2.116	1.33952e-006
-2.115	1.35682e-006
-2.114	1.37406e-006
-2.113	1.39122e-006
-2.112	1.40828e-006
-2.111	1.42524e-006
-2.11	1.44207e-006
-2.109	1.45876e-006
-2.108	1.4753e-006
-2.107	1.49168e-006
-2.106	1.50789e-006
-2.105	1.52391e-006
-2.104	1.53973e-006
-2.103	1.55534e-006
-2.102	1.57074e-006
-2.101	1.5859e-006
-2.1	1.60084e-006
-2.099	1.61554e-006
-2.098	1.62999e-006
-2.097	1.64418e-006
-2.096	1.65812e-006
-2.095	1.67181e-006
-2.094	1.68523e-006
-2.093	1.69839e-006
-2.092	1.71128e-006
-2.091	1.72392e-006
-2.09	1.73629e-006
-2.089	1.74841e-006
-2.088	1.76027e-006
-2.087	1.77188e-006
-2.086	1.78325e-006
-2.085	1.79438e-006
-2.084	1.80529e-006
-2.083	1.81598e-006
-2.082	1.82646e-006
-2.081	1.83674e-006
-2.08	1.84684e-006
-2.079	1.85676e-006
-2.078	1.86653e-006
-2.077	1.87616e-006
-2.076	1.88565e-006
-2.075	1.89504e-006
-2.074	1.90434e-006
-2.073	1.91356e-006
-2.072	1.92273e-006
-2.071	1.93186e-006
-2.07	1.94097e-006
-2.069	1.9501e-006
-2.068	1.95925e-006
-2.067	1.96845e-006
-2.066	1.97772e-006
-2.065	1.98709e-006
-2.064	1.99657e-006
-2.063	2.0062e-006
-2.062	2.016e-006
-2.061	2.02598e-006
-2.06	2.03618e-006
-2.059	2.04662e-006
-2.058	2.05732e-006
-2.057	2.06831e-006
-2.056	2.07961e-006
-2.055	2.09124e-006
-2.054	2.10324e-006
-2.053	2.11561e-006
-2.052	2.12838e-006
-2.051	2.14159e-006
-2.05	2.15523e-006
-2.049	2.16935e-006
-2.048	2.18396e-006
-2.047	2.19907e-006
-2.046	2.21472e-006
-2.045	2.23091e-006
-2.044	2.24766e-006
-2.043	2.265e-006
-2.042	2.28293e-006
-2.041	2.30147e-006
-2.04	2.32063e-006
-2.039	2.34042e-006
-2.038	2.36086e-006
-2.037	2.38196e-006
-2.036	2.40373e-006
-2.035	2.42616e-006
-2.034	2.44927e-006
-2.033	2.47307e-006
-2.032	2.49754e-006
-2.031	2.52271e-006
-2.03	2.54857e-006
-2.029	2.57511e-006
-2.028	2.60234e-006
-2.027	2.63026e-006
-2.026	2.65885e-006
-2.025	2.68812e-006
-2.024	2.71804e-006
-2.023	2.74863e-006
-2.022	2.77986e-006
-2.021	2.81173e-006
-2.02	2.84421e-006
-2.019	2.8773e-006
-2.018	2.91098e-006
-2.017	2.94524e-006
-2.016	2.98005e-006
-2.015	3.0154e-006
-2.014	3.05127e-006
-2.013	3.08764e-006
-2.012	3.12448e-006
-2.011	3.16178e-006
-2.01	3.1995e-006
-2.009	3.23764e-006
-2.008	3.27614e-006
-2.007	3.315e-006
-2.006	3.35419e-006
-2.005	3.39369e-006
-2.004	3.43345e-006
-2.003	3.47346e-006
-2.002	3.51368e-006
-2.001	3.5541e-006
-2	3.59467e-006
-1.999	3.63537e-006
-1.998	3.67618e-006
-1.997	3.71706e-006
-1.996	3.75799e-006
-1.995	3.79894e-006
-1.994	3.83987e-006
-1.993	3.88078e-006
-1.992	3.92162e-006
-1.991	3.96237e-006
-1.99	4.00301e-006
-1.989	4.0435e-006
-1.988	4.08384e-006
-1.987	4.12398e-006
-1.986	4.16392e-006
-1.985	4.20364e-006
-1.984	4.2431e-006
-1.983	4.28229e-006
-1.982	4.3212e-006
-1.981	4.35981e-006
-1.98	4.39811e-006
-1.979	4.43607e-006
-1.978	4.4737e-006
-1.977	4.51097e-006
-1.976	4.54789e-006
-1.975	4.58444e-006
-1.974	4.62062e-006
-1.973	4.65642e-006
-1.972	4.69185e-006
-1.971	4.7269e-006
-1.97	4.76156e-006
-1.969	4.79585e-006
-1.968	4.82978e-006
-1.967	4.86334e-006
-1.966	4.89656e-006
-1.965	4.92942e-006
-1.964	4.96196e-006
-1.963	4.99418e-006
-1.962	5.02608e-006
-1.961	5.05771e-006
-1.96	5.08906e-006
-1.959	5.12018e-006
-1.958	5.15106e-006
-1.957	5.18174e-006
-1.956	5.21224e-006
-1.955	5.24259e-006
-1.954	5.27283e-006
-1.953	5.30297e-006
-1.952	5.33304e-006
-1.951	5.36308e-006
-1.95	5.39312e-006
-1.949	5.4232e-006
-1.948	5.45334e-006
-1.947	5.48359e-006
-1.946	5.51397e-006
-1.945	5.54453e-006
-1.944	5.5753e-006
-1.943	5.60633e-006
-1.942	5.63765e-006
-1.941	5.6693e-006
-1.94	5.70133e-006
-1.939	5.73375e-006
-1.938	5.76663e-006
-1.937	5.79999e-006
-1.936	5.83388e-006
-1.935	5.86833e-006
-1.934	5.90338e-006
-1.933	5.93909e-006
-1.932	5.97546e-006
-1.931	6.01256e-006
-1.93	6.0504e-006
-1.929	6.08904e-006
-1.928	6.12849e-006
-1.927	6.16881e-006
-1.926	6.21e-006
-1.925	6.25211e-006
-1.924	6.29518e-006
-1.923	6.33923e-006
-1.922	6.38428e-006
-1.921	6.43035e-006
-1.92	6.47747e-006
-1.919	6.52566e-006
-1.918	6.57497e-006
-1.917	6.62537e-006
-1.916	6.67691e-006
-1.915	6.72959e-006
-1.914	6.78343e-006
-1.913	6.83845e-006
-1.912	6.89463e-006
-1.911	6.952e-006
-1.91	7.01056e-006
-1.909	7.07032e-006
-1.908	7.13126e-006
-1.907	7.1934e-006
-1.906	7.25673e-006
-1.905	7.32124e-006
-1.904	7.38693e-006
-1.903	7.45379e-006
-1.902	7.5218e-006
-1.901	7.59096e-006
-1.9	7.66122e-006
-1.899	7.73261e-006
-1.898	7.80508e-006
-1.897	7.87862e-006
-1.896	7.95321e-006
-1.895	8.02882e-006
-1.894	8.10542e-006
-1.893	8.18297e-006
-1.892	8.26149e-006
-1.891	8.34089e-006
-1.89	8.42117e-006
-1.889	8.50229e-006
-1.888	8.58421e-006
-1.887	8.66689e-006
-1.886	8.75032e-006
-1.885	8.83443e-006
-1.884	8.91921e-006
-1.883	9.00462e-006
-1.882	9.09059e-006
-1.881	9.17711e-006
-1.88	9.26412e-006
-1.879	9.3516e-006
-1.878	9.43949e-006
-1.877	9.52776e-006
-1.876	9.61636e-006
-1.875	9.70526e-006
-1.874	9.79441e-006
-1.873	9.88379e-006
-1.872	9.97334e-006
-1.871	1.0063e-005
-1.87	1.01529e-005
-1.869	1.02427e-005
-1.868	1.03326e-005
-1.867	1.04225e-005
-1.866	1.05124e-005
-1.865	1.06022e-005
-1.864	1.06919e-005
-1.863	1.07815e-005
-1.862	1.08709e-005
-1.861	1.09602e-005
-1.86	1.10493e-005
-1.859	1.11382e-005
-1.858	1.12268e-005
-1.857	1.13152e-005
-1.856	1.14033e-005
-1.855	1.14911e-005
-1.854	1.15786e-005
-1.853	1.16659e-005
-1.852	1.17528e-005
-1.851	1.18395e-005
-1.85	1.19258e-005
-1.849	1.20118e-005
-1.848	1.20976e-005
-1.847	1.2183e-005
-1.846	1.22681e-005
-1.845	1.2353e-005
-1.844	1.24376e-005
-1.843	1.2522e-005
-1.842	1.26061e-005
-1.841	1.269e-005
-1.84	1.27738e-005
-1.839	1.28574e-005
-1.838	1.29408e-005
-1.837	1.30241e-005
-1.836	1.31074e-005
-1.835	1.31907e-005
-1.834	1.3274e-005
-1.833	1.33573e-005
-1.832	1.34406e-005
-1.831	1.35242e-005
-1.83	1.36078e-005
-1.829	1.36917e-005
-1.828	1.37758e-005
-1.827	1.38603e-005
-1.826	1.3945e-005
-1.825	1.40302e-005
-1.824	1.41159e-005
-1.823	1.4202e-005
-1.822	1.42887e-005
-1.821	1.4376e-005
-1.82	1.4464e-005
-1.819	1.45527e-005
-1.818	1.46422e-005
-1.817	1.47324e-005
-1.816	1.48236e-005
-1.815	1.49157e-005
-1.814	1.50088e-005
-1.813	1.5103e-005
-1.812	1.51982e-005
-1.811	1.52946e-005
-1.81	1.53922e-005
-1.809	1.5491e-005
-1.808	1.55912e-005
-1.807	1.56927e-005
-1.806	1.57955e-005
-1.805	1.58999e-005
-1.804	1.60057e-005
-1.803	1.6113e-005
-1.802	1.62219e-005
-1.801	1.63324e-005
-1.8	1.64446e-005
-1.799	1.65585e-005
-1.798	1.66741e-005
-1.797	1.67914e-005
-1.796	1.69105e-005
-1.795	1.70314e-005
-1.794	1.71541e-005
-1.793	1.72787e-005
-1.792	1.74051e-005
-1.791	1.75334e-005
-1.79	1.76637e-005
-1.789	1.77958e-005
-1.788	1.79299e-005
-1.787	1.80659e-005
-1.786	1.82038e-005
-1.785	1.83436e-005
-1.784	1.84854e-005
-1.783	1.86291e-005
-1.782	1.87747e-005
-1.781	1.89223e-005
-1.78	1.90717e-005
-1.779	1.9223e-005
-1.778	1.93763e-005
-1.777	1.95313e-005
-1.776	1.96882e-005
-1.775	1.98468e-005
-1.774	2.00073e-005
-1.773	2.01695e-005
-1.772	2.03335e-005
-1.771	2.04991e-005
-1.77	2.06664e-005
-1.769	2.08353e-005
-1.768	2.10058e-005
-1.767	2.11778e-005
-1.766	2.13513e-005
-1.765	2.15264e-005
-1.764	2.17028e-005
-1.763	2.18806e-005
-1.762	2.20598e-005
-1.761	2.22402e-005
-1.76	2.24219e-005
-1.759	2.26048e-005
-1.758	2.27889e-005
-1.757	2.29741e-005
-1.756	2.31603e-005
-1.755	2.33475e-005
-1.754	2.35357e-005
-1.753	2.37249e-005
-1.752	2.39149e-005
-1.751	2.41057e-005
-1.75	2.42974e-005
-1.749	2.44898e-005
-1.748	2.46829e-005
-1.747	2.48766e-005
-1.746	2.5071e-005
-1.745	2.52659e-005
-1.744	2.54615e-005
-1.743	2.56575e-005
-1.742	2.5854e-005
-1.741	2.6051e-005
-1.74	2.62484e-005
-1.739	2.64463e-005
-1.738	2.66444e-005
-1.737	2.68429e-005
-1.736	2.70418e-005
-1.735	2.7241e-005
-1.734	2.74405e-005
-1.733	2.76402e-005
-1.732	2.78402e-005
-1.731	2.80405e-005
-1.73	2.82411e-005
-1.729	2.8442e-005
-1.728	2.86431e-005
-1.727	2.88444e-005
-1.726	2.90461e-005
-1.725	2.9248e-005
-1.724	2.94503e-005
-1.723	2.96528e-005
-1.722	2.98557e-005
-1.721	3.0059e-005
-1.72	3.02627e-005
-1.719	3.04667e-005
-1.718	3.06712e-005
-1.717	3.08762e-005
-1.716	3.10817e-005
-1.715	3.12877e-005
-1.714	3.14944e-005
-1.713	3.17016e-005
-1.712	3.19095e-005
-1.711	3.21182e-005
-1.71	3.23276e-005
-1.709	3.25379e-005
-1.708	3.2749e-005
-1.707	3.29611e-005
-1.706	3.31742e-005
-1.705	3.33883e-005
-1.704	3.36035e-005
-1.703	3.38199e-005
-1.702	3.40376e-005
-1.701	3.42566e-005
-1.7	3.44768e-005
-1.699	3.46986e-005
-1.698	3.49218e-005
-1.697	3.51466e-005
-1.696	3.53731e-005
-1.695	3.56012e-005
-1.694	3.58311e-005
-1.693	3.60629e-005
-1.692	3.62966e-005
-1.691	3.65322e-005
-1.69	3.67699e-005
-1.689	3.70097e-005
-1.688	3.72516e-005
-1.687	3.74958e-005
-1.686	3.77423e-005
-1.685	3.79911e-005
-1.684	3.82424e-005
-1.683	3.84962e-005
-1.682	3.87525e-005
-1.681	3.90113e-005
-1.68	3.92729e-005
-1.679	3.95371e-005
-1.678	3.98041e-005
-1.677	4.00738e-005
-1.676	4.03464e-005
-1.675	4.06219e-005
-1.674	4.09004e-005
-1.673	4.11818e-005
-1.672	4.14662e-005
-1.671	4.17536e-005
-1.67	4.20442e-005
-1.669	4.23378e-005
-1.668	4.26346e-005
-1.667	4.29344e-005
-1.666	4.32376e-005
-1.665	4.35437e-005
-1.664	4.38532e-005
-1.663	4.41659e-005
-1.662	4.44817e-005
-1.661	4.48008e-005
-1.66	4.51231e-005
-1.659	4.54487e-005
-1.658	4.57774e-005
-1.657	4.61094e-005
-1.656	4.64446e-005
-1.655	4.6783e-005
-1.654	4.71246e-005
-1.653	4.74694e-005
-1.652	4.78173e-005
-1.651	4.81684e-005
-1.65	4.85225e-005
-1.649	4.88798e-005
-1.648	4.92401e-005
-1.647	4.96035e-005
-1.646	4.99699e-005
-1.645	5.03392e-005
-1.644	5.07115e-005
-1.643	5.10866e-005
-1.642	5.14647e-005
-1.641	5.18456e-005
-1.64	5.22294e-005
-1.639	5.26158e-005
-1.638	5.3005e-005
-1.637	5.33968e-005
-1.636	5.37913e-005
-1.635	5.41884e-005
-1.634	5.45881e-005
-1.633	5.49903e-005
-1.632	5.53949e-005
-1.631	5.5802e-005
-1.63	5.62115e-005
-1.629	5.66233e-005
-1.628	5.70375e-005
-1.627	5.74539e-005
-1.626	5.78726e-005
-1.625	5.82935e-005
-1.624	5.87165e-005
-1.623	5.91417e-005
-1.622	5.9569e-005
-1.621	5.99984e-005
-1.62	6.04299e-005
-1.619	6.08633e-005
-1.618	6.12988e-005
-1.617	6.17363e-005
-1.616	6.21757e-005
-1.615	6.26171e-005
-1.614	6.30604e-005
-1.613	6.35056e-005
-1.612	6.39528e-005
-1.611	6.44019e-005
-1.61	6.48528e-005
-1.609	6.53058e-005
-1.608	6.57606e-005
-1.607	6.62172e-005
-1.606	6.66758e-005
-1.605	6.71363e-005
-1.604	6.75987e-005
-1.603	6.80632e-005
-1.602	6.85295e-005
-1.601	6.8998e-005
-1.6	6.94685e-005
-1.599	6.9941e-005
-1.598	7.04156e-005
-1.597	7.08924e-005
-1.596	7.13713e-005
-1.595	7.18524e-005
-1.594	7.23358e-005
-1.593	7.28214e-005
-1.592	7.33094e-005
-1.591	7.37999e-005
-1.59	7.42928e-005
-1.589	7.47882e-005
-1.588	7.52862e-005
-1.587	7.57868e-005
-1.586	7.62901e-005
-1.585	7.67961e-005
-1.584	7.7305e-005
-1.583	7.78169e-005
-1.582	7.83317e-005
-1.581	7.88496e-005
-1.58	7.93705e-005
-1.579	7.98946e-005
-1.578	8.04221e-005
-1.577	8.09531e-005
-1.576	8.14873e-005
-1.575	8.2025e-005
-1.574	8.25664e-005
-1.573	8.31115e-005
-1.572	8.36604e-005
-1.571	8.4213e-005
-1.57	8.47698e-005
-1.569	8.53304e-005
-1.568	8.58952e-005
-1.567	8.64642e-005
-1.566	8.70374e-005
-1.565	8.76149e-005
-1.564	8.8197e-005
-1.563	8.87834e-005
-1.562	8.93745e-005
-1.561	8.99704e-005
-1.56	9.0571e-005
-1.559	9.11763e-005
-1.558	9.17866e-005
-1.557	9.24017e-005
-1.556	9.3022e-005
-1.555	9.36473e-005
-1.554	9.42777e-005
-1.553	9.49136e-005
-1.552	9.55547e-005
-1.551	9.6201e-005
-1.55	9.68528e-005
-1.549	9.75102e-005
-1.548	9.81731e-005
-1.547	9.88414e-005
-1.546	9.95154e-005
-1.545	0.000100195
-1.544	0.000100881
-1.543	0.000101572
-1.542	0.000102269
-1.541	0.000102972
-1.54	0.00010368
-1.539	0.000104395
-1.538	0.000105115
-1.537	0.000105842
-1.536	0.000106574
-1.535	0.000107313
-1.534	0.000108057
-1.533	0.000108808
-1.532	0.000109564
-1.531	0.000110326
-1.53	0.000111095
-1.529	0.00011187
-1.528	0.00011265
-1.527	0.000113437
-1.526	0.00011423
-1.525	0.000115029
-1.524	0.000115834
-1.523	0.000116645
-1.522	0.000117461
-1.521	0.000118285
-1.52	0.000119114
-1.519	0.000119949
-1.518	0.00012079
-1.517	0.000121637
-1.516	0.00012249
-1.515	0.000123348
-1.514	0.000124213
-1.513	0.000125084
-1.512	0.000125961
-1.511	0.000126843
-1.51	0.000127732
-1.509	0.000128626
-1.508	0.000129526
-1.507	0.000130432
-1.506	0.000131343
-1.505	0.000132261
-1.504	0.000133184
-1.503	0.000134113
-1.502	0.000135048
-1.501	0.000135988
-1.5	0.000136934
-1.499	0.000137886
-1.498	0.000138844
-1.497	0.000139807
-1.496	0.000140776
-1.495	0.00014175
-1.494	0.000142731
-1.493	0.000143716
-1.492	0.000144708
-1.491	0.000145706
-1.49	0.000146709
-1.489	0.000147718
-1.488	0.000148732
-1.487	0.000149753
-1.486	0.000150779
-1.485	0.000151811
-1.484	0.000152849
-1.483	0.000153892
-1.482	0.000154942
-1.481	0.000155998
-1.48	0.000157059
-1.479	0.000158127
-1.478	0.0001592
-1.477	0.00016028
-1.476	0.000161366
-1.475	0.000162458
-1.474	0.000163556
-1.473	0.000164661
-1.472	0.000165772
-1.471	0.00016689
-1.47	0.000168014
-1.469	0.000169144
-1.468	0.000170282
-1.467	0.000171426
-1.466	0.000172577
-1.465	0.000173735
-1.464	0.0001749
-1.463	0.000176072
-1.462	0.000177251
-1.461	0.000178438
-1.46	0.000179631
-1.459	0.000180833
-1.458	0.000182042
-1.457	0.000183259
-1.456	0.000184483
-1.455	0.000185715
-1.454	0.000186955
-1.453	0.000188204
-1.452	0.000189461
-1.451	0.000190726
-1.45	0.000191999
-1.449	0.00019328
-1.448	0.000194571
-1.447	0.00019587
-1.446	0.000197178
-1.445	0.000198495
-1.444	0.000199822
-1.443	0.000201157
-1.442	0.000202502
-1.441	0.000203856
-1.44	0.00020522
-1.439	0.000206593
-1.438	0.000207976
-1.437	0.00020937
-1.436	0.000210772
-1.435	0.000212186
-1.434	0.000213609
-1.433	0.000215043
-1.432	0.000216487
-1.431	0.000217942
-1.43	0.000219407
-1.429	0.000220883
-1.428	0.00022237
-1.427	0.000223868
-1.426	0.000225377
-1.425	0.000226897
-1.424	0.000228429
-1.423	0.000229971
-1.422	0.000231525
-1.421	0.000233091
-1.42	0.000234668
-1.419	0.000236257
-1.418	0.000237858
-1.417	0.00023947
-1.416	0.000241095
-1.415	0.000242731
-1.414	0.00024438
-1.413	0.00024604
-1.412	0.000247713
-1.411	0.000249398
-1.41	0.000251096
-1.409	0.000252806
-1.408	0.000254528
-1.407	0.000256263
-1.406	0.00025801
-1.405	0.00025977
-1.404	0.000261543
-1.403	0.000263328
-1.402	0.000265126
-1.401	0.000266938
-1.4	0.000268762
-1.399	0.000270599
-1.398	0.000272449
-1.397	0.000274312
-1.396	0.000276188
-1.395	0.000278077
-1.394	0.000279979
-1.393	0.000281895
-1.392	0.000283823
-1.391	0.000285765
-1.39	0.00028772
-1.389	0.000289689
-1.388	0.000291671
-1.387	0.000293666
-1.386	0.000295675
-1.385	0.000297697
-1.384	0.000299733
-1.383	0.000301782
-1.382	0.000303846
-1.381	0.000305922
-1.38	0.000308013
-1.379	0.000310117
-1.378	0.000312234
-1.377	0.000314366
-1.376	0.000316512
-1.375	0.000318671
-1.374	0.000320844
-1.373	0.000323032
-1.372	0.000325233
-1.371	0.000327449
-1.37	0.000329678
-1.369	0.000331922
-1.368	0.000334181
-1.367	0.000336453
-1.366	0.00033874
-1.365	0.000341041
-1.364	0.000343358
-1.363	0.000345689
-1.362	0.000348034
-1.361	0.000350394
-1.36	0.000352769
-1.359	0.000355159
-1.358	0.000357564
-1.357	0.000359985
-1.356	0.00036242
-1.355	0.000364871
-1.354	0.000367337
-1.353	0.000369819
-1.352	0.000372317
-1.351	0.00037483
-1.35	0.00037736
-1.349	0.000379904
-1.348	0.000382466
-1.347	0.000385044
-1.346	0.000387638
-1.345	0.000390248
-1.344	0.000392875
-1.343	0.000395519
-1.342	0.00039818
-1.341	0.000400858
-1.34	0.000403553
-1.339	0.000406266
-1.338	0.000408996
-1.337	0.000411744
-1.336	0.000414509
-1.335	0.000417293
-1.334	0.000420094
-1.333	0.000422914
-1.332	0.000425753
-1.331	0.00042861
-1.33	0.000431486
-1.329	0.000434381
-1.328	0.000437296
-1.327	0.00044023
-1.326	0.000443183
-1.325	0.000446156
-1.324	0.000449149
-1.323	0.000452162
-1.322	0.000455194
-1.321	0.000458248
-1.32	0.000461322
-1.319	0.000464418
-1.318	0.000467534
-1.317	0.000470671
-1.316	0.00047383
-1.315	0.000477011
-1.314	0.000480213
-1.313	0.000483437
-1.312	0.000486684
-1.311	0.000489953
-1.31	0.000493245
-1.309	0.000496558
-1.308	0.000499896
-1.307	0.000503256
-1.306	0.00050664
-1.305	0.000510047
-1.304	0.000513477
-1.303	0.000516932
-1.302	0.000520411
-1.301	0.000523914
-1.3	0.000527441
-1.299	0.000530994
-1.298	0.00053457
-1.297	0.000538173
-1.296	0.0005418
-1.295	0.000545452
-1.294	0.00054913
-1.293	0.000552834
-1.292	0.000556563
-1.291	0.000560319
-1.29	0.000564102
-1.289	0.000567909
-1.288	0.000571745
-1.287	0.000575607
-1.286	0.000579495
-1.285	0.000583412
-1.284	0.000587354
-1.283	0.000591325
-1.282	0.000595322
-1.281	0.000599349
-1.28	0.000603403
-1.279	0.000607485
-1.278	0.000611595
-1.277	0.000615734
-1.276	0.000619901
-1.275	0.000624097
-1.274	0.000628322
-1.273	0.000632575
-1.272	0.000636858
-1.271	0.000641171
-1.27	0.000645513
-1.269	0.000649885
-1.268	0.000654286
-1.267	0.000658718
-1.266	0.00066318
-1.265	0.000667671
-1.264	0.000672194
-1.263	0.000676747
-1.262	0.000681331
-1.261	0.000685944
-1.26	0.000690591
-1.259	0.000695268
-1.258	0.000699977
-1.257	0.000704717
-1.256	0.000709489
-1.255	0.000714294
-1.254	0.00071913
-1.253	0.000723998
-1.252	0.000728898
-1.251	0.000733832
-1.25	0.000738798
-1.249	0.000743797
-1.248	0.000748828
-1.247	0.000753894
-1.246	0.000758993
-1.245	0.000764127
-1.244	0.000769293
-1.243	0.000774494
-1.242	0.00077973
-1.241	0.000784999
-1.24	0.000790303
-1.239	0.000795642
-1.238	0.000801017
-1.237	0.000806426
-1.236	0.000811872
-1.235	0.000817353
-1.234	0.00082287
-1.233	0.000828423
-1.232	0.000834012
-1.231	0.000839639
-1.23	0.000845302
-1.229	0.000851002
-1.228	0.00085674
-1.227	0.000862516
-1.226	0.000868329
-1.225	0.000874181
-1.224	0.000880071
-1.223	0.000885999
-1.222	0.000891967
-1.221	0.000897974
-1.22	0.00090402
-1.219	0.000910106
-1.218	0.000916233
-1.217	0.0009224
-1.216	0.000928608
-1.215	0.000934856
-1.214	0.000941145
-1.213	0.000947477
-1.212	0.00095385
-1.211	0.000960265
-1.21	0.000966723
-1.209	0.000973224
-1.208	0.000979769
-1.207	0.000986357
-1.206	0.000992988
-1.205	0.000999665
-1.204	0.00100638
-1.203	0.00101315
-1.202	0.00101996
-1.201	0.00102682
-1.2	0.00103372
-1.199	0.00104067
-1.198	0.00104766
-1.197	0.0010547
-1.196	0.00106179
-1.195	0.00106893
-1.194	0.00107611
-1.193	0.00108335
-1.192	0.00109063
-1.191	0.00109796
-1.19	0.00110534
-1.189	0.00111277
-1.188	0.00112025
-1.187	0.00112779
-1.186	0.00113537
-1.185	0.001143
-1.184	0.00115069
-1.183	0.00115843
-1.182	0.00116622
-1.181	0.00117407
-1.18	0.00118196
-1.179	0.00118991
-1.178	0.00119792
-1.177	0.00120598
-1.176	0.0012141
-1.175	0.00122227
-1.174	0.00123049
-1.173	0.00123878
-1.172	0.00124712
-1.171	0.00125551
-1.17	0.00126397
-1.169	0.00127248
-1.168	0.00128105
-1.167	0.00128968
-1.166	0.00129836
-1.165	0.00130711
-1.164	0.00131592
-1.163	0.00132479
-1.162	0.00133371
-1.161	0.0013427
-1.16	0.00135175
-1.159	0.00136086
-1.158	0.00137003
-1.157	0.00137927
-1.156	0.00138857
-1.155	0.00139793
-1.154	0.00140736
-1.153	0.00141685
-1.152	0.00142641
-1.151	0.00143602
-1.15	0.00144571
-1.149	0.00145546
-1.148	0.00146528
-1.147	0.00147516
-1.146	0.00148512
-1.145	0.00149514
-1.144	0.00150522
-1.143	0.00151538
-1.142	0.0015256
-1.141	0.00153589
-1.14	0.00154626
-1.139	0.00155669
-1.138	0.00156719
-1.137	0.00157777
-1.136	0.00158841
-1.135	0.00159913
-1.134	0.00160992
-1.133	0.00162078
-1.132	0.00163172
-1.131	0.00164273
-1.13	0.00165381
-1.129	0.00166497
-1.128	0.0016762
-1.127	0.00168751
-1.126	0.00169889
-1.125	0.00171035
-1.124	0.00172189
-1.123	0.0017335
-1.122	0.00174519
-1.121	0.00175696
-1.12	0.00176881
-1.119	0.00178074
-1.118	0.00179275
-1.117	0.00180483
-1.116	0.001817
-1.115	0.00182925
-1.114	0.00184159
-1.113	0.001854
-1.112	0.0018665
-1.111	0.00187908
-1.11	0.00189174
-1.109	0.00190449
-1.108	0.00191732
-1.107	0.00193024
-1.106	0.00194325
-1.105	0.00195634
-1.104	0.00196952
-1.103	0.00198279
-1.102	0.00199614
-1.101	0.00200959
-1.1	0.00202312
-1.099	0.00203674
-1.098	0.00205046
-1.097	0.00206427
-1.096	0.00207817
-1.095	0.00209216
-1.094	0.00210624
-1.093	0.00212042
-1.092	0.0021347
-1.091	0.00214907
-1.09	0.00216353
-1.089	0.00217809
-1.088	0.00219275
-1.087	0.00220751
-1.086	0.00222236
-1.085	0.00223732
-1.084	0.00225238
-1.083	0.00226753
-1.082	0.00228279
-1.081	0.00229815
-1.08	0.00231361
-1.079	0.00232918
-1.078	0.00234485
-1.077	0.00236062
-1.076	0.0023765
-1.075	0.00239249
-1.074	0.00240859
-1.073	0.00242479
-1.072	0.0024411
-1.071	0.00245752
-1.07	0.00247406
-1.069	0.0024907
-1.068	0.00250746
-1.067	0.00252433
-1.066	0.00254131
-1.065	0.0025584
-1.064	0.00257562
-1.063	0.00259295
-1.062	0.00261039
-1.061	0.00262795
-1.06	0.00264563
-1.059	0.00266343
-1.058	0.00268135
-1.057	0.0026994
-1.056	0.00271756
-1.055	0.00273585
-1.054	0.00275426
-1.053	0.00277279
-1.052	0.00279145
-1.051	0.00281023
-1.05	0.00282915
-1.049	0.00284819
-1.048	0.00286736
-1.047	0.00288666
-1.046	0.00290609
-1.045	0.00292565
-1.044	0.00294535
-1.043	0.00296518
-1.042	0.00298514
-1.041	0.00300524
-1.04	0.00302547
-1.039	0.00304584
-1.038	0.00306635
-1.037	0.00308699
-1.036	0.00310778
-1.035	0.00312871
-1.034	0.00314978
-1.033	0.00317099
-1.032	0.00319235
-1.031	0.00321385
-1.03	0.0032355
-1.029	0.00325729
-1.028	0.00327923
-1.027	0.00330132
-1.026	0.00332355
-1.025	0.00334594
-1.024	0.00336848
-1.023	0.00339118
-1.022	0.00341402
-1.021	0.00343702
-1.02	0.00346017
-1.019	0.00348348
-1.018	0.00350695
-1.017	0.00353058
-1.016	0.00355437
-1.015	0.00357832
-1.014	0.00360242
-1.013	0.0036267
-1.012	0.00365113
-1.011	0.00367573
-1.01	0.00370049
-1.009	0.00372543
-1.008	0.00375053
-1.007	0.0037758
-1.006	0.00380124
-1.005	0.00382685
-1.004	0.00385263
-1.003	0.00387858
-1.002	0.00390472
-1.001	0.00393103
-1	0.00395751
-0.999	0.00398416
-0.998	0.00401101
-0.997	0.00403803
-0.996	0.00406523
-0.995	0.00409262
-0.994	0.00412019
-0.993	0.00414794
-0.992	0.00417588
-0.991	0.00420401
-0.99	0.00423232
-0.989	0.00426083
-0.988	0.00428953
-0.987	0.00431842
-0.986	0.00434751
-0.985	0.00437678
-0.984	0.00440626
-0.983	0.00443593
-0.982	0.00446581
-0.981	0.00449588
-0.98	0.00452615
-0.979	0.00455663
-0.978	0.00458732
-0.977	0.0046182
-0.976	0.0046493
-0.975	0.0046806
-0.974	0.00471212
-0.973	0.00474385
-0.972	0.00477578
-0.971	0.00480793
-0.97	0.00484031
-0.969	0.00487288
-0.968	0.00490569
-0.967	0.00493872
-0.966	0.00497196
-0.965	0.00500543
-0.964	0.00503912
-0.963	0.00507304
-0.962	0.00510719
-0.961	0.00514157
-0.96	0.00517618
-0.959	0.00521102
-0.958	0.00524609
-0.957	0.0052814
-0.956	0.00531695
-0.955	0.00535274
-0.954	0.00538877
-0.953	0.00542503
-0.952	0.00546154
-0.951	0.0054983
-0.95	0.0055353
-0.949	0.00557256
-0.948	0.00561007
-0.947	0.00564782
-0.946	0.00568583
-0.945	0.0057241
-0.944	0.00576263
-0.943	0.00580141
-0.942	0.00584045
-0.941	0.00587975
-0.94	0.00591933
-0.939	0.00595916
-0.938	0.00599927
-0.937	0.00603964
-0.936	0.00608029
-0.935	0.00612122
-0.934	0.00616241
-0.933	0.00620389
-0.932	0.00624564
-0.931	0.00628767
-0.93	0.00632999
-0.929	0.0063726
-0.928	0.00641549
-0.927	0.00645866
-0.926	0.00650214
-0.925	0.0065459
-0.924	0.00658997
-0.923	0.00663432
-0.922	0.00667897
-0.921	0.00672393
-0.92	0.00676918
-0.919	0.00681475
-0.918	0.00686063
-0.917	0.00690681
-0.916	0.0069533
-0.915	0.00700011
-0.914	0.00704723
-0.913	0.00709467
-0.912	0.00714243
-0.911	0.00719052
-0.91	0.00723892
-0.909	0.00728766
-0.908	0.00733672
-0.907	0.00738611
-0.906	0.00743584
-0.905	0.0074859
-0.904	0.0075363
-0.903	0.00758704
-0.902	0.00763813
-0.901	0.00768955
-0.9	0.00774133
-0.899	0.00779346
-0.898	0.00784593
-0.897	0.00789876
-0.896	0.00795194
-0.895	0.00800549
-0.894	0.00805939
-0.893	0.00811367
-0.892	0.0081683
-0.891	0.0082233
-0.89	0.00827868
-0.889	0.00833442
-0.888	0.00839055
-0.887	0.00844706
-0.886	0.00850393
-0.885	0.00856119
-0.884	0.00861886
-0.883	0.0086769
-0.882	0.00873533
-0.881	0.00879414
-0.88	0.00885337
-0.879	0.00891299
-0.878	0.00897301
-0.877	0.00903344
-0.876	0.00909427
-0.875	0.00915551
-0.874	0.00921716
-0.873	0.00927924
-0.872	0.00934172
-0.871	0.00940462
-0.87	0.00946796
-0.869	0.00953171
-0.868	0.0095959
-0.867	0.00966051
-0.866	0.00972555
-0.865	0.00979105
-0.864	0.00985698
-0.863	0.00992336
-0.862	0.00999017
-0.861	0.0100574
-0.86	0.0101252
-0.859	0.0101933
-0.858	0.010262
-0.857	0.0103311
-0.856	0.0104006
-0.855	0.0104706
-0.854	0.0105411
-0.853	0.0106121
-0.852	0.0106835
-0.851	0.0107555
-0.85	0.0108279
-0.849	0.0109008
-0.848	0.0109742
-0.847	0.011048
-0.846	0.0111224
-0.845	0.0111973
-0.844	0.0112727
-0.843	0.0113486
-0.842	0.011425
-0.841	0.0115019
-0.84	0.0115793
-0.839	0.0116572
-0.838	0.0117357
-0.837	0.0118147
-0.836	0.0118942
-0.835	0.0119743
-0.834	0.0120549
-0.833	0.012136
-0.832	0.0122177
-0.831	0.0123
-0.83	0.0123828
-0.829	0.0124661
-0.828	0.01255
-0.827	0.0126345
-0.826	0.0127196
-0.825	0.0128052
-0.824	0.0128914
-0.823	0.0129781
-0.822	0.0130655
-0.821	0.0131534
-0.82	0.013242
-0.819	0.0133311
-0.818	0.0134208
-0.817	0.0135112
-0.816	0.0136021
-0.815	0.0136937
-0.814	0.0137859
-0.813	0.0138786
-0.812	0.0139721
-0.811	0.0140661
-0.81	0.0141608
-0.809	0.0142561
-0.808	0.0143521
-0.807	0.0144487
-0.806	0.014546
-0.805	0.0146439
-0.804	0.0147425
-0.803	0.0148417
-0.802	0.0149416
-0.801	0.0150422
-0.8	0.0151435
-0.799	0.0152454
-0.798	0.015348
-0.797	0.0154513
-0.796	0.0155553
-0.795	0.0156601
-0.794	0.0157655
-0.793	0.0158716
-0.792	0.0159785
-0.791	0.016086
-0.79	0.0161943
-0.789	0.0163033
-0.788	0.0164131
-0.787	0.0165236
-0.786	0.0166348
-0.785	0.0167468
-0.784	0.0168595
-0.783	0.016973
-0.782	0.0170873
-0.781	0.0172023
-0.78	0.0173181
-0.779	0.0174347
-0.778	0.0175521
-0.777	0.0176702
-0.776	0.0177892
-0.775	0.0179089
-0.774	0.0180295
-0.773	0.0181509
-0.772	0.0182731
-0.771	0.0183961
-0.77	0.01852
-0.769	0.0186446
-0.768	0.0187702
-0.767	0.0188965
-0.766	0.0190238
-0.765	0.0191518
-0.764	0.0192808
-0.763	0.0194106
-0.762	0.0195412
-0.761	0.0196728
-0.76	0.0198053
-0.759	0.0199386
-0.758	0.0200729
-0.757	0.020208
-0.756	0.020344
-0.755	0.020481
-0.754	0.0206189
-0.753	0.0207577
-0.752	0.0208975
-0.751	0.0210382
-0.75	0.0211798
-0.749	0.0213224
-0.748	0.021466
-0.747	0.0216105
-0.746	0.021756
-0.745	0.0219025
-0.744	0.02205
-0.743	0.0221984
-0.742	0.0223479
-0.741	0.0224983
-0.74	0.0226498
-0.739	0.0228023
-0.738	0.0229558
-0.737	0.0231104
-0.736	0.023266
-0.735	0.0234226
-0.734	0.0235803
-0.733	0.023739
-0.732	0.0238989
-0.731	0.0240598
-0.73	0.0242218
-0.729	0.0243848
-0.728	0.024549
-0.727	0.0247143
-0.726	0.0248807
-0.725	0.0250482
-0.724	0.0252168
-0.723	0.0253866
-0.722	0.0255575
-0.721	0.0257295
-0.72	0.0259027
-0.719	0.0260771
-0.718	0.0262527
-0.717	0.0264294
-0.716	0.0266073
-0.715	0.0267864
-0.714	0.0269668
-0.713	0.0271483
-0.712	0.0273311
-0.711	0.027515
-0.71	0.0277003
-0.709	0.0278868
-0.708	0.0280745
-0.707	0.0282635
-0.706	0.0284537
-0.705	0.0286453
-0.704	0.0288381
-0.703	0.0290322
-0.702	0.0292277
-0.701	0.0294244
-0.7	0.0296224
-0.699	0.0298219
-0.698	0.0300226
-0.697	0.0302247
-0.696	0.0304282
-0.695	0.030633
-0.694	0.0308392
-0.693	0.0310467
-0.692	0.0312557
-0.691	0.0314662
-0.69	0.031678
-0.689	0.0318912
-0.688	0.0321059
-0.687	0.032322
-0.686	0.0325396
-0.685	0.0327586
-0.684	0.0329791
-0.683	0.0332011
-0.682	0.0334246
-0.681	0.0336496
-0.68	0.0338762
-0.679	0.0341042
-0.678	0.0343338
-0.677	0.0345649
-0.676	0.0347976
-0.675	0.0350319
-0.674	0.0352677
-0.673	0.0355051
-0.672	0.0357441
-0.671	0.0359847
-0.67	0.036227
-0.669	0.0364709
-0.668	0.0367164
-0.667	0.0369636
-0.666	0.0372124
-0.665	0.0374629
-0.664	0.0377152
-0.663	0.037969
-0.662	0.0382246
-0.661	0.038482
-0.66	0.038741
-0.659	0.0390018
-0.658	0.0392644
-0.657	0.0395287
-0.656	0.0397949
-0.655	0.0400627
-0.654	0.0403325
-0.653	0.040604
-0.652	0.0408773
-0.651	0.0411526
-0.65	0.0414296
-0.649	0.0417085
-0.648	0.0419893
-0.647	0.042272
-0.646	0.0425565
-0.645	0.042843
-0.644	0.0431315
-0.643	0.0434218
-0.642	0.0437142
-0.641	0.0440085
-0.64	0.0443047
-0.639	0.044603
-0.638	0.0449033
-0.637	0.0452055
-0.636	0.0455099
-0.635	0.0458163
-0.634	0.0461247
-0.633	0.0464352
-0.632	0.0467478
-0.631	0.0470625
-0.63	0.0473793
-0.629	0.0476983
-0.628	0.0480194
-0.627	0.0483427
-0.626	0.0486682
-0.625	0.0489958
-0.624	0.0493256
-0.623	0.0496577
-0.622	0.049992
-0.621	0.0503285
-0.62	0.0506673
-0.619	0.0510084
-0.618	0.0513518
-0.617	0.0516975
-0.616	0.0520456
-0.615	0.052396
-0.614	0.0527487
-0.613	0.0531038
-0.612	0.0534613
-0.611	0.0538212
-0.61	0.0541835
-0.609	0.0545483
-0.608	0.0549156
-0.607	0.0552852
-0.606	0.0556574
-0.605	0.0560321
-0.604	0.0564094
-0.603	0.0567891
-0.602	0.0571715
-0.601	0.0575563
-0.6	0.0579438
-0.599	0.0583339
-0.598	0.0587266
-0.597	0.059122
-0.596	0.05952
-0.595	0.0599207
-0.594	0.0603241
-0.593	0.0607302
-0.592	0.0611391
-0.591	0.0615507
-0.59	0.061965
-0.589	0.0623823
-0.588	0.0628022
-0.587	0.063225
-0.586	0.0636506
-0.585	0.0640791
-0.584	0.0645105
-0.583	0.0649448
-0.582	0.065382
-0.581	0.0658222
-0.58	0.0662653
-0.579	0.0667113
-0.578	0.0671605
-0.577	0.0676127
-0.576	0.0680678
-0.575	0.068526
-0.574	0.0689873
-0.573	0.0694517
-0.572	0.0699192
-0.571	0.07039
-0.57	0.0708638
-0.569	0.0713408
-0.568	0.0718211
-0.567	0.0723046
-0.566	0.0727913
-0.565	0.0732813
-0.564	0.0737746
-0.563	0.0742712
-0.562	0.0747712
-0.561	0.0752745
-0.56	0.0757812
-0.559	0.0762914
-0.558	0.076805
-0.557	0.077322
-0.556	0.0778425
-0.555	0.0783664
-0.554	0.078894
-0.553	0.0794251
-0.552	0.0799598
-0.551	0.080498
-0.55	0.0810399
-0.549	0.0815855
-0.548	0.0821346
-0.547	0.0826876
-0.546	0.0832443
-0.545	0.0838046
-0.544	0.0843688
-0.543	0.0849367
-0.542	0.0855085
-0.541	0.0860841
-0.54	0.0866636
-0.539	0.087247
-0.538	0.0878344
-0.537	0.0884257
-0.536	0.089021
-0.535	0.0896203
-0.534	0.0902236
-0.533	0.090831
-0.532	0.0914425
-0.531	0.0920581
-0.53	0.0926778
-0.529	0.0933018
-0.528	0.0939298
-0.527	0.0945622
-0.526	0.0951988
-0.525	0.0958396
-0.524	0.0964849
-0.523	0.0971345
-0.522	0.0977884
-0.521	0.0984468
-0.52	0.0991095
-0.519	0.0997768
-0.518	0.100449
-0.517	0.101125
-0.516	0.101806
-0.515	0.102491
-0.514	0.103181
-0.513	0.103876
-0.512	0.104575
-0.511	0.105279
-0.51	0.105988
-0.509	0.106701
-0.508	0.10742
-0.507	0.108143
-0.506	0.108871
-0.505	0.109604
-0.504	0.110342
-0.503	0.111084
-0.502	0.111832
-0.501	0.112585
-0.5	0.113343
-0.499	0.114106
-0.498	0.114874
-0.497	0.115647
-0.496	0.116426
-0.495	0.11721
-0.494	0.117999
-0.493	0.118793
-0.492	0.119593
-0.491	0.120398
-0.49	0.121209
-0.489	0.122025
-0.488	0.122846
-0.487	0.123673
-0.486	0.124505
-0.485	0.125344
-0.484	0.126188
-0.483	0.127037
-0.482	0.127892
-0.481	0.128753
-0.48	0.12962
-0.479	0.130492
-0.478	0.131371
-0.477	0.132255
-0.476	0.133146
-0.475	0.134042
-0.474	0.134944
-0.473	0.135853
-0.472	0.136767
-0.471	0.137688
-0.47	0.138615
-0.469	0.139548
-0.468	0.140487
-0.467	0.141433
-0.466	0.142385
-0.465	0.143344
-0.464	0.144309
-0.463	0.14528
-0.462	0.146258
-0.461	0.147243
-0.46	0.148234
-0.459	0.149232
-0.458	0.150237
-0.457	0.151248
-0.456	0.152267
-0.455	0.153292
-0.454	0.154324
-0.453	0.155362
-0.452	0.156409
-0.451	0.157462
-0.45	0.158522
-0.449	0.159589
-0.448	0.160663
-0.447	0.161745
-0.446	0.162834
-0.445	0.16393
-0.444	0.165033
-0.443	0.166144
-0.442	0.167263
-0.441	0.168389
-0.44	0.169523
-0.439	0.170664
-0.438	0.171813
-0.437	0.17297
-0.436	0.174134
-0.435	0.175306
-0.434	0.176486
-0.433	0.177675
-0.432	0.178871
-0.431	0.180075
-0.43	0.181287
-0.429	0.182507
-0.428	0.183736
-0.427	0.184973
-0.426	0.186218
-0.425	0.187472
-0.424	0.188734
-0.423	0.190004
-0.422	0.191283
-0.421	0.192571
-0.42	0.193867
-0.419	0.195172
-0.418	0.196486
-0.417	0.197809
-0.416	0.199141
-0.415	0.200481
-0.414	0.20188
-0.413	0.203391
-0.412	0.205013
-0.411	0.206748
-0.41	0.208597
-0.409	0.210559
-0.408	0.212636
-0.407	0.214827
-0.406	0.217132
-0.405	0.219551
-0.404	0.222084
-0.403	0.22473
-0.402	0.227489
-0.401	0.23036
-0.4	0.233342
-0.399	0.236434
-0.398	0.239634
-0.397	0.242941
-0.396	0.246354
-0.395	0.249871
-0.394	0.253491
-0.393	0.25721
-0.392	0.261028
-0.391	0.264942
-0.39	0.268949
-0.389	0.273048
-0.388	0.277235
-0.387	0.281508
-0.386	0.285865
-0.385	0.290301
-0.384	0.294815
-0.383	0.299404
-0.382	0.304063
-0.381	0.30879
-0.38	0.313582
-0.379	0.318435
-0.378	0.323346
-0.377	0.328311
-0.376	0.333326
-0.375	0.338389
-0.374	0.343495
-0.373	0.348641
-0.372	0.353823
-0.371	0.359038
-0.37	0.364281
-0.369	0.369549
-0.368	0.374838
-0.367	0.380144
-0.366	0.385464
-0.365	0.390794
-0.364	0.396175
-0.363	0.401647
-0.362	0.407208
-0.361	0.412848
-0.36	0.418565
-0.359	0.42435
-0.358	0.430199
-0.357	0.436104
-0.356	0.442061
-0.355	0.448059
-0.354	0.454099
-0.353	0.460167
-0.352	0.466264
-0.351	0.472376
-0.35	0.478503
-0.349	0.484634
-0.348	0.490767
-0.347	0.49689
-0.346	0.503002
-0.345	0.509092
-0.344	0.515156
-0.343	0.521188
-0.342	0.52718
-0.341	0.533127
-0.34	0.539022
-0.339	0.54486
-0.338	0.550631
-0.337	0.556335
-0.336	0.56196
-0.335	0.567506
-0.334	0.572961
-0.333	0.578325
-0.332	0.583586
-0.331	0.588747
-0.33	0.593793
-0.329	0.598727
-0.328	0.603538
-0.327	0.608224
-0.326	0.612778
-0.325	0.617199
-0.324	0.621477
-0.323	0.625613
-0.322	0.629599
-0.321	0.633432
-0.32	0.637109
-0.319	0.640625
-0.318	0.643978
-0.317	0.64716
-0.316	0.650174
-0.315	0.653012
-0.314	0.655675
-0.313	0.658156
-0.312	0.660457
-0.311	0.662571
-0.31	0.664502
-0.309	0.66624
-0.308	0.667794
-0.307	0.66915
-0.306	0.670318
-0.305	0.671288
-0.304	0.672067
-0.303	0.672649
-0.302	0.673034
-0.301	0.673225
-0.3	0.673219
-0.299	0.673017
-0.298	0.672621
-0.297	0.672029
-0.296	0.671242
-0.295	0.670265
-0.294	0.669094
-0.293	0.667736
-0.292	0.666185
-0.291	0.664453
-0.29	0.662532
-0.289	0.660432
-0.288	0.65815
-0.287	0.655693
-0.286	0.653062
-0.285	0.65026
-0.284	0.647289
-0.283	0.644156
-0.282	0.640861
-0.281	0.637411
-0.28	0.633806
-0.279	0.630055
-0.278	0.626157
-0.277	0.622121
-0.276	0.617949
-0.275	0.613646
-0.274	0.609218
-0.273	0.60467
-0.272	0.600006
-0.271	0.595232
-0.27	0.590355
-0.269	0.585376
-0.268	0.580306
-0.267	0.575147
-0.266	0.569907
-0.265	0.56459
-0.264	0.559205
-0.263	0.553753
-0.262	0.548247
-0.261	0.542686
-0.26	0.537082
-0.259	0.531439
-0.258	0.525762
-0.257	0.52006
-0.256	0.514338
-0.255	0.508603
-0.254	0.50286
-0.253	0.497119
-0.252	0.491383
-0.251	0.485659
-0.25	0.479955
-0.249	0.474276
-0.248	0.468629
-0.247	0.463021
-0.246	0.457457
-0.245	0.451944
-0.244	0.446487
-0.243	0.441095
-0.242	0.435772
-0.241	0.430524
-0.24	0.425357
-0.239	0.420279
-0.238	0.415292
-0.237	0.410405
-0.236	0.40562
-0.235	0.400947
-0.234	0.396388
-0.233	0.391948
-0.232	0.387635
-0.231	0.38345
-0.23	0.379402
-0.229	0.375491
-0.228	0.371726
-0.227	0.368108
-0.226	0.364643
-0.225	0.361335
-0.224	0.358186
-0.223	0.355202
-0.222	0.352385
-0.221	0.349738
-0.22	0.347265
-0.219	0.344969
-0.218	0.342852
-0.217	0.340918
-0.216	0.339166
-0.215	0.337603
-0.214	0.336226
-0.213	0.335041
-0.212	0.334046
-0.211	0.333245
-0.21	0.332638
-0.209	0.332225
-0.208	0.332008
-0.207	0.331986
-0.206	0.332161
-0.205	0.332532
-0.204	0.333099
-0.203	0.333862
-0.202	0.33482
-0.201	0.335972
-0.2	0.337317
-0.199	0.338854
-0.198	0.340582
-0.197	0.342498
-0.196	0.344601
-0.195	0.346889
-0.194	0.349361
-0.193	0.352011
-0.192	0.35484
-0.191	0.357843
-0.19	0.361017
-0.189	0.36436
-0.188	0.367869
-0.187	0.371538
-0.186	0.375364
-0.185	0.379345
-0.184	0.383475
-0.183	0.387749
-0.182	0.392166
-0.181	0.396717
-0.18	0.401401
-0.179	0.406211
-0.178	0.411143
-0.177	0.416191
-0.176	0.42135
-0.175	0.426615
-0.174	0.431979
-0.173	0.43744
-0.172	0.442988
-0.171	0.448621
-0.17	0.454328
-0.169	0.460109
-0.168	0.465953
-0.167	0.471858
-0.166	0.477814
-0.165	0.483818
-0.164	0.489861
-0.163	0.495939
-0.162	0.502042
-0.161	0.508168
-0.16	0.514308
-0.159	0.520455
-0.158	0.526606
-0.157	0.53275
-0.156	0.538883
-0.155	0.544999
-0.154	0.55109
-0.153	0.55715
-0.152	0.563175
-0.151	0.569154
-0.15	0.575085
-0.149	0.580959
-0.148	0.586772
-0.147	0.592515
-0.146	0.598187
-0.145	0.603775
-0.144	0.60928
-0.143	0.614691
-0.142	0.620006
-0.141	0.625218
-0.14	0.630321
-0.139	0.63531
-0.138	0.640181
-0.137	0.644926
-0.136	0.649544
-0.135	0.654026
-0.134	0.658372
-0.133	0.662574
-0.132	0.666627
-0.131	0.670532
-0.13	0.674278
-0.129	0.677865
-0.128	0.68129
-0.127	0.684548
-0.126	0.687637
-0.125	0.690551
-0.124	0.693291
-0.123	0.695851
-0.122	0.69823
-0.121	0.700427
-0.12	0.702434
-0.119	0.704257
-0.118	0.705889
-0.117	0.70733
-0.116	0.708578
-0.115	0.709633
-0.114	0.710494
-0.113	0.711159
-0.112	0.711629
-0.111	0.711904
-0.11	0.711979
-0.109	0.711862
-0.108	0.711548
-0.107	0.711038
-0.106	0.710336
-0.105	0.709439
-0.104	0.708351
-0.103	0.707072
-0.102	0.705605
-0.101	0.70395
-0.1	0.70211
