-4	0
-3.999	0
-3.998	0
-3.997	0
-3.996	0
-3.995	0
-3.994	0
-3.993	0
-3.992	0
-3.991	0
-3.99	0
-3.989	0
-3.988	0
-3.987	0
-3.986	0
-3.985	0
-3.984	0
-3.983	0
-3.982	0
-3.981	0
-3.98	0
-3.979	0
-3.978	0
-3.977	0
-3.976	0
-3.975	0
-3.974	0
-3.973	0
-3.972	0
-3.971	0
-3.97	0
-3.969	0
-3.968	0
-3.967	0
-3.966	0
-3.965	0
-3.964	0
-3.963	0
-3.962	0
-3.961	0
-3.96	0
-3.959	0
-3.958	0
-3.957	0
-3.956	0
-3.955	0
-3.954	0
-3.953	0
-3.952	0
-3.951	0
-3.95	0
-3.949	0
-3.948	0
-3.947	0
-3.946	0
-3.945	0
-3.944	0
-3.943	0
-3.942	0
-3.941	0
-3.94	0
-3.939	0
-3.938	0
-3.937	0
-3.936	0
-3.935	0
-3.934	0
-3.933	0
-3.932	0
-3.931	0
-3.93	0
-3.929	0
-3.928	0
-3.927	0
-3.926	0
-3.925	0
-3.924	0
-3.923	0
-3.922	0
-3.921	0
-3.92	0
-3.919	0
-3.918	0
-3.917	0
-3.916	0
-3.915	0
-3.914	0
-3.913	0
-3.912	0
-3.911	0
-3.91	0
-3.909	0
-3.908	0
-3.907	0
-3.906	0
-3.905	0
-3.904	0
-3.903	0
-3.902	0
-3.901	0
-3.9	0
-3.899	0
-3.898	0
-3.897	0
-3.896	0
-3.895	0
-3.894	0
-3.893	0
-3.892	0
-3.891	0
-3.89	0
-3.889	0
-3.888	0
-3.887	0
-3.886	0
-3.885	0
-3.884	0
-3.883	0
-3.882	0
-3.881	0
-3.88	0
-3.879	0
-3.878	0
-3.877	0
-3.876	0
-3.875	0
-3.874	0
-3.873	0
-3.872	0
-3.871	0
-3.87	0
-3.869	0
-3.868	0
-3.867	0
-3.866	0
-3.865	0
-3.864	0
-3.863	0
-3.862	0
-3.861	0
-3.86	0
-3.859	0
-3.858	0
-3.857	0
-3.856	0
-3.855	0
-3.854	0
-3.853	0
-3.852	0
-3.851	0
-3.85	0
-3.849	0
-3.848	0
-3.847	0
-3.846	0
-3.845	0
-3.844	0
-3.843	0
-3.842	0
-3.841	0
-3.84	0
-3.839	0
-3.838	0
-3.837	0
-3.836	0
-3.835	0
-3.834	0
-3.833	0
-3.832	0
-3.831	0
-3.83	0
-3.829	0
-3.828	0
-3.827	0
-3.826	0
-3.825	0
-3.824	0
-3.823	0
-3.822	0
-3.821	0
-3.82	0
-3.819	0
-3.818	0
-3.817	0
-3.816	0
-3.815	0
-3.814	0
-3.813	0
-3.812	0
-3.811	0
-3.81	0
-3.809	0
-3.808	0
-3.807	0
-3.806	0
-3.805	0
-3.804	0
-3.803	0
-3.802	0
-3.801	0
-3.8	0
-3.799	0
-3.798	0
-3.797	0
-3.796	0
-3.795	0
-3.794	0
-3.793	0
-3.792	0
-3.791	0
-3.79	0
-3.789	0
-3.788	0
-3.787	0
-3.786	0
-3.785	0
-3.784	0
-3.783	0
-3.782	0
-3.781	0
-3.78	0
-3.779	0
-3.778	0
-3.777	0
-3.776	0
-3.775	0
-3.774	0
-3.773	0
-3.772	0
-3.771	0
-3.77	0
-3.769	0
-3.768	0
-3.767	0
-3.766	0
-3.765	0
-3.764	0
-3.763	0
-3.762	0
-3.761	0
-3.76	0
-3.759	0
-3.758	0
-3.757	0
-3.756	0
-3.755	0
-3.754	0
-3.753	0
-3.752	0
-3.751	0
-3.75	0
-3.749	0
-3.748	0
-3.747	0
-3.746	0
-3.745	0
-3.744	0
-3.743	0
-3.742	0
-3.741	0
-3.74	0
-3.739	0
-3.738	0
-3.737	0
-3.736	0
-3.735	0
-3.734	0
-3.733	0
-3.732	0
-3.731	0
-3.73	0
-3.729	0
-3.728	0
-3.727	0
-3.726	0
-3.725	0
-3.724	0
-3.723	0
-3.722	0
-3.721	0
-3.72	0
-3.719	0
-3.718	0
-3.717	0
-3.716	0
-3.715	0
-3.714	0
-3.713	0
-3.712	0
-3.711	0
-3.71	0
-3.709	0
-3.708	0
-3.707	0
-3.706	0
-3.705	0
-3.704	0
-3.703	0
-3.702	0
-3.701	0
-3.7	0
-3.699	0
-3.698	0
-3.697	0
-3.696	0
-3.695	0
-3.694	0
-3.693	0
-3.692	0
-3.691	0
-3.69	0
-3.689	0
-3.688	0
-3.687	0
-3.686	0
-3.685	0
-3.684	0
-3.683	0
-3.682	0
-3.681	0
-3.68	0
-3.679	0
-3.678	0
-3.677	0
-3.676	0
-3.675	0
-3.674	0
-3.673	0
-3.672	0
-3.671	0
-3.67	0
-3.669	0
-3.668	0
-3.667	0
-3.666	0
-3.665	0
-3.664	0
-3.663	0
-3.662	0
-3.661	0
-3.66	0
-3.659	0
-3.658	0
-3.657	0
-3.656	0
-3.655	0
-3.654	0
-3.653	0
-3.652	0
-3.651	0
-3.65	0
-3.649	0
-3.648	0
-3.647	0
-3.646	0
-3.645	0
-3.644	0
-3.643	0
-3.642	0
-3.641	0
-3.64	0
-3.639	0
-3.638	0
-3.637	0
-3.636	0
-3.635	0
-3.634	0
-3.633	0
-3.632	0
-3.631	0
-3.63	0
-3.629	0
-3.628	0
-3.627	0
-3.626	0
-3.625	0
-3.624	0
-3.623	0
-3.622	0
-3.621	0
-3.62	0
-3.619	0
-3.618	0
-3.617	0
-3.616	0
-3.615	0
-3.614	0
-3.613	0
-3.612	0
-3.611	0
-3.61	0
-3.609	0
-3.608	0
-3.607	0
-3.606	0
-3.605	0
-3.604	0
-3.603	0
-3.602	0
-3.601	0
-3.6	0
-3.599	0
-3.598	0
-3.597	0
-3.596	0
-3.595	0
-3.594	0
-3.593	0
-3.592	0
-3.591	0
-3.59	0
-3.589	0
-3.588	0
-3.587	0
-3.586	0
-3.585	0
-3.584	0
-3.583	0
-3.582	0
-3.581	0
-3.58	0
-3.579	0
-3.578	0
-3.577	0
-3.576	0
-3.575	0
-3.574	0
-3.573	0
-3.572	0
-3.571	0
-3.57	0
-3.569	0
-3.568	0
-3.567	0
-3.566	0
-3.565	0
-3.564	0
-3.563	0
-3.562	0
-3.561	0
-3.56	0
-3.559	0
-3.558	0
-3.557	0
-3.556	0
-3.555	0
-3.554	0
-3.553	0
-3.552	0
-3.551	0
-3.55	0
-3.549	0
-3.548	0
-3.547	0
-3.546	0
-3.545	0
-3.544	0
-3.543	0
-3.542	0
-3.541	0
-3.54	0
-3.539	0
-3.538	0
-3.537	0
-3.536	0
-3.535	0
-3.534	0
-3.533	0
-3.532	0
-3.531	0
-3.53	0
-3.529	0
-3.528	0
-3.527	0
-3.526	0
-3.525	0
-3.524	0
-3.523	0
-3.522	0
-3.521	0
-3.52	0
-3.519	0
-3.518	0
-3.517	0
-3.516	0
-3.515	0
-3.514	0
-3.513	0
-3.512	0
-3.511	0
-3.51	0
-3.509	0
-3.508	0
-3.507	0
-3.506	0
-3.505	0
-3.504	0
-3.503	0
-3.502	0
-3.501	0
-3.5	0
-3.499	0
-3.498	0
-3.497	0
-3.496	0
-3.495	0
-3.494	0
-3.493	0
-3.492	0
-3.491	0
-3.49	0
-3.489	0
-3.488	0
-3.487	0
-3.486	0
-3.485	0
-3.484	0
-3.483	0
-3.482	0
-3.481	0
-3.48	0
-3.479	0
-3.478	0
-3.477	0
-3.476	0
-3.475	0
-3.474	0
-3.473	0
-3.472	0
-3.471	0
-3.47	0
-3.469	0
-3.468	0
-3.467	0
-3.466	0
-3.465	0
-3.464	0
-3.463	0
-3.462	0
-3.461	0
-3.46	0
-3.459	0
-3.458	0
-3.457	0
-3.456	0
-3.455	0
-3.454	0
-3.453	0
-3.452	0
-3.451	0
-3.45	0
-3.449	0
-3.448	0
-3.447	0
-3.446	0
-3.445	0
-3.444	0
-3.443	0
-3.442	0
-3.441	0
-3.44	0
-3.439	0
-3.438	0
-3.437	0
-3.436	0
-3.435	0
-3.434	0
-3.433	0
-3.432	0
-3.431	0
-3.43	0
-3.429	0
-3.428	0
-3.427	0
-3.426	0
-3.425	0
-3.424	0
-3.423	0
-3.422	0
-3.421	0
-3.42	0
-3.419	0
-3.418	0
-3.417	0
-3.416	0
-3.415	0
-3.414	0
-3.413	0
-3.412	0
-3.411	0
-3.41	0
-3.409	0
-3.408	0
-3.407	0
-3.406	0
-3.405	0
-3.404	0
-3.403	0
-3.402	0
-3.401	0
-3.4	0
-3.399	0
-3.398	0
-3.397	0
-3.396	0
-3.395	0
-3.394	0
-3.393	0
-3.392	0
-3.391	0
-3.39	0
-3.389	0
-3.388	0
-3.387	0
-3.386	0
-3.385	0
-3.384	0
-3.383	0
-3.382	0
-3.381	0
-3.38	0
-3.379	0
-3.378	0
-3.377	0
-3.376	0
-3.375	0
-3.374	0
-3.373	0
-3.372	0
-3.371	0
-3.37	0
-3.369	0
-3.368	0
-3.367	0
-3.366	0
-3.365	0
-3.364	0
-3.363	0
-3.362	0
-3.361	0
-3.36	0
-3.359	0
-3.358	0
-3.357	0
-3.356	0
-3.355	0
-3.354	0
-3.353	0
-3.352	0
-3.351	0
-3.35	0
-3.349	0
-3.348	0
-3.347	0
-3.346	0
-3.345	0
-3.344	0
-3.343	0
-3.342	0
-3.341	0
-3.34	0
-3.339	0
-3.338	0
-3.337	0
-3.336	0
-3.335	0
-3.334	0
-3.333	0
-3.332	0
-3.331	0
-3.33	0
-3.329	0
-3.328	0
-3.327	0
-3.326	0
-3.325	0
-3.324	0
-3.323	0
-3.322	0
-3.321	0
-3.32	0
-3.319	0
-3.318	0
-3.317	0
-3.316	0
-3.315	0
-3.314	0
-3.313	0
-3.312	0
-3.311	0
-3.31	0
-3.309	0
-3.308	0
-3.307	0
-3.306	0
-3.305	0
-3.304	0
-3.303	0
-3.302	0
-3.301	0
-3.3	0
-3.299	0
-3.298	0
-3.297	0
-3.296	0
-3.295	0
-3.294	0
-3.293	0
-3.292	0
-3.291	0
-3.29	0
-3.289	0
-3.288	0
-3.287	0
-3.286	0
-3.285	0
-3.284	0
-3.283	0
-3.282	0
-3.281	0
-3.28	0
-3.279	0
-3.278	0
-3.277	0
-3.276	0
-3.275	0
-3.274	0
-3.273	0
-3.272	0
-3.271	0
-3.27	0
-3.269	0
-3.268	0
-3.267	0
-3.266	0
-3.265	0
-3.264	0
-3.263	0
-3.262	0
-3.261	0
-3.26	0
-3.259	0
-3.258	0
-3.257	0
-3.256	0
-3.255	0
-3.254	0
-3.253	0
-3.252	0
-3.251	0
-3.25	0
-3.249	0
-3.248	0
-3.247	0
-3.246	0
-3.245	0
-3.244	0
-3.243	0
-3.242	0
-3.241	0
-3.24	0
-3.239	0
-3.238	0
-3.237	0
-3.236	0
-3.235	0
-3.234	0
-3.233	0
-3.232	0
-3.231	0
-3.23	0
-3.229	0
-3.228	0
-3.227	0
-3.226	0
-3.225	0
-3.224	0
-3.223	0
-3.222	0
-3.221	0
-3.22	0
-3.219	0
-3.218	0
-3.217	0
-3.216	0
-3.215	0
-3.214	0
-3.213	0
-3.212	0
-3.211	0
-3.21	0
-3.209	0
-3.208	0
-3.207	0
-3.206	0
-3.205	0
-3.204	0
-3.203	0
-3.202	0
-3.201	0
-3.2	0
-3.199	0
-3.198	0
-3.197	0
-3.196	0
-3.195	0
-3.194	0
-3.193	0
-3.192	0
-3.191	0
-3.19	0
-3.189	0
-3.188	0
-3.187	0
-3.186	0
-3.185	0
-3.184	0
-3.183	0
-3.182	0
-3.181	0
-3.18	0
-3.179	0
-3.178	0
-3.177	0
-3.176	0
-3.175	0
-3.174	0
-3.173	0
-3.172	0
-3.171	0
-3.17	0
-3.169	0
-3.168	0
-3.167	0
-3.166	0
-3.165	0
-3.164	0
-3.163	0
-3.162	0
-3.161	0
-3.16	0
-3.159	0
-3.158	0
-3.157	0
-3.156	0
-3.155	0
-3.154	0
-3.153	0
-3.152	0
-3.151	0
-3.15	0
-3.149	0
-3.148	0
-3.147	0
-3.146	0
-3.145	0
-3.144	0
-3.143	0
-3.142	0
-3.141	0
-3.14	0
-3.139	0
-3.138	0
-3.137	0
-3.136	0
-3.135	0
-3.134	0
-3.133	0
-3.132	0
-3.131	0
-3.13	0
-3.129	0
-3.128	0
-3.127	0
-3.126	0
-3.125	0
-3.124	0
-3.123	0
-3.122	0
-3.121	0
-3.12	0
-3.119	0
-3.118	0
-3.117	0
-3.116	0
-3.115	0
-3.114	0
-3.113	0
-3.112	0
-3.111	0
-3.11	0
-3.109	0
-3.108	0
-3.107	0
-3.106	0
-3.105	0
-3.104	0
-3.103	0
-3.102	0
-3.101	0
-3.1	0
-3.099	0
-3.098	0
-3.097	0
-3.096	0
-3.095	0
-3.094	0
-3.093	0
-3.092	0
-3.091	0
-3.09	0
-3.089	0
-3.088	0
-3.087	0
-3.086	0
-3.085	0
-3.084	0
-3.083	0
-3.082	0
-3.081	0
-3.08	0
-3.079	0
-3.078	0
-3.077	0
-3.076	0
-3.075	0
-3.074	0
-3.073	0
-3.072	0
-3.071	0
-3.07	0
-3.069	0
-3.068	0
-3.067	0
-3.066	0
-3.065	0
-3.064	0
-3.063	0
-3.062	0
-3.061	0
-3.06	0
-3.059	0
-3.058	0
-3.057	0
-3.056	0
-3.055	0
-3.054	0
-3.053	0
-3.052	0
-3.051	0
-3.05	0
-3.049	0
-3.048	0
-3.047	0
-3.046	0
-3.045	0
-3.044	0
-3.043	0
-3.042	0
-3.041	0
-3.04	0
-3.039	0
-3.038	0
-3.037	0
-3.036	0
-3.035	0
-3.034	0
-3.033	0
-3.032	0
-3.031	0
-3.03	0
-3.029	0
-3.028	0
-3.027	0
-3.026	0
-3.025	0
-3.024	0
-3.023	0
-3.022	0
-3.021	0
-3.02	0
-3.019	0
-3.018	0
-3.017	0
-3.016	0
-3.015	0
-3.014	0
-3.013	0
-3.012	0
-3.011	0
-3.01	0
-3.009	0
-3.008	0
-3.007	0
-3.006	0
-3.005	0
-3.004	0
-3.003	0
-3.002	0
-3.001	0
-3	0
-2.999	0
-2.998	0
-2.997	0
-2.996	0
-2.995	0
-2.994	0
-2.993	0
-2.992	0
-2.991	0
-2.99	0
-2.989	0
-2.988	0
-2.987	0
-2.986	0
-2.985	0
-2.984	0
-2.983	0
-2.982	0
-2.981	0
-2.98	0
-2.979	0
-2.978	0
-2.977	0
-2.976	0
-2.975	0
-2.974	0
-2.973	0
-2.972	0
-2.971	0
-2.97	0
-2.969	0
-2.968	0
-2.967	0
-2.966	0
-2.965	0
-2.964	0
-2.963	0
-2.962	0
-2.961	0
-2.96	0
-2.959	0
-2.958	0
-2.957	0
-2.956	0
-2.955	0
-2.954	0
-2.953	0
-2.952	0
-2.951	0
-2.95	0
-2.949	0
-2.948	0
-2.947	0
-2.946	0
-2.945	0
-2.944	0
-2.943	0
-2.942	0
-2.941	0
-2.94	0
-2.939	0
-2.938	0
-2.937	0
-2.936	0
-2.935	0
-2.934	0
-2.933	0
-2.932	0
-2.931	0
-2.93	0
-2.929	0
-2.928	0
-2.927	0
-2.926	0
-2.925	0
-2.924	0
-2.923	0
-2.922	0
-2.921	0
-2.92	0
-2.919	0
-2.918	0
-2.917	0
-2.916	0
-2.915	0
-2.914	0
-2.913	0
-2.912	0
-2.911	0
-2.91	0
-2.909	0
-2.908	0
-2.907	0
-2.906	0
-2.905	0
-2.904	0
-2.903	0
-2.902	0
-2.901	0
-2.9	0
-2.899	0
-2.898	0
-2.897	0
-2.896	0
-2.895	0
-2.894	0
-2.893	0
-2.892	0
-2.891	0
-2.89	0
-2.889	0
-2.888	0
-2.887	0
-2.886	0
-2.885	0
-2.884	0
-2.883	0
-2.882	0
-2.881	0
-2.88	0
-2.879	0
-2.878	0
-2.877	0
-2.876	0
-2.875	0
-2.874	0
-2.873	0
-2.872	0
-2.871	0
-2.87	0
-2.869	0
-2.868	0
-2.867	0
-2.866	0
-2.865	0
-2.864	0
-2.863	0
-2.862	0
-2.861	0
-2.86	0
-2.859	0
-2.858	0
-2.857	0
-2.856	0
-2.855	0
-2.854	0
-2.853	0
-2.852	0
-2.851	0
-2.85	0
-2.849	0
-2.848	0
-2.847	0
-2.846	0
-2.845	0
-2.844	0
-2.843	0
-2.842	0
-2.841	0
-2.84	0
-2.839	0
-2.838	0
-2.837	0
-2.836	0
-2.835	0
-2.834	0
-2.833	0
-2.832	0
-2.831	0
-2.83	0
-2.829	0
-2.828	0
-2.827	0
-2.826	0
-2.825	0
-2.824	0
-2.823	0
-2.822	0
-2.821	0
-2.82	0
-2.819	0
-2.818	0
-2.817	0
-2.816	0
-2.815	0
-2.814	0
-2.813	0
-2.812	0
-2.811	0
-2.81	0
-2.809	0
-2.808	0
-2.807	0
-2.806	0
-2.805	0
-2.804	0
-2.803	0
-2.802	0
-2.801	0
-2.8	0
-2.799	0
-2.798	0
-2.797	0
-2.796	0
-2.795	0
-2.794	0
-2.793	0
-2.792	0
-2.791	0
-2.79	0
-2.789	0
-2.788	0
-2.787	0
-2.786	0
-2.785	0
-2.784	0
-2.783	0
-2.782	0
-2.781	0
-2.78	0
-2.779	0
-2.778	0
-2.777	0
-2.776	0
-2.775	0
-2.774	0
-2.773	0
-2.772	0
-2.771	0
-2.77	0
-2.769	0
-2.768	0
-2.767	0
-2.766	0
-2.765	0
-2.764	0
-2.763	0
-2.762	0
-2.761	0
-2.76	0
-2.759	0
-2.758	0
-2.757	0
-2.756	0
-2.755	0
-2.754	0
-2.753	0
-2.752	0
-2.751	0
-2.75	0
-2.749	0
-2.748	0
-2.747	0
-2.746	0
-2.745	0
-2.744	0
-2.743	0
-2.742	0
-2.741	0
-2.74	0
-2.739	0
-2.738	0
-2.737	0
-2.736	0
-2.735	0
-2.734	0
-2.733	0
-2.732	0
-2.731	0
-2.73	0
-2.729	0
-2.728	0
-2.727	0
-2.726	0
-2.725	0
-2.724	0
-2.723	0
-2.722	0
-2.721	0
-2.72	0
-2.719	0
-2.718	0
-2.717	0
-2.716	0
-2.715	0
-2.714	0
-2.713	0
-2.712	0
-2.711	0
-2.71	0
-2.709	0
-2.708	0
-2.707	0
-2.706	0
-2.705	0
-2.704	0
-2.703	0
-2.702	0
-2.701	0
-2.7	0
-2.699	0
-2.698	0
-2.697	0
-2.696	0
-2.695	0
-2.694	0
-2.693	0
-2.692	0
-2.691	0
-2.69	0
-2.689	0
-2.688	0
-2.687	0
-2.686	0
-2.685	0
-2.684	0
-2.683	0
-2.682	0
-2.681	0
-2.68	0
-2.679	0
-2.678	0
-2.677	0
-2.676	0
-2.675	0
-2.674	0
-2.673	0
-2.672	0
-2.671	0
-2.67	0
-2.669	0
-2.668	0
-2.667	0
-2.666	0
-2.665	0
-2.664	0
-2.663	0
-2.662	0
-2.661	0
-2.66	0
-2.659	0
-2.658	0
-2.657	0
-2.656	0
-2.655	0
-2.654	0
-2.653	0
-2.652	0
-2.651	0
-2.65	0
-2.649	0
-2.648	0
-2.647	0
-2.646	0
-2.645	0
-2.644	0
-2.643	0
-2.642	0
-2.641	0
-2.64	0
-2.639	0
-2.638	0
-2.637	0
-2.636	0
-2.635	0
-2.634	0
-2.633	0
-2.632	0
-2.631	0
-2.63	0
-2.629	0
-2.628	0
-2.627	0
-2.626	0
-2.625	0
-2.624	0
-2.623	0
-2.622	0
-2.621	0
-2.62	0
-2.619	0
-2.618	0
-2.617	0
-2.616	0
-2.615	0
-2.614	0
-2.613	0
-2.612	0
-2.611	0
-2.61	0
-2.609	0
-2.608	0
-2.607	0
-2.606	0
-2.605	0
-2.604	0
-2.603	0
-2.602	0
-2.601	0
-2.6	0
-2.599	0
-2.598	0
-2.597	0
-2.596	0
-2.595	0
-2.594	0
-2.593	0
-2.592	0
-2.591	0
-2.59	0
-2.589	0
-2.588	0
-2.587	0
-2.586	0
-2.585	0
-2.584	0
-2.583	0
-2.582	0
-2.581	0
-2.58	0
-2.579	0
-2.578	0
-2.577	0
-2.576	0
-2.575	0
-2.574	0
-2.573	0
-2.572	0
-2.571	0
-2.57	0
-2.569	0
-2.568	0
-2.567	0
-2.566	0
-2.565	0
-2.564	0
-2.563	0
-2.562	0
-2.561	0
-2.56	0
-2.559	0
-2.558	0
-2.557	0
-2.556	0
-2.555	0
-2.554	0
-2.553	0
-2.552	0
-2.551	0
-2.55	0
-2.549	0
-2.548	0
-2.547	0
-2.546	0
-2.545	0
-2.544	0
-2.543	0
-2.542	0
-2.541	0
-2.54	0
-2.539	0
-2.538	0
-2.537	0
-2.536	0
-2.535	0
-2.534	0
-2.533	0
-2.532	0
-2.531	0
-2.53	0
-2.529	0
-2.528	0
-2.527	0
-2.526	0
-2.525	0
-2.524	0
-2.523	0
-2.522	0
-2.521	0
-2.52	0
-2.519	0
-2.518	0
-2.517	0
-2.516	0
-2.515	0
-2.514	0
-2.513	0
-2.512	0
-2.511	0
-2.51	0
-2.509	0
-2.508	0
-2.507	0
-2.506	0
-2.505	0
-2.504	0
-2.503	0
-2.502	0
-2.501	0
-2.5	0
-2.499	0
-2.498	0
-2.497	0
-2.496	0
-2.495	0
-2.494	0
-2.493	0
-2.492	0
-2.491	0
-2.49	0
-2.489	0
-2.488	0
-2.487	0
-2.486	0
-2.485	0
-2.484	0
-2.483	0
-2.482	0
-2.481	0
-2.48	0
-2.479	0
-2.478	0
-2.477	0
-2.476	0
-2.475	0
-2.474	0
-2.473	0
-2.472	0
-2.471	0
-2.47	0
-2.469	0
-2.468	0
-2.467	0
-2.466	0
-2.465	0
-2.464	0
-2.463	0
-2.462	0
-2.461	0
-2.46	0
-2.459	0
-2.458	0
-2.457	0
-2.456	0
-2.455	0
-2.454	0
-2.453	0
-2.452	0
-2.451	0
-2.45	0
-2.449	0
-2.448	0
-2.447	0
-2.446	0
-2.445	0
-2.444	0
-2.443	0
-2.442	0
-2.441	0
-2.44	0
-2.439	0
-2.438	0
-2.437	0
-2.436	0
-2.435	0
-2.434	0
-2.433	0
-2.432	0
-2.431	0
-2.43	0
-2.429	0
-2.428	0
-2.427	0
-2.426	0
-2.425	0
-2.424	0
-2.423	0
-2.422	0
-2.421	0
-2.42	0
-2.419	0
-2.418	0
-2.417	0
-2.416	0
-2.415	0
-2.414	0
-2.413	0
-2.412	0
-2.411	0
-2.41	0
-2.409	0
-2.408	0
-2.407	0
-2.406	0
-2.405	0
-2.404	0
-2.403	0
-2.402	0
-2.401	0
-2.4	0
-2.399	0
-2.398	0
-2.397	0
-2.396	0
-2.395	0
-2.394	0
-2.393	0
-2.392	0
-2.391	0
-2.39	0
-2.389	0
-2.388	0
-2.387	0
-2.386	0
-2.385	0
-2.384	0
-2.383	0
-2.382	0
-2.381	0
-2.38	0
-2.379	0
-2.378	0
-2.377	0
-2.376	0
-2.375	0
-2.374	0
-2.373	0
-2.372	0
-2.371	0
-2.37	0
-2.369	0
-2.368	0
-2.367	0
-2.366	0
-2.365	0
-2.364	0
-2.363	0
-2.362	0
-2.361	0
-2.36	0
-2.359	0
-2.358	0
-2.357	0
-2.356	0
-2.355	0
-2.354	0
-2.353	0
-2.352	0
-2.351	0
-2.35	0
-2.349	0
-2.348	0
-2.347	0
-2.346	0
-2.345	0
-2.344	0
-2.343	0
-2.342	0
-2.341	0
-2.34	0
-2.339	0
-2.338	0
-2.337	0
-2.336	0
-2.335	0
-2.334	0
-2.333	0
-2.332	0
-2.331	0
-2.33	0
-2.329	0
-2.328	0
-2.327	0
-2.326	0
-2.325	0
-2.324	0
-2.323	0
-2.322	0
-2.321	0
-2.32	0
-2.319	0
-2.318	0
-2.317	0
-2.316	0
-2.315	0
-2.314	0
-2.313	0
-2.312	0
-2.311	0
-2.31	0
-2.309	0
-2.308	0
-2.307	0
-2.306	0
-2.305	0
-2.304	0
-2.303	0
-2.302	0
-2.301	0
-2.3	0
-2.299	0
-2.298	0
-2.297	0
-2.296	0
-2.295	0
-2.294	0
-2.293	0
-2.292	0
-2.291	0
-2.29	0
-2.289	0
-2.288	0
-2.287	0
-2.286	0
-2.285	0
-2.284	0
-2.283	0
-2.282	0
-2.281	0
-2.28	0
-2.279	0
-2.278	0
-2.277	0
-2.276	0
-2.275	0
-2.274	0
-2.273	0
-2.272	0
-2.271	0
-2.27	0
-2.269	0
-2.268	0
-2.267	0
-2.266	0
-2.265	0
-2.264	0
-2.263	0
-2.262	0
-2.261	0
-2.26	0
-2.259	0
-2.258	0
-2.257	0
-2.256	0
-2.255	0
-2.254	0
-2.253	0
-2.252	0
-2.251	0
-2.25	0
-2.249	0
-2.248	0
-2.247	0
-2.246	0
-2.245	0
-2.244	0
-2.243	0
-2.242	0
-2.241	0
-2.24	0
-2.239	0
-2.238	0
-2.237	0
-2.236	0
-2.235	0
-2.234	0
-2.233	0
-2.232	0
-2.231	0
-2.23	0
-2.229	0
-2.228	0
-2.227	0
-2.226	0
-2.225	0
-2.224	0
-2.223	0
-2.222	0
-2.221	0
-2.22	0
-2.219	0
-2.218	0
-2.217	0
-2.216	0
-2.215	0
-2.214	0
-2.213	0
-2.212	0
-2.211	0
-2.21	0
-2.209	0
-2.208	0
-2.207	0
-2.206	0
-2.205	0
-2.204	0
-2.203	0
-2.202	0
-2.201	0
-2.2	0
-2.199	0
-2.198	0
-2.197	0
-2.196	0
-2.195	0
-2.194	0
-2.193	0
-2.192	0
-2.191	0
-2.19	0
-2.189	0
-2.188	0
-2.187	0
-2.186	0
-2.185	0
-2.184	0
-2.183	0
-2.182	0
-2.181	0
-2.18	0
-2.179	0
-2.178	0
-2.177	0
-2.176	0
-2.175	0
-2.174	0
-2.173	0
-2.172	0
-2.171	0
-2.17	0
-2.169	0
-2.168	0
-2.167	0
-2.166	0
-2.165	0
-2.164	0
-2.163	0
-2.162	0
-2.161	0
-2.16	0
-2.159	0
-2.158	0
-2.157	0
-2.156	0
-2.155	0
-2.154	0
-2.153	0
-2.152	0
-2.151	0
-2.15	0
-2.149	0
-2.148	0
-2.147	0
-2.146	0
-2.145	0
-2.144	0
-2.143	0
-2.142	0
-2.141	0
-2.14	0
-2.139	0
-2.138	0
-2.137	0
-2.136	0
-2.135	0
-2.134	0
-2.133	0
-2.132	0
-2.131	0
-2.13	0
-2.129	0
-2.128	0
-2.127	0
-2.126	0
-2.125	0
-2.124	0
-2.123	0
-2.122	0
-2.121	0
-2.12	0
-2.119	0
-2.118	0
-2.117	0
-2.116	0
-2.115	0
-2.114	0
-2.113	0
-2.112	0
-2.111	0
-2.11	0
-2.109	0
-2.108	0
-2.107	0
-2.106	0
-2.105	0
-2.104	0
-2.103	0
-2.102	0
-2.101	0
-2.1	0
-2.099	0
-2.098	0
-2.097	0
-2.096	0
-2.095	0
-2.094	0
-2.093	0
-2.092	0
-2.091	0
-2.09	0
-2.089	0
-2.088	0
-2.087	0
-2.086	0
-2.085	0
-2.084	0
-2.083	0
-2.082	0
-2.081	0
-2.08	0
-2.079	0
-2.078	0
-2.077	0
-2.076	0
-2.075	0
-2.074	0
-2.073	0
-2.072	0
-2.071	0
-2.07	0
-2.069	0
-2.068	0
-2.067	8.6869e-077
-2.066	6.45395e-076
-2.065	2.26624e-075
-2.064	6.21355e-075
-2.063	1.91137e-074
-2.062	6.85552e-074
-2.061	2.61101e-073
-2.06	1.00209e-072
-2.059	3.81844e-072
-2.058	1.44229e-071
-2.057	5.40328e-071
-2.056	2.00904e-070
-2.055	7.41611e-070
-2.054	2.71768e-069
-2.053	9.88674e-069
-2.052	3.57052e-068
-2.051	1.28e-067
-2.05	4.55484e-067
-2.049	1.6088e-066
-2.048	5.64002e-066
-2.047	1.96241e-065
-2.046	6.77661e-065
-2.045	2.32236e-064
-2.044	7.89809e-064
-2.043	2.66546e-063
-2.042	8.92606e-063
-2.041	2.96596e-062
-2.04	9.77845e-062
-2.039	3.19855e-061
-2.038	1.03799e-060
-2.037	3.34172e-060
-2.036	1.06724e-059
-2.035	3.38103e-059
-2.034	1.06245e-058
-2.033	3.31142e-058
-2.032	1.02364e-057
-2.031	3.13823e-057
-2.03	9.54117e-057
-2.029	2.87656e-056
-2.028	8.59956e-056
-2.027	2.54909e-055
-2.026	7.49157e-055
-2.025	2.18281e-054
-2.024	6.305e-054
-2.023	1.80532e-053
-2.022	5.12386e-053
-2.021	1.4414e-052
-2.02	4.01869e-052
-2.019	1.11038e-051
-2.018	3.04028e-051
-2.017	8.2486e-051
-2.016	2.21737e-050
-2.015	5.90552e-050
-2.014	1.55813e-049
-2.013	4.07233e-049
-2.012	1.05424e-048
-2.011	2.70309e-048
-2.01	6.86381e-048
-2.009	1.72591e-047
-2.008	4.29717e-047
-2.007	1.05929e-046
-2.006	2.5851e-046
-2.005	6.24493e-046
-2.004	1.49321e-045
-2.003	3.53357e-045
-2.002	8.27484e-045
-2.001	1.91739e-044
-2	4.39562e-044
-1.999	9.96864e-044
-1.998	2.23617e-043
-1.997	4.96106e-043
-1.996	1.0884e-042
-1.995	2.36095e-042
-1.994	5.06302e-042
-1.993	1.07323e-041
-1.992	2.24839e-041
-1.991	4.65454e-041
-1.99	9.51997e-041
-1.989	1.92341e-040
-1.988	3.83802e-040
-1.987	7.56235e-040
-1.986	1.47107e-039
-1.985	2.82449e-039
-1.984	5.35154e-039
-1.983	1.00033e-038
-1.982	1.84425e-038
-1.981	3.35262e-038
-1.98	6.00766e-038
-1.979	1.06081e-037
-1.978	1.84514e-037
-1.977	3.16011e-037
-1.976	5.32682e-037
-1.975	8.83315e-037
-1.974	1.44014e-036
-1.973	2.30712e-036
-1.972	3.62911e-036
-1.971	5.60066e-036
-1.97	8.4717e-036
-1.969	1.25458e-035
-1.968	1.81649e-035
-1.967	2.56709e-035
-1.966	3.53361e-035
-1.965	4.72508e-035
-1.964	6.1165e-035
-1.963	7.62902e-035
-1.962	9.10907e-035
-1.961	1.03131e-034
-1.96	1.09105e-034
-1.959	1.05251e-034
-1.958	8.84658e-035
-1.957	5.85773e-035
-1.956	2.23619e-035
-1.955	9.70627e-038
-1.954	3.55864e-035
-1.953	2.10756e-034
-1.952	6.66055e-034
-1.951	1.62798e-033
-1.95	3.44508e-033
-1.949	6.63396e-033
-1.948	1.19365e-032
-1.947	2.03904e-032
-1.946	3.34139e-032
-1.945	5.29079e-032
-1.944	8.13767e-032
-1.943	1.22072e-031
-1.942	1.79162e-031
-1.941	2.57932e-031
-1.94	3.65021e-031
-1.939	5.08692e-031
-1.938	6.99161e-031
-1.937	9.48961e-031
-1.936	1.27337e-030
-1.935	1.69088e-030
-1.934	2.22375e-030
-1.933	2.89859e-030
-1.932	3.74702e-030
-1.931	4.80637e-030
-1.93	6.12047e-030
-1.929	7.74049e-030
-1.928	9.72584e-030
-1.927	1.21452e-029
-1.926	1.50776e-029
-1.925	1.86134e-029
-1.924	2.2856e-029
-1.923	2.79228e-029
-1.922	3.39466e-029
-1.921	4.10773e-029
-1.92	4.94834e-029
-1.919	5.93533e-029
-1.918	7.08971e-029
-1.917	8.43478e-029
-1.916	9.99629e-029
-1.915	1.18026e-028
-1.914	1.38848e-028
-1.913	1.62768e-028
-1.912	1.90157e-028
-1.911	2.21413e-028
-1.91	2.56972e-028
-1.909	2.973e-028
-1.908	3.42898e-028
-1.907	3.94304e-028
-1.906	4.5209e-028
-1.905	5.16865e-028
-1.904	5.89273e-028
-1.903	6.69993e-028
-1.902	7.59738e-028
-1.901	8.59256e-028
-1.9	9.69325e-028
-1.899	1.09075e-027
-1.898	1.22437e-027
-1.897	1.37105e-027
-1.896	1.53166e-027
-1.895	1.7071e-027
-1.894	1.89829e-027
-1.893	2.10613e-027
-1.892	2.33154e-027
-1.891	2.57543e-027
-1.89	2.8387e-027
-1.889	3.12221e-027
-1.888	3.42682e-027
-1.887	3.7533e-027
-1.886	4.10242e-027
-1.885	4.47485e-027
-1.884	4.87118e-027
-1.883	5.29191e-027
-1.882	5.73744e-027
-1.881	6.20801e-027
-1.88	6.70377e-027
-1.879	7.22466e-027
-1.878	7.77047e-027
-1.877	8.34076e-027
-1.876	8.93487e-027
-1.875	9.55191e-027
-1.874	1.01908e-026
-1.873	1.085e-026
-1.872	1.1528e-026
-1.871	1.22226e-026
-1.87	1.29316e-026
-1.869	1.36524e-026
-1.868	1.4382e-026
-1.867	1.51171e-026
-1.866	1.58541e-026
-1.865	1.65891e-026
-1.864	1.7318e-026
-1.863	1.80361e-026
-1.862	1.87388e-026
-1.861	1.94211e-026
-1.86	2.0078e-026
-1.859	2.0704e-026
-1.858	2.12941e-026
-1.857	2.18428e-026
-1.856	2.23451e-026
-1.855	2.2796e-026
-1.854	2.3191e-026
-1.853	2.35258e-026
-1.852	2.37968e-026
-1.851	2.4001e-026
-1.85	2.41365e-026
-1.849	2.42023e-026
-1.848	2.41986e-026
-1.847	2.41272e-026
-1.846	2.39912e-026
-1.845	2.37961e-026
-1.844	2.35491e-026
-1.843	2.326e-026
-1.842	2.29411e-026
-1.841	2.26076e-026
-1.84	2.22776e-026
-1.839	2.19729e-026
-1.838	2.17186e-026
-1.837	2.15436e-026
-1.836	2.14808e-026
-1.835	2.15674e-026
-1.834	2.18447e-026
-1.833	2.23586e-026
-1.832	2.31594e-026
-1.831	2.43022e-026
-1.83	2.58466e-026
-1.829	2.78569e-026
-1.828	3.04014e-026
-1.827	3.35529e-026
-1.826	3.73881e-026
-1.825	4.19873e-026
-1.824	4.74337e-026
-1.823	5.38134e-026
-1.822	6.1214e-026
-1.821	6.97249e-026
-1.82	7.94359e-026
-1.819	9.04354e-026
-1.818	1.02811e-025
-1.817	1.16648e-025
-1.816	1.32025e-025
-1.815	1.49019e-025
-1.814	1.67698e-025
-1.813	1.8812e-025
-1.812	2.10336e-025
-1.811	2.34384e-025
-1.81	2.60286e-025
-1.809	2.88051e-025
-1.808	3.17671e-025
-1.807	3.49117e-025
-1.806	3.82338e-025
-1.805	4.17263e-025
-1.804	4.53794e-025
-1.803	4.9181e-025
-1.802	5.31158e-025
-1.801	5.71663e-025
-1.8	6.13115e-025
-1.799	6.55277e-025
-1.798	6.97883e-025
-1.797	7.40637e-025
-1.796	7.83215e-025
-1.795	8.25265e-025
-1.794	8.66413e-025
-1.793	9.06259e-025
-1.792	9.44388e-025
-1.791	9.80373e-025
-1.79	1.01377e-024
-1.789	1.04416e-024
-1.788	1.0711e-024
-1.787	1.09418e-024
-1.786	1.11301e-024
-1.785	1.12725e-024
-1.784	1.1366e-024
-1.783	1.14085e-024
-1.782	1.13984e-024
-1.781	1.13353e-024
-1.78	1.122e-024
-1.779	1.10547e-024
-1.778	1.08434e-024
-1.777	1.05916e-024
-1.776	1.03073e-024
-1.775	1.00006e-024
-1.774	9.68467e-025
-1.773	9.37531e-025
-1.772	9.09168e-025
-1.771	8.85654e-025
-1.77	8.69651e-025
-1.769	8.6424e-025
-1.768	8.72945e-025
-1.767	8.99773e-025
-1.766	9.49238e-025
-1.765	1.02638e-024
-1.764	1.13681e-024
-1.763	1.2867e-024
-1.762	1.48284e-024
-1.761	1.73263e-024
-1.76	2.04409e-024
-1.759	2.42587e-024
-1.758	2.88726e-024
-1.757	3.43816e-024
-1.756	4.08909e-024
-1.755	4.85115e-024
-1.754	5.73599e-024
-1.753	6.75577e-024
-1.752	7.9231e-024
-1.751	9.251e-024
-1.75	1.07528e-023
-1.749	1.2442e-023
-1.748	1.43324e-023
-1.747	1.64375e-023
-1.746	1.8771e-023
-1.745	2.13462e-023
-1.744	2.4176e-023
-1.743	2.72727e-023
-1.742	3.06477e-023
-1.741	3.43117e-023
-1.74	3.8274e-023
-1.739	4.25427e-023
-1.738	4.71241e-023
-1.737	5.20227e-023
-1.736	5.72411e-023
-1.735	6.27792e-023
-1.734	6.86348e-023
-1.733	7.48025e-023
-1.732	8.12741e-023
-1.731	8.8038e-023
-1.73	9.50794e-023
-1.729	1.02379e-022
-1.728	1.09916e-022
-1.727	1.17663e-022
-1.726	1.25589e-022
-1.725	1.33662e-022
-1.724	1.41842e-022
-1.723	1.50086e-022
-1.722	1.5835e-022
-1.721	1.66583e-022
-1.72	1.74733e-022
-1.719	1.82743e-022
-1.718	1.90554e-022
-1.717	1.98107e-022
-1.716	2.05338e-022
-1.715	2.12188e-022
-1.714	2.18592e-022
-1.713	2.24491e-022
-1.712	2.29827e-022
-1.711	2.34547e-022
-1.71	2.38602e-022
-1.709	2.4195e-022
-1.708	2.44558e-022
-1.707	2.46405e-022
-1.706	2.47478e-022
-1.705	2.47785e-022
-1.704	2.47345e-022
-1.703	2.462e-022
-1.702	2.44412e-022
-1.701	2.42066e-022
-1.7	2.39277e-022
-1.699	2.36186e-022
-1.698	2.32969e-022
-1.697	2.29834e-022
-1.696	2.27029e-022
-1.695	2.2484e-022
-1.694	2.23597e-022
-1.693	2.23672e-022
-1.692	2.25487e-022
-1.691	2.29512e-022
-1.69	2.36265e-022
-1.689	2.4632e-022
-1.688	2.60299e-022
-1.687	2.7888e-022
-1.686	3.02794e-022
-1.685	3.32825e-022
-1.684	3.69805e-022
-1.683	4.14619e-022
-1.682	4.68198e-022
-1.681	5.31517e-022
-1.68	6.05588e-022
-1.679	6.91462e-022
-1.678	7.90214e-022
-1.677	9.02943e-022
-1.676	1.03076e-021
-1.675	1.17478e-021
-1.674	1.33613e-021
-1.673	1.51588e-021
-1.672	1.71511e-021
-1.671	1.93485e-021
-1.67	2.17606e-021
-1.669	2.43965e-021
-1.668	2.72643e-021
-1.667	3.03712e-021
-1.666	3.37231e-021
-1.665	3.73247e-021
-1.664	4.11788e-021
-1.663	4.5287e-021
-1.662	4.96486e-021
-1.661	5.42609e-021
-1.66	5.91192e-021
-1.659	6.4216e-021
-1.658	6.95416e-021
-1.657	7.50836e-021
-1.656	8.08264e-021
-1.655	8.67522e-021
-1.654	9.28396e-021
-1.653	9.90645e-021
-1.652	1.054e-020
-1.651	1.11816e-020
-1.65	1.18279e-020
-1.649	1.24755e-020
-1.648	1.31204e-020
-1.647	1.37587e-020
-1.646	1.43861e-020
-1.645	1.49983e-020
-1.644	1.55907e-020
-1.643	1.61588e-020
-1.642	1.66981e-020
-1.641	1.7204e-020
-1.64	1.76723e-020
-1.639	1.80989e-020
-1.638	1.84799e-020
-1.637	1.88122e-020
-1.636	1.9093e-020
-1.635	1.93201e-020
-1.634	1.94922e-020
-1.633	1.96092e-020
-1.632	1.96716e-020
-1.631	1.96815e-020
-1.63	1.96422e-020
-1.629	1.95588e-020
-1.628	1.94378e-020
-1.627	1.92878e-020
-1.626	1.91194e-020
-1.625	1.89455e-020
-1.624	1.87813e-020
-1.623	1.86445e-020
-1.622	1.85557e-020
-1.621	1.8538e-020
-1.62	1.86177e-020
-1.619	1.88243e-020
-1.618	1.91901e-020
-1.617	1.9751e-020
-1.616	2.05459e-020
-1.615	2.16172e-020
-1.614	2.30106e-020
-1.613	2.47749e-020
-1.612	2.69622e-020
-1.611	2.96276e-020
-1.61	3.28292e-020
-1.609	3.66275e-020
-1.608	4.10857e-020
-1.607	4.6269e-020
-1.606	5.22444e-020
-1.605	5.90798e-020
-1.604	6.68446e-020
-1.603	7.5608e-020
-1.602	8.54391e-020
-1.601	9.64062e-020
-1.6	1.08576e-019
-1.599	1.22012e-019
-1.598	1.36775e-019
-1.597	1.52923e-019
-1.596	1.70507e-019
-1.595	1.89573e-019
-1.594	2.10162e-019
-1.593	2.32303e-019
-1.592	2.5602e-019
-1.591	2.81326e-019
-1.59	3.08222e-019
-1.589	3.36699e-019
-1.588	3.66735e-019
-1.587	3.98294e-019
-1.586	4.31326e-019
-1.585	4.65766e-019
-1.584	5.01533e-019
-1.583	5.3853e-019
-1.582	5.76644e-019
-1.581	6.15745e-019
-1.58	6.55688e-019
-1.579	6.96307e-019
-1.578	7.37427e-019
-1.577	7.78851e-019
-1.576	8.20371e-019
-1.575	8.61769e-019
-1.574	9.0281e-019
-1.573	9.43253e-019
-1.572	9.82849e-019
-1.571	1.02135e-018
-1.57	1.05849e-018
-1.569	1.09402e-018
-1.568	1.1277e-018
-1.567	1.15929e-018
-1.566	1.18857e-018
-1.565	1.21533e-018
-1.564	1.2394e-018
-1.563	1.26063e-018
-1.562	1.27892e-018
-1.561	1.2942e-018
-1.56	1.30645e-018
-1.559	1.31571e-018
-1.558	1.3221e-018
-1.557	1.3258e-018
-1.556	1.32706e-018
-1.555	1.32623e-018
-1.554	1.32374e-018
-1.553	1.32016e-018
-1.552	1.31612e-018
-1.551	1.31239e-018
-1.55	1.30986e-018
-1.549	1.30955e-018
-1.548	1.31263e-018
-1.547	1.32036e-018
-1.546	1.3342e-018
-1.545	1.3557e-018
-1.544	1.3866e-018
-1.543	1.42877e-018
-1.542	1.48421e-018
-1.541	1.55509e-018
-1.54	1.6437e-018
-1.539	1.75245e-018
-1.538	1.88391e-018
-1.537	2.04073e-018
-1.536	2.22568e-018
-1.535	2.44161e-018
-1.534	2.69145e-018
-1.533	2.97817e-018
-1.532	3.30477e-018
-1.531	3.67429e-018
-1.53	4.08971e-018
-1.529	4.554e-018
-1.528	5.07003e-018
-1.527	5.64059e-018
-1.526	6.26831e-018
-1.525	6.95565e-018
-1.524	7.70487e-018
-1.523	8.51798e-018
-1.522	9.39669e-018
-1.521	1.03424e-017
-1.52	1.13561e-017
-1.519	1.24385e-017
-1.518	1.35897e-017
-1.517	1.48094e-017
-1.516	1.60969e-017
-1.515	1.74506e-017
-1.514	1.88689e-017
-1.513	2.0349e-017
-1.512	2.18879e-017
-1.511	2.34817e-017
-1.51	2.51261e-017
-1.509	2.68158e-017
-1.508	2.85453e-017
-1.507	3.0308e-017
-1.506	3.20971e-017
-1.505	3.39049e-017
-1.504	3.57233e-017
-1.503	3.75437e-017
-1.502	3.93571e-017
-1.501	4.1154e-017
-1.5	4.29248e-017
-1.499	4.46596e-017
-1.498	4.63487e-017
-1.497	4.79821e-017
-1.496	4.95503e-017
-1.495	5.10441e-017
-1.494	5.24546e-017
-1.493	5.3774e-017
-1.492	5.49953e-017
-1.491	5.61122e-017
-1.49	5.71205e-017
-1.489	5.80168e-017
-1.488	5.87999e-017
-1.487	5.94703e-017
-1.486	6.00312e-017
-1.485	6.04878e-017
-1.484	6.08485e-017
-1.483	6.11245e-017
-1.482	6.13301e-017
-1.481	6.14832e-017
-1.48	6.16056e-017
-1.479	6.17224e-017
-1.478	6.18635e-017
-1.477	6.20625e-017
-1.476	6.23576e-017
-1.475	6.27917e-017
-1.474	6.34119e-017
-1.473	6.42705e-017
-1.472	6.54241e-017
-1.471	6.6934e-017
-1.47	6.88661e-017
-1.469	7.12908e-017
-1.468	7.42828e-017
-1.467	7.79207e-017
-1.466	8.22869e-017
-1.465	8.74673e-017
-1.464	9.35505e-017
-1.463	1.00628e-016
-1.462	1.08793e-016
-1.461	1.18139e-016
-1.46	1.28762e-016
-1.459	1.40758e-016
-1.458	1.54219e-016
-1.457	1.69239e-016
-1.456	1.85907e-016
-1.455	2.04309e-016
-1.454	2.24526e-016
-1.453	2.46634e-016
-1.452	2.70702e-016
-1.451	2.9679e-016
-1.45	3.2495e-016
-1.449	3.55223e-016
-1.448	3.87641e-016
-1.447	4.2222e-016
-1.446	4.58965e-016
-1.445	4.97866e-016
-1.444	5.38897e-016
-1.443	5.82017e-016
-1.442	6.27167e-016
-1.441	6.74272e-016
-1.44	7.23236e-016
-1.439	7.73947e-016
-1.438	8.26275e-016
-1.437	8.8007e-016
-1.436	9.35163e-016
-1.435	9.91368e-016
-1.434	1.04848e-015
-1.433	1.10629e-015
-1.432	1.16456e-015
-1.431	1.22304e-015
-1.43	1.28148e-015
-1.429	1.33961e-015
-1.428	1.39715e-015
-1.427	1.45383e-015
-1.426	1.50937e-015
-1.425	1.5635e-015
-1.424	1.61595e-015
-1.423	1.66647e-015
-1.422	1.7148e-015
-1.421	1.76075e-015
-1.42	1.8041e-015
-1.419	1.84469e-015
-1.418	1.8824e-015
-1.417	1.91714e-015
-1.416	1.94885e-015
-1.415	1.97757e-015
-1.414	2.00336e-015
-1.413	2.02636e-015
-1.412	2.04678e-015
-1.411	2.0649e-015
-1.41	2.08108e-015
-1.409	2.09579e-015
-1.408	2.10956e-015
-1.407	2.12303e-015
-1.406	2.13696e-015
-1.405	2.15218e-015
-1.404	2.16964e-015
-1.403	2.19042e-015
-1.402	2.21567e-015
-1.401	2.24668e-015
-1.4	2.28484e-015
-1.399	2.33164e-015
-1.398	2.38869e-015
-1.397	2.45768e-015
-1.396	2.5404e-015
-1.395	2.63874e-015
-1.394	2.75466e-015
-1.393	2.8902e-015
-1.392	3.04743e-015
-1.391	3.22851e-015
-1.39	3.4356e-015
-1.389	3.67088e-015
-1.388	3.93655e-015
-1.387	4.23479e-015
-1.386	4.56772e-015
-1.385	4.93744e-015
-1.384	5.34595e-015
-1.383	5.79517e-015
-1.382	6.28687e-015
-1.381	6.82271e-015
-1.38	7.40416e-015
-1.379	8.03251e-015
-1.378	8.70883e-015
-1.377	9.43396e-015
-1.376	1.02085e-014
-1.375	1.10326e-014
-1.374	1.19065e-014
-1.373	1.28296e-014
-1.372	1.38014e-014
-1.371	1.48208e-014
-1.37	1.58864e-014
-1.369	1.69965e-014
-1.368	1.8149e-014
-1.367	1.93411e-014
-1.366	2.05702e-014
-1.365	2.18328e-014
-1.364	2.31253e-014
-1.363	2.44436e-014
-1.362	2.57835e-014
-1.361	2.71403e-014
-1.36	2.8509e-014
-1.359	2.98845e-014
-1.358	3.12613e-014
-1.357	3.26341e-014
-1.356	3.39972e-014
-1.355	3.5345e-014
-1.354	3.66717e-014
-1.353	3.79721e-014
-1.352	3.92407e-014
-1.351	4.04725e-014
-1.35	4.16628e-014
-1.349	4.28075e-014
-1.348	4.39028e-014
-1.347	4.49457e-014
-1.346	4.59339e-014
-1.345	4.6866e-014
-1.344	4.77415e-014
-1.343	4.85611e-014
-1.342	4.93264e-014
-1.341	5.00404e-014
-1.34	5.07077e-014
-1.339	5.1334e-014
-1.338	5.19268e-014
-1.337	5.24952e-014
-1.336	5.30499e-014
-1.335	5.36034e-014
-1.334	5.41702e-014
-1.333	5.47664e-014
-1.332	5.54102e-014
-1.331	5.61216e-014
-1.33	5.69225e-014
-1.329	5.7837e-014
-1.328	5.88906e-014
-1.327	6.01107e-014
-1.326	6.15268e-014
-1.325	6.31693e-014
-1.324	6.50708e-014
-1.323	6.72648e-014
-1.322	6.9786e-014
-1.321	7.26705e-014
-1.32	7.59547e-014
-1.319	7.96757e-014
-1.318	8.3871e-014
-1.317	8.85779e-014
-1.316	9.38337e-014
-1.315	9.96748e-014
-1.314	1.06137e-013
-1.313	1.13255e-013
-1.312	1.2106e-013
-1.311	1.29585e-013
-1.31	1.38857e-013
-1.309	1.48901e-013
-1.308	1.59742e-013
-1.307	1.71397e-013
-1.306	1.83881e-013
-1.305	1.97208e-013
-1.304	2.11381e-013
-1.303	2.26405e-013
-1.302	2.42275e-013
-1.301	2.58983e-013
-1.3	2.76514e-013
-1.299	2.94849e-013
-1.298	3.13962e-013
-1.297	3.33821e-013
-1.296	3.5439e-013
-1.295	3.75624e-013
-1.294	3.97476e-013
-1.293	4.19888e-013
-1.292	4.42803e-013
-1.291	4.66154e-013
-1.29	4.89871e-013
-1.289	5.13882e-013
-1.288	5.38107e-013
-1.287	5.62469e-013
-1.286	5.86882e-013
-1.285	6.11265e-013
-1.284	6.35532e-013
-1.283	6.596e-013
-1.282	6.83387e-013
-1.281	7.06812e-013
-1.28	7.298e-013
-1.279	7.52282e-013
-1.278	7.74192e-013
-1.277	7.95476e-013
-1.276	8.16084e-013
-1.275	8.35982e-013
-1.274	8.55145e-013
-1.273	8.7356e-013
-1.272	8.91234e-013
-1.271	9.08184e-013
-1.27	9.2445e-013
-1.269	9.40087e-013
-1.268	9.55171e-013
-1.267	9.698e-013
-1.266	9.84094e-013
-1.265	9.98195e-013
-1.264	1.01227e-012
-1.263	1.02651e-012
-1.262	1.04113e-012
-1.261	1.05638e-012
-1.26	1.07251e-012
-1.259	1.08982e-012
-1.258	1.10862e-012
-1.257	1.12926e-012
-1.256	1.1521e-012
-1.255	1.17751e-012
-1.254	1.20591e-012
-1.253	1.23771e-012
-1.252	1.27337e-012
-1.251	1.31332e-012
-1.25	1.35804e-012
-1.249	1.408e-012
-1.248	1.46368e-012
-1.247	1.52557e-012
-1.246	1.59415e-012
-1.245	1.66989e-012
-1.244	1.75327e-012
-1.243	1.84473e-012
-1.242	1.94474e-012
-1.241	2.05369e-012
-1.24	2.17198e-012
-1.239	2.29999e-012
-1.238	2.43803e-012
-1.237	2.58639e-012
-1.236	2.74532e-012
-1.235	2.91503e-012
-1.234	3.09566e-012
-1.233	3.2873e-012
-1.232	3.49e-012
-1.231	3.70371e-012
-1.23	3.92836e-012
-1.229	4.1638e-012
-1.228	4.40979e-012
-1.227	4.66604e-012
-1.226	4.93221e-012
-1.225	5.20785e-012
-1.224	5.49247e-012
-1.223	5.78551e-012
-1.222	6.08635e-012
-1.221	6.3943e-012
-1.22	6.70863e-012
-1.219	7.02852e-012
-1.218	7.35316e-012
-1.217	7.68167e-012
-1.216	8.01315e-012
-1.215	8.34666e-012
-1.214	8.68127e-012
-1.213	9.01604e-012
-1.212	9.35006e-012
-1.211	9.68241e-012
-1.21	1.00122e-011
-1.209	1.03386e-011
-1.208	1.06609e-011
-1.207	1.09784e-011
-1.206	1.12904e-011
-1.205	1.15964e-011
-1.204	1.18962e-011
-1.203	1.21894e-011
-1.202	1.24759e-011
-1.201	1.27558e-011
-1.2	1.30293e-011
-1.199	1.32968e-011
-1.198	1.35591e-011
-1.197	1.38168e-011
-1.196	1.40712e-011
-1.195	1.43233e-011
-1.194	1.45749e-011
-1.193	1.48277e-011
-1.192	1.50836e-011
-1.191	1.53451e-011
-1.19	1.56146e-011
-1.189	1.58948e-011
-1.188	1.6189e-011
-1.187	1.65002e-011
-1.186	1.68321e-011
-1.185	1.71883e-011
-1.184	1.75729e-011
-1.183	1.79899e-011
-1.182	1.84437e-011
-1.181	1.89388e-011
-1.18	1.94796e-011
-1.179	2.00709e-011
-1.178	2.07176e-011
-1.177	2.14243e-011
-1.176	2.2196e-011
-1.175	2.30374e-011
-1.174	2.39532e-011
-1.173	2.49481e-011
-1.172	2.60265e-011
-1.171	2.71929e-011
-1.17	2.84513e-011
-1.169	2.98055e-011
-1.168	3.12591e-011
-1.167	3.28153e-011
-1.166	3.44768e-011
-1.165	3.62462e-011
-1.164	3.81253e-011
-1.163	4.01155e-011
-1.162	4.2218e-011
-1.161	4.4433e-011
-1.16	4.67604e-011
-1.159	4.91995e-011
-1.158	5.17488e-011
-1.157	5.44066e-011
-1.156	5.71701e-011
-1.155	6.00362e-011
-1.154	6.30013e-011
-1.153	6.60607e-011
-1.152	6.92097e-011
-1.151	7.24428e-011
-1.15	7.57539e-011
-1.149	7.91367e-011
-1.148	8.25843e-011
-1.147	8.60895e-011
-1.146	8.96449e-011
-1.145	9.32426e-011
-1.144	9.6875e-011
-1.143	1.00534e-010
-1.142	1.04212e-010
-1.141	1.07901e-010
-1.14	1.11594e-010
-1.139	1.15284e-010
-1.138	1.18963e-010
-1.137	1.22626e-010
-1.136	1.26269e-010
-1.135	1.29885e-010
-1.134	1.33471e-010
-1.133	1.37026e-010
-1.132	1.40546e-010
-1.131	1.44034e-010
-1.13	1.47488e-010
-1.129	1.50914e-010
-1.128	1.54314e-010
-1.127	1.57695e-010
-1.126	1.61065e-010
-1.125	1.64433e-010
-1.124	1.67812e-010
-1.123	1.71214e-010
-1.122	1.74655e-010
-1.121	1.78153e-010
-1.12	1.81728e-010
-1.119	1.854e-010
-1.118	1.89194e-010
-1.117	1.93134e-010
-1.116	1.97249e-010
-1.115	2.01567e-010
-1.114	2.06119e-010
-1.113	2.10938e-010
-1.112	2.16057e-010
-1.111	2.21511e-010
-1.11	2.27336e-010
-1.109	2.33569e-010
-1.108	2.40248e-010
-1.107	2.4741e-010
-1.106	2.55095e-010
-1.105	2.63339e-010
-1.104	2.72181e-010
-1.103	2.81658e-010
-1.102	2.91806e-010
-1.101	3.0266e-010
-1.1	3.14254e-010
-1.099	3.2662e-010
-1.098	3.39786e-010
-1.097	3.53781e-010
-1.096	3.68629e-010
-1.095	3.84353e-010
-1.094	4.0097e-010
-1.093	4.18495e-010
-1.092	4.36942e-010
-1.091	4.56317e-010
-1.09	4.76625e-010
-1.089	4.97865e-010
-1.088	5.20032e-010
-1.087	5.43119e-010
-1.086	5.67113e-010
-1.085	5.91997e-010
-1.084	6.17749e-010
-1.083	6.44344e-010
-1.082	6.71752e-010
-1.081	6.99942e-010
-1.08	7.28876e-010
-1.079	7.58514e-010
-1.078	7.88815e-010
-1.077	8.19733e-010
-1.076	8.51221e-010
-1.075	8.83231e-010
-1.074	9.15712e-010
-1.073	9.48618e-010
-1.072	9.81896e-010
-1.071	1.0155e-009
-1.07	1.04938e-009
-1.069	1.08349e-009
-1.068	1.11779e-009
-1.067	1.15224e-009
-1.066	1.18681e-009
-1.065	1.22147e-009
-1.064	1.2562e-009
-1.063	1.29098e-009
-1.062	1.3258e-009
-1.061	1.36067e-009
-1.06	1.39559e-009
-1.059	1.43058e-009
-1.058	1.46567e-009
-1.057	1.5009e-009
-1.056	1.53633e-009
-1.055	1.57201e-009
-1.054	1.60802e-009
-1.053	1.64446e-009
-1.052	1.68141e-009
-1.051	1.719e-009
-1.05	1.75736e-009
-1.049	1.79661e-009
-1.048	1.83691e-009
-1.047	1.87843e-009
-1.046	1.92135e-009
-1.045	1.96584e-009
-1.044	2.01212e-009
-1.043	2.06038e-009
-1.042	2.11085e-009
-1.041	2.16375e-009
-1.04	2.21931e-009
-1.039	2.27778e-009
-1.038	2.33939e-009
-1.037	2.4044e-009
-1.036	2.47305e-009
-1.035	2.54559e-009
-1.034	2.62227e-009
-1.033	2.70333e-009
-1.032	2.78901e-009
-1.031	2.87955e-009
-1.03	2.97518e-009
-1.029	3.0761e-009
-1.028	3.18253e-009
-1.027	3.29466e-009
-1.026	3.41265e-009
-1.025	3.53669e-009
-1.024	3.66691e-009
-1.023	3.80343e-009
-1.022	3.94636e-009
-1.021	4.09579e-009
-1.02	4.25177e-009
-1.019	4.41435e-009
-1.018	4.58355e-009
-1.017	4.75936e-009
-1.016	4.94174e-009
-1.015	5.13065e-009
-1.014	5.32601e-009
-1.013	5.52772e-009
-1.012	5.73565e-009
-1.011	5.94968e-009
-1.01	6.16964e-009
-1.009	6.39535e-009
-1.008	6.62663e-009
-1.007	6.86326e-009
-1.006	7.10503e-009
-1.005	7.35171e-009
-1.004	7.60309e-009
-1.003	7.85892e-009
-1.002	8.11898e-009
-1.001	8.38305e-009
-1	8.6509e-009
-0.999	8.92234e-009
-0.998	9.19717e-009
-0.997	9.47523e-009
-0.996	9.75639e-009
-0.995	1.00405e-008
-0.994	1.03276e-008
-0.993	1.06175e-008
-0.992	1.09102e-008
-0.991	1.12058e-008
-0.99	1.15044e-008
-0.989	1.18062e-008
-0.988	1.21113e-008
-0.987	1.24199e-008
-0.986	1.27325e-008
-0.985	1.30494e-008
-0.984	1.33709e-008
-0.983	1.36978e-008
-0.982	1.40304e-008
-0.981	1.43695e-008
-0.98	1.47158e-008
-0.979	1.50701e-008
-0.978	1.54332e-008
-0.977	1.58061e-008
-0.976	1.61896e-008
-0.975	1.6585e-008
-0.974	1.69933e-008
-0.973	1.74156e-008
-0.972	1.78531e-008
-0.971	1.83072e-008
-0.97	1.8779e-008
-0.969	1.927e-008
-0.968	1.97815e-008
-0.967	2.03148e-008
-0.966	2.08714e-008
-0.965	2.14527e-008
-0.964	2.20601e-008
-0.963	2.26949e-008
-0.962	2.33586e-008
-0.961	2.40525e-008
-0.96	2.4778e-008
-0.959	2.55362e-008
-0.958	2.63285e-008
-0.957	2.71561e-008
-0.956	2.802e-008
-0.955	2.89213e-008
-0.954	2.98611e-008
-0.953	3.08401e-008
-0.952	3.18591e-008
-0.951	3.2919e-008
-0.95	3.40203e-008
-0.949	3.51636e-008
-0.948	3.63491e-008
-0.947	3.75773e-008
-0.946	3.88484e-008
-0.945	4.01624e-008
-0.944	4.15195e-008
-0.943	4.29194e-008
-0.942	4.4362e-008
-0.941	4.5847e-008
-0.94	4.73741e-008
-0.939	4.89427e-008
-0.938	5.05526e-008
-0.937	5.2203e-008
-0.936	5.38933e-008
-0.935	5.56231e-008
-0.934	5.73915e-008
-0.933	5.91981e-008
-0.932	6.1042e-008
-0.931	6.29228e-008
-0.93	6.48399e-008
-0.929	6.67928e-008
-0.928	6.87809e-008
-0.927	7.08041e-008
-0.926	7.28622e-008
-0.925	7.49549e-008
-0.924	7.70826e-008
-0.923	7.92453e-008
-0.922	8.14436e-008
-0.921	8.3678e-008
-0.92	8.59496e-008
-0.919	8.82594e-008
-0.918	9.06087e-008
-0.917	9.29992e-008
-0.916	9.54329e-008
-0.915	9.7912e-008
-0.914	1.00439e-007
-0.913	1.03017e-007
-0.912	1.05648e-007
-0.911	1.08337e-007
-0.91	1.11087e-007
-0.909	1.13902e-007
-0.908	1.16787e-007
-0.907	1.19746e-007
-0.906	1.22784e-007
-0.905	1.25907e-007
-0.904	1.29121e-007
-0.903	1.3243e-007
-0.902	1.35842e-007
-0.901	1.39363e-007
-0.9	1.42999e-007
-0.899	1.46757e-007
-0.898	1.50645e-007
-0.897	1.54668e-007
-0.896	1.58835e-007
-0.895	1.63152e-007
-0.894	1.67627e-007
-0.893	1.72268e-007
-0.892	1.77081e-007
-0.891	1.82074e-007
-0.89	1.87254e-007
-0.889	1.92629e-007
-0.888	1.98205e-007
-0.887	2.03989e-007
-0.886	2.09988e-007
-0.885	2.16208e-007
-0.884	2.22656e-007
-0.883	2.29337e-007
-0.882	2.36257e-007
-0.881	2.43421e-007
-0.88	2.50834e-007
-0.879	2.58501e-007
-0.878	2.66426e-007
-0.877	2.74613e-007
-0.876	2.83066e-007
-0.875	2.91787e-007
-0.874	3.0078e-007
-0.873	3.10047e-007
-0.872	3.1959e-007
-0.871	3.29411e-007
-0.87	3.39512e-007
-0.869	3.49895e-007
-0.868	3.6056e-007
-0.867	3.71508e-007
-0.866	3.8274e-007
-0.865	3.94258e-007
-0.864	4.06061e-007
-0.863	4.18151e-007
-0.862	4.30529e-007
-0.861	4.43195e-007
-0.86	4.56152e-007
-0.859	4.694e-007
-0.858	4.82942e-007
-0.857	4.96779e-007
-0.856	5.10916e-007
-0.855	5.25355e-007
-0.854	5.401e-007
-0.853	5.55157e-007
-0.852	5.7053e-007
-0.851	5.86228e-007
-0.85	6.02256e-007
-0.849	6.18624e-007
-0.848	6.35341e-007
-0.847	6.52418e-007
-0.846	6.69867e-007
-0.845	6.877e-007
-0.844	7.05933e-007
-0.843	7.2458e-007
-0.842	7.4366e-007
-0.841	7.63191e-007
-0.84	7.83192e-007
-0.839	8.03684e-007
-0.838	8.24691e-007
-0.837	8.46235e-007
-0.836	8.68344e-007
-0.835	8.91043e-007
-0.834	9.14359e-007
-0.833	9.38324e-007
-0.832	9.62967e-007
-0.831	9.88321e-007
-0.83	1.01442e-006
-0.829	1.04129e-006
-0.828	1.06898e-006
-0.827	1.09751e-006
-0.826	1.12693e-006
-0.825	1.15727e-006
-0.824	1.18856e-006
-0.823	1.22086e-006
-0.822	1.25419e-006
-0.821	1.2886e-006
-0.82	1.32413e-006
-0.819	1.3608e-006
-0.818	1.39868e-006
-0.817	1.43778e-006
-0.816	1.47816e-006
-0.815	1.51985e-006
-0.814	1.56288e-006
-0.813	1.60731e-006
-0.812	1.65315e-006
-0.811	1.70046e-006
-0.81	1.74926e-006
-0.809	1.79959e-006
-0.808	1.85149e-006
-0.807	1.90498e-006
-0.806	1.96011e-006
-0.805	2.0169e-006
-0.804	2.07538e-006
-0.803	2.13559e-006
-0.802	2.19755e-006
-0.801	2.26129e-006
-0.8	2.32684e-006
-0.799	2.39423e-006
-0.798	2.46348e-006
-0.797	2.53463e-006
-0.796	2.6077e-006
-0.795	2.68271e-006
-0.794	2.75971e-006
-0.793	2.8387e-006
-0.792	2.91972e-006
-0.791	3.00281e-006
-0.79	3.08799e-006
-0.789	3.1753e-006
-0.788	3.26476e-006
-0.787	3.35642e-006
-0.786	3.45032e-006
-0.785	3.54649e-006
-0.784	3.64498e-006
-0.783	3.74583e-006
-0.782	3.8491e-006
-0.781	3.95484e-006
-0.78	4.0631e-006
-0.779	4.17395e-006
-0.778	4.28745e-006
-0.777	4.40368e-006
-0.776	4.52271e-006
-0.775	4.64463e-006
-0.774	4.76951e-006
-0.773	4.89745e-006
-0.772	5.02855e-006
-0.771	5.16291e-006
-0.77	5.30065e-006
-0.769	5.44187e-006
-0.768	5.5867e-006
-0.767	5.73527e-006
-0.766	5.88771e-006
-0.765	6.04417e-006
-0.764	6.20479e-006
-0.763	6.36973e-006
-0.762	6.53914e-006
-0.761	6.71319e-006
-0.76	6.89206e-006
-0.759	7.07592e-006
-0.758	7.26496e-006
-0.757	7.45935e-006
-0.756	7.65932e-006
-0.755	7.86504e-006
-0.754	8.07672e-006
-0.753	8.29458e-006
-0.752	8.51882e-006
-0.751	8.74965e-006
-0.75	8.98732e-006
-0.749	9.23203e-006
-0.748	9.48401e-006
-0.747	9.74349e-006
-0.746	1.00107e-005
-0.745	1.02859e-005
-0.744	1.05693e-005
-0.743	1.08611e-005
-0.742	1.11616e-005
-0.741	1.14711e-005
-0.74	1.17896e-005
-0.739	1.21176e-005
-0.738	1.24553e-005
-0.737	1.28028e-005
-0.736	1.31604e-005
-0.735	1.35285e-005
-0.734	1.39071e-005
-0.733	1.42966e-005
-0.732	1.46972e-005
-0.731	1.51092e-005
-0.73	1.55327e-005
-0.729	1.59681e-005
-0.728	1.64157e-005
-0.727	1.68755e-005
-0.726	1.7348e-005
-0.725	1.78334e-005
-0.724	1.83319e-005
-0.723	1.88438e-005
-0.722	1.93694e-005
-0.721	1.9909e-005
-0.72	2.04628e-005
-0.719	2.10312e-005
-0.718	2.16144e-005
-0.717	2.22128e-005
-0.716	2.28267e-005
-0.715	2.34564e-005
-0.714	2.41023e-005
-0.713	2.47648e-005
-0.712	2.54442e-005
-0.711	2.61409e-005
-0.71	2.68554e-005
-0.709	2.75881e-005
-0.708	2.83394e-005
-0.707	2.91098e-005
-0.706	2.98998e-005
-0.705	3.07099e-005
-0.704	3.15408e-005
-0.703	3.23929e-005
-0.702	3.32668e-005
-0.701	3.41632e-005
-0.7	3.50828e-005
-0.699	3.60261e-005
-0.698	3.6994e-005
-0.697	3.79872e-005
-0.696	3.90064e-005
-0.695	4.00524e-005
-0.694	4.11261e-005
-0.693	4.22285e-005
-0.692	4.33602e-005
-0.691	4.45224e-005
-0.69	4.57159e-005
-0.689	4.69419e-005
-0.688	4.82012e-005
-0.687	4.9495e-005
-0.686	5.08245e-005
-0.685	5.21906e-005
-0.684	5.35947e-005
-0.683	5.50379e-005
-0.682	5.65214e-005
-0.681	5.80464e-005
-0.68	5.96144e-005
-0.679	6.12266e-005
-0.678	6.28844e-005
-0.677	6.4589e-005
-0.676	6.63421e-005
-0.675	6.81448e-005
-0.674	6.99989e-005
-0.673	7.19057e-005
-0.672	7.38667e-005
-0.671	7.58834e-005
-0.67	7.79576e-005
-0.669	8.00906e-005
-0.668	8.22842e-005
-0.667	8.45399e-005
-0.666	8.68594e-005
-0.665	8.92443e-005
-0.664	9.16965e-005
-0.663	9.42176e-005
-0.662	9.68094e-005
-0.661	9.94735e-005
-0.66	0.000102212
-0.659	0.000105026
-0.658	0.000107919
-0.657	0.000110891
-0.656	0.000113945
-0.655	0.000117083
-0.654	0.000120306
-0.653	0.000123617
-0.652	0.000127018
-0.651	0.000130511
-0.65	0.000134098
-0.649	0.000137782
-0.648	0.000141564
-0.647	0.000145447
-0.646	0.000149433
-0.645	0.000153526
-0.644	0.000157726
-0.643	0.000162038
-0.642	0.000166464
-0.641	0.000171006
-0.64	0.000175668
-0.639	0.000180452
-0.638	0.000185362
-0.637	0.0001904
-0.636	0.00019557
-0.635	0.000200877
-0.634	0.000206322
-0.633	0.00021191
-0.632	0.000217645
-0.631	0.00022353
-0.63	0.00022957
-0.629	0.000235769
-0.628	0.000242131
-0.627	0.000248662
-0.626	0.000255365
-0.625	0.000262246
-0.624	0.00026931
-0.623	0.000276562
-0.622	0.000284007
-0.621	0.000291652
-0.62	0.000299502
-0.619	0.000307562
-0.618	0.000315841
-0.617	0.000324343
-0.616	0.000333075
-0.615	0.000342044
-0.614	0.000351258
-0.613	0.000360723
-0.612	0.000370447
-0.611	0.000380438
-0.61	0.000390702
-0.609	0.000401249
-0.608	0.000412087
-0.607	0.000423225
-0.606	0.000434669
-0.605	0.00044643
-0.604	0.000458518
-0.603	0.00047094
-0.602	0.000483707
-0.601	0.000496828
-0.6	0.000510314
-0.599	0.000524174
-0.598	0.000538419
-0.597	0.000553059
-0.596	0.000568105
-0.595	0.000583568
-0.594	0.00059946
-0.593	0.000615792
-0.592	0.000632576
-0.591	0.000649823
-0.59	0.000667545
-0.589	0.000685756
-0.588	0.000704468
-0.587	0.000723694
-0.586	0.000743446
-0.585	0.000763739
-0.584	0.000784587
-0.583	0.000806003
-0.582	0.000828002
-0.581	0.000850598
-0.58	0.000873808
-0.579	0.000897646
-0.578	0.000922128
-0.577	0.00094727
-0.576	0.000973089
-0.575	0.000999603
-0.574	0.00102683
-0.573	0.00105479
-0.572	0.00108349
-0.571	0.00111296
-0.57	0.00114322
-0.569	0.00117429
-0.568	0.00120618
-0.567	0.00123893
-0.566	0.00127255
-0.565	0.00130706
-0.564	0.00134249
-0.563	0.00137887
-0.562	0.00141621
-0.561	0.00145455
-0.56	0.00149391
-0.559	0.00153431
-0.558	0.00157579
-0.557	0.00161838
-0.556	0.0016621
-0.555	0.001707
-0.554	0.00175309
-0.553	0.00180041
-0.552	0.001849
-0.551	0.0018989
-0.55	0.00195013
-0.549	0.00200274
-0.548	0.00205677
-0.547	0.00211225
-0.546	0.00216923
-0.545	0.00222775
-0.544	0.00228785
-0.543	0.00234958
-0.542	0.00241299
-0.541	0.00247811
-0.54	0.002545
-0.539	0.00261372
-0.538	0.00268431
-0.537	0.00275682
-0.536	0.00283131
-0.535	0.00290783
-0.534	0.00298645
-0.533	0.00306722
-0.532	0.0031502
-0.531	0.00323545
-0.53	0.00332303
-0.529	0.00341302
-0.528	0.00350547
-0.527	0.00360046
-0.526	0.00369805
-0.525	0.00379831
-0.524	0.00390132
-0.523	0.00400715
-0.522	0.00411588
-0.521	0.00422759
-0.52	0.00434235
-0.519	0.00446026
-0.518	0.00458138
-0.517	0.00470581
-0.516	0.00483364
-0.515	0.00496495
-0.514	0.00509984
-0.513	0.0052384
-0.512	0.00538073
-0.511	0.00552692
-0.51	0.00567709
-0.509	0.00583132
-0.508	0.00598974
-0.507	0.00615244
-0.506	0.00631955
-0.505	0.00649117
-0.504	0.00666743
-0.503	0.00684844
-0.502	0.00703433
-0.501	0.00722523
-0.5	0.00742126
-0.499	0.00762257
-0.498	0.00782929
-0.497	0.00804157
-0.496	0.00825955
-0.495	0.00848338
-0.494	0.00871323
-0.493	0.00894923
-0.492	0.00919157
-0.491	0.00944041
-0.49	0.00969593
-0.489	0.0099583
-0.488	0.0102277
-0.487	0.0105044
-0.486	0.0107884
-0.485	0.0110801
-0.484	0.0113797
-0.483	0.0116872
-0.482	0.0120031
-0.481	0.0123274
-0.48	0.0126605
-0.479	0.0130025
-0.478	0.0133538
-0.477	0.0137145
-0.476	0.0140849
-0.475	0.0144653
-0.474	0.0148561
-0.473	0.0152573
-0.472	0.0156695
-0.471	0.0160927
-0.47	0.0165275
-0.469	0.016974
-0.468	0.0174326
-0.467	0.0179036
-0.466	0.0183874
-0.465	0.0188844
-0.464	0.0193949
-0.463	0.0199192
-0.462	0.0204578
-0.461	0.021011
-0.46	0.0215793
-0.459	0.022163
-0.458	0.0227627
-0.457	0.0233786
-0.456	0.0240113
-0.455	0.0246612
-0.454	0.0253289
-0.453	0.0260147
-0.452	0.0267191
-0.451	0.0274428
-0.45	0.0281861
-0.449	0.0289497
-0.448	0.029734
-0.447	0.0305397
-0.446	0.0313672
-0.445	0.0322173
-0.444	0.0330904
-0.443	0.0339873
-0.442	0.0349085
-0.441	0.0358547
-0.44	0.0368265
-0.439	0.0378248
-0.438	0.0388501
-0.437	0.0399031
-0.436	0.0409847
-0.435	0.0420955
-0.434	0.0432364
-0.433	0.0444081
-0.432	0.0456115
-0.431	0.0468475
-0.43	0.0481168
-0.429	0.0494204
-0.428	0.0507592
-0.427	0.0521341
-0.426	0.0535461
-0.425	0.0549961
-0.424	0.0564853
-0.423	0.0580146
-0.422	0.0595851
-0.421	0.061198
-0.42	0.0628543
-0.419	0.0645553
-0.418	0.066302
-0.417	0.0680959
-0.416	0.0699381
-0.415	0.0718299
-0.414	0.0738041
-0.413	0.0758947
-0.412	0.0781006
-0.411	0.0804199
-0.41	0.0828507
-0.409	0.0853906
-0.408	0.0880368
-0.407	0.090786
-0.406	0.0936347
-0.405	0.0965791
-0.404	0.0996151
-0.403	0.102738
-0.402	0.105944
-0.401	0.109227
-0.4	0.112583
-0.399	0.116007
-0.398	0.119493
-0.397	0.123036
-0.396	0.12663
-0.395	0.130271
-0.394	0.133953
-0.393	0.137671
-0.392	0.14142
-0.391	0.145195
-0.39	0.148991
-0.389	0.152804
-0.388	0.156629
-0.387	0.160462
-0.386	0.1643
-0.385	0.168139
-0.384	0.171977
-0.383	0.17581
-0.382	0.179636
-0.381	0.183455
-0.38	0.187263
-0.379	0.191062
-0.378	0.194849
-0.377	0.198626
-0.376	0.202392
-0.375	0.20615
-0.374	0.2099
-0.373	0.213645
-0.372	0.217387
-0.371	0.22113
-0.37	0.224876
-0.369	0.228631
-0.368	0.232398
-0.367	0.236183
-0.366	0.239991
-0.365	0.243828
-0.364	0.2478
-0.363	0.252012
-0.362	0.25645
-0.361	0.261101
-0.36	0.26595
-0.359	0.270981
-0.358	0.276179
-0.357	0.281527
-0.356	0.287009
-0.355	0.292607
-0.354	0.298302
-0.353	0.304078
-0.352	0.309915
-0.351	0.315795
-0.35	0.321698
-0.349	0.327606
-0.348	0.333501
-0.347	0.339363
-0.346	0.345173
-0.345	0.350913
-0.344	0.356565
-0.343	0.362111
-0.342	0.367532
-0.341	0.372812
-0.34	0.377935
-0.339	0.382882
-0.338	0.387641
-0.337	0.392195
-0.336	0.39653
-0.335	0.400633
-0.334	0.404491
-0.333	0.408092
-0.332	0.411426
-0.331	0.414483
-0.33	0.417253
-0.329	0.419728
-0.328	0.421902
-0.327	0.423769
-0.326	0.425324
-0.325	0.426562
-0.324	0.427482
-0.323	0.428081
-0.322	0.428359
-0.321	0.428317
-0.32	0.427957
-0.319	0.427281
-0.318	0.426294
-0.317	0.424999
-0.316	0.423404
-0.315	0.421516
-0.314	0.419343
-0.313	0.416893
-0.312	0.414177
-0.311	0.411206
-0.31	0.407992
-0.309	0.404547
-0.308	0.400886
-0.307	0.397022
-0.306	0.39297
-0.305	0.388746
-0.304	0.384367
-0.303	0.379849
-0.302	0.375209
-0.301	0.370465
-0.3	0.365635
-0.299	0.360737
-0.298	0.35579
-0.297	0.350814
-0.296	0.345825
-0.295	0.340845
-0.294	0.33589
-0.293	0.330981
-0.292	0.326136
-0.291	0.321373
-0.29	0.31671
-0.289	0.312166
-0.288	0.307757
-0.287	0.303501
-0.286	0.299413
-0.285	0.295511
-0.284	0.291808
-0.283	0.28832
-0.282	0.28506
-0.281	0.282041
-0.28	0.279275
-0.279	0.276774
-0.278	0.274547
-0.277	0.272605
-0.276	0.270955
-0.275	0.269606
-0.274	0.268562
-0.273	0.267831
-0.272	0.267416
-0.271	0.267319
-0.27	0.267545
-0.269	0.268091
-0.268	0.26896
-0.267	0.27015
-0.266	0.271658
-0.265	0.273481
-0.264	0.275614
-0.263	0.278051
-0.262	0.280786
-0.261	0.283812
-0.26	0.287119
-0.259	0.290697
-0.258	0.294537
-0.257	0.298626
-0.256	0.302952
-0.255	0.307502
-0.254	0.312262
-0.253	0.317217
-0.252	0.322353
-0.251	0.327652
-0.25	0.333098
-0.249	0.338675
-0.248	0.344364
-0.247	0.350148
-0.246	0.356009
-0.245	0.361927
-0.244	0.367886
-0.243	0.373864
-0.242	0.379844
-0.241	0.385807
-0.24	0.391734
-0.239	0.397606
-0.238	0.403405
-0.237	0.409112
-0.236	0.41471
-0.235	0.420181
-0.234	0.425507
-0.233	0.430673
-0.232	0.435662
-0.231	0.440458
-0.23	0.445048
-0.229	0.449417
-0.228	0.453551
-0.227	0.457438
-0.226	0.461067
-0.225	0.464426
-0.224	0.467507
-0.223	0.4703
-0.222	0.472797
-0.221	0.474992
-0.22	0.476879
-0.219	0.478453
-0.218	0.479711
-0.217	0.48065
-0.216	0.481268
-0.215	0.481566
-0.214	0.481544
-0.213	0.481204
-0.212	0.48055
-0.211	0.479585
-0.21	0.478315
-0.209	0.476745
-0.208	0.474884
-0.207	0.47274
-0.206	0.470321
-0.205	0.467638
-0.204	0.464703
-0.203	0.461526
-0.202	0.458123
-0.201	0.454505
-0.2	0.450687
-0.199	0.446685
-0.198	0.442513
-0.197	0.43819
-0.196	0.433731
-0.195	0.429153
-0.194	0.424474
-0.193	0.419714
-0.192	0.414889
-0.191	0.410019
-0.19	0.405123
-0.189	0.400218
-0.188	0.395325
-0.187	0.390461
-0.186	0.385646
-0.185	0.380899
-0.184	0.376237
-0.183	0.37168
-0.182	0.367243
-0.181	0.362945
-0.18	0.358803
-0.179	0.354832
-0.178	0.35105
-0.177	0.347469
-0.176	0.344106
-0.175	0.340974
-0.174	0.338084
-0.173	0.33545
-0.172	0.333083
-0.171	0.330991
-0.17	0.329187
-0.169	0.327675
-0.168	0.326465
-0.167	0.325563
-0.166	0.324972
-0.165	0.324699
-0.164	0.324745
-0.163	0.325112
-0.162	0.325801
-0.161	0.326812
-0.16	0.328143
-0.159	0.329792
-0.158	0.331755
-0.157	0.334026
-0.156	0.336602
-0.155	0.339473
-0.154	0.342634
-0.153	0.346073
-0.152	0.349783
-0.151	0.353751
-0.15	0.357966
-0.149	0.362417
-0.148	0.367089
-0.147	0.371968
-0.146	0.377039
-0.145	0.382288
-0.144	0.387697
-0.143	0.393251
-0.142	0.398932
-0.141	0.404721
-0.14	0.410604
-0.139	0.416559
-0.138	0.422569
-0.137	0.428614
-0.136	0.434678
-0.135	0.44074
-0.134	0.446781
-0.133	0.452782
-0.132	0.458726
-0.131	0.464594
-0.13	0.470366
-0.129	0.476027
-0.128	0.481557
-0.127	0.48694
-0.126	0.492161
-0.125	0.497201
-0.124	0.502048
-0.123	0.506684
-0.122	0.511098
-0.121	0.515275
-0.12	0.519204
-0.119	0.522872
-0.118	0.52627
-0.117	0.529388
-0.116	0.532217
-0.115	0.534749
-0.114	0.536979
-0.113	0.538899
-0.112	0.540507
-0.111	0.541798
-0.11	0.54277
-0.109	0.543423
-0.108	0.543755
-0.107	0.543769
-0.106	0.543466
-0.105	0.542848
-0.104	0.541922
-0.103	0.540692
-0.102	0.539164
-0.101	0.537347
-0.1	0.535248
