-4	0
-3.999	0
-3.998	0
-3.997	0
-3.996	0
-3.995	0
-3.994	0
-3.993	0
-3.992	0
-3.991	0
-3.99	0
-3.989	0
-3.988	0
-3.987	0
-3.986	0
-3.985	0
-3.984	0
-3.983	0
-3.982	0
-3.981	0
-3.98	0
-3.979	0
-3.978	0
-3.977	0
-3.976	0
-3.975	0
-3.974	0
-3.973	0
-3.972	0
-3.971	0
-3.97	0
-3.969	0
-3.968	0
-3.967	0
-3.966	0
-3.965	0
-3.964	0
-3.963	0
-3.962	0
-3.961	0
-3.96	0
-3.959	0
-3.958	0
-3.957	0
-3.956	0
-3.955	0
-3.954	0
-3.953	0
-3.952	0
-3.951	0
-3.95	0
-3.949	0
-3.948	0
-3.947	0
-3.946	0
-3.945	0
-3.944	0
-3.943	0
-3.942	0
-3.941	0
-3.94	0
-3.939	0
-3.938	0
-3.937	0
-3.936	0
-3.935	0
-3.934	0
-3.933	0
-3.932	0
-3.931	0
-3.93	0
-3.929	0
-3.928	0
-3.927	0
-3.926	0
-3.925	0
-3.924	0
-3.923	0
-3.922	0
-3.921	0
-3.92	0
-3.919	0
-3.918	0
-3.917	0
-3.916	0
-3.915	0
-3.914	0
-3.913	0
-3.912	0
-3.911	0
-3.91	0
-3.909	0
-3.908	0
-3.907	0
-3.906	0
-3.905	0
-3.904	0
-3.903	0
-3.902	0
-3.901	0
-3.9	0
-3.899	0
-3.898	0
-3.897	0
-3.896	0
-3.895	0
-3.894	0
-3.893	0
-3.892	0
-3.891	0
-3.89	0
-3.889	0
-3.888	0
-3.887	0
-3.886	0
-3.885	0
-3.884	0
-3.883	0
-3.882	0
-3.881	0
-3.88	0
-3.879	0
-3.878	0
-3.877	0
-3.876	0
-3.875	0
-3.874	0
-3.873	0
-3.872	0
-3.871	0
-3.87	0
-3.869	0
-3.868	0
-3.867	0
-3.866	0
-3.865	0
-3.864	0
-3.863	0
-3.862	0
-3.861	0
-3.86	0
-3.859	0
-3.858	0
-3.857	0
-3.856	0
-3.855	0
-3.854	0
-3.853	0
-3.852	0
-3.851	0
-3.85	0
-3.849	0
-3.848	0
-3.847	0
-3.846	0
-3.845	0
-3.844	0
-3.843	0
-3.842	0
-3.841	0
-3.84	0
-3.839	0
-3.838	0
-3.837	0
-3.836	0
-3.835	0
-3.834	0
-3.833	0
-3.832	0
-3.831	0
-3.83	0
-3.829	0
-3.828	0
-3.827	0
-3.826	0
-3.825	0
-3.824	0
-3.823	0
-3.822	0
-3.821	0
-3.82	0
-3.819	0
-3.818	0
-3.817	0
-3.816	0
-3.815	0
-3.814	0
-3.813	0
-3.812	0
-3.811	0
-3.81	0
-3.809	0
-3.808	0
-3.807	0
-3.806	0
-3.805	0
-3.804	0
-3.803	0
-3.802	0
-3.801	0
-3.8	0
-3.799	0
-3.798	0
-3.797	0
-3.796	0
-3.795	0
-3.794	0
-3.793	0
-3.792	0
-3.791	0
-3.79	0
-3.789	0
-3.788	0
-3.787	0
-3.786	0
-3.785	0
-3.784	0
-3.783	0
-3.782	0
-3.781	0
-3.78	0
-3.779	0
-3.778	0
-3.777	0
-3.776	0
-3.775	0
-3.774	0
-3.773	0
-3.772	0
-3.771	0
-3.77	0
-3.769	0
-3.768	0
-3.767	0
-3.766	0
-3.765	0
-3.764	0
-3.763	0
-3.762	0
-3.761	0
-3.76	0
-3.759	0
-3.758	0
-3.757	0
-3.756	0
-3.755	0
-3.754	1.26881e-076
-3.753	1.7812e-076
-3.752	2.11276e-076
-3.751	2.22557e-076
-3.75	1.94054e-076
-3.749	1.87781e-076
-3.748	2.05154e-076
-3.747	1.80232e-076
-3.746	1.84569e-076
-3.745	2.18926e-076
-3.744	2.30614e-076
-3.743	2.01078e-076
-3.742	1.94574e-076
-3.741	2.12569e-076
-3.74	1.86739e-076
-3.739	1.91184e-076
-3.738	2.26692e-076
-3.737	2.38635e-076
-3.736	2.0793e-076
-3.735	2.00158e-076
-3.734	2.17122e-076
-3.733	1.89314e-076
-3.732	1.83195e-076
-3.731	2.00144e-076
-3.73	1.75831e-076
-3.729	1.80062e-076
-3.728	2.1358e-076
-3.727	2.24984e-076
-3.726	1.96169e-076
-3.725	1.89828e-076
-3.724	2.07391e-076
-3.723	1.82197e-076
-3.722	1.86582e-076
-3.721	2.95934e-076
-3.72	1.15899e-075
-3.719	4.48255e-075
-3.718	1.29927e-074
-3.717	3.10043e-074
-3.716	6.60571e-074
-3.715	1.29463e-073
-3.714	2.34025e-073
-3.713	4.13587e-073
-3.712	7.00063e-073
-3.711	1.17812e-072
-3.71	1.96907e-072
-3.709	3.28464e-072
-3.708	5.49435e-072
-3.707	9.21309e-072
-3.706	1.54918e-071
-3.705	2.59885e-071
-3.704	4.35539e-071
-3.703	7.27089e-071
-3.702	1.20868e-070
-3.701	2.00091e-070
-3.7	3.30318e-070
-3.699	5.4518e-070
-3.698	9.00846e-070
-3.697	1.4913e-069
-3.696	2.47109e-069
-3.695	4.09603e-069
-3.694	6.78595e-069
-3.693	1.12306e-068
-3.692	1.85596e-068
-3.691	3.06205e-068
-3.69	5.04285e-068
-3.689	8.28975e-068
-3.688	1.36032e-067
-3.687	2.22825e-067
-3.686	3.64365e-067
-3.685	5.94783e-067
-3.684	9.69268e-067
-3.683	1.57685e-066
-3.682	2.56098e-066
-3.681	4.15228e-066
-3.68	6.72097e-066
-3.679	1.08603e-065
-3.678	1.7519e-065
-3.677	2.8212e-065
-3.676	4.53536e-065
-3.675	7.27853e-065
-3.674	1.16608e-064
-3.673	1.86493e-064
-3.672	2.97748e-064
-3.671	4.74554e-064
-3.67	7.55042e-064
-3.669	1.19923e-063
-3.668	1.90144e-063
-3.667	3.00958e-063
-3.666	4.75524e-063
-3.665	7.50035e-063
-3.664	1.18095e-062
-3.663	1.85619e-062
-3.662	2.9124e-062
-3.661	4.5616e-062
-3.66	7.13215e-062
-3.659	1.11316e-061
-3.658	1.73433e-061
-3.657	2.69734e-061
-3.656	4.18767e-061
-3.655	6.48993e-061
-3.654	1.00401e-060
-3.653	1.55046e-060
-3.652	2.39008e-060
-3.651	3.6778e-060
-3.65	5.64923e-060
-3.649	8.66191e-060
-3.648	1.32574e-059
-3.647	2.02548e-059
-3.646	3.08898e-059
-3.645	4.70241e-059
-3.644	7.14568e-059
-3.643	1.08388e-058
-3.642	1.64111e-058
-3.641	2.48031e-058
-3.64	3.74186e-058
-3.639	5.63481e-058
-3.638	8.46999e-058
-3.637	1.27085e-057
-3.636	1.90334e-057
-3.635	2.8454e-057
-3.634	4.24597e-057
-3.633	6.32435e-057
-3.632	9.40282e-057
-3.631	1.39541e-056
-3.63	2.06704e-056
-3.629	3.0563e-056
-3.628	4.51069e-056
-3.627	6.64488e-056
-3.626	9.77078e-056
-3.625	1.43406e-055
-3.624	2.10088e-055
-3.623	3.07205e-055
-3.622	4.48382e-055
-3.621	6.53222e-055
-3.62	9.49872e-055
-3.619	1.37867e-054
-3.618	1.99729e-054
-3.617	2.88811e-054
-3.616	4.16843e-054
-3.615	6.00506e-054
-3.614	8.63471e-054
-3.613	1.23926e-053
-3.612	1.77526e-053
-3.611	2.5383e-053
-3.61	3.62249e-053
-3.609	5.16002e-053
-3.608	7.33629e-053
-3.607	1.04107e-052
-3.606	1.47457e-052
-3.605	2.08462e-052
-3.604	2.94147e-052
-3.603	4.14267e-052
-3.602	5.82333e-052
-3.601	8.17029e-052
-3.6	1.14414e-051
-3.599	1.59916e-051
-3.598	2.2309e-051
-3.597	3.10629e-051
-3.596	4.31692e-051
-3.595	5.98796e-051
-3.594	8.29e-051
-3.593	1.14551e-050
-3.592	1.57985e-050
-3.591	2.17472e-050
-3.59	2.98785e-050
-3.589	4.09716e-050
-3.588	5.6076e-050
-3.587	7.66017e-050
-3.586	1.0444e-049
-3.585	1.42124e-049
-3.584	1.93033e-049
-3.583	2.61677e-049
-3.582	3.54051e-049
-3.581	4.78116e-049
-3.58	6.4442e-049
-3.579	8.66904e-049
-3.578	1.16397e-048
-3.577	1.55983e-048
-3.576	2.08632e-048
-3.575	2.78517e-048
-3.574	3.71101e-048
-3.573	4.93513e-048
-3.572	6.55049e-048
-3.571	8.67796e-048
-3.57	1.14744e-047
-3.569	1.5143e-047
-3.568	1.99463e-047
-3.567	2.6223e-047
-3.566	3.44091e-047
-3.565	4.50647e-047
-3.564	5.89074e-047
-3.563	7.68557e-047
-3.562	1.00082e-046
-3.561	1.30079e-046
-3.56	1.68746e-046
-3.559	2.18492e-046
-3.558	2.82367e-046
-3.557	3.64225e-046
-3.556	4.68924e-046
-3.555	6.02579e-046
-3.554	7.72869e-046
-3.553	9.89414e-046
-3.552	1.26425e-045
-3.551	1.61239e-045
-3.55	2.05255e-045
-3.549	2.60797e-045
-3.548	3.30749e-045
-3.547	4.1868e-045
-3.546	5.29e-045
-3.545	6.67146e-045
-3.544	8.39805e-045
-3.543	1.05519e-044
-3.542	1.32336e-044
-3.541	1.65662e-044
-3.54	2.06998e-044
-3.539	2.58173e-044
-3.538	3.21409e-044
-3.537	3.994e-044
-3.536	4.9541e-044
-3.535	6.13378e-044
-3.534	7.58056e-044
-3.533	9.35159e-044
-3.532	1.15155e-043
-3.531	1.41545e-043
-3.53	1.73669e-043
-3.529	2.127e-043
-3.528	2.60037e-043
-3.527	3.17339e-043
-3.526	3.86577e-043
-3.525	4.70084e-043
-3.524	5.70614e-043
-3.523	6.91415e-043
-3.522	8.36309e-043
-3.521	1.00978e-042
-3.52	1.2171e-042
-3.519	1.4644e-042
-3.518	1.75886e-042
-3.517	2.10884e-042
-3.516	2.52405e-042
-3.515	3.01576e-042
-3.514	3.597e-042
-3.513	4.28283e-042
-3.512	5.09062e-042
-3.511	6.04031e-042
-3.51	7.15483e-042
-3.509	8.46041e-042
-3.508	9.98704e-042
-3.507	1.17689e-041
-3.506	1.38449e-041
-3.505	1.62593e-041
-3.504	1.9062e-041
-3.503	2.23097e-041
-3.502	2.60662e-041
-3.501	3.0403e-041
-3.5	3.5401e-041
-3.499	4.11502e-041
-3.498	4.77512e-041
-3.497	5.53164e-041
-3.496	6.39705e-041
-3.495	7.38517e-041
-3.494	8.51127e-041
-3.493	9.79223e-041
-3.492	1.12465e-040
-3.491	1.28944e-040
-3.49	1.47582e-040
-3.489	1.68618e-040
-3.488	1.92316e-040
-3.487	2.18959e-040
-3.486	2.48853e-040
-3.485	2.82325e-040
-3.484	3.19725e-040
-3.483	3.61427e-040
-3.482	4.07826e-040
-3.481	4.59337e-040
-3.48	5.16397e-040
-3.479	5.7946e-040
-3.478	6.48995e-040
-3.477	7.25483e-040
-3.476	8.09413e-040
-3.475	9.01276e-040
-3.474	1.00156e-039
-3.473	1.11075e-039
-3.472	1.2293e-039
-3.471	1.35765e-039
-3.47	1.49617e-039
-3.469	1.64522e-039
-3.468	1.80506e-039
-3.467	1.97588e-039
-3.466	2.15776e-039
-3.465	2.35067e-039
-3.464	2.55444e-039
-3.463	2.76871e-039
-3.462	2.99297e-039
-3.461	3.22644e-039
-3.46	3.46815e-039
-3.459	3.71682e-039
-3.458	3.9709e-039
-3.457	4.22848e-039
-3.456	4.48734e-039
-3.455	4.74483e-039
-3.454	4.99792e-039
-3.453	5.2432e-039
-3.452	5.47679e-039
-3.451	5.69438e-039
-3.45	5.89131e-039
-3.449	6.06245e-039
-3.448	6.20239e-039
-3.447	6.3054e-039
-3.446	6.36558e-039
-3.445	6.37697e-039
-3.444	6.3337e-039
-3.443	6.23023e-039
-3.442	6.06158e-039
-3.441	5.82369e-039
-3.44	5.51382e-039
-3.439	5.13101e-039
-3.438	4.67673e-039
-3.437	4.15559e-039
-3.436	3.57611e-039
-3.435	2.95185e-039
-3.434	2.30254e-039
-3.433	1.65545e-039
-3.432	1.04711e-039
-3.431	5.25149e-040
-3.43	1.50528e-040
-3.429	1.05306e-043
-3.428	1.69584e-040
-3.427	7.76904e-040
-3.426	1.96616e-039
-3.425	3.91202e-039
-3.424	6.82486e-039
-3.423	1.09565e-038
-3.422	1.6607e-038
-3.421	2.41316e-038
-3.42	3.395e-038
-3.419	4.65551e-038
-3.418	6.25244e-038
-3.417	8.25318e-038
-3.416	1.07361e-037
-3.415	1.37923e-037
-3.414	1.75268e-037
-3.413	2.20612e-037
-3.412	2.75351e-037
-3.411	3.41091e-037
-3.41	4.19671e-037
-3.409	5.13195e-037
-3.408	6.24061e-037
-3.407	7.55004e-037
-3.406	9.09132e-037
-3.405	1.08997e-036
-3.404	1.30153e-036
-3.403	1.54831e-036
-3.402	1.83544e-036
-3.401	2.16867e-036
-3.4	2.55449e-036
-3.399	3.0002e-036
-3.398	3.51399e-036
-3.397	4.10507e-036
-3.396	4.78372e-036
-3.395	5.56146e-036
-3.394	6.45119e-036
-3.393	7.46728e-036
-3.392	8.62574e-036
-3.391	9.94443e-036
-3.39	1.14432e-035
-3.389	1.31441e-035
-3.388	1.50717e-035
-3.387	1.72531e-035
-3.386	1.97185e-035
-3.385	2.25011e-035
-3.384	2.56379e-035
-3.383	2.91696e-035
-3.382	3.31411e-035
-3.381	3.7602e-035
-3.38	4.26071e-035
-3.379	4.82164e-035
-3.378	5.44962e-035
-3.377	6.15193e-035
-3.376	6.93656e-035
-3.375	7.81228e-035
-3.374	8.78873e-035
-3.373	9.87644e-035
-3.372	1.1087e-034
-3.371	1.24329e-034
-3.37	1.39282e-034
-3.369	1.55878e-034
-3.368	1.74282e-034
-3.367	1.94676e-034
-3.366	2.17253e-034
-3.365	2.42229e-034
-3.364	2.69837e-034
-3.363	3.00329e-034
-3.362	3.33981e-034
-3.361	3.71093e-034
-3.36	4.1199e-034
-3.359	4.57025e-034
-3.358	5.06582e-034
-3.357	5.61076e-034
-3.356	6.20957e-034
-3.355	6.86713e-034
-3.354	7.58872e-034
-3.353	8.38005e-034
-3.352	9.24731e-034
-3.351	1.01971e-033
-3.35	1.12368e-033
-3.349	1.2374e-033
-3.348	1.36171e-033
-3.347	1.49753e-033
-3.346	1.64583e-033
-3.345	1.80765e-033
-3.344	1.98414e-033
-3.343	2.17649e-033
-3.342	2.38604e-033
-3.341	2.61418e-033
-3.34	2.86242e-033
-3.339	3.13239e-033
-3.338	3.42583e-033
-3.337	3.74463e-033
-3.336	4.09077e-033
-3.335	4.46641e-033
-3.334	4.87386e-033
-3.333	5.31559e-033
-3.332	5.79423e-033
-3.331	6.31262e-033
-3.33	6.87379e-033
-3.329	7.48097e-033
-3.328	8.13761e-033
-3.327	8.84741e-033
-3.326	9.6143e-033
-3.325	1.04425e-032
-3.324	1.13365e-032
-3.323	1.23011e-032
-3.322	1.33413e-032
-3.321	1.44627e-032
-3.32	1.5671e-032
-3.319	1.69724e-032
-3.318	1.83735e-032
-3.317	1.98811e-032
-3.316	2.15028e-032
-3.315	2.32465e-032
-3.314	2.51206e-032
-3.313	2.71339e-032
-3.312	2.92959e-032
-3.311	3.16167e-032
-3.31	3.41069e-032
-3.309	3.67779e-032
-3.308	3.96416e-032
-3.307	4.27107e-032
-3.306	4.59988e-032
-3.305	4.95199e-032
-3.304	5.32894e-032
-3.303	5.73231e-032
-3.302	6.1638e-032
-3.301	6.62518e-032
-3.3	7.11837e-032
-3.299	7.64535e-032
-3.298	8.20824e-032
-3.297	8.80925e-032
-3.296	9.45077e-032
-3.295	1.01353e-031
-3.294	1.08653e-031
-3.293	1.16438e-031
-3.292	1.24736e-031
-3.291	1.33577e-031
-3.29	1.42995e-031
-3.289	1.53022e-031
-3.288	1.63696e-031
-3.287	1.75054e-031
-3.286	1.87136e-031
-3.285	1.99984e-031
-3.284	2.13642e-031
-3.283	2.28156e-031
-3.282	2.43576e-031
-3.281	2.59952e-031
-3.28	2.77339e-031
-3.279	2.95792e-031
-3.278	3.15372e-031
-3.277	3.36141e-031
-3.276	3.58164e-031
-3.275	3.81509e-031
-3.274	4.0625e-031
-3.273	4.32461e-031
-3.272	4.60221e-031
-3.271	4.89613e-031
-3.27	5.20724e-031
-3.269	5.53646e-031
-3.268	5.88472e-031
-3.267	6.25303e-031
-3.266	6.64244e-031
-3.265	7.05403e-031
-3.264	7.48894e-031
-3.263	7.94837e-031
-3.262	8.43357e-031
-3.261	8.94582e-031
-3.26	9.48649e-031
-3.259	1.0057e-030
-3.258	1.06589e-030
-3.257	1.12936e-030
-3.256	1.19629e-030
-3.255	1.26683e-030
-3.254	1.34116e-030
-3.253	1.41948e-030
-3.252	1.50196e-030
-3.251	1.58881e-030
-3.25	1.68024e-030
-3.249	1.77646e-030
-3.248	1.87769e-030
-3.247	1.98418e-030
-3.246	2.09617e-030
-3.245	2.2139e-030
-3.244	2.33764e-030
-3.243	2.46768e-030
-3.242	2.60429e-030
-3.241	2.74778e-030
-3.24	2.89844e-030
-3.239	3.0566e-030
-3.238	3.22259e-030
-3.237	3.39677e-030
-3.236	3.57949e-030
-3.235	3.77112e-030
-3.234	3.97205e-030
-3.233	4.18268e-030
-3.232	4.40343e-030
-3.231	4.63473e-030
-3.23	4.87702e-030
-3.229	5.13078e-030
-3.228	5.39647e-030
-3.227	5.67462e-030
-3.226	5.96571e-030
-3.225	6.2703e-030
-3.224	6.58893e-030
-3.223	6.92218e-030
-3.222	7.27065e-030
-3.221	7.63493e-030
-3.22	8.01566e-030
-3.219	8.41352e-030
-3.218	8.82917e-030
-3.217	9.26331e-030
-3.216	9.71666e-030
-3.215	1.019e-029
-3.214	1.0684e-029
-3.213	1.11996e-029
-3.212	1.17376e-029
-3.211	1.22987e-029
-3.21	1.2884e-029
-3.209	1.34942e-029
-3.208	1.41304e-029
-3.207	1.47934e-029
-3.206	1.54843e-029
-3.205	1.62042e-029
-3.204	1.69539e-029
-3.203	1.77348e-029
-3.202	1.85478e-029
-3.201	1.93941e-029
-3.2	2.02749e-029
-3.199	2.11914e-029
-3.198	2.21449e-029
-3.197	2.31366e-029
-3.196	2.4168e-029
-3.195	2.52403e-029
-3.194	2.63551e-029
-3.193	2.75136e-029
-3.192	2.87174e-029
-3.191	2.9968e-029
-3.19	3.12671e-029
-3.189	3.26162e-029
-3.188	3.40169e-029
-3.187	3.54709e-029
-3.186	3.698e-029
-3.185	3.85461e-029
-3.184	4.01709e-029
-3.183	4.18563e-029
-3.182	4.36041e-029
-3.181	4.54164e-029
-3.18	4.72952e-029
-3.179	4.92427e-029
-3.178	5.12609e-029
-3.177	5.3352e-029
-3.176	5.55182e-029
-3.175	5.77617e-029
-3.174	6.00851e-029
-3.173	6.24905e-029
-3.172	6.49805e-029
-3.171	6.75577e-029
-3.17	7.02244e-029
-3.169	7.29833e-029
-3.168	7.58371e-029
-3.167	7.87884e-029
-3.166	8.18403e-029
-3.165	8.49954e-029
-3.164	8.82567e-029
-3.163	9.16271e-029
-3.162	9.51093e-029
-3.161	9.8707e-029
-3.16	1.02423e-028
-3.159	1.06261e-028
-3.158	1.10224e-028
-3.157	1.14314e-028
-3.156	1.18536e-028
-3.155	1.22894e-028
-3.154	1.2739e-028
-3.153	1.32028e-028
-3.152	1.36812e-028
-3.151	1.41745e-028
-3.15	1.46832e-028
-3.149	1.52075e-028
-3.148	1.5748e-028
-3.147	1.6305e-028
-3.146	1.68789e-028
-3.145	1.74701e-028
-3.144	1.80791e-028
-3.143	1.87063e-028
-3.142	1.93519e-028
-3.141	2.00167e-028
-3.14	2.07009e-028
-3.139	2.1405e-028
-3.138	2.21295e-028
-3.137	2.28747e-028
-3.136	2.36414e-028
-3.135	2.44298e-028
-3.134	2.52404e-028
-3.133	2.60738e-028
-3.132	2.69304e-028
-3.131	2.78108e-028
-3.13	2.87154e-028
-3.129	2.96447e-028
-3.128	3.05992e-028
-3.127	3.15796e-028
-3.126	3.25862e-028
-3.125	3.36196e-028
-3.124	3.46805e-028
-3.123	3.57693e-028
-3.122	3.68864e-028
-3.121	3.80326e-028
-3.12	3.92083e-028
-3.119	4.04142e-028
-3.118	4.16507e-028
-3.117	4.29184e-028
-3.116	4.4218e-028
-3.115	4.555e-028
-3.114	4.69148e-028
-3.113	4.83131e-028
-3.112	4.97458e-028
-3.111	5.12129e-028
-3.11	5.27155e-028
-3.109	5.42538e-028
-3.108	5.58286e-028
-3.107	5.74405e-028
-3.106	5.90902e-028
-3.105	6.0778e-028
-3.104	6.25044e-028
-3.103	6.42706e-028
-3.102	6.60766e-028
-3.101	6.79232e-028
-3.1	6.9811e-028
-3.099	7.17408e-028
-3.098	7.3713e-028
-3.097	7.5728e-028
-3.096	7.77866e-028
-3.095	7.9889e-028
-3.094	8.20364e-028
-3.093	8.42292e-028
-3.092	8.64679e-028
-3.091	8.87527e-028
-3.09	9.10846e-028
-3.089	9.34644e-028
-3.088	9.58923e-028
-3.087	9.83685e-028
-3.086	1.00894e-027
-3.085	1.03469e-027
-3.084	1.06094e-027
-3.083	1.08771e-027
-3.082	1.11498e-027
-3.081	1.14277e-027
-3.08	1.17108e-027
-3.079	1.19992e-027
-3.078	1.2293e-027
-3.077	1.25921e-027
-3.076	1.28965e-027
-3.075	1.32065e-027
-3.074	1.35219e-027
-3.073	1.38428e-027
-3.072	1.41693e-027
-3.071	1.45015e-027
-3.07	1.48392e-027
-3.069	1.51827e-027
-3.068	1.55318e-027
-3.067	1.58867e-027
-3.066	1.62474e-027
-3.065	1.66138e-027
-3.064	1.6986e-027
-3.063	1.73641e-027
-3.062	1.77481e-027
-3.061	1.81379e-027
-3.06	1.85336e-027
-3.059	1.89352e-027
-3.058	1.93427e-027
-3.057	1.97562e-027
-3.056	2.01756e-027
-3.055	2.06009e-027
-3.054	2.10322e-027
-3.053	2.14693e-027
-3.052	2.19124e-027
-3.051	2.23614e-027
-3.05	2.28164e-027
-3.049	2.32772e-027
-3.048	2.3744e-027
-3.047	2.42165e-027
-3.046	2.4695e-027
-3.045	2.51793e-027
-3.044	2.57097e-027
-3.043	2.63302e-027
-3.042	2.70442e-027
-3.041	2.78553e-027
-3.04	2.87675e-027
-3.039	2.97859e-027
-3.038	3.09145e-027
-3.037	3.21593e-027
-3.036	3.35273e-027
-3.035	3.50231e-027
-3.034	3.66539e-027
-3.033	3.84279e-027
-3.032	4.03522e-027
-3.031	4.24349e-027
-3.03	4.46845e-027
-3.029	4.711e-027
-3.028	4.97208e-027
-3.027	5.25266e-027
-3.026	5.55375e-027
-3.025	5.87646e-027
-3.024	6.2218e-027
-3.023	6.59089e-027
-3.022	6.98481e-027
-3.021	7.40486e-027
-3.02	7.85197e-027
-3.019	8.32773e-027
-3.018	8.83272e-027
-3.017	9.36861e-027
-3.016	9.93643e-027
-3.015	1.05372e-026
-3.014	1.11723e-026
-3.013	1.18426e-026
-3.012	1.25491e-026
-3.011	1.32932e-026
-3.01	1.40753e-026
-3.009	1.48966e-026
-3.008	1.57573e-026
-3.007	1.66591e-026
-3.006	1.76012e-026
-3.005	1.85845e-026
-3.004	1.96098e-026
-3.003	2.06763e-026
-3.002	2.1784e-026
-3.001	2.29329e-026
-3	2.41219e-026
-2.999	2.5351e-026
-2.998	2.6618e-026
-2.997	2.79222e-026
-2.996	2.92627e-026
-2.995	3.06361e-026
-2.994	3.20421e-026
-2.993	3.34768e-026
-2.992	3.49386e-026
-2.991	3.64238e-026
-2.99	3.79301e-026
-2.989	3.94528e-026
-2.988	4.09907e-026
-2.987	4.2538e-026
-2.986	4.40924e-026
-2.985	4.5651e-026
-2.984	4.7209e-026
-2.983	4.87637e-026
-2.982	5.03142e-026
-2.981	5.18563e-026
-2.98	5.33911e-026
-2.979	5.49175e-026
-2.978	5.6437e-026
-2.977	5.79541e-026
-2.976	5.94696e-026
-2.975	6.09977e-026
-2.974	6.25456e-026
-2.973	6.41272e-026
-2.972	6.57615e-026
-2.971	6.74728e-026
-2.97	6.92894e-026
-2.969	7.12475e-026
-2.968	7.33897e-026
-2.967	7.57697e-026
-2.966	7.84466e-026
-2.965	8.14946e-026
-2.964	8.50002e-026
-2.963	8.90635e-026
-2.962	9.37993e-026
-2.961	9.93448e-026
-2.96	1.05852e-025
-2.959	1.135e-025
-2.958	1.22493e-025
-2.957	1.33058e-025
-2.956	1.45461e-025
-2.955	1.59996e-025
-2.954	1.77002e-025
-2.953	1.96846e-025
-2.952	2.19958e-025
-2.951	2.46803e-025
-2.95	2.77921e-025
-2.949	3.13875e-025
-2.948	3.55342e-025
-2.947	4.03034e-025
-2.946	4.57738e-025
-2.945	5.20347e-025
-2.944	5.91834e-025
-2.943	6.73251e-025
-2.942	7.65772e-025
-2.941	8.70688e-025
-2.94	9.89363e-025
-2.939	1.12335e-024
-2.938	1.27428e-024
-2.937	1.44395e-024
-2.936	1.63431e-024
-2.935	1.84747e-024
-2.934	2.08561e-024
-2.933	2.35126e-024
-2.932	2.64698e-024
-2.931	2.97558e-024
-2.93	3.34008e-024
-2.929	3.74353e-024
-2.928	4.18949e-024
-2.927	4.68145e-024
-2.926	5.22324e-024
-2.925	5.81886e-024
-2.924	6.47248e-024
-2.923	7.18852e-024
-2.922	7.97167e-024
-2.921	8.82664e-024
-2.92	9.75857e-024
-2.919	1.07724e-023
-2.918	1.18737e-023
-2.917	1.30678e-023
-2.916	1.43602e-023
-2.915	1.57566e-023
-2.914	1.72628e-023
-2.913	1.88843e-023
-2.912	2.06269e-023
-2.911	2.24962e-023
-2.91	2.44977e-023
-2.909	2.66365e-023
-2.908	2.89177e-023
-2.907	3.13462e-023
-2.906	3.3926e-023
-2.905	3.66609e-023
-2.904	3.95542e-023
-2.903	4.26086e-023
-2.902	4.58256e-023
-2.901	4.92062e-023
-2.9	5.27502e-023
-2.899	5.64566e-023
-2.898	6.03231e-023
-2.897	6.43461e-023
-2.896	6.85204e-023
-2.895	7.28404e-023
-2.894	7.72969e-023
-2.893	8.18817e-023
-2.892	8.65831e-023
-2.891	9.13887e-023
-2.89	9.62845e-023
-2.889	1.01255e-022
-2.888	1.06283e-022
-2.887	1.11352e-022
-2.886	1.16443e-022
-2.885	1.21536e-022
-2.884	1.26615e-022
-2.883	1.3166e-022
-2.882	1.36656e-022
-2.881	1.41591e-022
-2.88	1.46454e-022
-2.879	1.51239e-022
-2.878	1.55955e-022
-2.877	1.60607e-022
-2.876	1.65222e-022
-2.875	1.69838e-022
-2.874	1.74506e-022
-2.873	1.79301e-022
-2.872	1.8433e-022
-2.871	1.89713e-022
-2.87	1.95621e-022
-2.869	2.02258e-022
-2.868	2.0988e-022
-2.867	2.188e-022
-2.866	2.29391e-022
-2.865	2.42106e-022
-2.864	2.57485e-022
-2.863	2.76166e-022
-2.862	2.98898e-022
-2.861	3.26566e-022
-2.86	3.60191e-022
-2.859	4.00973e-022
-2.858	4.50287e-022
-2.857	5.09724e-022
-2.856	5.8111e-022
-2.855	6.66543e-022
-2.854	7.68404e-022
-2.853	8.89415e-022
-2.852	1.03266e-021
-2.851	1.20163e-021
-2.85	1.40027e-021
-2.849	1.63303e-021
-2.848	1.90489e-021
-2.847	2.22148e-021
-2.846	2.58903e-021
-2.845	3.01454e-021
-2.844	3.50586e-021
-2.843	4.0716e-021
-2.842	4.72143e-021
-2.841	5.46596e-021
-2.84	6.31705e-021
-2.839	7.28765e-021
-2.838	8.39207e-021
-2.837	9.64607e-021
-2.836	1.1067e-020
-2.835	1.26737e-020
-2.834	1.44869e-020
-2.833	1.65291e-020
-2.832	1.88251e-020
-2.831	2.14015e-020
-2.83	2.42873e-020
-2.829	2.7514e-020
-2.828	3.11156e-020
-2.827	3.51287e-020
-2.826	3.95929e-020
-2.825	4.45507e-020
-2.824	5.00478e-020
-2.823	5.61325e-020
-2.822	6.28573e-020
-2.821	7.02776e-020
-2.82	7.84526e-020
-2.819	8.74449e-020
-2.818	9.73208e-020
-2.817	1.0815e-019
-2.816	1.20008e-019
-2.815	1.3297e-019
-2.814	1.47118e-019
-2.813	1.62538e-019
-2.812	1.79317e-019
-2.811	1.97547e-019
-2.81	2.17322e-019
-2.809	2.38739e-019
-2.808	2.61901e-019
-2.807	2.86907e-019
-2.806	3.13861e-019
-2.805	3.42868e-019
-2.804	3.74036e-019
-2.803	4.07464e-019
-2.802	4.4326e-019
-2.801	4.81526e-019
-2.8	5.22357e-019
-2.799	5.65857e-019
-2.798	6.12103e-019
-2.797	6.61186e-019
-2.796	7.13178e-019
-2.795	7.68152e-019
-2.794	8.26151e-019
-2.793	8.87227e-019
-2.792	9.51406e-019
-2.791	1.0187e-018
-2.79	1.0891e-018
-2.789	1.1626e-018
-2.788	1.23912e-018
-2.787	1.31863e-018
-2.786	1.40104e-018
-2.785	1.48621e-018
-2.784	1.57403e-018
-2.783	1.6643e-018
-2.782	1.75687e-018
-2.781	1.85151e-018
-2.78	1.94797e-018
-2.779	2.04601e-018
-2.778	2.14533e-018
-2.777	2.24571e-018
-2.776	2.34678e-018
-2.775	2.44832e-018
-2.774	2.54999e-018
-2.773	2.65159e-018
-2.772	2.75287e-018
-2.771	2.85373e-018
-2.77	2.95407e-018
-2.769	3.05389e-018
-2.768	3.15342e-018
-2.767	3.253e-018
-2.766	3.35321e-018
-2.765	3.45477e-018
-2.764	3.55891e-018
-2.763	3.66712e-018
-2.762	3.78133e-018
-2.761	3.90405e-018
-2.76	4.03843e-018
-2.759	4.18825e-018
-2.758	4.35827e-018
-2.757	4.5541e-018
-2.756	4.7825e-018
-2.755	5.05157e-018
-2.754	5.37089e-018
-2.753	5.75159e-018
-2.752	6.20681e-018
-2.751	6.75177e-018
-2.75	7.40419e-018
-2.749	8.1844e-018
-2.748	9.11583e-018
-2.747	1.02254e-017
-2.746	1.15436e-017
-2.745	1.31056e-017
-2.744	1.49507e-017
-2.743	1.71238e-017
-2.742	1.96755e-017
-2.741	2.26627e-017
-2.74	2.61492e-017
-2.739	3.02068e-017
-2.738	3.49151e-017
-2.737	4.03636e-017
-2.736	4.66514e-017
-2.735	5.38884e-017
-2.734	6.21975e-017
-2.733	7.17117e-017
-2.732	8.25817e-017
-2.731	9.49696e-017
-2.73	1.09057e-016
-2.729	1.25038e-016
-2.728	1.43133e-016
-2.727	1.63572e-016
-2.726	1.86618e-016
-2.725	2.12544e-016
-2.724	2.41658e-016
-2.723	2.74286e-016
-2.722	3.10785e-016
-2.721	3.51534e-016
-2.72	3.96952e-016
-2.719	4.47476e-016
-2.718	5.03587e-016
-2.717	5.65786e-016
-2.716	6.34625e-016
-2.715	7.10672e-016
-2.714	7.92873e-016
-2.713	8.79613e-016
-2.712	9.70808e-016
-2.711	1.06636e-015
-2.71	1.16617e-015
-2.709	1.27009e-015
-2.708	1.37801e-015
-2.707	1.48975e-015
-2.706	1.60517e-015
-2.705	1.72407e-015
-2.704	1.84626e-015
-2.703	1.97153e-015
-2.702	2.09966e-015
-2.701	2.23041e-015
-2.7	2.36352e-015
-2.699	2.49873e-015
-2.698	2.63575e-015
-2.697	2.7743e-015
-2.696	2.91407e-015
-2.695	3.05473e-015
-2.694	3.19595e-015
-2.693	3.33739e-015
-2.692	3.4787e-015
-2.691	3.61951e-015
-2.69	3.75944e-015
-2.689	3.89811e-015
-2.688	4.03514e-015
-2.687	4.17012e-015
-2.686	4.30266e-015
-2.685	4.43234e-015
-2.684	4.55877e-015
-2.683	4.68154e-015
-2.682	4.80023e-015
-2.681	4.91445e-015
-2.68	5.02379e-015
-2.679	5.12785e-015
-2.678	5.22627e-015
-2.677	5.31865e-015
-2.676	5.40463e-015
-2.675	5.48388e-015
-2.674	5.55605e-015
-2.673	5.62084e-015
-2.672	5.67795e-015
-2.671	5.72715e-015
-2.67	5.76817e-015
-2.669	5.80083e-015
-2.668	5.82495e-015
-2.667	5.84038e-015
-2.666	5.84704e-015
-2.665	5.8449e-015
-2.664	5.83394e-015
-2.663	5.81419e-015
-2.662	5.78577e-015
-2.661	5.74881e-015
-2.66	5.70352e-015
-2.659	5.65017e-015
-2.658	5.58911e-015
-2.657	5.52074e-015
-2.656	5.4455e-015
-2.655	5.36398e-015
-2.654	5.27677e-015
-2.653	5.18458e-015
-2.652	5.08817e-015
-2.651	4.98841e-015
-2.65	4.88626e-015
-2.649	4.78274e-015
-2.648	4.67897e-015
-2.647	4.57616e-015
-2.646	4.47563e-015
-2.645	4.37873e-015
-2.644	4.28697e-015
-2.643	4.20191e-015
-2.642	4.12522e-015
-2.641	4.05866e-015
-2.64	4.00408e-015
-2.639	3.96341e-015
-2.638	3.93866e-015
-2.637	3.93194e-015
-2.636	3.94544e-015
-2.635	3.98143e-015
-2.634	4.04223e-015
-2.633	4.13026e-015
-2.632	4.24798e-015
-2.631	4.39792e-015
-2.63	4.58267e-015
-2.629	4.80484e-015
-2.628	5.06711e-015
-2.627	5.37218e-015
-2.626	5.72276e-015
-2.625	6.12159e-015
-2.624	6.57142e-015
-2.623	7.07495e-015
-2.622	7.63494e-015
-2.621	8.25405e-015
-2.62	8.93494e-015
-2.619	9.68022e-015
-2.618	1.04924e-014
-2.617	1.1374e-014
-2.616	1.23273e-014
-2.615	1.33547e-014
-2.614	1.44582e-014
-2.613	1.56399e-014
-2.612	1.69016e-014
-2.611	1.82451e-014
-2.61	1.96719e-014
-2.609	2.11834e-014
-2.608	2.27806e-014
-2.607	2.44645e-014
-2.606	2.62357e-014
-2.605	2.80947e-014
-2.604	3.00417e-014
-2.603	3.20765e-014
-2.602	3.41986e-014
-2.601	3.64076e-014
-2.6	3.87021e-014
-2.599	4.10809e-014
-2.598	4.35423e-014
-2.597	4.60842e-014
-2.596	4.87042e-014
-2.595	5.13996e-014
-2.594	5.4167e-014
-2.593	5.70032e-014
-2.592	5.9904e-014
-2.591	6.28652e-014
-2.59	6.58822e-014
-2.589	6.89498e-014
-2.588	7.20625e-014
-2.587	7.52146e-014
-2.586	7.83999e-014
-2.585	8.16117e-014
-2.584	8.48434e-014
-2.583	8.80874e-014
-2.582	9.13364e-014
-2.581	9.45825e-014
-2.58	9.78175e-014
-2.579	1.01033e-013
-2.578	1.04221e-013
-2.577	1.07372e-013
-2.576	1.10476e-013
-2.575	1.13526e-013
-2.574	1.16512e-013
-2.573	1.19425e-013
-2.572	1.22255e-013
-2.571	1.24993e-013
-2.57	1.2763e-013
-2.569	1.30157e-013
-2.568	1.32565e-013
-2.567	1.34845e-013
-2.566	1.3699e-013
-2.565	1.38991e-013
-2.564	1.4084e-013
-2.563	1.42532e-013
-2.562	1.44059e-013
-2.561	1.45415e-013
-2.56	1.46595e-013
-2.559	1.47595e-013
-2.558	1.48411e-013
-2.557	1.4904e-013
-2.556	1.49481e-013
-2.555	1.49733e-013
-2.554	1.49796e-013
-2.553	1.49672e-013
-2.552	1.49364e-013
-2.551	1.48875e-013
-2.55	1.48213e-013
-2.549	1.47382e-013
-2.548	1.46393e-013
-2.547	1.45254e-013
-2.546	1.43979e-013
-2.545	1.4258e-013
-2.544	1.41072e-013
-2.543	1.39473e-013
-2.542	1.378e-013
-2.541	1.36077e-013
-2.54	1.34323e-013
-2.539	1.32565e-013
-2.538	1.30827e-013
-2.537	1.2914e-013
-2.536	1.27533e-013
-2.535	1.26039e-013
-2.534	1.24691e-013
-2.533	1.23526e-013
-2.532	1.22581e-013
-2.531	1.21898e-013
-2.53	1.21517e-013
-2.529	1.21482e-013
-2.528	1.21838e-013
-2.527	1.22631e-013
-2.526	1.2391e-013
-2.525	1.25725e-013
-2.524	1.28126e-013
-2.523	1.31165e-013
-2.522	1.34896e-013
-2.521	1.39372e-013
-2.52	1.44648e-013
-2.519	1.50779e-013
-2.518	1.57822e-013
-2.517	1.65831e-013
-2.516	1.74863e-013
-2.515	1.84973e-013
-2.514	1.96216e-013
-2.513	2.08647e-013
-2.512	2.22319e-013
-2.511	2.37285e-013
-2.51	2.53596e-013
-2.509	2.71302e-013
-2.508	2.90449e-013
-2.507	3.11083e-013
-2.506	3.33247e-013
-2.505	3.56979e-013
-2.504	3.82318e-013
-2.503	4.09298e-013
-2.502	4.37947e-013
-2.501	4.68291e-013
-2.5	5.00354e-013
-2.499	5.34152e-013
-2.498	5.69697e-013
-2.497	6.06998e-013
-2.496	6.46055e-013
-2.495	6.86869e-013
-2.494	7.29427e-013
-2.493	7.73714e-013
-2.492	8.1971e-013
-2.491	8.67387e-013
-2.49	9.16713e-013
-2.489	9.67645e-013
-2.488	1.02014e-012
-2.487	1.07413e-012
-2.486	1.12957e-012
-2.485	1.18638e-012
-2.484	1.24449e-012
-2.483	1.30381e-012
-2.482	1.36425e-012
-2.481	1.42573e-012
-2.48	1.48812e-012
-2.479	1.55132e-012
-2.478	1.61522e-012
-2.477	1.67968e-012
-2.476	1.74458e-012
-2.475	1.80978e-012
-2.474	1.87515e-012
-2.473	1.94052e-012
-2.472	2.00575e-012
-2.471	2.07068e-012
-2.47	2.13515e-012
-2.469	2.199e-012
-2.468	2.26207e-012
-2.467	2.32417e-012
-2.466	2.38515e-012
-2.465	2.44483e-012
-2.464	2.50304e-012
-2.463	2.55962e-012
-2.462	2.61439e-012
-2.461	2.6672e-012
-2.46	2.71786e-012
-2.459	2.76624e-012
-2.458	2.81219e-012
-2.457	2.85554e-012
-2.456	2.89617e-012
-2.455	2.93394e-012
-2.454	2.96875e-012
-2.453	3.00048e-012
-2.452	3.02904e-012
-2.451	3.05434e-012
-2.45	3.07631e-012
-2.449	3.09491e-012
-2.448	3.11009e-012
-2.447	3.12183e-012
-2.446	3.13014e-012
-2.445	3.13504e-012
-2.444	3.13657e-012
-2.443	3.13478e-012
-2.442	3.12978e-012
-2.441	3.12166e-012
-2.44	3.11056e-012
-2.439	3.09666e-012
-2.438	3.08013e-012
-2.437	3.06117e-012
-2.436	3.04006e-012
-2.435	3.01704e-012
-2.434	2.99243e-012
-2.433	2.96657e-012
-2.432	2.93979e-012
-2.431	2.9125e-012
-2.43	2.88512e-012
-2.429	2.85809e-012
-2.428	2.83191e-012
-2.427	2.80708e-012
-2.426	2.78415e-012
-2.425	2.76368e-012
-2.424	2.74627e-012
-2.423	2.73254e-012
-2.422	2.72314e-012
-2.421	2.71877e-012
-2.42	2.72011e-012
-2.419	2.72789e-012
-2.418	2.74284e-012
-2.417	2.76574e-012
-2.416	2.79737e-012
-2.415	2.83852e-012
-2.414	2.89e-012
-2.413	2.95264e-012
-2.412	3.02726e-012
-2.411	3.11469e-012
-2.41	3.21577e-012
-2.409	3.33135e-012
-2.408	3.46224e-012
-2.407	3.60927e-012
-2.406	3.77327e-012
-2.405	3.95504e-012
-2.404	4.15536e-012
-2.403	4.37499e-012
-2.402	4.61469e-012
-2.401	4.87516e-012
-2.4	5.15709e-012
-2.399	5.46111e-012
-2.398	5.78785e-012
-2.397	6.13784e-012
-2.396	6.51162e-012
-2.395	6.90963e-012
-2.394	7.3323e-012
-2.393	7.77994e-012
-2.392	8.25288e-012
-2.391	8.75132e-012
-2.39	9.27539e-012
-2.389	9.82517e-012
-2.388	1.04007e-011
-2.387	1.10018e-011
-2.386	1.16284e-011
-2.385	1.22801e-011
-2.384	1.29567e-011
-2.383	1.36578e-011
-2.382	1.43827e-011
-2.381	1.5131e-011
-2.38	1.59017e-011
-2.379	1.66943e-011
-2.378	1.75076e-011
-2.377	1.83408e-011
-2.376	1.91928e-011
-2.375	2.00622e-011
-2.374	2.09478e-011
-2.373	2.18483e-011
-2.372	2.27622e-011
-2.371	2.36878e-011
-2.37	2.46236e-011
-2.369	2.55677e-011
-2.368	2.65183e-011
-2.367	2.74736e-011
-2.366	2.84316e-011
-2.365	2.93903e-011
-2.364	3.03475e-011
-2.363	3.13011e-011
-2.362	3.2249e-011
-2.361	3.31888e-011
-2.36	3.41184e-011
-2.359	3.50355e-011
-2.358	3.59378e-011
-2.357	3.6823e-011
-2.356	3.76888e-011
-2.355	3.8533e-011
-2.354	3.93533e-011
-2.353	4.01476e-011
-2.352	4.09138e-011
-2.351	4.16497e-011
-2.35	4.23534e-011
-2.349	4.3023e-011
-2.348	4.36568e-011
-2.347	4.4253e-011
-2.346	4.481e-011
-2.345	4.53265e-011
-2.344	4.58013e-011
-2.343	4.62332e-011
-2.342	4.66214e-011
-2.341	4.69652e-011
-2.34	4.72641e-011
-2.339	4.75178e-011
-2.338	4.77264e-011
-2.337	4.789e-011
-2.336	4.80092e-011
-2.335	4.80847e-011
-2.334	4.81176e-011
-2.333	4.81091e-011
-2.332	4.80609e-011
-2.331	4.79749e-011
-2.33	4.78533e-011
-2.329	4.76989e-011
-2.328	4.75145e-011
-2.327	4.73033e-011
-2.326	4.7069e-011
-2.325	4.68153e-011
-2.324	4.65466e-011
-2.323	4.62675e-011
-2.322	4.5983e-011
-2.321	4.56984e-011
-2.32	4.54192e-011
-2.319	4.51515e-011
-2.318	4.49014e-011
-2.317	4.46758e-011
-2.316	4.44813e-011
-2.315	4.43252e-011
-2.314	4.42149e-011
-2.313	4.4158e-011
-2.312	4.41628e-011
-2.311	4.42374e-011
-2.31	4.43901e-011
-2.309	4.46297e-011
-2.308	4.49647e-011
-2.307	4.54041e-011
-2.306	4.5957e-011
-2.305	4.66324e-011
-2.304	4.74394e-011
-2.303	4.83874e-011
-2.302	4.94854e-011
-2.301	5.07424e-011
-2.3	5.21677e-011
-2.299	5.37701e-011
-2.298	5.55584e-011
-2.297	5.75412e-011
-2.296	5.9727e-011
-2.295	6.21236e-011
-2.294	6.4739e-011
-2.293	6.75808e-011
-2.292	7.06558e-011
-2.291	7.39708e-011
-2.29	7.7532e-011
-2.289	8.1345e-011
-2.288	8.5415e-011
-2.287	8.97465e-011
-2.286	9.43435e-011
-2.285	9.92092e-011
-2.284	1.04346e-010
-2.283	1.09757e-010
-2.282	1.15441e-010
-2.281	1.214e-010
-2.28	1.27633e-010
-2.279	1.34138e-010
-2.278	1.40914e-010
-2.277	1.47957e-010
-2.276	1.55263e-010
-2.275	1.62827e-010
-2.274	1.70642e-010
-2.273	1.78703e-010
-2.272	1.87002e-010
-2.271	1.95528e-010
-2.27	2.04273e-010
-2.269	2.13226e-010
-2.268	2.22374e-010
-2.267	2.31706e-010
-2.266	2.41207e-010
-2.265	2.50862e-010
-2.264	2.60658e-010
-2.263	2.70576e-010
-2.262	2.80601e-010
-2.261	2.90713e-010
-2.26	3.00895e-010
-2.259	3.11128e-010
-2.258	3.21391e-010
-2.257	3.31664e-010
-2.256	3.41925e-010
-2.255	3.52155e-010
-2.254	3.6233e-010
-2.253	3.72429e-010
-2.252	3.82429e-010
-2.251	3.92309e-010
-2.25	4.02044e-010
-2.249	4.11615e-010
-2.248	4.20998e-010
-2.247	4.30172e-010
-2.246	4.39114e-010
-2.245	4.47805e-010
-2.244	4.56223e-010
-2.243	4.6435e-010
-2.242	4.72166e-010
-2.241	4.79652e-010
-2.24	4.86794e-010
-2.239	4.93573e-010
-2.238	4.99977e-010
-2.237	5.05993e-010
-2.236	5.11609e-010
-2.235	5.16815e-010
-2.234	5.21602e-010
-2.233	5.25965e-010
-2.232	5.299e-010
-2.231	5.33403e-010
-2.23	5.36476e-010
-2.229	5.3912e-010
-2.228	5.4134e-010
-2.227	5.43143e-010
-2.226	5.44538e-010
-2.225	5.4554e-010
-2.224	5.4616e-010
-2.223	5.46418e-010
-2.222	5.46332e-010
-2.221	5.45928e-010
-2.22	5.45231e-010
-2.219	5.44268e-010
-2.218	5.43074e-010
-2.217	5.41679e-010
-2.216	5.40125e-010
-2.215	5.38449e-010
-2.214	5.36696e-010
-2.213	5.34912e-010
-2.212	5.33146e-010
-2.211	5.31447e-010
-2.21	5.29871e-010
-2.209	5.28474e-010
-2.208	5.27314e-010
-2.207	5.26452e-010
-2.206	5.25952e-010
-2.205	5.25879e-010
-2.204	5.26299e-010
-2.203	5.27281e-010
-2.202	5.28895e-010
-2.201	5.31212e-010
-2.2	5.34304e-010
-2.199	5.38245e-010
-2.198	5.43107e-010
-2.197	5.48966e-010
-2.196	5.55895e-010
-2.195	5.6397e-010
-2.194	5.73263e-010
-2.193	5.83848e-010
-2.192	5.95796e-010
-2.191	6.09179e-010
-2.19	6.24064e-010
-2.189	6.4052e-010
-2.188	6.58613e-010
-2.187	6.78404e-010
-2.186	6.99955e-010
-2.185	7.2332e-010
-2.184	7.48556e-010
-2.183	7.75709e-010
-2.182	8.04829e-010
-2.181	8.35954e-010
-2.18	8.69124e-010
-2.179	9.0437e-010
-2.178	9.41718e-010
-2.177	9.8119e-010
-2.176	1.0228e-009
-2.175	1.06657e-009
-2.174	1.11249e-009
-2.173	1.16056e-009
-2.172	1.21078e-009
-2.171	1.26313e-009
-2.17	1.31759e-009
-2.169	1.37412e-009
-2.168	1.4327e-009
-2.167	1.49328e-009
-2.166	1.5558e-009
-2.165	1.62022e-009
-2.164	1.68647e-009
-2.163	1.75448e-009
-2.162	1.82416e-009
-2.161	1.89543e-009
-2.16	1.96821e-009
-2.159	2.04238e-009
-2.158	2.11786e-009
-2.157	2.19451e-009
-2.156	2.27222e-009
-2.155	2.35088e-009
-2.154	2.43035e-009
-2.153	2.51049e-009
-2.152	2.59117e-009
-2.151	2.67224e-009
-2.15	2.75355e-009
-2.149	2.83496e-009
-2.148	2.9163e-009
-2.147	2.99742e-009
-2.146	3.07817e-009
-2.145	3.15837e-009
-2.144	3.23788e-009
-2.143	3.31652e-009
-2.142	3.39415e-009
-2.141	3.47059e-009
-2.14	3.54569e-009
-2.139	3.6193e-009
-2.138	3.69127e-009
-2.137	3.76144e-009
-2.136	3.82968e-009
-2.135	3.89584e-009
-2.134	3.95981e-009
-2.133	4.02145e-009
-2.132	4.08065e-009
-2.131	4.1373e-009
-2.13	4.19131e-009
-2.129	4.24259e-009
-2.128	4.29106e-009
-2.127	4.33665e-009
-2.126	4.37933e-009
-2.125	4.41903e-009
-2.124	4.45575e-009
-2.123	4.48945e-009
-2.122	4.52017e-009
-2.121	4.5479e-009
-2.12	4.57269e-009
-2.119	4.59458e-009
-2.118	4.61364e-009
-2.117	4.62995e-009
-2.116	4.64363e-009
-2.115	4.65478e-009
-2.114	4.66355e-009
-2.113	4.67009e-009
-2.112	4.67457e-009
-2.111	4.67719e-009
-2.11	4.67815e-009
-2.109	4.67769e-009
-2.108	4.67604e-009
-2.107	4.67347e-009
-2.106	4.67027e-009
-2.105	4.66672e-009
-2.104	4.66314e-009
-2.103	4.65987e-009
-2.102	4.65724e-009
-2.101	4.65561e-009
-2.1	4.65535e-009
-2.099	4.65684e-009
-2.098	4.6605e-009
-2.097	4.66671e-009
-2.096	4.67589e-009
-2.095	4.68848e-009
-2.094	4.7049e-009
-2.093	4.72559e-009
-2.092	4.75099e-009
-2.091	4.78155e-009
-2.09	4.81772e-009
-2.089	4.85994e-009
-2.088	4.90865e-009
-2.087	4.96431e-009
-2.086	5.02736e-009
-2.085	5.09821e-009
-2.084	5.1773e-009
-2.083	5.26505e-009
-2.082	5.36186e-009
-2.081	5.46811e-009
-2.08	5.58418e-009
-2.079	5.71043e-009
-2.078	5.84721e-009
-2.077	5.99482e-009
-2.076	6.15357e-009
-2.075	6.32374e-009
-2.074	6.50557e-009
-2.073	6.69929e-009
-2.072	6.90509e-009
-2.071	7.12315e-009
-2.07	7.35358e-009
-2.069	7.59651e-009
-2.068	7.85197e-009
-2.067	8.12005e-009
-2.066	8.4007e-009
-2.065	8.69391e-009
-2.064	8.99959e-009
-2.063	9.31763e-009
-2.062	9.64787e-009
-2.061	9.99015e-009
-2.06	1.03442e-008
-2.059	1.07098e-008
-2.058	1.10866e-008
-2.057	1.14742e-008
-2.056	1.18723e-008
-2.055	1.22805e-008
-2.054	1.26982e-008
-2.053	1.31251e-008
-2.052	1.35604e-008
-2.051	1.40037e-008
-2.05	1.44544e-008
-2.049	1.49118e-008
-2.048	1.53752e-008
-2.047	1.5844e-008
-2.046	1.63174e-008
-2.045	1.67946e-008
-2.044	1.72749e-008
-2.043	1.77575e-008
-2.042	1.82416e-008
-2.041	1.87263e-008
-2.04	1.92108e-008
-2.039	1.96943e-008
-2.038	2.01758e-008
-2.037	2.06545e-008
-2.036	2.11296e-008
-2.035	2.16001e-008
-2.034	2.20653e-008
-2.033	2.25243e-008
-2.032	2.29763e-008
-2.031	2.34205e-008
-2.03	2.3856e-008
-2.029	2.42821e-008
-2.028	2.4698e-008
-2.027	2.51032e-008
-2.026	2.54968e-008
-2.025	2.58783e-008
-2.024	2.62471e-008
-2.023	2.66027e-008
-2.022	2.69446e-008
-2.021	2.72723e-008
-2.02	2.75855e-008
-2.019	2.78838e-008
-2.018	2.81671e-008
-2.017	2.84352e-008
-2.016	2.86878e-008
-2.015	2.89251e-008
-2.014	2.9147e-008
-2.013	2.93537e-008
-2.012	2.95453e-008
-2.011	2.97223e-008
-2.01	2.98848e-008
-2.009	3.00333e-008
-2.008	3.01684e-008
-2.007	3.02908e-008
-2.006	3.0401e-008
-2.005	3.04999e-008
-2.004	3.05884e-008
-2.003	3.06674e-008
-2.002	3.07379e-008
-2.001	3.08011e-008
-2	3.08582e-008
-1.999	3.09104e-008
-1.998	3.09593e-008
-1.997	3.10061e-008
-1.996	3.10523e-008
-1.995	3.10996e-008
-1.994	3.11497e-008
-1.993	3.12042e-008
-1.992	3.12648e-008
-1.991	3.13334e-008
-1.99	3.14119e-008
-1.989	3.15021e-008
-1.988	3.1606e-008
-1.987	3.17256e-008
-1.986	3.18628e-008
-1.985	3.20197e-008
-1.984	3.21983e-008
-1.983	3.24007e-008
-1.982	3.26288e-008
-1.981	3.28848e-008
-1.98	3.31705e-008
-1.979	3.3488e-008
-1.978	3.38394e-008
-1.977	3.42263e-008
-1.976	3.46508e-008
-1.975	3.51146e-008
-1.974	3.56196e-008
-1.973	3.61673e-008
-1.972	3.67595e-008
-1.971	3.73977e-008
-1.97	3.80832e-008
-1.969	3.88176e-008
-1.968	3.96019e-008
-1.967	4.04373e-008
-1.966	4.1325e-008
-1.965	4.22656e-008
-1.964	4.326e-008
-1.963	4.43089e-008
-1.962	4.54127e-008
-1.961	4.65719e-008
-1.96	4.77864e-008
-1.959	4.90564e-008
-1.958	5.03819e-008
-1.957	5.17626e-008
-1.956	5.3198e-008
-1.955	5.46875e-008
-1.954	5.62303e-008
-1.953	5.78256e-008
-1.952	5.94722e-008
-1.951	6.11689e-008
-1.95	6.29143e-008
-1.949	6.47068e-008
-1.948	6.65447e-008
-1.947	6.8426e-008
-1.946	7.03487e-008
-1.945	7.23106e-008
-1.944	7.43095e-008
-1.943	7.63429e-008
-1.942	7.84079e-008
-1.941	8.0502e-008
-1.94	8.26224e-008
-1.939	8.47659e-008
-1.938	8.69296e-008
-1.937	8.91104e-008
-1.936	9.1305e-008
-1.935	9.35102e-008
-1.934	9.57225e-008
-1.933	9.79384e-008
-1.932	1.00155e-007
-1.931	1.02368e-007
-1.93	1.04574e-007
-1.929	1.0677e-007
-1.928	1.08953e-007
-1.927	1.11119e-007
-1.926	1.13264e-007
-1.925	1.15385e-007
-1.924	1.17479e-007
-1.923	1.19543e-007
-1.922	1.21574e-007
-1.921	1.23569e-007
-1.92	1.25524e-007
-1.919	1.27438e-007
-1.918	1.29307e-007
-1.917	1.3113e-007
-1.916	1.32904e-007
-1.915	1.34627e-007
-1.914	1.36297e-007
-1.913	1.37913e-007
-1.912	1.39473e-007
-1.911	1.40977e-007
-1.91	1.42423e-007
-1.909	1.43811e-007
-1.908	1.45141e-007
-1.907	1.46412e-007
-1.906	1.47626e-007
-1.905	1.48781e-007
-1.904	1.49881e-007
-1.903	1.50924e-007
-1.902	1.51914e-007
-1.901	1.52851e-007
-1.9	1.53738e-007
-1.899	1.54577e-007
-1.898	1.55371e-007
-1.897	1.56123e-007
-1.896	1.56836e-007
-1.895	1.57514e-007
-1.894	1.5816e-007
-1.893	1.5878e-007
-1.892	1.59377e-007
-1.891	1.59957e-007
-1.89	1.60523e-007
-1.889	1.61083e-007
-1.888	1.6164e-007
-1.887	1.62201e-007
-1.886	1.62772e-007
-1.885	1.63358e-007
-1.884	1.63967e-007
-1.883	1.64605e-007
-1.882	1.65278e-007
-1.881	1.65994e-007
-1.88	1.66758e-007
-1.879	1.67578e-007
-1.878	1.68461e-007
-1.877	1.69414e-007
-1.876	1.70444e-007
-1.875	1.71558e-007
-1.874	1.72763e-007
-1.873	1.74067e-007
-1.872	1.75475e-007
-1.871	1.76995e-007
-1.87	1.78633e-007
-1.869	1.80396e-007
-1.868	1.82289e-007
-1.867	1.8432e-007
-1.866	1.86495e-007
-1.865	1.88817e-007
-1.864	1.91294e-007
-1.863	1.93929e-007
-1.862	1.96728e-007
-1.861	1.99695e-007
-1.86	2.02833e-007
-1.859	2.06148e-007
-1.858	2.0964e-007
-1.857	2.13314e-007
-1.856	2.17172e-007
-1.855	2.21215e-007
-1.854	2.25446e-007
-1.853	2.29863e-007
-1.852	2.34469e-007
-1.851	2.39263e-007
-1.85	2.44245e-007
-1.849	2.49412e-007
-1.848	2.54764e-007
-1.847	2.60299e-007
-1.846	2.66013e-007
-1.845	2.71903e-007
-1.844	2.77966e-007
-1.843	2.84197e-007
-1.842	2.90592e-007
-1.841	2.97144e-007
-1.84	3.03849e-007
-1.839	3.107e-007
-1.838	3.17691e-007
-1.837	3.24813e-007
-1.836	3.32059e-007
-1.835	3.39422e-007
-1.834	3.46893e-007
-1.833	3.54463e-007
-1.832	3.62123e-007
-1.831	3.69864e-007
-1.83	3.77676e-007
-1.829	3.85548e-007
-1.828	3.93471e-007
-1.827	4.01436e-007
-1.826	4.09429e-007
-1.825	4.17442e-007
-1.824	4.25464e-007
-1.823	4.33484e-007
-1.822	4.41492e-007
-1.821	4.49476e-007
-1.82	4.57426e-007
-1.819	4.65332e-007
-1.818	4.73184e-007
-1.817	4.80971e-007
-1.816	4.88684e-007
-1.815	4.96314e-007
-1.814	5.03849e-007
-1.813	5.11285e-007
-1.812	5.18609e-007
-1.811	5.25817e-007
-1.81	5.32899e-007
-1.809	5.39849e-007
-1.808	5.46661e-007
-1.807	5.53329e-007
-1.806	5.59848e-007
-1.805	5.66214e-007
-1.804	5.72423e-007
-1.803	5.78472e-007
-1.802	5.84358e-007
-1.801	5.90082e-007
-1.8	5.95642e-007
-1.799	6.01038e-007
-1.798	6.06271e-007
-1.797	6.11343e-007
-1.796	6.16257e-007
-1.795	6.21016e-007
-1.794	6.25626e-007
-1.793	6.30092e-007
-1.792	6.34419e-007
-1.791	6.38615e-007
-1.79	6.42687e-007
-1.789	6.46646e-007
-1.788	6.50499e-007
-1.787	6.54257e-007
-1.786	6.57933e-007
-1.785	6.61539e-007
-1.784	6.65085e-007
-1.783	6.68587e-007
-1.782	6.72059e-007
-1.781	6.75513e-007
-1.78	6.78969e-007
-1.779	6.8244e-007
-1.778	6.85944e-007
-1.777	6.89498e-007
-1.776	6.93119e-007
-1.775	6.96823e-007
-1.774	7.00632e-007
-1.773	7.04561e-007
-1.772	7.08631e-007
-1.771	7.12859e-007
-1.77	7.17265e-007
-1.769	7.21868e-007
-1.768	7.26686e-007
-1.767	7.31739e-007
-1.766	7.37046e-007
-1.765	7.42624e-007
-1.764	7.48492e-007
-1.763	7.54668e-007
-1.762	7.61169e-007
-1.761	7.68012e-007
-1.76	7.75214e-007
-1.759	7.82791e-007
-1.758	7.90756e-007
-1.757	7.99126e-007
-1.756	8.07913e-007
-1.755	8.17131e-007
-1.754	8.26791e-007
-1.753	8.36904e-007
-1.752	8.4748e-007
-1.751	8.58529e-007
-1.75	8.70057e-007
-1.749	8.82072e-007
-1.748	8.9458e-007
-1.747	9.07585e-007
-1.746	9.21089e-007
-1.745	9.35096e-007
-1.744	9.49606e-007
-1.743	9.64616e-007
-1.742	9.80126e-007
-1.741	9.96134e-007
-1.74	1.01263e-006
-1.739	1.02962e-006
-1.738	1.04708e-006
-1.737	1.06502e-006
-1.736	1.08342e-006
-1.735	1.10226e-006
-1.734	1.12155e-006
-1.733	1.14126e-006
-1.732	1.16137e-006
-1.731	1.18189e-006
-1.73	1.20278e-006
-1.729	1.22403e-006
-1.728	1.24562e-006
-1.727	1.26753e-006
-1.726	1.28974e-006
-1.725	1.31223e-006
-1.724	1.33498e-006
-1.723	1.35796e-006
-1.722	1.38115e-006
-1.721	1.40452e-006
-1.72	1.42806e-006
-1.719	1.45174e-006
-1.718	1.47552e-006
-1.717	1.4994e-006
-1.716	1.52334e-006
-1.715	1.54731e-006
-1.714	1.57129e-006
-1.713	1.59527e-006
-1.712	1.6192e-006
-1.711	1.64307e-006
-1.71	1.66685e-006
-1.709	1.69053e-006
-1.708	1.71407e-006
-1.707	1.73746e-006
-1.706	1.76067e-006
-1.705	1.78369e-006
-1.704	1.80649e-006
-1.703	1.82907e-006
-1.702	1.85139e-006
-1.701	1.87345e-006
-1.7	1.89523e-006
-1.699	1.91673e-006
-1.698	1.93792e-006
-1.697	1.9588e-006
-1.696	1.97937e-006
-1.695	1.99961e-006
-1.694	2.01952e-006
-1.693	2.03909e-006
-1.692	2.05834e-006
-1.691	2.07725e-006
-1.69	2.09584e-006
-1.689	2.1141e-006
-1.688	2.13204e-006
-1.687	2.14967e-006
-1.686	2.16701e-006
-1.685	2.18406e-006
-1.684	2.20084e-006
-1.683	2.21736e-006
-1.682	2.23365e-006
-1.681	2.24972e-006
-1.68	2.26559e-006
-1.679	2.28128e-006
-1.678	2.29683e-006
-1.677	2.31226e-006
-1.676	2.3276e-006
-1.675	2.34287e-006
-1.674	2.35811e-006
-1.673	2.37335e-006
-1.672	2.38863e-006
-1.671	2.40397e-006
-1.67	2.41941e-006
-1.669	2.435e-006
-1.668	2.45077e-006
-1.667	2.46676e-006
-1.666	2.483e-006
-1.665	2.49954e-006
-1.664	2.51641e-006
-1.663	2.53367e-006
-1.662	2.55133e-006
-1.661	2.56946e-006
-1.66	2.58808e-006
-1.659	2.60723e-006
-1.658	2.62697e-006
-1.657	2.64731e-006
-1.656	2.66831e-006
-1.655	2.69e-006
-1.654	2.71242e-006
-1.653	2.7356e-006
-1.652	2.75957e-006
-1.651	2.78437e-006
-1.65	2.81004e-006
-1.649	2.8366e-006
-1.648	2.86408e-006
-1.647	2.8925e-006
-1.646	2.92189e-006
-1.645	2.95227e-006
-1.644	2.98367e-006
-1.643	3.0161e-006
-1.642	3.04958e-006
-1.641	3.08412e-006
-1.64	3.11974e-006
-1.639	3.15644e-006
-1.638	3.19423e-006
-1.637	3.23312e-006
-1.636	3.27311e-006
-1.635	3.31419e-006
-1.634	3.35637e-006
-1.633	3.39964e-006
-1.632	3.44398e-006
-1.631	3.4894e-006
-1.63	3.53587e-006
-1.629	3.58339e-006
-1.628	3.63193e-006
-1.627	3.68146e-006
-1.626	3.73198e-006
-1.625	3.78345e-006
-1.624	3.83585e-006
-1.623	3.88914e-006
-1.622	3.9433e-006
-1.621	3.9983e-006
-1.62	4.05409e-006
-1.619	4.11064e-006
-1.618	4.16792e-006
-1.617	4.22587e-006
-1.616	4.28446e-006
-1.615	4.34366e-006
-1.614	4.40341e-006
-1.613	4.46367e-006
-1.612	4.52439e-006
-1.611	4.58553e-006
-1.61	4.64705e-006
-1.609	4.70889e-006
-1.608	4.77102e-006
-1.607	4.83338e-006
-1.606	4.89593e-006
-1.605	4.95862e-006
-1.604	5.02141e-006
-1.603	5.08425e-006
-1.602	5.14711e-006
-1.601	5.20993e-006
-1.6	5.27268e-006
-1.599	5.33532e-006
-1.598	5.39782e-006
-1.597	5.46013e-006
-1.596	5.52221e-006
-1.595	5.58405e-006
-1.594	5.64562e-006
-1.593	5.70686e-006
-1.592	5.76778e-006
-1.591	5.82835e-006
-1.59	5.88853e-006
-1.589	5.94835e-006
-1.588	6.00774e-006
-1.587	6.06673e-006
-1.586	6.1253e-006
-1.585	6.18344e-006
-1.584	6.24114e-006
-1.583	6.29843e-006
-1.582	6.35529e-006
-1.581	6.41175e-006
-1.58	6.4678e-006
-1.579	6.52347e-006
-1.578	6.57878e-006
-1.577	6.63373e-006
-1.576	6.68838e-006
-1.575	6.74273e-006
-1.574	6.79683e-006
-1.573	6.8507e-006
-1.572	6.90438e-006
-1.571	6.95792e-006
-1.57	7.01136e-006
-1.569	7.06475e-006
-1.568	7.11813e-006
-1.567	7.17156e-006
-1.566	7.22508e-006
-1.565	7.27878e-006
-1.564	7.33266e-006
-1.563	7.38684e-006
-1.562	7.44135e-006
-1.561	7.49624e-006
-1.56	7.55162e-006
-1.559	7.60752e-006
-1.558	7.66402e-006
-1.557	7.72119e-006
-1.556	7.77908e-006
-1.555	7.83778e-006
-1.554	7.89735e-006
-1.553	7.95785e-006
-1.552	8.01938e-006
-1.551	8.08198e-006
-1.55	8.14571e-006
-1.549	8.21066e-006
-1.548	8.2769e-006
-1.547	8.34445e-006
-1.546	8.41342e-006
-1.545	8.48385e-006
-1.544	8.55581e-006
-1.543	8.62935e-006
-1.542	8.7045e-006
-1.541	8.78137e-006
-1.54	8.85997e-006
-1.539	8.94034e-006
-1.538	9.02253e-006
-1.537	9.10661e-006
-1.536	9.19258e-006
-1.535	9.28049e-006
-1.534	9.37038e-006
-1.533	9.46227e-006
-1.532	9.55618e-006
-1.531	9.65211e-006
-1.53	9.75011e-006
-1.529	9.85018e-006
-1.528	9.95231e-006
-1.527	1.00565e-005
-1.526	1.01628e-005
-1.525	1.02712e-005
-1.524	1.03817e-005
-1.523	1.04942e-005
-1.522	1.06088e-005
-1.521	1.07254e-005
-1.52	1.0844e-005
-1.519	1.09645e-005
-1.518	1.1087e-005
-1.517	1.12115e-005
-1.516	1.13378e-005
-1.515	1.14659e-005
-1.514	1.15958e-005
-1.513	1.17275e-005
-1.512	1.18609e-005
-1.511	1.19959e-005
-1.51	1.21325e-005
-1.509	1.22707e-005
-1.508	1.24103e-005
-1.507	1.25514e-005
-1.506	1.26938e-005
-1.505	1.28375e-005
-1.504	1.29825e-005
-1.503	1.31286e-005
-1.502	1.32758e-005
-1.501	1.34241e-005
-1.5	1.35733e-005
-1.499	1.37235e-005
-1.498	1.38745e-005
-1.497	1.40263e-005
-1.496	1.41788e-005
-1.495	1.4332e-005
-1.494	1.44857e-005
-1.493	1.464e-005
-1.492	1.47948e-005
-1.491	1.49499e-005
-1.49	1.51055e-005
-1.489	1.52614e-005
-1.488	1.54175e-005
-1.487	1.55739e-005
-1.486	1.57305e-005
-1.485	1.58872e-005
-1.484	1.6044e-005
-1.483	1.62009e-005
-1.482	1.63579e-005
-1.481	1.65149e-005
-1.48	1.66719e-005
-1.479	1.68289e-005
-1.478	1.69858e-005
-1.477	1.71428e-005
-1.476	1.72998e-005
-1.475	1.74567e-005
-1.474	1.76136e-005
-1.473	1.77705e-005
-1.472	1.79275e-005
-1.471	1.80845e-005
-1.47	1.82415e-005
-1.469	1.83987e-005
-1.468	1.8556e-005
-1.467	1.87134e-005
-1.466	1.88711e-005
-1.465	1.90291e-005
-1.464	1.91873e-005
-1.463	1.9346e-005
-1.462	1.95051e-005
-1.461	1.96647e-005
-1.46	1.98248e-005
-1.459	1.99856e-005
-1.458	2.01472e-005
-1.457	2.03095e-005
-1.456	2.04727e-005
-1.455	2.06369e-005
-1.454	2.08021e-005
-1.453	2.09685e-005
-1.452	2.11361e-005
-1.451	2.13051e-005
-1.45	2.14754e-005
-1.449	2.16473e-005
-1.448	2.18208e-005
-1.447	2.19961e-005
-1.446	2.21731e-005
-1.445	2.2352e-005
-1.444	2.2533e-005
-1.443	2.27161e-005
-1.442	2.29013e-005
-1.441	2.30889e-005
-1.44	2.32789e-005
-1.439	2.34713e-005
-1.438	2.36664e-005
-1.437	2.3864e-005
-1.436	2.40645e-005
-1.435	2.42679e-005
-1.434	2.44741e-005
-1.433	2.46834e-005
-1.432	2.48958e-005
-1.431	2.51113e-005
-1.43	2.533e-005
-1.429	2.55521e-005
-1.428	2.57775e-005
-1.427	2.60064e-005
-1.426	2.62387e-005
-1.425	2.64745e-005
-1.424	2.67139e-005
-1.423	2.69569e-005
-1.422	2.72036e-005
-1.421	2.7454e-005
-1.42	2.7708e-005
-1.419	2.79658e-005
-1.418	2.82274e-005
-1.417	2.84927e-005
-1.416	2.87618e-005
-1.415	2.90346e-005
-1.414	2.93113e-005
-1.413	2.95917e-005
-1.412	2.98758e-005
-1.411	3.01637e-005
-1.41	3.04553e-005
-1.409	3.07507e-005
-1.408	3.10497e-005
-1.407	3.13524e-005
-1.406	3.16586e-005
-1.405	3.19684e-005
-1.404	3.22817e-005
-1.403	3.25985e-005
-1.402	3.29188e-005
-1.401	3.32424e-005
-1.4	3.35694e-005
-1.399	3.38996e-005
-1.398	3.4233e-005
-1.397	3.45696e-005
-1.396	3.49093e-005
-1.395	3.5252e-005
-1.394	3.55977e-005
-1.393	3.59462e-005
-1.392	3.62976e-005
-1.391	3.66517e-005
-1.39	3.70086e-005
-1.389	3.73681e-005
-1.388	3.77302e-005
-1.387	3.80947e-005
-1.386	3.84618e-005
-1.385	3.88312e-005
-1.384	3.92029e-005
-1.383	3.95769e-005
-1.382	3.99531e-005
-1.381	4.03315e-005
-1.38	4.0712e-005
-1.379	4.10946e-005
-1.378	4.14792e-005
-1.377	4.18658e-005
-1.376	4.22543e-005
-1.375	4.26448e-005
-1.374	4.30372e-005
-1.373	4.34315e-005
-1.372	4.38276e-005
-1.371	4.42256e-005
-1.37	4.46254e-005
-1.369	4.5027e-005
-1.368	4.54306e-005
-1.367	4.58358e-005
-1.366	4.62431e-005
-1.365	4.66521e-005
-1.364	4.70631e-005
-1.363	4.7476e-005
-1.362	4.78908e-005
-1.361	4.83077e-005
-1.36	4.87265e-005
-1.359	4.91475e-005
-1.358	4.95706e-005
-1.357	4.99959e-005
-1.356	5.04235e-005
-1.355	5.08535e-005
-1.354	5.12858e-005
-1.353	5.17207e-005
-1.352	5.21581e-005
-1.351	5.2598e-005
-1.35	5.30408e-005
-1.349	5.34865e-005
-1.348	5.39351e-005
-1.347	5.43868e-005
-1.346	5.48416e-005
-1.345	5.52996e-005
-1.344	5.57611e-005
-1.343	5.6226e-005
-1.342	5.66945e-005
-1.341	5.71668e-005
-1.34	5.76429e-005
-1.339	5.81229e-005
-1.338	5.86071e-005
-1.337	5.90955e-005
-1.336	5.95883e-005
-1.335	6.00856e-005
-1.334	6.05874e-005
-1.333	6.1094e-005
-1.332	6.16054e-005
-1.331	6.21218e-005
-1.33	6.26433e-005
-1.329	6.31701e-005
-1.328	6.37022e-005
-1.327	6.42398e-005
-1.326	6.47829e-005
-1.325	6.53319e-005
-1.324	6.58866e-005
-1.323	6.64472e-005
-1.322	6.70139e-005
-1.321	6.75868e-005
-1.32	6.81659e-005
-1.319	6.87514e-005
-1.318	6.93433e-005
-1.317	6.99418e-005
-1.316	7.0547e-005
-1.315	7.11588e-005
-1.314	7.17775e-005
-1.313	7.2403e-005
-1.312	7.30355e-005
-1.311	7.3675e-005
-1.31	7.43215e-005
-1.309	7.49753e-005
-1.308	7.56362e-005
-1.307	7.63044e-005
-1.306	7.69799e-005
-1.305	7.76627e-005
-1.304	7.83528e-005
-1.303	7.90505e-005
-1.302	7.97555e-005
-1.301	8.04679e-005
-1.3	8.1188e-005
-1.299	8.19155e-005
-1.298	8.26505e-005
-1.297	8.33929e-005
-1.296	8.41428e-005
-1.295	8.49004e-005
-1.294	8.56655e-005
-1.293	8.64382e-005
-1.292	8.72183e-005
-1.291	8.80059e-005
-1.29	8.8801e-005
-1.289	8.96035e-005
-1.288	9.04135e-005
-1.287	9.1231e-005
-1.286	9.20559e-005
-1.285	9.28883e-005
-1.284	9.3728e-005
-1.283	9.4575e-005
-1.282	9.54294e-005
-1.281	9.62911e-005
-1.28	9.716e-005
-1.279	9.80362e-005
-1.278	9.89196e-005
-1.277	9.98102e-005
-1.276	0.000100708
-1.275	0.000101613
-1.274	0.000102525
-1.273	0.000103445
-1.272	0.000104371
-1.271	0.000105304
-1.27	0.000106245
-1.269	0.000107193
-1.268	0.000108148
-1.267	0.000109109
-1.266	0.000110079
-1.265	0.000111055
-1.264	0.000112038
-1.263	0.000113028
-1.262	0.000114025
-1.261	0.00011503
-1.26	0.000116041
-1.259	0.00011706
-1.258	0.000118086
-1.257	0.00011912
-1.256	0.00012016
-1.255	0.000121208
-1.254	0.000122264
-1.253	0.000123327
-1.252	0.000124397
-1.251	0.000125475
-1.25	0.000126561
-1.249	0.000127655
-1.248	0.000128756
-1.247	0.000129865
-1.246	0.000130983
-1.245	0.000132108
-1.244	0.000133242
-1.243	0.000134384
-1.242	0.000135534
-1.241	0.000136693
-1.24	0.000137861
-1.239	0.000139037
-1.238	0.000140223
-1.237	0.000141417
-1.236	0.000142621
-1.235	0.000143834
-1.234	0.000145056
-1.233	0.000146288
-1.232	0.000147531
-1.231	0.000148783
-1.23	0.000150045
-1.229	0.000151317
-1.228	0.0001526
-1.227	0.000153893
-1.226	0.000155198
-1.225	0.000156513
-1.224	0.000157839
-1.223	0.000159177
-1.222	0.000160526
-1.221	0.000161887
-1.22	0.000163259
-1.219	0.000164644
-1.218	0.000166041
-1.217	0.00016745
-1.216	0.000168871
-1.215	0.000170306
-1.214	0.000171753
-1.213	0.000173214
-1.212	0.000174687
-1.211	0.000176175
-1.21	0.000177676
-1.209	0.00017919
-1.208	0.000180718
-1.207	0.000182261
-1.206	0.000183818
-1.205	0.00018539
-1.204	0.000186976
-1.203	0.000188577
-1.202	0.000190193
-1.201	0.000191824
-1.2	0.00019347
-1.199	0.000195132
-1.198	0.00019681
-1.197	0.000198503
-1.196	0.000200212
-1.195	0.000201937
-1.194	0.000203678
-1.193	0.000205436
-1.192	0.00020721
-1.191	0.000209001
-1.19	0.000210808
-1.189	0.000212632
-1.188	0.000214473
-1.187	0.000216332
-1.186	0.000218207
-1.185	0.0002201
-1.184	0.00022201
-1.183	0.000223938
-1.182	0.000225884
-1.181	0.000227847
-1.18	0.000229828
-1.179	0.000231827
-1.178	0.000233844
-1.177	0.00023588
-1.176	0.000237933
-1.175	0.000240006
-1.174	0.000242096
-1.173	0.000244205
-1.172	0.000246333
-1.171	0.000248479
-1.17	0.000250644
-1.169	0.000252829
-1.168	0.000255032
-1.167	0.000257254
-1.166	0.000259496
-1.165	0.000261757
-1.164	0.000264037
-1.163	0.000266337
-1.162	0.000268656
-1.161	0.000270995
-1.16	0.000273354
-1.159	0.000275733
-1.158	0.000278131
-1.157	0.00028055
-1.156	0.000282989
-1.155	0.000285448
-1.154	0.000287928
-1.153	0.000290428
-1.152	0.000292948
-1.151	0.00029549
-1.15	0.000298052
-1.149	0.000300635
-1.148	0.000303239
-1.147	0.000305865
-1.146	0.000308511
-1.145	0.00031118
-1.144	0.00031387
-1.143	0.000316582
-1.142	0.000319316
-1.141	0.000322072
-1.14	0.00032485
-1.139	0.00032765
-1.138	0.000330474
-1.137	0.00033332
-1.136	0.000336189
-1.135	0.000339081
-1.134	0.000341996
-1.133	0.000344935
-1.132	0.000347897
-1.131	0.000350884
-1.13	0.000353895
-1.129	0.00035693
-1.128	0.00035999
-1.127	0.000363074
-1.126	0.000366183
-1.125	0.000369318
-1.124	0.000372478
-1.123	0.000375665
-1.122	0.000378877
-1.121	0.000382116
-1.12	0.000385381
-1.119	0.000388673
-1.118	0.000391992
-1.117	0.000395338
-1.116	0.000398712
-1.115	0.000402114
-1.114	0.000405545
-1.113	0.000409004
-1.112	0.000412492
-1.111	0.000416009
-1.11	0.000419555
-1.109	0.000423131
-1.108	0.000426738
-1.107	0.000430375
-1.106	0.000434043
-1.105	0.000437742
-1.104	0.000441473
-1.103	0.000445235
-1.102	0.00044903
-1.101	0.000452857
-1.1	0.000456716
-1.099	0.000460609
-1.098	0.000464536
-1.097	0.000468496
-1.096	0.000472492
-1.095	0.000476521
-1.094	0.000480586
-1.093	0.000484686
-1.092	0.000488822
-1.091	0.000492994
-1.09	0.000497202
-1.089	0.000501448
-1.088	0.00050573
-1.087	0.00051005
-1.086	0.000514408
-1.085	0.000518804
-1.084	0.000523241
-1.083	0.000527715
-1.082	0.000532229
-1.081	0.000536783
-1.08	0.000541377
-1.079	0.000546012
-1.078	0.000550688
-1.077	0.000555405
-1.076	0.000560165
-1.075	0.000564966
-1.074	0.00056981
-1.073	0.000574696
-1.072	0.000579626
-1.071	0.0005846
-1.07	0.000589617
-1.069	0.000594679
-1.068	0.000599786
-1.067	0.000604938
-1.066	0.000610135
-1.065	0.000615379
-1.064	0.000620668
-1.063	0.000626003
-1.062	0.000631387
-1.061	0.000636817
-1.06	0.000642296
-1.059	0.000647822
-1.058	0.000653397
-1.057	0.00065902
-1.056	0.000664693
-1.055	0.000670415
-1.054	0.000676186
-1.053	0.000682009
-1.052	0.000687882
-1.051	0.000693806
-1.05	0.000699781
-1.049	0.000705808
-1.048	0.000711887
-1.047	0.000718019
-1.046	0.000724203
-1.045	0.000730441
-1.044	0.000736732
-1.043	0.000743077
-1.042	0.000749478
-1.041	0.000755932
-1.04	0.000762442
-1.039	0.000769007
-1.038	0.000775628
-1.037	0.000782305
-1.036	0.000789039
-1.035	0.00079583
-1.034	0.000802679
-1.033	0.000809586
-1.032	0.000816551
-1.031	0.000823575
-1.03	0.000830659
-1.029	0.000837801
-1.028	0.000845005
-1.027	0.000852269
-1.026	0.000859594
-1.025	0.000866981
-1.024	0.000874429
-1.023	0.00088194
-1.022	0.000889513
-1.021	0.000897151
-1.02	0.000904852
-1.019	0.000912618
-1.018	0.000920449
-1.017	0.000928345
-1.016	0.000936307
-1.015	0.000944337
-1.014	0.000952434
-1.013	0.000960598
-1.012	0.000968831
-1.011	0.000977132
-1.01	0.000985503
-1.009	0.000993943
-1.008	0.00100245
-1.007	0.00101104
-1.006	0.00101969
-1.005	0.00102842
-1.004	0.00103722
-1.003	0.0010461
-1.002	0.00105504
-1.001	0.00106407
-1	0.00107317
-0.999	0.00108235
-0.998	0.0010916
-0.997	0.00110093
-0.996	0.00111034
-0.995	0.00111983
-0.994	0.0011294
-0.993	0.00113906
-0.992	0.00114879
-0.991	0.0011586
-0.99	0.0011685
-0.989	0.00117849
-0.988	0.00118856
-0.987	0.00119871
-0.986	0.00120895
-0.985	0.00121928
-0.984	0.00122969
-0.983	0.0012402
-0.982	0.00125079
-0.981	0.00126148
-0.98	0.00127226
-0.979	0.00128313
-0.978	0.00129409
-0.977	0.00130515
-0.976	0.0013163
-0.975	0.00132755
-0.974	0.00133889
-0.973	0.00135034
-0.972	0.00136188
-0.971	0.00137352
-0.97	0.00138527
-0.969	0.00139711
-0.968	0.00140906
-0.967	0.00142111
-0.966	0.00143326
-0.965	0.00144552
-0.964	0.00145789
-0.963	0.00147036
-0.962	0.00148295
-0.961	0.00149564
-0.96	0.00150844
-0.959	0.00152135
-0.958	0.00153438
-0.957	0.00154752
-0.956	0.00156077
-0.955	0.00157414
-0.954	0.00158762
-0.953	0.00160123
-0.952	0.00161495
-0.951	0.00162879
-0.95	0.00164275
-0.949	0.00165683
-0.948	0.00167103
-0.947	0.00168536
-0.946	0.00169981
-0.945	0.00171439
-0.944	0.00172909
-0.943	0.00174392
-0.942	0.00175888
-0.941	0.00177398
-0.94	0.00178919
-0.939	0.00180455
-0.938	0.00182003
-0.937	0.00183565
-0.936	0.00185141
-0.935	0.0018673
-0.934	0.00188333
-0.933	0.00189949
-0.932	0.0019158
-0.931	0.00193224
-0.93	0.00194883
-0.929	0.00196556
-0.928	0.00198244
-0.927	0.00199946
-0.926	0.00201663
-0.925	0.00203394
-0.924	0.0020514
-0.923	0.00206901
-0.922	0.00208678
-0.921	0.00210469
-0.92	0.00212276
-0.919	0.00214098
-0.918	0.00215936
-0.917	0.0021779
-0.916	0.00219659
-0.915	0.00221545
-0.914	0.00223446
-0.913	0.00225363
-0.912	0.00227297
-0.911	0.00229248
-0.91	0.00231215
-0.909	0.00233199
-0.908	0.00235199
-0.907	0.00237217
-0.906	0.00239252
-0.905	0.00241304
-0.904	0.00243374
-0.903	0.00245461
-0.902	0.00247566
-0.901	0.00249688
-0.9	0.00251829
-0.899	0.00253988
-0.898	0.00256165
-0.897	0.00258361
-0.896	0.00260575
-0.895	0.00262808
-0.894	0.0026506
-0.893	0.00267331
-0.892	0.00269622
-0.891	0.00271932
-0.89	0.00274261
-0.889	0.0027661
-0.888	0.0027898
-0.887	0.00281369
-0.886	0.00283779
-0.885	0.00286209
-0.884	0.0028866
-0.883	0.00291132
-0.882	0.00293624
-0.881	0.00296138
-0.88	0.00298673
-0.879	0.0030123
-0.878	0.00303809
-0.877	0.00306409
-0.876	0.00309032
-0.875	0.00311677
-0.874	0.00314344
-0.873	0.00317035
-0.872	0.00319749
-0.871	0.00322485
-0.87	0.00325245
-0.869	0.00328029
-0.868	0.00330836
-0.867	0.00333667
-0.866	0.00336523
-0.865	0.00339403
-0.864	0.00342308
-0.863	0.00345237
-0.862	0.00348192
-0.861	0.00351172
-0.86	0.00354178
-0.859	0.00357209
-0.858	0.00360266
-0.857	0.0036335
-0.856	0.0036646
-0.855	0.00369597
-0.854	0.00372762
-0.853	0.00375953
-0.852	0.00379171
-0.851	0.00382417
-0.85	0.00385691
-0.849	0.00388994
-0.848	0.00392325
-0.847	0.00395684
-0.846	0.00399072
-0.845	0.0040249
-0.844	0.00405937
-0.843	0.00409414
-0.842	0.00412921
-0.841	0.00416458
-0.84	0.00420025
-0.839	0.00423624
-0.838	0.00427253
-0.837	0.00430914
-0.836	0.00434606
-0.835	0.0043833
-0.834	0.00442087
-0.833	0.00445875
-0.832	0.00449696
-0.831	0.00453551
-0.83	0.00457438
-0.829	0.00461358
-0.828	0.00465314
-0.827	0.00469303
-0.826	0.00473326
-0.825	0.00477384
-0.824	0.00481477
-0.823	0.00485606
-0.822	0.00489769
-0.821	0.00493969
-0.82	0.00498204
-0.819	0.00502477
-0.818	0.00506786
-0.817	0.00511133
-0.816	0.00515516
-0.815	0.00519937
-0.814	0.00524396
-0.813	0.00528894
-0.812	0.0053343
-0.811	0.00538005
-0.81	0.0054262
-0.809	0.00547274
-0.808	0.00551969
-0.807	0.00556703
-0.806	0.00561478
-0.805	0.00566294
-0.804	0.00571152
-0.803	0.0057605
-0.802	0.00580991
-0.801	0.00585975
-0.8	0.00591001
-0.799	0.00596071
-0.798	0.00601182
-0.797	0.00606338
-0.796	0.00611539
-0.795	0.00616783
-0.794	0.00622073
-0.793	0.00627408
-0.792	0.00632789
-0.791	0.00638215
-0.79	0.00643689
-0.789	0.00649209
-0.788	0.00654776
-0.787	0.0066039
-0.786	0.00666053
-0.785	0.00671763
-0.784	0.00677523
-0.783	0.00683331
-0.782	0.00689189
-0.781	0.00695099
-0.78	0.00701057
-0.779	0.00707067
-0.778	0.00713128
-0.777	0.00719242
-0.776	0.00725406
-0.775	0.00731624
-0.774	0.00737894
-0.773	0.00744219
-0.772	0.00750598
-0.771	0.0075703
-0.77	0.00763518
-0.769	0.00770061
-0.768	0.0077666
-0.767	0.00783315
-0.766	0.00790027
-0.765	0.00796797
-0.764	0.00803625
-0.763	0.00810511
-0.762	0.00817455
-0.761	0.0082446
-0.76	0.00831523
-0.759	0.00838648
-0.758	0.00845834
-0.757	0.00853081
-0.756	0.00860389
-0.755	0.00867761
-0.754	0.00875196
-0.753	0.00882694
-0.752	0.00890255
-0.751	0.00897883
-0.75	0.00905576
-0.749	0.00913333
-0.748	0.00921157
-0.747	0.00929049
-0.746	0.00937009
-0.745	0.00945038
-0.744	0.00953134
-0.743	0.009613
-0.742	0.00969535
-0.741	0.00977841
-0.74	0.00986219
-0.739	0.00994669
-0.738	0.0100319
-0.737	0.0101179
-0.736	0.0102046
-0.735	0.010292
-0.734	0.0103802
-0.733	0.0104691
-0.732	0.0105588
-0.731	0.0106493
-0.73	0.0107406
-0.729	0.0108326
-0.728	0.0109254
-0.727	0.0110191
-0.726	0.0111135
-0.725	0.0112087
-0.724	0.0113048
-0.723	0.0114017
-0.722	0.0114994
-0.721	0.0115979
-0.72	0.0116973
-0.719	0.0117976
-0.718	0.0118987
-0.717	0.0120007
-0.716	0.0121035
-0.715	0.0122073
-0.714	0.0123119
-0.713	0.0124175
-0.712	0.0125239
-0.711	0.0126313
-0.71	0.0127396
-0.709	0.0128488
-0.708	0.0129589
-0.707	0.01307
-0.706	0.0131821
-0.705	0.0132951
-0.704	0.0134091
-0.703	0.013524
-0.702	0.01364
-0.701	0.013757
-0.7	0.0138749
-0.699	0.0139939
-0.698	0.0141139
-0.697	0.0142349
-0.696	0.014357
-0.695	0.0144801
-0.694	0.0146042
-0.693	0.0147295
-0.692	0.0148558
-0.691	0.0149832
-0.69	0.0151117
-0.689	0.0152412
-0.688	0.015372
-0.687	0.0155038
-0.686	0.0156367
-0.685	0.0157708
-0.684	0.0159061
-0.683	0.0160425
-0.682	0.01618
-0.681	0.0163188
-0.68	0.0164587
-0.679	0.0165999
-0.678	0.0167422
-0.677	0.0168858
-0.676	0.0170306
-0.675	0.0171767
-0.674	0.0173239
-0.673	0.0174725
-0.672	0.0176223
-0.671	0.0177734
-0.67	0.0179259
-0.669	0.0180795
-0.668	0.0182346
-0.667	0.0183909
-0.666	0.0185486
-0.665	0.0187077
-0.664	0.0188681
-0.663	0.0190299
-0.662	0.019193
-0.661	0.0193576
-0.66	0.0195235
-0.659	0.0196909
-0.658	0.0198597
-0.657	0.02003
-0.656	0.0202017
-0.655	0.0203749
-0.654	0.0205496
-0.653	0.0207258
-0.652	0.0209034
-0.651	0.0210826
-0.65	0.0212634
-0.649	0.0214456
-0.648	0.0216295
-0.647	0.0218149
-0.646	0.0220019
-0.645	0.0221905
-0.644	0.0223807
-0.643	0.0225725
-0.642	0.022766
-0.641	0.0229611
-0.64	0.023158
-0.639	0.0233564
-0.638	0.0235566
-0.637	0.0237586
-0.636	0.0239622
-0.635	0.0241676
-0.634	0.0243747
-0.633	0.0245837
-0.632	0.0247944
-0.631	0.0250069
-0.63	0.0252212
-0.629	0.0254374
-0.628	0.0256555
-0.627	0.0258754
-0.626	0.0260972
-0.625	0.0263208
-0.624	0.0265464
-0.623	0.026774
-0.622	0.0270035
-0.621	0.027235
-0.62	0.0274684
-0.619	0.0277039
-0.618	0.0279413
-0.617	0.0281808
-0.616	0.0284224
-0.615	0.028666
-0.614	0.0289118
-0.613	0.0291596
-0.612	0.0294096
-0.611	0.0296617
-0.61	0.0299159
-0.609	0.0301724
-0.608	0.0304311
-0.607	0.0306919
-0.606	0.030955
-0.605	0.0312204
-0.604	0.031488
-0.603	0.031758
-0.602	0.0320303
-0.601	0.0323048
-0.6	0.0325818
-0.599	0.0328611
-0.598	0.0331429
-0.597	0.033427
-0.596	0.0337136
-0.595	0.0340027
-0.594	0.0342942
-0.593	0.0345882
-0.592	0.0348847
-0.591	0.0351838
-0.59	0.0354855
-0.589	0.0357897
-0.588	0.0360966
-0.587	0.0364061
-0.586	0.0367182
-0.585	0.0370331
-0.584	0.0373506
-0.583	0.0376708
-0.582	0.0379938
-0.581	0.0383196
-0.58	0.0386482
-0.579	0.0389795
-0.578	0.0393138
-0.577	0.0396508
-0.576	0.0399908
-0.575	0.0403337
-0.574	0.0406796
-0.573	0.0410284
-0.572	0.0413802
-0.571	0.041735
-0.57	0.0420929
-0.569	0.0424538
-0.568	0.0428178
-0.567	0.043185
-0.566	0.0435554
-0.565	0.0439288
-0.564	0.0443055
-0.563	0.0446854
-0.562	0.0450686
-0.561	0.0454551
-0.56	0.0458448
-0.559	0.0462379
-0.558	0.0466345
-0.557	0.0470343
-0.556	0.0474376
-0.555	0.0478444
-0.554	0.0482547
-0.553	0.0486685
-0.552	0.0490858
-0.551	0.0495067
-0.55	0.0499312
-0.549	0.0503594
-0.548	0.0507912
-0.547	0.0512267
-0.546	0.051666
-0.545	0.052109
-0.544	0.0525558
-0.543	0.0530064
-0.542	0.0534609
-0.541	0.0539193
-0.54	0.0543817
-0.539	0.0548479
-0.538	0.0553182
-0.537	0.0557925
-0.536	0.0562709
-0.535	0.0567534
-0.534	0.05724
-0.533	0.0577308
-0.532	0.0582257
-0.531	0.0587249
-0.53	0.0592285
-0.529	0.0597362
-0.528	0.0602484
-0.527	0.060765
-0.526	0.0612858
-0.525	0.0618114
-0.524	0.0623413
-0.523	0.0628758
-0.522	0.0634148
-0.521	0.0639585
-0.52	0.0645068
-0.519	0.0650598
-0.518	0.0656176
-0.517	0.0661801
-0.516	0.0667475
-0.515	0.0673197
-0.514	0.0678968
-0.513	0.0684789
-0.512	0.069066
-0.511	0.0696582
-0.51	0.0702553
-0.509	0.0708575
-0.508	0.071465
-0.507	0.0720778
-0.506	0.0726956
-0.505	0.0733189
-0.504	0.0739476
-0.503	0.0745815
-0.502	0.0752208
-0.501	0.0758658
-0.5	0.0765161
-0.499	0.0771722
-0.498	0.0778338
-0.497	0.0785011
-0.496	0.0791742
-0.495	0.0798529
-0.494	0.0805376
-0.493	0.081228
-0.492	0.0819244
-0.491	0.0826269
-0.49	0.0833352
-0.489	0.0840497
-0.488	0.0847703
-0.487	0.0854972
-0.486	0.0862303
-0.485	0.0869696
-0.484	0.0877153
-0.483	0.0884674
-0.482	0.0892259
-0.481	0.089991
-0.48	0.0907625
-0.479	0.0915407
-0.478	0.0923256
-0.477	0.0931172
-0.476	0.0939156
-0.475	0.0947209
-0.474	0.0955331
-0.473	0.0963522
-0.472	0.0971783
-0.471	0.0980115
-0.47	0.0988521
-0.469	0.0996996
-0.468	0.100554
-0.467	0.101417
-0.466	0.102286
-0.465	0.103163
-0.464	0.104048
-0.463	0.10494
-0.462	0.10584
-0.461	0.106747
-0.46	0.107662
-0.459	0.108586
-0.458	0.109517
-0.457	0.110456
-0.456	0.111403
-0.455	0.112358
-0.454	0.113322
-0.453	0.114293
-0.452	0.115273
-0.451	0.116261
-0.45	0.117259
-0.449	0.118264
-0.448	0.119278
-0.447	0.120301
-0.446	0.121332
-0.445	0.122372
-0.444	0.123422
-0.443	0.12448
-0.442	0.125547
-0.441	0.126624
-0.44	0.12771
-0.439	0.128805
-0.438	0.129909
-0.437	0.131023
-0.436	0.132147
-0.435	0.13328
-0.434	0.134423
-0.433	0.135575
-0.432	0.136738
-0.431	0.13791
-0.43	0.139093
-0.429	0.140285
-0.428	0.141488
-0.427	0.142701
-0.426	0.143925
-0.425	0.145159
-0.424	0.146404
-0.423	0.147659
-0.422	0.148925
-0.421	0.150202
-0.42	0.15149
-0.419	0.152789
-0.418	0.154099
-0.417	0.155421
-0.416	0.156753
-0.415	0.158097
-0.414	0.1595
-0.413	0.161011
-0.412	0.162632
-0.411	0.164364
-0.41	0.166207
-0.409	0.168162
-0.408	0.170229
-0.407	0.172408
-0.406	0.174699
-0.405	0.177101
-0.404	0.179616
-0.403	0.18224
-0.402	0.184975
-0.401	0.187818
-0.4	0.190769
-0.399	0.193826
-0.398	0.196988
-0.397	0.200253
-0.396	0.203619
-0.395	0.207083
-0.394	0.210644
-0.393	0.2143
-0.392	0.218047
-0.391	0.221884
-0.39	0.225807
-0.389	0.229813
-0.388	0.233899
-0.387	0.238063
-0.386	0.2423
-0.385	0.246608
-0.384	0.250983
-0.383	0.255421
-0.382	0.25992
-0.381	0.264474
-0.38	0.269081
-0.379	0.273736
-0.378	0.278436
-0.377	0.283176
-0.376	0.287953
-0.375	0.292764
-0.374	0.297603
-0.373	0.302467
-0.372	0.307352
-0.371	0.312255
-0.37	0.31717
-0.369	0.322095
-0.368	0.327025
-0.367	0.331957
-0.366	0.336887
-0.365	0.341811
-0.364	0.346777
-0.363	0.351832
-0.362	0.356968
-0.361	0.362181
-0.36	0.367461
-0.359	0.372803
-0.358	0.3782
-0.357	0.383642
-0.356	0.389125
-0.355	0.394639
-0.354	0.400179
-0.353	0.405737
-0.352	0.411304
-0.351	0.416873
-0.35	0.422438
-0.349	0.427991
-0.348	0.433522
-0.347	0.439028
-0.346	0.444499
-0.345	0.449926
-0.344	0.455306
-0.343	0.460628
-0.342	0.465887
-0.341	0.471075
-0.34	0.476186
-0.339	0.481212
-0.338	0.486147
-0.337	0.490983
-0.336	0.495716
-0.335	0.500339
-0.334	0.504843
-0.333	0.509227
-0.332	0.513481
-0.331	0.517601
-0.33	0.521582
-0.329	0.525416
-0.328	0.529102
-0.327	0.532634
-0.326	0.536005
-0.325	0.539213
-0.324	0.542253
-0.323	0.545122
-0.322	0.547814
-0.321	0.550328
-0.32	0.552658
-0.319	0.554805
-0.318	0.556763
-0.317	0.558531
-0.316	0.560106
-0.315	0.561487
-0.314	0.562673
-0.313	0.56366
-0.312	0.564449
-0.311	0.565041
-0.31	0.56543
-0.309	0.565621
-0.308	0.565613
-0.307	0.565403
-0.306	0.564995
-0.305	0.56439
-0.304	0.563587
-0.303	0.562589
-0.302	0.561398
-0.301	0.560013
-0.3	0.558441
-0.299	0.55668
-0.298	0.554735
-0.297	0.552611
-0.296	0.550307
-0.295	0.547829
-0.294	0.54518
-0.293	0.542365
-0.292	0.539387
-0.291	0.536252
-0.29	0.532963
-0.289	0.529526
-0.288	0.525947
-0.287	0.522228
-0.286	0.518378
-0.285	0.514401
-0.284	0.510303
-0.283	0.506091
-0.282	0.50177
-0.281	0.497347
-0.28	0.492829
-0.279	0.488221
-0.278	0.48353
-0.277	0.478766
-0.276	0.473932
-0.275	0.469036
-0.274	0.464087
-0.273	0.45909
-0.272	0.454055
-0.271	0.448986
-0.27	0.443893
-0.269	0.438783
-0.268	0.433661
-0.267	0.428539
-0.266	0.42342
-0.265	0.418314
-0.264	0.413229
-0.263	0.408169
-0.262	0.403145
-0.261	0.398163
-0.26	0.393231
-0.259	0.388354
-0.258	0.383542
-0.257	0.3788
-0.256	0.374136
-0.255	0.369555
-0.254	0.365067
-0.253	0.360676
-0.252	0.35639
-0.251	0.352214
-0.25	0.348155
-0.249	0.344218
-0.248	0.34041
-0.247	0.336737
-0.246	0.333202
-0.245	0.329814
-0.244	0.326574
-0.243	0.323489
-0.242	0.320565
-0.241	0.317803
-0.24	0.315211
-0.239	0.312789
-0.238	0.310545
-0.237	0.308478
-0.236	0.306594
-0.235	0.304895
-0.234	0.303385
-0.233	0.302065
-0.232	0.300938
-0.231	0.300005
-0.23	0.299268
-0.229	0.298729
-0.228	0.298388
-0.227	0.298247
-0.226	0.298306
-0.225	0.298565
-0.224	0.299024
-0.223	0.299683
-0.222	0.300541
-0.221	0.301598
-0.22	0.302852
-0.219	0.304301
-0.218	0.305944
-0.217	0.307781
-0.216	0.309807
-0.215	0.312019
-0.214	0.314418
-0.213	0.316997
-0.212	0.319754
-0.211	0.322687
-0.21	0.32579
-0.209	0.329061
-0.208	0.332495
-0.207	0.336086
-0.206	0.339831
-0.205	0.343726
-0.204	0.347763
-0.203	0.35194
-0.202	0.356249
-0.201	0.360684
-0.2	0.365242
-0.199	0.369915
-0.198	0.374696
-0.197	0.379581
-0.196	0.384561
-0.195	0.389631
-0.194	0.394785
-0.193	0.400014
-0.192	0.405312
-0.191	0.410672
-0.19	0.416086
-0.189	0.421549
-0.188	0.427052
-0.187	0.432586
-0.186	0.438148
-0.185	0.443726
-0.184	0.449315
-0.183	0.454908
-0.182	0.460497
-0.181	0.466074
-0.18	0.471631
-0.179	0.477161
-0.178	0.482658
-0.177	0.488113
-0.176	0.493518
-0.175	0.498869
-0.174	0.504157
-0.173	0.509373
-0.172	0.514514
-0.171	0.51957
-0.17	0.524535
-0.169	0.529404
-0.168	0.534168
-0.167	0.538823
-0.166	0.543361
-0.165	0.547778
-0.164	0.552066
-0.163	0.55622
-0.162	0.560235
-0.161	0.564107
-0.16	0.567828
-0.159	0.571395
-0.158	0.574804
-0.157	0.578048
-0.156	0.581125
-0.155	0.584031
-0.154	0.586761
-0.153	0.589313
-0.152	0.591683
-0.151	0.593868
-0.15	0.595864
-0.149	0.597671
-0.148	0.599286
-0.147	0.600707
-0.146	0.601931
-0.145	0.602959
-0.144	0.603788
-0.143	0.604419
-0.142	0.604849
-0.141	0.60508
-0.14	0.60511
-0.139	0.604942
-0.138	0.604574
-0.137	0.604007
-0.136	0.603245
-0.135	0.602287
-0.134	0.601134
-0.133	0.59979
-0.132	0.598256
-0.131	0.596534
-0.13	0.594628
-0.129	0.592542
-0.128	0.590276
-0.127	0.587836
-0.126	0.585225
-0.125	0.582446
-0.124	0.579506
-0.123	0.576408
-0.122	0.573154
-0.121	0.569754
-0.12	0.566209
-0.119	0.562525
-0.118	0.55871
-0.117	0.554767
-0.116	0.550702
-0.115	0.546524
-0.114	0.542234
-0.113	0.537844
-0.112	0.533356
-0.111	0.528779
-0.11	0.52412
-0.109	0.519384
-0.108	0.514579
-0.107	0.509713
-0.106	0.504791
-0.105	0.499822
-0.104	0.494814
-0.103	0.48977
-0.102	0.484703
-0.101	0.479617
-0.1	0.474522
