-4	6.39673e-023
-3.999	6.5741e-023
-3.998	6.75917e-023
-3.997	6.95218e-023
-3.996	7.15341e-023
-3.995	7.36316e-023
-3.994	7.58173e-023
-3.993	7.80945e-023
-3.992	8.04658e-023
-3.991	8.29343e-023
-3.99	8.55032e-023
-3.989	8.81755e-023
-3.988	9.09541e-023
-3.987	9.38418e-023
-3.986	9.68424e-023
-3.985	9.99591e-023
-3.984	1.03195e-022
-3.983	1.06553e-022
-3.982	1.10035e-022
-3.981	1.13647e-022
-3.98	1.17389e-022
-3.979	1.21266e-022
-3.978	1.25281e-022
-3.977	1.29438e-022
-3.976	1.33738e-022
-3.975	1.38185e-022
-3.974	1.42783e-022
-3.973	1.47534e-022
-3.972	1.52441e-022
-3.971	1.57508e-022
-3.97	1.62737e-022
-3.969	1.68131e-022
-3.968	1.73694e-022
-3.967	1.79428e-022
-3.966	1.85335e-022
-3.965	1.91419e-022
-3.964	1.97683e-022
-3.963	2.04129e-022
-3.962	2.10759e-022
-3.961	2.17578e-022
-3.96	2.24586e-022
-3.959	2.31786e-022
-3.958	2.3918e-022
-3.957	2.46772e-022
-3.956	2.54563e-022
-3.955	2.62555e-022
-3.954	2.7075e-022
-3.953	2.79151e-022
-3.952	2.87759e-022
-3.951	2.96576e-022
-3.95	3.05603e-022
-3.949	3.14844e-022
-3.948	3.24298e-022
-3.947	3.33967e-022
-3.946	3.43852e-022
-3.945	3.53955e-022
-3.944	3.64277e-022
-3.943	3.74818e-022
-3.942	3.85579e-022
-3.941	3.96562e-022
-3.94	4.07767e-022
-3.939	4.19193e-022
-3.938	4.30841e-022
-3.937	4.42712e-022
-3.936	4.54805e-022
-3.935	4.67119e-022
-3.934	4.79657e-022
-3.933	4.92415e-022
-3.932	5.05394e-022
-3.931	5.18594e-022
-3.93	5.32013e-022
-3.929	5.4565e-022
-3.928	5.59503e-022
-3.927	5.73573e-022
-3.926	5.87857e-022
-3.925	6.02353e-022
-3.924	6.17058e-022
-3.923	6.31971e-022
-3.922	6.47091e-022
-3.921	6.62413e-022
-3.92	6.77937e-022
-3.919	6.93658e-022
-3.918	7.09575e-022
-3.917	7.25682e-022
-3.916	7.41976e-022
-3.915	7.58459e-022
-3.914	7.75122e-022
-3.913	7.91962e-022
-3.912	8.08976e-022
-3.911	8.2616e-022
-3.91	8.43505e-022
-3.909	8.61011e-022
-3.908	8.78673e-022
-3.907	8.96486e-022
-3.906	9.1444e-022
-3.905	9.32535e-022
-3.904	9.50763e-022
-3.903	9.69119e-022
-3.902	9.87597e-022
-3.901	1.00619e-021
-3.9	1.02489e-021
-3.899	1.0437e-021
-3.898	1.06261e-021
-3.897	1.08159e-021
-3.896	1.10067e-021
-3.895	1.11981e-021
-3.894	1.13903e-021
-3.893	1.1583e-021
-3.892	1.17763e-021
-3.891	1.19701e-021
-3.89	1.21641e-021
-3.889	1.23585e-021
-3.888	1.2553e-021
-3.887	1.27477e-021
-3.886	1.29424e-021
-3.885	1.3137e-021
-3.884	1.33315e-021
-3.883	1.35257e-021
-3.882	1.37196e-021
-3.881	1.39131e-021
-3.88	1.4106e-021
-3.879	1.42983e-021
-3.878	1.44899e-021
-3.877	1.46807e-021
-3.876	1.48706e-021
-3.875	1.50594e-021
-3.874	1.52471e-021
-3.873	1.54336e-021
-3.872	1.56188e-021
-3.871	1.58026e-021
-3.87	1.59848e-021
-3.869	1.61655e-021
-3.868	1.63444e-021
-3.867	1.65214e-021
-3.866	1.66966e-021
-3.865	1.68696e-021
-3.864	1.70406e-021
-3.863	1.72093e-021
-3.862	1.73756e-021
-3.861	1.75395e-021
-3.86	1.77007e-021
-3.859	1.78593e-021
-3.858	1.80152e-021
-3.857	1.81681e-021
-3.856	1.83181e-021
-3.855	1.84651e-021
-3.854	1.86088e-021
-3.853	1.87493e-021
-3.852	1.88864e-021
-3.851	1.902e-021
-3.85	1.915e-021
-3.849	1.92764e-021
-3.848	1.9399e-021
-3.847	1.95178e-021
-3.846	1.96326e-021
-3.845	1.97433e-021
-3.844	1.985e-021
-3.843	1.99525e-021
-3.842	2.00507e-021
-3.841	2.01446e-021
-3.84	2.02341e-021
-3.839	2.03189e-021
-3.838	2.03993e-021
-3.837	2.0475e-021
-3.836	2.05459e-021
-3.835	2.06121e-021
-3.834	2.06735e-021
-3.833	2.073e-021
-3.832	2.07815e-021
-3.831	2.08281e-021
-3.83	2.08697e-021
-3.829	2.0906e-021
-3.828	2.09373e-021
-3.827	2.09635e-021
-3.826	2.09845e-021
-3.825	2.10002e-021
-3.824	2.10107e-021
-3.823	2.1016e-021
-3.822	2.10161e-021
-3.821	2.10108e-021
-3.82	2.10003e-021
-3.819	2.09847e-021
-3.818	2.09637e-021
-3.817	2.09374e-021
-3.816	2.0906e-021
-3.815	2.08693e-021
-3.814	2.08275e-021
-3.813	2.07805e-021
-3.812	2.07285e-021
-3.811	2.06714e-021
-3.81	2.06093e-021
-3.809	2.05422e-021
-3.808	2.04704e-021
-3.807	2.03937e-021
-3.806	2.03123e-021
-3.805	2.02262e-021
-3.804	2.01357e-021
-3.803	2.00407e-021
-3.802	1.99414e-021
-3.801	1.98378e-021
-3.8	1.97301e-021
-3.799	1.96184e-021
-3.798	1.95029e-021
-3.797	1.93836e-021
-3.796	1.92608e-021
-3.795	1.91346e-021
-3.794	1.90051e-021
-3.793	1.88725e-021
-3.792	1.8737e-021
-3.791	1.85988e-021
-3.79	1.84581e-021
-3.789	1.83149e-021
-3.788	1.81697e-021
-3.787	1.80225e-021
-3.786	1.78736e-021
-3.785	1.77233e-021
-3.784	1.75717e-021
-3.783	1.74192e-021
-3.782	1.72658e-021
-3.781	1.7112e-021
-3.78	1.69578e-021
-3.779	1.68038e-021
-3.778	1.66502e-021
-3.777	1.64971e-021
-3.776	1.63449e-021
-3.775	1.6194e-021
-3.774	1.60445e-021
-3.773	1.58969e-021
-3.772	1.57514e-021
-3.771	1.56084e-021
-3.77	1.54683e-021
-3.769	1.53313e-021
-3.768	1.51978e-021
-3.767	1.50683e-021
-3.766	1.49429e-021
-3.765	1.48222e-021
-3.764	1.47065e-021
-3.763	1.45961e-021
-3.762	1.44915e-021
-3.761	1.43931e-021
-3.76	1.43012e-021
-3.759	1.42163e-021
-3.758	1.41388e-021
-3.757	1.40691e-021
-3.756	1.40076e-021
-3.755	1.39548e-021
-3.754	1.39111e-021
-3.753	1.38769e-021
-3.752	1.38527e-021
-3.751	1.38389e-021
-3.75	1.38359e-021
-3.749	1.38443e-021
-3.748	1.38645e-021
-3.747	1.38969e-021
-3.746	1.3942e-021
-3.745	1.40003e-021
-3.744	1.40723e-021
-3.743	1.41583e-021
-3.742	1.4259e-021
-3.741	1.43747e-021
-3.74	1.45059e-021
-3.739	1.46532e-021
-3.738	1.48171e-021
-3.737	1.49979e-021
-3.736	1.51961e-021
-3.735	1.54123e-021
-3.734	1.56469e-021
-3.733	1.59004e-021
-3.732	1.61733e-021
-3.731	1.64661e-021
-3.73	1.67791e-021
-3.729	1.7113e-021
-3.728	1.74682e-021
-3.727	1.78451e-021
-3.726	1.82441e-021
-3.725	1.86659e-021
-3.724	1.91108e-021
-3.723	1.95793e-021
-3.722	2.00718e-021
-3.721	2.05888e-021
-3.72	2.11306e-021
-3.719	2.16977e-021
-3.718	2.22906e-021
-3.717	2.29098e-021
-3.716	2.35555e-021
-3.715	2.42281e-021
-3.714	2.49281e-021
-3.713	2.5656e-021
-3.712	2.6412e-021
-3.711	2.71965e-021
-3.71	2.80098e-021
-3.709	2.88523e-021
-3.708	2.97244e-021
-3.707	3.06265e-021
-3.706	3.15586e-021
-3.705	3.25213e-021
-3.704	3.35148e-021
-3.703	3.45394e-021
-3.702	3.55953e-021
-3.701	3.66827e-021
-3.7	3.78021e-021
-3.699	3.89535e-021
-3.698	4.0137e-021
-3.697	4.13531e-021
-3.696	4.26019e-021
-3.695	4.38834e-021
-3.694	4.51979e-021
-3.693	4.65455e-021
-3.692	4.79262e-021
-3.691	4.93403e-021
-3.69	5.07877e-021
-3.689	5.22685e-021
-3.688	5.37828e-021
-3.687	5.53305e-021
-3.686	5.69115e-021
-3.685	5.85262e-021
-3.684	6.01743e-021
-3.683	6.18558e-021
-3.682	6.35707e-021
-3.681	6.53186e-021
-3.68	6.70996e-021
-3.679	6.89136e-021
-3.678	7.07603e-021
-3.677	7.26395e-021
-3.676	7.45512e-021
-3.675	7.6495e-021
-3.674	7.84706e-021
-3.673	8.04778e-021
-3.672	8.25163e-021
-3.671	8.45859e-021
-3.67	8.66857e-021
-3.669	8.8816e-021
-3.668	9.09763e-021
-3.667	9.3166e-021
-3.666	9.53844e-021
-3.665	9.76314e-021
-3.664	9.99067e-021
-3.663	1.02209e-020
-3.662	1.04539e-020
-3.661	1.06895e-020
-3.66	1.09276e-020
-3.659	1.11683e-020
-3.658	1.14115e-020
-3.657	1.16569e-020
-3.656	1.19048e-020
-3.655	1.21549e-020
-3.654	1.24072e-020
-3.653	1.26615e-020
-3.652	1.29178e-020
-3.651	1.31761e-020
-3.65	1.34363e-020
-3.649	1.36982e-020
-3.648	1.39617e-020
-3.647	1.42269e-020
-3.646	1.44935e-020
-3.645	1.47615e-020
-3.644	1.50309e-020
-3.643	1.53014e-020
-3.642	1.5573e-020
-3.641	1.58456e-020
-3.64	1.61191e-020
-3.639	1.63933e-020
-3.638	1.66682e-020
-3.637	1.69437e-020
-3.636	1.72195e-020
-3.635	1.74958e-020
-3.634	1.77721e-020
-3.633	1.80486e-020
-3.632	1.8325e-020
-3.631	1.86013e-020
-3.63	1.88773e-020
-3.629	1.91528e-020
-3.628	1.94279e-020
-3.627	1.97021e-020
-3.626	1.99756e-020
-3.625	2.02482e-020
-3.624	2.05197e-020
-3.623	2.07899e-020
-3.622	2.10588e-020
-3.621	2.13263e-020
-3.62	2.15921e-020
-3.619	2.18561e-020
-3.618	2.21183e-020
-3.617	2.23785e-020
-3.616	2.26364e-020
-3.615	2.2892e-020
-3.614	2.31452e-020
-3.613	2.33958e-020
-3.612	2.36436e-020
-3.611	2.38885e-020
-3.61	2.41305e-020
-3.609	2.43692e-020
-3.608	2.46047e-020
-3.607	2.48367e-020
-3.606	2.50651e-020
-3.605	2.52898e-020
-3.604	2.55107e-020
-3.603	2.57276e-020
-3.602	2.59403e-020
-3.601	2.61487e-020
-3.6	2.63529e-020
-3.599	2.65524e-020
-3.598	2.67473e-020
-3.597	2.69374e-020
-3.596	2.71227e-020
-3.595	2.73028e-020
-3.594	2.74778e-020
-3.593	2.76475e-020
-3.592	2.78119e-020
-3.591	2.79707e-020
-3.59	2.8124e-020
-3.589	2.82715e-020
-3.588	2.84131e-020
-3.587	2.85489e-020
-3.586	2.86786e-020
-3.585	2.88021e-020
-3.584	2.89195e-020
-3.583	2.90305e-020
-3.582	2.91351e-020
-3.581	2.92332e-020
-3.58	2.93248e-020
-3.579	2.94098e-020
-3.578	2.9488e-020
-3.577	2.95595e-020
-3.576	2.96241e-020
-3.575	2.9682e-020
-3.574	2.97329e-020
-3.573	2.97768e-020
-3.572	2.98136e-020
-3.571	2.98435e-020
-3.57	2.98663e-020
-3.569	2.9882e-020
-3.568	2.98907e-020
-3.567	2.98921e-020
-3.566	2.98865e-020
-3.565	2.98737e-020
-3.564	2.98538e-020
-3.563	2.98269e-020
-3.562	2.97928e-020
-3.561	2.97518e-020
-3.56	2.97038e-020
-3.559	2.96487e-020
-3.558	2.95867e-020
-3.557	2.95179e-020
-3.556	2.94423e-020
-3.555	2.93599e-020
-3.554	2.9271e-020
-3.553	2.91755e-020
-3.552	2.90735e-020
-3.551	2.89651e-020
-3.55	2.88505e-020
-3.549	2.87299e-020
-3.548	2.86031e-020
-3.547	2.84706e-020
-3.546	2.83322e-020
-3.545	2.81883e-020
-3.544	2.8039e-020
-3.543	2.78844e-020
-3.542	2.77248e-020
-3.541	2.75603e-020
-3.54	2.73911e-020
-3.539	2.72173e-020
-3.538	2.70393e-020
-3.537	2.68573e-020
-3.536	2.66715e-020
-3.535	2.6482e-020
-3.534	2.62891e-020
-3.533	2.60932e-020
-3.532	2.58945e-020
-3.531	2.56932e-020
-3.53	2.54895e-020
-3.529	2.52839e-020
-3.528	2.50767e-020
-3.527	2.48681e-020
-3.526	2.46584e-020
-3.525	2.44479e-020
-3.524	2.42371e-020
-3.523	2.40261e-020
-3.522	2.38155e-020
-3.521	2.36056e-020
-3.52	2.33966e-020
-3.519	2.3189e-020
-3.518	2.29832e-020
-3.517	2.27795e-020
-3.516	2.25784e-020
-3.515	2.23803e-020
-3.514	2.21856e-020
-3.513	2.19946e-020
-3.512	2.18079e-020
-3.511	2.16259e-020
-3.51	2.1449e-020
-3.509	2.12777e-020
-3.508	2.11123e-020
-3.507	2.09535e-020
-3.506	2.08016e-020
-3.505	2.06572e-020
-3.504	2.05207e-020
-3.503	2.03927e-020
-3.502	2.02735e-020
-3.501	2.01638e-020
-3.5	2.0064e-020
-3.499	1.99745e-020
-3.498	1.98961e-020
-3.497	1.98291e-020
-3.496	1.97741e-020
-3.495	1.97316e-020
-3.494	1.97022e-020
-3.493	1.96865e-020
-3.492	1.96848e-020
-3.491	1.96977e-020
-3.49	1.97259e-020
-3.489	1.97699e-020
-3.488	1.98302e-020
-3.487	1.99074e-020
-3.486	2.00019e-020
-3.485	2.01145e-020
-3.484	2.02456e-020
-3.483	2.03957e-020
-3.482	2.05655e-020
-3.481	2.07555e-020
-3.48	2.09662e-020
-3.479	2.11982e-020
-3.478	2.14521e-020
-3.477	2.17284e-020
-3.476	2.20276e-020
-3.475	2.23503e-020
-3.474	2.2697e-020
-3.473	2.30683e-020
-3.472	2.34647e-020
-3.471	2.38866e-020
-3.47	2.43349e-020
-3.469	2.48096e-020
-3.468	2.53116e-020
-3.467	2.58414e-020
-3.466	2.63993e-020
-3.465	2.69859e-020
-3.464	2.76017e-020
-3.463	2.82471e-020
-3.462	2.89226e-020
-3.461	2.96288e-020
-3.46	3.0366e-020
-3.459	3.11347e-020
-3.458	3.19353e-020
-3.457	3.27683e-020
-3.456	3.3634e-020
-3.455	3.4533e-020
-3.454	3.54654e-020
-3.453	3.64318e-020
-3.452	3.74326e-020
-3.451	3.84679e-020
-3.45	3.95384e-020
-3.449	4.06441e-020
-3.448	4.17854e-020
-3.447	4.29627e-020
-3.446	4.41764e-020
-3.445	4.54263e-020
-3.444	4.6713e-020
-3.443	4.80367e-020
-3.442	4.93975e-020
-3.441	5.07959e-020
-3.44	5.22317e-020
-3.439	5.37053e-020
-3.438	5.52168e-020
-3.437	5.67663e-020
-3.436	5.8354e-020
-3.435	5.99798e-020
-3.434	6.16437e-020
-3.433	6.33462e-020
-3.432	6.50869e-020
-3.431	6.6866e-020
-3.43	6.86835e-020
-3.429	7.05392e-020
-3.428	7.24331e-020
-3.427	7.43653e-020
-3.426	7.63355e-020
-3.425	7.83436e-020
-3.424	8.03895e-020
-3.423	8.2473e-020
-3.422	8.45938e-020
-3.421	8.67519e-020
-3.42	8.89469e-020
-3.419	9.11787e-020
-3.418	9.34468e-020
-3.417	9.57509e-020
-3.416	9.80908e-020
-3.415	1.00466e-019
-3.414	1.02876e-019
-3.413	1.05321e-019
-3.412	1.07799e-019
-3.411	1.10312e-019
-3.41	1.12857e-019
-3.409	1.15435e-019
-3.408	1.18046e-019
-3.407	1.20687e-019
-3.406	1.23359e-019
-3.405	1.26062e-019
-3.404	1.28795e-019
-3.403	1.31556e-019
-3.402	1.34345e-019
-3.401	1.37162e-019
-3.4	1.40006e-019
-3.399	1.42875e-019
-3.398	1.4577e-019
-3.397	1.48689e-019
-3.396	1.51632e-019
-3.395	1.54597e-019
-3.394	1.57584e-019
-3.393	1.60591e-019
-3.392	1.63618e-019
-3.391	1.66664e-019
-3.39	1.69728e-019
-3.389	1.72809e-019
-3.388	1.75905e-019
-3.387	1.79017e-019
-3.386	1.82142e-019
-3.385	1.85279e-019
-3.384	1.88427e-019
-3.383	1.91586e-019
-3.382	1.94754e-019
-3.381	1.97929e-019
-3.38	2.01112e-019
-3.379	2.04299e-019
-3.378	2.07491e-019
-3.377	2.10686e-019
-3.376	2.13882e-019
-3.375	2.17079e-019
-3.374	2.20274e-019
-3.373	2.23467e-019
-3.372	2.26656e-019
-3.371	2.29841e-019
-3.37	2.33019e-019
-3.369	2.36189e-019
-3.368	2.3935e-019
-3.367	2.425e-019
-3.366	2.45638e-019
-3.365	2.48764e-019
-3.364	2.51873e-019
-3.363	2.54967e-019
-3.362	2.58043e-019
-3.361	2.61099e-019
-3.36	2.64135e-019
-3.359	2.67149e-019
-3.358	2.7014e-019
-3.357	2.73104e-019
-3.356	2.76043e-019
-3.355	2.78954e-019
-3.354	2.81836e-019
-3.353	2.84686e-019
-3.352	2.87504e-019
-3.351	2.90288e-019
-3.35	2.93037e-019
-3.349	2.95749e-019
-3.348	2.98424e-019
-3.347	3.01059e-019
-3.346	3.03653e-019
-3.345	3.06205e-019
-3.344	3.08713e-019
-3.343	3.11176e-019
-3.342	3.13592e-019
-3.341	3.15961e-019
-3.34	3.18281e-019
-3.339	3.20551e-019
-3.338	3.22769e-019
-3.337	3.24933e-019
-3.336	3.27045e-019
-3.335	3.291e-019
-3.334	3.311e-019
-3.333	3.33041e-019
-3.332	3.34925e-019
-3.331	3.36748e-019
-3.33	3.38509e-019
-3.329	3.4021e-019
-3.328	3.41848e-019
-3.327	3.43421e-019
-3.326	3.44929e-019
-3.325	3.46372e-019
-3.324	3.47748e-019
-3.323	3.49057e-019
-3.322	3.50298e-019
-3.321	3.51469e-019
-3.32	3.52572e-019
-3.319	3.53603e-019
-3.318	3.54564e-019
-3.317	3.55454e-019
-3.316	3.56271e-019
-3.315	3.57016e-019
-3.314	3.57689e-019
-3.313	3.58288e-019
-3.312	3.58814e-019
-3.311	3.59266e-019
-3.31	3.59645e-019
-3.309	3.59949e-019
-3.308	3.60179e-019
-3.307	3.60336e-019
-3.306	3.60417e-019
-3.305	3.60426e-019
-3.304	3.6036e-019
-3.303	3.60221e-019
-3.302	3.60008e-019
-3.301	3.59722e-019
-3.3	3.59364e-019
-3.299	3.58934e-019
-3.298	3.58431e-019
-3.297	3.57858e-019
-3.296	3.57215e-019
-3.295	3.56502e-019
-3.294	3.55722e-019
-3.293	3.54872e-019
-3.292	3.53955e-019
-3.291	3.52974e-019
-3.29	3.51927e-019
-3.289	3.50817e-019
-3.288	3.49644e-019
-3.287	3.48411e-019
-3.286	3.47118e-019
-3.285	3.45766e-019
-3.284	3.44357e-019
-3.283	3.42895e-019
-3.282	3.41378e-019
-3.281	3.39809e-019
-3.28	3.38191e-019
-3.279	3.36526e-019
-3.278	3.34813e-019
-3.277	3.33058e-019
-3.276	3.3126e-019
-3.275	3.29423e-019
-3.274	3.27548e-019
-3.273	3.25639e-019
-3.272	3.23698e-019
-3.271	3.21726e-019
-3.27	3.19728e-019
-3.269	3.17704e-019
-3.268	3.15657e-019
-3.267	3.13592e-019
-3.266	3.1151e-019
-3.265	3.09414e-019
-3.264	3.07309e-019
-3.263	3.05196e-019
-3.262	3.03078e-019
-3.261	3.00958e-019
-3.26	2.98841e-019
-3.259	2.9673e-019
-3.258	2.94627e-019
-3.257	2.92536e-019
-3.256	2.90462e-019
-3.255	2.88405e-019
-3.254	2.86372e-019
-3.253	2.84365e-019
-3.252	2.82389e-019
-3.251	2.80446e-019
-3.25	2.78541e-019
-3.249	2.76678e-019
-3.248	2.74861e-019
-3.247	2.73093e-019
-3.246	2.71379e-019
-3.245	2.69722e-019
-3.244	2.68127e-019
-3.243	2.66599e-019
-3.242	2.6514e-019
-3.241	2.63756e-019
-3.24	2.6245e-019
-3.239	2.61227e-019
-3.238	2.60091e-019
-3.237	2.59047e-019
-3.236	2.58098e-019
-3.235	2.5725e-019
-3.234	2.56506e-019
-3.233	2.55871e-019
-3.232	2.55349e-019
-3.231	2.54946e-019
-3.23	2.54664e-019
-3.229	2.5451e-019
-3.228	2.54486e-019
-3.227	2.54598e-019
-3.226	2.5485e-019
-3.225	2.55247e-019
-3.224	2.55793e-019
-3.223	2.56492e-019
-3.222	2.5735e-019
-3.221	2.58368e-019
-3.22	2.59554e-019
-3.219	2.6091e-019
-3.218	2.62441e-019
-3.217	2.64152e-019
-3.216	2.66047e-019
-3.215	2.6813e-019
-3.214	2.70405e-019
-3.213	2.72876e-019
-3.212	2.75548e-019
-3.211	2.78424e-019
-3.21	2.81507e-019
-3.209	2.84804e-019
-3.208	2.88317e-019
-3.207	2.9205e-019
-3.206	2.96007e-019
-3.205	3.00191e-019
-3.204	3.04607e-019
-3.203	3.09256e-019
-3.202	3.14145e-019
-3.201	3.19273e-019
-3.2	3.24648e-019
-3.199	3.30271e-019
-3.198	3.36143e-019
-3.197	3.42271e-019
-3.196	3.48655e-019
-3.195	3.55299e-019
-3.194	3.62206e-019
-3.193	3.69377e-019
-3.192	3.76817e-019
-3.191	3.84527e-019
-3.19	3.92508e-019
-3.189	4.00765e-019
-3.188	4.09298e-019
-3.187	4.18109e-019
-3.186	4.272e-019
-3.185	4.36573e-019
-3.184	4.46229e-019
-3.183	4.5617e-019
-3.182	4.66397e-019
-3.181	4.7691e-019
-3.18	4.87713e-019
-3.179	4.98802e-019
-3.178	5.10181e-019
-3.177	5.21851e-019
-3.176	5.33811e-019
-3.175	5.46061e-019
-3.174	5.58601e-019
-3.173	5.71431e-019
-3.172	5.84551e-019
-3.171	5.97962e-019
-3.17	6.1166e-019
-3.169	6.25647e-019
-3.168	6.3992e-019
-3.167	6.5448e-019
-3.166	6.69323e-019
-3.165	6.8445e-019
-3.164	6.99859e-019
-3.163	7.15546e-019
-3.162	7.31513e-019
-3.161	7.47754e-019
-3.16	7.64266e-019
-3.159	7.8105e-019
-3.158	7.98101e-019
-3.157	8.15414e-019
-3.156	8.32992e-019
-3.155	8.50829e-019
-3.154	8.68917e-019
-3.153	8.87259e-019
-3.152	9.05846e-019
-3.151	9.24676e-019
-3.15	9.43744e-019
-3.149	9.63049e-019
-3.148	9.82583e-019
-3.147	1.00234e-018
-3.146	1.02232e-018
-3.145	1.04251e-018
-3.144	1.06291e-018
-3.143	1.08352e-018
-3.142	1.10433e-018
-3.141	1.12532e-018
-3.14	1.14651e-018
-3.139	1.16787e-018
-3.138	1.18941e-018
-3.137	1.21111e-018
-3.136	1.23298e-018
-3.135	1.255e-018
-3.134	1.27716e-018
-3.133	1.29947e-018
-3.132	1.32191e-018
-3.131	1.34447e-018
-3.13	1.36715e-018
-3.129	1.38994e-018
-3.128	1.41282e-018
-3.127	1.43581e-018
-3.126	1.45887e-018
-3.125	1.48202e-018
-3.124	1.50523e-018
-3.123	1.5285e-018
-3.122	1.55182e-018
-3.121	1.57518e-018
-3.12	1.59858e-018
-3.119	1.62199e-018
-3.118	1.64543e-018
-3.117	1.66886e-018
-3.116	1.6923e-018
-3.115	1.71572e-018
-3.114	1.73911e-018
-3.113	1.76248e-018
-3.112	1.7858e-018
-3.111	1.80907e-018
-3.11	1.83228e-018
-3.109	1.85541e-018
-3.108	1.87846e-018
-3.107	1.90142e-018
-3.106	1.92427e-018
-3.105	1.94702e-018
-3.104	1.96964e-018
-3.103	1.99213e-018
-3.102	2.01448e-018
-3.101	2.03667e-018
-3.1	2.0587e-018
-3.099	2.08056e-018
-3.098	2.10224e-018
-3.097	2.12372e-018
-3.096	2.145e-018
-3.095	2.16607e-018
-3.094	2.18691e-018
-3.093	2.20751e-018
-3.092	2.22788e-018
-3.091	2.24799e-018
-3.09	2.26784e-018
-3.089	2.28742e-018
-3.088	2.30672e-018
-3.087	2.32572e-018
-3.086	2.34443e-018
-3.085	2.36282e-018
-3.084	2.38089e-018
-3.083	2.39864e-018
-3.082	2.41605e-018
-3.081	2.43312e-018
-3.08	2.44983e-018
-3.079	2.46618e-018
-3.078	2.48215e-018
-3.077	2.49775e-018
-3.076	2.51296e-018
-3.075	2.52778e-018
-3.074	2.54219e-018
-3.073	2.55619e-018
-3.072	2.56978e-018
-3.071	2.58295e-018
-3.07	2.59568e-018
-3.069	2.60798e-018
-3.068	2.61984e-018
-3.067	2.63124e-018
-3.066	2.6422e-018
-3.065	2.65269e-018
-3.064	2.66272e-018
-3.063	2.67228e-018
-3.062	2.68136e-018
-3.061	2.68997e-018
-3.06	2.6981e-018
-3.059	2.70573e-018
-3.058	2.71288e-018
-3.057	2.71954e-018
-3.056	2.72571e-018
-3.055	2.73137e-018
-3.054	2.73654e-018
-3.053	2.74121e-018
-3.052	2.74537e-018
-3.051	2.74904e-018
-3.05	2.75219e-018
-3.049	2.75485e-018
-3.048	2.757e-018
-3.047	2.75864e-018
-3.046	2.75979e-018
-3.045	2.76044e-018
-3.044	2.76057e-018
-3.043	2.76017e-018
-3.042	2.75927e-018
-3.041	2.75794e-018
-3.04	2.75624e-018
-3.039	2.75425e-018
-3.038	2.75205e-018
-3.037	2.74977e-018
-3.036	2.74753e-018
-3.035	2.74548e-018
-3.034	2.74378e-018
-3.033	2.74266e-018
-3.032	2.7423e-018
-3.031	2.74304e-018
-3.03	2.74515e-018
-3.029	2.74897e-018
-3.028	2.75494e-018
-3.027	2.76352e-018
-3.026	2.77523e-018
-3.025	2.79066e-018
-3.024	2.81054e-018
-3.023	2.83562e-018
-3.022	2.8668e-018
-3.021	2.90506e-018
-3.02	2.9515e-018
-3.019	3.00742e-018
-3.018	3.07422e-018
-3.017	3.15347e-018
-3.016	3.24694e-018
-3.015	3.35662e-018
-3.014	3.48465e-018
-3.013	3.63354e-018
-3.012	3.80593e-018
-3.011	4.00485e-018
-3.01	4.23361e-018
-3.009	4.49582e-018
-3.008	4.79554e-018
-3.007	5.13714e-018
-3.006	5.52552e-018
-3.005	5.96593e-018
-3.004	6.4642e-018
-3.003	7.02669e-018
-3.002	7.66029e-018
-3.001	8.37253e-018
-3	9.17155e-018
-2.999	1.00663e-017
-2.998	1.10663e-017
-2.997	1.2182e-017
-2.996	1.34246e-017
-2.995	1.48062e-017
-2.994	1.63398e-017
-2.993	1.80394e-017
-2.992	1.99201e-017
-2.991	2.19979e-017
-2.99	2.42901e-017
-2.989	2.68151e-017
-2.988	2.95925e-017
-2.987	3.26431e-017
-2.986	3.59893e-017
-2.985	3.96545e-017
-2.984	4.36639e-017
-2.983	4.80439e-017
-2.982	5.28222e-017
-2.981	5.80288e-017
-2.98	6.36941e-017
-2.979	6.9851e-017
-2.978	7.6534e-017
-2.977	8.37782e-017
-2.976	9.1622e-017
-2.975	1.00104e-016
-2.974	1.09265e-016
-2.973	1.19147e-016
-2.972	1.29794e-016
-2.971	1.41252e-016
-2.97	1.53568e-016
-2.969	1.66789e-016
-2.968	1.80967e-016
-2.967	1.96152e-016
-2.966	2.12397e-016
-2.965	2.29754e-016
-2.964	2.48279e-016
-2.963	2.68027e-016
-2.962	2.89053e-016
-2.961	3.11414e-016
-2.96	3.35168e-016
-2.959	3.6037e-016
-2.958	3.87078e-016
-2.957	4.1535e-016
-2.956	4.45238e-016
-2.955	4.76803e-016
-2.954	5.10095e-016
-2.953	5.45169e-016
-2.952	5.82076e-016
-2.951	6.20867e-016
-2.95	6.61588e-016
-2.949	7.04284e-016
-2.948	7.49001e-016
-2.947	7.95778e-016
-2.946	8.44648e-016
-2.945	8.95651e-016
-2.944	9.48812e-016
-2.943	1.00416e-015
-2.942	1.06172e-015
-2.941	1.12151e-015
-2.94	1.18355e-015
-2.939	1.24786e-015
-2.938	1.31443e-015
-2.937	1.38329e-015
-2.936	1.45444e-015
-2.935	1.52789e-015
-2.934	1.60363e-015
-2.933	1.68169e-015
-2.932	1.76206e-015
-2.931	1.84476e-015
-2.93	1.92982e-015
-2.929	2.01725e-015
-2.928	2.10711e-015
-2.927	2.19945e-015
-2.926	2.29431e-015
-2.925	2.39182e-015
-2.924	2.49208e-015
-2.923	2.59523e-015
-2.922	2.70148e-015
-2.921	2.81102e-015
-2.92	2.92416e-015
-2.919	3.04121e-015
-2.918	3.16256e-015
-2.917	3.28872e-015
-2.916	3.42021e-015
-2.915	3.55769e-015
-2.914	3.70194e-015
-2.913	3.8538e-015
-2.912	4.01435e-015
-2.911	4.18471e-015
-2.91	4.36625e-015
-2.909	4.56049e-015
-2.908	4.76918e-015
-2.907	4.99429e-015
-2.906	5.238e-015
-2.905	5.50286e-015
-2.904	5.79164e-015
-2.903	6.1075e-015
-2.902	6.45392e-015
-2.901	6.83481e-015
-2.9	7.2545e-015
-2.899	7.71773e-015
-2.898	8.22987e-015
-2.897	8.7967e-015
-2.896	9.42463e-015
-2.895	1.01208e-014
-2.894	1.08928e-014
-2.893	1.17491e-014
-2.892	1.26991e-014
-2.891	1.37526e-014
-2.89	1.49206e-014
-2.889	1.62151e-014
-2.888	1.76488e-014
-2.887	1.92356e-014
-2.886	2.09906e-014
-2.885	2.29299e-014
-2.884	2.5071e-014
-2.883	2.74325e-014
-2.882	3.00345e-014
-2.881	3.28985e-014
-2.88	3.60473e-014
-2.879	3.95059e-014
-2.878	4.32999e-014
-2.877	4.74572e-014
-2.876	5.20074e-014
-2.875	5.69818e-014
-2.874	6.24135e-014
-2.873	6.8337e-014
-2.872	7.47899e-014
-2.871	8.18109e-014
-2.87	8.94407e-014
-2.869	9.77219e-014
-2.868	1.067e-013
-2.867	1.16421e-013
-2.866	1.26935e-013
-2.865	1.38292e-013
-2.864	1.50546e-013
-2.863	1.63751e-013
-2.862	1.77965e-013
-2.861	1.93247e-013
-2.86	2.09656e-013
-2.859	2.27257e-013
-2.858	2.46112e-013
-2.857	2.66288e-013
-2.856	2.87851e-013
-2.855	3.1087e-013
-2.854	3.35414e-013
-2.853	3.61555e-013
-2.852	3.89363e-013
-2.851	4.18909e-013
-2.85	4.50267e-013
-2.849	4.83507e-013
-2.848	5.18702e-013
-2.847	5.55926e-013
-2.846	5.95247e-013
-2.845	6.36734e-013
-2.844	6.80459e-013
-2.843	7.26487e-013
-2.842	7.74884e-013
-2.841	8.25714e-013
-2.84	8.79038e-013
-2.839	9.34916e-013
-2.838	9.93401e-013
-2.837	1.05455e-012
-2.836	1.11841e-012
-2.835	1.18503e-012
-2.834	1.25445e-012
-2.833	1.32672e-012
-2.832	1.40188e-012
-2.831	1.47995e-012
-2.83	1.56098e-012
-2.829	1.645e-012
-2.828	1.73205e-012
-2.827	1.82214e-012
-2.826	1.91533e-012
-2.825	2.01165e-012
-2.824	2.11113e-012
-2.823	2.21384e-012
-2.822	2.31982e-012
-2.821	2.42915e-012
-2.82	2.54191e-012
-2.819	2.65821e-012
-2.818	2.77817e-012
-2.817	2.90194e-012
-2.816	3.02971e-012
-2.815	3.16168e-012
-2.814	3.29813e-012
-2.813	3.43939e-012
-2.812	3.58581e-012
-2.811	3.73785e-012
-2.81	3.89603e-012
-2.809	4.06093e-012
-2.808	4.2333e-012
-2.807	4.41392e-012
-2.806	4.60375e-012
-2.805	4.8039e-012
-2.804	5.01557e-012
-2.803	5.24019e-012
-2.802	5.47938e-012
-2.801	5.73499e-012
-2.8	6.00903e-012
-2.799	6.30385e-012
-2.798	6.62204e-012
-2.797	6.96656e-012
-2.796	7.34064e-012
-2.795	7.74789e-012
-2.794	8.1924e-012
-2.793	8.67861e-012
-2.792	9.21148e-012
-2.791	9.79646e-012
-2.79	1.04396e-011
-2.789	1.11475e-011
-2.788	1.19273e-011
-2.787	1.27871e-011
-2.786	1.37355e-011
-2.785	1.4782e-011
-2.784	1.59368e-011
-2.783	1.72111e-011
-2.782	1.8617e-011
-2.781	2.01677e-011
-2.78	2.18773e-011
-2.779	2.37611e-011
-2.778	2.58355e-011
-2.777	2.81183e-011
-2.776	3.06284e-011
-2.775	3.33861e-011
-2.774	3.64133e-011
-2.773	3.97328e-011
-2.772	4.33698e-011
-2.771	4.73507e-011
-2.77	5.17029e-011
-2.769	5.64566e-011
-2.768	6.16427e-011
-2.767	6.7295e-011
-2.766	7.3448e-011
-2.765	8.01388e-011
-2.764	8.74063e-011
-2.763	9.52913e-011
-2.762	1.03836e-010
-2.761	1.13085e-010
-2.76	1.23086e-010
-2.759	1.33886e-010
-2.758	1.45536e-010
-2.757	1.58089e-010
-2.756	1.71599e-010
-2.755	1.86122e-010
-2.754	2.01716e-010
-2.753	2.18441e-010
-2.752	2.36357e-010
-2.751	2.55528e-010
-2.75	2.76018e-010
-2.749	2.97892e-010
-2.748	3.21218e-010
-2.747	3.46063e-010
-2.746	3.72495e-010
-2.745	4.00584e-010
-2.744	4.304e-010
-2.743	4.62012e-010
-2.742	4.95492e-010
-2.741	5.30908e-010
-2.74	5.68332e-010
-2.739	6.07832e-010
-2.738	6.49477e-010
-2.737	6.93335e-010
-2.736	7.39471e-010
-2.735	7.87953e-010
-2.734	8.38841e-010
-2.733	8.92201e-010
-2.732	9.4809e-010
-2.731	1.00657e-009
-2.73	1.0677e-009
-2.729	1.13152e-009
-2.728	1.1981e-009
-2.727	1.26749e-009
-2.726	1.33974e-009
-2.725	1.41491e-009
-2.724	1.49303e-009
-2.723	1.57417e-009
-2.722	1.65837e-009
-2.721	1.74569e-009
-2.72	1.8362e-009
-2.719	1.92996e-009
-2.718	2.02705e-009
-2.717	2.12753e-009
-2.716	2.23151e-009
-2.715	2.33911e-009
-2.714	2.44973e-009
-2.713	2.56261e-009
-2.712	2.67751e-009
-2.711	2.79419e-009
-2.71	2.9124e-009
-2.709	3.03193e-009
-2.708	3.15253e-009
-2.707	3.27396e-009
-2.706	3.39597e-009
-2.705	3.51834e-009
-2.704	3.64085e-009
-2.703	3.76325e-009
-2.702	3.88532e-009
-2.701	4.00686e-009
-2.7	4.12765e-009
-2.699	4.2475e-009
-2.698	4.3662e-009
-2.697	4.48359e-009
-2.696	4.59948e-009
-2.695	4.71372e-009
-2.694	4.82615e-009
-2.693	4.93665e-009
-2.692	5.04507e-009
-2.691	5.15132e-009
-2.69	5.25531e-009
-2.689	5.35693e-009
-2.688	5.45614e-009
-2.687	5.55288e-009
-2.686	5.64709e-009
-2.685	5.7388e-009
-2.684	5.82796e-009
-2.683	5.91462e-009
-2.682	5.99877e-009
-2.681	6.08048e-009
-2.68	6.1598e-009
-2.679	6.23683e-009
-2.678	6.31164e-009
-2.677	6.38436e-009
-2.676	6.4551e-009
-2.675	6.52402e-009
-2.674	6.59127e-009
-2.673	6.65703e-009
-2.672	6.72148e-009
-2.671	6.78482e-009
-2.67	6.84727e-009
-2.669	6.90905e-009
-2.668	6.97042e-009
-2.667	7.0316e-009
-2.666	7.09287e-009
-2.665	7.1545e-009
-2.664	7.21675e-009
-2.663	7.27993e-009
-2.662	7.34433e-009
-2.661	7.41023e-009
-2.66	7.47794e-009
-2.659	7.54777e-009
-2.658	7.62003e-009
-2.657	7.69503e-009
-2.656	7.77307e-009
-2.655	7.85447e-009
-2.654	7.93954e-009
-2.653	8.02858e-009
-2.652	8.12186e-009
-2.651	8.21971e-009
-2.65	8.3224e-009
-2.649	8.43021e-009
-2.648	8.54341e-009
-2.647	8.66224e-009
-2.646	8.78696e-009
-2.645	8.9178e-009
-2.644	9.05501e-009
-2.643	9.19874e-009
-2.642	9.3492e-009
-2.641	9.50657e-009
-2.64	9.67102e-009
-2.639	9.84266e-009
-2.638	1.00216e-008
-2.637	1.02079e-008
-2.636	1.04018e-008
-2.635	1.06031e-008
-2.634	1.08121e-008
-2.633	1.10286e-008
-2.632	1.12526e-008
-2.631	1.14842e-008
-2.63	1.17233e-008
-2.629	1.19697e-008
-2.628	1.22234e-008
-2.627	1.24843e-008
-2.626	1.27521e-008
-2.625	1.30268e-008
-2.624	1.3308e-008
-2.623	1.35956e-008
-2.622	1.38894e-008
-2.621	1.4189e-008
-2.62	1.44942e-008
-2.619	1.48047e-008
-2.618	1.512e-008
-2.617	1.544e-008
-2.616	1.57641e-008
-2.615	1.60921e-008
-2.614	1.64235e-008
-2.613	1.67579e-008
-2.612	1.70949e-008
-2.611	1.7434e-008
-2.61	1.77748e-008
-2.609	1.81168e-008
-2.608	1.84596e-008
-2.607	1.88026e-008
-2.606	1.91454e-008
-2.605	1.94875e-008
-2.604	1.98284e-008
-2.603	2.01677e-008
-2.602	2.05048e-008
-2.601	2.08392e-008
-2.6	2.11706e-008
-2.599	2.14985e-008
-2.598	2.18223e-008
-2.597	2.21417e-008
-2.596	2.24563e-008
-2.595	2.27655e-008
-2.594	2.3069e-008
-2.593	2.33666e-008
-2.592	2.36577e-008
-2.591	2.39421e-008
-2.59	2.42195e-008
-2.589	2.44896e-008
-2.588	2.47521e-008
-2.587	2.50069e-008
-2.586	2.52538e-008
-2.585	2.54926e-008
-2.584	2.57231e-008
-2.583	2.59454e-008
-2.582	2.61594e-008
-2.581	2.6365e-008
-2.58	2.65623e-008
-2.579	2.67515e-008
-2.578	2.69326e-008
-2.577	2.71057e-008
-2.576	2.72711e-008
-2.575	2.74291e-008
-2.574	2.75798e-008
-2.573	2.77237e-008
-2.572	2.78612e-008
-2.571	2.79927e-008
-2.57	2.81186e-008
-2.569	2.82394e-008
-2.568	2.83558e-008
-2.567	2.84683e-008
-2.566	2.85775e-008
-2.565	2.86841e-008
-2.564	2.87889e-008
-2.563	2.88926e-008
-2.562	2.89961e-008
-2.561	2.91001e-008
-2.56	2.92055e-008
-2.559	2.93132e-008
-2.558	2.94242e-008
-2.557	2.95394e-008
-2.556	2.96599e-008
-2.555	2.97865e-008
-2.554	2.99204e-008
-2.553	3.00626e-008
-2.552	3.02141e-008
-2.551	3.03761e-008
-2.55	3.05497e-008
-2.549	3.07359e-008
-2.548	3.09358e-008
-2.547	3.11506e-008
-2.546	3.13813e-008
-2.545	3.16292e-008
-2.544	3.18951e-008
-2.543	3.21804e-008
-2.542	3.24859e-008
-2.541	3.28128e-008
-2.54	3.31622e-008
-2.539	3.35349e-008
-2.538	3.39319e-008
-2.537	3.43543e-008
-2.536	3.48029e-008
-2.535	3.52787e-008
-2.534	3.57823e-008
-2.533	3.63146e-008
-2.532	3.68764e-008
-2.531	3.74683e-008
-2.53	3.8091e-008
-2.529	3.87449e-008
-2.528	3.94307e-008
-2.527	4.01487e-008
-2.526	4.08995e-008
-2.525	4.16833e-008
-2.524	4.25003e-008
-2.523	4.33507e-008
-2.522	4.42346e-008
-2.521	4.51521e-008
-2.52	4.6103e-008
-2.519	4.70873e-008
-2.518	4.81048e-008
-2.517	4.91551e-008
-2.516	5.0238e-008
-2.515	5.1353e-008
-2.514	5.24995e-008
-2.513	5.36769e-008
-2.512	5.48846e-008
-2.511	5.61217e-008
-2.51	5.73874e-008
-2.509	5.86809e-008
-2.508	6.0001e-008
-2.507	6.13466e-008
-2.506	6.27168e-008
-2.505	6.41101e-008
-2.504	6.55254e-008
-2.503	6.69611e-008
-2.502	6.84159e-008
-2.501	6.98884e-008
-2.5	7.13768e-008
-2.499	7.28799e-008
-2.498	7.43957e-008
-2.497	7.59226e-008
-2.496	7.74589e-008
-2.495	7.90027e-008
-2.494	8.05523e-008
-2.493	8.21056e-008
-2.492	8.36611e-008
-2.491	8.52166e-008
-2.49	8.67704e-008
-2.489	8.83205e-008
-2.488	8.98651e-008
-2.487	9.1402e-008
-2.486	9.29295e-008
-2.485	9.44457e-008
-2.484	9.59487e-008
-2.483	9.74367e-008
-2.482	9.89079e-008
-2.481	1.0036e-007
-2.48	1.01792e-007
-2.479	1.03203e-007
-2.478	1.04589e-007
-2.477	1.0595e-007
-2.476	1.07284e-007
-2.475	1.08591e-007
-2.474	1.09867e-007
-2.473	1.11113e-007
-2.472	1.12327e-007
-2.471	1.13508e-007
-2.47	1.14656e-007
-2.469	1.15768e-007
-2.468	1.16845e-007
-2.467	1.17885e-007
-2.466	1.18889e-007
-2.465	1.19856e-007
-2.464	1.20785e-007
-2.463	1.21677e-007
-2.462	1.22531e-007
-2.461	1.23349e-007
-2.46	1.24128e-007
-2.459	1.24871e-007
-2.458	1.25578e-007
-2.457	1.2625e-007
-2.456	1.26887e-007
-2.455	1.2749e-007
-2.454	1.28061e-007
-2.453	1.28601e-007
-2.452	1.29111e-007
-2.451	1.29593e-007
-2.45	1.30049e-007
-2.449	1.30479e-007
-2.448	1.30888e-007
-2.447	1.31276e-007
-2.446	1.31646e-007
-2.445	1.32e-007
-2.444	1.3234e-007
-2.443	1.32671e-007
-2.442	1.32993e-007
-2.441	1.33311e-007
-2.44	1.33626e-007
-2.439	1.33943e-007
-2.438	1.34264e-007
-2.437	1.34592e-007
-2.436	1.34932e-007
-2.435	1.35286e-007
-2.434	1.35658e-007
-2.433	1.36051e-007
-2.432	1.36469e-007
-2.431	1.36915e-007
-2.43	1.37394e-007
-2.429	1.37909e-007
-2.428	1.38463e-007
-2.427	1.39061e-007
-2.426	1.39706e-007
-2.425	1.40401e-007
-2.424	1.41151e-007
-2.423	1.41959e-007
-2.422	1.42828e-007
-2.421	1.43762e-007
-2.42	1.44765e-007
-2.419	1.45839e-007
-2.418	1.46988e-007
-2.417	1.48216e-007
-2.416	1.49525e-007
-2.415	1.50918e-007
-2.414	1.52399e-007
-2.413	1.53969e-007
-2.412	1.55632e-007
-2.411	1.57389e-007
-2.41	1.59243e-007
-2.409	1.61197e-007
-2.408	1.63251e-007
-2.407	1.65408e-007
-2.406	1.67669e-007
-2.405	1.70035e-007
-2.404	1.72508e-007
-2.403	1.75089e-007
-2.402	1.77777e-007
-2.401	1.80574e-007
-2.4	1.83479e-007
-2.399	1.86494e-007
-2.398	1.89617e-007
-2.397	1.92847e-007
-2.396	1.96185e-007
-2.395	1.9963e-007
-2.394	2.03179e-007
-2.393	2.06832e-007
-2.392	2.10588e-007
-2.391	2.14443e-007
-2.39	2.18396e-007
-2.389	2.22445e-007
-2.388	2.26587e-007
-2.387	2.30818e-007
-2.386	2.35137e-007
-2.385	2.39539e-007
-2.384	2.44021e-007
-2.383	2.4858e-007
-2.382	2.53211e-007
-2.381	2.57911e-007
-2.38	2.62675e-007
-2.379	2.67498e-007
-2.378	2.72377e-007
-2.377	2.77306e-007
-2.376	2.82281e-007
-2.375	2.87296e-007
-2.374	2.92346e-007
-2.373	2.97426e-007
-2.372	3.02531e-007
-2.371	3.07656e-007
-2.37	3.12794e-007
-2.369	3.17941e-007
-2.368	3.2309e-007
-2.367	3.28237e-007
-2.366	3.33375e-007
-2.365	3.38499e-007
-2.364	3.43604e-007
-2.363	3.48684e-007
-2.362	3.53734e-007
-2.361	3.58748e-007
-2.36	3.6372e-007
-2.359	3.68646e-007
-2.358	3.73521e-007
-2.357	3.7834e-007
-2.356	3.83099e-007
-2.355	3.87792e-007
-2.354	3.92415e-007
-2.353	3.96965e-007
-2.352	4.01437e-007
-2.351	4.05826e-007
-2.35	4.10131e-007
-2.349	4.14347e-007
-2.348	4.18472e-007
-2.347	4.22503e-007
-2.346	4.26438e-007
-2.345	4.30275e-007
-2.344	4.34012e-007
-2.343	4.37646e-007
-2.342	4.41179e-007
-2.341	4.44608e-007
-2.34	4.47933e-007
-2.339	4.51154e-007
-2.338	4.54272e-007
-2.337	4.57288e-007
-2.336	4.60202e-007
-2.335	4.63016e-007
-2.334	4.6573e-007
-2.333	4.68349e-007
-2.332	4.70875e-007
-2.331	4.7331e-007
-2.33	4.75657e-007
-2.329	4.77922e-007
-2.328	4.80107e-007
-2.327	4.82217e-007
-2.326	4.84258e-007
-2.325	4.86232e-007
-2.324	4.88148e-007
-2.323	4.9001e-007
-2.322	4.91824e-007
-2.321	4.93598e-007
-2.32	4.95338e-007
-2.319	4.97051e-007
-2.318	4.98744e-007
-2.317	5.00425e-007
-2.316	5.02102e-007
-2.315	5.03782e-007
-2.314	5.05474e-007
-2.313	5.07187e-007
-2.312	5.0893e-007
-2.311	5.1071e-007
-2.31	5.12537e-007
-2.309	5.1442e-007
-2.308	5.16368e-007
-2.307	5.1839e-007
-2.306	5.20495e-007
-2.305	5.22693e-007
-2.304	5.24993e-007
-2.303	5.27403e-007
-2.302	5.29934e-007
-2.301	5.32593e-007
-2.3	5.35391e-007
-2.299	5.38336e-007
-2.298	5.41438e-007
-2.297	5.44703e-007
-2.296	5.4814e-007
-2.295	5.51758e-007
-2.294	5.55564e-007
-2.293	5.59566e-007
-2.292	5.63773e-007
-2.291	5.68189e-007
-2.29	5.72823e-007
-2.289	5.7768e-007
-2.288	5.82766e-007
-2.287	5.88086e-007
-2.286	5.93646e-007
-2.285	5.99451e-007
-2.284	6.05505e-007
-2.283	6.11812e-007
-2.282	6.18376e-007
-2.281	6.25197e-007
-2.28	6.3228e-007
-2.279	6.39626e-007
-2.278	6.47237e-007
-2.277	6.55112e-007
-2.276	6.63252e-007
-2.275	6.71658e-007
-2.274	6.80328e-007
-2.273	6.89261e-007
-2.272	6.98455e-007
-2.271	7.07907e-007
-2.27	7.17614e-007
-2.269	7.27573e-007
-2.268	7.37779e-007
-2.267	7.48227e-007
-2.266	7.58915e-007
-2.265	7.69833e-007
-2.264	7.80977e-007
-2.263	7.9234e-007
-2.262	8.03914e-007
-2.261	8.15691e-007
-2.26	8.27664e-007
-2.259	8.39824e-007
-2.258	8.52163e-007
-2.257	8.64669e-007
-2.256	8.77335e-007
-2.255	8.90149e-007
-2.254	9.03101e-007
-2.253	9.1618e-007
-2.252	9.29375e-007
-2.251	9.42674e-007
-2.25	9.56065e-007
-2.249	9.69539e-007
-2.248	9.83082e-007
-2.247	9.96683e-007
-2.246	1.01033e-006
-2.245	1.02401e-006
-2.244	1.03771e-006
-2.243	1.05141e-006
-2.242	1.06512e-006
-2.241	1.0788e-006
-2.24	1.09246e-006
-2.239	1.10608e-006
-2.238	1.11965e-006
-2.237	1.13315e-006
-2.236	1.14658e-006
-2.235	1.15992e-006
-2.234	1.17316e-006
-2.233	1.1863e-006
-2.232	1.19932e-006
-2.231	1.21221e-006
-2.23	1.22496e-006
-2.229	1.23757e-006
-2.228	1.25002e-006
-2.227	1.26231e-006
-2.226	1.27444e-006
-2.225	1.28638e-006
-2.224	1.29815e-006
-2.223	1.30973e-006
-2.222	1.32111e-006
-2.221	1.3323e-006
-2.22	1.34329e-006
-2.219	1.35408e-006
-2.218	1.36466e-006
-2.217	1.37503e-006
-2.216	1.3852e-006
-2.215	1.39515e-006
-2.214	1.40491e-006
-2.213	1.41446e-006
-2.212	1.4238e-006
-2.211	1.43295e-006
-2.21	1.4419e-006
-2.209	1.45066e-006
-2.208	1.45923e-006
-2.207	1.46763e-006
-2.206	1.47586e-006
-2.205	1.48392e-006
-2.204	1.49182e-006
-2.203	1.49958e-006
-2.202	1.50721e-006
-2.201	1.5147e-006
-2.2	1.52208e-006
-2.199	1.52936e-006
-2.198	1.53656e-006
-2.197	1.54367e-006
-2.196	1.55072e-006
-2.195	1.55772e-006
-2.194	1.56469e-006
-2.193	1.57164e-006
-2.192	1.57859e-006
-2.191	1.58555e-006
-2.19	1.59254e-006
-2.189	1.59958e-006
-2.188	1.60668e-006
-2.187	1.61386e-006
-2.186	1.62114e-006
-2.185	1.62854e-006
-2.184	1.63608e-006
-2.183	1.64377e-006
-2.182	1.65163e-006
-2.181	1.65968e-006
-2.18	1.66793e-006
-2.179	1.67641e-006
-2.178	1.68514e-006
-2.177	1.69413e-006
-2.176	1.70339e-006
-2.175	1.71295e-006
-2.174	1.72283e-006
-2.173	1.73303e-006
-2.172	1.74358e-006
-2.171	1.75449e-006
-2.17	1.76578e-006
-2.169	1.77746e-006
-2.168	1.78954e-006
-2.167	1.80204e-006
-2.166	1.81497e-006
-2.165	1.82835e-006
-2.164	1.84217e-006
-2.163	1.85647e-006
-2.162	1.87124e-006
-2.161	1.8865e-006
-2.16	1.90224e-006
-2.159	1.91849e-006
-2.158	1.93524e-006
-2.157	1.9525e-006
-2.156	1.97028e-006
-2.155	1.98858e-006
-2.154	2.0074e-006
-2.153	2.02675e-006
-2.152	2.04662e-006
-2.151	2.06701e-006
-2.15	2.08793e-006
-2.149	2.10936e-006
-2.148	2.13132e-006
-2.147	2.15378e-006
-2.146	2.17675e-006
-2.145	2.20023e-006
-2.144	2.22419e-006
-2.143	2.24864e-006
-2.142	2.27356e-006
-2.141	2.29895e-006
-2.14	2.32479e-006
-2.139	2.35108e-006
-2.138	2.37779e-006
-2.137	2.40492e-006
-2.136	2.43245e-006
-2.135	2.46036e-006
-2.134	2.48865e-006
-2.133	2.51728e-006
-2.132	2.54624e-006
-2.131	2.57553e-006
-2.13	2.60511e-006
-2.129	2.63497e-006
-2.128	2.66509e-006
-2.127	2.69546e-006
-2.126	2.72603e-006
-2.125	2.75681e-006
-2.124	2.78776e-006
-2.123	2.81887e-006
-2.122	2.85012e-006
-2.121	2.88148e-006
-2.12	2.91293e-006
-2.119	2.94445e-006
-2.118	2.97602e-006
-2.117	3.00762e-006
-2.116	3.03922e-006
-2.115	3.07081e-006
-2.114	3.10236e-006
-2.113	3.13387e-006
-2.112	3.16529e-006
-2.111	3.19663e-006
-2.11	3.22785e-006
-2.109	3.25894e-006
-2.108	3.28988e-006
-2.107	3.32066e-006
-2.106	3.35126e-006
-2.105	3.38166e-006
-2.104	3.41185e-006
-2.103	3.44182e-006
-2.102	3.47156e-006
-2.101	3.50105e-006
-2.1	3.53028e-006
-2.099	3.55925e-006
-2.098	3.58794e-006
-2.097	3.61635e-006
-2.096	3.64447e-006
-2.095	3.67229e-006
-2.094	3.69982e-006
-2.093	3.72706e-006
-2.092	3.75399e-006
-2.091	3.78061e-006
-2.09	3.80695e-006
-2.089	3.83299e-006
-2.088	3.85873e-006
-2.087	3.88419e-006
-2.086	3.90936e-006
-2.085	3.93427e-006
-2.084	3.9589e-006
-2.083	3.98329e-006
-2.082	4.00743e-006
-2.081	4.03134e-006
-2.08	4.05504e-006
-2.079	4.07854e-006
-2.078	4.10186e-006
-2.077	4.12501e-006
-2.076	4.14801e-006
-2.075	4.17088e-006
-2.074	4.19365e-006
-2.073	4.21632e-006
-2.072	4.23894e-006
-2.071	4.26151e-006
-2.07	4.28407e-006
-2.069	4.30662e-006
-2.068	4.32922e-006
-2.067	4.35188e-006
-2.066	4.37462e-006
-2.065	4.39748e-006
-2.064	4.42048e-006
-2.063	4.44366e-006
-2.062	4.46702e-006
-2.061	4.49062e-006
-2.06	4.51446e-006
-2.059	4.5386e-006
-2.058	4.56306e-006
-2.057	4.58785e-006
-2.056	4.61303e-006
-2.055	4.63859e-006
-2.054	4.66459e-006
-2.053	4.69105e-006
-2.052	4.718e-006
-2.051	4.74547e-006
-2.05	4.77347e-006
-2.049	4.80204e-006
-2.048	4.83121e-006
-2.047	4.861e-006
-2.046	4.89143e-006
-2.045	4.92253e-006
-2.044	4.95432e-006
-2.043	4.98681e-006
-2.042	5.02005e-006
-2.041	5.05403e-006
-2.04	5.08879e-006
-2.039	5.12434e-006
-2.038	5.16069e-006
-2.037	5.19785e-006
-2.036	5.23585e-006
-2.035	5.2747e-006
-2.034	5.3144e-006
-2.033	5.35496e-006
-2.032	5.39641e-006
-2.031	5.43873e-006
-2.03	5.48193e-006
-2.029	5.52602e-006
-2.028	5.57102e-006
-2.027	5.61689e-006
-2.026	5.66367e-006
-2.025	5.71133e-006
-2.024	5.75987e-006
-2.023	5.80929e-006
-2.022	5.85958e-006
-2.021	5.91075e-006
-2.02	5.96277e-006
-2.019	6.01562e-006
-2.018	6.06931e-006
-2.017	6.12381e-006
-2.016	6.17912e-006
-2.015	6.23521e-006
-2.014	6.29206e-006
-2.013	6.34966e-006
-2.012	6.40799e-006
-2.011	6.46702e-006
-2.01	6.52674e-006
-2.009	6.5871e-006
-2.008	6.64812e-006
-2.007	6.70973e-006
-2.006	6.77193e-006
-2.005	6.8347e-006
-2.004	6.89798e-006
-2.003	6.96177e-006
-2.002	7.02603e-006
-2.001	7.09074e-006
-2	7.15585e-006
-1.999	7.22135e-006
-1.998	7.2872e-006
-1.997	7.35336e-006
-1.996	7.41982e-006
-1.995	7.48654e-006
-1.994	7.55351e-006
-1.993	7.62067e-006
-1.992	7.688e-006
-1.991	7.75547e-006
-1.99	7.82306e-006
-1.989	7.89073e-006
-1.988	7.95847e-006
-1.987	8.02623e-006
-1.986	8.094e-006
-1.985	8.16174e-006
-1.984	8.22944e-006
-1.983	8.29708e-006
-1.982	8.36462e-006
-1.981	8.43205e-006
-1.98	8.49934e-006
-1.979	8.56649e-006
-1.978	8.63347e-006
-1.977	8.70027e-006
-1.976	8.76685e-006
-1.975	8.83323e-006
-1.974	8.89939e-006
-1.973	8.9653e-006
-1.972	9.03098e-006
-1.971	9.09639e-006
-1.97	9.16157e-006
-1.969	9.22647e-006
-1.968	9.29113e-006
-1.967	9.35551e-006
-1.966	9.41963e-006
-1.965	9.48351e-006
-1.964	9.54711e-006
-1.963	9.61049e-006
-1.962	9.67363e-006
-1.961	9.73654e-006
-1.96	9.79923e-006
-1.959	9.86172e-006
-1.958	9.92404e-006
-1.957	9.98619e-006
-1.956	1.00482e-005
-1.955	1.01101e-005
-1.954	1.01718e-005
-1.953	1.02335e-005
-1.952	1.02952e-005
-1.951	1.03567e-005
-1.95	1.04183e-005
-1.949	1.048e-005
-1.948	1.05417e-005
-1.947	1.06034e-005
-1.946	1.06653e-005
-1.945	1.07274e-005
-1.944	1.07896e-005
-1.943	1.08521e-005
-1.942	1.09148e-005
-1.941	1.09779e-005
-1.94	1.10412e-005
-1.939	1.1105e-005
-1.938	1.11691e-005
-1.937	1.12337e-005
-1.936	1.12988e-005
-1.935	1.13645e-005
-1.934	1.14307e-005
-1.933	1.14975e-005
-1.932	1.1565e-005
-1.931	1.16332e-005
-1.93	1.17021e-005
-1.929	1.17718e-005
-1.928	1.18423e-005
-1.927	1.19136e-005
-1.926	1.19859e-005
-1.925	1.2059e-005
-1.924	1.21331e-005
-1.923	1.22083e-005
-1.922	1.22844e-005
-1.921	1.23616e-005
-1.92	1.24399e-005
-1.919	1.25193e-005
-1.918	1.25999e-005
-1.917	1.26816e-005
-1.916	1.27646e-005
-1.915	1.28488e-005
-1.914	1.29343e-005
-1.913	1.3021e-005
-1.912	1.31091e-005
-1.911	1.31984e-005
-1.91	1.32891e-005
-1.909	1.33812e-005
-1.908	1.34746e-005
-1.907	1.35694e-005
-1.906	1.36656e-005
-1.905	1.37632e-005
-1.904	1.38622e-005
-1.903	1.39626e-005
-1.902	1.40644e-005
-1.901	1.41676e-005
-1.9	1.42722e-005
-1.899	1.43782e-005
-1.898	1.44857e-005
-1.897	1.45945e-005
-1.896	1.47047e-005
-1.895	1.48163e-005
-1.894	1.49293e-005
-1.893	1.50436e-005
-1.892	1.51592e-005
-1.891	1.52762e-005
-1.89	1.53944e-005
-1.889	1.55139e-005
-1.888	1.56347e-005
-1.887	1.57567e-005
-1.886	1.58799e-005
-1.885	1.60043e-005
-1.884	1.61298e-005
-1.883	1.62565e-005
-1.882	1.63843e-005
-1.881	1.65131e-005
-1.88	1.6643e-005
-1.879	1.67738e-005
-1.878	1.69057e-005
-1.877	1.70385e-005
-1.876	1.71721e-005
-1.875	1.73066e-005
-1.874	1.7442e-005
-1.873	1.75782e-005
-1.872	1.77151e-005
-1.871	1.78528e-005
-1.87	1.79912e-005
-1.869	1.81302e-005
-1.868	1.82698e-005
-1.867	1.84101e-005
-1.866	1.85508e-005
-1.865	1.86922e-005
-1.864	1.8834e-005
-1.863	1.89762e-005
-1.862	1.91189e-005
-1.861	1.9262e-005
-1.86	1.94055e-005
-1.859	1.95493e-005
-1.858	1.96935e-005
-1.857	1.98379e-005
-1.856	1.99826e-005
-1.855	2.01276e-005
-1.854	2.02727e-005
-1.853	2.04181e-005
-1.852	2.05637e-005
-1.851	2.07095e-005
-1.85	2.08554e-005
-1.849	2.10015e-005
-1.848	2.11477e-005
-1.847	2.1294e-005
-1.846	2.14405e-005
-1.845	2.15871e-005
-1.844	2.17338e-005
-1.843	2.18807e-005
-1.842	2.20276e-005
-1.841	2.21747e-005
-1.84	2.2322e-005
-1.839	2.24693e-005
-1.838	2.26168e-005
-1.837	2.27645e-005
-1.836	2.29124e-005
-1.835	2.30605e-005
-1.834	2.32087e-005
-1.833	2.33572e-005
-1.832	2.3506e-005
-1.831	2.3655e-005
-1.83	2.38044e-005
-1.829	2.39541e-005
-1.828	2.41041e-005
-1.827	2.42546e-005
-1.826	2.44054e-005
-1.825	2.45568e-005
-1.824	2.47086e-005
-1.823	2.4861e-005
-1.822	2.5014e-005
-1.821	2.51675e-005
-1.82	2.53218e-005
-1.819	2.54768e-005
-1.818	2.56324e-005
-1.817	2.57889e-005
-1.816	2.59463e-005
-1.815	2.61044e-005
-1.814	2.62636e-005
-1.813	2.64237e-005
-1.812	2.65848e-005
-1.811	2.67471e-005
-1.81	2.69104e-005
-1.809	2.7075e-005
-1.808	2.72407e-005
-1.807	2.74077e-005
-1.806	2.75761e-005
-1.805	2.77458e-005
-1.804	2.79169e-005
-1.803	2.80895e-005
-1.802	2.82637e-005
-1.801	2.84394e-005
-1.8	2.86167e-005
-1.799	2.87956e-005
-1.798	2.89762e-005
-1.797	2.91586e-005
-1.796	2.93428e-005
-1.795	2.95287e-005
-1.794	2.97166e-005
-1.793	2.99063e-005
-1.792	3.0098e-005
-1.791	3.02915e-005
-1.79	3.04872e-005
-1.789	3.06848e-005
-1.788	3.08846e-005
-1.787	3.10864e-005
-1.786	3.12904e-005
-1.785	3.14965e-005
-1.784	3.17048e-005
-1.783	3.19152e-005
-1.782	3.21278e-005
-1.781	3.23428e-005
-1.78	3.25598e-005
-1.779	3.27792e-005
-1.778	3.30008e-005
-1.777	3.32247e-005
-1.776	3.34509e-005
-1.775	3.36793e-005
-1.774	3.39101e-005
-1.773	3.41431e-005
-1.772	3.43784e-005
-1.771	3.46159e-005
-1.77	3.48558e-005
-1.769	3.50979e-005
-1.768	3.53423e-005
-1.767	3.55889e-005
-1.766	3.58377e-005
-1.765	3.60888e-005
-1.764	3.63421e-005
-1.763	3.65976e-005
-1.762	3.68552e-005
-1.761	3.7115e-005
-1.76	3.73768e-005
-1.759	3.76409e-005
-1.758	3.79069e-005
-1.757	3.8175e-005
-1.756	3.84451e-005
-1.755	3.87173e-005
-1.754	3.89914e-005
-1.753	3.92674e-005
-1.752	3.95454e-005
-1.751	3.98252e-005
-1.75	4.01068e-005
-1.749	4.03903e-005
-1.748	4.06756e-005
-1.747	4.09626e-005
-1.746	4.12514e-005
-1.745	4.15418e-005
-1.744	4.18338e-005
-1.743	4.21275e-005
-1.742	4.24229e-005
-1.741	4.27197e-005
-1.74	4.30181e-005
-1.739	4.3318e-005
-1.738	4.36194e-005
-1.737	4.39223e-005
-1.736	4.42265e-005
-1.735	4.45322e-005
-1.734	4.48393e-005
-1.733	4.51477e-005
-1.732	4.54575e-005
-1.731	4.57685e-005
-1.73	4.60809e-005
-1.729	4.63946e-005
-1.728	4.67094e-005
-1.727	4.70256e-005
-1.726	4.73429e-005
-1.725	4.76616e-005
-1.724	4.79815e-005
-1.723	4.83026e-005
-1.722	4.86249e-005
-1.721	4.89484e-005
-1.72	4.9273e-005
-1.719	4.95989e-005
-1.718	4.9926e-005
-1.717	5.02544e-005
-1.716	5.0584e-005
-1.715	5.09149e-005
-1.714	5.1247e-005
-1.713	5.15804e-005
-1.712	5.19151e-005
-1.711	5.2251e-005
-1.71	5.25884e-005
-1.709	5.29271e-005
-1.708	5.32672e-005
-1.707	5.36087e-005
-1.706	5.39516e-005
-1.705	5.4296e-005
-1.704	5.46419e-005
-1.703	5.49894e-005
-1.702	5.53384e-005
-1.701	5.56892e-005
-1.7	5.60416e-005
-1.699	5.63957e-005
-1.698	5.67515e-005
-1.697	5.71091e-005
-1.696	5.74686e-005
-1.695	5.783e-005
-1.694	5.81934e-005
-1.693	5.85587e-005
-1.692	5.89262e-005
-1.691	5.92957e-005
-1.69	5.96674e-005
-1.689	6.00413e-005
-1.688	6.04175e-005
-1.687	6.0796e-005
-1.686	6.1177e-005
-1.685	6.15604e-005
-1.684	6.19463e-005
-1.683	6.23348e-005
-1.682	6.27258e-005
-1.681	6.31196e-005
-1.68	6.35162e-005
-1.679	6.39155e-005
-1.678	6.43176e-005
-1.677	6.47228e-005
-1.676	6.51309e-005
-1.675	6.5542e-005
-1.674	6.59562e-005
-1.673	6.63735e-005
-1.672	6.67941e-005
-1.671	6.72179e-005
-1.67	6.7645e-005
-1.669	6.80753e-005
-1.668	6.85092e-005
-1.667	6.89465e-005
-1.666	6.93874e-005
-1.665	6.98317e-005
-1.664	7.02796e-005
-1.663	7.07311e-005
-1.662	7.11864e-005
-1.661	7.16454e-005
-1.66	7.21081e-005
-1.659	7.25747e-005
-1.658	7.3045e-005
-1.657	7.35192e-005
-1.656	7.39972e-005
-1.655	7.44791e-005
-1.654	7.49651e-005
-1.653	7.54549e-005
-1.652	7.59488e-005
-1.651	7.64468e-005
-1.65	7.69487e-005
-1.649	7.74545e-005
-1.648	7.79645e-005
-1.647	7.84786e-005
-1.646	7.89967e-005
-1.645	7.95189e-005
-1.644	8.00451e-005
-1.643	8.05755e-005
-1.642	8.11102e-005
-1.641	8.16488e-005
-1.64	8.21916e-005
-1.639	8.27385e-005
-1.638	8.32894e-005
-1.637	8.38446e-005
-1.636	8.44037e-005
-1.635	8.4967e-005
-1.634	8.55343e-005
-1.633	8.61056e-005
-1.632	8.66811e-005
-1.631	8.72606e-005
-1.63	8.78442e-005
-1.629	8.84319e-005
-1.628	8.90234e-005
-1.627	8.9619e-005
-1.626	9.02187e-005
-1.625	9.08221e-005
-1.624	9.14296e-005
-1.623	9.2041e-005
-1.622	9.26564e-005
-1.621	9.32756e-005
-1.62	9.38988e-005
-1.619	9.45258e-005
-1.618	9.51566e-005
-1.617	9.57912e-005
-1.616	9.64298e-005
-1.615	9.70721e-005
-1.614	9.77181e-005
-1.613	9.8368e-005
-1.612	9.90216e-005
-1.611	9.9679e-005
-1.61	0.00010034
-1.609	0.000101005
-1.608	0.000101673
-1.607	0.000102346
-1.606	0.000103022
-1.605	0.000103701
-1.604	0.000104385
-1.603	0.000105072
-1.602	0.000105763
-1.601	0.000106457
-1.6	0.000107155
-1.599	0.000107857
-1.598	0.000108563
-1.597	0.000109272
-1.596	0.000109985
-1.595	0.000110702
-1.594	0.000111422
-1.593	0.000112147
-1.592	0.000112875
-1.591	0.000113607
-1.59	0.000114343
-1.589	0.000115082
-1.588	0.000115826
-1.587	0.000116574
-1.586	0.000117325
-1.585	0.000118081
-1.584	0.00011884
-1.583	0.000119604
-1.582	0.000120372
-1.581	0.000121144
-1.58	0.00012192
-1.579	0.0001227
-1.578	0.000123485
-1.577	0.000124274
-1.576	0.000125067
-1.575	0.000125865
-1.574	0.000126667
-1.573	0.000127475
-1.572	0.000128286
-1.571	0.000129102
-1.57	0.000129924
-1.569	0.000130749
-1.568	0.00013158
-1.567	0.000132416
-1.566	0.000133257
-1.565	0.000134103
-1.564	0.000134954
-1.563	0.00013581
-1.562	0.000136672
-1.561	0.000137539
-1.56	0.000138411
-1.559	0.000139289
-1.558	0.000140173
-1.557	0.000141063
-1.556	0.000141958
-1.555	0.000142859
-1.554	0.000143765
-1.553	0.000144678
-1.552	0.000145597
-1.551	0.000146522
-1.55	0.000147454
-1.549	0.000148392
-1.548	0.000149336
-1.547	0.000150286
-1.546	0.000151243
-1.545	0.000152206
-1.544	0.000153177
-1.543	0.000154154
-1.542	0.000155138
-1.541	0.000156128
-1.54	0.000157126
-1.539	0.000158131
-1.538	0.000159142
-1.537	0.000160161
-1.536	0.000161187
-1.535	0.000162221
-1.534	0.000163261
-1.533	0.00016431
-1.532	0.000165365
-1.531	0.000166429
-1.53	0.000167499
-1.529	0.000168578
-1.528	0.000169664
-1.527	0.000170757
-1.526	0.000171859
-1.525	0.000172968
-1.524	0.000174086
-1.523	0.000175211
-1.522	0.000176344
-1.521	0.000177485
-1.52	0.000178634
-1.519	0.000179791
-1.518	0.000180957
-1.517	0.00018213
-1.516	0.000183312
-1.515	0.000184502
-1.514	0.0001857
-1.513	0.000186907
-1.512	0.000188122
-1.511	0.000189345
-1.51	0.000190577
-1.509	0.000191817
-1.508	0.000193065
-1.507	0.000194322
-1.506	0.000195588
-1.505	0.000196862
-1.504	0.000198144
-1.503	0.000199435
-1.502	0.000200734
-1.501	0.000202042
-1.5	0.000203359
-1.499	0.000204684
-1.498	0.000206017
-1.497	0.00020736
-1.496	0.000208711
-1.495	0.000210071
-1.494	0.000211439
-1.493	0.000212817
-1.492	0.000214202
-1.491	0.000215597
-1.49	0.000217
-1.489	0.000218412
-1.488	0.000219833
-1.487	0.000221263
-1.486	0.000222702
-1.485	0.000224149
-1.484	0.000225606
-1.483	0.000227071
-1.482	0.000228545
-1.481	0.000230028
-1.48	0.000231521
-1.479	0.000233022
-1.478	0.000234532
-1.477	0.000236051
-1.476	0.00023758
-1.475	0.000239118
-1.474	0.000240664
-1.473	0.000242221
-1.472	0.000243786
-1.471	0.000245361
-1.47	0.000246945
-1.469	0.000248538
-1.468	0.000250141
-1.467	0.000251753
-1.466	0.000253375
-1.465	0.000255007
-1.464	0.000256648
-1.463	0.000258299
-1.462	0.00025996
-1.461	0.000261631
-1.46	0.000263312
-1.459	0.000265003
-1.458	0.000266703
-1.457	0.000268414
-1.456	0.000270135
-1.455	0.000271866
-1.454	0.000273608
-1.453	0.000275361
-1.452	0.000277124
-1.451	0.000278897
-1.45	0.000280681
-1.449	0.000282476
-1.448	0.000284282
-1.447	0.000286098
-1.446	0.000287926
-1.445	0.000289766
-1.444	0.000291616
-1.443	0.000293478
-1.442	0.000295351
-1.441	0.000297236
-1.44	0.000299133
-1.439	0.000301041
-1.438	0.000302961
-1.437	0.000304894
-1.436	0.000306839
-1.435	0.000308796
-1.434	0.000310765
-1.433	0.000312747
-1.432	0.000314741
-1.431	0.000316748
-1.43	0.000318769
-1.429	0.000320801
-1.428	0.000322847
-1.427	0.000324906
-1.426	0.000326978
-1.425	0.000329064
-1.424	0.000331163
-1.423	0.000333277
-1.422	0.000335404
-1.421	0.000337544
-1.42	0.000339699
-1.419	0.000341868
-1.418	0.000344051
-1.417	0.000346249
-1.416	0.000348461
-1.415	0.000350688
-1.414	0.000352929
-1.413	0.000355186
-1.412	0.000357457
-1.411	0.000359744
-1.41	0.000362045
-1.409	0.000364362
-1.408	0.000366695
-1.407	0.000369043
-1.406	0.000371407
-1.405	0.000373786
-1.404	0.000376181
-1.403	0.000378593
-1.402	0.000381021
-1.401	0.000383464
-1.4	0.000385924
-1.399	0.000388401
-1.398	0.000390894
-1.397	0.000393404
-1.396	0.00039593
-1.395	0.000398474
-1.394	0.000401034
-1.393	0.000403611
-1.392	0.000406205
-1.391	0.000408817
-1.39	0.000411446
-1.389	0.000414093
-1.388	0.000416757
-1.387	0.000419439
-1.386	0.000422138
-1.385	0.000424855
-1.384	0.000427591
-1.383	0.000430344
-1.382	0.000433115
-1.381	0.000435905
-1.38	0.000438713
-1.379	0.000441539
-1.378	0.000444383
-1.377	0.000447247
-1.376	0.000450128
-1.375	0.000453028
-1.374	0.000455947
-1.373	0.000458886
-1.372	0.000461844
-1.371	0.00046482
-1.37	0.000467815
-1.369	0.00047083
-1.368	0.000473864
-1.367	0.000476918
-1.366	0.000479991
-1.365	0.000483083
-1.364	0.000486196
-1.363	0.000489328
-1.362	0.000492481
-1.361	0.000495653
-1.36	0.000498846
-1.359	0.000502059
-1.358	0.000505291
-1.357	0.000508545
-1.356	0.000511818
-1.355	0.000515112
-1.354	0.000518427
-1.353	0.000521763
-1.352	0.000525119
-1.351	0.000528497
-1.35	0.000531897
-1.349	0.000535317
-1.348	0.000538758
-1.347	0.000542221
-1.346	0.000545706
-1.345	0.000549212
-1.344	0.000552741
-1.343	0.000556291
-1.342	0.000559863
-1.341	0.000563458
-1.34	0.000567074
-1.339	0.000570714
-1.338	0.000574376
-1.337	0.000578061
-1.336	0.000581768
-1.335	0.000585498
-1.334	0.000589252
-1.333	0.00059303
-1.332	0.000596831
-1.331	0.000600655
-1.33	0.000604504
-1.329	0.000608376
-1.328	0.000612272
-1.327	0.000616193
-1.326	0.000620138
-1.325	0.000624108
-1.324	0.000628102
-1.323	0.000632122
-1.322	0.000636166
-1.321	0.000640236
-1.32	0.000644331
-1.319	0.000648453
-1.318	0.0006526
-1.317	0.000656774
-1.316	0.000660973
-1.315	0.000665199
-1.314	0.000669452
-1.313	0.000673731
-1.312	0.000678038
-1.311	0.000682371
-1.31	0.000686732
-1.309	0.000691122
-1.308	0.000695539
-1.307	0.000699984
-1.306	0.000704456
-1.305	0.000708958
-1.304	0.000713488
-1.303	0.000718047
-1.302	0.000722635
-1.301	0.000727253
-1.3	0.000731901
-1.299	0.000736578
-1.298	0.000741285
-1.297	0.000746022
-1.296	0.000750791
-1.295	0.000755589
-1.294	0.000760418
-1.293	0.000765279
-1.292	0.000770171
-1.291	0.000775095
-1.29	0.000780051
-1.289	0.000785039
-1.288	0.000790059
-1.287	0.000795112
-1.286	0.000800198
-1.285	0.000805315
-1.284	0.000810467
-1.283	0.000815652
-1.282	0.00082087
-1.281	0.000826122
-1.28	0.000831409
-1.279	0.00083673
-1.278	0.000842086
-1.277	0.000847476
-1.276	0.000852902
-1.275	0.000858364
-1.274	0.00086386
-1.273	0.000869392
-1.272	0.00087496
-1.271	0.000880565
-1.27	0.000886206
-1.269	0.000891884
-1.268	0.000897599
-1.267	0.000903351
-1.266	0.000909139
-1.265	0.000914966
-1.264	0.000920831
-1.263	0.000926734
-1.262	0.000932675
-1.261	0.000938655
-1.26	0.000944674
-1.259	0.000950731
-1.258	0.000956829
-1.257	0.000962964
-1.256	0.000969141
-1.255	0.000975357
-1.254	0.000981614
-1.253	0.000987911
-1.252	0.000994248
-1.251	0.00100063
-1.25	0.00100705
-1.249	0.00101351
-1.248	0.00102001
-1.247	0.00102655
-1.246	0.00103314
-1.245	0.00103977
-1.244	0.00104644
-1.243	0.00105316
-1.242	0.00105991
-1.241	0.00106671
-1.24	0.00107356
-1.239	0.00108045
-1.238	0.00108738
-1.237	0.00109436
-1.236	0.00110138
-1.235	0.00110844
-1.234	0.00111556
-1.233	0.00112271
-1.232	0.00112991
-1.231	0.00113716
-1.23	0.00114446
-1.229	0.0011518
-1.228	0.00115918
-1.227	0.00116662
-1.226	0.0011741
-1.225	0.00118163
-1.224	0.00118921
-1.223	0.00119683
-1.222	0.0012045
-1.221	0.00121223
-1.22	0.00122
-1.219	0.00122782
-1.218	0.00123569
-1.217	0.00124361
-1.216	0.00125158
-1.215	0.0012596
-1.214	0.00126767
-1.213	0.0012758
-1.212	0.00128397
-1.211	0.00129219
-1.21	0.00130047
-1.209	0.0013088
-1.208	0.00131718
-1.207	0.00132562
-1.206	0.00133411
-1.205	0.00134265
-1.204	0.00135125
-1.203	0.0013599
-1.202	0.00136861
-1.201	0.00137737
-1.2	0.00138619
-1.199	0.00139506
-1.198	0.00140399
-1.197	0.00141297
-1.196	0.00142202
-1.195	0.00143112
-1.194	0.00144028
-1.193	0.00144949
-1.192	0.00145877
-1.191	0.0014681
-1.19	0.00147749
-1.189	0.00148695
-1.188	0.00149646
-1.187	0.00150603
-1.186	0.00151566
-1.185	0.00152536
-1.184	0.00153512
-1.183	0.00154494
-1.182	0.00155482
-1.181	0.00156476
-1.18	0.00157477
-1.179	0.00158484
-1.178	0.00159498
-1.177	0.00160518
-1.176	0.00161545
-1.175	0.00162578
-1.174	0.00163618
-1.173	0.00164664
-1.172	0.00165717
-1.171	0.00166777
-1.17	0.00167844
-1.169	0.00168917
-1.168	0.00169998
-1.167	0.00171085
-1.166	0.00172179
-1.165	0.0017328
-1.164	0.00174389
-1.163	0.00175504
-1.162	0.00176627
-1.161	0.00177757
-1.16	0.00178894
-1.159	0.00180038
-1.158	0.0018119
-1.157	0.00182349
-1.156	0.00183516
-1.155	0.0018469
-1.154	0.00185872
-1.153	0.00187061
-1.152	0.00188258
-1.151	0.00189463
-1.15	0.00190675
-1.149	0.00191895
-1.148	0.00193124
-1.147	0.0019436
-1.146	0.00195603
-1.145	0.00196856
-1.144	0.00198116
-1.143	0.00199384
-1.142	0.0020066
-1.141	0.00201945
-1.14	0.00203238
-1.139	0.00204539
-1.138	0.00205848
-1.137	0.00207166
-1.136	0.00208493
-1.135	0.00209828
-1.134	0.00211172
-1.133	0.00212524
-1.132	0.00213885
-1.131	0.00215255
-1.13	0.00216633
-1.129	0.0021802
-1.128	0.00219417
-1.127	0.00220822
-1.126	0.00222236
-1.125	0.0022366
-1.124	0.00225092
-1.123	0.00226534
-1.122	0.00227985
-1.121	0.00229446
-1.12	0.00230915
-1.119	0.00232395
-1.118	0.00233883
-1.117	0.00235381
-1.116	0.00236889
-1.115	0.00238407
-1.114	0.00239934
-1.113	0.00241471
-1.112	0.00243017
-1.111	0.00244574
-1.11	0.00246141
-1.109	0.00247718
-1.108	0.00249305
-1.107	0.00250901
-1.106	0.00252508
-1.105	0.00254126
-1.104	0.00255753
-1.103	0.00257392
-1.102	0.0025904
-1.101	0.00260699
-1.1	0.00262369
-1.099	0.0026405
-1.098	0.00265741
-1.097	0.00267443
-1.096	0.00269155
-1.095	0.00270879
-1.094	0.00272614
-1.093	0.0027436
-1.092	0.00276117
-1.091	0.00277885
-1.09	0.00279664
-1.089	0.00281455
-1.088	0.00283257
-1.087	0.0028507
-1.086	0.00286896
-1.085	0.00288732
-1.084	0.00290581
-1.083	0.00292441
-1.082	0.00294313
-1.081	0.00296197
-1.08	0.00298093
-1.079	0.00300001
-1.078	0.00301922
-1.077	0.00303854
-1.076	0.00305799
-1.075	0.00307756
-1.074	0.00309725
-1.073	0.00311708
-1.072	0.00313703
-1.071	0.00315711
-1.07	0.00317731
-1.069	0.00319765
-1.068	0.00321811
-1.067	0.0032387
-1.066	0.00325943
-1.065	0.00328028
-1.064	0.00330128
-1.063	0.0033224
-1.062	0.00334366
-1.061	0.00336505
-1.06	0.00338658
-1.059	0.00340825
-1.058	0.00343006
-1.057	0.00345201
-1.056	0.00347409
-1.055	0.00349632
-1.054	0.00351869
-1.053	0.00354121
-1.052	0.00356386
-1.051	0.00358666
-1.05	0.00360961
-1.049	0.00363271
-1.048	0.00365595
-1.047	0.00367934
-1.046	0.00370288
-1.045	0.00372657
-1.044	0.00375041
-1.043	0.00377441
-1.042	0.00379855
-1.041	0.00382286
-1.04	0.00384732
-1.039	0.00387193
-1.038	0.0038967
-1.037	0.00392163
-1.036	0.00394673
-1.035	0.00397198
-1.034	0.0039974
-1.033	0.00402297
-1.032	0.00404871
-1.031	0.00407462
-1.03	0.00410069
-1.029	0.00412693
-1.028	0.00415334
-1.027	0.00417991
-1.026	0.00420666
-1.025	0.00423358
-1.024	0.00426067
-1.023	0.00428793
-1.022	0.00431537
-1.021	0.00434298
-1.02	0.00437078
-1.019	0.00439875
-1.018	0.0044269
-1.017	0.00445523
-1.016	0.00448374
-1.015	0.00451243
-1.014	0.00454131
-1.013	0.00457038
-1.012	0.00459962
-1.011	0.00462906
-1.01	0.00465869
-1.009	0.00468851
-1.008	0.00471851
-1.007	0.00474872
-1.006	0.00477911
-1.005	0.0048097
-1.004	0.00484048
-1.003	0.00487146
-1.002	0.00490264
-1.001	0.00493402
-1	0.00496561
-0.999	0.00499739
-0.998	0.00502938
-0.997	0.00506157
-0.996	0.00509397
-0.995	0.00512658
-0.994	0.0051594
-0.993	0.00519243
-0.992	0.00522567
-0.991	0.00525912
-0.99	0.00529279
-0.989	0.00532666
-0.988	0.00536077
-0.987	0.00539508
-0.986	0.00542962
-0.985	0.00546438
-0.984	0.00549936
-0.983	0.00553456
-0.982	0.00556999
-0.981	0.00560566
-0.98	0.00564154
-0.979	0.00567765
-0.978	0.005714
-0.977	0.00575058
-0.976	0.00578739
-0.975	0.00582445
-0.974	0.00586173
-0.973	0.00589925
-0.972	0.00593701
-0.971	0.00597502
-0.97	0.00601328
-0.969	0.00605176
-0.968	0.0060905
-0.967	0.00612949
-0.966	0.00616873
-0.965	0.00620822
-0.964	0.00624796
-0.963	0.00628795
-0.962	0.0063282
-0.961	0.0063687
-0.96	0.00640947
-0.959	0.00645049
-0.958	0.00649178
-0.957	0.00653334
-0.956	0.00657515
-0.955	0.00661724
-0.954	0.00665959
-0.953	0.00670221
-0.952	0.00674511
-0.951	0.00678828
-0.95	0.00683172
-0.949	0.00687545
-0.948	0.00691945
-0.947	0.00696373
-0.946	0.0070083
-0.945	0.00705315
-0.944	0.00709829
-0.943	0.00714371
-0.942	0.00718942
-0.941	0.00723543
-0.94	0.00728173
-0.939	0.00732832
-0.938	0.00737522
-0.937	0.00742242
-0.936	0.00746992
-0.935	0.00751771
-0.934	0.00756582
-0.933	0.00761423
-0.932	0.00766294
-0.931	0.00771198
-0.93	0.00776133
-0.929	0.00781098
-0.928	0.00786097
-0.927	0.00791127
-0.926	0.00796189
-0.925	0.00801283
-0.924	0.00806411
-0.923	0.00811571
-0.922	0.00816764
-0.921	0.0082199
-0.92	0.0082725
-0.919	0.00832542
-0.918	0.0083787
-0.917	0.00843231
-0.916	0.00848627
-0.915	0.00854057
-0.914	0.00859521
-0.913	0.00865021
-0.912	0.00870557
-0.911	0.00876127
-0.91	0.00881732
-0.909	0.00887375
-0.908	0.00893053
-0.907	0.00898767
-0.906	0.00904519
-0.905	0.00910307
-0.904	0.00916131
-0.903	0.00921994
-0.902	0.00927894
-0.901	0.00933832
-0.9	0.00939808
-0.899	0.00945821
-0.898	0.00951875
-0.897	0.00957965
-0.896	0.00964095
-0.895	0.00970265
-0.894	0.00976474
-0.893	0.00982723
-0.892	0.00989012
-0.891	0.00995341
-0.89	0.0100171
-0.889	0.0100812
-0.888	0.0101457
-0.887	0.0102107
-0.886	0.010276
-0.885	0.0103418
-0.884	0.0104079
-0.883	0.0104746
-0.882	0.0105416
-0.881	0.010609
-0.88	0.0106769
-0.879	0.0107453
-0.878	0.010814
-0.877	0.0108833
-0.876	0.0109529
-0.875	0.011023
-0.874	0.0110936
-0.873	0.0111645
-0.872	0.011236
-0.871	0.0113079
-0.87	0.0113803
-0.869	0.0114531
-0.868	0.0115264
-0.867	0.0116002
-0.866	0.0116744
-0.865	0.0117491
-0.864	0.0118243
-0.863	0.0119
-0.862	0.0119762
-0.861	0.0120528
-0.86	0.0121299
-0.859	0.0122076
-0.858	0.0122857
-0.857	0.0123643
-0.856	0.0124434
-0.855	0.0125231
-0.854	0.0126032
-0.853	0.0126839
-0.852	0.0127651
-0.851	0.0128468
-0.85	0.012929
-0.849	0.0130117
-0.848	0.013095
-0.847	0.0131788
-0.846	0.0132632
-0.845	0.0133481
-0.844	0.0134335
-0.843	0.0135195
-0.842	0.013606
-0.841	0.0136931
-0.84	0.0137807
-0.839	0.0138689
-0.838	0.0139576
-0.837	0.014047
-0.836	0.0141369
-0.835	0.0142274
-0.834	0.0143184
-0.833	0.0144101
-0.832	0.0145023
-0.831	0.0145951
-0.83	0.0146885
-0.829	0.0147825
-0.828	0.0148771
-0.827	0.0149723
-0.826	0.0150681
-0.825	0.0151646
-0.824	0.0152616
-0.823	0.0153593
-0.822	0.0154576
-0.821	0.0155565
-0.82	0.0156561
-0.819	0.0157563
-0.818	0.0158571
-0.817	0.0159586
-0.816	0.0160607
-0.815	0.0161635
-0.814	0.0162669
-0.813	0.016371
-0.812	0.0164758
-0.811	0.0165812
-0.81	0.0166873
-0.809	0.0167941
-0.808	0.0169016
-0.807	0.0170098
-0.806	0.0171186
-0.805	0.0172282
-0.804	0.0173384
-0.803	0.0174493
-0.802	0.017561
-0.801	0.0176734
-0.8	0.0177865
-0.799	0.0179003
-0.798	0.0180148
-0.797	0.0181301
-0.796	0.0182461
-0.795	0.0183629
-0.794	0.0184804
-0.793	0.0185986
-0.792	0.0187176
-0.791	0.0188374
-0.79	0.018958
-0.789	0.0190793
-0.788	0.0192014
-0.787	0.0193242
-0.786	0.0194479
-0.785	0.0195723
-0.784	0.0196975
-0.783	0.0198236
-0.782	0.0199504
-0.781	0.0200781
-0.78	0.0202066
-0.779	0.0203359
-0.778	0.020466
-0.777	0.020597
-0.776	0.0207288
-0.775	0.0208614
-0.774	0.0209949
-0.773	0.0211293
-0.772	0.0212645
-0.771	0.0214006
-0.77	0.0215375
-0.769	0.0216753
-0.768	0.021814
-0.767	0.0219536
-0.766	0.0220941
-0.765	0.0222355
-0.764	0.0223778
-0.763	0.022521
-0.762	0.0226651
-0.761	0.0228101
-0.76	0.0229561
-0.759	0.023103
-0.758	0.0232508
-0.757	0.0233997
-0.756	0.0235494
-0.755	0.0237001
-0.754	0.0238518
-0.753	0.0240044
-0.752	0.024158
-0.751	0.0243126
-0.75	0.0244682
-0.749	0.0246248
-0.748	0.0247824
-0.747	0.024941
-0.746	0.0251006
-0.745	0.0252613
-0.744	0.0254229
-0.743	0.0255856
-0.742	0.0257494
-0.741	0.0259141
-0.74	0.02608
-0.739	0.0262469
-0.738	0.0264149
-0.737	0.0265839
-0.736	0.026754
-0.735	0.0269253
-0.734	0.0270975
-0.733	0.027271
-0.732	0.0274455
-0.731	0.0276212
-0.73	0.0277979
-0.729	0.0279758
-0.728	0.0281549
-0.727	0.028335
-0.726	0.0285163
-0.725	0.0286988
-0.724	0.0288825
-0.723	0.0290673
-0.722	0.0292534
-0.721	0.0294406
-0.72	0.029629
-0.719	0.0298186
-0.718	0.0300094
-0.717	0.0302014
-0.716	0.0303947
-0.715	0.0305892
-0.714	0.0307849
-0.713	0.030982
-0.712	0.0311802
-0.711	0.0313798
-0.71	0.0315805
-0.709	0.0317827
-0.708	0.0319861
-0.707	0.0321907
-0.706	0.0323968
-0.705	0.0326041
-0.704	0.0328127
-0.703	0.0330227
-0.702	0.033234
-0.701	0.0334467
-0.7	0.0336607
-0.699	0.0338762
-0.698	0.0340929
-0.697	0.0343111
-0.696	0.0345307
-0.695	0.0347517
-0.694	0.034974
-0.693	0.0351978
-0.692	0.0354231
-0.691	0.0356498
-0.69	0.0358779
-0.689	0.0361075
-0.688	0.0363386
-0.687	0.0365712
-0.686	0.0368052
-0.685	0.0370407
-0.684	0.0372778
-0.683	0.0375163
-0.682	0.0377564
-0.681	0.037998
-0.68	0.0382411
-0.679	0.0384859
-0.678	0.0387322
-0.677	0.0389801
-0.676	0.0392295
-0.675	0.0394806
-0.674	0.0397332
-0.673	0.0399875
-0.672	0.0402434
-0.671	0.0405009
-0.67	0.04076
-0.669	0.0410209
-0.668	0.0412834
-0.667	0.0415476
-0.666	0.0418135
-0.665	0.0420811
-0.664	0.0423503
-0.663	0.0426213
-0.662	0.0428941
-0.661	0.0431686
-0.66	0.0434448
-0.659	0.0437229
-0.658	0.0440027
-0.657	0.0442842
-0.656	0.0445676
-0.655	0.0448528
-0.654	0.0451398
-0.653	0.0454287
-0.652	0.0457194
-0.651	0.046012
-0.65	0.0463064
-0.649	0.0466027
-0.648	0.0469009
-0.647	0.047201
-0.646	0.0475031
-0.645	0.047807
-0.644	0.048113
-0.643	0.0484209
-0.642	0.0487307
-0.641	0.0490425
-0.64	0.0493563
-0.639	0.0496722
-0.638	0.04999
-0.637	0.0503099
-0.636	0.0506318
-0.635	0.0509558
-0.634	0.051282
-0.633	0.0516101
-0.632	0.0519404
-0.631	0.0522727
-0.63	0.0526072
-0.629	0.0529439
-0.628	0.0532827
-0.627	0.0536236
-0.626	0.0539668
-0.625	0.0543121
-0.624	0.0546597
-0.623	0.0550095
-0.622	0.0553615
-0.621	0.0557158
-0.62	0.0560723
-0.619	0.0564312
-0.618	0.0567923
-0.617	0.0571557
-0.616	0.0575215
-0.615	0.0578896
-0.614	0.05826
-0.613	0.0586329
-0.612	0.0590082
-0.611	0.0593857
-0.61	0.0597658
-0.609	0.0601483
-0.608	0.0605332
-0.607	0.0609206
-0.606	0.0613104
-0.605	0.0617027
-0.604	0.0620977
-0.603	0.0624951
-0.602	0.062895
-0.601	0.0632975
-0.6	0.0637026
-0.599	0.0641103
-0.598	0.0645205
-0.597	0.0649334
-0.596	0.065349
-0.595	0.0657672
-0.594	0.0661881
-0.593	0.0666117
-0.592	0.0670379
-0.591	0.0674669
-0.59	0.0678987
-0.589	0.0683332
-0.588	0.0687705
-0.587	0.0692106
-0.586	0.0696535
-0.585	0.0700992
-0.584	0.0705478
-0.583	0.0709993
-0.582	0.0714537
-0.581	0.0719109
-0.58	0.0723711
-0.579	0.0728342
-0.578	0.0733003
-0.577	0.0737694
-0.576	0.0742415
-0.575	0.0747165
-0.574	0.0751947
-0.573	0.0756759
-0.572	0.0761601
-0.571	0.0766475
-0.57	0.077138
-0.569	0.0776315
-0.568	0.0781284
-0.567	0.0786283
-0.566	0.0791314
-0.565	0.0796379
-0.564	0.0801474
-0.563	0.0806603
-0.562	0.0811764
-0.561	0.0816959
-0.56	0.0822187
-0.559	0.0827448
-0.558	0.0832743
-0.557	0.0838072
-0.556	0.0843436
-0.555	0.0848832
-0.554	0.0854264
-0.553	0.0859731
-0.552	0.0865232
-0.551	0.087077
-0.55	0.0876343
-0.549	0.088195
-0.548	0.0887594
-0.547	0.0893273
-0.546	0.089899
-0.545	0.0904743
-0.544	0.0910532
-0.543	0.091636
-0.542	0.0922223
-0.541	0.0928124
-0.54	0.0934065
-0.539	0.0940043
-0.538	0.0946058
-0.537	0.0952112
-0.536	0.0958205
-0.535	0.0964336
-0.534	0.0970508
-0.533	0.0976719
-0.532	0.0982969
-0.531	0.098926
-0.53	0.0995591
-0.529	0.100196
-0.528	0.100837
-0.527	0.101483
-0.526	0.102132
-0.525	0.102786
-0.524	0.103444
-0.523	0.104105
-0.522	0.104772
-0.521	0.105442
-0.52	0.106117
-0.519	0.106796
-0.518	0.107479
-0.517	0.108167
-0.516	0.108859
-0.515	0.109556
-0.514	0.110257
-0.513	0.110963
-0.512	0.111673
-0.511	0.112387
-0.51	0.113107
-0.509	0.11383
-0.508	0.114559
-0.507	0.115292
-0.506	0.11603
-0.505	0.116772
-0.504	0.117519
-0.503	0.118271
-0.502	0.119028
-0.501	0.11979
-0.5	0.120557
-0.499	0.121328
-0.498	0.122104
-0.497	0.122886
-0.496	0.123672
-0.495	0.124463
-0.494	0.12526
-0.493	0.126061
-0.492	0.126868
-0.491	0.12768
-0.49	0.128497
-0.489	0.129319
-0.488	0.130147
-0.487	0.13098
-0.486	0.131818
-0.485	0.132661
-0.484	0.13351
-0.483	0.134365
-0.482	0.135224
-0.481	0.13609
-0.48	0.136961
-0.479	0.137837
-0.478	0.138719
-0.477	0.139607
-0.476	0.1405
-0.475	0.141399
-0.474	0.142304
-0.473	0.143215
-0.472	0.144131
-0.471	0.145054
-0.47	0.145982
-0.469	0.146916
-0.468	0.147856
-0.467	0.148803
-0.466	0.149755
-0.465	0.150713
-0.464	0.151678
-0.463	0.152648
-0.462	0.153625
-0.461	0.154608
-0.46	0.155598
-0.459	0.156593
-0.458	0.157596
-0.457	0.158604
-0.456	0.159619
-0.455	0.160641
-0.454	0.161669
-0.453	0.162703
-0.452	0.163745
-0.451	0.164792
-0.45	0.165847
-0.449	0.166908
-0.448	0.167977
-0.447	0.169051
-0.446	0.170133
-0.445	0.171222
-0.444	0.172318
-0.443	0.17342
-0.442	0.17453
-0.441	0.175647
-0.44	0.176771
-0.439	0.177902
-0.438	0.179041
-0.437	0.180186
-0.436	0.18134
-0.435	0.1825
-0.434	0.183668
-0.433	0.184843
-0.432	0.186026
-0.431	0.187216
-0.43	0.188415
-0.429	0.18962
-0.428	0.190834
-0.427	0.192055
-0.426	0.193284
-0.425	0.194521
-0.424	0.195765
-0.423	0.197018
-0.422	0.198279
-0.421	0.199548
-0.42	0.200824
-0.419	0.20211
-0.418	0.203403
-0.417	0.204705
-0.416	0.206014
-0.415	0.207333
-0.414	0.208709
-0.413	0.210193
-0.412	0.211789
-0.411	0.213495
-0.41	0.215312
-0.409	0.217241
-0.408	0.219283
-0.407	0.221437
-0.406	0.223702
-0.405	0.226081
-0.404	0.228571
-0.403	0.231172
-0.402	0.233885
-0.401	0.236707
-0.4	0.239639
-0.399	0.242679
-0.398	0.245827
-0.397	0.249079
-0.396	0.252437
-0.395	0.255897
-0.394	0.259459
-0.393	0.26312
-0.392	0.266878
-0.391	0.270732
-0.39	0.274679
-0.389	0.278717
-0.388	0.282843
-0.387	0.287056
-0.386	0.291352
-0.385	0.295728
-0.384	0.300183
-0.383	0.304713
-0.382	0.309315
-0.381	0.313986
-0.38	0.318724
-0.379	0.323523
-0.378	0.328383
-0.377	0.333298
-0.376	0.338267
-0.375	0.343285
-0.374	0.348348
-0.373	0.353454
-0.372	0.358599
-0.371	0.36378
-0.37	0.368992
-0.369	0.374232
-0.368	0.379497
-0.367	0.384784
-0.366	0.390087
-0.365	0.395404
-0.364	0.400774
-0.363	0.406234
-0.362	0.411787
-0.361	0.417417
-0.36	0.423127
-0.359	0.428905
-0.358	0.43475
-0.357	0.440652
-0.356	0.446609
-0.355	0.452613
-0.354	0.458657
-0.353	0.464738
-0.352	0.470848
-0.351	0.47698
-0.35	0.483131
-0.349	0.489291
-0.348	0.495457
-0.347	0.501622
-0.346	0.50778
-0.345	0.513922
-0.344	0.520045
-0.343	0.526143
-0.342	0.532208
-0.341	0.538237
-0.34	0.544221
-0.339	0.550154
-0.338	0.556032
-0.337	0.561849
-0.336	0.567597
-0.335	0.573274
-0.334	0.57887
-0.333	0.584383
-0.332	0.589804
-0.331	0.595134
-0.33	0.600359
-0.329	0.605481
-0.328	0.610492
-0.327	0.615385
-0.326	0.62016
-0.325	0.624808
-0.324	0.629328
-0.323	0.633711
-0.322	0.637959
-0.321	0.642061
-0.32	0.646018
-0.319	0.649824
-0.318	0.653475
-0.317	0.656969
-0.316	0.6603
-0.315	0.663469
-0.314	0.666468
-0.313	0.669297
-0.312	0.671954
-0.311	0.674433
-0.31	0.676735
-0.309	0.678856
-0.308	0.680797
-0.307	0.682551
-0.306	0.684122
-0.305	0.685503
-0.304	0.686696
-0.303	0.687703
-0.302	0.688516
-0.301	0.689141
-0.3	0.689572
-0.299	0.689813
-0.298	0.689863
-0.297	0.689719
-0.296	0.689386
-0.295	0.688861
-0.294	0.688145
-0.293	0.687244
-0.292	0.686153
-0.291	0.684875
-0.29	0.683413
-0.289	0.681767
-0.288	0.679939
-0.287	0.677933
-0.286	0.67575
-0.285	0.67339
-0.284	0.670861
-0.283	0.66816
-0.282	0.665295
-0.281	0.662265
-0.28	0.659076
-0.279	0.655733
-0.278	0.652232
-0.277	0.648587
-0.276	0.644795
-0.275	0.640861
-0.274	0.636793
-0.273	0.63259
-0.272	0.628261
-0.271	0.623808
-0.27	0.619237
-0.269	0.614551
-0.268	0.60976
-0.267	0.604863
-0.266	0.599868
-0.265	0.594782
-0.264	0.589606
-0.263	0.58435
-0.262	0.579016
-0.261	0.573614
-0.26	0.568146
-0.259	0.562618
-0.258	0.557038
-0.257	0.551411
-0.256	0.545741
-0.255	0.540039
-0.254	0.534304
-0.253	0.528548
-0.252	0.522776
-0.251	0.516992
-0.25	0.511203
-0.249	0.505415
-0.248	0.499636
-0.247	0.493869
-0.246	0.488125
-0.245	0.482403
-0.244	0.476717
-0.243	0.471066
-0.242	0.46546
-0.241	0.459904
-0.24	0.454404
-0.239	0.448967
-0.238	0.443596
-0.237	0.438299
-0.236	0.433081
-0.235	0.427947
-0.234	0.422903
-0.233	0.417956
-0.232	0.413107
-0.231	0.408365
-0.23	0.403735
-0.229	0.399219
-0.228	0.394825
-0.227	0.390556
-0.226	0.386416
-0.225	0.382413
-0.224	0.378546
-0.223	0.374823
-0.222	0.371248
-0.221	0.367822
-0.22	0.364552
-0.219	0.361439
-0.218	0.358487
-0.217	0.355703
-0.216	0.353083
-0.215	0.350636
-0.214	0.348362
-0.213	0.346263
-0.212	0.344343
-0.211	0.342603
-0.21	0.341046
-0.209	0.339673
-0.208	0.338486
-0.207	0.337486
-0.206	0.336676
-0.205	0.336053
-0.204	0.335623
-0.203	0.335382
-0.202	0.335333
-0.201	0.335477
-0.2	0.335811
-0.199	0.336338
-0.198	0.337056
-0.197	0.337964
-0.196	0.339063
-0.195	0.340352
-0.194	0.341827
-0.193	0.34349
-0.192	0.345338
-0.191	0.347368
-0.19	0.349583
-0.189	0.351974
-0.188	0.354544
-0.187	0.357288
-0.186	0.360206
-0.185	0.363292
-0.184	0.366544
-0.183	0.369961
-0.182	0.373536
-0.181	0.37727
-0.18	0.381154
-0.179	0.385191
-0.178	0.389369
-0.177	0.393692
-0.176	0.398148
-0.175	0.402739
-0.174	0.407458
-0.173	0.412299
-0.172	0.41726
-0.171	0.422333
-0.17	0.427516
-0.169	0.432802
-0.168	0.438188
-0.167	0.443664
-0.166	0.449229
-0.165	0.454877
-0.164	0.4606
-0.163	0.466395
-0.162	0.472254
-0.161	0.478173
-0.16	0.484145
-0.159	0.490165
-0.158	0.496226
-0.157	0.502322
-0.156	0.508447
-0.155	0.514597
-0.154	0.520763
-0.153	0.52694
-0.152	0.533123
-0.151	0.539301
-0.15	0.545477
-0.149	0.551636
-0.148	0.557777
-0.147	0.56389
-0.146	0.569974
-0.145	0.576019
-0.144	0.582018
-0.143	0.587972
-0.142	0.593865
-0.141	0.599701
-0.14	0.605466
-0.139	0.611159
-0.138	0.616773
-0.137	0.622304
-0.136	0.627745
-0.135	0.633089
-0.134	0.638336
-0.133	0.643473
-0.132	0.648502
-0.131	0.653416
-0.13	0.658207
-0.129	0.662875
-0.128	0.667411
-0.127	0.671816
-0.126	0.676079
-0.125	0.680202
-0.124	0.684177
-0.123	0.688001
-0.122	0.691671
-0.121	0.695184
-0.12	0.698534
-0.119	0.701721
-0.118	0.70474
-0.117	0.707587
-0.116	0.710263
-0.115	0.712761
-0.114	0.715084
-0.113	0.717223
-0.112	0.719183
-0.111	0.720956
-0.11	0.722545
-0.109	0.723947
-0.108	0.72516
-0.107	0.726184
-0.106	0.727016
-0.105	0.727662
-0.104	0.728111
-0.103	0.728372
-0.102	0.72844
-0.101	0.728316
-0.1	0.728002
