-4	0
-3.999	0
-3.998	0
-3.997	0
-3.996	0
-3.995	0
-3.994	0
-3.993	0
-3.992	0
-3.991	0
-3.99	0
-3.989	0
-3.988	0
-3.987	0
-3.986	0
-3.985	0
-3.984	0
-3.983	0
-3.982	0
-3.981	0
-3.98	0
-3.979	0
-3.978	0
-3.977	0
-3.976	0
-3.975	0
-3.974	0
-3.973	0
-3.972	0
-3.971	0
-3.97	0
-3.969	0
-3.968	0
-3.967	0
-3.966	0
-3.965	0
-3.964	0
-3.963	0
-3.962	0
-3.961	0
-3.96	0
-3.959	0
-3.958	0
-3.957	0
-3.956	0
-3.955	0
-3.954	0
-3.953	0
-3.952	0
-3.951	0
-3.95	0
-3.949	0
-3.948	0
-3.947	0
-3.946	0
-3.945	0
-3.944	0
-3.943	0
-3.942	0
-3.941	0
-3.94	0
-3.939	0
-3.938	0
-3.937	0
-3.936	0
-3.935	0
-3.934	0
-3.933	0
-3.932	0
-3.931	0
-3.93	0
-3.929	0
-3.928	0
-3.927	0
-3.926	0
-3.925	0
-3.924	0
-3.923	0
-3.922	0
-3.921	0
-3.92	0
-3.919	0
-3.918	0
-3.917	0
-3.916	0
-3.915	0
-3.914	0
-3.913	0
-3.912	0
-3.911	0
-3.91	0
-3.909	0
-3.908	0
-3.907	0
-3.906	0
-3.905	0
-3.904	0
-3.903	0
-3.902	0
-3.901	0
-3.9	0
-3.899	0
-3.898	0
-3.897	0
-3.896	0
-3.895	0
-3.894	0
-3.893	0
-3.892	0
-3.891	0
-3.89	0
-3.889	0
-3.888	0
-3.887	0
-3.886	0
-3.885	0
-3.884	0
-3.883	0
-3.882	0
-3.881	0
-3.88	0
-3.879	0
-3.878	0
-3.877	0
-3.876	0
-3.875	0
-3.874	0
-3.873	0
-3.872	0
-3.871	0
-3.87	0
-3.869	0
-3.868	0
-3.867	0
-3.866	0
-3.865	0
-3.864	0
-3.863	0
-3.862	0
-3.861	0
-3.86	0
-3.859	0
-3.858	0
-3.857	0
-3.856	0
-3.855	0
-3.854	0
-3.853	0
-3.852	0
-3.851	0
-3.85	0
-3.849	0
-3.848	0
-3.847	0
-3.846	0
-3.845	0
-3.844	0
-3.843	0
-3.842	0
-3.841	0
-3.84	0
-3.839	0
-3.838	0
-3.837	0
-3.836	0
-3.835	0
-3.834	0
-3.833	0
-3.832	0
-3.831	0
-3.83	0
-3.829	0
-3.828	0
-3.827	0
-3.826	0
-3.825	0
-3.824	0
-3.823	0
-3.822	0
-3.821	0
-3.82	0
-3.819	0
-3.818	0
-3.817	0
-3.816	0
-3.815	0
-3.814	0
-3.813	0
-3.812	0
-3.811	0
-3.81	0
-3.809	0
-3.808	0
-3.807	0
-3.806	0
-3.805	0
-3.804	0
-3.803	0
-3.802	0
-3.801	0
-3.8	0
-3.799	0
-3.798	0
-3.797	0
-3.796	0
-3.795	0
-3.794	0
-3.793	0
-3.792	0
-3.791	0
-3.79	0
-3.789	0
-3.788	0
-3.787	0
-3.786	0
-3.785	0
-3.784	0
-3.783	0
-3.782	0
-3.781	0
-3.78	0
-3.779	0
-3.778	0
-3.777	0
-3.776	0
-3.775	0
-3.774	0
-3.773	0
-3.772	0
-3.771	0
-3.77	0
-3.769	0
-3.768	0
-3.767	0
-3.766	0
-3.765	0
-3.764	0
-3.763	0
-3.762	0
-3.761	0
-3.76	0
-3.759	0
-3.758	0
-3.757	0
-3.756	0
-3.755	0
-3.754	0
-3.753	0
-3.752	0
-3.751	0
-3.75	0
-3.749	0
-3.748	0
-3.747	0
-3.746	0
-3.745	0
-3.744	0
-3.743	0
-3.742	0
-3.741	0
-3.74	0
-3.739	0
-3.738	0
-3.737	0
-3.736	0
-3.735	0
-3.734	0
-3.733	0
-3.732	0
-3.731	0
-3.73	0
-3.729	0
-3.728	0
-3.727	0
-3.726	0
-3.725	0
-3.724	0
-3.723	0
-3.722	0
-3.721	0
-3.72	0
-3.719	0
-3.718	0
-3.717	0
-3.716	0
-3.715	0
-3.714	0
-3.713	0
-3.712	0
-3.711	0
-3.71	0
-3.709	0
-3.708	0
-3.707	0
-3.706	0
-3.705	0
-3.704	0
-3.703	0
-3.702	0
-3.701	0
-3.7	0
-3.699	0
-3.698	0
-3.697	0
-3.696	0
-3.695	0
-3.694	0
-3.693	0
-3.692	0
-3.691	0
-3.69	0
-3.689	0
-3.688	0
-3.687	0
-3.686	0
-3.685	0
-3.684	0
-3.683	0
-3.682	0
-3.681	0
-3.68	0
-3.679	0
-3.678	0
-3.677	0
-3.676	0
-3.675	0
-3.674	0
-3.673	0
-3.672	0
-3.671	0
-3.67	0
-3.669	0
-3.668	0
-3.667	0
-3.666	0
-3.665	0
-3.664	0
-3.663	0
-3.662	0
-3.661	0
-3.66	0
-3.659	0
-3.658	0
-3.657	0
-3.656	0
-3.655	0
-3.654	0
-3.653	0
-3.652	0
-3.651	0
-3.65	0
-3.649	0
-3.648	0
-3.647	0
-3.646	0
-3.645	0
-3.644	0
-3.643	0
-3.642	0
-3.641	0
-3.64	0
-3.639	0
-3.638	0
-3.637	0
-3.636	0
-3.635	0
-3.634	0
-3.633	0
-3.632	0
-3.631	0
-3.63	0
-3.629	0
-3.628	0
-3.627	0
-3.626	0
-3.625	0
-3.624	0
-3.623	0
-3.622	0
-3.621	0
-3.62	0
-3.619	0
-3.618	0
-3.617	0
-3.616	0
-3.615	0
-3.614	0
-3.613	0
-3.612	0
-3.611	0
-3.61	0
-3.609	0
-3.608	0
-3.607	0
-3.606	0
-3.605	0
-3.604	0
-3.603	0
-3.602	0
-3.601	0
-3.6	0
-3.599	0
-3.598	0
-3.597	0
-3.596	0
-3.595	0
-3.594	0
-3.593	0
-3.592	0
-3.591	0
-3.59	0
-3.589	0
-3.588	0
-3.587	0
-3.586	0
-3.585	0
-3.584	0
-3.583	0
-3.582	0
-3.581	0
-3.58	0
-3.579	0
-3.578	0
-3.577	0
-3.576	0
-3.575	0
-3.574	0
-3.573	0
-3.572	0
-3.571	0
-3.57	0
-3.569	0
-3.568	0
-3.567	0
-3.566	0
-3.565	0
-3.564	0
-3.563	0
-3.562	0
-3.561	0
-3.56	0
-3.559	0
-3.558	0
-3.557	0
-3.556	0
-3.555	0
-3.554	0
-3.553	0
-3.552	0
-3.551	0
-3.55	0
-3.549	0
-3.548	0
-3.547	0
-3.546	0
-3.545	0
-3.544	0
-3.543	0
-3.542	0
-3.541	0
-3.54	0
-3.539	0
-3.538	0
-3.537	0
-3.536	0
-3.535	0
-3.534	0
-3.533	0
-3.532	0
-3.531	0
-3.53	0
-3.529	0
-3.528	0
-3.527	0
-3.526	0
-3.525	0
-3.524	0
-3.523	0
-3.522	0
-3.521	0
-3.52	0
-3.519	0
-3.518	0
-3.517	0
-3.516	0
-3.515	0
-3.514	0
-3.513	0
-3.512	0
-3.511	0
-3.51	0
-3.509	0
-3.508	0
-3.507	0
-3.506	0
-3.505	0
-3.504	0
-3.503	0
-3.502	0
-3.501	0
-3.5	0
-3.499	0
-3.498	0
-3.497	0
-3.496	0
-3.495	0
-3.494	0
-3.493	0
-3.492	0
-3.491	0
-3.49	0
-3.489	0
-3.488	0
-3.487	0
-3.486	0
-3.485	0
-3.484	0
-3.483	0
-3.482	0
-3.481	0
-3.48	0
-3.479	0
-3.478	0
-3.477	0
-3.476	0
-3.475	0
-3.474	0
-3.473	0
-3.472	0
-3.471	0
-3.47	0
-3.469	0
-3.468	0
-3.467	0
-3.466	0
-3.465	0
-3.464	0
-3.463	0
-3.462	0
-3.461	0
-3.46	0
-3.459	0
-3.458	0
-3.457	0
-3.456	0
-3.455	0
-3.454	0
-3.453	0
-3.452	0
-3.451	0
-3.45	0
-3.449	0
-3.448	0
-3.447	0
-3.446	0
-3.445	0
-3.444	0
-3.443	0
-3.442	0
-3.441	0
-3.44	0
-3.439	0
-3.438	0
-3.437	0
-3.436	0
-3.435	0
-3.434	0
-3.433	0
-3.432	0
-3.431	0
-3.43	0
-3.429	0
-3.428	0
-3.427	0
-3.426	0
-3.425	0
-3.424	0
-3.423	0
-3.422	0
-3.421	0
-3.42	0
-3.419	0
-3.418	0
-3.417	0
-3.416	0
-3.415	0
-3.414	0
-3.413	0
-3.412	0
-3.411	0
-3.41	0
-3.409	0
-3.408	0
-3.407	0
-3.406	0
-3.405	0
-3.404	0
-3.403	0
-3.402	0
-3.401	0
-3.4	0
-3.399	0
-3.398	0
-3.397	0
-3.396	0
-3.395	0
-3.394	0
-3.393	0
-3.392	0
-3.391	0
-3.39	0
-3.389	0
-3.388	0
-3.387	0
-3.386	0
-3.385	0
-3.384	0
-3.383	0
-3.382	0
-3.381	0
-3.38	0
-3.379	0
-3.378	0
-3.377	0
-3.376	0
-3.375	0
-3.374	0
-3.373	0
-3.372	0
-3.371	0
-3.37	0
-3.369	0
-3.368	0
-3.367	0
-3.366	0
-3.365	0
-3.364	0
-3.363	0
-3.362	0
-3.361	0
-3.36	0
-3.359	0
-3.358	0
-3.357	0
-3.356	0
-3.355	0
-3.354	0
-3.353	0
-3.352	0
-3.351	0
-3.35	0
-3.349	0
-3.348	0
-3.347	0
-3.346	0
-3.345	0
-3.344	0
-3.343	0
-3.342	0
-3.341	0
-3.34	0
-3.339	0
-3.338	0
-3.337	0
-3.336	0
-3.335	0
-3.334	0
-3.333	0
-3.332	0
-3.331	0
-3.33	0
-3.329	0
-3.328	0
-3.327	0
-3.326	0
-3.325	0
-3.324	0
-3.323	0
-3.322	0
-3.321	0
-3.32	0
-3.319	0
-3.318	0
-3.317	0
-3.316	0
-3.315	0
-3.314	0
-3.313	0
-3.312	0
-3.311	0
-3.31	0
-3.309	0
-3.308	0
-3.307	0
-3.306	0
-3.305	0
-3.304	0
-3.303	0
-3.302	0
-3.301	0
-3.3	0
-3.299	0
-3.298	0
-3.297	0
-3.296	0
-3.295	0
-3.294	0
-3.293	0
-3.292	0
-3.291	0
-3.29	0
-3.289	0
-3.288	0
-3.287	0
-3.286	0
-3.285	0
-3.284	0
-3.283	0
-3.282	0
-3.281	0
-3.28	0
-3.279	0
-3.278	0
-3.277	0
-3.276	0
-3.275	0
-3.274	0
-3.273	0
-3.272	0
-3.271	0
-3.27	0
-3.269	0
-3.268	0
-3.267	0
-3.266	0
-3.265	0
-3.264	0
-3.263	0
-3.262	0
-3.261	0
-3.26	0
-3.259	0
-3.258	0
-3.257	0
-3.256	0
-3.255	0
-3.254	0
-3.253	0
-3.252	0
-3.251	0
-3.25	0
-3.249	0
-3.248	0
-3.247	0
-3.246	0
-3.245	0
-3.244	0
-3.243	0
-3.242	0
-3.241	0
-3.24	0
-3.239	0
-3.238	0
-3.237	0
-3.236	0
-3.235	0
-3.234	0
-3.233	0
-3.232	0
-3.231	0
-3.23	0
-3.229	0
-3.228	0
-3.227	0
-3.226	0
-3.225	0
-3.224	0
-3.223	0
-3.222	0
-3.221	0
-3.22	0
-3.219	0
-3.218	0
-3.217	0
-3.216	0
-3.215	0
-3.214	0
-3.213	0
-3.212	0
-3.211	0
-3.21	0
-3.209	0
-3.208	0
-3.207	0
-3.206	0
-3.205	0
-3.204	0
-3.203	0
-3.202	0
-3.201	0
-3.2	0
-3.199	0
-3.198	0
-3.197	0
-3.196	0
-3.195	0
-3.194	0
-3.193	0
-3.192	0
-3.191	0
-3.19	0
-3.189	0
-3.188	0
-3.187	0
-3.186	0
-3.185	0
-3.184	0
-3.183	0
-3.182	0
-3.181	0
-3.18	0
-3.179	0
-3.178	0
-3.177	0
-3.176	0
-3.175	0
-3.174	0
-3.173	0
-3.172	0
-3.171	0
-3.17	0
-3.169	0
-3.168	0
-3.167	0
-3.166	0
-3.165	0
-3.164	0
-3.163	0
-3.162	0
-3.161	0
-3.16	0
-3.159	0
-3.158	0
-3.157	0
-3.156	0
-3.155	0
-3.154	0
-3.153	0
-3.152	0
-3.151	0
-3.15	0
-3.149	0
-3.148	0
-3.147	0
-3.146	0
-3.145	0
-3.144	0
-3.143	0
-3.142	0
-3.141	0
-3.14	0
-3.139	0
-3.138	0
-3.137	0
-3.136	0
-3.135	0
-3.134	0
-3.133	0
-3.132	0
-3.131	0
-3.13	0
-3.129	0
-3.128	0
-3.127	0
-3.126	0
-3.125	0
-3.124	0
-3.123	0
-3.122	0
-3.121	0
-3.12	0
-3.119	0
-3.118	0
-3.117	0
-3.116	0
-3.115	0
-3.114	0
-3.113	0
-3.112	0
-3.111	0
-3.11	0
-3.109	0
-3.108	0
-3.107	0
-3.106	0
-3.105	0
-3.104	0
-3.103	0
-3.102	0
-3.101	0
-3.1	0
-3.099	0
-3.098	0
-3.097	0
-3.096	0
-3.095	0
-3.094	0
-3.093	0
-3.092	0
-3.091	0
-3.09	0
-3.089	0
-3.088	0
-3.087	0
-3.086	0
-3.085	0
-3.084	0
-3.083	0
-3.082	0
-3.081	0
-3.08	0
-3.079	0
-3.078	0
-3.077	0
-3.076	0
-3.075	0
-3.074	0
-3.073	0
-3.072	0
-3.071	0
-3.07	0
-3.069	0
-3.068	0
-3.067	0
-3.066	0
-3.065	0
-3.064	0
-3.063	0
-3.062	0
-3.061	0
-3.06	0
-3.059	0
-3.058	0
-3.057	0
-3.056	0
-3.055	0
-3.054	0
-3.053	0
-3.052	0
-3.051	0
-3.05	0
-3.049	0
-3.048	0
-3.047	0
-3.046	0
-3.045	0
-3.044	0
-3.043	0
-3.042	0
-3.041	0
-3.04	0
-3.039	0
-3.038	0
-3.037	0
-3.036	0
-3.035	0
-3.034	0
-3.033	0
-3.032	0
-3.031	0
-3.03	0
-3.029	0
-3.028	0
-3.027	0
-3.026	0
-3.025	0
-3.024	0
-3.023	0
-3.022	0
-3.021	0
-3.02	0
-3.019	0
-3.018	0
-3.017	0
-3.016	0
-3.015	0
-3.014	0
-3.013	0
-3.012	0
-3.011	0
-3.01	0
-3.009	0
-3.008	0
-3.007	0
-3.006	0
-3.005	0
-3.004	0
-3.003	0
-3.002	0
-3.001	0
-3	0
-2.999	0
-2.998	0
-2.997	0
-2.996	0
-2.995	0
-2.994	0
-2.993	0
-2.992	0
-2.991	0
-2.99	0
-2.989	0
-2.988	0
-2.987	0
-2.986	0
-2.985	0
-2.984	0
-2.983	0
-2.982	0
-2.981	0
-2.98	0
-2.979	0
-2.978	0
-2.977	0
-2.976	0
-2.975	0
-2.974	0
-2.973	0
-2.972	0
-2.971	0
-2.97	0
-2.969	0
-2.968	0
-2.967	0
-2.966	0
-2.965	0
-2.964	0
-2.963	0
-2.962	0
-2.961	0
-2.96	0
-2.959	0
-2.958	0
-2.957	0
-2.956	0
-2.955	0
-2.954	0
-2.953	0
-2.952	0
-2.951	0
-2.95	0
-2.949	0
-2.948	0
-2.947	0
-2.946	0
-2.945	0
-2.944	0
-2.943	0
-2.942	0
-2.941	0
-2.94	0
-2.939	0
-2.938	0
-2.937	0
-2.936	0
-2.935	0
-2.934	0
-2.933	0
-2.932	0
-2.931	0
-2.93	0
-2.929	0
-2.928	0
-2.927	0
-2.926	0
-2.925	0
-2.924	0
-2.923	0
-2.922	0
-2.921	0
-2.92	0
-2.919	0
-2.918	0
-2.917	0
-2.916	0
-2.915	0
-2.914	0
-2.913	0
-2.912	0
-2.911	0
-2.91	0
-2.909	0
-2.908	0
-2.907	0
-2.906	0
-2.905	0
-2.904	0
-2.903	0
-2.902	0
-2.901	0
-2.9	0
-2.899	0
-2.898	0
-2.897	0
-2.896	0
-2.895	0
-2.894	0
-2.893	0
-2.892	0
-2.891	0
-2.89	0
-2.889	0
-2.888	0
-2.887	0
-2.886	0
-2.885	0
-2.884	0
-2.883	0
-2.882	0
-2.881	0
-2.88	0
-2.879	0
-2.878	0
-2.877	0
-2.876	0
-2.875	0
-2.874	0
-2.873	0
-2.872	0
-2.871	0
-2.87	0
-2.869	0
-2.868	0
-2.867	0
-2.866	0
-2.865	0
-2.864	0
-2.863	0
-2.862	0
-2.861	0
-2.86	0
-2.859	0
-2.858	0
-2.857	0
-2.856	0
-2.855	0
-2.854	0
-2.853	0
-2.852	0
-2.851	0
-2.85	0
-2.849	0
-2.848	0
-2.847	0
-2.846	0
-2.845	0
-2.844	0
-2.843	0
-2.842	0
-2.841	0
-2.84	0
-2.839	0
-2.838	0
-2.837	0
-2.836	0
-2.835	0
-2.834	0
-2.833	0
-2.832	0
-2.831	0
-2.83	0
-2.829	0
-2.828	0
-2.827	0
-2.826	0
-2.825	0
-2.824	0
-2.823	0
-2.822	0
-2.821	0
-2.82	0
-2.819	0
-2.818	0
-2.817	0
-2.816	0
-2.815	0
-2.814	0
-2.813	0
-2.812	0
-2.811	0
-2.81	0
-2.809	0
-2.808	0
-2.807	0
-2.806	0
-2.805	0
-2.804	0
-2.803	0
-2.802	0
-2.801	0
-2.8	0
-2.799	0
-2.798	0
-2.797	0
-2.796	0
-2.795	0
-2.794	0
-2.793	0
-2.792	0
-2.791	0
-2.79	0
-2.789	0
-2.788	0
-2.787	0
-2.786	0
-2.785	0
-2.784	0
-2.783	0
-2.782	0
-2.781	0
-2.78	0
-2.779	0
-2.778	0
-2.777	0
-2.776	0
-2.775	0
-2.774	0
-2.773	0
-2.772	0
-2.771	0
-2.77	0
-2.769	0
-2.768	0
-2.767	0
-2.766	0
-2.765	0
-2.764	0
-2.763	0
-2.762	0
-2.761	0
-2.76	0
-2.759	0
-2.758	0
-2.757	0
-2.756	0
-2.755	0
-2.754	0
-2.753	0
-2.752	0
-2.751	0
-2.75	0
-2.749	0
-2.748	0
-2.747	0
-2.746	0
-2.745	0
-2.744	0
-2.743	0
-2.742	0
-2.741	0
-2.74	0
-2.739	0
-2.738	0
-2.737	0
-2.736	0
-2.735	0
-2.734	0
-2.733	0
-2.732	0
-2.731	0
-2.73	0
-2.729	0
-2.728	0
-2.727	0
-2.726	0
-2.725	0
-2.724	0
-2.723	0
-2.722	0
-2.721	0
-2.72	0
-2.719	0
-2.718	0
-2.717	0
-2.716	0
-2.715	0
-2.714	0
-2.713	0
-2.712	0
-2.711	0
-2.71	0
-2.709	0
-2.708	0
-2.707	0
-2.706	0
-2.705	0
-2.704	0
-2.703	0
-2.702	0
-2.701	0
-2.7	0
-2.699	0
-2.698	0
-2.697	0
-2.696	0
-2.695	0
-2.694	0
-2.693	0
-2.692	0
-2.691	0
-2.69	0
-2.689	0
-2.688	0
-2.687	0
-2.686	0
-2.685	0
-2.684	0
-2.683	0
-2.682	0
-2.681	0
-2.68	0
-2.679	0
-2.678	0
-2.677	0
-2.676	0
-2.675	0
-2.674	0
-2.673	0
-2.672	0
-2.671	0
-2.67	0
-2.669	0
-2.668	0
-2.667	0
-2.666	0
-2.665	0
-2.664	0
-2.663	0
-2.662	0
-2.661	0
-2.66	0
-2.659	0
-2.658	0
-2.657	0
-2.656	0
-2.655	0
-2.654	0
-2.653	0
-2.652	0
-2.651	0
-2.65	0
-2.649	0
-2.648	0
-2.647	0
-2.646	0
-2.645	0
-2.644	0
-2.643	0
-2.642	0
-2.641	0
-2.64	0
-2.639	0
-2.638	0
-2.637	0
-2.636	0
-2.635	0
-2.634	0
-2.633	0
-2.632	0
-2.631	0
-2.63	0
-2.629	0
-2.628	0
-2.627	0
-2.626	0
-2.625	0
-2.624	0
-2.623	0
-2.622	0
-2.621	0
-2.62	0
-2.619	0
-2.618	0
-2.617	0
-2.616	0
-2.615	0
-2.614	0
-2.613	0
-2.612	0
-2.611	0
-2.61	0
-2.609	0
-2.608	0
-2.607	0
-2.606	0
-2.605	0
-2.604	0
-2.603	0
-2.602	0
-2.601	0
-2.6	0
-2.599	0
-2.598	0
-2.597	0
-2.596	0
-2.595	0
-2.594	0
-2.593	0
-2.592	0
-2.591	0
-2.59	0
-2.589	0
-2.588	0
-2.587	0
-2.586	0
-2.585	0
-2.584	0
-2.583	0
-2.582	0
-2.581	0
-2.58	0
-2.579	0
-2.578	0
-2.577	0
-2.576	0
-2.575	0
-2.574	0
-2.573	0
-2.572	0
-2.571	0
-2.57	0
-2.569	0
-2.568	0
-2.567	0
-2.566	0
-2.565	0
-2.564	0
-2.563	0
-2.562	0
-2.561	0
-2.56	0
-2.559	0
-2.558	0
-2.557	0
-2.556	0
-2.555	0
-2.554	0
-2.553	0
-2.552	0
-2.551	0
-2.55	0
-2.549	0
-2.548	0
-2.547	0
-2.546	0
-2.545	0
-2.544	0
-2.543	0
-2.542	0
-2.541	0
-2.54	0
-2.539	0
-2.538	0
-2.537	0
-2.536	0
-2.535	0
-2.534	0
-2.533	0
-2.532	0
-2.531	0
-2.53	0
-2.529	0
-2.528	0
-2.527	0
-2.526	0
-2.525	0
-2.524	0
-2.523	0
-2.522	0
-2.521	0
-2.52	0
-2.519	0
-2.518	0
-2.517	0
-2.516	0
-2.515	0
-2.514	0
-2.513	0
-2.512	0
-2.511	0
-2.51	0
-2.509	0
-2.508	0
-2.507	0
-2.506	0
-2.505	0
-2.504	0
-2.503	0
-2.502	0
-2.501	0
-2.5	0
-2.499	0
-2.498	0
-2.497	0
-2.496	0
-2.495	0
-2.494	0
-2.493	0
-2.492	0
-2.491	0
-2.49	0
-2.489	0
-2.488	0
-2.487	0
-2.486	0
-2.485	0
-2.484	0
-2.483	0
-2.482	0
-2.481	0
-2.48	0
-2.479	0
-2.478	0
-2.477	0
-2.476	0
-2.475	0
-2.474	0
-2.473	0
-2.472	0
-2.471	0
-2.47	0
-2.469	0
-2.468	0
-2.467	0
-2.466	0
-2.465	0
-2.464	0
-2.463	0
-2.462	0
-2.461	0
-2.46	0
-2.459	0
-2.458	0
-2.457	0
-2.456	0
-2.455	0
-2.454	0
-2.453	0
-2.452	0
-2.451	0
-2.45	0
-2.449	0
-2.448	0
-2.447	0
-2.446	0
-2.445	0
-2.444	0
-2.443	0
-2.442	0
-2.441	0
-2.44	0
-2.439	0
-2.438	0
-2.437	0
-2.436	0
-2.435	0
-2.434	0
-2.433	0
-2.432	0
-2.431	0
-2.43	0
-2.429	0
-2.428	0
-2.427	0
-2.426	0
-2.425	0
-2.424	0
-2.423	0
-2.422	0
-2.421	0
-2.42	0
-2.419	0
-2.418	0
-2.417	0
-2.416	0
-2.415	0
-2.414	0
-2.413	0
-2.412	0
-2.411	0
-2.41	0
-2.409	0
-2.408	0
-2.407	0
-2.406	0
-2.405	0
-2.404	0
-2.403	0
-2.402	0
-2.401	0
-2.4	0
-2.399	0
-2.398	0
-2.397	0
-2.396	0
-2.395	0
-2.394	0
-2.393	0
-2.392	0
-2.391	0
-2.39	0
-2.389	0
-2.388	0
-2.387	0
-2.386	0
-2.385	0
-2.384	0
-2.383	0
-2.382	0
-2.381	0
-2.38	0
-2.379	0
-2.378	0
-2.377	0
-2.376	0
-2.375	0
-2.374	0
-2.373	0
-2.372	0
-2.371	0
-2.37	0
-2.369	0
-2.368	0
-2.367	0
-2.366	0
-2.365	0
-2.364	0
-2.363	0
-2.362	0
-2.361	0
-2.36	0
-2.359	0
-2.358	0
-2.357	0
-2.356	0
-2.355	0
-2.354	0
-2.353	0
-2.352	0
-2.351	0
-2.35	0
-2.349	0
-2.348	0
-2.347	0
-2.346	0
-2.345	0
-2.344	0
-2.343	0
-2.342	0
-2.341	0
-2.34	0
-2.339	0
-2.338	0
-2.337	0
-2.336	0
-2.335	0
-2.334	0
-2.333	0
-2.332	0
-2.331	0
-2.33	0
-2.329	0
-2.328	0
-2.327	0
-2.326	0
-2.325	0
-2.324	0
-2.323	0
-2.322	0
-2.321	0
-2.32	0
-2.319	0
-2.318	0
-2.317	0
-2.316	0
-2.315	0
-2.314	0
-2.313	0
-2.312	0
-2.311	0
-2.31	0
-2.309	0
-2.308	0
-2.307	0
-2.306	0
-2.305	0
-2.304	0
-2.303	0
-2.302	0
-2.301	0
-2.3	0
-2.299	0
-2.298	0
-2.297	0
-2.296	0
-2.295	0
-2.294	0
-2.293	0
-2.292	0
-2.291	0
-2.29	0
-2.289	0
-2.288	0
-2.287	0
-2.286	0
-2.285	0
-2.284	0
-2.283	0
-2.282	0
-2.281	0
-2.28	0
-2.279	0
-2.278	0
-2.277	0
-2.276	0
-2.275	0
-2.274	0
-2.273	0
-2.272	0
-2.271	0
-2.27	0
-2.269	0
-2.268	0
-2.267	0
-2.266	0
-2.265	0
-2.264	0
-2.263	0
-2.262	0
-2.261	0
-2.26	0
-2.259	0
-2.258	0
-2.257	0
-2.256	0
-2.255	0
-2.254	0
-2.253	0
-2.252	0
-2.251	0
-2.25	0
-2.249	0
-2.248	0
-2.247	0
-2.246	0
-2.245	0
-2.244	0
-2.243	0
-2.242	0
-2.241	0
-2.24	0
-2.239	0
-2.238	0
-2.237	0
-2.236	0
-2.235	0
-2.234	0
-2.233	0
-2.232	0
-2.231	0
-2.23	0
-2.229	0
-2.228	0
-2.227	0
-2.226	0
-2.225	0
-2.224	0
-2.223	0
-2.222	0
-2.221	0
-2.22	0
-2.219	0
-2.218	0
-2.217	0
-2.216	0
-2.215	0
-2.214	0
-2.213	0
-2.212	0
-2.211	0
-2.21	0
-2.209	0
-2.208	0
-2.207	0
-2.206	0
-2.205	0
-2.204	0
-2.203	0
-2.202	0
-2.201	0
-2.2	0
-2.199	0
-2.198	0
-2.197	0
-2.196	0
-2.195	0
-2.194	0
-2.193	0
-2.192	0
-2.191	0
-2.19	0
-2.189	0
-2.188	0
-2.187	0
-2.186	0
-2.185	0
-2.184	0
-2.183	0
-2.182	0
-2.181	0
-2.18	0
-2.179	0
-2.178	0
-2.177	0
-2.176	0
-2.175	0
-2.174	0
-2.173	0
-2.172	0
-2.171	0
-2.17	0
-2.169	0
-2.168	0
-2.167	0
-2.166	0
-2.165	0
-2.164	0
-2.163	0
-2.162	0
-2.161	0
-2.16	0
-2.159	0
-2.158	0
-2.157	0
-2.156	0
-2.155	0
-2.154	0
-2.153	0
-2.152	0
-2.151	0
-2.15	0
-2.149	0
-2.148	0
-2.147	0
-2.146	0
-2.145	0
-2.144	0
-2.143	0
-2.142	0
-2.141	0
-2.14	0
-2.139	0
-2.138	0
-2.137	0
-2.136	0
-2.135	0
-2.134	0
-2.133	0
-2.132	0
-2.131	0
-2.13	0
-2.129	0
-2.128	0
-2.127	0
-2.126	0
-2.125	0
-2.124	0
-2.123	0
-2.122	0
-2.121	0
-2.12	0
-2.119	0
-2.118	0
-2.117	0
-2.116	0
-2.115	0
-2.114	0
-2.113	0
-2.112	0
-2.111	0
-2.11	0
-2.109	0
-2.108	0
-2.107	0
-2.106	0
-2.105	0
-2.104	0
-2.103	0
-2.102	0
-2.101	0
-2.1	0
-2.099	0
-2.098	0
-2.097	0
-2.096	0
-2.095	0
-2.094	0
-2.093	0
-2.092	0
-2.091	0
-2.09	0
-2.089	0
-2.088	0
-2.087	0
-2.086	0
-2.085	0
-2.084	0
-2.083	0
-2.082	0
-2.081	0
-2.08	0
-2.079	0
-2.078	0
-2.077	0
-2.076	0
-2.075	0
-2.074	0
-2.073	0
-2.072	0
-2.071	0
-2.07	0
-2.069	0
-2.068	0
-2.067	0
-2.066	0
-2.065	0
-2.064	0
-2.063	0
-2.062	0
-2.061	0
-2.06	0
-2.059	0
-2.058	0
-2.057	0
-2.056	0
-2.055	0
-2.054	0
-2.053	0
-2.052	0
-2.051	0
-2.05	0
-2.049	0
-2.048	0
-2.047	0
-2.046	0
-2.045	0
-2.044	0
-2.043	0
-2.042	0
-2.041	0
-2.04	0
-2.039	0
-2.038	0
-2.037	0
-2.036	0
-2.035	0
-2.034	0
-2.033	0
-2.032	0
-2.031	0
-2.03	0
-2.029	0
-2.028	0
-2.027	0
-2.026	0
-2.025	0
-2.024	0
-2.023	0
-2.022	0
-2.021	0
-2.02	0
-2.019	0
-2.018	0
-2.017	0
-2.016	0
-2.015	0
-2.014	0
-2.013	0
-2.012	0
-2.011	0
-2.01	0
-2.009	0
-2.008	0
-2.007	0
-2.006	0
-2.005	0
-2.004	0
-2.003	0
-2.002	0
-2.001	0
-2	0
-1.999	0
-1.998	0
-1.997	0
-1.996	0
-1.995	0
-1.994	0
-1.993	0
-1.992	0
-1.991	0
-1.99	0
-1.989	0
-1.988	0
-1.987	0
-1.986	0
-1.985	0
-1.984	0
-1.983	0
-1.982	0
-1.981	0
-1.98	0
-1.979	0
-1.978	0
-1.977	0
-1.976	0
-1.975	0
-1.974	0
-1.973	0
-1.972	0
-1.971	0
-1.97	0
-1.969	0
-1.968	0
-1.967	0
-1.966	0
-1.965	0
-1.964	0
-1.963	0
-1.962	0
-1.961	0
-1.96	0
-1.959	0
-1.958	0
-1.957	0
-1.956	0
-1.955	0
-1.954	0
-1.953	0
-1.952	0
-1.951	0
-1.95	0
-1.949	0
-1.948	0
-1.947	0
-1.946	0
-1.945	0
-1.944	0
-1.943	0
-1.942	0
-1.941	0
-1.94	0
-1.939	0
-1.938	0
-1.937	0
-1.936	0
-1.935	0
-1.934	0
-1.933	0
-1.932	0
-1.931	0
-1.93	0
-1.929	0
-1.928	0
-1.927	0
-1.926	0
-1.925	0
-1.924	0
-1.923	0
-1.922	0
-1.921	0
-1.92	0
-1.919	0
-1.918	0
-1.917	0
-1.916	0
-1.915	0
-1.914	0
-1.913	0
-1.912	0
-1.911	0
-1.91	0
-1.909	0
-1.908	0
-1.907	0
-1.906	0
-1.905	0
-1.904	0
-1.903	0
-1.902	0
-1.901	0
-1.9	0
-1.899	0
-1.898	0
-1.897	0
-1.896	0
-1.895	0
-1.894	0
-1.893	0
-1.892	0
-1.891	0
-1.89	0
-1.889	0
-1.888	0
-1.887	0
-1.886	0
-1.885	0
-1.884	0
-1.883	0
-1.882	0
-1.881	0
-1.88	0
-1.879	0
-1.878	0
-1.877	0
-1.876	0
-1.875	0
-1.874	0
-1.873	0
-1.872	0
-1.871	0
-1.87	0
-1.869	0
-1.868	0
-1.867	0
-1.866	0
-1.865	0
-1.864	0
-1.863	0
-1.862	0
-1.861	0
-1.86	0
-1.859	0
-1.858	0
-1.857	0
-1.856	0
-1.855	0
-1.854	0
-1.853	0
-1.852	0
-1.851	0
-1.85	0
-1.849	0
-1.848	0
-1.847	0
-1.846	0
-1.845	0
-1.844	0
-1.843	0
-1.842	0
-1.841	0
-1.84	0
-1.839	0
-1.838	0
-1.837	0
-1.836	0
-1.835	0
-1.834	0
-1.833	0
-1.832	0
-1.831	0
-1.83	0
-1.829	0
-1.828	0
-1.827	0
-1.826	0
-1.825	0
-1.824	0
-1.823	0
-1.822	0
-1.821	0
-1.82	0
-1.819	0
-1.818	0
-1.817	0
-1.816	0
-1.815	0
-1.814	0
-1.813	0
-1.812	0
-1.811	0
-1.81	0
-1.809	0
-1.808	0
-1.807	0
-1.806	0
-1.805	0
-1.804	0
-1.803	0
-1.802	0
-1.801	0
-1.8	0
-1.799	0
-1.798	0
-1.797	0
-1.796	0
-1.795	0
-1.794	0
-1.793	0
-1.792	0
-1.791	0
-1.79	0
-1.789	0
-1.788	0
-1.787	0
-1.786	0
-1.785	0
-1.784	0
-1.783	0
-1.782	0
-1.781	0
-1.78	0
-1.779	0
-1.778	0
-1.777	0
-1.776	0
-1.775	0
-1.774	0
-1.773	0
-1.772	0
-1.771	0
-1.77	0
-1.769	0
-1.768	0
-1.767	0
-1.766	0
-1.765	0
-1.764	0
-1.763	0
-1.762	0
-1.761	0
-1.76	0
-1.759	0
-1.758	0
-1.757	0
-1.756	0
-1.755	0
-1.754	0
-1.753	0
-1.752	0
-1.751	2.94727e-077
-1.75	3.6055e-076
-1.749	1.22448e-075
-1.748	2.46845e-075
-1.747	6.22084e-075
-1.746	2.21098e-074
-1.745	8.56409e-074
-1.744	3.25403e-073
-1.743	1.20429e-072
-1.742	4.39114e-072
-1.741	1.58526e-071
-1.74	5.67924e-071
-1.739	2.0182e-070
-1.738	7.11086e-070
-1.737	2.48401e-069
-1.736	8.6023e-069
-1.735	2.95322e-068
-1.734	1.00501e-067
-1.733	3.39011e-067
-1.732	1.13347e-066
-1.731	3.75604e-066
-1.73	1.23354e-065
-1.729	4.01468e-065
-1.728	1.2948e-064
-1.727	4.1379e-064
-1.726	1.31026e-063
-1.725	4.11066e-063
-1.724	1.27766e-062
-1.723	3.93401e-062
-1.722	1.19992e-061
-1.721	3.62519e-061
-1.72	1.08479e-060
-1.719	3.21491e-060
-1.718	9.43553e-060
-1.717	2.74227e-059
-1.716	7.89165e-059
-1.715	2.24858e-058
-1.714	6.34305e-058
-1.713	1.77135e-057
-1.712	4.89657e-057
-1.711	1.33976e-056
-1.71	3.62805e-056
-1.709	9.72286e-056
-1.708	2.57841e-055
-1.707	6.76565e-055
-1.706	1.75641e-054
-1.705	4.51088e-054
-1.704	1.14597e-053
-1.703	2.87954e-053
-1.702	7.15587e-053
-1.701	1.75852e-052
-1.7	4.27301e-052
-1.699	1.02653e-051
-1.698	2.43787e-051
-1.697	5.72274e-051
-1.696	1.32769e-050
-1.695	3.04391e-050
-1.694	6.89537e-050
-1.693	1.54317e-049
-1.692	3.41145e-049
-1.691	7.44855e-049
-1.69	1.606e-048
-1.689	3.41894e-048
-1.688	7.18517e-048
-1.687	1.49042e-047
-1.686	3.05088e-047
-1.685	6.16174e-047
-1.684	1.2276e-046
-1.683	2.41206e-046
-1.682	4.67303e-046
-1.681	8.92447e-046
-1.68	1.67967e-045
-1.679	3.11457e-045
-1.678	5.68813e-045
-1.677	1.0228e-044
-1.676	1.81009e-044
-1.675	3.1515e-044
-1.674	5.39562e-044
-1.673	9.07912e-044
-1.672	1.50061e-043
-1.671	2.43454e-043
-1.67	3.87387e-043
-1.669	6.04012e-043
-1.668	9.21797e-043
-1.667	1.37507e-042
-1.666	2.00165e-042
-1.665	2.83737e-042
-1.664	3.90604e-042
-1.663	5.20365e-042
-1.662	6.67631e-042
-1.661	8.19361e-042
-1.66	9.52324e-042
-1.659	1.03202e-041
-1.658	1.01559e-041
-1.657	8.63164e-042
-1.656	5.64741e-042
-1.655	1.93588e-042
-1.654	2.32626e-044
-1.653	5.84712e-042
-1.652	3.13498e-041
-1.651	9.84776e-041
-1.65	2.45158e-040
-1.649	5.33997e-040
-1.648	1.06467e-039
-1.647	1.99122e-039
-1.646	3.54586e-039
-1.645	6.07124e-039
-1.644	1.00637e-038
-1.643	1.62305e-038
-1.642	2.55656e-038
-1.641	3.94473e-038
-1.64	5.97655e-038
-1.639	8.90849e-038
-1.638	1.30852e-037
-1.637	1.8966e-037
-1.636	2.71574e-037
-1.635	3.84551e-037
-1.634	5.38944e-037
-1.633	7.48141e-037
-1.632	1.02933e-036
-1.631	1.40446e-036
-1.63	1.90136e-036
-1.629	2.55517e-036
-1.628	3.40997e-036
-1.627	4.52079e-036
-1.626	5.95605e-036
-1.625	7.80032e-036
-1.624	1.01578e-035
-1.623	1.31562e-035
-1.622	1.69515e-035
-1.621	2.17334e-035
-1.62	2.77318e-035
-1.619	3.52241e-035
-1.618	4.45441e-035
-1.617	5.60914e-035
-1.616	7.03437e-035
-1.615	8.78695e-035
-1.614	1.09343e-034
-1.613	1.35562e-034
-1.612	1.67468e-034
-1.611	2.06165e-034
-1.61	2.52951e-034
-1.609	3.09342e-034
-1.608	3.77104e-034
-1.607	4.58292e-034
-1.606	5.55289e-034
-1.605	6.70851e-034
-1.604	8.08161e-034
-1.603	9.70877e-034
-1.602	1.1632e-033
-1.601	1.38996e-033
-1.6	1.65664e-033
-1.599	1.96952e-033
-1.598	2.33575e-033
-1.597	2.76341e-033
-1.596	3.26168e-033
-1.595	3.84093e-033
-1.594	4.51285e-033
-1.593	5.2906e-033
-1.592	6.18894e-033
-1.591	7.2244e-033
-1.59	8.41549e-033
-1.589	9.78286e-033
-1.588	1.13494e-032
-1.587	1.31408e-032
-1.586	1.51851e-032
-1.585	1.75137e-032
-1.584	2.01611e-032
-1.583	2.31653e-032
-1.582	2.6568e-032
-1.581	3.0415e-032
-1.58	3.47564e-032
-1.579	3.96468e-032
-1.578	4.51458e-032
-1.577	5.13178e-032
-1.576	5.8233e-032
-1.575	6.5967e-032
-1.574	7.46016e-032
-1.573	8.42246e-032
-1.572	9.493e-032
-1.571	1.06819e-031
-1.57	1.19999e-031
-1.569	1.34585e-031
-1.568	1.50697e-031
-1.567	1.68466e-031
-1.566	1.88026e-031
-1.565	2.09521e-031
-1.564	2.33099e-031
-1.563	2.58918e-031
-1.562	2.87139e-031
-1.561	3.1793e-031
-1.56	3.51466e-031
-1.559	3.87924e-031
-1.558	4.27488e-031
-1.557	4.70343e-031
-1.556	5.16677e-031
-1.555	5.66678e-031
-1.554	6.20536e-031
-1.553	6.78434e-031
-1.552	7.40558e-031
-1.551	8.07086e-031
-1.55	8.78188e-031
-1.549	9.54026e-031
-1.548	1.03475e-030
-1.547	1.1205e-030
-1.546	1.21139e-030
-1.545	1.30753e-030
-1.544	1.409e-030
-1.543	1.51586e-030
-1.542	1.62813e-030
-1.541	1.74582e-030
-1.54	1.86891e-030
-1.539	1.99732e-030
-1.538	2.13095e-030
-1.537	2.26966e-030
-1.536	2.41328e-030
-1.535	2.56158e-030
-1.534	2.71429e-030
-1.533	2.87109e-030
-1.532	3.03163e-030
-1.531	3.1955e-030
-1.53	3.36225e-030
-1.529	3.53138e-030
-1.528	3.70236e-030
-1.527	3.8746e-030
-1.526	4.0475e-030
-1.525	4.2204e-030
-1.524	4.39265e-030
-1.523	4.56354e-030
-1.522	4.73236e-030
-1.521	4.89841e-030
-1.52	5.06099e-030
-1.519	5.2194e-030
-1.518	5.37297e-030
-1.517	5.52109e-030
-1.516	5.66314e-030
-1.515	5.79866e-030
-1.514	5.92715e-030
-1.513	6.04829e-030
-1.512	6.16179e-030
-1.511	6.26752e-030
-1.51	6.3655e-030
-1.509	6.45577e-030
-1.508	6.53864e-030
-1.507	6.61448e-030
-1.506	6.68386e-030
-1.505	6.74754e-030
-1.504	6.80629e-030
-1.503	6.86123e-030
-1.502	6.91347e-030
-1.501	6.96424e-030
-1.5	7.01496e-030
-1.499	7.06705e-030
-1.498	7.122e-030
-1.497	7.18128e-030
-1.496	7.24628e-030
-1.495	7.31835e-030
-1.494	7.39864e-030
-1.493	7.48806e-030
-1.492	7.58729e-030
-1.491	7.69652e-030
-1.49	7.81554e-030
-1.489	7.9436e-030
-1.488	8.07929e-030
-1.487	8.2206e-030
-1.486	8.36466e-030
-1.485	8.50783e-030
-1.484	8.64549e-030
-1.483	8.77224e-030
-1.482	8.88169e-030
-1.481	8.96671e-030
-1.48	9.01914e-030
-1.479	9.03041e-030
-1.478	8.99135e-030
-1.477	8.89253e-030
-1.476	8.7246e-030
-1.475	8.47893e-030
-1.474	8.14752e-030
-1.473	7.72459e-030
-1.472	7.2065e-030
-1.471	6.59312e-030
-1.47	5.88905e-030
-1.469	5.10451e-030
-1.468	4.25714e-030
-1.467	3.37388e-030
-1.466	2.4923e-030
-1.465	1.66363e-030
-1.464	9.54671e-031
-1.463	4.50769e-031
-1.462	2.58942e-031
-1.461	5.11178e-031
-1.46	1.36826e-030
-1.459	3.02367e-030
-1.458	5.70811e-030
-1.457	9.69404e-030
-1.456	1.5301e-029
-1.455	2.29004e-029
-1.454	3.29219e-029
-1.453	4.58581e-029
-1.452	6.22722e-029
-1.451	8.2803e-029
-1.45	1.08172e-028
-1.449	1.3919e-028
-1.448	1.76762e-028
-1.447	2.21895e-028
-1.446	2.75704e-028
-1.445	3.3942e-028
-1.444	4.14388e-028
-1.443	5.02084e-028
-1.442	6.04102e-028
-1.441	7.22177e-028
-1.44	8.58173e-028
-1.439	1.01409e-027
-1.438	1.19205e-027
-1.437	1.39432e-027
-1.436	1.6233e-027
-1.435	1.88149e-027
-1.434	2.17151e-027
-1.433	2.49608e-027
-1.432	2.85802e-027
-1.431	3.26019e-027
-1.43	3.70554e-027
-1.429	4.197e-027
-1.428	4.73754e-027
-1.427	5.33006e-027
-1.426	5.97742e-027
-1.425	6.68239e-027
-1.424	7.44756e-027
-1.423	8.27532e-027
-1.422	9.16784e-027
-1.421	1.0127e-026
-1.42	1.11543e-026
-1.419	1.2251e-026
-1.418	1.34175e-026
-1.417	1.46541e-026
-1.416	1.59604e-026
-1.415	1.73351e-026
-1.414	1.87766e-026
-1.413	2.02821e-026
-1.412	2.18484e-026
-1.411	2.34712e-026
-1.41	2.51453e-026
-1.409	2.68646e-026
-1.408	2.86222e-026
-1.407	3.04101e-026
-1.406	3.22193e-026
-1.405	3.40402e-026
-1.404	3.5862e-026
-1.403	3.76734e-026
-1.402	3.94623e-026
-1.401	4.12159e-026
-1.4	4.29215e-026
-1.399	4.45658e-026
-1.398	4.61359e-026
-1.397	4.76189e-026
-1.396	4.90028e-026
-1.395	5.02769e-026
-1.394	5.14313e-026
-1.393	5.24585e-026
-1.392	5.33536e-026
-1.391	5.41141e-026
-1.39	5.47417e-026
-1.389	5.5242e-026
-1.388	5.56257e-026
-1.387	5.59092e-026
-1.386	5.61151e-026
-1.385	5.62737e-026
-1.384	5.6423e-026
-1.383	5.66103e-026
-1.382	5.68925e-026
-1.381	5.73372e-026
-1.38	5.80233e-026
-1.379	5.90423e-026
-1.378	6.04984e-026
-1.377	6.25094e-026
-1.376	6.52076e-026
-1.375	6.874e-026
-1.374	7.32685e-026
-1.373	7.89702e-026
-1.372	8.60376e-026
-1.371	9.46781e-026
-1.37	1.05114e-025
-1.369	1.17581e-025
-1.368	1.32328e-025
-1.367	1.49617e-025
-1.366	1.69717e-025
-1.365	1.92907e-025
-1.364	2.19471e-025
-1.363	2.49698e-025
-1.362	2.83873e-025
-1.361	3.22281e-025
-1.36	3.65196e-025
-1.359	4.12882e-025
-1.358	4.65586e-025
-1.357	5.23532e-025
-1.356	5.86915e-025
-1.355	6.559e-025
-1.354	7.30611e-025
-1.353	8.11123e-025
-1.352	8.97464e-025
-1.351	9.89603e-025
-1.35	1.08744e-024
-1.349	1.19081e-024
-1.348	1.29947e-024
-1.347	1.41309e-024
-1.346	1.53127e-024
-1.345	1.65351e-024
-1.344	1.77922e-024
-1.343	1.90773e-024
-1.342	2.03827e-024
-1.341	2.16997e-024
-1.34	2.30192e-024
-1.339	2.43311e-024
-1.338	2.56246e-024
-1.337	2.68886e-024
-1.336	2.81116e-024
-1.335	2.92821e-024
-1.334	3.03887e-024
-1.333	3.14204e-024
-1.332	3.23672e-024
-1.331	3.32203e-024
-1.33	3.39723e-024
-1.329	3.46183e-024
-1.328	3.51558e-024
-1.327	3.55859e-024
-1.326	3.59137e-024
-1.325	3.61488e-024
-1.324	3.63065e-024
-1.323	3.64084e-024
-1.322	3.64832e-024
-1.321	3.6568e-024
-1.32	3.67085e-024
-1.319	3.69609e-024
-1.318	3.73922e-024
-1.317	3.80814e-024
-1.316	3.91206e-024
-1.315	4.06159e-024
-1.314	4.26885e-024
-1.313	4.5475e-024
-1.312	4.91292e-024
-1.311	5.38216e-024
-1.31	5.97414e-024
-1.309	6.70957e-024
-1.308	7.61105e-024
-1.307	8.70309e-024
-1.306	1.0012e-023
-1.305	1.15661e-023
-1.304	1.33952e-023
-1.303	1.55311e-023
-1.302	1.80069e-023
-1.301	2.08574e-023
-1.3	2.41182e-023
-1.299	2.78263e-023
-1.298	3.20191e-023
-1.297	3.67344e-023
-1.296	4.20101e-023
-1.295	4.78837e-023
-1.294	5.43915e-023
-1.293	6.1569e-023
-1.292	6.94493e-023
-1.291	7.80632e-023
-1.29	8.74386e-023
-1.289	9.75993e-023
-1.288	1.08565e-022
-1.287	1.2035e-022
-1.286	1.32963e-022
-1.285	1.46406e-022
-1.284	1.60674e-022
-1.283	1.75755e-022
-1.282	1.91626e-022
-1.281	2.08259e-022
-1.28	2.25613e-022
-1.279	2.43638e-022
-1.278	2.62275e-022
-1.277	2.81453e-022
-1.276	3.01092e-022
-1.275	3.21102e-022
-1.274	3.41382e-022
-1.273	3.61824e-022
-1.272	3.82309e-022
-1.271	4.02714e-022
-1.27	4.22908e-022
-1.269	4.42759e-022
-1.268	4.6213e-022
-1.267	4.8089e-022
-1.266	4.98908e-022
-1.265	5.16061e-022
-1.264	5.3224e-022
-1.263	5.4735e-022
-1.262	5.61316e-022
-1.261	5.7409e-022
-1.26	5.85652e-022
-1.259	5.96024e-022
-1.258	6.05268e-022
-1.257	6.135e-022
-1.256	6.20889e-022
-1.255	6.27673e-022
-1.254	6.3416e-022
-1.253	6.40743e-022
-1.252	6.47899e-022
-1.251	6.56202e-022
-1.25	6.66332e-022
-1.249	6.79079e-022
-1.248	6.95354e-022
-1.247	7.16188e-022
-1.246	7.42748e-022
-1.245	7.76334e-022
-1.244	8.18389e-022
-1.243	8.70494e-022
-1.242	9.34381e-022
-1.241	1.01192e-021
-1.24	1.10512e-021
-1.239	1.21615e-021
-1.238	1.34728e-021
-1.237	1.50092e-021
-1.236	1.6796e-021
-1.235	1.88593e-021
-1.234	2.12263e-021
-1.233	2.39245e-021
-1.232	2.69822e-021
-1.231	3.04275e-021
-1.23	3.42887e-021
-1.229	3.85934e-021
-1.228	4.33686e-021
-1.227	4.86401e-021
-1.226	5.44321e-021
-1.225	6.07669e-021
-1.224	6.76644e-021
-1.223	7.51416e-021
-1.222	8.32122e-021
-1.221	9.1886e-021
-1.22	1.01169e-020
-1.219	1.11061e-020
-1.218	1.21559e-020
-1.217	1.32652e-020
-1.216	1.44324e-020
-1.215	1.56554e-020
-1.214	1.69312e-020
-1.213	1.82563e-020
-1.212	1.96265e-020
-1.211	2.10367e-020
-1.21	2.24814e-020
-1.209	2.39543e-020
-1.208	2.54486e-020
-1.207	2.69568e-020
-1.206	2.84709e-020
-1.205	2.99827e-020
-1.204	3.14836e-020
-1.203	3.29648e-020
-1.202	3.44176e-020
-1.201	3.58335e-020
-1.2	3.72044e-020
-1.199	3.85228e-020
-1.198	3.97823e-020
-1.197	4.09772e-020
-1.196	4.21039e-020
-1.195	4.31603e-020
-1.194	4.41464e-020
-1.193	4.50651e-020
-1.192	4.59221e-020
-1.191	4.67265e-020
-1.19	4.74912e-020
-1.189	4.82336e-020
-1.188	4.89756e-020
-1.187	4.97443e-020
-1.186	5.05724e-020
-1.185	5.14991e-020
-1.184	5.25693e-020
-1.183	5.38356e-020
-1.182	5.53573e-020
-1.181	5.72014e-020
-1.18	5.94429e-020
-1.179	6.21646e-020
-1.178	6.54576e-020
-1.177	6.9421e-020
-1.176	7.41625e-020
-1.175	7.97975e-020
-1.174	8.64496e-020
-1.173	9.42495e-020
-1.172	1.03335e-019
-1.171	1.1385e-019
-1.17	1.25945e-019
-1.169	1.39774e-019
-1.168	1.55495e-019
-1.167	1.73268e-019
-1.166	1.93255e-019
-1.165	2.15617e-019
-1.164	2.40513e-019
-1.163	2.68096e-019
-1.162	2.98517e-019
-1.161	3.31914e-019
-1.16	3.68419e-019
-1.159	4.08148e-019
-1.158	4.51204e-019
-1.157	4.97673e-019
-1.156	5.47619e-019
-1.155	6.01085e-019
-1.154	6.5809e-019
-1.153	7.18625e-019
-1.152	7.82655e-019
-1.151	8.50109e-019
-1.15	9.2089e-019
-1.149	9.94862e-019
-1.148	1.07186e-018
-1.147	1.15168e-018
-1.146	1.23408e-018
-1.145	1.3188e-018
-1.144	1.40552e-018
-1.143	1.49391e-018
-1.142	1.58361e-018
-1.141	1.67423e-018
-1.14	1.76537e-018
-1.139	1.85659e-018
-1.138	1.94747e-018
-1.137	2.03758e-018
-1.136	2.12649e-018
-1.135	2.2138e-018
-1.134	2.29914e-018
-1.133	2.38215e-018
-1.132	2.46257e-018
-1.131	2.54018e-018
-1.13	2.61484e-018
-1.129	2.68652e-018
-1.128	2.75529e-018
-1.127	2.82138e-018
-1.126	2.88515e-018
-1.125	2.94713e-018
-1.124	3.00805e-018
-1.123	3.06885e-018
-1.122	3.13066e-018
-1.121	3.1949e-018
-1.12	3.26324e-018
-1.119	3.33762e-018
-1.118	3.42027e-018
-1.117	3.51374e-018
-1.116	3.62089e-018
-1.115	3.74493e-018
-1.114	3.88938e-018
-1.113	4.0581e-018
-1.112	4.25531e-018
-1.111	4.48555e-018
-1.11	4.75369e-018
-1.109	5.0649e-018
-1.108	5.42466e-018
-1.107	5.83874e-018
-1.106	6.31311e-018
-1.105	6.85398e-018
-1.104	7.46774e-018
-1.103	8.1609e-018
-1.102	8.94003e-018
-1.101	9.81171e-018
-1.1	1.07825e-017
-1.099	1.18589e-017
-1.098	1.3047e-017
-1.097	1.43529e-017
-1.096	1.57822e-017
-1.095	1.73402e-017
-1.094	1.90315e-017
-1.093	2.08601e-017
-1.092	2.28295e-017
-1.091	2.49423e-017
-1.09	2.72002e-017
-1.089	2.9604e-017
-1.088	3.21534e-017
-1.087	3.4847e-017
-1.086	3.76825e-017
-1.085	4.0656e-017
-1.084	4.37628e-017
-1.083	4.69964e-017
-1.082	5.03497e-017
-1.081	5.38137e-017
-1.08	5.73787e-017
-1.079	6.10335e-017
-1.078	6.47663e-017
-1.077	6.85639e-017
-1.076	7.24125e-017
-1.075	7.6298e-017
-1.074	8.02053e-017
-1.073	8.41198e-017
-1.072	8.80266e-017
-1.071	9.19116e-017
-1.07	9.5761e-017
-1.069	9.95628e-017
-1.068	1.03306e-016
-1.067	1.06983e-016
-1.066	1.10587e-016
-1.065	1.14115e-016
-1.064	1.17567e-016
-1.063	1.2095e-016
-1.062	1.24272e-016
-1.061	1.27548e-016
-1.06	1.308e-016
-1.059	1.34054e-016
-1.058	1.37345e-016
-1.057	1.40715e-016
-1.056	1.44215e-016
-1.055	1.47904e-016
-1.054	1.5185e-016
-1.053	1.5613e-016
-1.052	1.60833e-016
-1.051	1.66057e-016
-1.05	1.71909e-016
-1.049	1.78509e-016
-1.048	1.85985e-016
-1.047	1.94477e-016
-1.046	2.04135e-016
-1.045	2.15118e-016
-1.044	2.27594e-016
-1.043	2.41739e-016
-1.042	2.57737e-016
-1.041	2.75779e-016
-1.04	2.96061e-016
-1.039	3.18783e-016
-1.038	3.44145e-016
-1.037	3.72352e-016
-1.036	4.03606e-016
-1.035	4.38105e-016
-1.034	4.76042e-016
-1.033	5.17604e-016
-1.032	5.62969e-016
-1.031	6.12299e-016
-1.03	6.65746e-016
-1.029	7.23443e-016
-1.028	7.85504e-016
-1.027	8.5202e-016
-1.026	9.2306e-016
-1.025	9.98666e-016
-1.024	1.07885e-015
-1.023	1.1636e-015
-1.022	1.25286e-015
-1.021	1.34656e-015
-1.02	1.44458e-015
-1.019	1.54677e-015
-1.018	1.65296e-015
-1.017	1.76292e-015
-1.016	1.87641e-015
-1.015	1.99315e-015
-1.014	2.11285e-015
-1.013	2.23517e-015
-1.012	2.35976e-015
-1.011	2.48627e-015
-1.01	2.61432e-015
-1.009	2.74354e-015
-1.008	2.87355e-015
-1.007	3.00401e-015
-1.006	3.13457e-015
-1.005	3.26493e-015
-1.004	3.39484e-015
-1.003	3.52409e-015
-1.002	3.65254e-015
-1.001	3.78012e-015
-1	3.90689e-015
-0.999	4.03296e-015
-0.998	4.1586e-015
-0.997	4.28421e-015
-0.996	4.41033e-015
-0.995	4.53767e-015
-0.994	4.66709e-015
-0.993	4.79967e-015
-0.992	4.93669e-015
-0.991	5.07962e-015
-0.99	5.23017e-015
-0.989	5.39027e-015
-0.988	5.5621e-015
-0.987	5.74806e-015
-0.986	5.95083e-015
-0.985	6.17331e-015
-0.984	6.41864e-015
-0.983	6.69022e-015
-0.982	6.99167e-015
-0.981	7.32681e-015
-0.98	7.69971e-015
-0.979	8.11459e-015
-0.978	8.57584e-015
-0.977	9.08801e-015
-0.976	9.65574e-015
-0.975	1.02838e-014
-0.974	1.09769e-014
-0.973	1.17398e-014
-0.972	1.25774e-014
-0.971	1.34943e-014
-0.97	1.44949e-014
-0.969	1.55838e-014
-0.968	1.6765e-014
-0.967	1.80424e-014
-0.966	1.94196e-014
-0.965	2.08998e-014
-0.964	2.24856e-014
-0.963	2.41793e-014
-0.962	2.59827e-014
-0.961	2.7897e-014
-0.96	2.99227e-014
-0.959	3.20598e-014
-0.958	3.43076e-014
-0.957	3.66648e-014
-0.956	3.91291e-014
-0.955	4.16979e-014
-0.954	4.43678e-014
-0.953	4.71347e-014
-0.952	4.9994e-014
-0.951	5.29403e-014
-0.95	5.59679e-014
-0.949	5.90708e-014
-0.948	6.22424e-014
-0.947	6.5476e-014
-0.946	6.87649e-014
-0.945	7.21023e-014
-0.944	7.54817e-014
-0.943	7.8897e-014
-0.942	8.23426e-014
-0.941	8.58138e-014
-0.94	8.93068e-014
-0.939	9.28191e-014
-0.938	9.63496e-014
-0.937	9.98989e-014
-0.936	1.0347e-013
-0.935	1.07067e-013
-0.934	1.10698e-013
-0.933	1.14373e-013
-0.932	1.18104e-013
-0.931	1.21909e-013
-0.93	1.25808e-013
-0.929	1.29823e-013
-0.928	1.33983e-013
-0.927	1.38319e-013
-0.926	1.42867e-013
-0.925	1.47668e-013
-0.924	1.52766e-013
-0.923	1.5821e-013
-0.922	1.64055e-013
-0.921	1.70358e-013
-0.92	1.77183e-013
-0.919	1.84597e-013
-0.918	1.9267e-013
-0.917	2.01478e-013
-0.916	2.11099e-013
-0.915	2.21614e-013
-0.914	2.33109e-013
-0.913	2.45669e-013
-0.912	2.59382e-013
-0.911	2.74338e-013
-0.91	2.90627e-013
-0.909	3.08338e-013
-0.908	3.27559e-013
-0.907	3.48377e-013
-0.906	3.70876e-013
-0.905	3.95137e-013
-0.904	4.21235e-013
-0.903	4.49242e-013
-0.902	4.79224e-013
-0.901	5.11239e-013
-0.9	5.45337e-013
-0.899	5.81562e-013
-0.898	6.19948e-013
-0.897	6.60519e-013
-0.896	7.0329e-013
-0.895	7.48266e-013
-0.894	7.95439e-013
-0.893	8.44794e-013
-0.892	8.96304e-013
-0.891	9.49932e-013
-0.89	1.00563e-012
-0.889	1.06334e-012
-0.888	1.123e-012
-0.887	1.18453e-012
-0.886	1.24787e-012
-0.885	1.31292e-012
-0.884	1.3796e-012
-0.883	1.44783e-012
-0.882	1.51752e-012
-0.881	1.58859e-012
-0.88	1.66097e-012
-0.879	1.7346e-012
-0.878	1.80943e-012
-0.877	1.88543e-012
-0.876	1.96258e-012
-0.875	2.04089e-012
-0.874	2.1204e-012
-0.873	2.20119e-012
-0.872	2.28334e-012
-0.871	2.36703e-012
-0.87	2.45241e-012
-0.869	2.53974e-012
-0.868	2.62929e-012
-0.867	2.7214e-012
-0.866	2.81647e-012
-0.865	2.91495e-012
-0.864	3.01736e-012
-0.863	3.12427e-012
-0.862	3.23634e-012
-0.861	3.35427e-012
-0.86	3.47886e-012
-0.859	3.61094e-012
-0.858	3.75144e-012
-0.857	3.90134e-012
-0.856	4.06167e-012
-0.855	4.23355e-012
-0.854	4.41814e-012
-0.853	4.61664e-012
-0.852	4.83032e-012
-0.851	5.06048e-012
-0.85	5.30846e-012
-0.849	5.57561e-012
-0.848	5.8633e-012
-0.847	6.17293e-012
-0.846	6.50588e-012
-0.845	6.86353e-012
-0.844	7.24722e-012
-0.843	7.65828e-012
-0.842	8.098e-012
-0.841	8.56759e-012
-0.84	9.06821e-012
-0.839	9.60096e-012
-0.838	1.01668e-011
-0.837	1.07668e-011
-0.836	1.14015e-011
-0.835	1.20718e-011
-0.834	1.27782e-011
-0.833	1.35213e-011
-0.832	1.43012e-011
-0.831	1.51183e-011
-0.83	1.59726e-011
-0.829	1.68641e-011
-0.828	1.77926e-011
-0.827	1.87579e-011
-0.826	1.97596e-011
-0.825	2.07974e-011
-0.824	2.18706e-011
-0.823	2.29786e-011
-0.822	2.4121e-011
-0.821	2.52971e-011
-0.82	2.65063e-011
-0.819	2.77482e-011
-0.818	2.90222e-011
-0.817	3.03281e-011
-0.816	3.16658e-011
-0.815	3.30352e-011
-0.814	3.44368e-011
-0.813	3.5871e-011
-0.812	3.73389e-011
-0.811	3.88417e-011
-0.81	4.03813e-011
-0.809	4.19598e-011
-0.808	4.358e-011
-0.807	4.52452e-011
-0.806	4.69594e-011
-0.805	4.87273e-011
-0.804	5.0554e-011
-0.803	5.24457e-011
-0.802	5.44092e-011
-0.801	5.64521e-011
-0.8	5.85828e-011
-0.799	6.08106e-011
-0.798	6.31455e-011
-0.797	6.55986e-011
-0.796	6.81816e-011
-0.795	7.09072e-011
-0.794	7.37887e-011
-0.793	7.68405e-011
-0.792	8.00773e-011
-0.791	8.3515e-011
-0.79	8.71698e-011
-0.789	9.10585e-011
-0.788	9.51986e-011
-0.787	9.96079e-011
-0.786	1.04305e-010
-0.785	1.09307e-010
-0.784	1.14633e-010
-0.783	1.20303e-010
-0.782	1.26334e-010
-0.781	1.32744e-010
-0.78	1.39553e-010
-0.779	1.46777e-010
-0.778	1.54434e-010
-0.777	1.6254e-010
-0.776	1.71111e-010
-0.775	1.80163e-010
-0.774	1.89709e-010
-0.773	1.99762e-010
-0.772	2.10336e-010
-0.771	2.2144e-010
-0.77	2.33085e-010
-0.769	2.45281e-010
-0.768	2.58033e-010
-0.767	2.71351e-010
-0.766	2.85239e-010
-0.765	2.99702e-010
-0.764	3.14744e-010
-0.763	3.3037e-010
-0.762	3.46581e-010
-0.761	3.63382e-010
-0.76	3.80774e-010
-0.759	3.9876e-010
-0.758	4.17345e-010
-0.757	4.36532e-010
-0.756	4.56328e-010
-0.755	4.76739e-010
-0.754	4.97775e-010
-0.753	5.19448e-010
-0.752	5.41771e-010
-0.751	5.64765e-010
-0.75	5.88449e-010
-0.749	6.1285e-010
-0.748	6.38e-010
-0.747	6.63935e-010
-0.746	6.90696e-010
-0.745	7.18333e-010
-0.744	7.469e-010
-0.743	7.7646e-010
-0.742	8.07082e-010
-0.741	8.38846e-010
-0.74	8.71836e-010
-0.739	9.06149e-010
-0.738	9.41888e-010
-0.737	9.79166e-010
-0.736	1.0181e-009
-0.735	1.05884e-009
-0.734	1.1015e-009
-0.733	1.14625e-009
-0.732	1.19324e-009
-0.731	1.24264e-009
-0.73	1.29463e-009
-0.729	1.34939e-009
-0.728	1.40711e-009
-0.727	1.468e-009
-0.726	1.53225e-009
-0.725	1.60009e-009
-0.724	1.67173e-009
-0.723	1.74739e-009
-0.722	1.82729e-009
-0.721	1.91167e-009
-0.72	2.00075e-009
-0.719	2.09477e-009
-0.718	2.19395e-009
-0.717	2.29853e-009
-0.716	2.40874e-009
-0.715	2.52479e-009
-0.714	2.64691e-009
-0.713	2.77533e-009
-0.712	2.91024e-009
-0.711	3.05187e-009
-0.71	3.20042e-009
-0.709	3.35607e-009
-0.708	3.51903e-009
-0.707	3.68947e-009
-0.706	3.86759e-009
-0.705	4.05354e-009
-0.704	4.24751e-009
-0.703	4.44967e-009
-0.702	4.66017e-009
-0.701	4.87918e-009
-0.7	5.10689e-009
-0.699	5.34344e-009
-0.698	5.58902e-009
-0.697	5.84382e-009
-0.696	6.10804e-009
-0.695	6.38188e-009
-0.694	6.66557e-009
-0.693	6.95937e-009
-0.692	7.26356e-009
-0.691	7.57842e-009
-0.69	7.90432e-009
-0.689	8.24161e-009
-0.688	8.59072e-009
-0.687	8.95213e-009
-0.686	9.32633e-009
-0.685	9.71391e-009
-0.684	1.01155e-008
-0.683	1.05318e-008
-0.682	1.09636e-008
-0.681	1.14117e-008
-0.68	1.1877e-008
-0.679	1.23605e-008
-0.678	1.28634e-008
-0.677	1.33868e-008
-0.676	1.39319e-008
-0.675	1.45e-008
-0.674	1.50928e-008
-0.673	1.57116e-008
-0.672	1.63581e-008
-0.671	1.70341e-008
-0.67	1.77414e-008
-0.669	1.84818e-008
-0.668	1.92575e-008
-0.667	2.00705e-008
-0.666	2.0923e-008
-0.665	2.18172e-008
-0.664	2.27556e-008
-0.663	2.37406e-008
-0.662	2.47747e-008
-0.661	2.58605e-008
-0.66	2.70005e-008
-0.659	2.81975e-008
-0.658	2.94542e-008
-0.657	3.07735e-008
-0.656	3.21581e-008
-0.655	3.3611e-008
-0.654	3.51349e-008
-0.653	3.67329e-008
-0.652	3.84078e-008
-0.651	4.01626e-008
-0.65	4.20004e-008
-0.649	4.39241e-008
-0.648	4.59366e-008
-0.647	4.80411e-008
-0.646	5.02407e-008
-0.645	5.25382e-008
-0.644	5.49369e-008
-0.643	5.74399e-008
-0.642	6.00503e-008
-0.641	6.27714e-008
-0.64	6.56066e-008
-0.639	6.85591e-008
-0.638	7.16326e-008
-0.637	7.48306e-008
-0.636	7.81569e-008
-0.635	8.16155e-008
-0.634	8.52104e-008
-0.633	8.8946e-008
-0.632	9.2827e-008
-0.631	9.68583e-008
-0.63	1.01045e-007
-0.629	1.05393e-007
-0.628	1.09908e-007
-0.627	1.14596e-007
-0.626	1.19464e-007
-0.625	1.2452e-007
-0.624	1.29772e-007
-0.623	1.35228e-007
-0.622	1.40897e-007
-0.621	1.46789e-007
-0.62	1.52914e-007
-0.619	1.59284e-007
-0.618	1.65911e-007
-0.617	1.72807e-007
-0.616	1.79987e-007
-0.615	1.87464e-007
-0.614	1.95254e-007
-0.613	2.03374e-007
-0.612	2.11841e-007
-0.611	2.20673e-007
-0.61	2.29889e-007
-0.609	2.3951e-007
-0.608	2.49557e-007
-0.607	2.60052e-007
-0.606	2.71018e-007
-0.605	2.8248e-007
-0.604	2.94464e-007
-0.603	3.06994e-007
-0.602	3.20099e-007
-0.601	3.33807e-007
-0.6	3.48148e-007
-0.599	3.6315e-007
-0.598	3.78847e-007
-0.597	3.95269e-007
-0.596	4.12449e-007
-0.595	4.30422e-007
-0.594	4.49223e-007
-0.593	4.68887e-007
-0.592	4.8945e-007
-0.591	5.1095e-007
-0.59	5.33425e-007
-0.589	5.56915e-007
-0.588	5.8146e-007
-0.587	6.07101e-007
-0.586	6.3388e-007
-0.585	6.61839e-007
-0.584	6.91025e-007
-0.583	7.21481e-007
-0.582	7.53255e-007
-0.581	7.86395e-007
-0.58	8.20949e-007
-0.579	8.56971e-007
-0.578	8.94511e-007
-0.577	9.33627e-007
-0.576	9.74373e-007
-0.575	1.01681e-006
-0.574	1.061e-006
-0.573	1.107e-006
-0.572	1.15489e-006
-0.571	1.20474e-006
-0.57	1.25661e-006
-0.569	1.31059e-006
-0.568	1.36676e-006
-0.567	1.4252e-006
-0.566	1.48601e-006
-0.565	1.54928e-006
-0.564	1.61511e-006
-0.563	1.68362e-006
-0.562	1.7549e-006
-0.561	1.8291e-006
-0.56	1.90632e-006
-0.559	1.9867e-006
-0.558	2.07039e-006
-0.557	2.15753e-006
-0.556	2.24829e-006
-0.555	2.34282e-006
-0.554	2.4413e-006
-0.553	2.54391e-006
-0.552	2.65085e-006
-0.551	2.76233e-006
-0.55	2.87854e-006
-0.549	2.99973e-006
-0.548	3.12612e-006
-0.547	3.25795e-006
-0.546	3.3955e-006
-0.545	3.53901e-006
-0.544	3.68877e-006
-0.543	3.84508e-006
-0.542	4.00824e-006
-0.541	4.17856e-006
-0.54	4.35638e-006
-0.539	4.54203e-006
-0.538	4.73587e-006
-0.537	4.93827e-006
-0.536	5.14961e-006
-0.535	5.37027e-006
-0.534	5.60068e-006
-0.533	5.84125e-006
-0.532	6.09243e-006
-0.531	6.35466e-006
-0.53	6.62841e-006
-0.529	6.91417e-006
-0.528	7.21243e-006
-0.527	7.52372e-006
-0.526	7.84856e-006
-0.525	8.18751e-006
-0.524	8.54115e-006
-0.523	8.91006e-006
-0.522	9.29485e-006
-0.521	9.69616e-006
-0.52	1.01147e-005
-0.519	1.0551e-005
-0.518	1.10059e-005
-0.517	1.14801e-005
-0.516	1.19744e-005
-0.515	1.24896e-005
-0.514	1.30264e-005
-0.513	1.35858e-005
-0.512	1.41687e-005
-0.511	1.47759e-005
-0.51	1.54085e-005
-0.509	1.60675e-005
-0.508	1.6754e-005
-0.507	1.74691e-005
-0.506	1.82139e-005
-0.505	1.89897e-005
-0.504	1.97977e-005
-0.503	2.06394e-005
-0.502	2.15161e-005
-0.501	2.24293e-005
-0.5	2.33806e-005
-0.499	2.43716e-005
-0.498	2.54039e-005
-0.497	2.64794e-005
-0.496	2.76e-005
-0.495	2.87675e-005
-0.494	2.99842e-005
-0.493	3.1252e-005
-0.492	3.25734e-005
-0.491	3.39506e-005
-0.49	3.53861e-005
-0.489	3.68825e-005
-0.488	3.84425e-005
-0.487	4.0069e-005
-0.486	4.17648e-005
-0.485	4.35331e-005
-0.484	4.53771e-005
-0.483	4.73001e-005
-0.482	4.93057e-005
-0.481	5.13975e-005
-0.48	5.35792e-005
-0.479	5.58548e-005
-0.478	5.82286e-005
-0.477	6.07046e-005
-0.476	6.32875e-005
-0.475	6.59819e-005
-0.474	6.87925e-005
-0.473	7.17243e-005
-0.472	7.47827e-005
-0.471	7.7973e-005
-0.47	8.13008e-005
-0.469	8.4772e-005
-0.468	8.83927e-005
-0.467	9.21691e-005
-0.466	9.61078e-005
-0.465	0.000100216
-0.464	0.0001045
-0.463	0.000108967
-0.462	0.000113626
-0.461	0.000118484
-0.46	0.000123549
-0.459	0.00012883
-0.458	0.000134336
-0.457	0.000140076
-0.456	0.00014606
-0.455	0.000152298
-0.454	0.0001588
-0.453	0.000165578
-0.452	0.000172642
-0.451	0.000180006
-0.45	0.000187679
-0.449	0.000195677
-0.448	0.000204012
-0.447	0.000212699
-0.446	0.000221752
-0.445	0.000231186
-0.444	0.000241017
-0.443	0.000251263
-0.442	0.000261939
-0.441	0.000273066
-0.44	0.000284661
-0.439	0.000296745
-0.438	0.000309339
-0.437	0.000322463
-0.436	0.000336142
-0.435	0.000350398
-0.434	0.000365256
-0.433	0.000380742
-0.432	0.000396883
-0.431	0.000413707
-0.43	0.000431244
-0.429	0.000449525
-0.428	0.000468581
-0.427	0.000488446
-0.426	0.000509155
-0.425	0.000530744
-0.424	0.000553252
-0.423	0.000576718
-0.422	0.000601184
-0.421	0.000626692
-0.42	0.000653288
-0.419	0.000681018
-0.418	0.000709932
-0.417	0.000740079
-0.416	0.000771514
-0.415	0.000804291
-0.414	0.000838276
-0.413	0.000873246
-0.412	0.000909103
-0.411	0.000945752
-0.41	0.000983094
-0.409	0.00102103
-0.408	0.00105947
-0.407	0.00109831
-0.406	0.00113747
-0.405	0.00117685
-0.404	0.00121639
-0.403	0.001256
-0.402	0.00129563
-0.401	0.00133521
-0.4	0.0013747
-0.399	0.00141407
-0.398	0.00145328
-0.397	0.00149232
-0.396	0.00153119
-0.395	0.00156989
-0.394	0.00160846
-0.393	0.00164691
-0.392	0.0016853
-0.391	0.00172368
-0.39	0.00176212
-0.389	0.0018007
-0.388	0.00183951
-0.387	0.00187866
-0.386	0.00191825
-0.385	0.00195841
-0.384	0.00199925
-0.383	0.00204094
-0.382	0.00208359
-0.381	0.00212736
-0.38	0.0021724
-0.379	0.00221886
-0.378	0.00226691
-0.377	0.00231671
-0.376	0.0023684
-0.375	0.00242215
-0.374	0.00247811
-0.373	0.00253643
-0.372	0.00259727
-0.371	0.00266076
-0.37	0.00272704
-0.369	0.00279625
-0.368	0.0028685
-0.367	0.00294391
-0.366	0.00302257
-0.365	0.0031046
-0.364	0.00319261
-0.363	0.00328931
-0.362	0.00339458
-0.361	0.00350828
-0.36	0.00363021
-0.359	0.00376014
-0.358	0.00389781
-0.357	0.00404289
-0.356	0.00419505
-0.355	0.00435392
-0.354	0.00451908
-0.353	0.00469011
-0.352	0.00486655
-0.351	0.00504791
-0.35	0.00523369
-0.349	0.00542339
-0.348	0.00561648
-0.347	0.00581241
-0.346	0.00601065
-0.345	0.00621064
-0.344	0.00641185
-0.343	0.00661373
-0.342	0.00681576
-0.341	0.0070174
-0.34	0.00721817
-0.339	0.00741754
-0.338	0.00761508
-0.337	0.00781033
-0.336	0.00800286
-0.335	0.0081923
-0.334	0.00837827
-0.333	0.00856048
-0.332	0.00873861
-0.331	0.00891243
-0.33	0.00908171
-0.329	0.00924631
-0.328	0.00940609
-0.327	0.00956097
-0.326	0.00971091
-0.325	0.00985593
-0.324	0.00999608
-0.323	0.0101314
-0.322	0.0102622
-0.321	0.0103885
-0.32	0.0105106
-0.319	0.0106287
-0.318	0.0107432
-0.317	0.0108544
-0.316	0.0109628
-0.315	0.0110687
-0.314	0.0111726
-0.313	0.011275
-0.312	0.0113764
-0.311	0.0114774
-0.31	0.0115785
-0.309	0.0116803
-0.308	0.0117835
-0.307	0.0118886
-0.306	0.0119962
-0.305	0.0121071
-0.304	0.0122218
-0.303	0.012341
-0.302	0.0124653
-0.301	0.0125954
-0.3	0.0127318
-0.299	0.0128752
-0.298	0.0130262
-0.297	0.0131852
-0.296	0.013353
-0.295	0.0135299
-0.294	0.0137166
-0.293	0.0139134
-0.292	0.0141208
-0.291	0.0143391
-0.29	0.0145688
-0.289	0.0148102
-0.288	0.0150635
-0.287	0.0153289
-0.286	0.0156068
-0.285	0.0158972
-0.284	0.0162003
-0.283	0.0165161
-0.282	0.0168446
-0.281	0.0171859
-0.28	0.0175399
-0.279	0.0179064
-0.278	0.0182854
-0.277	0.0186768
-0.276	0.0190801
-0.275	0.0194954
-0.274	0.0199221
-0.273	0.0203602
-0.272	0.0208091
-0.271	0.0212686
-0.27	0.0217383
-0.269	0.0222177
-0.268	0.0227065
-0.267	0.0232043
-0.266	0.0237105
-0.265	0.0242248
-0.264	0.0247467
-0.263	0.0252757
-0.262	0.0258115
-0.261	0.0263535
-0.26	0.0269014
-0.259	0.0274547
-0.258	0.028013
-0.257	0.0285761
-0.256	0.0291435
-0.255	0.0297149
-0.254	0.03029
-0.253	0.0308685
-0.252	0.0314504
-0.251	0.0320352
-0.25	0.0326229
-0.249	0.0332135
-0.248	0.0338067
-0.247	0.0344027
-0.246	0.0350015
-0.245	0.035603
-0.244	0.0362074
-0.243	0.036815
-0.242	0.0374258
-0.241	0.0380402
-0.24	0.0386585
-0.239	0.039281
-0.238	0.0399082
-0.237	0.0405404
-0.236	0.0411782
-0.235	0.041822
-0.234	0.0424725
-0.233	0.0431303
-0.232	0.043796
-0.231	0.0444702
-0.23	0.0451537
-0.229	0.0458472
-0.228	0.0465515
-0.227	0.0472673
-0.226	0.0479954
-0.225	0.0487366
-0.224	0.0494919
-0.223	0.0502619
-0.222	0.0510475
-0.221	0.0518496
-0.22	0.052669
-0.219	0.0535065
-0.218	0.054363
-0.217	0.0552393
-0.216	0.0561361
-0.215	0.0570542
-0.214	0.0579945
-0.213	0.0589576
-0.212	0.0599443
-0.211	0.0609552
-0.21	0.0619911
-0.209	0.0630525
-0.208	0.06414
-0.207	0.0652542
-0.206	0.0663956
-0.205	0.0675648
-0.204	0.068762
-0.203	0.0699879
-0.202	0.0712426
-0.201	0.0725267
-0.2	0.0738403
-0.199	0.0751839
-0.198	0.0765575
-0.197	0.0779613
-0.196	0.0793956
-0.195	0.0808604
-0.194	0.0823559
-0.193	0.0838822
-0.192	0.0854392
-0.191	0.087027
-0.19	0.0886456
-0.189	0.0902951
-0.188	0.0919752
-0.187	0.093686
-0.186	0.0954275
-0.185	0.0971997
-0.184	0.0990024
-0.183	0.100836
-0.182	0.102699
-0.181	0.104593
-0.18	0.106518
-0.179	0.108473
-0.178	0.110458
-0.177	0.112474
-0.176	0.11452
-0.175	0.116597
-0.174	0.118704
-0.173	0.120843
-0.172	0.123012
-0.171	0.125213
-0.17	0.127445
-0.169	0.12971
-0.168	0.132006
-0.167	0.134335
-0.166	0.136698
-0.165	0.139094
-0.164	0.141525
-0.163	0.143991
-0.162	0.146492
-0.161	0.14903
-0.16	0.151605
-0.159	0.154218
-0.158	0.156871
-0.157	0.159563
-0.156	0.162297
-0.155	0.165072
-0.154	0.167891
-0.153	0.170755
-0.152	0.173665
-0.151	0.176621
-0.15	0.179626
-0.149	0.182681
-0.148	0.185787
-0.147	0.188946
-0.146	0.192159
-0.145	0.195428
-0.144	0.198754
-0.143	0.202139
-0.142	0.205585
-0.141	0.209093
-0.14	0.212664
-0.139	0.216301
-0.138	0.220006
-0.137	0.223779
-0.136	0.227623
-0.135	0.231539
-0.134	0.235529
-0.133	0.239594
-0.132	0.243737
-0.131	0.24796
-0.13	0.252262
-0.129	0.256648
-0.128	0.261117
-0.127	0.265672
-0.126	0.270314
-0.125	0.275046
-0.124	0.279867
-0.123	0.284781
-0.122	0.289789
-0.121	0.294892
-0.12	0.300091
-0.119	0.305389
-0.118	0.310786
-0.117	0.316285
-0.116	0.321887
-0.115	0.327592
-0.114	0.333403
-0.113	0.339322
-0.112	0.345348
-0.111	0.351485
-0.11	0.357732
-0.109	0.364093
-0.108	0.370568
-0.107	0.377158
-0.106	0.383865
-0.105	0.390691
-0.104	0.397637
-0.103	0.404705
-0.102	0.411895
-0.101	0.419211
-0.1	0.426652
