-4	0
-3.999	0
-3.998	0
-3.997	0
-3.996	0
-3.995	0
-3.994	0
-3.993	0
-3.992	0
-3.991	0
-3.99	0
-3.989	0
-3.988	0
-3.987	0
-3.986	0
-3.985	0
-3.984	0
-3.983	0
-3.982	0
-3.981	0
-3.98	0
-3.979	0
-3.978	0
-3.977	0
-3.976	0
-3.975	0
-3.974	0
-3.973	0
-3.972	0
-3.971	0
-3.97	0
-3.969	0
-3.968	0
-3.967	0
-3.966	0
-3.965	0
-3.964	0
-3.963	0
-3.962	0
-3.961	0
-3.96	0
-3.959	0
-3.958	0
-3.957	0
-3.956	0
-3.955	0
-3.954	0
-3.953	0
-3.952	0
-3.951	0
-3.95	0
-3.949	0
-3.948	0
-3.947	0
-3.946	0
-3.945	0
-3.944	0
-3.943	0
-3.942	0
-3.941	0
-3.94	0
-3.939	0
-3.938	0
-3.937	0
-3.936	0
-3.935	0
-3.934	0
-3.933	0
-3.932	0
-3.931	0
-3.93	0
-3.929	0
-3.928	0
-3.927	0
-3.926	0
-3.925	0
-3.924	0
-3.923	0
-3.922	0
-3.921	0
-3.92	0
-3.919	0
-3.918	0
-3.917	0
-3.916	0
-3.915	0
-3.914	0
-3.913	0
-3.912	0
-3.911	0
-3.91	0
-3.909	0
-3.908	0
-3.907	0
-3.906	0
-3.905	0
-3.904	0
-3.903	0
-3.902	0
-3.901	0
-3.9	0
-3.899	0
-3.898	0
-3.897	0
-3.896	0
-3.895	0
-3.894	0
-3.893	0
-3.892	0
-3.891	0
-3.89	0
-3.889	0
-3.888	0
-3.887	0
-3.886	0
-3.885	0
-3.884	0
-3.883	0
-3.882	0
-3.881	0
-3.88	0
-3.879	0
-3.878	0
-3.877	0
-3.876	0
-3.875	0
-3.874	0
-3.873	0
-3.872	0
-3.871	0
-3.87	0
-3.869	0
-3.868	0
-3.867	0
-3.866	0
-3.865	0
-3.864	0
-3.863	0
-3.862	0
-3.861	0
-3.86	0
-3.859	0
-3.858	0
-3.857	0
-3.856	0
-3.855	0
-3.854	0
-3.853	0
-3.852	0
-3.851	0
-3.85	0
-3.849	0
-3.848	0
-3.847	0
-3.846	0
-3.845	0
-3.844	0
-3.843	0
-3.842	0
-3.841	0
-3.84	0
-3.839	0
-3.838	0
-3.837	0
-3.836	0
-3.835	0
-3.834	0
-3.833	0
-3.832	0
-3.831	0
-3.83	0
-3.829	0
-3.828	0
-3.827	0
-3.826	0
-3.825	0
-3.824	0
-3.823	0
-3.822	0
-3.821	0
-3.82	0
-3.819	0
-3.818	0
-3.817	0
-3.816	0
-3.815	0
-3.814	0
-3.813	0
-3.812	0
-3.811	0
-3.81	0
-3.809	0
-3.808	0
-3.807	0
-3.806	0
-3.805	0
-3.804	0
-3.803	0
-3.802	0
-3.801	0
-3.8	0
-3.799	0
-3.798	0
-3.797	0
-3.796	0
-3.795	0
-3.794	0
-3.793	0
-3.792	0
-3.791	0
-3.79	0
-3.789	0
-3.788	0
-3.787	0
-3.786	0
-3.785	0
-3.784	0
-3.783	0
-3.782	0
-3.781	0
-3.78	0
-3.779	0
-3.778	0
-3.777	0
-3.776	0
-3.775	0
-3.774	0
-3.773	0
-3.772	0
-3.771	0
-3.77	0
-3.769	0
-3.768	0
-3.767	0
-3.766	0
-3.765	0
-3.764	0
-3.763	0
-3.762	0
-3.761	0
-3.76	0
-3.759	0
-3.758	0
-3.757	0
-3.756	0
-3.755	0
-3.754	0
-3.753	0
-3.752	0
-3.751	0
-3.75	0
-3.749	0
-3.748	0
-3.747	0
-3.746	0
-3.745	0
-3.744	0
-3.743	0
-3.742	0
-3.741	0
-3.74	0
-3.739	0
-3.738	0
-3.737	0
-3.736	0
-3.735	0
-3.734	0
-3.733	0
-3.732	0
-3.731	0
-3.73	0
-3.729	0
-3.728	0
-3.727	0
-3.726	0
-3.725	0
-3.724	0
-3.723	0
-3.722	0
-3.721	0
-3.72	0
-3.719	0
-3.718	0
-3.717	0
-3.716	0
-3.715	0
-3.714	0
-3.713	0
-3.712	0
-3.711	0
-3.71	0
-3.709	0
-3.708	0
-3.707	0
-3.706	0
-3.705	0
-3.704	0
-3.703	0
-3.702	0
-3.701	0
-3.7	0
-3.699	0
-3.698	0
-3.697	0
-3.696	0
-3.695	0
-3.694	0
-3.693	0
-3.692	0
-3.691	0
-3.69	0
-3.689	0
-3.688	0
-3.687	0
-3.686	0
-3.685	0
-3.684	0
-3.683	0
-3.682	0
-3.681	0
-3.68	0
-3.679	0
-3.678	0
-3.677	0
-3.676	0
-3.675	0
-3.674	0
-3.673	0
-3.672	0
-3.671	0
-3.67	0
-3.669	0
-3.668	0
-3.667	0
-3.666	0
-3.665	0
-3.664	0
-3.663	0
-3.662	0
-3.661	0
-3.66	0
-3.659	0
-3.658	0
-3.657	0
-3.656	0
-3.655	0
-3.654	0
-3.653	0
-3.652	0
-3.651	0
-3.65	0
-3.649	0
-3.648	0
-3.647	0
-3.646	0
-3.645	0
-3.644	0
-3.643	0
-3.642	0
-3.641	0
-3.64	0
-3.639	0
-3.638	0
-3.637	0
-3.636	0
-3.635	0
-3.634	0
-3.633	0
-3.632	0
-3.631	0
-3.63	0
-3.629	0
-3.628	0
-3.627	0
-3.626	0
-3.625	0
-3.624	0
-3.623	0
-3.622	0
-3.621	0
-3.62	0
-3.619	0
-3.618	0
-3.617	0
-3.616	0
-3.615	0
-3.614	0
-3.613	0
-3.612	0
-3.611	0
-3.61	0
-3.609	0
-3.608	0
-3.607	0
-3.606	0
-3.605	0
-3.604	0
-3.603	0
-3.602	0
-3.601	0
-3.6	0
-3.599	0
-3.598	0
-3.597	0
-3.596	0
-3.595	0
-3.594	0
-3.593	0
-3.592	0
-3.591	0
-3.59	0
-3.589	0
-3.588	0
-3.587	0
-3.586	0
-3.585	0
-3.584	0
-3.583	0
-3.582	0
-3.581	0
-3.58	0
-3.579	0
-3.578	0
-3.577	0
-3.576	0
-3.575	0
-3.574	0
-3.573	0
-3.572	0
-3.571	0
-3.57	0
-3.569	0
-3.568	0
-3.567	0
-3.566	0
-3.565	0
-3.564	0
-3.563	0
-3.562	0
-3.561	0
-3.56	0
-3.559	0
-3.558	0
-3.557	0
-3.556	0
-3.555	0
-3.554	0
-3.553	0
-3.552	0
-3.551	0
-3.55	0
-3.549	0
-3.548	0
-3.547	0
-3.546	0
-3.545	0
-3.544	0
-3.543	0
-3.542	0
-3.541	0
-3.54	0
-3.539	0
-3.538	0
-3.537	0
-3.536	0
-3.535	0
-3.534	0
-3.533	0
-3.532	0
-3.531	0
-3.53	0
-3.529	0
-3.528	0
-3.527	0
-3.526	0
-3.525	0
-3.524	0
-3.523	0
-3.522	0
-3.521	0
-3.52	0
-3.519	0
-3.518	0
-3.517	0
-3.516	0
-3.515	0
-3.514	0
-3.513	0
-3.512	0
-3.511	0
-3.51	0
-3.509	0
-3.508	0
-3.507	0
-3.506	0
-3.505	0
-3.504	0
-3.503	0
-3.502	0
-3.501	0
-3.5	0
-3.499	0
-3.498	0
-3.497	0
-3.496	0
-3.495	0
-3.494	0
-3.493	0
-3.492	0
-3.491	0
-3.49	0
-3.489	0
-3.488	0
-3.487	0
-3.486	0
-3.485	0
-3.484	0
-3.483	0
-3.482	0
-3.481	0
-3.48	0
-3.479	0
-3.478	0
-3.477	0
-3.476	0
-3.475	0
-3.474	0
-3.473	0
-3.472	0
-3.471	0
-3.47	0
-3.469	0
-3.468	0
-3.467	0
-3.466	0
-3.465	0
-3.464	0
-3.463	0
-3.462	0
-3.461	0
-3.46	0
-3.459	0
-3.458	0
-3.457	0
-3.456	0
-3.455	0
-3.454	0
-3.453	0
-3.452	0
-3.451	0
-3.45	0
-3.449	0
-3.448	0
-3.447	0
-3.446	0
-3.445	0
-3.444	0
-3.443	0
-3.442	0
-3.441	0
-3.44	0
-3.439	0
-3.438	0
-3.437	0
-3.436	0
-3.435	0
-3.434	0
-3.433	0
-3.432	0
-3.431	0
-3.43	0
-3.429	0
-3.428	0
-3.427	0
-3.426	0
-3.425	0
-3.424	0
-3.423	0
-3.422	0
-3.421	0
-3.42	0
-3.419	0
-3.418	0
-3.417	0
-3.416	0
-3.415	0
-3.414	0
-3.413	0
-3.412	0
-3.411	0
-3.41	0
-3.409	0
-3.408	0
-3.407	0
-3.406	0
-3.405	0
-3.404	0
-3.403	0
-3.402	0
-3.401	0
-3.4	0
-3.399	0
-3.398	0
-3.397	0
-3.396	0
-3.395	0
-3.394	0
-3.393	0
-3.392	0
-3.391	0
-3.39	0
-3.389	0
-3.388	0
-3.387	0
-3.386	0
-3.385	0
-3.384	0
-3.383	0
-3.382	0
-3.381	0
-3.38	0
-3.379	0
-3.378	0
-3.377	0
-3.376	0
-3.375	0
-3.374	0
-3.373	0
-3.372	0
-3.371	0
-3.37	0
-3.369	0
-3.368	0
-3.367	0
-3.366	0
-3.365	0
-3.364	0
-3.363	0
-3.362	0
-3.361	0
-3.36	0
-3.359	0
-3.358	0
-3.357	0
-3.356	0
-3.355	0
-3.354	0
-3.353	0
-3.352	0
-3.351	0
-3.35	0
-3.349	0
-3.348	0
-3.347	0
-3.346	0
-3.345	0
-3.344	0
-3.343	0
-3.342	0
-3.341	0
-3.34	0
-3.339	0
-3.338	0
-3.337	0
-3.336	0
-3.335	0
-3.334	0
-3.333	0
-3.332	0
-3.331	0
-3.33	0
-3.329	0
-3.328	0
-3.327	0
-3.326	0
-3.325	0
-3.324	0
-3.323	0
-3.322	0
-3.321	0
-3.32	0
-3.319	0
-3.318	0
-3.317	0
-3.316	0
-3.315	0
-3.314	0
-3.313	0
-3.312	0
-3.311	0
-3.31	0
-3.309	0
-3.308	0
-3.307	0
-3.306	0
-3.305	0
-3.304	0
-3.303	0
-3.302	0
-3.301	0
-3.3	0
-3.299	0
-3.298	0
-3.297	0
-3.296	0
-3.295	0
-3.294	0
-3.293	0
-3.292	0
-3.291	0
-3.29	0
-3.289	0
-3.288	0
-3.287	0
-3.286	0
-3.285	0
-3.284	0
-3.283	0
-3.282	0
-3.281	0
-3.28	0
-3.279	0
-3.278	0
-3.277	0
-3.276	0
-3.275	0
-3.274	0
-3.273	0
-3.272	0
-3.271	0
-3.27	0
-3.269	0
-3.268	0
-3.267	0
-3.266	0
-3.265	0
-3.264	0
-3.263	0
-3.262	0
-3.261	0
-3.26	0
-3.259	0
-3.258	0
-3.257	0
-3.256	0
-3.255	0
-3.254	0
-3.253	0
-3.252	0
-3.251	0
-3.25	0
-3.249	0
-3.248	0
-3.247	0
-3.246	0
-3.245	0
-3.244	0
-3.243	0
-3.242	0
-3.241	0
-3.24	0
-3.239	0
-3.238	0
-3.237	0
-3.236	0
-3.235	0
-3.234	0
-3.233	0
-3.232	0
-3.231	0
-3.23	0
-3.229	0
-3.228	0
-3.227	0
-3.226	0
-3.225	0
-3.224	0
-3.223	0
-3.222	0
-3.221	0
-3.22	0
-3.219	0
-3.218	0
-3.217	0
-3.216	0
-3.215	0
-3.214	0
-3.213	0
-3.212	0
-3.211	0
-3.21	0
-3.209	0
-3.208	0
-3.207	0
-3.206	0
-3.205	0
-3.204	0
-3.203	0
-3.202	0
-3.201	0
-3.2	0
-3.199	0
-3.198	0
-3.197	0
-3.196	0
-3.195	0
-3.194	0
-3.193	0
-3.192	0
-3.191	0
-3.19	0
-3.189	0
-3.188	0
-3.187	0
-3.186	0
-3.185	0
-3.184	0
-3.183	0
-3.182	0
-3.181	0
-3.18	0
-3.179	0
-3.178	0
-3.177	0
-3.176	0
-3.175	0
-3.174	0
-3.173	0
-3.172	0
-3.171	0
-3.17	0
-3.169	0
-3.168	0
-3.167	0
-3.166	0
-3.165	0
-3.164	0
-3.163	0
-3.162	0
-3.161	0
-3.16	0
-3.159	0
-3.158	0
-3.157	0
-3.156	0
-3.155	0
-3.154	0
-3.153	0
-3.152	0
-3.151	0
-3.15	0
-3.149	0
-3.148	0
-3.147	0
-3.146	0
-3.145	0
-3.144	0
-3.143	0
-3.142	0
-3.141	0
-3.14	0
-3.139	0
-3.138	0
-3.137	0
-3.136	0
-3.135	0
-3.134	0
-3.133	0
-3.132	0
-3.131	0
-3.13	0
-3.129	0
-3.128	0
-3.127	0
-3.126	0
-3.125	0
-3.124	0
-3.123	0
-3.122	0
-3.121	0
-3.12	0
-3.119	0
-3.118	0
-3.117	0
-3.116	0
-3.115	0
-3.114	0
-3.113	0
-3.112	0
-3.111	0
-3.11	0
-3.109	0
-3.108	0
-3.107	0
-3.106	0
-3.105	0
-3.104	0
-3.103	0
-3.102	0
-3.101	0
-3.1	0
-3.099	0
-3.098	0
-3.097	0
-3.096	0
-3.095	0
-3.094	0
-3.093	0
-3.092	0
-3.091	0
-3.09	0
-3.089	0
-3.088	0
-3.087	0
-3.086	0
-3.085	0
-3.084	0
-3.083	0
-3.082	0
-3.081	0
-3.08	0
-3.079	0
-3.078	0
-3.077	0
-3.076	0
-3.075	0
-3.074	0
-3.073	0
-3.072	0
-3.071	0
-3.07	0
-3.069	0
-3.068	0
-3.067	0
-3.066	0
-3.065	0
-3.064	0
-3.063	0
-3.062	0
-3.061	0
-3.06	0
-3.059	0
-3.058	0
-3.057	0
-3.056	0
-3.055	0
-3.054	0
-3.053	0
-3.052	0
-3.051	0
-3.05	0
-3.049	0
-3.048	0
-3.047	0
-3.046	0
-3.045	0
-3.044	0
-3.043	0
-3.042	0
-3.041	0
-3.04	0
-3.039	0
-3.038	0
-3.037	0
-3.036	0
-3.035	0
-3.034	0
-3.033	0
-3.032	0
-3.031	0
-3.03	0
-3.029	0
-3.028	0
-3.027	0
-3.026	0
-3.025	0
-3.024	0
-3.023	0
-3.022	0
-3.021	0
-3.02	0
-3.019	0
-3.018	0
-3.017	0
-3.016	0
-3.015	0
-3.014	0
-3.013	0
-3.012	0
-3.011	0
-3.01	0
-3.009	0
-3.008	0
-3.007	0
-3.006	0
-3.005	0
-3.004	0
-3.003	0
-3.002	0
-3.001	0
-3	0
-2.999	0
-2.998	0
-2.997	0
-2.996	0
-2.995	0
-2.994	0
-2.993	0
-2.992	0
-2.991	0
-2.99	0
-2.989	0
-2.988	0
-2.987	0
-2.986	0
-2.985	0
-2.984	0
-2.983	0
-2.982	0
-2.981	0
-2.98	0
-2.979	0
-2.978	0
-2.977	0
-2.976	0
-2.975	0
-2.974	0
-2.973	0
-2.972	0
-2.971	0
-2.97	0
-2.969	0
-2.968	0
-2.967	0
-2.966	0
-2.965	0
-2.964	0
-2.963	0
-2.962	0
-2.961	0
-2.96	0
-2.959	0
-2.958	0
-2.957	0
-2.956	0
-2.955	0
-2.954	0
-2.953	0
-2.952	0
-2.951	0
-2.95	0
-2.949	0
-2.948	0
-2.947	0
-2.946	0
-2.945	0
-2.944	0
-2.943	0
-2.942	0
-2.941	0
-2.94	0
-2.939	0
-2.938	0
-2.937	0
-2.936	0
-2.935	0
-2.934	0
-2.933	0
-2.932	0
-2.931	0
-2.93	0
-2.929	0
-2.928	0
-2.927	0
-2.926	0
-2.925	0
-2.924	0
-2.923	0
-2.922	0
-2.921	0
-2.92	0
-2.919	0
-2.918	0
-2.917	0
-2.916	0
-2.915	0
-2.914	0
-2.913	0
-2.912	0
-2.911	0
-2.91	0
-2.909	0
-2.908	0
-2.907	0
-2.906	0
-2.905	0
-2.904	0
-2.903	0
-2.902	0
-2.901	0
-2.9	0
-2.899	0
-2.898	0
-2.897	0
-2.896	0
-2.895	0
-2.894	0
-2.893	0
-2.892	0
-2.891	0
-2.89	0
-2.889	0
-2.888	0
-2.887	0
-2.886	0
-2.885	0
-2.884	0
-2.883	0
-2.882	0
-2.881	0
-2.88	0
-2.879	0
-2.878	0
-2.877	0
-2.876	0
-2.875	0
-2.874	0
-2.873	0
-2.872	0
-2.871	0
-2.87	0
-2.869	0
-2.868	0
-2.867	0
-2.866	0
-2.865	0
-2.864	0
-2.863	0
-2.862	0
-2.861	0
-2.86	0
-2.859	0
-2.858	0
-2.857	0
-2.856	0
-2.855	0
-2.854	0
-2.853	0
-2.852	0
-2.851	0
-2.85	0
-2.849	0
-2.848	0
-2.847	0
-2.846	0
-2.845	0
-2.844	0
-2.843	0
-2.842	0
-2.841	0
-2.84	0
-2.839	0
-2.838	0
-2.837	0
-2.836	0
-2.835	0
-2.834	0
-2.833	0
-2.832	0
-2.831	0
-2.83	0
-2.829	0
-2.828	0
-2.827	0
-2.826	0
-2.825	0
-2.824	0
-2.823	0
-2.822	0
-2.821	0
-2.82	0
-2.819	0
-2.818	0
-2.817	0
-2.816	0
-2.815	0
-2.814	0
-2.813	0
-2.812	0
-2.811	0
-2.81	0
-2.809	0
-2.808	0
-2.807	0
-2.806	0
-2.805	0
-2.804	0
-2.803	0
-2.802	0
-2.801	0
-2.8	0
-2.799	0
-2.798	0
-2.797	0
-2.796	0
-2.795	0
-2.794	0
-2.793	0
-2.792	0
-2.791	0
-2.79	0
-2.789	0
-2.788	0
-2.787	0
-2.786	0
-2.785	0
-2.784	0
-2.783	0
-2.782	0
-2.781	0
-2.78	0
-2.779	0
-2.778	0
-2.777	0
-2.776	0
-2.775	0
-2.774	0
-2.773	0
-2.772	0
-2.771	0
-2.77	0
-2.769	0
-2.768	0
-2.767	0
-2.766	0
-2.765	0
-2.764	0
-2.763	0
-2.762	0
-2.761	0
-2.76	0
-2.759	0
-2.758	0
-2.757	0
-2.756	0
-2.755	0
-2.754	0
-2.753	0
-2.752	0
-2.751	0
-2.75	0
-2.749	0
-2.748	0
-2.747	0
-2.746	0
-2.745	0
-2.744	0
-2.743	0
-2.742	0
-2.741	0
-2.74	0
-2.739	0
-2.738	0
-2.737	0
-2.736	0
-2.735	0
-2.734	0
-2.733	0
-2.732	0
-2.731	0
-2.73	0
-2.729	0
-2.728	0
-2.727	0
-2.726	0
-2.725	0
-2.724	0
-2.723	0
-2.722	0
-2.721	0
-2.72	0
-2.719	0
-2.718	0
-2.717	0
-2.716	0
-2.715	0
-2.714	0
-2.713	0
-2.712	0
-2.711	0
-2.71	0
-2.709	0
-2.708	0
-2.707	0
-2.706	0
-2.705	0
-2.704	0
-2.703	0
-2.702	0
-2.701	0
-2.7	0
-2.699	0
-2.698	0
-2.697	0
-2.696	0
-2.695	0
-2.694	0
-2.693	0
-2.692	0
-2.691	0
-2.69	0
-2.689	0
-2.688	0
-2.687	0
-2.686	0
-2.685	0
-2.684	0
-2.683	0
-2.682	0
-2.681	0
-2.68	0
-2.679	0
-2.678	0
-2.677	0
-2.676	0
-2.675	0
-2.674	0
-2.673	0
-2.672	0
-2.671	0
-2.67	0
-2.669	0
-2.668	0
-2.667	0
-2.666	0
-2.665	0
-2.664	0
-2.663	0
-2.662	0
-2.661	0
-2.66	0
-2.659	0
-2.658	0
-2.657	0
-2.656	0
-2.655	0
-2.654	0
-2.653	0
-2.652	0
-2.651	0
-2.65	0
-2.649	0
-2.648	0
-2.647	0
-2.646	0
-2.645	0
-2.644	0
-2.643	0
-2.642	0
-2.641	0
-2.64	0
-2.639	0
-2.638	0
-2.637	0
-2.636	0
-2.635	0
-2.634	0
-2.633	0
-2.632	0
-2.631	0
-2.63	0
-2.629	0
-2.628	0
-2.627	0
-2.626	0
-2.625	0
-2.624	0
-2.623	0
-2.622	0
-2.621	0
-2.62	0
-2.619	0
-2.618	0
-2.617	0
-2.616	0
-2.615	0
-2.614	0
-2.613	0
-2.612	0
-2.611	0
-2.61	0
-2.609	0
-2.608	0
-2.607	0
-2.606	0
-2.605	0
-2.604	0
-2.603	0
-2.602	0
-2.601	0
-2.6	0
-2.599	0
-2.598	0
-2.597	0
-2.596	0
-2.595	0
-2.594	0
-2.593	0
-2.592	0
-2.591	0
-2.59	0
-2.589	0
-2.588	0
-2.587	0
-2.586	0
-2.585	0
-2.584	0
-2.583	0
-2.582	0
-2.581	0
-2.58	0
-2.579	0
-2.578	0
-2.577	0
-2.576	0
-2.575	0
-2.574	0
-2.573	0
-2.572	0
-2.571	0
-2.57	0
-2.569	0
-2.568	0
-2.567	0
-2.566	0
-2.565	0
-2.564	0
-2.563	0
-2.562	0
-2.561	0
-2.56	0
-2.559	0
-2.558	0
-2.557	0
-2.556	0
-2.555	0
-2.554	0
-2.553	0
-2.552	0
-2.551	0
-2.55	0
-2.549	0
-2.548	0
-2.547	0
-2.546	0
-2.545	0
-2.544	0
-2.543	0
-2.542	0
-2.541	0
-2.54	0
-2.539	0
-2.538	0
-2.537	0
-2.536	0
-2.535	0
-2.534	0
-2.533	0
-2.532	0
-2.531	0
-2.53	0
-2.529	0
-2.528	0
-2.527	0
-2.526	0
-2.525	0
-2.524	0
-2.523	0
-2.522	0
-2.521	0
-2.52	0
-2.519	0
-2.518	0
-2.517	0
-2.516	0
-2.515	0
-2.514	0
-2.513	0
-2.512	0
-2.511	0
-2.51	0
-2.509	0
-2.508	0
-2.507	0
-2.506	0
-2.505	0
-2.504	0
-2.503	0
-2.502	0
-2.501	0
-2.5	0
-2.499	0
-2.498	0
-2.497	0
-2.496	0
-2.495	0
-2.494	0
-2.493	0
-2.492	0
-2.491	0
-2.49	0
-2.489	0
-2.488	0
-2.487	0
-2.486	0
-2.485	0
-2.484	0
-2.483	0
-2.482	0
-2.481	0
-2.48	0
-2.479	0
-2.478	0
-2.477	0
-2.476	0
-2.475	0
-2.474	0
-2.473	0
-2.472	0
-2.471	0
-2.47	0
-2.469	0
-2.468	0
-2.467	0
-2.466	0
-2.465	0
-2.464	0
-2.463	0
-2.462	0
-2.461	0
-2.46	0
-2.459	0
-2.458	0
-2.457	0
-2.456	0
-2.455	0
-2.454	0
-2.453	0
-2.452	0
-2.451	0
-2.45	0
-2.449	0
-2.448	0
-2.447	0
-2.446	0
-2.445	0
-2.444	0
-2.443	0
-2.442	0
-2.441	0
-2.44	0
-2.439	0
-2.438	0
-2.437	0
-2.436	0
-2.435	0
-2.434	0
-2.433	0
-2.432	0
-2.431	0
-2.43	0
-2.429	0
-2.428	0
-2.427	0
-2.426	0
-2.425	0
-2.424	0
-2.423	0
-2.422	0
-2.421	0
-2.42	0
-2.419	0
-2.418	0
-2.417	0
-2.416	0
-2.415	0
-2.414	0
-2.413	0
-2.412	0
-2.411	0
-2.41	0
-2.409	0
-2.408	0
-2.407	0
-2.406	0
-2.405	0
-2.404	0
-2.403	0
-2.402	0
-2.401	0
-2.4	0
-2.399	0
-2.398	0
-2.397	0
-2.396	0
-2.395	0
-2.394	0
-2.393	0
-2.392	0
-2.391	0
-2.39	0
-2.389	0
-2.388	0
-2.387	0
-2.386	0
-2.385	0
-2.384	0
-2.383	0
-2.382	0
-2.381	0
-2.38	0
-2.379	0
-2.378	0
-2.377	0
-2.376	0
-2.375	0
-2.374	0
-2.373	0
-2.372	0
-2.371	0
-2.37	0
-2.369	0
-2.368	0
-2.367	0
-2.366	0
-2.365	0
-2.364	0
-2.363	0
-2.362	0
-2.361	0
-2.36	0
-2.359	0
-2.358	0
-2.357	0
-2.356	0
-2.355	0
-2.354	0
-2.353	0
-2.352	0
-2.351	0
-2.35	0
-2.349	0
-2.348	0
-2.347	0
-2.346	0
-2.345	0
-2.344	0
-2.343	0
-2.342	0
-2.341	0
-2.34	0
-2.339	0
-2.338	0
-2.337	0
-2.336	0
-2.335	0
-2.334	0
-2.333	0
-2.332	0
-2.331	0
-2.33	0
-2.329	0
-2.328	0
-2.327	0
-2.326	0
-2.325	0
-2.324	0
-2.323	0
-2.322	0
-2.321	0
-2.32	0
-2.319	0
-2.318	0
-2.317	0
-2.316	0
-2.315	0
-2.314	0
-2.313	0
-2.312	0
-2.311	0
-2.31	0
-2.309	0
-2.308	0
-2.307	0
-2.306	0
-2.305	0
-2.304	0
-2.303	0
-2.302	0
-2.301	0
-2.3	0
-2.299	0
-2.298	0
-2.297	0
-2.296	0
-2.295	0
-2.294	0
-2.293	0
-2.292	0
-2.291	0
-2.29	0
-2.289	0
-2.288	0
-2.287	0
-2.286	0
-2.285	0
-2.284	0
-2.283	0
-2.282	0
-2.281	0
-2.28	0
-2.279	0
-2.278	0
-2.277	0
-2.276	0
-2.275	0
-2.274	0
-2.273	0
-2.272	0
-2.271	0
-2.27	0
-2.269	0
-2.268	0
-2.267	0
-2.266	0
-2.265	0
-2.264	0
-2.263	0
-2.262	0
-2.261	0
-2.26	0
-2.259	0
-2.258	0
-2.257	0
-2.256	0
-2.255	0
-2.254	0
-2.253	0
-2.252	0
-2.251	0
-2.25	0
-2.249	0
-2.248	0
-2.247	0
-2.246	0
-2.245	0
-2.244	0
-2.243	0
-2.242	0
-2.241	0
-2.24	0
-2.239	0
-2.238	0
-2.237	0
-2.236	0
-2.235	0
-2.234	0
-2.233	0
-2.232	0
-2.231	0
-2.23	0
-2.229	0
-2.228	0
-2.227	0
-2.226	0
-2.225	0
-2.224	0
-2.223	0
-2.222	0
-2.221	0
-2.22	0
-2.219	0
-2.218	0
-2.217	0
-2.216	0
-2.215	0
-2.214	0
-2.213	0
-2.212	0
-2.211	0
-2.21	0
-2.209	0
-2.208	0
-2.207	0
-2.206	0
-2.205	0
-2.204	0
-2.203	0
-2.202	0
-2.201	0
-2.2	0
-2.199	0
-2.198	0
-2.197	0
-2.196	0
-2.195	0
-2.194	0
-2.193	0
-2.192	0
-2.191	0
-2.19	0
-2.189	0
-2.188	0
-2.187	0
-2.186	0
-2.185	0
-2.184	0
-2.183	0
-2.182	0
-2.181	0
-2.18	0
-2.179	0
-2.178	0
-2.177	0
-2.176	0
-2.175	0
-2.174	0
-2.173	0
-2.172	0
-2.171	0
-2.17	0
-2.169	0
-2.168	0
-2.167	0
-2.166	0
-2.165	0
-2.164	0
-2.163	0
-2.162	0
-2.161	0
-2.16	0
-2.159	0
-2.158	0
-2.157	0
-2.156	0
-2.155	0
-2.154	0
-2.153	0
-2.152	0
-2.151	0
-2.15	0
-2.149	0
-2.148	0
-2.147	0
-2.146	0
-2.145	0
-2.144	0
-2.143	0
-2.142	0
-2.141	0
-2.14	0
-2.139	0
-2.138	0
-2.137	0
-2.136	0
-2.135	0
-2.134	0
-2.133	0
-2.132	0
-2.131	0
-2.13	0
-2.129	0
-2.128	0
-2.127	0
-2.126	0
-2.125	0
-2.124	0
-2.123	0
-2.122	0
-2.121	0
-2.12	0
-2.119	0
-2.118	0
-2.117	0
-2.116	0
-2.115	0
-2.114	0
-2.113	0
-2.112	0
-2.111	0
-2.11	0
-2.109	0
-2.108	0
-2.107	0
-2.106	0
-2.105	0
-2.104	0
-2.103	0
-2.102	0
-2.101	0
-2.1	0
-2.099	0
-2.098	0
-2.097	0
-2.096	0
-2.095	0
-2.094	0
-2.093	0
-2.092	0
-2.091	0
-2.09	0
-2.089	0
-2.088	0
-2.087	0
-2.086	0
-2.085	0
-2.084	0
-2.083	0
-2.082	0
-2.081	0
-2.08	0
-2.079	0
-2.078	0
-2.077	0
-2.076	0
-2.075	0
-2.074	0
-2.073	0
-2.072	0
-2.071	0
-2.07	0
-2.069	0
-2.068	0
-2.067	0
-2.066	0
-2.065	0
-2.064	0
-2.063	0
-2.062	0
-2.061	0
-2.06	0
-2.059	0
-2.058	0
-2.057	0
-2.056	0
-2.055	0
-2.054	0
-2.053	0
-2.052	0
-2.051	0
-2.05	0
-2.049	0
-2.048	0
-2.047	0
-2.046	0
-2.045	0
-2.044	0
-2.043	0
-2.042	0
-2.041	0
-2.04	0
-2.039	0
-2.038	0
-2.037	0
-2.036	0
-2.035	0
-2.034	0
-2.033	0
-2.032	0
-2.031	0
-2.03	0
-2.029	0
-2.028	0
-2.027	0
-2.026	0
-2.025	0
-2.024	0
-2.023	0
-2.022	0
-2.021	0
-2.02	0
-2.019	0
-2.018	0
-2.017	0
-2.016	0
-2.015	0
-2.014	0
-2.013	0
-2.012	0
-2.011	0
-2.01	0
-2.009	0
-2.008	0
-2.007	0
-2.006	0
-2.005	0
-2.004	0
-2.003	0
-2.002	0
-2.001	0
-2	0
-1.999	0
-1.998	0
-1.997	0
-1.996	0
-1.995	0
-1.994	0
-1.993	0
-1.992	0
-1.991	0
-1.99	0
-1.989	0
-1.988	0
-1.987	0
-1.986	0
-1.985	0
-1.984	0
-1.983	0
-1.982	0
-1.981	0
-1.98	0
-1.979	0
-1.978	0
-1.977	0
-1.976	0
-1.975	0
-1.974	0
-1.973	0
-1.972	0
-1.971	0
-1.97	0
-1.969	0
-1.968	0
-1.967	0
-1.966	0
-1.965	0
-1.964	0
-1.963	0
-1.962	0
-1.961	0
-1.96	0
-1.959	0
-1.958	0
-1.957	0
-1.956	0
-1.955	0
-1.954	0
-1.953	0
-1.952	0
-1.951	0
-1.95	0
-1.949	0
-1.948	0
-1.947	0
-1.946	0
-1.945	0
-1.944	0
-1.943	0
-1.942	0
-1.941	0
-1.94	0
-1.939	0
-1.938	0
-1.937	0
-1.936	0
-1.935	0
-1.934	0
-1.933	0
-1.932	0
-1.931	0
-1.93	0
-1.929	0
-1.928	0
-1.927	0
-1.926	0
-1.925	0
-1.924	0
-1.923	0
-1.922	0
-1.921	0
-1.92	0
-1.919	0
-1.918	0
-1.917	0
-1.916	0
-1.915	0
-1.914	0
-1.913	0
-1.912	0
-1.911	0
-1.91	0
-1.909	0
-1.908	0
-1.907	0
-1.906	0
-1.905	0
-1.904	0
-1.903	0
-1.902	0
-1.901	0
-1.9	0
-1.899	0
-1.898	0
-1.897	0
-1.896	0
-1.895	0
-1.894	0
-1.893	0
-1.892	0
-1.891	0
-1.89	0
-1.889	0
-1.888	0
-1.887	0
-1.886	0
-1.885	0
-1.884	0
-1.883	0
-1.882	0
-1.881	0
-1.88	0
-1.879	0
-1.878	0
-1.877	0
-1.876	0
-1.875	0
-1.874	0
-1.873	0
-1.872	0
-1.871	0
-1.87	0
-1.869	0
-1.868	0
-1.867	0
-1.866	0
-1.865	0
-1.864	0
-1.863	0
-1.862	0
-1.861	0
-1.86	0
-1.859	0
-1.858	0
-1.857	0
-1.856	0
-1.855	0
-1.854	0
-1.853	0
-1.852	0
-1.851	0
-1.85	0
-1.849	0
-1.848	0
-1.847	0
-1.846	0
-1.845	0
-1.844	0
-1.843	0
-1.842	0
-1.841	0
-1.84	0
-1.839	0
-1.838	0
-1.837	0
-1.836	0
-1.835	0
-1.834	0
-1.833	0
-1.832	0
-1.831	0
-1.83	0
-1.829	0
-1.828	0
-1.827	0
-1.826	0
-1.825	0
-1.824	0
-1.823	0
-1.822	0
-1.821	0
-1.82	0
-1.819	0
-1.818	0
-1.817	0
-1.816	0
-1.815	1.53511e-077
-1.814	3.012e-076
-1.813	1.21448e-075
-1.812	2.8921e-075
-1.811	7.37156e-075
-1.81	2.51508e-074
-1.809	9.52305e-074
-1.808	3.59819e-073
-1.807	1.33821e-072
-1.806	4.90577e-072
-1.805	1.77956e-071
-1.804	6.4032e-071
-1.803	2.28595e-070
-1.802	8.09478e-070
-1.801	2.8429e-069
-1.8	9.90183e-069
-1.799	3.42013e-068
-1.798	1.17144e-067
-1.797	3.9786e-067
-1.796	1.33983e-066
-1.795	4.47358e-066
-1.794	1.48091e-065
-1.793	4.86007e-065
-1.792	1.58116e-064
-1.791	5.09927e-064
-1.79	1.63009e-063
-1.789	5.16493e-063
-1.788	1.62196e-062
-1.787	5.04795e-062
-1.786	1.55691e-061
-1.785	4.75836e-061
-1.784	1.44103e-060
-1.783	4.32395e-060
-1.782	1.28545e-059
-1.781	3.78587e-059
-1.78	1.10455e-058
-1.779	3.19217e-058
-1.778	9.13769e-058
-1.777	2.59063e-057
-1.776	7.27382e-057
-1.775	2.02244e-056
-1.774	5.56818e-056
-1.773	1.51789e-055
-1.772	4.09662e-055
-1.771	1.09454e-054
-1.77	2.89485e-054
-1.769	7.57825e-054
-1.768	1.96347e-053
-1.767	5.03448e-053
-1.766	1.27738e-052
-1.765	3.20686e-052
-1.764	7.96516e-052
-1.763	1.95713e-051
-1.762	4.75679e-051
-1.761	1.14348e-050
-1.76	2.71846e-050
-1.759	6.39065e-050
-1.758	1.48541e-049
-1.757	3.41334e-049
-1.756	7.75334e-049
-1.755	1.74069e-048
-1.754	3.86207e-048
-1.753	8.46697e-048
-1.752	1.83394e-047
-1.751	3.92399e-047
-1.75	8.2926e-047
-1.749	1.73063e-046
-1.748	3.56616e-046
-1.747	7.25441e-046
-1.746	1.45657e-045
-1.745	2.88604e-045
-1.744	5.64195e-045
-1.743	1.08798e-044
-1.742	2.06907e-044
-1.741	3.87959e-044
-1.74	7.17038e-044
-1.739	1.30593e-043
-1.738	2.34307e-043
-1.737	4.13993e-043
-1.736	7.20087e-043
-1.735	1.23249e-042
-1.734	2.07487e-042
-1.733	3.43391e-042
-1.732	5.58373e-042
-1.731	8.91477e-042
-1.73	1.39641e-041
-1.729	2.14408e-041
-1.728	3.22353e-041
-1.727	4.73939e-041
-1.726	6.80336e-041
-1.725	9.51644e-041
-1.724	1.29383e-040
-1.723	1.70409e-040
-1.722	2.16463e-040
-1.721	2.63545e-040
-1.72	3.04774e-040
-1.719	3.30161e-040
-1.718	3.27433e-040
-1.717	2.85e-040
-1.716	1.98702e-040
-1.715	8.47713e-041
-1.714	2.48712e-042
-1.713	9.1214e-041
-1.712	6.28123e-040
-1.711	2.11473e-039
-1.71	5.40261e-039
-1.709	1.18714e-038
-1.708	2.36752e-038
-1.707	4.40777e-038
-1.706	7.79003e-038
-1.705	1.32115e-037
-1.704	2.16617e-037
-1.703	3.45229e-037
-1.702	5.36983e-037
-1.701	8.17758e-037
-1.7	1.22235e-036
-1.699	1.79709e-036
-1.698	2.60305e-036
-1.697	3.7201e-036
-1.696	5.25186e-036
-1.695	7.33175e-036
-1.694	1.01304e-035
-1.693	1.38644e-035
-1.692	1.88073e-035
-1.691	2.53021e-035
-1.69	3.37767e-035
-1.689	4.47618e-035
-1.688	5.89123e-035
-1.687	7.70323e-035
-1.686	1.00105e-034
-1.685	1.29325e-034
-1.684	1.66142e-034
-1.683	2.12303e-034
-1.682	2.69908e-034
-1.681	3.41472e-034
-1.68	4.29993e-034
-1.679	5.39033e-034
-1.678	6.72813e-034
-1.677	8.3631e-034
-1.676	1.03538e-033
-1.675	1.27688e-033
-1.674	1.56884e-033
-1.673	1.92059e-033
-1.672	2.34298e-033
-1.671	2.84857e-033
-1.67	3.45187e-033
-1.669	4.16957e-033
-1.668	5.02087e-033
-1.667	6.02774e-033
-1.666	7.21528e-033
-1.665	8.61213e-033
-1.664	1.02508e-032
-1.663	1.21682e-032
-1.662	1.44061e-032
-1.661	1.70116e-032
-1.66	2.00377e-032
-1.659	2.35442e-032
-1.658	2.75977e-032
-1.657	3.22732e-032
-1.656	3.7654e-032
-1.655	4.3833e-032
-1.654	5.09134e-032
-1.653	5.90097e-032
-1.652	6.82487e-032
-1.651	7.877e-032
-1.65	9.07278e-032
-1.649	1.04291e-031
-1.648	1.19646e-031
-1.647	1.36996e-031
-1.646	1.56563e-031
-1.645	1.78588e-031
-1.644	2.03334e-031
-1.643	2.31087e-031
-1.642	2.62155e-031
-1.641	2.9687e-031
-1.64	3.35591e-031
-1.639	3.78703e-031
-1.638	4.26618e-031
-1.637	4.79776e-031
-1.636	5.38646e-031
-1.635	6.03727e-031
-1.634	6.75547e-031
-1.633	7.54663e-031
-1.632	8.41661e-031
-1.631	9.37158e-031
-1.63	1.0418e-030
-1.629	1.15626e-030
-1.628	1.28122e-030
-1.627	1.41743e-030
-1.626	1.56561e-030
-1.625	1.72652e-030
-1.624	1.90095e-030
-1.623	2.08968e-030
-1.622	2.2935e-030
-1.621	2.51322e-030
-1.62	2.74962e-030
-1.619	3.00348e-030
-1.618	3.27557e-030
-1.617	3.56663e-030
-1.616	3.87737e-030
-1.615	4.20844e-030
-1.614	4.56045e-030
-1.613	4.93397e-030
-1.612	5.32945e-030
-1.611	5.74727e-030
-1.61	6.18774e-030
-1.609	6.65103e-030
-1.608	7.1372e-030
-1.607	7.64619e-030
-1.606	8.17777e-030
-1.605	8.73157e-030
-1.604	9.30703e-030
-1.603	9.90344e-030
-1.602	1.05199e-029
-1.601	1.11552e-029
-1.6	1.18081e-029
-1.599	1.24771e-029
-1.598	1.31605e-029
-1.597	1.38561e-029
-1.596	1.4562e-029
-1.595	1.52755e-029
-1.594	1.59944e-029
-1.593	1.67156e-029
-1.592	1.74363e-029
-1.591	1.81534e-029
-1.59	1.88634e-029
-1.589	1.95634e-029
-1.588	2.02497e-029
-1.587	2.09189e-029
-1.586	2.15676e-029
-1.585	2.21924e-029
-1.584	2.27902e-029
-1.583	2.33578e-029
-1.582	2.38927e-029
-1.581	2.43921e-029
-1.58	2.4854e-029
-1.579	2.52769e-029
-1.578	2.56597e-029
-1.577	2.6002e-029
-1.576	2.63041e-029
-1.575	2.65672e-029
-1.574	2.67932e-029
-1.573	2.69852e-029
-1.572	2.71472e-029
-1.571	2.72842e-029
-1.57	2.74026e-029
-1.569	2.75099e-029
-1.568	2.76149e-029
-1.567	2.77274e-029
-1.566	2.78586e-029
-1.565	2.80211e-029
-1.564	2.82283e-029
-1.563	2.84949e-029
-1.562	2.88364e-029
-1.561	2.92691e-029
-1.56	2.981e-029
-1.559	3.04765e-029
-1.558	3.12858e-029
-1.557	3.22551e-029
-1.556	3.34009e-029
-1.555	3.47389e-029
-1.554	3.62832e-029
-1.553	3.80457e-029
-1.552	4.00365e-029
-1.551	4.2262e-029
-1.55	4.47252e-029
-1.549	4.74252e-029
-1.548	5.03558e-029
-1.547	5.35049e-029
-1.546	5.68555e-029
-1.545	6.03838e-029
-1.544	6.40575e-029
-1.543	6.78383e-029
-1.542	7.16796e-029
-1.541	7.55263e-029
-1.54	7.93153e-029
-1.539	8.29764e-029
-1.538	8.64321e-029
-1.537	8.95969e-029
-1.536	9.23805e-029
-1.535	9.469e-029
-1.534	9.64278e-029
-1.533	9.75008e-029
-1.532	9.78155e-029
-1.531	9.72877e-029
-1.53	9.58453e-029
-1.529	9.34326e-029
-1.528	9.00186e-029
-1.527	8.56004e-029
-1.526	8.02156e-029
-1.525	7.3949e-029
-1.524	6.69449e-029
-1.523	5.9414e-029
-1.522	5.1653e-029
-1.521	4.4055e-029
-1.52	3.71243e-029
-1.519	3.14957e-029
-1.518	2.7952e-029
-1.517	2.74438e-029
-1.516	3.11097e-029
-1.515	4.03009e-029
-1.514	5.66024e-029
-1.513	8.1862e-029
-1.512	1.1821e-028
-1.511	1.68091e-028
-1.51	2.34292e-028
-1.509	3.19963e-028
-1.508	4.28657e-028
-1.507	5.64347e-028
-1.506	7.31454e-028
-1.505	9.34887e-028
-1.504	1.18005e-027
-1.503	1.47286e-027
-1.502	1.81981e-027
-1.501	2.22792e-027
-1.5	2.70482e-027
-1.499	3.2587e-027
-1.498	3.89835e-027
-1.497	4.63314e-027
-1.496	5.47302e-027
-1.495	6.4285e-027
-1.494	7.51061e-027
-1.493	8.73089e-027
-1.492	1.01013e-026
-1.491	1.16343e-026
-1.49	1.33425e-026
-1.489	1.5239e-026
-1.488	1.73367e-026
-1.487	1.96489e-026
-1.486	2.21885e-026
-1.485	2.49685e-026
-1.484	2.80012e-026
-1.483	3.12986e-026
-1.482	3.48717e-026
-1.481	3.87309e-026
-1.48	4.28853e-026
-1.479	4.73425e-026
-1.478	5.21087e-026
-1.477	5.71882e-026
-1.476	6.25832e-026
-1.475	6.82935e-026
-1.474	7.43162e-026
-1.473	8.06459e-026
-1.472	8.7274e-026
-1.471	9.41882e-026
-1.47	1.01373e-025
-1.469	1.08809e-025
-1.468	1.16474e-025
-1.467	1.24339e-025
-1.466	1.32374e-025
-1.465	1.40544e-025
-1.464	1.48809e-025
-1.463	1.57125e-025
-1.462	1.65446e-025
-1.461	1.73722e-025
-1.46	1.81898e-025
-1.459	1.89919e-025
-1.458	1.97727e-025
-1.457	2.05263e-025
-1.456	2.12468e-025
-1.455	2.19284e-025
-1.454	2.25654e-025
-1.453	2.31526e-025
-1.452	2.36852e-025
-1.451	2.41594e-025
-1.45	2.45718e-025
-1.449	2.49205e-025
-1.448	2.52047e-025
-1.447	2.54253e-025
-1.446	2.55852e-025
-1.445	2.56893e-025
-1.444	2.57449e-025
-1.443	2.57624e-025
-1.442	2.5755e-025
-1.441	2.57394e-025
-1.44	2.57366e-025
-1.439	2.5771e-025
-1.438	2.58722e-025
-1.437	2.60744e-025
-1.436	2.64169e-025
-1.435	2.69447e-025
-1.434	2.77088e-025
-1.433	2.87659e-025
-1.432	3.01794e-025
-1.431	3.2019e-025
-1.43	3.43612e-025
-1.429	3.7289e-025
-1.428	4.08925e-025
-1.427	4.52681e-025
-1.426	5.05188e-025
-1.425	5.67536e-025
-1.424	6.40873e-025
-1.423	7.26406e-025
-1.422	8.25376e-025
-1.421	9.39074e-025
-1.42	1.06882e-024
-1.419	1.21593e-024
-1.418	1.38177e-024
-1.417	1.56766e-024
-1.416	1.77491e-024
-1.415	2.00478e-024
-1.414	2.25849e-024
-1.413	2.53717e-024
-1.412	2.84185e-024
-1.411	3.17343e-024
-1.41	3.53266e-024
-1.409	3.92014e-024
-1.408	4.33624e-024
-1.407	4.78111e-024
-1.406	5.25468e-024
-1.405	5.75656e-024
-1.404	6.28608e-024
-1.403	6.84226e-024
-1.402	7.42374e-024
-1.401	8.02881e-024
-1.4	8.6554e-024
-1.399	9.30102e-024
-1.398	9.9628e-024
-1.397	1.06375e-023
-1.396	1.13213e-023
-1.395	1.20104e-023
-1.394	1.27003e-023
-1.393	1.33862e-023
-1.392	1.40632e-023
-1.391	1.47261e-023
-1.39	1.53695e-023
-1.389	1.59881e-023
-1.388	1.65764e-023
-1.387	1.71291e-023
-1.386	1.76414e-023
-1.385	1.81087e-023
-1.384	1.85271e-023
-1.383	1.88934e-023
-1.382	1.92054e-023
-1.381	1.94622e-023
-1.38	1.96645e-023
-1.379	1.98144e-023
-1.378	1.99161e-023
-1.377	1.99764e-023
-1.376	2.00044e-023
-1.375	2.00123e-023
-1.374	2.00157e-023
-1.373	2.00336e-023
-1.372	2.00893e-023
-1.371	2.02104e-023
-1.37	2.04292e-023
-1.369	2.07831e-023
-1.368	2.13152e-023
-1.367	2.20741e-023
-1.366	2.31147e-023
-1.365	2.44981e-023
-1.364	2.62922e-023
-1.363	2.85717e-023
-1.362	3.14184e-023
-1.361	3.4921e-023
-1.36	3.91754e-023
-1.359	4.42847e-023
-1.358	5.03586e-023
-1.357	5.7514e-023
-1.356	6.58736e-023
-1.355	7.55665e-023
-1.354	8.67267e-023
-1.353	9.94934e-023
-1.352	1.14009e-022
-1.351	1.3042e-022
-1.35	1.48872e-022
-1.349	1.69514e-022
-1.348	1.92493e-022
-1.347	2.17953e-022
-1.346	2.46034e-022
-1.345	2.7687e-022
-1.344	3.10588e-022
-1.343	3.47302e-022
-1.342	3.87117e-022
-1.341	4.30121e-022
-1.34	4.76385e-022
-1.339	5.25962e-022
-1.338	5.78881e-022
-1.337	6.35148e-022
-1.336	6.9474e-022
-1.335	7.57609e-022
-1.334	8.23669e-022
-1.333	8.92807e-022
-1.332	9.64871e-022
-1.331	1.03967e-021
-1.33	1.11699e-021
-1.329	1.19656e-021
-1.328	1.27807e-021
-1.327	1.36119e-021
-1.326	1.44554e-021
-1.325	1.53071e-021
-1.324	1.61626e-021
-1.323	1.7017e-021
-1.322	1.78655e-021
-1.321	1.87028e-021
-1.32	1.95237e-021
-1.319	2.03228e-021
-1.318	2.10949e-021
-1.317	2.18348e-021
-1.316	2.25378e-021
-1.315	2.31993e-021
-1.314	2.38154e-021
-1.313	2.43831e-021
-1.312	2.48999e-021
-1.311	2.53646e-021
-1.31	2.57775e-021
-1.309	2.61399e-021
-1.308	2.64552e-021
-1.307	2.67286e-021
-1.306	2.69675e-021
-1.305	2.71818e-021
-1.304	2.73842e-021
-1.303	2.75901e-021
-1.302	2.78184e-021
-1.301	2.80913e-021
-1.3	2.84348e-021
-1.299	2.8879e-021
-1.298	2.94579e-021
-1.297	3.02101e-021
-1.296	3.11787e-021
-1.295	3.24117e-021
-1.294	3.39616e-021
-1.293	3.58861e-021
-1.292	3.82477e-021
-1.291	4.11139e-021
-1.29	4.45569e-021
-1.289	4.86539e-021
-1.288	5.34862e-021
-1.287	5.91395e-021
-1.286	6.57035e-021
-1.285	7.32711e-021
-1.284	8.19384e-021
-1.283	9.18034e-021
-1.282	1.02966e-020
-1.281	1.15526e-020
-1.28	1.29584e-020
-1.279	1.4524e-020
-1.278	1.6259e-020
-1.277	1.81728e-020
-1.276	2.02743e-020
-1.275	2.25719e-020
-1.274	2.5073e-020
-1.273	2.77845e-020
-1.272	3.07119e-020
-1.271	3.38597e-020
-1.27	3.72311e-020
-1.269	4.08278e-020
-1.268	4.46498e-020
-1.267	4.86954e-020
-1.266	5.29609e-020
-1.265	5.74406e-020
-1.264	6.21268e-020
-1.263	6.70093e-020
-1.262	7.2076e-020
-1.261	7.73122e-020
-1.26	8.27006e-020
-1.259	8.82221e-020
-1.258	9.38552e-020
-1.257	9.95759e-020
-1.256	1.05359e-019
-1.255	1.11176e-019
-1.254	1.16998e-019
-1.253	1.22795e-019
-1.252	1.28535e-019
-1.251	1.34187e-019
-1.25	1.39719e-019
-1.249	1.45101e-019
-1.248	1.50302e-019
-1.247	1.55295e-019
-1.246	1.60055e-019
-1.245	1.64561e-019
-1.244	1.68796e-019
-1.243	1.7275e-019
-1.242	1.76419e-019
-1.241	1.79806e-019
-1.24	1.82925e-019
-1.239	1.85799e-019
-1.238	1.88462e-019
-1.237	1.90963e-019
-1.236	1.93365e-019
-1.235	1.95744e-019
-1.234	1.98195e-019
-1.233	2.00832e-019
-1.232	2.03787e-019
-1.231	2.07213e-019
-1.23	2.11285e-019
-1.229	2.16202e-019
-1.228	2.22183e-019
-1.227	2.29475e-019
-1.226	2.38348e-019
-1.225	2.49098e-019
-1.224	2.62046e-019
-1.223	2.77537e-019
-1.222	2.95942e-019
-1.221	3.17655e-019
-1.22	3.43092e-019
-1.219	3.72692e-019
-1.218	4.06913e-019
-1.217	4.46227e-019
-1.216	4.91123e-019
-1.215	5.42102e-019
-1.214	5.9967e-019
-1.213	6.64339e-019
-1.212	7.36621e-019
-1.211	8.17019e-019
-1.21	9.0603e-019
-1.209	1.00413e-018
-1.208	1.11177e-018
-1.207	1.22939e-018
-1.206	1.35738e-018
-1.205	1.49609e-018
-1.204	1.64581e-018
-1.203	1.80681e-018
-1.202	1.97925e-018
-1.201	2.16326e-018
-1.2	2.35888e-018
-1.199	2.56606e-018
-1.198	2.78467e-018
-1.197	3.01449e-018
-1.196	3.25519e-018
-1.195	3.50635e-018
-1.194	3.76744e-018
-1.193	4.03782e-018
-1.192	4.31676e-018
-1.191	4.6034e-018
-1.19	4.89679e-018
-1.189	5.1959e-018
-1.188	5.49958e-018
-1.187	5.80662e-018
-1.186	6.11573e-018
-1.185	6.42557e-018
-1.184	6.73475e-018
-1.183	7.04187e-018
-1.182	7.34552e-018
-1.181	7.64433e-018
-1.18	7.93696e-018
-1.179	8.22219e-018
-1.178	8.49886e-018
-1.177	8.76601e-018
-1.176	9.02285e-018
-1.175	9.26881e-018
-1.174	9.50364e-018
-1.173	9.72735e-018
-1.172	9.94035e-018
-1.171	1.01435e-017
-1.17	1.0338e-017
-1.169	1.05256e-017
-1.168	1.07089e-017
-1.167	1.08906e-017
-1.166	1.10746e-017
-1.165	1.12651e-017
-1.164	1.14672e-017
-1.163	1.16869e-017
-1.162	1.19309e-017
-1.161	1.22068e-017
-1.16	1.25231e-017
-1.159	1.28894e-017
-1.158	1.33158e-017
-1.157	1.38137e-017
-1.156	1.43954e-017
-1.155	1.5074e-017
-1.154	1.58634e-017
-1.153	1.67787e-017
-1.152	1.78354e-017
-1.151	1.905e-017
-1.15	2.04397e-017
-1.149	2.2022e-017
-1.148	2.38151e-017
-1.147	2.58375e-017
-1.146	2.8108e-017
-1.145	3.06453e-017
-1.144	3.34681e-017
-1.143	3.65948e-017
-1.142	4.00434e-017
-1.141	4.38312e-017
-1.14	4.79747e-017
-1.139	5.24893e-017
-1.138	5.73889e-017
-1.137	6.26863e-017
-1.136	6.83919e-017
-1.135	7.45148e-017
-1.134	8.10614e-017
-1.133	8.80357e-017
-1.132	9.54394e-017
-1.131	1.03271e-016
-1.13	1.11526e-016
-1.129	1.20196e-016
-1.128	1.29272e-016
-1.127	1.38738e-016
-1.126	1.48578e-016
-1.125	1.58768e-016
-1.124	1.69286e-016
-1.123	1.80103e-016
-1.122	1.91187e-016
-1.121	2.02505e-016
-1.12	2.1402e-016
-1.119	2.25692e-016
-1.118	2.3748e-016
-1.117	2.4934e-016
-1.116	2.6123e-016
-1.115	2.73105e-016
-1.114	2.84921e-016
-1.113	2.96635e-016
-1.112	3.08208e-016
-1.111	3.19601e-016
-1.11	3.30782e-016
-1.109	3.41723e-016
-1.108	3.52401e-016
-1.107	3.62803e-016
-1.106	3.72924e-016
-1.105	3.8277e-016
-1.104	3.92357e-016
-1.103	4.01715e-016
-1.102	4.1089e-016
-1.101	4.19942e-016
-1.1	4.28948e-016
-1.099	4.38006e-016
-1.098	4.47233e-016
-1.097	4.56766e-016
-1.096	4.66765e-016
-1.095	4.77414e-016
-1.094	4.88922e-016
-1.093	5.0152e-016
-1.092	5.15468e-016
-1.091	5.31049e-016
-1.09	5.48574e-016
-1.089	5.68377e-016
-1.088	5.90821e-016
-1.087	6.16291e-016
-1.086	6.45196e-016
-1.085	6.77966e-016
-1.084	7.15054e-016
-1.083	7.56928e-016
-1.082	8.04075e-016
-1.081	8.56994e-016
-1.08	9.16191e-016
-1.079	9.82183e-016
-1.078	1.05549e-015
-1.077	1.13662e-015
-1.076	1.22609e-015
-1.075	1.32439e-015
-1.074	1.432e-015
-1.073	1.5494e-015
-1.072	1.677e-015
-1.071	1.8152e-015
-1.07	1.96438e-015
-1.069	2.12484e-015
-1.068	2.29685e-015
-1.067	2.48062e-015
-1.066	2.67631e-015
-1.065	2.884e-015
-1.064	3.10369e-015
-1.063	3.33533e-015
-1.062	3.57879e-015
-1.061	3.83383e-015
-1.06	4.10017e-015
-1.059	4.3774e-015
-1.058	4.66506e-015
-1.057	4.9626e-015
-1.056	5.26938e-015
-1.055	5.58469e-015
-1.054	5.90775e-015
-1.053	6.23771e-015
-1.052	6.57366e-015
-1.051	6.91466e-015
-1.05	7.25971e-015
-1.049	7.60781e-015
-1.048	7.95796e-015
-1.047	8.30912e-015
-1.046	8.66036e-015
-1.045	9.01072e-015
-1.044	9.35936e-015
-1.043	9.70553e-015
-1.042	1.00486e-014
-1.041	1.03881e-014
-1.04	1.07236e-014
-1.039	1.10551e-014
-1.038	1.13828e-014
-1.037	1.17069e-014
-1.036	1.20283e-014
-1.035	1.23478e-014
-1.034	1.26669e-014
-1.033	1.29874e-014
-1.032	1.33113e-014
-1.031	1.36412e-014
-1.03	1.39804e-014
-1.029	1.43322e-014
-1.028	1.47008e-014
-1.027	1.50907e-014
-1.026	1.5507e-014
-1.025	1.59554e-014
-1.024	1.64421e-014
-1.023	1.69738e-014
-1.022	1.75578e-014
-1.021	1.82019e-014
-1.02	1.89144e-014
-1.019	1.97041e-014
-1.018	2.05803e-014
-1.017	2.15525e-014
-1.016	2.26308e-014
-1.015	2.38256e-014
-1.014	2.51473e-014
-1.013	2.66067e-014
-1.012	2.82148e-014
-1.011	2.99823e-014
-1.01	3.19201e-014
-1.009	3.4039e-014
-1.008	3.63493e-014
-1.007	3.8861e-014
-1.006	4.1584e-014
-1.005	4.45272e-014
-1.004	4.7699e-014
-1.003	5.11071e-014
-1.002	5.47582e-014
-1.001	5.86581e-014
-1	6.28114e-014
-0.999	6.72216e-014
-0.998	7.18909e-014
-0.997	7.68202e-014
-0.996	8.20089e-014
-0.995	8.7455e-014
-0.994	9.3155e-014
-0.993	9.91037e-014
-0.992	1.05295e-013
-0.991	1.1172e-013
-0.99	1.18369e-013
-0.989	1.25232e-013
-0.988	1.32296e-013
-0.987	1.39547e-013
-0.986	1.46971e-013
-0.985	1.54552e-013
-0.984	1.62274e-013
-0.983	1.7012e-013
-0.982	1.78074e-013
-0.981	1.86117e-013
-0.98	1.94235e-013
-0.979	2.0241e-013
-0.978	2.10629e-013
-0.977	2.18878e-013
-0.976	2.27146e-013
-0.975	2.35424e-013
-0.974	2.43707e-013
-0.973	2.51992e-013
-0.972	2.60279e-013
-0.971	2.68576e-013
-0.97	2.76892e-013
-0.969	2.85243e-013
-0.968	2.93652e-013
-0.967	3.02145e-013
-0.966	3.10759e-013
-0.965	3.19535e-013
-0.964	3.28522e-013
-0.963	3.3778e-013
-0.962	3.47373e-013
-0.961	3.57377e-013
-0.96	3.67875e-013
-0.959	3.78959e-013
-0.958	3.90731e-013
-0.957	4.03301e-013
-0.956	4.16789e-013
-0.955	4.31321e-013
-0.954	4.47034e-013
-0.953	4.64073e-013
-0.952	4.82589e-013
-0.951	5.0274e-013
-0.95	5.24691e-013
-0.949	5.48612e-013
-0.948	5.74678e-013
-0.947	6.03065e-013
-0.946	6.33955e-013
-0.945	6.67526e-013
-0.944	7.03962e-013
-0.943	7.43441e-013
-0.942	7.86137e-013
-0.941	8.32225e-013
-0.94	8.81867e-013
-0.939	9.35222e-013
-0.938	9.92437e-013
-0.937	1.05365e-012
-0.936	1.11898e-012
-0.935	1.18855e-012
-0.934	1.26245e-012
-0.933	1.34075e-012
-0.932	1.42352e-012
-0.931	1.51079e-012
-0.93	1.60259e-012
-0.929	1.69893e-012
-0.928	1.79977e-012
-0.927	1.90507e-012
-0.926	2.01478e-012
-0.925	2.1288e-012
-0.924	2.24703e-012
-0.923	2.36935e-012
-0.922	2.49561e-012
-0.921	2.62565e-012
-0.92	2.75929e-012
-0.919	2.89635e-012
-0.918	3.03664e-012
-0.917	3.17994e-012
-0.916	3.32606e-012
-0.915	3.4748e-012
-0.914	3.62595e-012
-0.913	3.77934e-012
-0.912	3.93478e-012
-0.911	4.09214e-012
-0.91	4.25131e-012
-0.909	4.41218e-012
-0.908	4.57473e-012
-0.907	4.73895e-012
-0.906	4.9049e-012
-0.905	5.07269e-012
-0.904	5.24251e-012
-0.903	5.41461e-012
-0.902	5.58934e-012
-0.901	5.7671e-012
-0.9	5.94843e-012
-0.899	6.13393e-012
-0.898	6.3243e-012
-0.897	6.52039e-012
-0.896	6.72312e-012
-0.895	6.93354e-012
-0.894	7.15281e-012
-0.893	7.38222e-012
-0.892	7.62316e-012
-0.891	7.87717e-012
-0.89	8.14587e-012
-0.889	8.43102e-012
-0.888	8.73446e-012
-0.887	9.05817e-012
-0.886	9.40421e-012
-0.885	9.77474e-012
-0.884	1.0172e-011
-0.883	1.05982e-011
-0.882	1.10559e-011
-0.881	1.15473e-011
-0.88	1.2075e-011
-0.879	1.26413e-011
-0.878	1.32488e-011
-0.877	1.38999e-011
-0.876	1.4597e-011
-0.875	1.53425e-011
-0.874	1.61387e-011
-0.873	1.69877e-011
-0.872	1.78917e-011
-0.871	1.88527e-011
-0.87	1.98724e-011
-0.869	2.09526e-011
-0.868	2.20948e-011
-0.867	2.33002e-011
-0.866	2.45701e-011
-0.865	2.59052e-011
-0.864	2.73063e-011
-0.863	2.87739e-011
-0.862	3.0308e-011
-0.861	3.19088e-011
-0.86	3.3576e-011
-0.859	3.5309e-011
-0.858	3.71073e-011
-0.857	3.89698e-011
-0.856	4.08957e-011
-0.855	4.28835e-011
-0.854	4.4932e-011
-0.853	4.70395e-011
-0.852	4.92048e-011
-0.851	5.1426e-011
-0.85	5.37018e-011
-0.849	5.60304e-011
-0.848	5.84107e-011
-0.847	6.08412e-011
-0.846	6.33212e-011
-0.845	6.58498e-011
-0.844	6.84267e-011
-0.843	7.1052e-011
-0.842	7.37262e-011
-0.841	7.64506e-011
-0.84	7.92269e-011
-0.839	8.20577e-011
-0.838	8.49462e-011
-0.837	8.78964e-011
-0.836	9.09136e-011
-0.835	9.40037e-011
-0.834	9.7174e-011
-0.833	1.00433e-010
-0.832	1.03789e-010
-0.831	1.07253e-010
-0.83	1.10837e-010
-0.829	1.14555e-010
-0.828	1.1842e-010
-0.827	1.22448e-010
-0.826	1.26656e-010
-0.825	1.31063e-010
-0.824	1.35688e-010
-0.823	1.40551e-010
-0.822	1.45675e-010
-0.821	1.51082e-010
-0.82	1.56798e-010
-0.819	1.62846e-010
-0.818	1.69253e-010
-0.817	1.76047e-010
-0.816	1.83253e-010
-0.815	1.90901e-010
-0.814	1.99018e-010
-0.813	2.07633e-010
-0.812	2.16775e-010
-0.811	2.26473e-010
-0.81	2.36755e-010
-0.809	2.47648e-010
-0.808	2.5918e-010
-0.807	2.71378e-010
-0.806	2.84268e-010
-0.805	2.97873e-010
-0.804	3.12218e-010
-0.803	3.27324e-010
-0.802	3.43212e-010
-0.801	3.599e-010
-0.8	3.77405e-010
-0.799	3.95744e-010
-0.798	4.14928e-010
-0.797	4.3497e-010
-0.796	4.55878e-010
-0.795	4.77661e-010
-0.794	5.00325e-010
-0.793	5.23872e-010
-0.792	5.48307e-010
-0.791	5.73629e-010
-0.79	5.99839e-010
-0.789	6.26934e-010
-0.788	6.54914e-010
-0.787	6.83776e-010
-0.786	7.13517e-010
-0.785	7.44136e-010
-0.784	7.75632e-010
-0.783	8.08004e-010
-0.782	8.41255e-010
-0.781	8.75389e-010
-0.78	9.10414e-010
-0.779	9.4634e-010
-0.778	9.83182e-010
-0.777	1.02096e-009
-0.776	1.0597e-009
-0.775	1.09944e-009
-0.774	1.1402e-009
-0.773	1.18204e-009
-0.772	1.22502e-009
-0.771	1.26919e-009
-0.77	1.31462e-009
-0.769	1.3614e-009
-0.768	1.40962e-009
-0.767	1.45938e-009
-0.766	1.5108e-009
-0.765	1.564e-009
-0.764	1.61912e-009
-0.763	1.67631e-009
-0.762	1.73574e-009
-0.761	1.79757e-009
-0.76	1.862e-009
-0.759	1.92922e-009
-0.758	1.99944e-009
-0.757	2.07289e-009
-0.756	2.14981e-009
-0.755	2.23043e-009
-0.754	2.31501e-009
-0.753	2.40383e-009
-0.752	2.49714e-009
-0.751	2.59523e-009
-0.75	2.69839e-009
-0.749	2.80691e-009
-0.748	2.9211e-009
-0.747	3.04124e-009
-0.746	3.16765e-009
-0.745	3.30062e-009
-0.744	3.44047e-009
-0.743	3.5875e-009
-0.742	3.742e-009
-0.741	3.90426e-009
-0.74	4.07459e-009
-0.739	4.25326e-009
-0.738	4.44054e-009
-0.737	4.63672e-009
-0.736	4.84203e-009
-0.735	5.05673e-009
-0.734	5.28107e-009
-0.733	5.51526e-009
-0.732	5.75952e-009
-0.731	6.01406e-009
-0.73	6.27907e-009
-0.729	6.55474e-009
-0.728	6.84125e-009
-0.727	7.13877e-009
-0.726	7.44745e-009
-0.725	7.76746e-009
-0.724	8.09895e-009
-0.723	8.44208e-009
-0.722	8.79703e-009
-0.721	9.16393e-009
-0.72	9.54299e-009
-0.719	9.93436e-009
-0.718	1.03383e-008
-0.717	1.0755e-008
-0.716	1.11847e-008
-0.715	1.16277e-008
-0.714	1.20843e-008
-0.713	1.25548e-008
-0.712	1.30398e-008
-0.711	1.35396e-008
-0.71	1.40547e-008
-0.709	1.45857e-008
-0.708	1.51332e-008
-0.707	1.56979e-008
-0.706	1.62807e-008
-0.705	1.68823e-008
-0.704	1.75038e-008
-0.703	1.81461e-008
-0.702	1.88104e-008
-0.701	1.94978e-008
-0.7	2.02098e-008
-0.699	2.09479e-008
-0.698	2.17133e-008
-0.697	2.25079e-008
-0.696	2.33335e-008
-0.695	2.41917e-008
-0.694	2.50846e-008
-0.693	2.60144e-008
-0.692	2.69831e-008
-0.691	2.7993e-008
-0.69	2.90466e-008
-0.689	3.01462e-008
-0.688	3.12946e-008
-0.687	3.24942e-008
-0.686	3.3748e-008
-0.685	3.50586e-008
-0.684	3.64291e-008
-0.683	3.78623e-008
-0.682	3.93612e-008
-0.681	4.09291e-008
-0.68	4.25688e-008
-0.679	4.42836e-008
-0.678	4.60767e-008
-0.677	4.79512e-008
-0.676	4.99105e-008
-0.675	5.19576e-008
-0.674	5.40957e-008
-0.673	5.63282e-008
-0.672	5.86582e-008
-0.671	6.1089e-008
-0.67	6.36236e-008
-0.669	6.62653e-008
-0.668	6.90172e-008
-0.667	7.18826e-008
-0.666	7.48644e-008
-0.665	7.7966e-008
-0.664	8.11903e-008
-0.663	8.45406e-008
-0.662	8.802e-008
-0.661	9.16318e-008
-0.66	9.53792e-008
-0.659	9.92656e-008
-0.658	1.03294e-007
-0.657	1.07469e-007
-0.656	1.11793e-007
-0.655	1.16271e-007
-0.654	1.20906e-007
-0.653	1.25703e-007
-0.652	1.30666e-007
-0.651	1.35799e-007
-0.65	1.41109e-007
-0.649	1.466e-007
-0.648	1.52279e-007
-0.647	1.5815e-007
-0.646	1.64222e-007
-0.645	1.70501e-007
-0.644	1.76995e-007
-0.643	1.83712e-007
-0.642	1.90661e-007
-0.641	1.97852e-007
-0.64	2.05295e-007
-0.639	2.13001e-007
-0.638	2.20982e-007
-0.637	2.2925e-007
-0.636	2.37819e-007
-0.635	2.46702e-007
-0.634	2.55915e-007
-0.633	2.65473e-007
-0.632	2.75394e-007
-0.631	2.85696e-007
-0.63	2.96396e-007
-0.629	3.07515e-007
-0.628	3.19073e-007
-0.627	3.31092e-007
-0.626	3.43594e-007
-0.625	3.56603e-007
-0.624	3.70143e-007
-0.623	3.84239e-007
-0.622	3.98918e-007
-0.621	4.14206e-007
-0.62	4.30131e-007
-0.619	4.46723e-007
-0.618	4.64011e-007
-0.617	4.82025e-007
-0.616	5.00795e-007
-0.615	5.20355e-007
-0.614	5.40738e-007
-0.613	5.61975e-007
-0.612	5.84101e-007
-0.611	6.07151e-007
-0.61	6.3116e-007
-0.609	6.56164e-007
-0.608	6.82199e-007
-0.607	7.09302e-007
-0.606	7.37512e-007
-0.605	7.66867e-007
-0.604	7.97406e-007
-0.603	8.29168e-007
-0.602	8.62195e-007
-0.601	8.96527e-007
-0.6	9.32207e-007
-0.599	9.69278e-007
-0.598	1.00778e-006
-0.597	1.04777e-006
-0.596	1.08929e-006
-0.595	1.13238e-006
-0.594	1.17709e-006
-0.593	1.22348e-006
-0.592	1.2716e-006
-0.591	1.3215e-006
-0.59	1.37325e-006
-0.589	1.42689e-006
-0.588	1.4825e-006
-0.587	1.54014e-006
-0.586	1.59987e-006
-0.585	1.66177e-006
-0.584	1.72592e-006
-0.583	1.79239e-006
-0.582	1.86126e-006
-0.581	1.93263e-006
-0.58	2.00659e-006
-0.579	2.08323e-006
-0.578	2.16265e-006
-0.577	2.24497e-006
-0.576	2.33031e-006
-0.575	2.41877e-006
-0.574	2.51049e-006
-0.573	2.60559e-006
-0.572	2.70423e-006
-0.571	2.80655e-006
-0.57	2.9127e-006
-0.569	3.02285e-006
-0.568	3.13717e-006
-0.567	3.25583e-006
-0.566	3.37902e-006
-0.565	3.50695e-006
-0.564	3.63981e-006
-0.563	3.77781e-006
-0.562	3.92119e-006
-0.561	4.07016e-006
-0.56	4.22498e-006
-0.559	4.38588e-006
-0.558	4.55314e-006
-0.557	4.72701e-006
-0.556	4.90779e-006
-0.555	5.09575e-006
-0.554	5.29119e-006
-0.553	5.49442e-006
-0.552	5.70576e-006
-0.551	5.92555e-006
-0.55	6.1541e-006
-0.549	6.39178e-006
-0.548	6.63894e-006
-0.547	6.89595e-006
-0.546	7.16319e-006
-0.545	7.44105e-006
-0.544	7.72993e-006
-0.543	8.03024e-006
-0.542	8.34242e-006
-0.541	8.6669e-006
-0.54	9.00413e-006
-0.539	9.35456e-006
-0.538	9.71869e-006
-0.537	1.0097e-005
-0.536	1.049e-005
-0.535	1.08982e-005
-0.534	1.13221e-005
-0.533	1.17624e-005
-0.532	1.22195e-005
-0.531	1.26941e-005
-0.53	1.31868e-005
-0.529	1.36982e-005
-0.528	1.42289e-005
-0.527	1.47798e-005
-0.526	1.53514e-005
-0.525	1.59446e-005
-0.524	1.656e-005
-0.523	1.71985e-005
-0.522	1.7861e-005
-0.521	1.85482e-005
-0.52	1.92611e-005
-0.519	2.00007e-005
-0.518	2.07679e-005
-0.517	2.15637e-005
-0.516	2.23893e-005
-0.515	2.32457e-005
-0.514	2.41342e-005
-0.513	2.50559e-005
-0.512	2.60121e-005
-0.511	2.70042e-005
-0.51	2.80335e-005
-0.509	2.91016e-005
-0.508	3.02099e-005
-0.507	3.13601e-005
-0.506	3.25537e-005
-0.505	3.37926e-005
-0.504	3.50785e-005
-0.503	3.64133e-005
-0.502	3.7799e-005
-0.501	3.92376e-005
-0.5	4.07313e-005
-0.499	4.22823e-005
-0.498	4.38929e-005
-0.497	4.55654e-005
-0.496	4.73024e-005
-0.495	4.91065e-005
-0.494	5.09803e-005
-0.493	5.29267e-005
-0.492	5.49486e-005
-0.491	5.70488e-005
-0.49	5.92306e-005
-0.489	6.14972e-005
-0.488	6.38519e-005
-0.487	6.62982e-005
-0.486	6.88397e-005
-0.485	7.14799e-005
-0.484	7.42229e-005
-0.483	7.70726e-005
-0.482	8.00331e-005
-0.481	8.31085e-005
-0.48	8.63034e-005
-0.479	8.96222e-005
-0.478	9.30697e-005
-0.477	9.66506e-005
-0.476	0.00010037
-0.475	0.000104233
-0.474	0.000108246
-0.473	0.000112413
-0.472	0.00011674
-0.471	0.000121234
-0.47	0.000125901
-0.469	0.000130746
-0.468	0.000135777
-0.467	0.000141001
-0.466	0.000146424
-0.465	0.000152054
-0.464	0.000157899
-0.463	0.000163966
-0.462	0.000170264
-0.461	0.000176802
-0.46	0.000183588
-0.459	0.000190632
-0.458	0.000197943
-0.457	0.000205531
-0.456	0.000213407
-0.455	0.000221582
-0.454	0.000230066
-0.453	0.000238871
-0.452	0.00024801
-0.451	0.000257496
-0.45	0.00026734
-0.449	0.000277558
-0.448	0.000288163
-0.447	0.000299171
-0.446	0.000310596
-0.445	0.000322455
-0.444	0.000334764
-0.443	0.000347542
-0.442	0.000360805
-0.441	0.000374574
-0.44	0.000388867
-0.439	0.000403705
-0.438	0.000419109
-0.437	0.000435102
-0.436	0.000451705
-0.435	0.000468943
-0.434	0.000486841
-0.433	0.000505425
-0.432	0.00052472
-0.431	0.000544755
-0.43	0.000565559
-0.429	0.000587161
-0.428	0.000609593
-0.427	0.000632886
-0.426	0.000657075
-0.425	0.000682193
-0.424	0.000708277
-0.423	0.000735364
-0.422	0.000763493
-0.421	0.000792704
-0.42	0.000823038
-0.419	0.000854539
-0.418	0.000887251
-0.417	0.000921221
-0.416	0.000956498
-0.415	0.000993129
-0.414	0.00103105
-0.413	0.00107014
-0.412	0.0011103
-0.411	0.00115145
-0.41	0.00119351
-0.409	0.00123639
-0.408	0.00127999
-0.407	0.00132424
-0.406	0.00136905
-0.405	0.00141433
-0.404	0.00146001
-0.403	0.00150601
-0.402	0.00155227
-0.401	0.00159872
-0.4	0.00164531
-0.399	0.00169198
-0.398	0.0017387
-0.397	0.00178544
-0.396	0.00183218
-0.395	0.0018789
-0.394	0.0019256
-0.393	0.00197229
-0.392	0.00201898
-0.391	0.00206572
-0.39	0.00211253
-0.389	0.00215948
-0.388	0.00220661
-0.387	0.002254
-0.386	0.00230174
-0.385	0.00234991
-0.384	0.00239862
-0.383	0.00244796
-0.382	0.00249807
-0.381	0.00254905
-0.38	0.00260105
-0.379	0.00265419
-0.378	0.00270862
-0.377	0.00276449
-0.376	0.00282193
-0.375	0.00288111
-0.374	0.00294217
-0.373	0.00300527
-0.372	0.00307057
-0.371	0.0031382
-0.37	0.00320832
-0.369	0.00328109
-0.368	0.00335663
-0.367	0.0034351
-0.366	0.00351662
-0.365	0.00360132
-0.364	0.00369151
-0.363	0.00378952
-0.362	0.00389528
-0.361	0.00400867
-0.36	0.00412954
-0.359	0.00425769
-0.358	0.00439291
-0.357	0.00453495
-0.356	0.00468353
-0.355	0.00483833
-0.354	0.00499903
-0.353	0.00516525
-0.352	0.00533664
-0.351	0.00551277
-0.35	0.00569325
-0.349	0.00587762
-0.348	0.00606545
-0.347	0.00625628
-0.346	0.00644966
-0.345	0.00664513
-0.344	0.00684221
-0.343	0.00704044
-0.342	0.00723938
-0.341	0.00743856
-0.34	0.00763755
-0.339	0.00783592
-0.338	0.00803326
-0.337	0.00822917
-0.336	0.0084233
-0.335	0.00861528
-0.334	0.00880479
-0.333	0.00899154
-0.332	0.00917526
-0.331	0.00935571
-0.33	0.00953269
-0.329	0.00970604
-0.328	0.00987559
-0.327	0.0100413
-0.326	0.010203
-0.325	0.0103608
-0.324	0.0105147
-0.323	0.0106646
-0.322	0.0108107
-0.321	0.0109532
-0.32	0.0110921
-0.319	0.0112277
-0.318	0.0113603
-0.317	0.01149
-0.316	0.0116173
-0.315	0.0117423
-0.314	0.0118656
-0.313	0.0119875
-0.312	0.0121084
-0.311	0.0122287
-0.31	0.0123491
-0.309	0.0124698
-0.308	0.0125915
-0.307	0.0127147
-0.306	0.0128398
-0.305	0.0129675
-0.304	0.0130983
-0.303	0.0132327
-0.302	0.0133714
-0.301	0.0135148
-0.3	0.0136635
-0.299	0.0138181
-0.298	0.013979
-0.297	0.0141469
-0.296	0.0143223
-0.295	0.0145055
-0.294	0.0146971
-0.293	0.0148976
-0.292	0.0151073
-0.291	0.0153267
-0.29	0.0155561
-0.289	0.0157959
-0.288	0.0160463
-0.287	0.0163077
-0.286	0.0165803
-0.285	0.0168643
-0.284	0.0171599
-0.283	0.0174672
-0.282	0.0177864
-0.281	0.0181175
-0.28	0.0184604
-0.279	0.0188154
-0.278	0.0191822
-0.277	0.0195608
-0.276	0.0199511
-0.275	0.020353
-0.274	0.0207663
-0.273	0.0211908
-0.272	0.0216263
-0.271	0.0220726
-0.27	0.0225293
-0.269	0.0229962
-0.268	0.0234729
-0.267	0.0239592
-0.266	0.0244547
-0.265	0.024959
-0.264	0.0254718
-0.263	0.0259928
-0.262	0.0265214
-0.261	0.0270575
-0.26	0.0276006
-0.259	0.0281503
-0.258	0.0287063
-0.257	0.0292682
-0.256	0.0298358
-0.255	0.0304087
-0.254	0.0309867
-0.253	0.0315694
-0.252	0.0321566
-0.251	0.0327482
-0.25	0.0333438
-0.249	0.0339434
-0.248	0.0345468
-0.247	0.035154
-0.246	0.0357648
-0.245	0.0363793
-0.244	0.0369975
-0.243	0.0376194
-0.242	0.0382451
-0.241	0.0388748
-0.24	0.0395086
-0.239	0.0401468
-0.238	0.0407896
-0.237	0.0414374
-0.236	0.0420903
-0.235	0.0427489
-0.234	0.0434136
-0.233	0.0440847
-0.232	0.0447628
-0.231	0.0454484
-0.23	0.046142
-0.229	0.0468441
-0.228	0.0475556
-0.227	0.0482769
-0.226	0.0490087
-0.225	0.0497517
-0.224	0.0505065
-0.223	0.0512739
-0.222	0.0520547
-0.221	0.0528495
-0.22	0.053659
-0.219	0.0544841
-0.218	0.0553255
-0.217	0.0561839
-0.216	0.0570601
-0.215	0.0579548
-0.214	0.0588687
-0.213	0.0598026
-0.212	0.0607573
-0.211	0.0617332
-0.21	0.0627313
-0.209	0.063752
-0.208	0.0647961
-0.207	0.0658641
-0.206	0.0669567
-0.205	0.0680743
-0.204	0.0692176
-0.203	0.070387
-0.202	0.071583
-0.201	0.072806
-0.2	0.0740565
-0.199	0.0753348
-0.198	0.0766413
-0.197	0.0779763
-0.196	0.0793401
-0.195	0.0807329
-0.194	0.0821549
-0.193	0.0836065
-0.192	0.0850877
-0.191	0.0865986
-0.19	0.0881395
-0.189	0.0897103
-0.188	0.0913113
-0.187	0.0929424
-0.186	0.0946037
-0.185	0.0962952
-0.184	0.0980169
-0.183	0.099769
-0.182	0.101551
-0.181	0.103364
-0.18	0.105207
-0.179	0.10708
-0.178	0.108984
-0.177	0.110917
-0.176	0.112882
-0.175	0.114876
-0.174	0.116901
-0.173	0.118957
-0.172	0.121044
-0.171	0.123161
-0.17	0.125309
-0.169	0.127488
-0.168	0.129699
-0.167	0.131942
-0.166	0.134216
-0.165	0.136523
-0.164	0.138863
-0.163	0.141235
-0.162	0.143641
-0.161	0.146082
-0.16	0.148557
-0.159	0.151067
-0.158	0.153614
-0.157	0.156197
-0.156	0.158817
-0.155	0.161476
-0.154	0.164174
-0.153	0.166912
-0.152	0.169691
-0.151	0.172511
-0.15	0.175375
-0.149	0.178283
-0.148	0.181237
-0.147	0.184236
-0.146	0.187284
-0.145	0.19038
-0.144	0.193527
-0.143	0.196725
-0.142	0.199976
-0.141	0.203281
-0.14	0.206642
-0.139	0.21006
-0.138	0.213537
-0.137	0.217074
-0.136	0.220673
-0.135	0.224335
-0.134	0.228062
-0.133	0.231855
-0.132	0.235716
-0.131	0.239647
-0.13	0.243649
-0.129	0.247723
-0.128	0.251871
-0.127	0.256095
-0.126	0.260397
-0.125	0.264778
-0.124	0.269239
-0.123	0.273782
-0.122	0.278408
-0.121	0.28312
-0.12	0.287918
-0.119	0.292804
-0.118	0.29778
-0.117	0.302847
-0.116	0.308007
-0.115	0.313261
-0.114	0.31861
-0.113	0.324056
-0.112	0.3296
-0.111	0.335244
-0.11	0.34099
-0.109	0.346837
-0.108	0.352789
-0.107	0.358846
-0.106	0.365009
-0.105	0.371281
-0.104	0.377662
-0.103	0.384154
-0.102	0.390759
-0.101	0.397477
-0.1	0.40431
