-4	4.46448e-012
-3.999	4.46469e-012
-3.998	4.46152e-012
-3.997	4.45921e-012
-3.996	4.46066e-012
-3.995	4.4599e-012
-3.994	4.4523e-012
-3.993	4.44282e-012
-3.992	4.4398e-012
-3.991	4.43857e-012
-3.99	4.42517e-012
-3.989	4.40969e-012
-3.988	4.40862e-012
-3.987	4.40665e-012
-3.986	4.39221e-012
-3.985	4.37808e-012
-3.984	4.367e-012
-3.983	4.35556e-012
-3.982	4.3484e-012
-3.981	4.34124e-012
-3.98	4.32534e-012
-3.979	4.30685e-012
-3.978	4.29487e-012
-3.977	4.28465e-012
-3.976	4.2716e-012
-3.975	4.25856e-012
-3.974	4.2423e-012
-3.973	4.22064e-012
-3.972	4.20041e-012
-3.971	4.18517e-012
-3.97	4.17278e-012
-3.969	4.15755e-012
-3.968	4.13594e-012
-3.967	4.11352e-012
-3.966	4.09296e-012
-3.965	4.0751e-012
-3.964	4.0632e-012
-3.963	4.0473e-012
-3.962	4.01972e-012
-3.961	3.99529e-012
-3.96	3.98186e-012
-3.959	3.96579e-012
-3.958	3.94059e-012
-3.957	3.91415e-012
-3.956	3.88935e-012
-3.955	3.86317e-012
-3.954	3.83814e-012
-3.953	3.81821e-012
-3.952	3.7988e-012
-3.951	3.77347e-012
-3.95	3.74623e-012
-3.949	3.72256e-012
-3.948	3.69959e-012
-3.947	3.67671e-012
-3.946	3.65355e-012
-3.945	3.62781e-012
-3.944	3.60796e-012
-3.943	3.59236e-012
-3.942	3.5611e-012
-3.941	3.5214e-012
-3.94	3.49791e-012
-3.939	3.48143e-012
-3.938	3.45299e-012
-3.937	3.42173e-012
-3.936	3.39851e-012
-3.935	3.37475e-012
-3.934	3.34675e-012
-3.933	3.32401e-012
-3.932	3.30144e-012
-3.931	3.26768e-012
-3.93	3.23581e-012
-3.929	3.21692e-012
-3.928	3.198e-012
-3.927	3.17144e-012
-3.926	3.14262e-012
-3.925	3.11567e-012
-3.924	3.09333e-012
-3.923	3.07142e-012
-3.922	3.04329e-012
-3.921	3.01586e-012
-3.92	2.99551e-012
-3.919	2.97232e-012
-3.918	2.94332e-012
-3.917	2.91854e-012
-3.916	2.89534e-012
-3.915	2.86881e-012
-3.914	2.84488e-012
-3.913	2.8215e-012
-3.912	2.79874e-012
-3.911	2.78246e-012
-3.91	2.76297e-012
-3.909	2.73719e-012
-3.908	2.71627e-012
-3.907	2.6959e-012
-3.906	2.67165e-012
-3.905	2.65194e-012
-3.904	2.63386e-012
-3.903	2.60942e-012
-3.902	2.58546e-012
-3.901	2.56863e-012
-3.9	2.5516e-012
-3.899	2.52895e-012
-3.898	2.50678e-012
-3.897	2.48999e-012
-3.896	2.47693e-012
-3.895	2.46337e-012
-3.894	2.44607e-012
-3.893	2.42854e-012
-3.892	2.41611e-012
-3.891	2.40407e-012
-3.89	2.38714e-012
-3.889	2.37309e-012
-3.888	2.36382e-012
-3.887	2.34818e-012
-3.886	2.32978e-012
-3.885	2.32109e-012
-3.884	2.31673e-012
-3.883	2.30551e-012
-3.882	2.28868e-012
-3.881	2.27577e-012
-3.88	2.27032e-012
-3.879	2.26403e-012
-3.878	2.2526e-012
-3.877	2.24214e-012
-3.876	2.2361e-012
-3.875	2.2319e-012
-3.874	2.22797e-012
-3.873	2.22428e-012
-3.872	2.21708e-012
-3.871	2.2085e-012
-3.87	2.20937e-012
-3.869	2.21416e-012
-3.868	2.21035e-012
-3.867	2.2069e-012
-3.866	2.2077e-012
-3.865	2.20244e-012
-3.864	2.19958e-012
-3.863	2.20674e-012
-3.862	2.20974e-012
-3.861	2.20858e-012
-3.86	2.21497e-012
-3.859	2.21935e-012
-3.858	2.2167e-012
-3.857	2.22405e-012
-3.856	2.24008e-012
-3.855	2.24553e-012
-3.854	2.24417e-012
-3.853	2.25026e-012
-3.852	2.26118e-012
-3.851	2.27103e-012
-3.85	2.28165e-012
-3.849	2.29554e-012
-3.848	2.30954e-012
-3.847	2.31845e-012
-3.846	2.32708e-012
-3.845	2.34339e-012
-3.844	2.36095e-012
-3.843	2.37211e-012
-3.842	2.38377e-012
-3.841	2.39943e-012
-3.84	2.41388e-012
-3.839	2.42955e-012
-3.838	2.44825e-012
-3.837	2.46576e-012
-3.836	2.48424e-012
-3.835	2.5035e-012
-3.834	2.51866e-012
-3.833	2.53759e-012
-3.832	2.56714e-012
-3.831	2.59194e-012
-3.83	2.60287e-012
-3.829	2.61909e-012
-3.828	2.64997e-012
-3.827	2.67706e-012
-3.826	2.69668e-012
-3.825	2.72447e-012
-3.824	2.75288e-012
-3.823	2.77233e-012
-3.822	2.79719e-012
-3.821	2.8288e-012
-3.82	2.86107e-012
-3.819	2.89128e-012
-3.818	2.91123e-012
-3.817	2.93765e-012
-3.816	2.97985e-012
-3.815	3.01013e-012
-3.814	3.02754e-012
-3.813	3.0539e-012
-3.812	3.08592e-012
-3.811	3.11578e-012
-3.81	3.15213e-012
-3.809	3.19292e-012
-3.808	3.2205e-012
-3.807	3.24296e-012
-3.806	3.27594e-012
-3.805	3.31138e-012
-3.804	3.34782e-012
-3.803	3.38725e-012
-3.802	3.42718e-012
-3.801	3.4646e-012
-3.8	3.49146e-012
-3.799	3.52015e-012
-3.798	3.55963e-012
-3.797	3.5938e-012
-3.796	3.62492e-012
-3.795	3.66231e-012
-3.794	3.70088e-012
-3.793	3.73699e-012
-3.792	3.77131e-012
-3.791	3.81014e-012
-3.79	3.85386e-012
-3.789	3.89468e-012
-3.788	3.93152e-012
-3.787	3.96628e-012
-3.786	4.00152e-012
-3.785	4.03824e-012
-3.784	4.07507e-012
-3.783	4.11258e-012
-3.782	4.14707e-012
-3.781	4.18136e-012
-3.78	4.22508e-012
-3.779	4.26785e-012
-3.778	4.29943e-012
-3.777	4.33289e-012
-3.776	4.37368e-012
-3.775	4.41581e-012
-3.774	4.45878e-012
-3.773	4.49665e-012
-3.772	4.52367e-012
-3.771	4.55479e-012
-3.77	4.60189e-012
-3.769	4.64532e-012
-3.768	4.67639e-012
-3.767	4.71391e-012
-3.766	4.7558e-012
-3.765	4.79517e-012
-3.764	4.8358e-012
-3.763	4.86646e-012
-3.762	4.89858e-012
-3.761	4.94901e-012
-3.76	4.9843e-012
-3.759	5.00057e-012
-3.758	5.03528e-012
-3.757	5.07751e-012
-3.756	5.1104e-012
-3.755	5.14202e-012
-3.754	5.17367e-012
-3.753	5.21249e-012
-3.752	5.25353e-012
-3.751	5.29146e-012
-3.75	5.32836e-012
-3.749	5.34814e-012
-3.748	5.36278e-012
-3.747	5.4006e-012
-3.746	5.45064e-012
-3.745	5.48421e-012
-3.744	5.49843e-012
-3.743	5.5255e-012
-3.742	5.56835e-012
-3.741	5.59715e-012
-3.74	5.62208e-012
-3.739	5.65541e-012
-3.738	5.68333e-012
-3.737	5.71065e-012
-3.736	5.73727e-012
-3.735	5.75789e-012
-3.734	5.78939e-012
-3.733	5.82288e-012
-3.732	5.84139e-012
-3.731	5.86005e-012
-3.73	5.88213e-012
-3.729	5.91142e-012
-3.728	5.94301e-012
-3.727	5.95487e-012
-3.726	5.97501e-012
-3.725	6.01044e-012
-3.724	6.02214e-012
-3.723	6.02631e-012
-3.722	6.04741e-012
-3.721	6.07325e-012
-3.72	6.09588e-012
-3.719	6.1183e-012
-3.718	6.13968e-012
-3.717	6.15096e-012
-3.716	6.16053e-012
-3.715	6.17767e-012
-3.714	6.19618e-012
-3.713	6.21606e-012
-3.712	6.23214e-012
-3.711	6.24304e-012
-3.71	6.25432e-012
-3.709	6.26616e-012
-3.708	6.27923e-012
-3.707	6.28913e-012
-3.706	6.2966e-012
-3.705	6.31063e-012
-3.704	6.32587e-012
-3.703	6.32511e-012
-3.702	6.32109e-012
-3.701	6.33707e-012
-3.7	6.35092e-012
-3.699	6.35274e-012
-3.698	6.35866e-012
-3.697	6.36204e-012
-3.696	6.35974e-012
-3.695	6.35599e-012
-3.694	6.36228e-012
-3.693	6.3788e-012
-3.692	6.3813e-012
-3.691	6.3718e-012
-3.69	6.36607e-012
-3.689	6.37036e-012
-3.688	6.37113e-012
-3.687	6.35722e-012
-3.686	6.36216e-012
-3.685	6.37558e-012
-3.684	6.3583e-012
-3.683	6.34141e-012
-3.682	6.35213e-012
-3.681	6.36446e-012
-3.68	6.35078e-012
-3.679	6.33141e-012
-3.678	6.33249e-012
-3.677	6.33045e-012
-3.676	6.31962e-012
-3.675	6.30566e-012
-3.674	6.28278e-012
-3.673	6.28046e-012
-3.672	6.29156e-012
-3.671	6.28245e-012
-3.67	6.26801e-012
-3.669	6.25099e-012
-3.668	6.23669e-012
-3.667	6.23123e-012
-3.666	6.21533e-012
-3.665	6.20678e-012
-3.664	6.19181e-012
-3.663	6.15539e-012
-3.662	6.14451e-012
-3.661	6.13908e-012
-3.66	6.11951e-012
-3.659	6.11022e-012
-3.658	6.09093e-012
-3.657	6.06309e-012
-3.656	6.04444e-012
-3.655	6.03287e-012
-3.654	6.02278e-012
-3.653	6.0042e-012
-3.652	5.98498e-012
-3.651	5.966e-012
-3.65	5.94322e-012
-3.649	5.92976e-012
-3.648	5.91879e-012
-3.647	5.89251e-012
-3.646	5.86837e-012
-3.645	5.85763e-012
-3.644	5.83617e-012
-3.643	5.81066e-012
-3.642	5.79041e-012
-3.641	5.76464e-012
-3.64	5.74784e-012
-3.639	5.73147e-012
-3.638	5.69799e-012
-3.637	5.66855e-012
-3.636	5.65692e-012
-3.635	5.64252e-012
-3.634	5.61736e-012
-3.633	5.59707e-012
-3.632	5.56266e-012
-3.631	5.53122e-012
-3.63	5.5357e-012
-3.629	5.51394e-012
-3.628	5.4663e-012
-3.627	5.44734e-012
-3.626	5.42791e-012
-3.625	5.40277e-012
-3.624	5.38254e-012
-3.623	5.35579e-012
-3.622	5.33151e-012
-3.621	5.30911e-012
-3.62	5.2936e-012
-3.619	5.27414e-012
-3.618	5.23862e-012
-3.617	5.22016e-012
-3.616	5.21244e-012
-3.615	5.18847e-012
-3.614	5.15571e-012
-3.613	5.12676e-012
-3.612	5.11881e-012
-3.611	5.10365e-012
-3.61	5.05957e-012
-3.609	5.03167e-012
-3.608	5.01738e-012
-3.607	4.996e-012
-3.606	4.98099e-012
-3.605	4.96315e-012
-3.604	4.9388e-012
-3.603	4.91737e-012
-3.602	4.90572e-012
-3.601	4.88947e-012
-3.6	4.85578e-012
-3.599	4.83772e-012
-3.598	4.82564e-012
-3.597	4.79749e-012
-3.596	4.78213e-012
-3.595	4.76578e-012
-3.594	4.73916e-012
-3.593	4.72516e-012
-3.592	4.71079e-012
-3.591	4.69903e-012
-3.59	4.69344e-012
-3.589	4.67356e-012
-3.588	4.65202e-012
-3.587	4.63347e-012
-3.586	4.61503e-012
-3.585	4.60952e-012
-3.584	4.58981e-012
-3.583	4.56075e-012
-3.582	4.56197e-012
-3.581	4.56072e-012
-3.58	4.54104e-012
-3.579	4.52821e-012
-3.578	4.51905e-012
-3.577	4.51076e-012
-3.576	4.49063e-012
-3.575	4.47513e-012
-3.574	4.4797e-012
-3.573	4.46341e-012
-3.572	4.44578e-012
-3.571	4.44801e-012
-3.57	4.43862e-012
-3.569	4.4304e-012
-3.568	4.42404e-012
-3.567	4.41528e-012
-3.566	4.42253e-012
-3.565	4.41995e-012
-3.564	4.40663e-012
-3.563	4.41161e-012
-3.562	4.40814e-012
-3.561	4.39131e-012
-3.56	4.39186e-012
-3.559	4.40006e-012
-3.558	4.40101e-012
-3.557	4.39344e-012
-3.556	4.38514e-012
-3.555	4.38703e-012
-3.554	4.39536e-012
-3.553	4.3983e-012
-3.552	4.39131e-012
-3.551	4.39283e-012
-3.55	4.40039e-012
-3.549	4.40783e-012
-3.548	4.41466e-012
-3.547	4.40173e-012
-3.546	4.4107e-012
-3.545	4.44417e-012
-3.544	4.44047e-012
-3.543	4.43801e-012
-3.542	4.45777e-012
-3.541	4.46184e-012
-3.54	4.46819e-012
-3.539	4.4767e-012
-3.538	4.48289e-012
-3.537	4.50405e-012
-3.536	4.5135e-012
-3.535	4.5134e-012
-3.534	4.53149e-012
-3.533	4.55575e-012
-3.532	4.5679e-012
-3.531	4.57287e-012
-3.53	4.59276e-012
-3.529	4.60101e-012
-3.528	4.60329e-012
-3.527	4.64329e-012
-3.526	4.65533e-012
-3.525	4.64785e-012
-3.524	4.68748e-012
-3.523	4.70832e-012
-3.522	4.7151e-012
-3.521	4.7512e-012
-3.52	4.76726e-012
-3.519	4.77001e-012
-3.518	4.79427e-012
-3.517	4.82422e-012
-3.516	4.83643e-012
-3.515	4.85087e-012
-3.514	4.88239e-012
-3.513	4.89361e-012
-3.512	4.90837e-012
-3.511	4.94796e-012
-3.51	4.97294e-012
-3.509	4.99299e-012
-3.508	5.01739e-012
-3.507	5.04383e-012
-3.506	5.07556e-012
-3.505	5.09695e-012
-3.504	5.12212e-012
-3.503	5.15861e-012
-3.502	5.17869e-012
-3.501	5.19563e-012
-3.5	5.23931e-012
-3.499	5.27626e-012
-3.498	5.28431e-012
-3.497	5.30399e-012
-3.496	5.34471e-012
-3.495	5.37424e-012
-3.494	5.39586e-012
-3.493	5.42781e-012
-3.492	5.46044e-012
-3.491	5.49112e-012
-3.49	5.5138e-012
-3.489	5.53603e-012
-3.488	5.57265e-012
-3.487	5.59625e-012
-3.486	5.62658e-012
-3.485	5.67259e-012
-3.484	5.68898e-012
-3.483	5.70421e-012
-3.482	5.73751e-012
-3.481	5.77931e-012
-3.48	5.82748e-012
-3.479	5.84514e-012
-3.478	5.86355e-012
-3.477	5.91707e-012
-3.476	5.96196e-012
-3.475	5.98973e-012
-3.474	6.00605e-012
-3.473	6.0258e-012
-3.472	6.07037e-012
-3.471	6.10516e-012
-3.47	6.12894e-012
-3.469	6.16537e-012
-3.468	6.19298e-012
-3.467	6.22667e-012
-3.466	6.2684e-012
-3.465	6.28133e-012
-3.464	6.30712e-012
-3.463	6.359e-012
-3.462	6.38714e-012
-3.461	6.40614e-012
-3.46	6.44202e-012
-3.459	6.48975e-012
-3.458	6.52606e-012
-3.457	6.54973e-012
-3.456	6.57761e-012
-3.455	6.6002e-012
-3.454	6.62648e-012
-3.453	6.64886e-012
-3.452	6.67474e-012
-3.451	6.71663e-012
-3.45	6.73782e-012
-3.449	6.76491e-012
-3.448	6.79153e-012
-3.447	6.81174e-012
-3.446	6.87541e-012
-3.445	6.90799e-012
-3.444	6.91156e-012
-3.443	6.95175e-012
-3.442	6.98306e-012
-3.441	7.00859e-012
-3.44	7.03297e-012
-3.439	7.05323e-012
-3.438	7.08121e-012
-3.437	7.10606e-012
-3.436	7.13827e-012
-3.435	7.15431e-012
-3.434	7.16725e-012
-3.433	7.20906e-012
-3.432	7.22381e-012
-3.431	7.23668e-012
-3.43	7.29259e-012
-3.429	7.30296e-012
-3.428	7.30467e-012
-3.427	7.35746e-012
-3.426	7.35701e-012
-3.425	7.35979e-012
-3.424	7.42287e-012
-3.423	7.44006e-012
-3.422	7.44233e-012
-3.421	7.46934e-012
-3.42	7.4945e-012
-3.419	7.51609e-012
-3.418	7.52126e-012
-3.417	7.55354e-012
-3.416	7.58012e-012
-3.415	7.58417e-012
-3.414	7.62895e-012
-3.413	7.62262e-012
-3.412	7.59801e-012
-3.411	7.64238e-012
-3.41	7.65849e-012
-3.409	7.66993e-012
-3.408	7.68726e-012
-3.407	7.68089e-012
-3.406	7.71434e-012
-3.405	7.7375e-012
-3.404	7.74054e-012
-3.403	7.75854e-012
-3.402	7.77271e-012
-3.401	7.78745e-012
-3.4	7.77687e-012
-3.399	7.78336e-012
-3.398	7.80419e-012
-3.397	7.80235e-012
-3.396	7.825e-012
-3.395	7.83594e-012
-3.394	7.83174e-012
-3.393	7.8513e-012
-3.392	7.84804e-012
-3.391	7.84691e-012
-3.39	7.87366e-012
-3.389	7.86971e-012
-3.388	7.88216e-012
-3.387	7.88602e-012
-3.386	7.85457e-012
-3.385	7.87587e-012
-3.384	7.88209e-012
-3.383	7.87355e-012
-3.382	7.88824e-012
-3.381	7.89174e-012
-3.38	7.89341e-012
-3.379	7.87949e-012
-3.378	7.88102e-012
-3.377	7.88824e-012
-3.376	7.8724e-012
-3.375	7.87156e-012
-3.374	7.87547e-012
-3.373	7.87191e-012
-3.372	7.88242e-012
-3.371	7.87332e-012
-3.37	7.85733e-012
-3.369	7.87764e-012
-3.368	7.87485e-012
-3.367	7.85815e-012
-3.366	7.86044e-012
-3.365	7.85327e-012
-3.364	7.84766e-012
-3.363	7.83316e-012
-3.362	7.8219e-012
-3.361	7.83279e-012
-3.36	7.82543e-012
-3.359	7.79537e-012
-3.358	7.7829e-012
-3.357	7.79002e-012
-3.356	7.78143e-012
-3.355	7.76429e-012
-3.354	7.75505e-012
-3.353	7.75137e-012
-3.352	7.73333e-012
-3.351	7.72058e-012
-3.35	7.72735e-012
-3.349	7.71066e-012
-3.348	7.70138e-012
-3.347	7.67066e-012
-3.346	7.65711e-012
-3.345	7.67931e-012
-3.344	7.63735e-012
-3.343	7.6274e-012
-3.342	7.61954e-012
-3.341	7.58911e-012
-3.34	7.60574e-012
-3.339	7.57193e-012
-3.338	7.54786e-012
-3.337	7.56145e-012
-3.336	7.53195e-012
-3.335	7.52502e-012
-3.334	7.50439e-012
-3.333	7.46587e-012
-3.332	7.4855e-012
-3.331	7.48441e-012
-3.33	7.45649e-012
-3.329	7.42959e-012
-3.328	7.40896e-012
-3.327	7.40598e-012
-3.326	7.3826e-012
-3.325	7.36823e-012
-3.324	7.36616e-012
-3.323	7.35399e-012
-3.322	7.33509e-012
-3.321	7.3082e-012
-3.32	7.3105e-012
-3.319	7.29421e-012
-3.318	7.25605e-012
-3.317	7.25794e-012
-3.316	7.21882e-012
-3.315	7.19567e-012
-3.314	7.21212e-012
-3.313	7.17241e-012
-3.312	7.15177e-012
-3.311	7.14203e-012
-3.31	7.11079e-012
-3.309	7.09995e-012
-3.308	7.09558e-012
-3.307	7.08004e-012
-3.306	7.06352e-012
-3.305	7.05893e-012
-3.304	7.043e-012
-3.303	7.02581e-012
-3.302	7.01588e-012
-3.301	6.98658e-012
-3.3	6.98789e-012
-3.299	6.97557e-012
-3.298	6.92694e-012
-3.297	6.94315e-012
-3.296	6.94386e-012
-3.295	6.89515e-012
-3.294	6.87398e-012
-3.293	6.88025e-012
-3.292	6.87239e-012
-3.291	6.83391e-012
-3.29	6.82346e-012
-3.289	6.83205e-012
-3.288	6.81988e-012
-3.287	6.80374e-012
-3.286	6.79378e-012
-3.285	6.78057e-012
-3.284	6.76668e-012
-3.283	6.77243e-012
-3.282	6.75056e-012
-3.281	6.70969e-012
-3.28	6.72064e-012
-3.279	6.71394e-012
-3.278	6.68358e-012
-3.277	6.66328e-012
-3.276	6.6531e-012
-3.275	6.66575e-012
-3.274	6.65028e-012
-3.273	6.64192e-012
-3.272	6.64087e-012
-3.271	6.63504e-012
-3.27	6.63748e-012
-3.269	6.62647e-012
-3.268	6.62307e-012
-3.267	6.60622e-012
-3.266	6.5962e-012
-3.265	6.58965e-012
-3.264	6.57288e-012
-3.263	6.56637e-012
-3.262	6.55996e-012
-3.261	6.56162e-012
-3.26	6.56301e-012
-3.259	6.56951e-012
-3.258	6.55574e-012
-3.257	6.54266e-012
-3.256	6.55242e-012
-3.255	6.53138e-012
-3.254	6.53736e-012
-3.253	6.55186e-012
-3.252	6.52735e-012
-3.251	6.53109e-012
-3.25	6.53077e-012
-3.249	6.54533e-012
-3.248	6.54263e-012
-3.247	6.52445e-012
-3.246	6.55671e-012
-3.245	6.53513e-012
-3.244	6.53798e-012
-3.243	6.54344e-012
-3.242	6.53448e-012
-3.241	6.57615e-012
-3.24	6.54257e-012
-3.239	6.52851e-012
-3.238	6.56405e-012
-3.237	6.55162e-012
-3.236	6.54116e-012
-3.235	6.56129e-012
-3.234	6.58578e-012
-3.233	6.58829e-012
-3.232	6.58883e-012
-3.231	6.57917e-012
-3.23	6.57722e-012
-3.229	6.61889e-012
-3.228	6.60071e-012
-3.227	6.59667e-012
-3.226	6.63852e-012
-3.225	6.6308e-012
-3.224	6.63779e-012
-3.223	6.64759e-012
-3.222	6.66147e-012
-3.221	6.66357e-012
-3.22	6.68056e-012
-3.219	6.69335e-012
-3.218	6.69986e-012
-3.217	6.74364e-012
-3.216	6.72229e-012
-3.215	6.73426e-012
-3.214	6.75695e-012
-3.213	6.74124e-012
-3.212	6.77549e-012
-3.211	6.7748e-012
-3.21	6.79199e-012
-3.209	6.82468e-012
-3.208	6.80119e-012
-3.207	6.82615e-012
-3.206	6.86106e-012
-3.205	6.86051e-012
-3.204	6.88218e-012
-3.203	6.86562e-012
-3.202	6.88113e-012
-3.201	6.94602e-012
-3.2	6.94253e-012
-3.199	6.93666e-012
-3.198	6.95637e-012
-3.197	6.99853e-012
-3.196	7.02457e-012
-3.195	7.01706e-012
-3.194	7.03413e-012
-3.193	7.06529e-012
-3.192	7.07901e-012
-3.191	7.09615e-012
-3.19	7.11828e-012
-3.189	7.122e-012
-3.188	7.14488e-012
-3.187	7.17807e-012
-3.186	7.18804e-012
-3.185	7.19258e-012
-3.184	7.20534e-012
-3.183	7.24851e-012
-3.182	7.25881e-012
-3.181	7.25783e-012
-3.18	7.31479e-012
-3.179	7.30707e-012
-3.178	7.31286e-012
-3.177	7.36876e-012
-3.176	7.38012e-012
-3.175	7.37907e-012
-3.174	7.41105e-012
-3.173	7.44161e-012
-3.172	7.42539e-012
-3.171	7.45875e-012
-3.17	7.50772e-012
-3.169	7.5082e-012
-3.168	7.52241e-012
-3.167	7.53061e-012
-3.166	7.57582e-012
-3.165	7.58952e-012
-3.164	7.59061e-012
-3.163	7.62404e-012
-3.162	7.6394e-012
-3.161	7.69006e-012
-3.16	7.6933e-012
-3.159	7.72516e-012
-3.158	7.72002e-012
-3.157	7.73951e-012
-3.156	7.79311e-012
-3.155	7.75648e-012
-3.154	7.7934e-012
-3.153	7.83639e-012
-3.152	7.85715e-012
-3.151	7.87001e-012
-3.15	7.87916e-012
-3.149	7.93167e-012
-3.148	7.92347e-012
-3.147	7.95427e-012
-3.146	7.96267e-012
-3.145	7.97239e-012
-3.144	8.02624e-012
-3.143	8.02068e-012
-3.142	8.03442e-012
-3.141	8.04126e-012
-3.14	8.08049e-012
-3.139	8.0676e-012
-3.138	8.10702e-012
-3.137	8.09163e-012
-3.136	8.11278e-012
-3.135	8.17798e-012
-3.134	8.17315e-012
-3.133	8.20186e-012
-3.132	8.19823e-012
-3.131	8.22941e-012
-3.13	8.24151e-012
-3.129	8.25904e-012
-3.128	8.27846e-012
-3.127	8.28913e-012
-3.126	8.32137e-012
-3.125	8.34556e-012
-3.124	8.33262e-012
-3.123	8.34085e-012
-3.122	8.36629e-012
-3.121	8.36299e-012
-3.12	8.38651e-012
-3.119	8.42846e-012
-3.118	8.40933e-012
-3.117	8.42104e-012
-3.116	8.45881e-012
-3.115	8.46729e-012
-3.114	8.45687e-012
-3.113	8.52473e-012
-3.112	8.49288e-012
-3.111	8.52177e-012
-3.11	8.55532e-012
-3.109	8.52173e-012
-3.108	8.55574e-012
-3.107	8.54337e-012
-3.106	8.56478e-012
-3.105	8.55333e-012
-3.104	8.56063e-012
-3.103	8.5767e-012
-3.102	8.61973e-012
-3.101	8.60153e-012
-3.1	8.6241e-012
-3.099	8.62723e-012
-3.098	8.65802e-012
-3.097	8.64533e-012
-3.096	8.64616e-012
-3.095	8.66294e-012
-3.094	8.68214e-012
-3.093	8.67514e-012
-3.092	8.67329e-012
-3.091	8.72607e-012
-3.09	8.66533e-012
-3.089	8.70027e-012
-3.088	8.69174e-012
-3.087	8.70134e-012
-3.086	8.71707e-012
-3.085	8.71209e-012
-3.084	8.71889e-012
-3.083	8.72755e-012
-3.082	8.71063e-012
-3.081	8.73747e-012
-3.08	8.74556e-012
-3.079	8.71167e-012
-3.078	8.74793e-012
-3.077	8.76091e-012
-3.076	8.72987e-012
-3.075	8.72219e-012
-3.074	8.78282e-012
-3.073	8.74316e-012
-3.072	8.7405e-012
-3.071	8.77547e-012
-3.07	8.76594e-012
-3.069	8.76683e-012
-3.068	8.72942e-012
-3.067	8.75764e-012
-3.066	8.74009e-012
-3.065	8.72316e-012
-3.064	8.74406e-012
-3.063	8.73443e-012
-3.062	8.7799e-012
-3.061	8.72118e-012
-3.06	8.76466e-012
-3.059	8.71883e-012
-3.058	8.72809e-012
-3.057	8.7661e-012
-3.056	8.71908e-012
-3.055	8.72369e-012
-3.054	8.7038e-012
-3.053	8.71548e-012
-3.052	8.7068e-012
-3.051	8.70799e-012
-3.05	8.702e-012
-3.049	8.68848e-012
-3.048	8.68757e-012
-3.047	8.69526e-012
-3.046	8.72913e-012
-3.045	8.65825e-012
-3.044	8.71078e-012
-3.043	8.65938e-012
-3.042	8.71303e-012
-3.041	8.68142e-012
-3.04	8.6854e-012
-3.039	8.7491e-012
-3.038	8.72486e-012
-3.037	8.76926e-012
-3.036	8.84305e-012
-3.035	8.81966e-012
-3.034	8.93767e-012
-3.033	8.99062e-012
-3.032	9.02494e-012
-3.031	9.18192e-012
-3.03	9.18693e-012
-3.029	9.3827e-012
-3.028	9.45044e-012
-3.027	9.59008e-012
-3.026	9.79447e-012
-3.025	9.87137e-012
-3.024	1.01878e-011
-3.023	1.03363e-011
-3.022	1.05378e-011
-3.021	1.08033e-011
-3.02	1.10954e-011
-3.019	1.14088e-011
-3.018	1.16617e-011
-3.017	1.20633e-011
-3.016	1.24281e-011
-3.015	1.28047e-011
-3.014	1.32754e-011
-3.013	1.37684e-011
-3.012	1.4204e-011
-3.011	1.48007e-011
-3.01	1.54087e-011
-3.009	1.59624e-011
-3.008	1.66777e-011
-3.007	1.73634e-011
-3.006	1.81456e-011
-3.005	1.89752e-011
-3.004	1.98003e-011
-3.003	2.07615e-011
-3.002	2.17696e-011
-3.001	2.2791e-011
-3	2.39528e-011
-2.999	2.51366e-011
-2.998	2.63984e-011
-2.997	2.77803e-011
-2.996	2.91909e-011
-2.995	3.07163e-011
-2.994	3.22796e-011
-2.993	3.39706e-011
-2.992	3.57947e-011
-2.991	3.76635e-011
-2.99	3.95991e-011
-2.989	4.18211e-011
-2.988	4.40177e-011
-2.987	4.63429e-011
-2.986	4.90553e-011
-2.985	5.15694e-011
-2.984	5.43672e-011
-2.983	5.73553e-011
-2.982	6.04047e-011
-2.981	6.38146e-011
-2.98	6.71952e-011
-2.979	7.07992e-011
-2.978	7.47747e-011
-2.977	7.88469e-011
-2.976	8.31204e-011
-2.975	8.76306e-011
-2.974	9.22763e-011
-2.973	9.73904e-011
-2.972	1.026e-010
-2.971	1.08041e-010
-2.97	1.1399e-010
-2.969	1.2002e-010
-2.968	1.26553e-010
-2.967	1.33318e-010
-2.966	1.4041e-010
-2.965	1.48007e-010
-2.964	1.55892e-010
-2.963	1.64104e-010
-2.962	1.7263e-010
-2.961	1.81803e-010
-2.96	1.91603e-010
-2.959	2.01577e-010
-2.958	2.11991e-010
-2.957	2.23443e-010
-2.956	2.35034e-010
-2.955	2.47387e-010
-2.954	2.60309e-010
-2.953	2.73812e-010
-2.952	2.88206e-010
-2.951	3.02978e-010
-2.95	3.18892e-010
-2.949	3.35013e-010
-2.948	3.52359e-010
-2.947	3.70786e-010
-2.946	3.89517e-010
-2.945	4.0935e-010
-2.944	4.303e-010
-2.943	4.52157e-010
-2.942	4.7557e-010
-2.941	4.99437e-010
-2.94	5.24801e-010
-2.939	5.51452e-010
-2.938	5.79235e-010
-2.937	6.08925e-010
-2.936	6.38815e-010
-2.935	6.71291e-010
-2.934	7.05015e-010
-2.933	7.40009e-010
-2.932	7.77407e-010
-2.931	8.16514e-010
-2.93	8.56847e-010
-2.929	8.99765e-010
-2.928	9.44062e-010
-2.927	9.91166e-010
-2.926	1.04026e-009
-2.925	1.09116e-009
-2.924	1.1456e-009
-2.923	1.20161e-009
-2.922	1.26065e-009
-2.921	1.32302e-009
-2.92	1.38818e-009
-2.919	1.45642e-009
-2.918	1.52756e-009
-2.917	1.60281e-009
-2.916	1.68131e-009
-2.915	1.76339e-009
-2.914	1.84973e-009
-2.913	1.93949e-009
-2.912	2.03483e-009
-2.911	2.133e-009
-2.91	2.23705e-009
-2.909	2.34644e-009
-2.908	2.45926e-009
-2.907	2.58027e-009
-2.906	2.70595e-009
-2.905	2.83554e-009
-2.904	2.97424e-009
-2.903	3.11727e-009
-2.902	3.26928e-009
-2.901	3.42768e-009
-2.9	3.59325e-009
-2.899	3.76738e-009
-2.898	3.94918e-009
-2.897	4.14044e-009
-2.896	4.34281e-009
-2.895	4.55232e-009
-2.894	4.77348e-009
-2.893	5.00546e-009
-2.892	5.24728e-009
-2.891	5.50259e-009
-2.89	5.7689e-009
-2.889	6.04886e-009
-2.888	6.34245e-009
-2.887	6.65161e-009
-2.886	6.97385e-009
-2.885	7.31466e-009
-2.884	7.66941e-009
-2.883	8.04338e-009
-2.882	8.43718e-009
-2.881	8.84784e-009
-2.88	9.28129e-009
-2.879	9.73383e-009
-2.878	1.02112e-008
-2.877	1.07104e-008
-2.876	1.12357e-008
-2.875	1.17895e-008
-2.874	1.23656e-008
-2.873	1.29763e-008
-2.872	1.36137e-008
-2.871	1.4287e-008
-2.87	1.49914e-008
-2.869	1.57327e-008
-2.868	1.65121e-008
-2.867	1.733e-008
-2.866	1.8189e-008
-2.865	1.90946e-008
-2.864	2.0043e-008
-2.863	2.10439e-008
-2.862	2.20918e-008
-2.861	2.31936e-008
-2.86	2.43535e-008
-2.859	2.55736e-008
-2.858	2.68542e-008
-2.857	2.82008e-008
-2.856	2.962e-008
-2.855	3.11074e-008
-2.854	3.26776e-008
-2.853	3.43228e-008
-2.852	3.60569e-008
-2.851	3.78798e-008
-2.85	3.97965e-008
-2.849	4.18127e-008
-2.848	4.39304e-008
-2.847	4.61586e-008
-2.846	4.85069e-008
-2.845	5.09688e-008
-2.844	5.35688e-008
-2.843	5.62945e-008
-2.842	5.9166e-008
-2.841	6.21809e-008
-2.84	6.5357e-008
-2.839	6.86943e-008
-2.838	7.22083e-008
-2.837	7.58941e-008
-2.836	7.97837e-008
-2.835	8.38644e-008
-2.834	8.81567e-008
-2.833	9.26741e-008
-2.832	9.74229e-008
-2.831	1.02412e-007
-2.83	1.07676e-007
-2.829	1.13183e-007
-2.828	1.18995e-007
-2.827	1.251e-007
-2.826	1.31513e-007
-2.825	1.38271e-007
-2.824	1.45347e-007
-2.823	1.52815e-007
-2.822	1.60642e-007
-2.821	1.68883e-007
-2.82	1.77534e-007
-2.819	1.86637e-007
-2.818	1.96181e-007
-2.817	2.0624e-007
-2.816	2.16786e-007
-2.815	2.27885e-007
-2.814	2.39533e-007
-2.813	2.51773e-007
-2.812	2.64635e-007
-2.811	2.78145e-007
-2.81	2.92327e-007
-2.809	3.07236e-007
-2.808	3.2287e-007
-2.807	3.39317e-007
-2.806	3.56569e-007
-2.805	3.74691e-007
-2.804	3.93714e-007
-2.803	4.13688e-007
-2.802	4.34659e-007
-2.801	4.56657e-007
-2.8	4.7977e-007
-2.799	5.04019e-007
-2.798	5.29457e-007
-2.797	5.56186e-007
-2.796	5.842e-007
-2.795	6.13624e-007
-2.794	6.44478e-007
-2.793	6.76851e-007
-2.792	7.10844e-007
-2.791	7.46469e-007
-2.79	7.83874e-007
-2.789	8.23083e-007
-2.788	8.64256e-007
-2.787	9.07367e-007
-2.786	9.52686e-007
-2.785	1.00011e-006
-2.784	1.04993e-006
-2.783	1.10212e-006
-2.782	1.15691e-006
-2.781	1.21432e-006
-2.78	1.27455e-006
-2.779	1.3377e-006
-2.778	1.40391e-006
-2.777	1.47335e-006
-2.776	1.54616e-006
-2.775	1.62249e-006
-2.774	1.70256e-006
-2.773	1.78647e-006
-2.772	1.87449e-006
-2.771	1.96676e-006
-2.77	2.06351e-006
-2.769	2.16497e-006
-2.768	2.27132e-006
-2.767	2.38287e-006
-2.766	2.49981e-006
-2.765	2.62242e-006
-2.764	2.75103e-006
-2.763	2.88582e-006
-2.762	3.02721e-006
-2.761	3.17548e-006
-2.76	3.33095e-006
-2.759	3.49403e-006
-2.758	3.665e-006
-2.757	3.8444e-006
-2.756	4.03243e-006
-2.755	4.22979e-006
-2.754	4.43668e-006
-2.753	4.65383e-006
-2.752	4.8815e-006
-2.751	5.12045e-006
-2.75	5.37101e-006
-2.749	5.63403e-006
-2.748	5.90985e-006
-2.747	6.19935e-006
-2.746	6.50317e-006
-2.745	6.82192e-006
-2.744	7.15652e-006
-2.743	7.50767e-006
-2.742	7.8762e-006
-2.741	8.26312e-006
-2.74	8.66927e-006
-2.739	9.09564e-006
-2.738	9.54329e-006
-2.737	1.00133e-005
-2.736	1.05069e-005
-2.735	1.10251e-005
-2.734	1.15693e-005
-2.733	1.2141e-005
-2.732	1.27413e-005
-2.731	1.33719e-005
-2.73	1.40343e-005
-2.729	1.47303e-005
-2.728	1.54613e-005
-2.727	1.62295e-005
-2.726	1.70365e-005
-2.725	1.78844e-005
-2.724	1.87757e-005
-2.723	1.97121e-005
-2.722	2.06964e-005
-2.721	2.17308e-005
-2.72	2.28179e-005
-2.719	2.39607e-005
-2.718	2.51621e-005
-2.717	2.64247e-005
-2.716	2.77524e-005
-2.715	2.91478e-005
-2.714	3.06151e-005
-2.713	3.2118e-005
-2.712	3.36542e-005
-2.711	3.52212e-005
-2.71	3.68166e-005
-2.709	3.84377e-005
-2.708	4.00821e-005
-2.707	4.17472e-005
-2.706	4.34302e-005
-2.705	4.51284e-005
-2.704	4.68393e-005
-2.703	4.85599e-005
-2.702	5.02876e-005
-2.701	5.20196e-005
-2.7	5.37532e-005
-2.699	5.54856e-005
-2.698	5.7214e-005
-2.697	5.89357e-005
-2.696	6.06479e-005
-2.695	6.2348e-005
-2.694	6.4033e-005
-2.693	6.57006e-005
-2.692	6.73479e-005
-2.691	6.89725e-005
-2.69	7.05717e-005
-2.689	7.2143e-005
-2.688	7.36841e-005
-2.687	7.51923e-005
-2.686	7.66655e-005
-2.685	7.81014e-005
-2.684	7.94976e-005
-2.683	8.08521e-005
-2.682	8.21628e-005
-2.681	8.34277e-005
-2.68	8.4645e-005
-2.679	8.58126e-005
-2.678	8.6929e-005
-2.677	8.79926e-005
-2.676	8.90016e-005
-2.675	8.99547e-005
-2.674	9.08506e-005
-2.673	9.16879e-005
-2.672	9.24656e-005
-2.671	9.31826e-005
-2.67	9.38379e-005
-2.669	9.44308e-005
-2.668	9.49605e-005
-2.667	9.54265e-005
-2.666	9.58282e-005
-2.665	9.61653e-005
-2.664	9.64375e-005
-2.663	9.66448e-005
-2.662	9.6787e-005
-2.661	9.68643e-005
-2.66	9.68766e-005
-2.659	9.68247e-005
-2.658	9.67087e-005
-2.657	9.65293e-005
-2.656	9.62871e-005
-2.655	9.59829e-005
-2.654	9.56176e-005
-2.653	9.51921e-005
-2.652	9.47076e-005
-2.651	9.41652e-005
-2.65	9.35663e-005
-2.649	9.29123e-005
-2.648	9.22046e-005
-2.647	9.1445e-005
-2.646	9.0635e-005
-2.645	8.97765e-005
-2.644	8.88711e-005
-2.643	8.79211e-005
-2.642	8.69283e-005
-2.641	8.58949e-005
-2.64	8.48231e-005
-2.639	8.3715e-005
-2.638	8.2573e-005
-2.637	8.13995e-005
-2.636	8.01969e-005
-2.635	7.89676e-005
-2.634	7.77141e-005
-2.633	7.64391e-005
-2.632	7.51451e-005
-2.631	7.38348e-005
-2.63	7.25108e-005
-2.629	7.11759e-005
-2.628	6.98326e-005
-2.627	6.84839e-005
-2.626	6.71323e-005
-2.625	6.57806e-005
-2.624	6.44315e-005
-2.623	6.30879e-005
-2.622	6.17524e-005
-2.621	6.04277e-005
-2.62	5.91164e-005
-2.619	5.78214e-005
-2.618	5.65452e-005
-2.617	5.52904e-005
-2.616	5.40597e-005
-2.615	5.28554e-005
-2.614	5.16802e-005
-2.613	5.05364e-005
-2.612	4.94264e-005
-2.611	4.83525e-005
-2.61	4.73171e-005
-2.609	4.63222e-005
-2.608	4.53699e-005
-2.607	4.44623e-005
-2.606	4.36015e-005
-2.605	4.27893e-005
-2.604	4.20274e-005
-2.603	4.13176e-005
-2.602	4.06615e-005
-2.601	4.00607e-005
-2.6	3.95165e-005
-2.599	3.90303e-005
-2.598	3.86033e-005
-2.597	3.82367e-005
-2.596	3.79315e-005
-2.595	3.76885e-005
-2.594	3.75087e-005
-2.593	3.73926e-005
-2.592	3.7341e-005
-2.591	3.73542e-005
-2.59	3.74326e-005
-2.589	3.75766e-005
-2.588	3.77862e-005
-2.587	3.80614e-005
-2.586	3.84022e-005
-2.585	3.88083e-005
-2.584	3.92795e-005
-2.583	3.98154e-005
-2.582	4.04153e-005
-2.581	4.10787e-005
-2.58	4.18048e-005
-2.579	4.25927e-005
-2.578	4.34416e-005
-2.577	4.43502e-005
-2.576	4.53174e-005
-2.575	4.63421e-005
-2.574	4.74226e-005
-2.573	4.85576e-005
-2.572	4.97456e-005
-2.571	5.0985e-005
-2.57	5.22739e-005
-2.569	5.36106e-005
-2.568	5.49931e-005
-2.567	5.64194e-005
-2.566	5.78876e-005
-2.565	5.93956e-005
-2.564	6.09411e-005
-2.563	6.25218e-005
-2.562	6.41356e-005
-2.561	6.578e-005
-2.56	6.74526e-005
-2.559	6.9151e-005
-2.558	7.08726e-005
-2.557	7.26149e-005
-2.556	7.43755e-005
-2.555	7.61517e-005
-2.554	7.79408e-005
-2.553	7.97403e-005
-2.552	8.15475e-005
-2.551	8.33598e-005
-2.55	8.51745e-005
-2.549	8.69889e-005
-2.548	8.88004e-005
-2.547	9.06063e-005
-2.546	9.2404e-005
-2.545	9.4191e-005
-2.544	9.59646e-005
-2.543	9.77223e-005
-2.542	9.94616e-005
-2.541	0.00010118
-2.54	0.000102875
-2.539	0.000104544
-2.538	0.000106185
-2.537	0.000107795
-2.536	0.000109373
-2.535	0.000110916
-2.534	0.000112422
-2.533	0.00011389
-2.532	0.000115316
-2.531	0.000116699
-2.53	0.000118038
-2.529	0.00011933
-2.528	0.000120574
-2.527	0.000121769
-2.526	0.000122912
-2.525	0.000124003
-2.524	0.000125041
-2.523	0.000126023
-2.522	0.00012695
-2.521	0.000127819
-2.52	0.000128631
-2.519	0.000129384
-2.518	0.000130078
-2.517	0.000130712
-2.516	0.000131286
-2.515	0.000131799
-2.514	0.000132251
-2.513	0.000132643
-2.512	0.000132973
-2.511	0.000133243
-2.51	0.000133452
-2.509	0.0001336
-2.508	0.000133689
-2.507	0.000133718
-2.506	0.000133688
-2.505	0.000133601
-2.504	0.000133456
-2.503	0.000133255
-2.502	0.000132999
-2.501	0.000132689
-2.5	0.000132326
-2.499	0.000131911
-2.498	0.000131447
-2.497	0.000130933
-2.496	0.000130373
-2.495	0.000129768
-2.494	0.000129119
-2.493	0.000128429
-2.492	0.000127699
-2.491	0.00012693
-2.49	0.000126127
-2.489	0.000125289
-2.488	0.00012442
-2.487	0.000123522
-2.486	0.000122597
-2.485	0.000121648
-2.484	0.000120676
-2.483	0.000119684
-2.482	0.000118674
-2.481	0.00011765
-2.48	0.000116613
-2.479	0.000115566
-2.478	0.000114512
-2.477	0.000113453
-2.476	0.000112391
-2.475	0.00011133
-2.474	0.000110271
-2.473	0.000109218
-2.472	0.000108172
-2.471	0.000107137
-2.47	0.000106115
-2.469	0.000105107
-2.468	0.000104118
-2.467	0.000103149
-2.466	0.000102202
-2.465	0.000101281
-2.464	0.000100386
-2.463	9.95208e-005
-2.462	9.86873e-005
-2.461	9.78876e-005
-2.46	9.71237e-005
-2.459	9.63976e-005
-2.458	9.57113e-005
-2.457	9.50667e-005
-2.456	9.44657e-005
-2.455	9.39099e-005
-2.454	9.3401e-005
-2.453	9.29406e-005
-2.452	9.25298e-005
-2.451	9.21707e-005
-2.45	9.18641e-005
-2.449	9.16114e-005
-2.448	9.14137e-005
-2.447	9.12719e-005
-2.446	9.1187e-005
-2.445	9.116e-005
-2.444	9.11915e-005
-2.443	9.12821e-005
-2.442	9.14323e-005
-2.441	9.16427e-005
-2.44	9.19137e-005
-2.439	9.22453e-005
-2.438	9.26374e-005
-2.437	9.30905e-005
-2.436	9.36041e-005
-2.435	9.41783e-005
-2.434	9.48126e-005
-2.433	9.55069e-005
-2.432	9.62603e-005
-2.431	9.70726e-005
-2.43	9.79427e-005
-2.429	9.88702e-005
-2.428	9.98539e-005
-2.427	0.000100893
-2.426	0.000101986
-2.425	0.000103133
-2.424	0.000104331
-2.423	0.00010558
-2.422	0.000106878
-2.421	0.000108223
-2.42	0.000109615
-2.419	0.00011105
-2.418	0.000112529
-2.417	0.000114048
-2.416	0.000115606
-2.415	0.000117201
-2.414	0.000118831
-2.413	0.000120495
-2.412	0.000122189
-2.411	0.000123911
-2.41	0.000125661
-2.409	0.000127435
-2.408	0.000129231
-2.407	0.000131047
-2.406	0.000132881
-2.405	0.000134729
-2.404	0.000136591
-2.403	0.000138463
-2.402	0.000140343
-2.401	0.00014223
-2.4	0.000144119
-2.399	0.00014601
-2.398	0.000147899
-2.397	0.000149784
-2.396	0.000151663
-2.395	0.000153534
-2.394	0.000155394
-2.393	0.000157241
-2.392	0.000159073
-2.391	0.000160887
-2.39	0.000162681
-2.389	0.000164454
-2.388	0.000166203
-2.387	0.000167926
-2.386	0.000169622
-2.385	0.000171287
-2.384	0.00017292
-2.383	0.00017452
-2.382	0.000176085
-2.381	0.000177613
-2.38	0.000179103
-2.379	0.000180552
-2.378	0.00018196
-2.377	0.000183325
-2.376	0.000184646
-2.375	0.000185921
-2.374	0.000187151
-2.373	0.000188332
-2.372	0.000189466
-2.371	0.00019055
-2.37	0.000191584
-2.369	0.000192567
-2.368	0.000193499
-2.367	0.00019438
-2.366	0.000195208
-2.365	0.000195984
-2.364	0.000196707
-2.363	0.000197378
-2.362	0.000197996
-2.361	0.000198562
-2.36	0.000199075
-2.359	0.000199536
-2.358	0.000199946
-2.357	0.000200304
-2.356	0.000200612
-2.355	0.00020087
-2.354	0.000201079
-2.353	0.00020124
-2.352	0.000201354
-2.351	0.00020142
-2.35	0.000201442
-2.349	0.00020142
-2.348	0.000201355
-2.347	0.000201249
-2.346	0.000201102
-2.345	0.000200917
-2.344	0.000200695
-2.343	0.000200438
-2.342	0.000200147
-2.341	0.000199824
-2.34	0.000199471
-2.339	0.000199089
-2.338	0.000198682
-2.337	0.00019825
-2.336	0.000197795
-2.335	0.00019732
-2.334	0.000196827
-2.333	0.000196317
-2.332	0.000195793
-2.331	0.000195257
-2.33	0.000194712
-2.329	0.000194158
-2.328	0.0001936
-2.327	0.000193038
-2.326	0.000192475
-2.325	0.000191913
-2.324	0.000191354
-2.323	0.000190801
-2.322	0.000190256
-2.321	0.000189721
-2.32	0.000189198
-2.319	0.000188689
-2.318	0.000188197
-2.317	0.000187723
-2.316	0.000187269
-2.315	0.000186838
-2.314	0.000186431
-2.313	0.000186051
-2.312	0.000185699
-2.311	0.000185377
-2.31	0.000185087
-2.309	0.000184831
-2.308	0.000184609
-2.307	0.000184425
-2.306	0.000184279
-2.305	0.000184173
-2.304	0.000184108
-2.303	0.000184085
-2.302	0.000184107
-2.301	0.000184174
-2.3	0.000184287
-2.299	0.000184446
-2.298	0.000184655
-2.297	0.000184911
-2.296	0.000185218
-2.295	0.000185576
-2.294	0.000185984
-2.293	0.000186444
-2.292	0.000186955
-2.291	0.00018752
-2.29	0.000188137
-2.289	0.000188806
-2.288	0.000189529
-2.287	0.000190304
-2.286	0.000191133
-2.285	0.000192014
-2.284	0.000192947
-2.283	0.000193932
-2.282	0.000194969
-2.281	0.000196057
-2.28	0.000197195
-2.279	0.000198384
-2.278	0.000199621
-2.277	0.000200906
-2.276	0.000202239
-2.275	0.000203618
-2.274	0.000205042
-2.273	0.00020651
-2.272	0.000208021
-2.271	0.000209573
-2.27	0.000211166
-2.269	0.000212798
-2.268	0.000214467
-2.267	0.000216172
-2.266	0.000217911
-2.265	0.000219684
-2.264	0.000221486
-2.263	0.000223319
-2.262	0.000225179
-2.261	0.000227065
-2.26	0.000228975
-2.259	0.000230907
-2.258	0.000232859
-2.257	0.00023483
-2.256	0.000236817
-2.255	0.000238819
-2.254	0.000240833
-2.253	0.000242858
-2.252	0.000244891
-2.251	0.000246932
-2.25	0.000248977
-2.249	0.000251024
-2.248	0.000253073
-2.247	0.00025512
-2.246	0.000257164
-2.245	0.000259204
-2.244	0.000261237
-2.243	0.00026326
-2.242	0.000265273
-2.241	0.000267274
-2.24	0.00026926
-2.239	0.000271231
-2.238	0.000273184
-2.237	0.000275117
-2.236	0.000277029
-2.235	0.00027892
-2.234	0.000280786
-2.233	0.000282627
-2.232	0.000284441
-2.231	0.000286226
-2.23	0.000287982
-2.229	0.000289708
-2.228	0.000291402
-2.227	0.000293063
-2.226	0.000294689
-2.225	0.000296281
-2.224	0.000297837
-2.223	0.000299356
-2.222	0.000300838
-2.221	0.000302282
-2.22	0.000303687
-2.219	0.000305053
-2.218	0.000306379
-2.217	0.000307666
-2.216	0.000308913
-2.215	0.000310119
-2.214	0.000311284
-2.213	0.000312409
-2.212	0.000313494
-2.211	0.000314538
-2.21	0.000315541
-2.209	0.000316505
-2.208	0.00031743
-2.207	0.000318315
-2.206	0.000319162
-2.205	0.00031997
-2.204	0.000320741
-2.203	0.000321475
-2.202	0.000322174
-2.201	0.000322836
-2.2	0.000323465
-2.199	0.000324061
-2.198	0.000324624
-2.197	0.000325157
-2.196	0.000325659
-2.195	0.000326133
-2.194	0.000326579
-2.193	0.000326999
-2.192	0.000327394
-2.191	0.000327766
-2.19	0.000328117
-2.189	0.000328446
-2.188	0.000328757
-2.187	0.00032905
-2.186	0.000329328
-2.185	0.000329591
-2.184	0.000329843
-2.183	0.000330084
-2.182	0.000330315
-2.181	0.000330539
-2.18	0.000330758
-2.179	0.000330973
-2.178	0.000331186
-2.177	0.000331399
-2.176	0.000331612
-2.175	0.00033183
-2.174	0.000332052
-2.173	0.000332281
-2.172	0.000332518
-2.171	0.000332765
-2.17	0.000333024
-2.169	0.000333297
-2.168	0.000333585
-2.167	0.00033389
-2.166	0.000334214
-2.165	0.000334557
-2.164	0.000334921
-2.163	0.000335309
-2.162	0.000335722
-2.161	0.000336161
-2.16	0.000336627
-2.159	0.000337122
-2.158	0.000337647
-2.157	0.000338203
-2.156	0.000338792
-2.155	0.000339414
-2.154	0.000340071
-2.153	0.000340763
-2.152	0.000341492
-2.151	0.000342259
-2.15	0.000343065
-2.149	0.000343909
-2.148	0.000344794
-2.147	0.000345719
-2.146	0.000346686
-2.145	0.000347694
-2.144	0.000348745
-2.143	0.000349838
-2.142	0.000350974
-2.141	0.000352154
-2.14	0.000353376
-2.139	0.000354643
-2.138	0.000355953
-2.137	0.000357306
-2.136	0.000358703
-2.135	0.000360144
-2.134	0.000361627
-2.133	0.000363153
-2.132	0.000364722
-2.131	0.000366332
-2.13	0.000367985
-2.129	0.000369679
-2.128	0.000371413
-2.127	0.000373187
-2.126	0.000374999
-2.125	0.000376851
-2.124	0.00037874
-2.123	0.000380666
-2.122	0.000382627
-2.121	0.000384623
-2.12	0.000386653
-2.119	0.000388716
-2.118	0.00039081
-2.117	0.000392935
-2.116	0.000395089
-2.115	0.000397271
-2.114	0.000399479
-2.113	0.000401713
-2.112	0.000403971
-2.111	0.000406252
-2.11	0.000408554
-2.109	0.000410876
-2.108	0.000413217
-2.107	0.000415576
-2.106	0.00041795
-2.105	0.000420337
-2.104	0.000422738
-2.103	0.00042515
-2.102	0.000427572
-2.101	0.000430002
-2.1	0.00043244
-2.099	0.000434882
-2.098	0.000437329
-2.097	0.000439778
-2.096	0.000442229
-2.095	0.000444679
-2.094	0.000447128
-2.093	0.000449573
-2.092	0.000452013
-2.091	0.000454448
-2.09	0.000456877
-2.089	0.000459297
-2.088	0.000461707
-2.087	0.000464106
-2.086	0.000466493
-2.085	0.000468867
-2.084	0.000471227
-2.083	0.000473571
-2.082	0.000475899
-2.081	0.00047821
-2.08	0.000480503
-2.079	0.000482777
-2.078	0.00048503
-2.077	0.000487263
-2.076	0.000489475
-2.075	0.000491664
-2.074	0.00049383
-2.073	0.000495975
-2.072	0.000498095
-2.071	0.00050019
-2.07	0.000502261
-2.069	0.000504307
-2.068	0.000506327
-2.067	0.000508322
-2.066	0.000510291
-2.065	0.000512235
-2.064	0.000514153
-2.063	0.000516044
-2.062	0.00051791
-2.061	0.000519751
-2.06	0.000521566
-2.059	0.000523356
-2.058	0.000525121
-2.057	0.000526861
-2.056	0.000528577
-2.055	0.00053027
-2.054	0.000531938
-2.053	0.000533585
-2.052	0.00053521
-2.051	0.000536813
-2.05	0.000538394
-2.049	0.000539955
-2.048	0.000541499
-2.047	0.000543023
-2.046	0.000544529
-2.045	0.00054602
-2.044	0.000547494
-2.043	0.000548953
-2.042	0.0005504
-2.041	0.000551833
-2.04	0.000553255
-2.039	0.000554666
-2.038	0.000556069
-2.037	0.000557463
-2.036	0.000558849
-2.035	0.000560231
-2.034	0.000561607
-2.033	0.00056298
-2.032	0.000564352
-2.031	0.000565722
-2.03	0.000567093
-2.029	0.000568465
-2.028	0.000569841
-2.027	0.000571221
-2.026	0.000572604
-2.025	0.000573996
-2.024	0.000575396
-2.023	0.000576806
-2.022	0.000578225
-2.021	0.000579656
-2.02	0.0005811
-2.019	0.000582559
-2.018	0.000584033
-2.017	0.000585524
-2.016	0.000587031
-2.015	0.000588558
-2.014	0.000590104
-2.013	0.000591672
-2.012	0.000593262
-2.011	0.000594875
-2.01	0.000596512
-2.009	0.000598174
-2.008	0.000599862
-2.007	0.000601576
-2.006	0.000603319
-2.005	0.00060509
-2.004	0.00060689
-2.003	0.00060872
-2.002	0.00061058
-2.001	0.000612472
-2	0.000614396
-1.999	0.000616351
-1.998	0.00061834
-1.997	0.000620362
-1.996	0.000622419
-1.995	0.000624509
-1.994	0.000626633
-1.993	0.000628793
-1.992	0.000630987
-1.991	0.000633216
-1.99	0.000635481
-1.989	0.000637782
-1.988	0.000640117
-1.987	0.000642488
-1.986	0.000644895
-1.985	0.000647336
-1.984	0.000649814
-1.983	0.000652325
-1.982	0.000654871
-1.981	0.000657452
-1.98	0.000660067
-1.979	0.000662715
-1.978	0.000665396
-1.977	0.000668111
-1.976	0.000670857
-1.975	0.000673636
-1.974	0.000676447
-1.973	0.000679287
-1.972	0.000682157
-1.971	0.000685058
-1.97	0.000687986
-1.969	0.000690944
-1.968	0.000693928
-1.967	0.000696938
-1.966	0.000699975
-1.965	0.000703036
-1.964	0.000706121
-1.963	0.000709228
-1.962	0.000712359
-1.961	0.000715511
-1.96	0.000718683
-1.959	0.000721874
-1.958	0.000725083
-1.957	0.000728312
-1.956	0.000731556
-1.955	0.000734815
-1.954	0.00073809
-1.953	0.000741378
-1.952	0.00074468
-1.951	0.000747994
-1.95	0.000751317
-1.949	0.00075465
-1.948	0.000757992
-1.947	0.000761343
-1.946	0.000764701
-1.945	0.000768064
-1.944	0.000771434
-1.943	0.000774807
-1.942	0.000778183
-1.941	0.000781562
-1.94	0.000784943
-1.939	0.000788325
-1.938	0.000791706
-1.937	0.000795088
-1.936	0.000798467
-1.935	0.000801845
-1.934	0.000805222
-1.933	0.000808593
-1.932	0.000811959
-1.931	0.000815322
-1.93	0.000818679
-1.929	0.00082203
-1.928	0.000825375
-1.927	0.000828713
-1.926	0.000832043
-1.925	0.000835367
-1.924	0.000838682
-1.923	0.000841987
-1.922	0.000845287
-1.921	0.000848575
-1.92	0.000851855
-1.919	0.000855126
-1.918	0.000858387
-1.917	0.000861639
-1.916	0.000864881
-1.915	0.000868113
-1.914	0.000871336
-1.913	0.000874548
-1.912	0.000877751
-1.911	0.000880945
-1.91	0.00088413
-1.909	0.000887306
-1.908	0.000890472
-1.907	0.00089363
-1.906	0.00089678
-1.905	0.000899921
-1.904	0.000903056
-1.903	0.000906183
-1.902	0.000909303
-1.901	0.000912417
-1.9	0.000915526
-1.899	0.000918629
-1.898	0.000921728
-1.897	0.000924823
-1.896	0.000927913
-1.895	0.000931001
-1.894	0.000934086
-1.893	0.00093717
-1.892	0.000940253
-1.891	0.000943334
-1.89	0.000946418
-1.889	0.000949502
-1.888	0.000952589
-1.887	0.000955678
-1.886	0.00095877
-1.885	0.000961868
-1.884	0.000964971
-1.883	0.000968079
-1.882	0.000971194
-1.881	0.000974318
-1.88	0.00097745
-1.879	0.000980591
-1.878	0.000983741
-1.877	0.000986903
-1.876	0.000990077
-1.875	0.000993264
-1.874	0.000996464
-1.873	0.000999679
-1.872	0.00100291
-1.871	0.00100615
-1.87	0.00100942
-1.869	0.0010127
-1.868	0.00101599
-1.867	0.00101931
-1.866	0.00102265
-1.865	0.00102601
-1.864	0.00102938
-1.863	0.00103279
-1.862	0.00103621
-1.861	0.00103966
-1.86	0.00104313
-1.859	0.00104662
-1.858	0.00105014
-1.857	0.00105369
-1.856	0.00105726
-1.855	0.00106086
-1.854	0.00106449
-1.853	0.00106814
-1.852	0.00107183
-1.851	0.00107554
-1.85	0.00107928
-1.849	0.00108305
-1.848	0.00108685
-1.847	0.00109068
-1.846	0.00109454
-1.845	0.00109843
-1.844	0.00110235
-1.843	0.0011063
-1.842	0.00111029
-1.841	0.0011143
-1.84	0.00111835
-1.839	0.00112242
-1.838	0.00112653
-1.837	0.00113068
-1.836	0.00113485
-1.835	0.00113905
-1.834	0.00114328
-1.833	0.00114755
-1.832	0.00115185
-1.831	0.00115618
-1.83	0.00116054
-1.829	0.00116493
-1.828	0.00116935
-1.827	0.0011738
-1.826	0.00117828
-1.825	0.00118279
-1.824	0.00118733
-1.823	0.0011919
-1.822	0.0011965
-1.821	0.00120112
-1.82	0.00120577
-1.819	0.00121045
-1.818	0.00121516
-1.817	0.0012199
-1.816	0.00122465
-1.815	0.00122944
-1.814	0.00123425
-1.813	0.00123909
-1.812	0.00124395
-1.811	0.00124883
-1.81	0.00125374
-1.809	0.00125867
-1.808	0.00126362
-1.807	0.0012686
-1.806	0.00127359
-1.805	0.00127861
-1.804	0.00128364
-1.803	0.0012887
-1.802	0.00129377
-1.801	0.00129886
-1.8	0.00130397
-1.799	0.0013091
-1.798	0.00131424
-1.797	0.0013194
-1.796	0.00132458
-1.795	0.00132977
-1.794	0.00133498
-1.793	0.0013402
-1.792	0.00134543
-1.791	0.00135068
-1.79	0.00135594
-1.789	0.00136122
-1.788	0.0013665
-1.787	0.0013718
-1.786	0.00137711
-1.785	0.00138242
-1.784	0.00138775
-1.783	0.0013931
-1.782	0.00139845
-1.781	0.00140381
-1.78	0.00140917
-1.779	0.00141455
-1.778	0.00141994
-1.777	0.00142534
-1.776	0.00143074
-1.775	0.00143615
-1.774	0.00144157
-1.773	0.001447
-1.772	0.00145244
-1.771	0.00145788
-1.77	0.00146334
-1.769	0.0014688
-1.768	0.00147426
-1.767	0.00147974
-1.766	0.00148522
-1.765	0.00149071
-1.764	0.00149621
-1.763	0.00150171
-1.762	0.00150723
-1.761	0.00151275
-1.76	0.00151828
-1.759	0.00152382
-1.758	0.00152937
-1.757	0.00153492
-1.756	0.00154049
-1.755	0.00154607
-1.754	0.00155165
-1.753	0.00155724
-1.752	0.00156285
-1.751	0.00156846
-1.75	0.00157409
-1.749	0.00157972
-1.748	0.00158537
-1.747	0.00159103
-1.746	0.00159671
-1.745	0.00160239
-1.744	0.00160809
-1.743	0.0016138
-1.742	0.00161953
-1.741	0.00162527
-1.74	0.00163102
-1.739	0.0016368
-1.738	0.00164258
-1.737	0.00164839
-1.736	0.00165421
-1.735	0.00166005
-1.734	0.0016659
-1.733	0.00167178
-1.732	0.00167767
-1.731	0.00168358
-1.73	0.00168952
-1.729	0.00169547
-1.728	0.00170144
-1.727	0.00170744
-1.726	0.00171346
-1.725	0.0017195
-1.724	0.00172556
-1.723	0.00173165
-1.722	0.00173777
-1.721	0.0017439
-1.72	0.00175006
-1.719	0.00175625
-1.718	0.00176247
-1.717	0.00176871
-1.716	0.00177497
-1.715	0.00178127
-1.714	0.00178759
-1.713	0.00179394
-1.712	0.00180032
-1.711	0.00180674
-1.71	0.00181318
-1.709	0.00181964
-1.708	0.00182614
-1.707	0.00183267
-1.706	0.00183924
-1.705	0.00184583
-1.704	0.00185246
-1.703	0.00185912
-1.702	0.00186581
-1.701	0.00187253
-1.7	0.00187928
-1.699	0.00188607
-1.698	0.0018929
-1.697	0.00189976
-1.696	0.00190664
-1.695	0.00191357
-1.694	0.00192053
-1.693	0.00192752
-1.692	0.00193455
-1.691	0.00194161
-1.69	0.00194871
-1.689	0.00195584
-1.688	0.00196301
-1.687	0.00197021
-1.686	0.00197745
-1.685	0.00198473
-1.684	0.00199203
-1.683	0.00199938
-1.682	0.00200676
-1.681	0.00201417
-1.68	0.00202162
-1.679	0.0020291
-1.678	0.00203662
-1.677	0.00204418
-1.676	0.00205177
-1.675	0.00205939
-1.674	0.00206705
-1.673	0.00207474
-1.672	0.00208247
-1.671	0.00209024
-1.67	0.00209803
-1.669	0.00210586
-1.668	0.00211373
-1.667	0.00212163
-1.666	0.00212956
-1.665	0.00213752
-1.664	0.00214552
-1.663	0.00215355
-1.662	0.00216162
-1.661	0.00216971
-1.66	0.00217784
-1.659	0.00218601
-1.658	0.0021942
-1.657	0.00220243
-1.656	0.00221068
-1.655	0.00221897
-1.654	0.0022273
-1.653	0.00223565
-1.652	0.00224403
-1.651	0.00225244
-1.65	0.00226089
-1.649	0.00226936
-1.648	0.00227786
-1.647	0.00228639
-1.646	0.00229496
-1.645	0.00230355
-1.644	0.00231217
-1.643	0.00232082
-1.642	0.0023295
-1.641	0.00233821
-1.64	0.00234695
-1.639	0.00235572
-1.638	0.00236451
-1.637	0.00237333
-1.636	0.00238218
-1.635	0.00239106
-1.634	0.00239997
-1.633	0.00240891
-1.632	0.00241787
-1.631	0.00242686
-1.63	0.00243588
-1.629	0.00244492
-1.628	0.00245399
-1.627	0.0024631
-1.626	0.00247222
-1.625	0.00248138
-1.624	0.00249056
-1.623	0.00249977
-1.622	0.00250901
-1.621	0.00251828
-1.62	0.00252758
-1.619	0.0025369
-1.618	0.00254625
-1.617	0.00255563
-1.616	0.00256503
-1.615	0.00257447
-1.614	0.00258393
-1.613	0.00259342
-1.612	0.00260294
-1.611	0.00261249
-1.61	0.00262207
-1.609	0.00263168
-1.608	0.00264132
-1.607	0.00265098
-1.606	0.00266068
-1.605	0.00267041
-1.604	0.00268017
-1.603	0.00268995
-1.602	0.00269977
-1.601	0.00270962
-1.6	0.0027195
-1.599	0.00272941
-1.598	0.00273936
-1.597	0.00274933
-1.596	0.00275934
-1.595	0.00276938
-1.594	0.00277946
-1.593	0.00278957
-1.592	0.00279971
-1.591	0.00280989
-1.59	0.00282009
-1.589	0.00283034
-1.588	0.00284062
-1.587	0.00285094
-1.586	0.00286129
-1.585	0.00287168
-1.584	0.0028821
-1.583	0.00289257
-1.582	0.00290307
-1.581	0.0029136
-1.58	0.00292417
-1.579	0.00293478
-1.578	0.00294543
-1.577	0.00295612
-1.576	0.00296685
-1.575	0.00297762
-1.574	0.00298843
-1.573	0.00299928
-1.572	0.00301017
-1.571	0.0030211
-1.57	0.00303207
-1.569	0.00304309
-1.568	0.00305414
-1.567	0.00306524
-1.566	0.00307638
-1.565	0.00308757
-1.564	0.00309879
-1.563	0.00311006
-1.562	0.00312138
-1.561	0.00313274
-1.56	0.00314414
-1.559	0.00315559
-1.558	0.00316709
-1.557	0.00317863
-1.556	0.00319021
-1.555	0.00320185
-1.554	0.00321352
-1.553	0.00322525
-1.552	0.00323702
-1.551	0.00324884
-1.55	0.00326071
-1.549	0.00327262
-1.548	0.00328458
-1.547	0.00329659
-1.546	0.00330865
-1.545	0.00332075
-1.544	0.00333291
-1.543	0.00334511
-1.542	0.00335736
-1.541	0.00336966
-1.54	0.00338201
-1.539	0.0033944
-1.538	0.00340685
-1.537	0.00341935
-1.536	0.00343191
-1.535	0.0034445
-1.534	0.00345715
-1.533	0.00346986
-1.532	0.0034826
-1.531	0.0034954
-1.53	0.00350825
-1.529	0.00352115
-1.528	0.00353411
-1.527	0.00354711
-1.526	0.00356016
-1.525	0.00357326
-1.524	0.00358642
-1.523	0.00359963
-1.522	0.00361288
-1.521	0.00362619
-1.52	0.00363956
-1.519	0.00365297
-1.518	0.00366643
-1.517	0.00367994
-1.516	0.00369352
-1.515	0.00370713
-1.514	0.00372081
-1.513	0.00373453
-1.512	0.0037483
-1.511	0.00376213
-1.51	0.00377601
-1.509	0.00378994
-1.508	0.00380392
-1.507	0.00381795
-1.506	0.00383204
-1.505	0.00384618
-1.504	0.00386037
-1.503	0.00387462
-1.502	0.00388892
-1.501	0.00390326
-1.5	0.00391767
-1.499	0.00393212
-1.498	0.00394663
-1.497	0.00396118
-1.496	0.0039758
-1.495	0.00399047
-1.494	0.00400518
-1.493	0.00401995
-1.492	0.00403477
-1.491	0.00404965
-1.49	0.00406457
-1.489	0.00407956
-1.488	0.0040946
-1.487	0.00410968
-1.486	0.00412483
-1.485	0.00414003
-1.484	0.00415528
-1.483	0.00417058
-1.482	0.00418594
-1.481	0.00420135
-1.48	0.00421682
-1.479	0.00423234
-1.478	0.00424792
-1.477	0.00426355
-1.476	0.00427923
-1.475	0.00429497
-1.474	0.00431077
-1.473	0.00432662
-1.472	0.00434252
-1.471	0.00435849
-1.47	0.0043745
-1.469	0.00439058
-1.468	0.0044067
-1.467	0.00442289
-1.466	0.00443914
-1.465	0.00445544
-1.464	0.0044718
-1.463	0.00448821
-1.462	0.00450468
-1.461	0.00452121
-1.46	0.0045378
-1.459	0.00455444
-1.458	0.00457115
-1.457	0.00458791
-1.456	0.00460473
-1.455	0.00462161
-1.454	0.00463855
-1.453	0.00465555
-1.452	0.00467261
-1.451	0.00468974
-1.45	0.00470692
-1.449	0.00472416
-1.448	0.00474147
-1.447	0.00475883
-1.446	0.00477626
-1.445	0.00479375
-1.444	0.00481131
-1.443	0.00482893
-1.442	0.0048466
-1.441	0.00486434
-1.44	0.00488215
-1.439	0.00490002
-1.438	0.00491796
-1.437	0.00493595
-1.436	0.00495402
-1.435	0.00497215
-1.434	0.00499035
-1.433	0.00500861
-1.432	0.00502693
-1.431	0.00504532
-1.43	0.00506379
-1.429	0.00508232
-1.428	0.00510092
-1.427	0.00511959
-1.426	0.00513833
-1.425	0.00515713
-1.424	0.005176
-1.423	0.00519494
-1.422	0.00521395
-1.421	0.00523304
-1.42	0.00525219
-1.419	0.00527141
-1.418	0.0052907
-1.417	0.00531008
-1.416	0.00532952
-1.415	0.00534903
-1.414	0.00536861
-1.413	0.00538827
-1.412	0.00540801
-1.411	0.00542781
-1.41	0.00544769
-1.409	0.00546764
-1.408	0.00548766
-1.407	0.00550777
-1.406	0.00552794
-1.405	0.0055482
-1.404	0.00556852
-1.403	0.00558892
-1.402	0.0056094
-1.401	0.00562997
-1.4	0.0056506
-1.399	0.00567131
-1.398	0.0056921
-1.397	0.00571297
-1.396	0.00573391
-1.395	0.00575493
-1.394	0.00577604
-1.393	0.00579723
-1.392	0.00581849
-1.391	0.00583983
-1.39	0.00586126
-1.389	0.00588276
-1.388	0.00590434
-1.387	0.005926
-1.386	0.00594774
-1.385	0.00596957
-1.384	0.00599147
-1.383	0.00601346
-1.382	0.00603553
-1.381	0.00605769
-1.38	0.00607993
-1.379	0.00610225
-1.378	0.00612466
-1.377	0.00614713
-1.376	0.0061697
-1.375	0.00619236
-1.374	0.0062151
-1.373	0.00623792
-1.372	0.00626083
-1.371	0.00628382
-1.37	0.0063069
-1.369	0.00633006
-1.368	0.0063533
-1.367	0.00637665
-1.366	0.00640006
-1.365	0.00642357
-1.364	0.00644716
-1.363	0.00647084
-1.362	0.00649463
-1.361	0.00651848
-1.36	0.00654243
-1.359	0.00656646
-1.358	0.00659057
-1.357	0.00661479
-1.356	0.00663909
-1.355	0.00666348
-1.354	0.00668796
-1.353	0.00671252
-1.352	0.00673718
-1.351	0.00676193
-1.35	0.00678677
-1.349	0.0068117
-1.348	0.00683672
-1.347	0.00686183
-1.346	0.00688703
-1.345	0.00691234
-1.344	0.00693772
-1.343	0.00696321
-1.342	0.00698878
-1.341	0.00701445
-1.34	0.00704022
-1.339	0.00706608
-1.338	0.00709203
-1.337	0.00711807
-1.336	0.0071442
-1.335	0.00717044
-1.334	0.00719677
-1.333	0.0072232
-1.332	0.00724972
-1.331	0.00727634
-1.33	0.00730305
-1.329	0.00732987
-1.328	0.00735677
-1.327	0.00738379
-1.326	0.00741091
-1.325	0.00743811
-1.324	0.00746541
-1.323	0.00749282
-1.322	0.00752032
-1.321	0.00754792
-1.32	0.00757563
-1.319	0.00760342
-1.318	0.00763132
-1.317	0.00765934
-1.316	0.00768745
-1.315	0.00771566
-1.314	0.00774397
-1.313	0.00777239
-1.312	0.00780091
-1.311	0.00782953
-1.31	0.00785827
-1.309	0.0078871
-1.308	0.00791603
-1.307	0.00794507
-1.306	0.00797422
-1.305	0.00800348
-1.304	0.00803285
-1.303	0.00806231
-1.302	0.00809189
-1.301	0.00812157
-1.3	0.00815136
-1.299	0.00818126
-1.298	0.00821125
-1.297	0.00824137
-1.296	0.00827161
-1.295	0.00830195
-1.294	0.0083324
-1.293	0.00836296
-1.292	0.00839363
-1.291	0.00842441
-1.29	0.00845531
-1.289	0.00848632
-1.288	0.00851744
-1.287	0.00854868
-1.286	0.00858004
-1.285	0.00861149
-1.284	0.00864307
-1.283	0.00867477
-1.282	0.00870659
-1.281	0.00873851
-1.28	0.00877054
-1.279	0.00880271
-1.278	0.008835
-1.277	0.00886739
-1.276	0.00889991
-1.275	0.00893254
-1.274	0.0089653
-1.273	0.00899818
-1.272	0.00903118
-1.271	0.00906431
-1.27	0.00909753
-1.269	0.00913089
-1.268	0.00916439
-1.267	0.009198
-1.266	0.00923173
-1.265	0.00926559
-1.264	0.00929955
-1.263	0.00933365
-1.262	0.0093679
-1.261	0.00940225
-1.26	0.00943673
-1.259	0.00947133
-1.258	0.00950607
-1.257	0.00954095
-1.256	0.00957594
-1.255	0.00961106
-1.254	0.00964631
-1.253	0.00968169
-1.252	0.0097172
-1.251	0.00975284
-1.25	0.00978862
-1.249	0.00982452
-1.248	0.00986057
-1.247	0.00989674
-1.246	0.00993304
-1.245	0.00996947
-1.244	0.010006
-1.243	0.0100428
-1.242	0.0100796
-1.241	0.0101166
-1.24	0.0101537
-1.239	0.010191
-1.238	0.0102284
-1.237	0.0102659
-1.236	0.0103035
-1.235	0.0103413
-1.234	0.0103793
-1.233	0.0104174
-1.232	0.0104556
-1.231	0.010494
-1.23	0.0105324
-1.229	0.0105711
-1.228	0.0106099
-1.227	0.0106488
-1.226	0.0106879
-1.225	0.0107271
-1.224	0.0107665
-1.223	0.010806
-1.222	0.0108457
-1.221	0.0108854
-1.22	0.0109254
-1.219	0.0109655
-1.218	0.0110057
-1.217	0.0110461
-1.216	0.0110867
-1.215	0.0111274
-1.214	0.0111682
-1.213	0.0112092
-1.212	0.0112503
-1.211	0.0112916
-1.21	0.0113331
-1.209	0.0113746
-1.208	0.0114164
-1.207	0.0114583
-1.206	0.0115003
-1.205	0.0115426
-1.204	0.0115849
-1.203	0.0116274
-1.202	0.0116701
-1.201	0.0117129
-1.2	0.0117559
-1.199	0.0117991
-1.198	0.0118424
-1.197	0.0118858
-1.196	0.0119294
-1.195	0.0119732
-1.194	0.0120172
-1.193	0.0120613
-1.192	0.0121055
-1.191	0.0121499
-1.19	0.0121945
-1.189	0.0122393
-1.188	0.0122842
-1.187	0.0123293
-1.186	0.0123745
-1.185	0.0124199
-1.184	0.0124655
-1.183	0.0125112
-1.182	0.0125571
-1.181	0.0126032
-1.18	0.0126495
-1.179	0.0126959
-1.178	0.0127425
-1.177	0.0127892
-1.176	0.0128362
-1.175	0.0128833
-1.174	0.0129305
-1.173	0.012978
-1.172	0.0130256
-1.171	0.0130734
-1.17	0.0131214
-1.169	0.0131695
-1.168	0.0132178
-1.167	0.0132663
-1.166	0.013315
-1.165	0.0133639
-1.164	0.0134129
-1.163	0.0134621
-1.162	0.0135115
-1.161	0.013561
-1.16	0.0136108
-1.159	0.0136607
-1.158	0.0137109
-1.157	0.0137612
-1.156	0.0138116
-1.155	0.0138623
-1.154	0.0139132
-1.153	0.0139642
-1.152	0.0140155
-1.151	0.0140669
-1.15	0.0141185
-1.149	0.0141703
-1.148	0.0142223
-1.147	0.0142745
-1.146	0.0143268
-1.145	0.0143794
-1.144	0.0144321
-1.143	0.0144851
-1.142	0.0145382
-1.141	0.0145916
-1.14	0.0146451
-1.139	0.0146988
-1.138	0.0147528
-1.137	0.0148069
-1.136	0.0148612
-1.135	0.0149157
-1.134	0.0149705
-1.133	0.0150254
-1.132	0.0150805
-1.131	0.0151358
-1.13	0.0151914
-1.129	0.0152471
-1.128	0.0153031
-1.127	0.0153592
-1.126	0.0154155
-1.125	0.0154721
-1.124	0.0155289
-1.123	0.0155858
-1.122	0.015643
-1.121	0.0157004
-1.12	0.015758
-1.119	0.0158158
-1.118	0.0158738
-1.117	0.0159321
-1.116	0.0159905
-1.115	0.0160492
-1.114	0.0161081
-1.113	0.0161672
-1.112	0.0162265
-1.111	0.016286
-1.11	0.0163458
-1.109	0.0164058
-1.108	0.0164659
-1.107	0.0165264
-1.106	0.016587
-1.105	0.0166478
-1.104	0.0167089
-1.103	0.0167702
-1.102	0.0168317
-1.101	0.0168935
-1.1	0.0169555
-1.099	0.0170177
-1.098	0.0170801
-1.097	0.0171428
-1.096	0.0172057
-1.095	0.0172688
-1.094	0.0173322
-1.093	0.0173958
-1.092	0.0174596
-1.091	0.0175236
-1.09	0.0175879
-1.089	0.0176524
-1.088	0.0177172
-1.087	0.0177822
-1.086	0.0178474
-1.085	0.0179129
-1.084	0.0179787
-1.083	0.0180446
-1.082	0.0181108
-1.081	0.0181773
-1.08	0.018244
-1.079	0.0183109
-1.078	0.0183781
-1.077	0.0184455
-1.076	0.0185132
-1.075	0.0185811
-1.074	0.0186493
-1.073	0.0187177
-1.072	0.0187864
-1.071	0.0188553
-1.07	0.0189245
-1.069	0.0189939
-1.068	0.0190636
-1.067	0.0191336
-1.066	0.0192038
-1.065	0.0192742
-1.064	0.0193449
-1.063	0.0194159
-1.062	0.0194872
-1.061	0.0195587
-1.06	0.0196304
-1.059	0.0197024
-1.058	0.0197747
-1.057	0.0198473
-1.056	0.0199201
-1.055	0.0199932
-1.054	0.0200666
-1.053	0.0201402
-1.052	0.0202141
-1.051	0.0202883
-1.05	0.0203627
-1.049	0.0204374
-1.048	0.0205124
-1.047	0.0205877
-1.046	0.0206632
-1.045	0.0207391
-1.044	0.0208152
-1.043	0.0208915
-1.042	0.0209682
-1.041	0.0210451
-1.04	0.0211223
-1.039	0.0211998
-1.038	0.0212776
-1.037	0.0213557
-1.036	0.0214341
-1.035	0.0215127
-1.034	0.0215916
-1.033	0.0216709
-1.032	0.0217504
-1.031	0.0218302
-1.03	0.0219103
-1.029	0.0219907
-1.028	0.0220714
-1.027	0.0221524
-1.026	0.0222337
-1.025	0.0223152
-1.024	0.0223971
-1.023	0.0224793
-1.022	0.0225618
-1.021	0.0226445
-1.02	0.0227277
-1.019	0.022811
-1.018	0.0228947
-1.017	0.0229787
-1.016	0.023063
-1.015	0.0231476
-1.014	0.0232326
-1.013	0.0233178
-1.012	0.0234034
-1.011	0.0234892
-1.01	0.0235754
-1.009	0.0236619
-1.008	0.0237487
-1.007	0.0238358
-1.006	0.0239233
-1.005	0.0240111
-1.004	0.0240992
-1.003	0.0241876
-1.002	0.0242763
-1.001	0.0243654
-1	0.0244548
-0.999	0.0245445
-0.998	0.0246346
-0.997	0.0247249
-0.996	0.0248157
-0.995	0.0249067
-0.994	0.0249981
-0.993	0.0250898
-0.992	0.0251818
-0.991	0.0252742
-0.99	0.0253669
-0.989	0.02546
-0.988	0.0255534
-0.987	0.0256471
-0.986	0.0257412
-0.985	0.0258357
-0.984	0.0259305
-0.983	0.0260256
-0.982	0.0261211
-0.981	0.0262169
-0.98	0.0263131
-0.979	0.0264097
-0.978	0.0265066
-0.977	0.0266038
-0.976	0.0267014
-0.975	0.0267994
-0.974	0.0268978
-0.973	0.0269964
-0.972	0.0270955
-0.971	0.0271948
-0.97	0.0272946
-0.969	0.0273948
-0.968	0.0274953
-0.967	0.0275962
-0.966	0.0276974
-0.965	0.027799
-0.964	0.027901
-0.963	0.0280034
-0.962	0.0281062
-0.961	0.0282093
-0.96	0.0283128
-0.959	0.0284167
-0.958	0.028521
-0.957	0.0286256
-0.956	0.0287306
-0.955	0.028836
-0.954	0.0289419
-0.953	0.0290481
-0.952	0.0291546
-0.951	0.0292616
-0.95	0.029369
-0.949	0.0294767
-0.948	0.0295849
-0.947	0.0296934
-0.946	0.0298024
-0.945	0.0299117
-0.944	0.0300215
-0.943	0.0301317
-0.942	0.0302422
-0.941	0.0303532
-0.94	0.0304645
-0.939	0.0305763
-0.938	0.0306885
-0.937	0.0308011
-0.936	0.0309141
-0.935	0.0310275
-0.934	0.0311414
-0.933	0.0312556
-0.932	0.0313703
-0.931	0.0314854
-0.93	0.0316009
-0.929	0.0317169
-0.928	0.0318332
-0.927	0.03195
-0.926	0.0320672
-0.925	0.0321849
-0.924	0.032303
-0.923	0.0324215
-0.922	0.0325404
-0.921	0.0326599
-0.92	0.0327797
-0.919	0.0329
-0.918	0.0330207
-0.917	0.0331418
-0.916	0.0332634
-0.915	0.0333854
-0.914	0.0335079
-0.913	0.0336309
-0.912	0.0337543
-0.911	0.0338781
-0.91	0.0340024
-0.909	0.0341271
-0.908	0.0342523
-0.907	0.034378
-0.906	0.0345041
-0.905	0.0346307
-0.904	0.0347578
-0.903	0.0348853
-0.902	0.0350133
-0.901	0.0351418
-0.9	0.0352706
-0.899	0.0354001
-0.898	0.03553
-0.897	0.0356603
-0.896	0.0357911
-0.895	0.0359225
-0.894	0.0360543
-0.893	0.0361866
-0.892	0.0363194
-0.891	0.0364526
-0.89	0.0365863
-0.889	0.0367206
-0.888	0.0368553
-0.887	0.0369905
-0.886	0.0371262
-0.885	0.0372625
-0.884	0.0373992
-0.883	0.0375364
-0.882	0.0376741
-0.881	0.0378124
-0.88	0.0379511
-0.879	0.0380903
-0.878	0.0382301
-0.877	0.0383703
-0.876	0.0385111
-0.875	0.0386524
-0.874	0.0387943
-0.873	0.0389366
-0.872	0.0390795
-0.871	0.0392228
-0.87	0.0393668
-0.869	0.0395113
-0.868	0.0396562
-0.867	0.0398017
-0.866	0.0399478
-0.865	0.0400943
-0.864	0.0402415
-0.863	0.0403891
-0.862	0.0405373
-0.861	0.040686
-0.86	0.0408353
-0.859	0.0409851
-0.858	0.0411355
-0.857	0.0412864
-0.856	0.0414379
-0.855	0.04159
-0.854	0.0417426
-0.853	0.0418957
-0.852	0.0420495
-0.851	0.0422038
-0.85	0.0423586
-0.849	0.042514
-0.848	0.04267
-0.847	0.0428265
-0.846	0.0429836
-0.845	0.0431414
-0.844	0.0432997
-0.843	0.0434585
-0.842	0.043618
-0.841	0.043778
-0.84	0.0439386
-0.839	0.0440998
-0.838	0.0442616
-0.837	0.044424
-0.836	0.044587
-0.835	0.0447506
-0.834	0.0449148
-0.833	0.0450796
-0.832	0.045245
-0.831	0.045411
-0.83	0.0455776
-0.829	0.0457448
-0.828	0.0459126
-0.827	0.0460811
-0.826	0.0462502
-0.825	0.0464199
-0.824	0.0465901
-0.823	0.046761
-0.822	0.0469326
-0.821	0.0471048
-0.82	0.0472776
-0.819	0.0474511
-0.818	0.0476252
-0.817	0.0477999
-0.816	0.0479753
-0.815	0.0481513
-0.814	0.048328
-0.813	0.0485052
-0.812	0.0486832
-0.811	0.0488618
-0.81	0.0490411
-0.809	0.049221
-0.808	0.0494016
-0.807	0.0495829
-0.806	0.0497648
-0.805	0.0499474
-0.804	0.0501306
-0.803	0.0503146
-0.802	0.0504992
-0.801	0.0506844
-0.8	0.0508704
-0.799	0.0510571
-0.798	0.0512444
-0.797	0.0514324
-0.796	0.0516211
-0.795	0.0518105
-0.794	0.0520006
-0.793	0.0521913
-0.792	0.0523828
-0.791	0.0525751
-0.79	0.0527679
-0.789	0.0529616
-0.788	0.0531559
-0.787	0.053351
-0.786	0.0535467
-0.785	0.0537432
-0.784	0.0539404
-0.783	0.0541383
-0.782	0.0543369
-0.781	0.0545364
-0.78	0.0547364
-0.779	0.0549372
-0.778	0.0551388
-0.777	0.0553411
-0.776	0.0555442
-0.775	0.055748
-0.774	0.0559526
-0.773	0.0561578
-0.772	0.0563639
-0.771	0.0565708
-0.77	0.0567783
-0.769	0.0569866
-0.768	0.0571957
-0.767	0.0574056
-0.766	0.0576162
-0.765	0.0578277
-0.764	0.0580398
-0.763	0.0582527
-0.762	0.0584664
-0.761	0.0586809
-0.76	0.0588963
-0.759	0.0591124
-0.758	0.0593292
-0.757	0.0595469
-0.756	0.0597654
-0.755	0.0599846
-0.754	0.0602047
-0.753	0.0604256
-0.752	0.0606473
-0.751	0.0608698
-0.75	0.0610932
-0.749	0.0613173
-0.748	0.0615423
-0.747	0.0617681
-0.746	0.0619947
-0.745	0.0622221
-0.744	0.0624505
-0.743	0.0626796
-0.742	0.0629095
-0.741	0.0631404
-0.74	0.0633721
-0.739	0.0636045
-0.738	0.0638379
-0.737	0.0640721
-0.736	0.0643071
-0.735	0.0645431
-0.734	0.0647798
-0.733	0.0650175
-0.732	0.0652561
-0.731	0.0654955
-0.73	0.0657358
-0.729	0.065977
-0.728	0.066219
-0.727	0.0664619
-0.726	0.0667058
-0.725	0.0669505
-0.724	0.0671962
-0.723	0.0674426
-0.722	0.0676901
-0.721	0.0679385
-0.72	0.0681878
-0.719	0.068438
-0.718	0.068689
-0.717	0.068941
-0.716	0.069194
-0.715	0.0694479
-0.714	0.0697027
-0.713	0.0699584
-0.712	0.0702151
-0.711	0.0704728
-0.71	0.0707313
-0.709	0.0709908
-0.708	0.0712513
-0.707	0.0715127
-0.706	0.0717751
-0.705	0.0720384
-0.704	0.0723028
-0.703	0.072568
-0.702	0.0728342
-0.701	0.0731015
-0.7	0.0733696
-0.699	0.0736389
-0.698	0.0739091
-0.697	0.0741804
-0.696	0.0744525
-0.695	0.0747257
-0.694	0.0749999
-0.693	0.0752751
-0.692	0.0755513
-0.691	0.0758285
-0.69	0.0761067
-0.689	0.076386
-0.688	0.0766663
-0.687	0.0769476
-0.686	0.0772299
-0.685	0.0775132
-0.684	0.0777976
-0.683	0.0780831
-0.682	0.0783696
-0.681	0.0786572
-0.68	0.0789457
-0.679	0.0792355
-0.678	0.0795261
-0.677	0.0798179
-0.676	0.0801108
-0.675	0.0804047
-0.674	0.0806998
-0.673	0.0809958
-0.672	0.081293
-0.671	0.0815912
-0.67	0.0818906
-0.669	0.082191
-0.668	0.0824925
-0.667	0.0827953
-0.666	0.083099
-0.665	0.0834039
-0.664	0.08371
-0.663	0.0840171
-0.662	0.0843253
-0.661	0.0846347
-0.66	0.0849453
-0.659	0.085257
-0.658	0.0855697
-0.657	0.0858837
-0.656	0.0861987
-0.655	0.086515
-0.654	0.0868325
-0.653	0.087151
-0.652	0.0874707
-0.651	0.0877916
-0.65	0.0881138
-0.649	0.0884371
-0.648	0.0887614
-0.647	0.0890871
-0.646	0.089414
-0.645	0.089742
-0.644	0.0900713
-0.643	0.0904017
-0.642	0.0907335
-0.641	0.0910663
-0.64	0.0914004
-0.639	0.0917356
-0.638	0.0920722
-0.637	0.0924101
-0.636	0.0927492
-0.635	0.0930894
-0.634	0.093431
-0.633	0.0937738
-0.632	0.0941177
-0.631	0.0944631
-0.63	0.0948097
-0.629	0.0951575
-0.628	0.0955066
-0.627	0.0958572
-0.626	0.0962089
-0.625	0.0965618
-0.624	0.0969161
-0.623	0.0972716
-0.622	0.0976286
-0.621	0.0979867
-0.62	0.0983463
-0.619	0.0987071
-0.618	0.0990692
-0.617	0.0994328
-0.616	0.0997976
-0.615	0.100164
-0.614	0.100531
-0.613	0.1009
-0.612	0.10127
-0.611	0.101642
-0.61	0.102015
-0.609	0.102389
-0.608	0.102765
-0.607	0.103142
-0.606	0.10352
-0.605	0.1039
-0.604	0.104282
-0.603	0.104664
-0.602	0.105048
-0.601	0.105434
-0.6	0.10582
-0.599	0.106209
-0.598	0.106598
-0.597	0.10699
-0.596	0.107382
-0.595	0.107776
-0.594	0.108172
-0.593	0.108569
-0.592	0.108967
-0.591	0.109367
-0.59	0.109768
-0.589	0.110171
-0.588	0.110575
-0.587	0.110981
-0.586	0.111388
-0.585	0.111796
-0.584	0.112207
-0.583	0.112618
-0.582	0.113031
-0.581	0.113446
-0.58	0.113862
-0.579	0.11428
-0.578	0.114699
-0.577	0.11512
-0.576	0.115543
-0.575	0.115967
-0.574	0.116392
-0.573	0.116819
-0.572	0.117248
-0.571	0.117678
-0.57	0.11811
-0.569	0.118543
-0.568	0.118978
-0.567	0.119414
-0.566	0.119853
-0.565	0.120292
-0.564	0.120734
-0.563	0.121177
-0.562	0.121621
-0.561	0.122067
-0.56	0.122515
-0.559	0.122965
-0.558	0.123416
-0.557	0.123869
-0.556	0.124323
-0.555	0.124779
-0.554	0.125237
-0.553	0.125696
-0.552	0.126157
-0.551	0.12662
-0.55	0.127085
-0.549	0.127551
-0.548	0.128019
-0.547	0.128489
-0.546	0.12896
-0.545	0.129433
-0.544	0.129908
-0.543	0.130385
-0.542	0.130863
-0.541	0.131344
-0.54	0.131825
-0.539	0.132309
-0.538	0.132795
-0.537	0.133282
-0.536	0.133771
-0.535	0.134262
-0.534	0.134754
-0.533	0.135249
-0.532	0.135745
-0.531	0.136243
-0.53	0.136743
-0.529	0.137244
-0.528	0.137748
-0.527	0.138253
-0.526	0.138761
-0.525	0.13927
-0.524	0.139781
-0.523	0.140294
-0.522	0.140809
-0.521	0.141325
-0.52	0.141844
-0.519	0.142364
-0.518	0.142887
-0.517	0.143411
-0.516	0.143937
-0.515	0.144465
-0.514	0.144995
-0.513	0.145527
-0.512	0.146061
-0.511	0.146597
-0.51	0.147135
-0.509	0.147675
-0.508	0.148217
-0.507	0.14876
-0.506	0.149306
-0.505	0.149854
-0.504	0.150404
-0.503	0.150956
-0.502	0.15151
-0.501	0.152066
-0.5	0.152624
-0.499	0.153184
-0.498	0.153746
-0.497	0.15431
-0.496	0.154876
-0.495	0.155444
-0.494	0.156014
-0.493	0.156587
-0.492	0.157161
-0.491	0.157738
-0.49	0.158317
-0.489	0.158898
-0.488	0.159481
-0.487	0.160066
-0.486	0.160653
-0.485	0.161242
-0.484	0.161834
-0.483	0.162428
-0.482	0.163024
-0.481	0.163622
-0.48	0.164222
-0.479	0.164825
-0.478	0.165429
-0.477	0.166036
-0.476	0.166645
-0.475	0.167257
-0.474	0.16787
-0.473	0.168486
-0.472	0.169105
-0.471	0.169725
-0.47	0.170348
-0.469	0.170973
-0.468	0.1716
-0.467	0.172229
-0.466	0.172861
-0.465	0.173495
-0.464	0.174132
-0.463	0.174771
-0.462	0.175412
-0.461	0.176056
-0.46	0.176702
-0.459	0.17735
-0.458	0.178001
-0.457	0.178654
-0.456	0.179309
-0.455	0.179967
-0.454	0.180627
-0.453	0.18129
-0.452	0.181955
-0.451	0.182623
-0.45	0.183293
-0.449	0.183966
-0.448	0.18464
-0.447	0.185318
-0.446	0.185998
-0.445	0.18668
-0.444	0.187365
-0.443	0.188052
-0.442	0.188743
-0.441	0.189435
-0.44	0.19013
-0.439	0.190828
-0.438	0.191528
-0.437	0.192231
-0.436	0.192936
-0.435	0.193644
-0.434	0.194354
-0.433	0.195068
-0.432	0.195783
-0.431	0.196502
-0.43	0.197223
-0.429	0.197946
-0.428	0.198673
-0.427	0.199402
-0.426	0.200133
-0.425	0.200868
-0.424	0.201605
-0.423	0.202344
-0.422	0.203087
-0.421	0.203832
-0.42	0.20458
-0.419	0.20533
-0.418	0.206084
-0.417	0.20684
-0.416	0.207599
-0.415	0.208361
-0.414	0.209163
-0.413	0.210046
-0.412	0.21101
-0.411	0.212056
-0.41	0.213185
-0.409	0.214396
-0.408	0.215691
-0.407	0.217068
-0.406	0.21853
-0.405	0.220075
-0.404	0.221704
-0.403	0.223417
-0.402	0.225214
-0.401	0.227095
-0.4	0.229058
-0.399	0.231105
-0.398	0.233235
-0.397	0.235446
-0.396	0.237739
-0.395	0.240113
-0.394	0.242568
-0.393	0.245102
-0.392	0.247715
-0.391	0.250406
-0.39	0.253174
-0.389	0.256018
-0.388	0.258936
-0.387	0.261928
-0.386	0.264993
-0.385	0.268129
-0.384	0.271334
-0.383	0.274608
-0.382	0.277949
-0.381	0.281355
-0.38	0.284825
-0.379	0.288358
-0.378	0.291951
-0.377	0.295602
-0.376	0.299311
-0.375	0.303074
-0.374	0.306892
-0.373	0.31076
-0.372	0.314677
-0.371	0.318643
-0.37	0.322653
-0.369	0.326707
-0.368	0.330802
-0.367	0.334936
-0.366	0.339107
-0.365	0.343314
-0.364	0.347575
-0.363	0.351918
-0.362	0.356334
-0.361	0.360826
-0.36	0.365387
-0.359	0.370016
-0.358	0.37471
-0.357	0.379463
-0.356	0.384277
-0.355	0.389142
-0.354	0.39406
-0.353	0.399027
-0.352	0.404037
-0.351	0.40909
-0.35	0.414179
-0.349	0.419304
-0.348	0.42446
-0.347	0.429643
-0.346	0.43485
-0.345	0.440078
-0.344	0.445324
-0.343	0.450582
-0.342	0.455852
-0.341	0.461126
-0.34	0.466404
-0.339	0.471682
-0.338	0.476955
-0.337	0.482221
-0.336	0.487474
-0.335	0.492715
-0.334	0.497936
-0.333	0.503136
-0.332	0.50831
-0.331	0.513454
-0.33	0.518569
-0.329	0.523645
-0.328	0.528683
-0.327	0.533681
-0.326	0.53863
-0.325	0.54353
-0.324	0.548379
-0.323	0.553171
-0.322	0.557905
-0.321	0.562576
-0.32	0.567182
-0.319	0.571721
-0.318	0.576186
-0.317	0.58058
-0.316	0.584894
-0.315	0.589127
-0.314	0.59328
-0.313	0.597345
-0.312	0.601323
-0.311	0.605208
-0.31	0.609
-0.309	0.612697
-0.308	0.616293
-0.307	0.61979
-0.306	0.623182
-0.305	0.626468
-0.304	0.629648
-0.303	0.632715
-0.302	0.635673
-0.301	0.638516
-0.3	0.641242
-0.299	0.643852
-0.298	0.646341
-0.297	0.64871
-0.296	0.650955
-0.295	0.653079
-0.294	0.655075
-0.293	0.656945
-0.292	0.658687
-0.291	0.6603
-0.29	0.661783
-0.289	0.663134
-0.288	0.664356
-0.287	0.665441
-0.286	0.666397
-0.285	0.667217
-0.284	0.667902
-0.283	0.668455
-0.282	0.66887
-0.281	0.669152
-0.28	0.669297
-0.279	0.669308
-0.278	0.669184
-0.277	0.668922
-0.276	0.66853
-0.275	0.667999
-0.274	0.667336
-0.273	0.666539
-0.272	0.66561
-0.271	0.664549
-0.27	0.663355
-0.269	0.662033
-0.268	0.660579
-0.267	0.658999
-0.266	0.65729
-0.265	0.655455
-0.264	0.653496
-0.263	0.651415
-0.262	0.649212
-0.261	0.646888
-0.26	0.644447
-0.259	0.641888
-0.258	0.639215
-0.257	0.636429
-0.256	0.633533
-0.255	0.630527
-0.254	0.627415
-0.253	0.624199
-0.252	0.620881
-0.251	0.617463
-0.25	0.613948
-0.249	0.610337
-0.248	0.606636
-0.247	0.602845
-0.246	0.598965
-0.245	0.595005
-0.244	0.590958
-0.243	0.586839
-0.242	0.582639
-0.241	0.57837
-0.24	0.574031
-0.239	0.569624
-0.238	0.565157
-0.237	0.560625
-0.236	0.55604
-0.235	0.5514
-0.234	0.54671
-0.233	0.541972
-0.232	0.537191
-0.231	0.53237
-0.23	0.52751
-0.229	0.52262
-0.228	0.517696
-0.227	0.512749
-0.226	0.507777
-0.225	0.502785
-0.224	0.497778
-0.223	0.492757
-0.222	0.48773
-0.221	0.482693
-0.22	0.477658
-0.219	0.472624
-0.218	0.467592
-0.217	0.462574
-0.216	0.457563
-0.215	0.452572
-0.214	0.447598
-0.213	0.442647
-0.212	0.437722
-0.211	0.432828
-0.21	0.427968
-0.209	0.423143
-0.208	0.418358
-0.207	0.413618
-0.206	0.408924
-0.205	0.40428
-0.204	0.39969
-0.203	0.395156
-0.202	0.390682
-0.201	0.38627
-0.2	0.381927
-0.199	0.37765
-0.198	0.373448
-0.197	0.369319
-0.196	0.365269
-0.195	0.361302
-0.194	0.357416
-0.193	0.353618
-0.192	0.349908
-0.191	0.346293
-0.19	0.342769
-0.189	0.339345
-0.188	0.336019
-0.187	0.332795
-0.186	0.329675
-0.185	0.326662
-0.184	0.323757
-0.183	0.320962
-0.182	0.318282
-0.181	0.315714
-0.18	0.313265
-0.179	0.310932
-0.178	0.30872
-0.177	0.306629
-0.176	0.304662
-0.175	0.302818
-0.174	0.301101
-0.173	0.299511
-0.172	0.298049
-0.171	0.296716
-0.17	0.295515
-0.169	0.294443
-0.168	0.293505
-0.167	0.292698
-0.166	0.292027
-0.165	0.291489
-0.164	0.291084
-0.163	0.290816
-0.162	0.290681
-0.161	0.290684
-0.16	0.29082
-0.159	0.291093
-0.158	0.2915
-0.157	0.292043
-0.156	0.292721
-0.155	0.293531
-0.154	0.294479
-0.153	0.295558
-0.152	0.29677
-0.151	0.298114
-0.15	0.299589
-0.149	0.301195
-0.148	0.302929
-0.147	0.304792
-0.146	0.306782
-0.145	0.308896
-0.144	0.311138
-0.143	0.313499
-0.142	0.315983
-0.141	0.318586
-0.14	0.321306
-0.139	0.324145
-0.138	0.327095
-0.137	0.33016
-0.136	0.333333
-0.135	0.336617
-0.134	0.340005
-0.133	0.343496
-0.132	0.347092
-0.131	0.350784
-0.13	0.354573
-0.129	0.358457
-0.128	0.362432
-0.127	0.366496
-0.126	0.370646
-0.125	0.37488
-0.124	0.379194
-0.123	0.383586
-0.122	0.388053
-0.121	0.392591
-0.12	0.397198
-0.119	0.40187
-0.118	0.406606
-0.117	0.4114
-0.116	0.416251
-0.115	0.421154
-0.114	0.426107
-0.113	0.431108
-0.112	0.436149
-0.111	0.441231
-0.11	0.44635
-0.109	0.451499
-0.108	0.456681
-0.107	0.461885
-0.106	0.467113
-0.105	0.472361
-0.104	0.477621
-0.103	0.482896
-0.102	0.488177
-0.101	0.493464
-0.1	0.498751
