-4	8.00763e-016
-3.999	7.99809e-016
-3.998	7.99834e-016
-3.997	8.01071e-016
-3.996	8.02152e-016
-3.995	8.01818e-016
-3.994	8.0091e-016
-3.993	8.01036e-016
-3.992	8.02018e-016
-3.991	8.02487e-016
-3.99	8.02385e-016
-3.989	8.02823e-016
-3.988	8.03875e-016
-3.987	8.04604e-016
-3.986	8.04814e-016
-3.985	8.05071e-016
-3.984	8.05894e-016
-3.983	8.07399e-016
-3.982	8.08917e-016
-3.981	8.09742e-016
-3.98	8.10328e-016
-3.979	8.11393e-016
-3.978	8.12995e-016
-3.977	8.15201e-016
-3.976	8.17651e-016
-3.975	8.19217e-016
-3.974	8.20013e-016
-3.973	8.21812e-016
-3.972	8.25095e-016
-3.971	8.28349e-016
-3.97	8.30782e-016
-3.969	8.32975e-016
-3.968	8.35355e-016
-3.967	8.3843e-016
-3.966	8.42703e-016
-3.965	8.47114e-016
-3.964	8.50357e-016
-3.963	8.53358e-016
-3.962	8.57553e-016
-3.961	8.62362e-016
-3.96	8.66938e-016
-3.959	8.71832e-016
-3.958	8.77126e-016
-3.957	8.82097e-016
-3.956	8.87262e-016
-3.955	8.93444e-016
-3.954	8.99888e-016
-3.953	9.05838e-016
-3.952	9.11877e-016
-3.951	9.18745e-016
-3.95	9.26521e-016
-3.949	9.34326e-016
-3.948	9.40956e-016
-3.947	9.47308e-016
-3.946	9.55958e-016
-3.945	9.66529e-016
-3.944	9.75731e-016
-3.943	9.83284e-016
-3.942	9.91782e-016
-3.941	1.00158e-015
-3.94	1.01176e-015
-3.939	1.02254e-015
-3.938	1.03342e-015
-3.937	1.04363e-015
-3.936	1.05426e-015
-3.935	1.06622e-015
-3.934	1.07847e-015
-3.933	1.0901e-015
-3.932	1.10182e-015
-3.931	1.1145e-015
-3.93	1.12801e-015
-3.929	1.14216e-015
-3.928	1.15652e-015
-3.927	1.1698e-015
-3.926	1.18254e-015
-3.925	1.19696e-015
-3.924	1.21302e-015
-3.923	1.22956e-015
-3.922	1.24557e-015
-3.921	1.25976e-015
-3.92	1.27464e-015
-3.919	1.29345e-015
-3.918	1.31214e-015
-3.917	1.32704e-015
-3.916	1.34295e-015
-3.915	1.36267e-015
-3.914	1.3822e-015
-3.913	1.40004e-015
-3.912	1.4184e-015
-3.911	1.43738e-015
-3.91	1.45638e-015
-3.909	1.47642e-015
-3.908	1.4974e-015
-3.907	1.51819e-015
-3.906	1.53881e-015
-3.905	1.55943e-015
-3.904	1.58013e-015
-3.903	1.60131e-015
-3.902	1.62269e-015
-3.901	1.64463e-015
-3.9	1.66851e-015
-3.899	1.6933e-015
-3.898	1.71625e-015
-3.897	1.73736e-015
-3.896	1.75917e-015
-3.895	1.78313e-015
-3.894	1.80844e-015
-3.893	1.8335e-015
-3.892	1.8575e-015
-3.891	1.88121e-015
-3.89	1.90615e-015
-3.889	1.9323e-015
-3.888	1.95826e-015
-3.887	1.98335e-015
-3.886	2.00807e-015
-3.885	2.03405e-015
-3.884	2.06157e-015
-3.883	2.08726e-015
-3.882	2.11132e-015
-3.881	2.13868e-015
-3.88	2.16764e-015
-3.879	2.1938e-015
-3.878	2.22058e-015
-3.877	2.24979e-015
-3.876	2.27679e-015
-3.875	2.30168e-015
-3.874	2.32834e-015
-3.873	2.35605e-015
-3.872	2.38389e-015
-3.871	2.41392e-015
-3.87	2.44417e-015
-3.869	2.4702e-015
-3.868	2.49486e-015
-3.867	2.52341e-015
-3.866	2.55314e-015
-3.865	2.58064e-015
-3.864	2.60882e-015
-3.863	2.63797e-015
-3.862	2.66449e-015
-3.861	2.6908e-015
-3.86	2.72104e-015
-3.859	2.75113e-015
-3.858	2.77714e-015
-3.857	2.80267e-015
-3.856	2.8306e-015
-3.855	2.86025e-015
-3.854	2.88994e-015
-3.853	2.9157e-015
-3.852	2.93875e-015
-3.851	2.96703e-015
-3.85	3.00005e-015
-3.849	3.02845e-015
-3.848	3.04981e-015
-3.847	3.07185e-015
-3.846	3.10118e-015
-3.845	3.13296e-015
-3.844	3.15861e-015
-3.843	3.18092e-015
-3.842	3.20611e-015
-3.841	3.23265e-015
-3.84	3.25894e-015
-3.839	3.28495e-015
-3.838	3.30845e-015
-3.837	3.33109e-015
-3.836	3.35608e-015
-3.835	3.38128e-015
-3.834	3.40492e-015
-3.833	3.42812e-015
-3.832	3.44993e-015
-3.831	3.47143e-015
-3.83	3.49625e-015
-3.829	3.52087e-015
-3.828	3.54055e-015
-3.827	3.55936e-015
-3.826	3.58071e-015
-3.825	3.60263e-015
-3.824	3.62361e-015
-3.823	3.64287e-015
-3.822	3.66222e-015
-3.821	3.68282e-015
-3.82	3.70047e-015
-3.819	3.71608e-015
-3.818	3.73494e-015
-3.817	3.75454e-015
-3.816	3.77167e-015
-3.815	3.78779e-015
-3.814	3.80286e-015
-3.813	3.81797e-015
-3.812	3.83449e-015
-3.811	3.84967e-015
-3.81	3.86289e-015
-3.809	3.8764e-015
-3.808	3.89027e-015
-3.807	3.90379e-015
-3.806	3.91598e-015
-3.805	3.92681e-015
-3.804	3.93808e-015
-3.803	3.94949e-015
-3.802	3.96006e-015
-3.801	3.97029e-015
-3.8	3.97978e-015
-3.799	3.98956e-015
-3.798	3.99933e-015
-3.797	4.00465e-015
-3.796	4.00826e-015
-3.795	4.01756e-015
-3.794	4.02764e-015
-3.793	4.03156e-015
-3.792	4.03577e-015
-3.791	4.04387e-015
-3.79	4.04799e-015
-3.789	4.04841e-015
-3.788	4.05285e-015
-3.787	4.05764e-015
-3.786	4.05821e-015
-3.785	4.06002e-015
-3.784	4.06292e-015
-3.783	4.06296e-015
-3.782	4.06338e-015
-3.781	4.06484e-015
-3.78	4.06412e-015
-3.779	4.06227e-015
-3.778	4.06138e-015
-3.777	4.06027e-015
-3.776	4.05638e-015
-3.775	4.05217e-015
-3.774	4.0517e-015
-3.773	4.05043e-015
-3.772	4.04453e-015
-3.771	4.03897e-015
-3.77	4.03553e-015
-3.769	4.03013e-015
-3.768	4.02225e-015
-3.767	4.01662e-015
-3.766	4.01431e-015
-3.765	4.00882e-015
-3.764	3.99868e-015
-3.763	3.98981e-015
-3.762	3.98258e-015
-3.761	3.97521e-015
-3.76	3.96952e-015
-3.759	3.96284e-015
-3.758	3.95147e-015
-3.757	3.93959e-015
-3.756	3.93217e-015
-3.755	3.92532e-015
-3.754	3.91287e-015
-3.753	3.90046e-015
-3.752	3.89638e-015
-3.751	3.89043e-015
-3.75	3.8723e-015
-3.749	3.85721e-015
-3.748	3.85489e-015
-3.747	3.84802e-015
-3.746	3.83025e-015
-3.745	3.81613e-015
-3.744	3.80861e-015
-3.743	3.80066e-015
-3.742	3.79028e-015
-3.741	3.77715e-015
-3.74	3.76542e-015
-3.739	3.7578e-015
-3.738	3.74631e-015
-3.737	3.73117e-015
-3.736	3.72228e-015
-3.735	3.71514e-015
-3.734	3.70234e-015
-3.733	3.69135e-015
-3.732	3.68419e-015
-3.731	3.67307e-015
-3.73	3.66098e-015
-3.729	3.6541e-015
-3.728	3.64747e-015
-3.727	3.63678e-015
-3.726	3.6253e-015
-3.725	3.61565e-015
-3.724	3.60892e-015
-3.723	3.60561e-015
-3.722	3.60123e-015
-3.721	3.59049e-015
-3.72	3.57837e-015
-3.719	3.57501e-015
-3.718	3.57633e-015
-3.717	3.5689e-015
-3.716	3.5572e-015
-3.715	3.55549e-015
-3.714	3.55777e-015
-3.713	3.55302e-015
-3.712	3.5486e-015
-3.711	3.54898e-015
-3.71	3.54764e-015
-3.709	3.54587e-015
-3.708	3.5467e-015
-3.707	3.54789e-015
-3.706	3.54952e-015
-3.705	3.55105e-015
-3.704	3.55351e-015
-3.703	3.5602e-015
-3.702	3.56593e-015
-3.701	3.56851e-015
-3.7	3.57462e-015
-3.699	3.58233e-015
-3.698	3.58974e-015
-3.697	3.60145e-015
-3.696	3.6114e-015
-3.695	3.61714e-015
-3.694	3.62986e-015
-3.693	3.64753e-015
-3.692	3.661e-015
-3.691	3.67398e-015
-3.69	3.68802e-015
-3.689	3.70227e-015
-3.688	3.7223e-015
-3.687	3.74458e-015
-3.686	3.76167e-015
-3.685	3.78052e-015
-3.684	3.80628e-015
-3.683	3.83037e-015
-3.682	3.85074e-015
-3.681	3.87628e-015
-3.68	3.90685e-015
-3.679	3.93441e-015
-3.678	3.95966e-015
-3.677	3.98898e-015
-3.676	4.02262e-015
-3.675	4.0564e-015
-3.674	4.08978e-015
-3.673	4.12513e-015
-3.672	4.16151e-015
-3.671	4.19826e-015
-3.67	4.23731e-015
-3.669	4.27732e-015
-3.668	4.31749e-015
-3.667	4.36047e-015
-3.666	4.40653e-015
-3.665	4.45341e-015
-3.664	4.49902e-015
-3.663	4.54421e-015
-3.662	4.59286e-015
-3.661	4.64548e-015
-3.66	4.6985e-015
-3.659	4.75093e-015
-3.658	4.80453e-015
-3.657	4.85971e-015
-3.656	4.9188e-015
-3.655	4.98119e-015
-3.654	5.03798e-015
-3.653	5.09275e-015
-3.652	5.1591e-015
-3.651	5.22932e-015
-3.65	5.28963e-015
-3.649	5.35176e-015
-3.648	5.4262e-015
-3.647	5.49737e-015
-3.646	5.56046e-015
-3.645	5.63203e-015
-3.644	5.71176e-015
-3.643	5.7862e-015
-3.642	5.85527e-015
-3.641	5.93084e-015
-3.64	6.01574e-015
-3.639	6.09577e-015
-3.638	6.17093e-015
-3.637	6.25467e-015
-3.636	6.3384e-015
-3.635	6.4171e-015
-3.634	6.50708e-015
-3.633	6.60349e-015
-3.632	6.68468e-015
-3.631	6.75919e-015
-3.63	6.85357e-015
-3.629	6.96024e-015
-3.628	7.05056e-015
-3.627	7.1291e-015
-3.626	7.2205e-015
-3.625	7.32833e-015
-3.624	7.4348e-015
-3.623	7.52302e-015
-3.622	7.60611e-015
-3.621	7.70929e-015
-3.62	7.82244e-015
-3.619	7.92275e-015
-3.618	8.0164e-015
-3.617	8.11864e-015
-3.616	8.22635e-015
-3.615	8.33102e-015
-3.614	8.43268e-015
-3.613	8.53589e-015
-3.612	8.64738e-015
-3.611	8.75977e-015
-3.61	8.86168e-015
-3.609	8.9659e-015
-3.608	9.07715e-015
-3.607	9.18741e-015
-3.606	9.30156e-015
-3.605	9.41075e-015
-3.604	9.51339e-015
-3.603	9.63213e-015
-3.602	9.75017e-015
-3.601	9.84757e-015
-3.6	9.96718e-015
-3.599	1.01033e-014
-3.598	1.01918e-014
-3.597	1.028e-014
-3.596	1.04263e-014
-3.595	1.05556e-014
-3.594	1.06445e-014
-3.593	1.07559e-014
-3.592	1.08826e-014
-3.591	1.09983e-014
-3.59	1.1108e-014
-3.589	1.12161e-014
-3.588	1.13323e-014
-3.587	1.14514e-014
-3.586	1.1565e-014
-3.585	1.16802e-014
-3.584	1.17873e-014
-3.583	1.18921e-014
-3.582	1.20217e-014
-3.581	1.21477e-014
-3.58	1.22416e-014
-3.579	1.23426e-014
-3.578	1.24629e-014
-3.577	1.2577e-014
-3.576	1.2686e-014
-3.575	1.27973e-014
-3.574	1.29119e-014
-3.573	1.30148e-014
-3.572	1.31083e-014
-3.571	1.32342e-014
-3.57	1.3358e-014
-3.569	1.34378e-014
-3.568	1.35328e-014
-3.567	1.36478e-014
-3.566	1.3755e-014
-3.565	1.38708e-014
-3.564	1.39632e-014
-3.563	1.40454e-014
-3.562	1.41642e-014
-3.561	1.42703e-014
-3.56	1.4346e-014
-3.559	1.44375e-014
-3.558	1.45491e-014
-3.557	1.46539e-014
-3.556	1.47312e-014
-3.555	1.48076e-014
-3.554	1.4917e-014
-3.553	1.50213e-014
-3.552	1.50908e-014
-3.551	1.51615e-014
-3.55	1.52565e-014
-3.549	1.53588e-014
-3.548	1.54364e-014
-3.547	1.54878e-014
-3.546	1.55717e-014
-3.545	1.56842e-014
-3.544	1.57504e-014
-3.543	1.57986e-014
-3.542	1.58788e-014
-3.541	1.59596e-014
-3.54	1.60323e-014
-3.539	1.60982e-014
-3.538	1.61511e-014
-3.537	1.62161e-014
-3.536	1.6292e-014
-3.535	1.63515e-014
-3.534	1.63951e-014
-3.533	1.64546e-014
-3.532	1.65392e-014
-3.531	1.65928e-014
-3.53	1.6604e-014
-3.529	1.66404e-014
-3.528	1.67213e-014
-3.527	1.67978e-014
-3.526	1.68211e-014
-3.525	1.6826e-014
-3.524	1.68849e-014
-3.523	1.6957e-014
-3.522	1.69748e-014
-3.521	1.69838e-014
-3.52	1.70314e-014
-3.519	1.70762e-014
-3.518	1.7102e-014
-3.517	1.71303e-014
-3.516	1.71344e-014
-3.515	1.715e-014
-3.514	1.72138e-014
-3.513	1.72297e-014
-3.512	1.72014e-014
-3.511	1.72327e-014
-3.51	1.72811e-014
-3.509	1.72772e-014
-3.508	1.72684e-014
-3.507	1.7282e-014
-3.506	1.72925e-014
-3.505	1.73056e-014
-3.504	1.72972e-014
-3.503	1.7279e-014
-3.502	1.73008e-014
-3.501	1.73083e-014
-3.5	1.72966e-014
-3.499	1.72834e-014
-3.498	1.7246e-014
-3.497	1.72652e-014
-3.496	1.72952e-014
-3.495	1.72298e-014
-3.494	1.71884e-014
-3.493	1.72156e-014
-3.492	1.72032e-014
-3.491	1.71579e-014
-3.49	1.71384e-014
-3.489	1.71324e-014
-3.488	1.71091e-014
-3.487	1.70651e-014
-3.486	1.70316e-014
-3.485	1.70236e-014
-3.484	1.69946e-014
-3.483	1.6948e-014
-3.482	1.69226e-014
-3.481	1.68867e-014
-3.48	1.68486e-014
-3.479	1.68228e-014
-3.478	1.67727e-014
-3.477	1.67356e-014
-3.476	1.67148e-014
-3.475	1.66532e-014
-3.474	1.6606e-014
-3.473	1.6597e-014
-3.472	1.65371e-014
-3.471	1.64576e-014
-3.47	1.64417e-014
-3.469	1.64215e-014
-3.468	1.63538e-014
-3.467	1.62995e-014
-3.466	1.62519e-014
-3.465	1.62063e-014
-3.464	1.6178e-014
-3.463	1.61222e-014
-3.462	1.6054e-014
-3.461	1.60012e-014
-3.46	1.59568e-014
-3.459	1.59309e-014
-3.458	1.58717e-014
-3.457	1.58029e-014
-3.456	1.57868e-014
-3.455	1.57292e-014
-3.454	1.56368e-014
-3.453	1.56122e-014
-3.452	1.55902e-014
-3.451	1.5519e-014
-3.45	1.54647e-014
-3.449	1.54329e-014
-3.448	1.53798e-014
-3.447	1.53177e-014
-3.446	1.52752e-014
-3.445	1.52413e-014
-3.444	1.51994e-014
-3.443	1.51565e-014
-3.442	1.5111e-014
-3.441	1.50479e-014
-3.44	1.5002e-014
-3.439	1.49976e-014
-3.438	1.49654e-014
-3.437	1.48921e-014
-3.436	1.4849e-014
-3.435	1.48313e-014
-3.434	1.48088e-014
-3.433	1.47791e-014
-3.432	1.47338e-014
-3.431	1.46949e-014
-3.43	1.46715e-014
-3.429	1.46503e-014
-3.428	1.46267e-014
-3.427	1.46013e-014
-3.426	1.45923e-014
-3.425	1.45749e-014
-3.424	1.45343e-014
-3.423	1.45224e-014
-3.422	1.4528e-014
-3.421	1.45129e-014
-3.42	1.45008e-014
-3.419	1.44941e-014
-3.418	1.44831e-014
-3.417	1.44946e-014
-3.416	1.4505e-014
-3.415	1.44823e-014
-3.414	1.44861e-014
-3.413	1.45337e-014
-3.412	1.45409e-014
-3.411	1.45027e-014
-3.41	1.45221e-014
-3.409	1.45998e-014
-3.408	1.46302e-014
-3.407	1.46111e-014
-3.406	1.46242e-014
-3.405	1.46826e-014
-3.404	1.47281e-014
-3.403	1.47528e-014
-3.402	1.47945e-014
-3.401	1.48385e-014
-3.4	1.48879e-014
-3.399	1.49408e-014
-3.398	1.49708e-014
-3.397	1.50376e-014
-3.396	1.51358e-014
-3.395	1.51898e-014
-3.394	1.52263e-014
-3.393	1.52834e-014
-3.392	1.5382e-014
-3.391	1.54979e-014
-3.39	1.55501e-014
-3.389	1.56015e-014
-3.388	1.57228e-014
-3.387	1.58162e-014
-3.386	1.58946e-014
-3.385	1.60158e-014
-3.384	1.61117e-014
-3.383	1.6215e-014
-3.382	1.63427e-014
-3.381	1.64287e-014
-3.38	1.65287e-014
-3.379	1.66849e-014
-3.378	1.68387e-014
-3.377	1.69464e-014
-3.376	1.70472e-014
-3.375	1.71957e-014
-3.374	1.73622e-014
-3.373	1.75053e-014
-3.372	1.76302e-014
-3.371	1.7772e-014
-3.37	1.7952e-014
-3.369	1.81232e-014
-3.368	1.82647e-014
-3.367	1.84249e-014
-3.366	1.86154e-014
-3.365	1.88067e-014
-3.364	1.89511e-014
-3.363	1.91017e-014
-3.362	1.93513e-014
-3.361	1.95553e-014
-3.36	1.96735e-014
-3.359	1.98971e-014
-3.358	2.01442e-014
-3.357	2.02855e-014
-3.356	2.04858e-014
-3.355	2.07599e-014
-3.354	2.09435e-014
-3.353	2.11379e-014
-3.352	2.1406e-014
-3.351	2.15964e-014
-3.35	2.17945e-014
-3.349	2.20716e-014
-3.348	2.23079e-014
-3.347	2.25371e-014
-3.346	2.27596e-014
-3.345	2.29967e-014
-3.344	2.32858e-014
-3.343	2.34851e-014
-3.342	2.37112e-014
-3.341	2.40504e-014
-3.34	2.43229e-014
-3.339	2.45079e-014
-3.338	2.47294e-014
-3.337	2.50745e-014
-3.336	2.53692e-014
-3.335	2.55853e-014
-3.334	2.58487e-014
-3.333	2.61267e-014
-3.332	2.64437e-014
-3.331	2.67108e-014
-3.33	2.69708e-014
-3.329	2.72425e-014
-3.328	2.75272e-014
-3.327	2.78881e-014
-3.326	2.81247e-014
-3.325	2.83852e-014
-3.324	2.87131e-014
-3.323	2.90066e-014
-3.322	2.93301e-014
-3.321	2.9565e-014
-3.32	2.98796e-014
-3.319	3.0234e-014
-3.318	3.04764e-014
-3.317	3.07712e-014
-3.316	3.11155e-014
-3.315	3.14525e-014
-3.314	3.1676e-014
-3.313	3.19254e-014
-3.312	3.2378e-014
-3.311	3.27e-014
-3.31	3.2878e-014
-3.309	3.32035e-014
-3.308	3.35628e-014
-3.307	3.38748e-014
-3.306	3.41723e-014
-3.305	3.44663e-014
-3.304	3.47433e-014
-3.303	3.50596e-014
-3.302	3.54684e-014
-3.301	3.57171e-014
-3.3	3.59203e-014
-3.299	3.62816e-014
-3.298	3.66762e-014
-3.297	3.69796e-014
-3.296	3.71301e-014
-3.295	3.74813e-014
-3.294	3.79538e-014
-3.293	3.81402e-014
-3.292	3.83331e-014
-3.291	3.86987e-014
-3.29	3.90261e-014
-3.289	3.93417e-014
-3.288	3.96281e-014
-3.287	3.9869e-014
-3.286	4.01934e-014
-3.285	4.04539e-014
-3.284	4.07546e-014
-3.283	4.11013e-014
-3.282	4.12713e-014
-3.281	4.15611e-014
-3.28	4.19206e-014
-3.279	4.21355e-014
-3.278	4.23683e-014
-3.277	4.27455e-014
-3.276	4.30385e-014
-3.275	4.31322e-014
-3.274	4.34138e-014
-3.273	4.37912e-014
-3.272	4.40303e-014
-3.271	4.42264e-014
-3.27	4.44474e-014
-3.269	4.47208e-014
-3.268	4.49871e-014
-3.267	4.52289e-014
-3.266	4.54286e-014
-3.265	4.56589e-014
-3.264	4.59448e-014
-3.263	4.61627e-014
-3.262	4.62664e-014
-3.261	4.64998e-014
-3.26	4.68623e-014
-3.259	4.70035e-014
-3.258	4.71496e-014
-3.257	4.7368e-014
-3.256	4.75312e-014
-3.255	4.78115e-014
-3.254	4.80285e-014
-3.253	4.80626e-014
-3.252	4.82338e-014
-3.251	4.85808e-014
-3.25	4.87044e-014
-3.249	4.87437e-014
-3.248	4.89714e-014
-3.247	4.91783e-014
-3.246	4.92694e-014
-3.245	4.94386e-014
-3.244	4.96294e-014
-3.243	4.96554e-014
-3.242	4.98357e-014
-3.241	4.99924e-014
-3.24	5.0039e-014
-3.239	5.02574e-014
-3.238	5.03401e-014
-3.237	5.043e-014
-3.236	5.05668e-014
-3.235	5.05721e-014
-3.234	5.07637e-014
-3.233	5.08738e-014
-3.232	5.07842e-014
-3.231	5.0988e-014
-3.23	5.11135e-014
-3.229	5.11139e-014
-3.228	5.12048e-014
-3.227	5.12244e-014
-3.226	5.13248e-014
-3.225	5.12871e-014
-3.224	5.14039e-014
-3.223	5.154e-014
-3.222	5.13935e-014
-3.221	5.15067e-014
-3.22	5.15444e-014
-3.219	5.15169e-014
-3.218	5.16129e-014
-3.217	5.15533e-014
-3.216	5.15884e-014
-3.215	5.15995e-014
-3.214	5.15711e-014
-3.213	5.1633e-014
-3.212	5.15012e-014
-3.211	5.15466e-014
-3.21	5.16454e-014
-3.209	5.1457e-014
-3.208	5.14544e-014
-3.207	5.15137e-014
-3.206	5.13966e-014
-3.205	5.13036e-014
-3.204	5.14077e-014
-3.203	5.13661e-014
-3.202	5.11286e-014
-3.201	5.12648e-014
-3.2	5.11674e-014
-3.199	5.08754e-014
-3.198	5.10997e-014
-3.197	5.09793e-014
-3.196	5.07505e-014
-3.195	5.09135e-014
-3.194	5.07131e-014
-3.193	5.05084e-014
-3.192	5.0589e-014
-3.191	5.04799e-014
-3.19	5.02972e-014
-3.189	5.03075e-014
-3.188	5.02379e-014
-3.187	5.0029e-014
-3.186	4.99874e-014
-3.185	4.9876e-014
-3.184	4.97434e-014
-3.183	4.96888e-014
-3.182	4.957e-014
-3.181	4.94594e-014
-3.18	4.93147e-014
-3.179	4.92876e-014
-3.178	4.9097e-014
-3.177	4.89098e-014
-3.176	4.89276e-014
-3.175	4.88153e-014
-3.174	4.86907e-014
-3.173	4.84236e-014
-3.172	4.83974e-014
-3.171	4.83819e-014
-3.17	4.80926e-014
-3.169	4.80979e-014
-3.168	4.79319e-014
-3.167	4.77077e-014
-3.166	4.77566e-014
-3.165	4.76492e-014
-3.164	4.73495e-014
-3.163	4.72673e-014
-3.162	4.72726e-014
-3.161	4.70307e-014
-3.16	4.70606e-014
-3.159	4.69202e-014
-3.158	4.65627e-014
-3.157	4.66948e-014
-3.156	4.66095e-014
-3.155	4.62247e-014
-3.154	4.62637e-014
-3.153	4.63561e-014
-3.152	4.60951e-014
-3.151	4.59131e-014
-3.15	4.58315e-014
-3.149	4.57919e-014
-3.148	4.57369e-014
-3.147	4.55694e-014
-3.146	4.55103e-014
-3.145	4.54073e-014
-3.144	4.53187e-014
-3.143	4.5283e-014
-3.142	4.51282e-014
-3.141	4.50913e-014
-3.14	4.50626e-014
-3.139	4.49366e-014
-3.138	4.48833e-014
-3.137	4.48846e-014
-3.136	4.48278e-014
-3.135	4.4725e-014
-3.134	4.46413e-014
-3.133	4.46089e-014
-3.132	4.46194e-014
-3.131	4.45734e-014
-3.13	4.45465e-014
-3.129	4.45972e-014
-3.128	4.45587e-014
-3.127	4.44439e-014
-3.126	4.44225e-014
-3.125	4.44937e-014
-3.124	4.45352e-014
-3.123	4.44778e-014
-3.122	4.45857e-014
-3.121	4.44832e-014
-3.12	4.44494e-014
-3.119	4.47587e-014
-3.118	4.46162e-014
-3.117	4.46117e-014
-3.116	4.48093e-014
-3.115	4.47596e-014
-3.114	4.47799e-014
-3.113	4.49285e-014
-3.112	4.51012e-014
-3.111	4.502e-014
-3.11	4.51147e-014
-3.109	4.5356e-014
-3.108	4.52942e-014
-3.107	4.54803e-014
-3.106	4.56637e-014
-3.105	4.56757e-014
-3.104	4.58529e-014
-3.103	4.59821e-014
-3.102	4.61089e-014
-3.101	4.62937e-014
-3.1	4.65235e-014
-3.099	4.65401e-014
-3.098	4.67591e-014
-3.097	4.6992e-014
-3.096	4.72004e-014
-3.095	4.73267e-014
-3.094	4.74859e-014
-3.093	4.78459e-014
-3.092	4.79003e-014
-3.091	4.83206e-014
-3.09	4.83392e-014
-3.089	4.86639e-014
-3.088	4.90705e-014
-3.087	4.90657e-014
-3.086	4.94993e-014
-3.085	4.96765e-014
-3.084	4.99872e-014
-3.083	5.03628e-014
-3.082	5.03731e-014
-3.081	5.09428e-014
-3.08	5.13602e-014
-3.079	5.13143e-014
-3.078	5.1844e-014
-3.077	5.21965e-014
-3.076	5.23045e-014
-3.075	5.29355e-014
-3.074	5.32045e-014
-3.073	5.34084e-014
-3.072	5.39198e-014
-3.071	5.43023e-014
-3.07	5.45814e-014
-3.069	5.50157e-014
-3.068	5.54765e-014
-3.067	5.56854e-014
-3.066	5.63238e-014
-3.065	5.64862e-014
-3.064	5.70995e-014
-3.063	5.7437e-014
-3.062	5.78406e-014
-3.061	5.83958e-014
-3.06	5.87272e-014
-3.059	5.92559e-014
-3.058	5.95757e-014
-3.057	6.01913e-014
-3.056	6.04623e-014
-3.055	6.1107e-014
-3.054	6.14939e-014
-3.053	6.20947e-014
-3.052	6.2426e-014
-3.051	6.29947e-014
-3.05	6.34453e-014
-3.049	6.40002e-014
-3.048	6.45422e-014
-3.047	6.48067e-014
-3.046	6.55695e-014
-3.045	6.61451e-014
-3.044	6.63129e-014
-3.043	6.73352e-014
-3.042	6.77669e-014
-3.041	6.84812e-014
-3.04	6.94994e-014
-3.039	7.02219e-014
-3.038	7.16269e-014
-3.037	7.25868e-014
-3.036	7.37918e-014
-3.035	7.52674e-014
-3.034	7.67398e-014
-3.033	7.89099e-014
-3.032	8.02664e-014
-3.031	8.24262e-014
-3.03	8.47128e-014
-3.029	8.6734e-014
-3.028	9.00808e-014
-3.027	9.23629e-014
-3.026	9.54786e-014
-3.025	9.89347e-014
-3.024	1.02005e-013
-3.023	1.06443e-013
-3.022	1.09961e-013
-3.021	1.1453e-013
-3.02	1.19387e-013
-3.019	1.24016e-013
-3.018	1.29977e-013
-3.017	1.34841e-013
-3.016	1.41283e-013
-3.015	1.48133e-013
-3.014	1.54031e-013
-3.013	1.61703e-013
-3.012	1.69625e-013
-3.011	1.77815e-013
-3.01	1.85846e-013
-3.009	1.95021e-013
-3.008	2.05384e-013
-3.007	2.14556e-013
-3.006	2.25017e-013
-3.005	2.37034e-013
-3.004	2.484e-013
-3.003	2.60112e-013
-3.002	2.73926e-013
-3.001	2.87683e-013
-3	3.00809e-013
-2.999	3.16256e-013
-2.998	3.32193e-013
-2.997	3.47687e-013
-2.996	3.65395e-013
-2.995	3.83209e-013
-2.994	4.00978e-013
-2.993	4.21003e-013
-2.992	4.41244e-013
-2.991	4.62292e-013
-2.99	4.84158e-013
-2.989	5.07057e-013
-2.988	5.31354e-013
-2.987	5.55572e-013
-2.986	5.82021e-013
-2.985	6.08491e-013
-2.984	6.36688e-013
-2.983	6.6706e-013
-2.982	6.96395e-013
-2.981	7.28319e-013
-2.98	7.62021e-013
-2.979	7.9699e-013
-2.978	8.31559e-013
-2.977	8.69049e-013
-2.976	9.10226e-013
-2.975	9.49447e-013
-2.974	9.92306e-013
-2.973	1.0383e-012
-2.972	1.08341e-012
-2.971	1.13247e-012
-2.97	1.18427e-012
-2.969	1.23725e-012
-2.968	1.29408e-012
-2.967	1.35193e-012
-2.966	1.41409e-012
-2.965	1.47959e-012
-2.964	1.54699e-012
-2.963	1.62025e-012
-2.962	1.69587e-012
-2.961	1.77495e-012
-2.96	1.85895e-012
-2.959	1.94923e-012
-2.958	2.04322e-012
-2.957	2.14118e-012
-2.956	2.24837e-012
-2.955	2.35968e-012
-2.954	2.47688e-012
-2.953	2.60443e-012
-2.952	2.73778e-012
-2.951	2.87726e-012
-2.95	3.02957e-012
-2.949	3.19124e-012
-2.948	3.35943e-012
-2.947	3.54161e-012
-2.946	3.73512e-012
-2.945	3.94168e-012
-2.944	4.16135e-012
-2.943	4.39431e-012
-2.942	4.64373e-012
-2.941	4.91091e-012
-2.94	5.19728e-012
-2.939	5.49478e-012
-2.938	5.82068e-012
-2.937	6.16944e-012
-2.936	6.53536e-012
-2.935	6.92957e-012
-2.934	7.34211e-012
-2.933	7.79382e-012
-2.932	8.27457e-012
-2.931	8.77603e-012
-2.93	9.32136e-012
-2.929	9.89882e-012
-2.928	1.0518e-011
-2.927	1.11766e-011
-2.926	1.18691e-011
-2.925	1.26177e-011
-2.924	1.34099e-011
-2.923	1.42568e-011
-2.922	1.51502e-011
-2.921	1.61045e-011
-2.92	1.713e-011
-2.919	1.81979e-011
-2.918	1.93467e-011
-2.917	2.05604e-011
-2.916	2.18526e-011
-2.915	2.32304e-011
-2.914	2.46709e-011
-2.913	2.6214e-011
-2.912	2.78458e-011
-2.911	2.95715e-011
-2.91	3.14052e-011
-2.909	3.33288e-011
-2.908	3.53755e-011
-2.907	3.75337e-011
-2.906	3.98165e-011
-2.905	4.22348e-011
-2.904	4.47624e-011
-2.903	4.74562e-011
-2.902	5.02751e-011
-2.901	5.32481e-011
-2.9	5.64102e-011
-2.899	5.96919e-011
-2.898	6.31652e-011
-2.897	6.6831e-011
-2.896	7.06676e-011
-2.895	7.47111e-011
-2.894	7.89379e-011
-2.893	8.33938e-011
-2.892	8.80612e-011
-2.891	9.29483e-011
-2.89	9.81034e-011
-2.889	1.03444e-010
-2.888	1.09085e-010
-2.887	1.15001e-010
-2.886	1.21148e-010
-2.885	1.27596e-010
-2.884	1.34321e-010
-2.883	1.41392e-010
-2.882	1.48741e-010
-2.881	1.56425e-010
-2.88	1.64466e-010
-2.879	1.72796e-010
-2.878	1.81563e-010
-2.877	1.90671e-010
-2.876	2.00128e-010
-2.875	2.10038e-010
-2.874	2.20353e-010
-2.873	2.31095e-010
-2.872	2.42275e-010
-2.871	2.53913e-010
-2.87	2.66019e-010
-2.869	2.7866e-010
-2.868	2.91779e-010
-2.867	3.05447e-010
-2.866	3.19676e-010
-2.865	3.34429e-010
-2.864	3.49847e-010
-2.863	3.65879e-010
-2.862	3.82554e-010
-2.861	3.99876e-010
-2.86	4.17956e-010
-2.859	4.36729e-010
-2.858	4.56297e-010
-2.857	4.76729e-010
-2.856	4.9794e-010
-2.855	5.20044e-010
-2.854	5.43107e-010
-2.853	5.67169e-010
-2.852	5.92247e-010
-2.851	6.18468e-010
-2.85	6.45777e-010
-2.849	6.74371e-010
-2.848	7.04261e-010
-2.847	7.35455e-010
-2.846	7.68127e-010
-2.845	8.02405e-010
-2.844	8.38261e-010
-2.843	8.75869e-010
-2.842	9.1542e-010
-2.841	9.56829e-010
-2.84	1.00042e-009
-2.839	1.04623e-009
-2.838	1.09443e-009
-2.837	1.14527e-009
-2.836	1.19879e-009
-2.835	1.25521e-009
-2.834	1.31482e-009
-2.833	1.37776e-009
-2.832	1.4443e-009
-2.831	1.51469e-009
-2.83	1.58926e-009
-2.829	1.66804e-009
-2.828	1.7516e-009
-2.827	1.84025e-009
-2.826	1.93423e-009
-2.825	2.03415e-009
-2.824	2.13998e-009
-2.823	2.25252e-009
-2.822	2.37224e-009
-2.821	2.49941e-009
-2.82	2.63465e-009
-2.819	2.77852e-009
-2.818	2.93164e-009
-2.817	3.09469e-009
-2.816	3.26809e-009
-2.815	3.45285e-009
-2.814	3.64954e-009
-2.813	3.85893e-009
-2.812	4.08197e-009
-2.811	4.31939e-009
-2.81	4.57255e-009
-2.809	4.8417e-009
-2.808	5.12869e-009
-2.807	5.43397e-009
-2.806	5.75913e-009
-2.805	6.10506e-009
-2.804	6.47337e-009
-2.803	6.86528e-009
-2.802	7.28192e-009
-2.801	7.72542e-009
-2.8	8.19656e-009
-2.799	8.69759e-009
-2.798	9.23013e-009
-2.797	9.79556e-009
-2.796	1.03962e-008
-2.795	1.10339e-008
-2.794	1.17108e-008
-2.793	1.24284e-008
-2.792	1.31899e-008
-2.791	1.39969e-008
-2.79	1.48519e-008
-2.789	1.57581e-008
-2.788	1.67167e-008
-2.787	1.77322e-008
-2.786	1.8806e-008
-2.785	1.99418e-008
-2.784	2.11421e-008
-2.783	2.24103e-008
-2.782	2.375e-008
-2.781	2.51639e-008
-2.78	2.66562e-008
-2.779	2.82299e-008
-2.778	2.98888e-008
-2.777	3.16374e-008
-2.776	3.34791e-008
-2.775	3.5418e-008
-2.774	3.74583e-008
-2.773	3.96044e-008
-2.772	4.18624e-008
-2.771	4.42334e-008
-2.77	4.67262e-008
-2.769	4.93434e-008
-2.768	5.20896e-008
-2.767	5.49726e-008
-2.766	5.79948e-008
-2.765	6.11644e-008
-2.764	6.44857e-008
-2.763	6.79646e-008
-2.762	7.16077e-008
-2.761	7.5422e-008
-2.76	7.94121e-008
-2.759	8.35867e-008
-2.758	8.7952e-008
-2.757	9.25152e-008
-2.756	9.72831e-008
-2.755	1.02265e-007
-2.754	1.07468e-007
-2.753	1.12901e-007
-2.752	1.18573e-007
-2.751	1.2449e-007
-2.75	1.30667e-007
-2.749	1.37109e-007
-2.748	1.43828e-007
-2.747	1.50836e-007
-2.746	1.58143e-007
-2.745	1.65762e-007
-2.744	1.73704e-007
-2.743	1.81986e-007
-2.742	1.90617e-007
-2.741	1.99615e-007
-2.74	2.08995e-007
-2.739	2.18776e-007
-2.738	2.2897e-007
-2.737	2.39603e-007
-2.736	2.50689e-007
-2.735	2.62255e-007
-2.734	2.74319e-007
-2.733	2.86908e-007
-2.732	3.00049e-007
-2.731	3.13769e-007
-2.73	3.28097e-007
-2.729	3.4307e-007
-2.728	3.58714e-007
-2.727	3.75076e-007
-2.726	3.92191e-007
-2.725	4.101e-007
-2.724	4.28855e-007
-2.723	4.48497e-007
-2.722	4.69091e-007
-2.721	4.90682e-007
-2.72	5.13343e-007
-2.719	5.37127e-007
-2.718	5.62119e-007
-2.717	5.88385e-007
-2.716	6.16009e-007
-2.715	6.45086e-007
-2.714	6.757e-007
-2.713	7.07322e-007
-2.712	7.39899e-007
-2.711	7.73381e-007
-2.71	8.07717e-007
-2.709	8.42852e-007
-2.708	8.78732e-007
-2.707	9.15297e-007
-2.706	9.52492e-007
-2.705	9.9026e-007
-2.704	1.02854e-006
-2.703	1.06727e-006
-2.702	1.1064e-006
-2.701	1.14585e-006
-2.7	1.18557e-006
-2.699	1.2255e-006
-2.698	1.26558e-006
-2.697	1.30573e-006
-2.696	1.34591e-006
-2.695	1.38605e-006
-2.694	1.42608e-006
-2.693	1.46595e-006
-2.692	1.5056e-006
-2.691	1.54497e-006
-2.69	1.584e-006
-2.689	1.62263e-006
-2.688	1.66081e-006
-2.687	1.69848e-006
-2.686	1.73558e-006
-2.685	1.77208e-006
-2.684	1.80791e-006
-2.683	1.84302e-006
-2.682	1.87737e-006
-2.681	1.91091e-006
-2.68	1.94361e-006
-2.679	1.97541e-006
-2.678	2.00628e-006
-2.677	2.03618e-006
-2.676	2.06508e-006
-2.675	2.09293e-006
-2.674	2.11972e-006
-2.673	2.14542e-006
-2.672	2.16999e-006
-2.671	2.19342e-006
-2.67	2.21568e-006
-2.669	2.23676e-006
-2.668	2.25664e-006
-2.667	2.27531e-006
-2.666	2.29276e-006
-2.665	2.30898e-006
-2.664	2.32396e-006
-2.663	2.33771e-006
-2.662	2.35022e-006
-2.661	2.36149e-006
-2.66	2.37154e-006
-2.659	2.38037e-006
-2.658	2.38799e-006
-2.657	2.39442e-006
-2.656	2.39966e-006
-2.655	2.40375e-006
-2.654	2.40669e-006
-2.653	2.40852e-006
-2.652	2.40926e-006
-2.651	2.40893e-006
-2.65	2.40757e-006
-2.649	2.40521e-006
-2.648	2.40187e-006
-2.647	2.39761e-006
-2.646	2.39246e-006
-2.645	2.38645e-006
-2.644	2.37963e-006
-2.643	2.37204e-006
-2.642	2.36373e-006
-2.641	2.35473e-006
-2.64	2.34511e-006
-2.639	2.3349e-006
-2.638	2.32417e-006
-2.637	2.31295e-006
-2.636	2.3013e-006
-2.635	2.28928e-006
-2.634	2.27693e-006
-2.633	2.26432e-006
-2.632	2.25149e-006
-2.631	2.2385e-006
-2.63	2.2254e-006
-2.629	2.21226e-006
-2.628	2.19912e-006
-2.627	2.18605e-006
-2.626	2.17309e-006
-2.625	2.1603e-006
-2.624	2.14774e-006
-2.623	2.13545e-006
-2.622	2.1235e-006
-2.621	2.11194e-006
-2.62	2.10082e-006
-2.619	2.09019e-006
-2.618	2.08009e-006
-2.617	2.07058e-006
-2.616	2.06171e-006
-2.615	2.05352e-006
-2.614	2.04606e-006
-2.613	2.03937e-006
-2.612	2.03349e-006
-2.611	2.02847e-006
-2.61	2.02434e-006
-2.609	2.02114e-006
-2.608	2.01891e-006
-2.607	2.01767e-006
-2.606	2.01747e-006
-2.605	2.01832e-006
-2.604	2.02027e-006
-2.603	2.02333e-006
-2.602	2.02753e-006
-2.601	2.03288e-006
-2.6	2.03942e-006
-2.599	2.04715e-006
-2.598	2.05609e-006
-2.597	2.06626e-006
-2.596	2.07766e-006
-2.595	2.0903e-006
-2.594	2.1042e-006
-2.593	2.11934e-006
-2.592	2.13574e-006
-2.591	2.15339e-006
-2.59	2.1723e-006
-2.589	2.19245e-006
-2.588	2.21384e-006
-2.587	2.23646e-006
-2.586	2.26031e-006
-2.585	2.28536e-006
-2.584	2.3116e-006
-2.583	2.33901e-006
-2.582	2.36758e-006
-2.581	2.39729e-006
-2.58	2.4281e-006
-2.579	2.46e-006
-2.578	2.49297e-006
-2.577	2.52696e-006
-2.576	2.56197e-006
-2.575	2.59794e-006
-2.574	2.63486e-006
-2.573	2.67268e-006
-2.572	2.71138e-006
-2.571	2.75091e-006
-2.57	2.79124e-006
-2.569	2.83234e-006
-2.568	2.87416e-006
-2.567	2.91666e-006
-2.566	2.9598e-006
-2.565	3.00355e-006
-2.564	3.04786e-006
-2.563	3.09268e-006
-2.562	3.13798e-006
-2.561	3.18371e-006
-2.56	3.22982e-006
-2.559	3.27629e-006
-2.558	3.32305e-006
-2.557	3.37007e-006
-2.556	3.4173e-006
-2.555	3.4647e-006
-2.554	3.51224e-006
-2.553	3.55985e-006
-2.552	3.60751e-006
-2.551	3.65517e-006
-2.55	3.70279e-006
-2.549	3.75033e-006
-2.548	3.79775e-006
-2.547	3.84501e-006
-2.546	3.89207e-006
-2.545	3.9389e-006
-2.544	3.98546e-006
-2.543	4.03171e-006
-2.542	4.07762e-006
-2.541	4.12317e-006
-2.54	4.16831e-006
-2.539	4.21302e-006
-2.538	4.25726e-006
-2.537	4.30102e-006
-2.536	4.34426e-006
-2.535	4.38696e-006
-2.534	4.4291e-006
-2.533	4.47065e-006
-2.532	4.5116e-006
-2.531	4.55193e-006
-2.53	4.59162e-006
-2.529	4.63065e-006
-2.528	4.66903e-006
-2.527	4.70671e-006
-2.526	4.74371e-006
-2.525	4.78001e-006
-2.524	4.81561e-006
-2.523	4.8505e-006
-2.522	4.88468e-006
-2.521	4.91814e-006
-2.52	4.95089e-006
-2.519	4.98293e-006
-2.518	5.01426e-006
-2.517	5.04487e-006
-2.516	5.0748e-006
-2.515	5.10403e-006
-2.514	5.13258e-006
-2.513	5.16046e-006
-2.512	5.18768e-006
-2.511	5.21425e-006
-2.51	5.2402e-006
-2.509	5.26553e-006
-2.508	5.29027e-006
-2.507	5.31443e-006
-2.506	5.33804e-006
-2.505	5.36111e-006
-2.504	5.38368e-006
-2.503	5.40575e-006
-2.502	5.42736e-006
-2.501	5.44852e-006
-2.5	5.46928e-006
-2.499	5.48966e-006
-2.498	5.50968e-006
-2.497	5.52936e-006
-2.496	5.54876e-006
-2.495	5.56788e-006
-2.494	5.58677e-006
-2.493	5.60545e-006
-2.492	5.62395e-006
-2.491	5.64231e-006
-2.49	5.66056e-006
-2.489	5.67873e-006
-2.488	5.69685e-006
-2.487	5.71497e-006
-2.486	5.73311e-006
-2.485	5.75129e-006
-2.484	5.76957e-006
-2.483	5.78796e-006
-2.482	5.80651e-006
-2.481	5.82523e-006
-2.48	5.84418e-006
-2.479	5.86337e-006
-2.478	5.88285e-006
-2.477	5.90263e-006
-2.476	5.92276e-006
-2.475	5.94325e-006
-2.474	5.96416e-006
-2.473	5.98549e-006
-2.472	6.00727e-006
-2.471	6.02955e-006
-2.47	6.05234e-006
-2.469	6.07567e-006
-2.468	6.09957e-006
-2.467	6.12405e-006
-2.466	6.14915e-006
-2.465	6.17488e-006
-2.464	6.20127e-006
-2.463	6.22834e-006
-2.462	6.25612e-006
-2.461	6.28461e-006
-2.46	6.31384e-006
-2.459	6.34382e-006
-2.458	6.37459e-006
-2.457	6.40614e-006
-2.456	6.43848e-006
-2.455	6.47163e-006
-2.454	6.50562e-006
-2.453	6.54044e-006
-2.452	6.5761e-006
-2.451	6.61263e-006
-2.45	6.65001e-006
-2.449	6.68827e-006
-2.448	6.7274e-006
-2.447	6.76741e-006
-2.446	6.80829e-006
-2.445	6.85007e-006
-2.444	6.89274e-006
-2.443	6.9363e-006
-2.442	6.98073e-006
-2.441	7.02605e-006
-2.44	7.07227e-006
-2.439	7.11935e-006
-2.438	7.16732e-006
-2.437	7.21615e-006
-2.436	7.26584e-006
-2.435	7.31639e-006
-2.434	7.36778e-006
-2.433	7.42002e-006
-2.432	7.47308e-006
-2.431	7.52695e-006
-2.43	7.58164e-006
-2.429	7.63713e-006
-2.428	7.69339e-006
-2.427	7.75042e-006
-2.426	7.80821e-006
-2.425	7.86675e-006
-2.424	7.926e-006
-2.423	7.98597e-006
-2.422	8.04663e-006
-2.421	8.10796e-006
-2.42	8.16996e-006
-2.419	8.23259e-006
-2.418	8.29585e-006
-2.417	8.35971e-006
-2.416	8.42417e-006
-2.415	8.4892e-006
-2.414	8.55477e-006
-2.413	8.62086e-006
-2.412	8.68746e-006
-2.411	8.75456e-006
-2.41	8.82213e-006
-2.409	8.89015e-006
-2.408	8.95859e-006
-2.407	9.02744e-006
-2.406	9.09669e-006
-2.405	9.1663e-006
-2.404	9.23626e-006
-2.403	9.30656e-006
-2.402	9.37715e-006
-2.401	9.44805e-006
-2.4	9.5192e-006
-2.399	9.59061e-006
-2.398	9.66224e-006
-2.397	9.7341e-006
-2.396	9.80614e-006
-2.395	9.87835e-006
-2.394	9.95072e-006
-2.393	1.00232e-005
-2.392	1.00959e-005
-2.391	1.01686e-005
-2.39	1.02414e-005
-2.389	1.03143e-005
-2.388	1.03872e-005
-2.387	1.04602e-005
-2.386	1.05332e-005
-2.385	1.06062e-005
-2.384	1.06792e-005
-2.383	1.07522e-005
-2.382	1.08252e-005
-2.381	1.08981e-005
-2.38	1.0971e-005
-2.379	1.10437e-005
-2.378	1.11165e-005
-2.377	1.11891e-005
-2.376	1.12616e-005
-2.375	1.1334e-005
-2.374	1.14063e-005
-2.373	1.14785e-005
-2.372	1.15506e-005
-2.371	1.16225e-005
-2.37	1.16943e-005
-2.369	1.17659e-005
-2.368	1.18374e-005
-2.367	1.19087e-005
-2.366	1.19799e-005
-2.365	1.20509e-005
-2.364	1.21218e-005
-2.363	1.21925e-005
-2.362	1.22631e-005
-2.361	1.23335e-005
-2.36	1.24037e-005
-2.359	1.24738e-005
-2.358	1.25437e-005
-2.357	1.26135e-005
-2.356	1.26831e-005
-2.355	1.27526e-005
-2.354	1.2822e-005
-2.353	1.28913e-005
-2.352	1.29604e-005
-2.351	1.30294e-005
-2.35	1.30983e-005
-2.349	1.31671e-005
-2.348	1.32359e-005
-2.347	1.33045e-005
-2.346	1.33731e-005
-2.345	1.34417e-005
-2.344	1.35102e-005
-2.343	1.35787e-005
-2.342	1.36472e-005
-2.341	1.37157e-005
-2.34	1.37842e-005
-2.339	1.38527e-005
-2.338	1.39213e-005
-2.337	1.399e-005
-2.336	1.40587e-005
-2.335	1.41276e-005
-2.334	1.41966e-005
-2.333	1.42657e-005
-2.332	1.43349e-005
-2.331	1.44044e-005
-2.33	1.4474e-005
-2.329	1.45438e-005
-2.328	1.46139e-005
-2.327	1.46842e-005
-2.326	1.47549e-005
-2.325	1.48258e-005
-2.324	1.4897e-005
-2.323	1.49686e-005
-2.322	1.50406e-005
-2.321	1.51129e-005
-2.32	1.51856e-005
-2.319	1.52588e-005
-2.318	1.53324e-005
-2.317	1.54065e-005
-2.316	1.54811e-005
-2.315	1.55563e-005
-2.314	1.56319e-005
-2.313	1.57082e-005
-2.312	1.5785e-005
-2.311	1.58625e-005
-2.31	1.59405e-005
-2.309	1.60193e-005
-2.308	1.60987e-005
-2.307	1.61788e-005
-2.306	1.62596e-005
-2.305	1.63412e-005
-2.304	1.64235e-005
-2.303	1.65066e-005
-2.302	1.65905e-005
-2.301	1.66753e-005
-2.3	1.67609e-005
-2.299	1.68473e-005
-2.298	1.69346e-005
-2.297	1.70228e-005
-2.296	1.7112e-005
-2.295	1.7202e-005
-2.294	1.7293e-005
-2.293	1.7385e-005
-2.292	1.7478e-005
-2.291	1.75719e-005
-2.29	1.76668e-005
-2.289	1.77628e-005
-2.288	1.78598e-005
-2.287	1.79578e-005
-2.286	1.80568e-005
-2.285	1.81569e-005
-2.284	1.82581e-005
-2.283	1.83604e-005
-2.282	1.84637e-005
-2.281	1.85681e-005
-2.28	1.86736e-005
-2.279	1.87802e-005
-2.278	1.88879e-005
-2.277	1.89967e-005
-2.276	1.91066e-005
-2.275	1.92176e-005
-2.274	1.93297e-005
-2.273	1.94428e-005
-2.272	1.95571e-005
-2.271	1.96725e-005
-2.27	1.9789e-005
-2.269	1.99065e-005
-2.268	2.00251e-005
-2.267	2.01448e-005
-2.266	2.02655e-005
-2.265	2.03873e-005
-2.264	2.05102e-005
-2.263	2.0634e-005
-2.262	2.07589e-005
-2.261	2.08848e-005
-2.26	2.10117e-005
-2.259	2.11396e-005
-2.258	2.12684e-005
-2.257	2.13982e-005
-2.256	2.15289e-005
-2.255	2.16605e-005
-2.254	2.17931e-005
-2.253	2.19265e-005
-2.252	2.20607e-005
-2.251	2.21958e-005
-2.25	2.23318e-005
-2.249	2.24685e-005
-2.248	2.2606e-005
-2.247	2.27443e-005
-2.246	2.28833e-005
-2.245	2.3023e-005
-2.244	2.31634e-005
-2.243	2.33045e-005
-2.242	2.34463e-005
-2.241	2.35886e-005
-2.24	2.37316e-005
-2.239	2.38751e-005
-2.238	2.40193e-005
-2.237	2.41639e-005
-2.236	2.4309e-005
-2.235	2.44547e-005
-2.234	2.46008e-005
-2.233	2.47473e-005
-2.232	2.48943e-005
-2.231	2.50417e-005
-2.23	2.51894e-005
-2.229	2.53375e-005
-2.228	2.5486e-005
-2.227	2.56348e-005
-2.226	2.57838e-005
-2.225	2.59331e-005
-2.224	2.60827e-005
-2.223	2.62326e-005
-2.222	2.63826e-005
-2.221	2.65329e-005
-2.22	2.66834e-005
-2.219	2.6834e-005
-2.218	2.69848e-005
-2.217	2.71358e-005
-2.216	2.72869e-005
-2.215	2.74381e-005
-2.214	2.75895e-005
-2.213	2.7741e-005
-2.212	2.78926e-005
-2.211	2.80443e-005
-2.21	2.8196e-005
-2.209	2.83479e-005
-2.208	2.84999e-005
-2.207	2.86519e-005
-2.206	2.88041e-005
-2.205	2.89563e-005
-2.204	2.91086e-005
-2.203	2.9261e-005
-2.202	2.94135e-005
-2.201	2.95661e-005
-2.2	2.97188e-005
-2.199	2.98716e-005
-2.198	3.00246e-005
-2.197	3.01777e-005
-2.196	3.0331e-005
-2.195	3.04844e-005
-2.194	3.0638e-005
-2.193	3.07918e-005
-2.192	3.09458e-005
-2.191	3.11e-005
-2.19	3.12545e-005
-2.189	3.14092e-005
-2.188	3.15643e-005
-2.187	3.17197e-005
-2.186	3.18754e-005
-2.185	3.20315e-005
-2.184	3.21879e-005
-2.183	3.23448e-005
-2.182	3.25021e-005
-2.181	3.26599e-005
-2.18	3.28182e-005
-2.179	3.2977e-005
-2.178	3.31364e-005
-2.177	3.32963e-005
-2.176	3.34569e-005
-2.175	3.36182e-005
-2.174	3.37802e-005
-2.173	3.39429e-005
-2.172	3.41063e-005
-2.171	3.42705e-005
-2.17	3.44356e-005
-2.169	3.46015e-005
-2.168	3.47683e-005
-2.167	3.4936e-005
-2.166	3.51048e-005
-2.165	3.52745e-005
-2.164	3.54452e-005
-2.163	3.56171e-005
-2.162	3.579e-005
-2.161	3.59641e-005
-2.16	3.61394e-005
-2.159	3.63159e-005
-2.158	3.64936e-005
-2.157	3.66726e-005
-2.156	3.68529e-005
-2.155	3.70346e-005
-2.154	3.72176e-005
-2.153	3.7402e-005
-2.152	3.75879e-005
-2.151	3.77752e-005
-2.15	3.79641e-005
-2.149	3.81544e-005
-2.148	3.83463e-005
-2.147	3.85398e-005
-2.146	3.87348e-005
-2.145	3.89314e-005
-2.144	3.91298e-005
-2.143	3.93297e-005
-2.142	3.95313e-005
-2.141	3.97347e-005
-2.14	3.99397e-005
-2.139	4.01465e-005
-2.138	4.0355e-005
-2.137	4.05653e-005
-2.136	4.07773e-005
-2.135	4.09912e-005
-2.134	4.12068e-005
-2.133	4.14242e-005
-2.132	4.16434e-005
-2.131	4.18645e-005
-2.13	4.20873e-005
-2.129	4.23119e-005
-2.128	4.25384e-005
-2.127	4.27667e-005
-2.126	4.29967e-005
-2.125	4.32286e-005
-2.124	4.34623e-005
-2.123	4.36978e-005
-2.122	4.3935e-005
-2.121	4.41741e-005
-2.12	4.44148e-005
-2.119	4.46574e-005
-2.118	4.49017e-005
-2.117	4.51478e-005
-2.116	4.53955e-005
-2.115	4.5645e-005
-2.114	4.58961e-005
-2.113	4.61489e-005
-2.112	4.64033e-005
-2.111	4.66592e-005
-2.11	4.69169e-005
-2.109	4.71762e-005
-2.108	4.74369e-005
-2.107	4.76992e-005
-2.106	4.7963e-005
-2.105	4.82282e-005
-2.104	4.8495e-005
-2.103	4.87632e-005
-2.102	4.90327e-005
-2.101	4.93037e-005
-2.1	4.9576e-005
-2.099	4.98496e-005
-2.098	5.01245e-005
-2.097	5.04007e-005
-2.096	5.06782e-005
-2.095	5.09568e-005
-2.094	5.12366e-005
-2.093	5.15176e-005
-2.092	5.17998e-005
-2.091	5.2083e-005
-2.09	5.23673e-005
-2.089	5.26526e-005
-2.088	5.2939e-005
-2.087	5.32265e-005
-2.086	5.35148e-005
-2.085	5.38042e-005
-2.084	5.40945e-005
-2.083	5.43857e-005
-2.082	5.46778e-005
-2.081	5.49708e-005
-2.08	5.52646e-005
-2.079	5.55593e-005
-2.078	5.58548e-005
-2.077	5.61511e-005
-2.076	5.64482e-005
-2.075	5.67461e-005
-2.074	5.70448e-005
-2.073	5.73442e-005
-2.072	5.76444e-005
-2.071	5.79454e-005
-2.07	5.82471e-005
-2.069	5.85496e-005
-2.068	5.88527e-005
-2.067	5.91566e-005
-2.066	5.94612e-005
-2.065	5.97666e-005
-2.064	6.00727e-005
-2.063	6.03795e-005
-2.062	6.06871e-005
-2.061	6.09955e-005
-2.06	6.13045e-005
-2.059	6.16144e-005
-2.058	6.19251e-005
-2.057	6.22366e-005
-2.056	6.25489e-005
-2.055	6.28621e-005
-2.054	6.3176e-005
-2.053	6.3491e-005
-2.052	6.38068e-005
-2.051	6.41235e-005
-2.05	6.44411e-005
-2.049	6.47598e-005
-2.048	6.50794e-005
-2.047	6.54001e-005
-2.046	6.57218e-005
-2.045	6.60446e-005
-2.044	6.63685e-005
-2.043	6.66936e-005
-2.042	6.70198e-005
-2.041	6.73473e-005
-2.04	6.7676e-005
-2.039	6.80062e-005
-2.038	6.83376e-005
-2.037	6.86703e-005
-2.036	6.90046e-005
-2.035	6.93402e-005
-2.034	6.96773e-005
-2.033	7.0016e-005
-2.032	7.03562e-005
-2.031	7.06981e-005
-2.03	7.10416e-005
-2.029	7.13868e-005
-2.028	7.17338e-005
-2.027	7.20826e-005
-2.026	7.24332e-005
-2.025	7.27857e-005
-2.024	7.31401e-005
-2.023	7.34965e-005
-2.022	7.38548e-005
-2.021	7.42152e-005
-2.02	7.45776e-005
-2.019	7.49422e-005
-2.018	7.53091e-005
-2.017	7.56781e-005
-2.016	7.60493e-005
-2.015	7.64228e-005
-2.014	7.67987e-005
-2.013	7.71769e-005
-2.012	7.75575e-005
-2.011	7.79406e-005
-2.01	7.8326e-005
-2.009	7.8714e-005
-2.008	7.91045e-005
-2.007	7.94976e-005
-2.006	7.98932e-005
-2.005	8.02915e-005
-2.004	8.06926e-005
-2.003	8.10961e-005
-2.002	8.15024e-005
-2.001	8.19114e-005
-2	8.23232e-005
-1.999	8.27378e-005
-1.998	8.31551e-005
-1.997	8.35752e-005
-1.996	8.39981e-005
-1.995	8.44239e-005
-1.994	8.48524e-005
-1.993	8.52839e-005
-1.992	8.57184e-005
-1.991	8.61555e-005
-1.99	8.65957e-005
-1.989	8.70387e-005
-1.988	8.74844e-005
-1.987	8.79333e-005
-1.986	8.8385e-005
-1.985	8.88396e-005
-1.984	8.9297e-005
-1.983	8.97574e-005
-1.982	9.02207e-005
-1.981	9.06868e-005
-1.98	9.11557e-005
-1.979	9.16276e-005
-1.978	9.21024e-005
-1.977	9.258e-005
-1.976	9.30604e-005
-1.975	9.35437e-005
-1.974	9.40298e-005
-1.973	9.45187e-005
-1.972	9.50104e-005
-1.971	9.55048e-005
-1.97	9.6002e-005
-1.969	9.6502e-005
-1.968	9.70047e-005
-1.967	9.751e-005
-1.966	9.80182e-005
-1.965	9.85289e-005
-1.964	9.90422e-005
-1.963	9.95582e-005
-1.962	0.000100077
-1.961	0.000100598
-1.96	0.000101122
-1.959	0.000101648
-1.958	0.000102177
-1.957	0.000102708
-1.956	0.000103242
-1.955	0.000103778
-1.954	0.000104317
-1.953	0.000104858
-1.952	0.000105402
-1.951	0.000105948
-1.95	0.000106496
-1.949	0.000107046
-1.948	0.000107599
-1.947	0.000108155
-1.946	0.000108712
-1.945	0.000109272
-1.944	0.000109834
-1.943	0.000110399
-1.942	0.000110966
-1.941	0.000111535
-1.94	0.000112106
-1.939	0.000112679
-1.938	0.000113255
-1.937	0.000113833
-1.936	0.000114413
-1.935	0.000114995
-1.934	0.000115579
-1.933	0.000116166
-1.932	0.000116755
-1.931	0.000117346
-1.93	0.000117939
-1.929	0.000118535
-1.928	0.000119133
-1.927	0.000119733
-1.926	0.000120335
-1.925	0.000120939
-1.924	0.000121546
-1.923	0.000122155
-1.922	0.000122767
-1.921	0.00012338
-1.92	0.000123996
-1.919	0.000124615
-1.918	0.000125236
-1.917	0.000125859
-1.916	0.000126485
-1.915	0.000127113
-1.914	0.000127743
-1.913	0.000128376
-1.912	0.000129012
-1.911	0.000129651
-1.91	0.000130291
-1.909	0.000130935
-1.908	0.000131581
-1.907	0.00013223
-1.906	0.000132882
-1.905	0.000133537
-1.904	0.000134195
-1.903	0.000134855
-1.902	0.000135518
-1.901	0.000136184
-1.9	0.000136854
-1.899	0.000137526
-1.898	0.000138201
-1.897	0.00013888
-1.896	0.000139562
-1.895	0.000140247
-1.894	0.000140935
-1.893	0.000141627
-1.892	0.000142322
-1.891	0.00014302
-1.89	0.000143722
-1.889	0.000144428
-1.888	0.000145137
-1.887	0.00014585
-1.886	0.000146566
-1.885	0.000147287
-1.884	0.00014801
-1.883	0.000148738
-1.882	0.000149469
-1.881	0.000150205
-1.88	0.000150945
-1.879	0.000151688
-1.878	0.000152435
-1.877	0.000153187
-1.876	0.000153943
-1.875	0.000154703
-1.874	0.000155467
-1.873	0.000156236
-1.872	0.000157008
-1.871	0.000157785
-1.87	0.000158567
-1.869	0.000159352
-1.868	0.000160143
-1.867	0.000160938
-1.866	0.000161737
-1.865	0.000162541
-1.864	0.000163349
-1.863	0.000164162
-1.862	0.00016498
-1.861	0.000165802
-1.86	0.000166629
-1.859	0.000167461
-1.858	0.000168298
-1.857	0.000169139
-1.856	0.000169985
-1.855	0.000170836
-1.854	0.000171692
-1.853	0.000172553
-1.852	0.000173418
-1.851	0.000174289
-1.85	0.000175164
-1.849	0.000176044
-1.848	0.000176929
-1.847	0.00017782
-1.846	0.000178715
-1.845	0.000179614
-1.844	0.000180519
-1.843	0.000181429
-1.842	0.000182344
-1.841	0.000183264
-1.84	0.000184189
-1.839	0.000185119
-1.838	0.000186054
-1.837	0.000186994
-1.836	0.000187939
-1.835	0.000188889
-1.834	0.000189843
-1.833	0.000190803
-1.832	0.000191768
-1.831	0.000192738
-1.83	0.000193713
-1.829	0.000194693
-1.828	0.000195678
-1.827	0.000196668
-1.826	0.000197663
-1.825	0.000198662
-1.824	0.000199667
-1.823	0.000200677
-1.822	0.000201692
-1.821	0.000202711
-1.82	0.000203736
-1.819	0.000204766
-1.818	0.0002058
-1.817	0.00020684
-1.816	0.000207884
-1.815	0.000208934
-1.814	0.000209988
-1.813	0.000211048
-1.812	0.000212112
-1.811	0.000213181
-1.81	0.000214255
-1.809	0.000215335
-1.808	0.000216419
-1.807	0.000217509
-1.806	0.000218602
-1.805	0.000219701
-1.804	0.000220806
-1.803	0.000221915
-1.802	0.000223029
-1.801	0.000224148
-1.8	0.000225272
-1.799	0.000226401
-1.798	0.000227535
-1.797	0.000228675
-1.796	0.000229819
-1.795	0.000230969
-1.794	0.000232124
-1.793	0.000233283
-1.792	0.000234448
-1.791	0.000235618
-1.79	0.000236794
-1.789	0.000237974
-1.788	0.00023916
-1.787	0.000240351
-1.786	0.000241548
-1.785	0.00024275
-1.784	0.000243957
-1.783	0.000245169
-1.782	0.000246388
-1.781	0.000247611
-1.78	0.00024884
-1.779	0.000250075
-1.778	0.000251315
-1.777	0.000252561
-1.776	0.000253813
-1.775	0.00025507
-1.774	0.000256333
-1.773	0.000257602
-1.772	0.000258877
-1.771	0.000260158
-1.77	0.000261445
-1.769	0.000262737
-1.768	0.000264036
-1.767	0.000265341
-1.766	0.000266652
-1.765	0.000267969
-1.764	0.000269293
-1.763	0.000270623
-1.762	0.000271959
-1.761	0.000273302
-1.76	0.000274651
-1.759	0.000276007
-1.758	0.00027737
-1.757	0.000278739
-1.756	0.000280115
-1.755	0.000281497
-1.754	0.000282887
-1.753	0.000284283
-1.752	0.000285686
-1.751	0.000287097
-1.75	0.000288515
-1.749	0.000289939
-1.748	0.000291371
-1.747	0.00029281
-1.746	0.000294257
-1.745	0.00029571
-1.744	0.000297172
-1.743	0.000298641
-1.742	0.000300117
-1.741	0.000301601
-1.74	0.000303092
-1.739	0.000304592
-1.738	0.000306099
-1.737	0.000307614
-1.736	0.000309136
-1.735	0.000310667
-1.734	0.000312206
-1.733	0.000313752
-1.732	0.000315307
-1.731	0.00031687
-1.73	0.000318442
-1.729	0.000320021
-1.728	0.000321609
-1.727	0.000323205
-1.726	0.000324809
-1.725	0.000326423
-1.724	0.000328044
-1.723	0.000329674
-1.722	0.000331312
-1.721	0.000332959
-1.72	0.000334615
-1.719	0.00033628
-1.718	0.000337953
-1.717	0.000339635
-1.716	0.000341326
-1.715	0.000343026
-1.714	0.000344734
-1.713	0.000346451
-1.712	0.000348178
-1.711	0.000349913
-1.71	0.000351658
-1.709	0.000353411
-1.708	0.000355174
-1.707	0.000356946
-1.706	0.000358727
-1.705	0.000360517
-1.704	0.000362316
-1.703	0.000364125
-1.702	0.000365942
-1.701	0.000367769
-1.7	0.000369606
-1.699	0.000371451
-1.698	0.000373306
-1.697	0.000375171
-1.696	0.000377045
-1.695	0.000378928
-1.694	0.000380821
-1.693	0.000382724
-1.692	0.000384636
-1.691	0.000386557
-1.69	0.000388489
-1.689	0.000390429
-1.688	0.000392379
-1.687	0.00039434
-1.686	0.000396309
-1.685	0.000398289
-1.684	0.000400278
-1.683	0.000402277
-1.682	0.000404286
-1.681	0.000406304
-1.68	0.000408333
-1.679	0.000410371
-1.678	0.00041242
-1.677	0.000414478
-1.676	0.000416546
-1.675	0.000418624
-1.674	0.000420712
-1.673	0.000422811
-1.672	0.000424919
-1.671	0.000427038
-1.67	0.000429167
-1.669	0.000431305
-1.668	0.000433455
-1.667	0.000435615
-1.666	0.000437785
-1.665	0.000439965
-1.664	0.000442156
-1.663	0.000444357
-1.662	0.000446569
-1.661	0.000448791
-1.66	0.000451024
-1.659	0.000453268
-1.658	0.000455522
-1.657	0.000457786
-1.656	0.000460062
-1.655	0.000462348
-1.654	0.000464646
-1.653	0.000466954
-1.652	0.000469273
-1.651	0.000471604
-1.65	0.000473946
-1.649	0.000476299
-1.648	0.000478663
-1.647	0.000481038
-1.646	0.000483425
-1.645	0.000485823
-1.644	0.000488232
-1.643	0.000490653
-1.642	0.000493086
-1.641	0.00049553
-1.64	0.000497986
-1.639	0.000500455
-1.638	0.000502935
-1.637	0.000505427
-1.636	0.00050793
-1.635	0.000510447
-1.634	0.000512975
-1.633	0.000515515
-1.632	0.000518069
-1.631	0.000520633
-1.63	0.000523211
-1.629	0.000525802
-1.628	0.000528405
-1.627	0.000531021
-1.626	0.000533649
-1.625	0.000536291
-1.624	0.000538946
-1.623	0.000541613
-1.622	0.000544293
-1.621	0.000546987
-1.62	0.000549695
-1.619	0.000552416
-1.618	0.000555149
-1.617	0.000557897
-1.616	0.000560659
-1.615	0.000563434
-1.614	0.000566223
-1.613	0.000569026
-1.612	0.000571843
-1.611	0.000574674
-1.61	0.000577518
-1.609	0.000580378
-1.608	0.000583252
-1.607	0.00058614
-1.606	0.000589043
-1.605	0.00059196
-1.604	0.000594892
-1.603	0.000597838
-1.602	0.0006008
-1.601	0.000603777
-1.6	0.000606769
-1.599	0.000609775
-1.598	0.000612797
-1.597	0.000615834
-1.596	0.000618887
-1.595	0.000621955
-1.594	0.000625038
-1.593	0.000628137
-1.592	0.000631253
-1.591	0.000634383
-1.59	0.000637529
-1.589	0.000640692
-1.588	0.000643871
-1.587	0.000647066
-1.586	0.000650276
-1.585	0.000653504
-1.584	0.000656748
-1.583	0.000660007
-1.582	0.000663284
-1.581	0.000666577
-1.58	0.000669887
-1.579	0.000673214
-1.578	0.000676557
-1.577	0.000679917
-1.576	0.000683294
-1.575	0.000686688
-1.574	0.000690099
-1.573	0.000693527
-1.572	0.000696974
-1.571	0.000700437
-1.57	0.000703918
-1.569	0.000707416
-1.568	0.000710933
-1.567	0.000714467
-1.566	0.000718018
-1.565	0.000721587
-1.564	0.000725174
-1.563	0.000728779
-1.562	0.000732402
-1.561	0.000736042
-1.56	0.000739701
-1.559	0.00074338
-1.558	0.000747076
-1.557	0.00075079
-1.556	0.000754523
-1.555	0.000758275
-1.554	0.000762045
-1.553	0.000765833
-1.552	0.00076964
-1.551	0.000773467
-1.55	0.000777313
-1.549	0.000781177
-1.548	0.000785061
-1.547	0.000788964
-1.546	0.000792886
-1.545	0.000796828
-1.544	0.000800787
-1.543	0.000804769
-1.542	0.000808769
-1.541	0.000812788
-1.54	0.000816828
-1.539	0.000820887
-1.538	0.000824966
-1.537	0.000829065
-1.536	0.000833184
-1.535	0.000837324
-1.534	0.000841484
-1.533	0.000845663
-1.532	0.000849863
-1.531	0.000854085
-1.53	0.000858327
-1.529	0.00086259
-1.528	0.000866873
-1.527	0.000871178
-1.526	0.000875503
-1.525	0.000879849
-1.524	0.000884218
-1.523	0.000888607
-1.522	0.000893017
-1.521	0.00089745
-1.52	0.000901903
-1.519	0.000906378
-1.518	0.000910876
-1.517	0.000915395
-1.516	0.000919936
-1.515	0.0009245
-1.514	0.000929086
-1.513	0.000933693
-1.512	0.000938324
-1.511	0.000942978
-1.51	0.000947654
-1.509	0.000952353
-1.508	0.000957076
-1.507	0.000961821
-1.506	0.00096659
-1.505	0.000971382
-1.504	0.000976197
-1.503	0.000981037
-1.502	0.0009859
-1.501	0.000990788
-1.5	0.000995698
-1.499	0.00100063
-1.498	0.00100559
-1.497	0.00101057
-1.496	0.00101558
-1.495	0.00102062
-1.494	0.00102567
-1.493	0.00103076
-1.492	0.00103586
-1.491	0.001041
-1.49	0.00104616
-1.489	0.00105134
-1.488	0.00105655
-1.487	0.00106178
-1.486	0.00106705
-1.485	0.00107233
-1.484	0.00107765
-1.483	0.00108299
-1.482	0.00108835
-1.481	0.00109375
-1.48	0.00109916
-1.479	0.00110461
-1.478	0.00111008
-1.477	0.00111559
-1.476	0.00112111
-1.475	0.00112667
-1.474	0.00113225
-1.473	0.00113786
-1.472	0.0011435
-1.471	0.00114917
-1.47	0.00115487
-1.469	0.00116059
-1.468	0.00116634
-1.467	0.00117212
-1.466	0.00117793
-1.465	0.00118377
-1.464	0.00118964
-1.463	0.00119554
-1.462	0.00120147
-1.461	0.00120742
-1.46	0.00121341
-1.459	0.00121942
-1.458	0.00122547
-1.457	0.00123155
-1.456	0.00123766
-1.455	0.00124379
-1.454	0.00124996
-1.453	0.00125616
-1.452	0.00126239
-1.451	0.00126865
-1.45	0.00127494
-1.449	0.00128127
-1.448	0.00128762
-1.447	0.00129401
-1.446	0.00130043
-1.445	0.00130688
-1.444	0.00131336
-1.443	0.00131988
-1.442	0.00132643
-1.441	0.00133301
-1.44	0.00133962
-1.439	0.00134627
-1.438	0.00135295
-1.437	0.00135967
-1.436	0.00136641
-1.435	0.00137319
-1.434	0.00138001
-1.433	0.00138685
-1.432	0.00139374
-1.431	0.00140065
-1.43	0.00140761
-1.429	0.00141459
-1.428	0.00142161
-1.427	0.00142867
-1.426	0.00143576
-1.425	0.00144288
-1.424	0.00145005
-1.423	0.00145724
-1.422	0.00146448
-1.421	0.00147175
-1.42	0.00147905
-1.419	0.00148639
-1.418	0.00149377
-1.417	0.00150118
-1.416	0.00150863
-1.415	0.00151612
-1.414	0.00152364
-1.413	0.00153121
-1.412	0.00153881
-1.411	0.00154644
-1.41	0.00155412
-1.409	0.00156183
-1.408	0.00156958
-1.407	0.00157737
-1.406	0.0015852
-1.405	0.00159307
-1.404	0.00160097
-1.403	0.00160892
-1.402	0.0016169
-1.401	0.00162492
-1.4	0.00163299
-1.399	0.00164109
-1.398	0.00164923
-1.397	0.00165742
-1.396	0.00166564
-1.395	0.00167391
-1.394	0.00168221
-1.393	0.00169056
-1.392	0.00169894
-1.391	0.00170737
-1.39	0.00171584
-1.389	0.00172435
-1.388	0.00173291
-1.387	0.0017415
-1.386	0.00175014
-1.385	0.00175882
-1.384	0.00176755
-1.383	0.00177631
-1.382	0.00178512
-1.381	0.00179398
-1.38	0.00180287
-1.379	0.00181182
-1.378	0.0018208
-1.377	0.00182983
-1.376	0.0018389
-1.375	0.00184802
-1.374	0.00185719
-1.373	0.0018664
-1.372	0.00187565
-1.371	0.00188495
-1.37	0.0018943
-1.369	0.00190369
-1.368	0.00191313
-1.367	0.00192261
-1.366	0.00193214
-1.365	0.00194172
-1.364	0.00195135
-1.363	0.00196102
-1.362	0.00197075
-1.361	0.00198052
-1.36	0.00199034
-1.359	0.0020002
-1.358	0.00201012
-1.357	0.00202008
-1.356	0.0020301
-1.355	0.00204016
-1.354	0.00205027
-1.353	0.00206044
-1.352	0.00207065
-1.351	0.00208092
-1.35	0.00209123
-1.349	0.0021016
-1.348	0.00211201
-1.347	0.00212248
-1.346	0.00213301
-1.345	0.00214358
-1.344	0.00215421
-1.343	0.00216489
-1.342	0.00217562
-1.341	0.0021864
-1.34	0.00219724
-1.339	0.00220814
-1.338	0.00221908
-1.337	0.00223008
-1.336	0.00224114
-1.335	0.00225225
-1.334	0.00226342
-1.333	0.00227464
-1.332	0.00228591
-1.331	0.00229725
-1.33	0.00230864
-1.329	0.00232008
-1.328	0.00233159
-1.327	0.00234315
-1.326	0.00235477
-1.325	0.00236644
-1.324	0.00237818
-1.323	0.00238997
-1.322	0.00240182
-1.321	0.00241373
-1.32	0.0024257
-1.319	0.00243773
-1.318	0.00244982
-1.317	0.00246197
-1.316	0.00247418
-1.315	0.00248645
-1.314	0.00249878
-1.313	0.00251117
-1.312	0.00252362
-1.311	0.00253614
-1.31	0.00254872
-1.309	0.00256136
-1.308	0.00257406
-1.307	0.00258683
-1.306	0.00259966
-1.305	0.00261255
-1.304	0.00262551
-1.303	0.00263854
-1.302	0.00265162
-1.301	0.00266478
-1.3	0.002678
-1.299	0.00269128
-1.298	0.00270463
-1.297	0.00271805
-1.296	0.00273153
-1.295	0.00274508
-1.294	0.00275869
-1.293	0.00277238
-1.292	0.00278613
-1.291	0.00279995
-1.29	0.00281384
-1.289	0.0028278
-1.288	0.00284182
-1.287	0.00285592
-1.286	0.00287009
-1.285	0.00288433
-1.284	0.00289863
-1.283	0.00291301
-1.282	0.00292746
-1.281	0.00294198
-1.28	0.00295657
-1.279	0.00297124
-1.278	0.00298598
-1.277	0.00300079
-1.276	0.00301567
-1.275	0.00303063
-1.274	0.00304567
-1.273	0.00306077
-1.272	0.00307595
-1.271	0.00309121
-1.27	0.00310654
-1.269	0.00312195
-1.268	0.00313744
-1.267	0.00315299
-1.266	0.00316863
-1.265	0.00318435
-1.264	0.00320014
-1.263	0.00321601
-1.262	0.00323197
-1.261	0.003248
-1.26	0.0032641
-1.259	0.00328029
-1.258	0.00329656
-1.257	0.00331291
-1.256	0.00332934
-1.255	0.00334585
-1.254	0.00336244
-1.253	0.00337912
-1.252	0.00339587
-1.251	0.00341271
-1.25	0.00342964
-1.249	0.00344665
-1.248	0.00346374
-1.247	0.00348092
-1.246	0.00349818
-1.245	0.00351553
-1.244	0.00353296
-1.243	0.00355048
-1.242	0.00356808
-1.241	0.00358578
-1.24	0.00360356
-1.239	0.00362143
-1.238	0.00363939
-1.237	0.00365744
-1.236	0.00367557
-1.235	0.0036938
-1.234	0.00371211
-1.233	0.00373052
-1.232	0.00374902
-1.231	0.00376761
-1.23	0.00378629
-1.229	0.00380506
-1.228	0.00382393
-1.227	0.00384289
-1.226	0.00386195
-1.225	0.0038811
-1.224	0.00390034
-1.223	0.00391968
-1.222	0.00393912
-1.221	0.00395865
-1.22	0.00397828
-1.219	0.00399801
-1.218	0.00401784
-1.217	0.00403775
-1.216	0.00405777
-1.215	0.0040779
-1.214	0.00409811
-1.213	0.00411844
-1.212	0.00413886
-1.211	0.00415938
-1.21	0.00418
-1.209	0.00420073
-1.208	0.00422156
-1.207	0.00424249
-1.206	0.00426353
-1.205	0.00428467
-1.204	0.00430591
-1.203	0.00432727
-1.202	0.00434872
-1.201	0.00437028
-1.2	0.00439196
-1.199	0.00441373
-1.198	0.00443561
-1.197	0.00445761
-1.196	0.00447971
-1.195	0.00450193
-1.194	0.00452425
-1.193	0.00454668
-1.192	0.00456923
-1.191	0.00459188
-1.19	0.00461465
-1.189	0.00463753
-1.188	0.00466053
-1.187	0.00468363
-1.186	0.00470686
-1.185	0.0047302
-1.184	0.00475366
-1.183	0.00477723
-1.182	0.00480092
-1.181	0.00482473
-1.18	0.00484866
-1.179	0.0048727
-1.178	0.00489686
-1.177	0.00492115
-1.176	0.00494555
-1.175	0.00497007
-1.174	0.00499472
-1.173	0.00501948
-1.172	0.00504438
-1.171	0.00506939
-1.17	0.00509453
-1.169	0.0051198
-1.168	0.00514519
-1.167	0.0051707
-1.166	0.00519635
-1.165	0.00522212
-1.164	0.00524802
-1.163	0.00527404
-1.162	0.00530019
-1.161	0.00532648
-1.16	0.0053529
-1.159	0.00537944
-1.158	0.00540612
-1.157	0.00543294
-1.156	0.00545989
-1.155	0.00548696
-1.154	0.00551418
-1.153	0.00554152
-1.152	0.005569
-1.151	0.00559663
-1.15	0.00562438
-1.149	0.00565227
-1.148	0.00568031
-1.147	0.00570848
-1.146	0.00573679
-1.145	0.00576524
-1.144	0.00579383
-1.143	0.00582258
-1.142	0.00585145
-1.141	0.00588047
-1.14	0.00590964
-1.139	0.00593895
-1.138	0.0059684
-1.137	0.005998
-1.136	0.00602776
-1.135	0.00605765
-1.134	0.00608769
-1.133	0.00611788
-1.132	0.00614822
-1.131	0.00617871
-1.13	0.00620936
-1.129	0.00624015
-1.128	0.0062711
-1.127	0.0063022
-1.126	0.00633345
-1.125	0.00636486
-1.124	0.00639643
-1.123	0.00642815
-1.122	0.00646003
-1.121	0.00649206
-1.12	0.00652426
-1.119	0.00655662
-1.118	0.00658913
-1.117	0.0066218
-1.116	0.00665464
-1.115	0.00668765
-1.114	0.00672081
-1.113	0.00675414
-1.112	0.00678763
-1.111	0.00682129
-1.11	0.00685511
-1.109	0.0068891
-1.108	0.00692327
-1.107	0.0069576
-1.106	0.00699209
-1.105	0.00702677
-1.104	0.00706161
-1.103	0.00709663
-1.102	0.00713182
-1.101	0.00716718
-1.1	0.00720273
-1.099	0.00723844
-1.098	0.00727433
-1.097	0.0073104
-1.096	0.00734666
-1.095	0.00738309
-1.094	0.00741969
-1.093	0.00745648
-1.092	0.00749345
-1.091	0.0075306
-1.09	0.00756795
-1.089	0.00760548
-1.088	0.00764319
-1.087	0.00768109
-1.086	0.00771918
-1.085	0.00775746
-1.084	0.00779593
-1.083	0.00783458
-1.082	0.00787343
-1.081	0.00791248
-1.08	0.00795171
-1.079	0.00799113
-1.078	0.00803076
-1.077	0.00807059
-1.076	0.00811061
-1.075	0.00815083
-1.074	0.00819125
-1.073	0.00823186
-1.072	0.00827268
-1.071	0.00831371
-1.07	0.00835494
-1.069	0.00839637
-1.068	0.008438
-1.067	0.00847984
-1.066	0.0085219
-1.065	0.00856415
-1.064	0.00860662
-1.063	0.0086493
-1.062	0.00869219
-1.061	0.0087353
-1.06	0.00877862
-1.059	0.00882215
-1.058	0.0088659
-1.057	0.00890987
-1.056	0.00895405
-1.055	0.00899845
-1.054	0.00904308
-1.053	0.00908793
-1.052	0.00913299
-1.051	0.00917828
-1.05	0.0092238
-1.049	0.00926954
-1.048	0.00931551
-1.047	0.0093617
-1.046	0.00940813
-1.045	0.00945478
-1.044	0.00950166
-1.043	0.0095488
-1.042	0.00959614
-1.041	0.00964373
-1.04	0.00969155
-1.039	0.00973961
-1.038	0.00978791
-1.037	0.00983645
-1.036	0.00988523
-1.035	0.00993425
-1.034	0.00998352
-1.033	0.010033
-1.032	0.0100828
-1.031	0.0101328
-1.03	0.010183
-1.029	0.0102335
-1.028	0.0102843
-1.027	0.0103353
-1.026	0.0103865
-1.025	0.010438
-1.024	0.0104898
-1.023	0.0105418
-1.022	0.0105941
-1.021	0.0106466
-1.02	0.0106994
-1.019	0.0107525
-1.018	0.0108058
-1.017	0.0108594
-1.016	0.0109132
-1.015	0.0109674
-1.014	0.0110217
-1.013	0.0110764
-1.012	0.0111313
-1.011	0.0111865
-1.01	0.011242
-1.009	0.0112977
-1.008	0.0113538
-1.007	0.0114101
-1.006	0.0114667
-1.005	0.0115235
-1.004	0.0115807
-1.003	0.0116381
-1.002	0.0116958
-1.001	0.0117538
-1	0.0118121
-0.999	0.0118707
-0.998	0.0119296
-0.997	0.0119887
-0.996	0.0120482
-0.995	0.0121079
-0.994	0.0121679
-0.993	0.0122283
-0.992	0.0122889
-0.991	0.0123499
-0.99	0.0124111
-0.989	0.0124727
-0.988	0.0125345
-0.987	0.0125967
-0.986	0.0126591
-0.985	0.0127219
-0.984	0.012785
-0.983	0.0128484
-0.982	0.0129121
-0.981	0.0129762
-0.98	0.0130405
-0.979	0.0131052
-0.978	0.0131702
-0.977	0.0132355
-0.976	0.0133011
-0.975	0.0133671
-0.974	0.0134334
-0.973	0.0135
-0.972	0.013567
-0.971	0.0136342
-0.97	0.0137019
-0.969	0.0137698
-0.968	0.0138381
-0.967	0.0139067
-0.966	0.0139757
-0.965	0.014045
-0.964	0.0141146
-0.963	0.0141846
-0.962	0.014255
-0.961	0.0143257
-0.96	0.0143967
-0.959	0.0144681
-0.958	0.0145398
-0.957	0.0146119
-0.956	0.0146844
-0.955	0.0147572
-0.954	0.0148304
-0.953	0.0149039
-0.952	0.0149778
-0.951	0.0150521
-0.95	0.0151267
-0.949	0.0152017
-0.948	0.0152771
-0.947	0.0153529
-0.946	0.015429
-0.945	0.0155055
-0.944	0.0155824
-0.943	0.0156597
-0.942	0.0157373
-0.941	0.0158154
-0.94	0.0158938
-0.939	0.0159726
-0.938	0.0160518
-0.937	0.0161314
-0.936	0.0162114
-0.935	0.0162918
-0.934	0.0163726
-0.933	0.0164538
-0.932	0.0165354
-0.931	0.0166173
-0.93	0.0166997
-0.929	0.0167825
-0.928	0.0168658
-0.927	0.0169494
-0.926	0.0170335
-0.925	0.0171179
-0.924	0.0172028
-0.923	0.0172881
-0.922	0.0173738
-0.921	0.01746
-0.92	0.0175466
-0.919	0.0176336
-0.918	0.017721
-0.917	0.0178089
-0.916	0.0178972
-0.915	0.017986
-0.914	0.0180752
-0.913	0.0181648
-0.912	0.0182549
-0.911	0.0183454
-0.91	0.0184364
-0.909	0.0185278
-0.908	0.0186197
-0.907	0.018712
-0.906	0.0188048
-0.905	0.0188981
-0.904	0.0189918
-0.903	0.019086
-0.902	0.0191806
-0.901	0.0192757
-0.9	0.0193714
-0.899	0.0194674
-0.898	0.019564
-0.897	0.019661
-0.896	0.0197585
-0.895	0.0198565
-0.894	0.019955
-0.893	0.0200539
-0.892	0.0201534
-0.891	0.0202533
-0.89	0.0203537
-0.889	0.0204547
-0.888	0.0205561
-0.887	0.0206581
-0.886	0.0207605
-0.885	0.0208635
-0.884	0.0209669
-0.883	0.0210709
-0.882	0.0211754
-0.881	0.0212804
-0.88	0.021386
-0.879	0.021492
-0.878	0.0215986
-0.877	0.0217057
-0.876	0.0218133
-0.875	0.0219215
-0.874	0.0220302
-0.873	0.0221395
-0.872	0.0222492
-0.871	0.0223596
-0.87	0.0224705
-0.869	0.0225819
-0.868	0.0226939
-0.867	0.0228064
-0.866	0.0229195
-0.865	0.0230331
-0.864	0.0231474
-0.863	0.0232621
-0.862	0.0233775
-0.861	0.0234934
-0.86	0.0236099
-0.859	0.023727
-0.858	0.0238447
-0.857	0.0239629
-0.856	0.0240818
-0.855	0.0242012
-0.854	0.0243212
-0.853	0.0244417
-0.852	0.024563
-0.851	0.0246848
-0.85	0.0248072
-0.849	0.0249302
-0.848	0.0250538
-0.847	0.0251781
-0.846	0.0253029
-0.845	0.0254284
-0.844	0.0255545
-0.843	0.0256812
-0.842	0.0258086
-0.841	0.0259365
-0.84	0.0260651
-0.839	0.0261944
-0.838	0.0263243
-0.837	0.0264548
-0.836	0.026586
-0.835	0.0267179
-0.834	0.0268504
-0.833	0.0269835
-0.832	0.0271173
-0.831	0.0272518
-0.83	0.027387
-0.829	0.0275228
-0.828	0.0276593
-0.827	0.0277964
-0.826	0.0279342
-0.825	0.0280728
-0.824	0.028212
-0.823	0.0283519
-0.822	0.0284926
-0.821	0.0286338
-0.82	0.0287758
-0.819	0.0289185
-0.818	0.0290619
-0.817	0.029206
-0.816	0.0293509
-0.815	0.0294965
-0.814	0.0296427
-0.813	0.0297897
-0.812	0.0299375
-0.811	0.0300859
-0.81	0.0302351
-0.809	0.0303851
-0.808	0.0305357
-0.807	0.0306871
-0.806	0.0308393
-0.805	0.0309923
-0.804	0.031146
-0.803	0.0313004
-0.802	0.0314556
-0.801	0.0316116
-0.8	0.0317684
-0.799	0.0319259
-0.798	0.0320842
-0.797	0.0322433
-0.796	0.0324033
-0.795	0.032564
-0.794	0.0327254
-0.793	0.0328877
-0.792	0.0330508
-0.791	0.0332147
-0.79	0.0333794
-0.789	0.0335449
-0.788	0.0337113
-0.787	0.0338784
-0.786	0.0340464
-0.785	0.0342153
-0.784	0.0343849
-0.783	0.0345554
-0.782	0.0347268
-0.781	0.034899
-0.78	0.035072
-0.779	0.0352459
-0.778	0.0354207
-0.777	0.0355964
-0.776	0.0357729
-0.775	0.0359503
-0.774	0.0361285
-0.773	0.0363077
-0.772	0.0364877
-0.771	0.0366687
-0.77	0.0368505
-0.769	0.0370332
-0.768	0.0372169
-0.767	0.0374015
-0.766	0.0375869
-0.765	0.0377733
-0.764	0.0379606
-0.763	0.0381488
-0.762	0.038338
-0.761	0.0385282
-0.76	0.0387192
-0.759	0.0389112
-0.758	0.0391042
-0.757	0.0392981
-0.756	0.039493
-0.755	0.0396888
-0.754	0.0398857
-0.753	0.0400834
-0.752	0.0402822
-0.751	0.040482
-0.75	0.0406828
-0.749	0.0408845
-0.748	0.0410872
-0.747	0.041291
-0.746	0.0414957
-0.745	0.0417016
-0.744	0.0419083
-0.743	0.0421162
-0.742	0.0423251
-0.741	0.0425349
-0.74	0.0427459
-0.739	0.0429579
-0.738	0.0431709
-0.737	0.043385
-0.736	0.0436002
-0.735	0.0438164
-0.734	0.0440336
-0.733	0.044252
-0.732	0.0444715
-0.731	0.044692
-0.73	0.0449137
-0.729	0.0451364
-0.728	0.0453602
-0.727	0.0455851
-0.726	0.0458112
-0.725	0.0460384
-0.724	0.0462668
-0.723	0.0464962
-0.722	0.0467267
-0.721	0.0469584
-0.72	0.0471913
-0.719	0.0474254
-0.718	0.0476606
-0.717	0.0478969
-0.716	0.0481344
-0.715	0.0483731
-0.714	0.048613
-0.713	0.0488541
-0.712	0.0490964
-0.711	0.0493398
-0.71	0.0495845
-0.709	0.0498303
-0.708	0.0500775
-0.707	0.0503258
-0.706	0.0505754
-0.705	0.0508261
-0.704	0.0510782
-0.703	0.0513315
-0.702	0.0515859
-0.701	0.0518418
-0.7	0.0520989
-0.699	0.0523572
-0.698	0.0526169
-0.697	0.0528778
-0.696	0.05314
-0.695	0.0534035
-0.694	0.0536683
-0.693	0.0539345
-0.692	0.0542019
-0.691	0.0544707
-0.69	0.0547408
-0.689	0.0550122
-0.688	0.055285
-0.687	0.0555592
-0.686	0.0558347
-0.685	0.0561116
-0.684	0.0563898
-0.683	0.0566695
-0.682	0.0569505
-0.681	0.0572328
-0.68	0.0575167
-0.679	0.0578019
-0.678	0.0580885
-0.677	0.0583766
-0.676	0.058666
-0.675	0.058957
-0.674	0.0592494
-0.673	0.0595432
-0.672	0.0598385
-0.671	0.0601352
-0.67	0.0604334
-0.669	0.0607331
-0.668	0.0610343
-0.667	0.0613369
-0.666	0.0616412
-0.665	0.0619468
-0.664	0.062254
-0.663	0.0625628
-0.662	0.062873
-0.661	0.0631848
-0.66	0.0634982
-0.659	0.063813
-0.658	0.0641295
-0.657	0.0644475
-0.656	0.0647671
-0.655	0.0650883
-0.654	0.0654111
-0.653	0.0657356
-0.652	0.0660615
-0.651	0.0663891
-0.65	0.0667183
-0.649	0.0670491
-0.648	0.0673817
-0.647	0.0677159
-0.646	0.0680517
-0.645	0.0683891
-0.644	0.0687283
-0.643	0.0690692
-0.642	0.0694116
-0.641	0.0697558
-0.64	0.0701018
-0.639	0.0704494
-0.638	0.0707988
-0.637	0.0711499
-0.636	0.0715027
-0.635	0.0718573
-0.634	0.0722136
-0.633	0.0725718
-0.632	0.0729316
-0.631	0.0732932
-0.63	0.0736567
-0.629	0.074022
-0.628	0.0743891
-0.627	0.074758
-0.626	0.0751287
-0.625	0.0755013
-0.624	0.0758756
-0.623	0.0762519
-0.622	0.0766299
-0.621	0.0770099
-0.62	0.0773918
-0.619	0.0777756
-0.618	0.0781614
-0.617	0.0785489
-0.616	0.0789384
-0.615	0.0793298
-0.614	0.0797233
-0.613	0.0801186
-0.612	0.0805159
-0.611	0.0809152
-0.61	0.0813164
-0.609	0.0817196
-0.608	0.0821248
-0.607	0.0825321
-0.606	0.0829414
-0.605	0.0833526
-0.604	0.083766
-0.603	0.0841814
-0.602	0.0845988
-0.601	0.0850183
-0.6	0.08544
-0.599	0.0858636
-0.598	0.0862894
-0.597	0.0867173
-0.596	0.0871473
-0.595	0.0875795
-0.594	0.0880138
-0.593	0.0884503
-0.592	0.0888889
-0.591	0.0893297
-0.59	0.0897727
-0.589	0.0902179
-0.588	0.0906653
-0.587	0.091115
-0.586	0.0915668
-0.585	0.0920209
-0.584	0.0924772
-0.583	0.0929357
-0.582	0.0933967
-0.581	0.0938598
-0.58	0.0943253
-0.579	0.0947932
-0.578	0.0952631
-0.577	0.0957356
-0.576	0.0962104
-0.575	0.0966875
-0.574	0.097167
-0.573	0.0976489
-0.572	0.0981331
-0.571	0.0986198
-0.57	0.0991088
-0.569	0.0996003
-0.568	0.100094
-0.567	0.100591
-0.566	0.101089
-0.565	0.101591
-0.564	0.102095
-0.563	0.102601
-0.562	0.10311
-0.561	0.103621
-0.56	0.104135
-0.559	0.104651
-0.558	0.10517
-0.557	0.105692
-0.556	0.106216
-0.555	0.106743
-0.554	0.107272
-0.553	0.107804
-0.552	0.108338
-0.551	0.108876
-0.55	0.109416
-0.549	0.109958
-0.548	0.110504
-0.547	0.111052
-0.546	0.111602
-0.545	0.112156
-0.544	0.112712
-0.543	0.113271
-0.542	0.113832
-0.541	0.114397
-0.54	0.114964
-0.539	0.115534
-0.538	0.116107
-0.537	0.116683
-0.536	0.117261
-0.535	0.117843
-0.534	0.118427
-0.533	0.119015
-0.532	0.119605
-0.531	0.120198
-0.53	0.120794
-0.529	0.121393
-0.528	0.121995
-0.527	0.1226
-0.526	0.123208
-0.525	0.123819
-0.524	0.124433
-0.523	0.12505
-0.522	0.12567
-0.521	0.126293
-0.52	0.126919
-0.519	0.127549
-0.518	0.128181
-0.517	0.128817
-0.516	0.129456
-0.515	0.130098
-0.514	0.130743
-0.513	0.131391
-0.512	0.132043
-0.511	0.132698
-0.51	0.133356
-0.509	0.134017
-0.508	0.134681
-0.507	0.135349
-0.506	0.136021
-0.505	0.136695
-0.504	0.137373
-0.503	0.138054
-0.502	0.138739
-0.501	0.139427
-0.5	0.140118
-0.499	0.140813
-0.498	0.141511
-0.497	0.142213
-0.496	0.142919
-0.495	0.143627
-0.494	0.14434
-0.493	0.145055
-0.492	0.145775
-0.491	0.146498
-0.49	0.147224
-0.489	0.147954
-0.488	0.148688
-0.487	0.149425
-0.486	0.150166
-0.485	0.150911
-0.484	0.15166
-0.483	0.152412
-0.482	0.153167
-0.481	0.153927
-0.48	0.15469
-0.479	0.155457
-0.478	0.156228
-0.477	0.157003
-0.476	0.157782
-0.475	0.158564
-0.474	0.159351
-0.473	0.160141
-0.472	0.160935
-0.471	0.161733
-0.47	0.162535
-0.469	0.163341
-0.468	0.164151
-0.467	0.164965
-0.466	0.165783
-0.465	0.166605
-0.464	0.167431
-0.463	0.168262
-0.462	0.169096
-0.461	0.169934
-0.46	0.170777
-0.459	0.171624
-0.458	0.172475
-0.457	0.17333
-0.456	0.17419
-0.455	0.175054
-0.454	0.175922
-0.453	0.176794
-0.452	0.177671
-0.451	0.178552
-0.45	0.179437
-0.449	0.180327
-0.448	0.181221
-0.447	0.18212
-0.446	0.183023
-0.445	0.183931
-0.444	0.184843
-0.443	0.185759
-0.442	0.18668
-0.441	0.187606
-0.44	0.188536
-0.439	0.189471
-0.438	0.190411
-0.437	0.191355
-0.436	0.192304
-0.435	0.193258
-0.434	0.194216
-0.433	0.195179
-0.432	0.196147
-0.431	0.19712
-0.43	0.198097
-0.429	0.19908
-0.428	0.200067
-0.427	0.201059
-0.426	0.202056
-0.425	0.203058
-0.424	0.204065
-0.423	0.205077
-0.422	0.206094
-0.421	0.207116
-0.42	0.208143
-0.419	0.209175
-0.418	0.210213
-0.417	0.211255
-0.416	0.212303
-0.415	0.213356
-0.414	0.214458
-0.413	0.215656
-0.412	0.216949
-0.411	0.21834
-0.41	0.219828
-0.409	0.221413
-0.408	0.223097
-0.407	0.224879
-0.406	0.226759
-0.405	0.228738
-0.404	0.230814
-0.403	0.232989
-0.402	0.235261
-0.401	0.23763
-0.4	0.240096
-0.399	0.242658
-0.398	0.245315
-0.397	0.248067
-0.396	0.250912
-0.395	0.253849
-0.394	0.256878
-0.393	0.259997
-0.392	0.263206
-0.391	0.266501
-0.39	0.269882
-0.389	0.273348
-0.388	0.276897
-0.387	0.280526
-0.386	0.284235
-0.385	0.288021
-0.384	0.291882
-0.383	0.295817
-0.382	0.299823
-0.381	0.303898
-0.38	0.308039
-0.379	0.312245
-0.378	0.316512
-0.377	0.32084
-0.376	0.325224
-0.375	0.329663
-0.374	0.334154
-0.373	0.338694
-0.372	0.343281
-0.371	0.347911
-0.37	0.352584
-0.369	0.357294
-0.368	0.362039
-0.367	0.366818
-0.366	0.371627
-0.365	0.376462
-0.364	0.381353
-0.363	0.38633
-0.362	0.391388
-0.361	0.396523
-0.36	0.401731
-0.359	0.407009
-0.358	0.412352
-0.357	0.417755
-0.356	0.423217
-0.355	0.428728
-0.354	0.434289
-0.353	0.439893
-0.352	0.445536
-0.351	0.451214
-0.35	0.456923
-0.349	0.462656
-0.348	0.468411
-0.347	0.474185
-0.346	0.479967
-0.345	0.485758
-0.344	0.491554
-0.343	0.497347
-0.342	0.503132
-0.341	0.508909
-0.34	0.514668
-0.339	0.52041
-0.338	0.526125
-0.337	0.531812
-0.336	0.537467
-0.335	0.543083
-0.334	0.548656
-0.333	0.554184
-0.332	0.559659
-0.331	0.56508
-0.33	0.570441
-0.329	0.575738
-0.328	0.580967
-0.327	0.586124
-0.326	0.591206
-0.325	0.596205
-0.324	0.601123
-0.323	0.60595
-0.322	0.610687
-0.321	0.615328
-0.32	0.619871
-0.319	0.624309
-0.318	0.628643
-0.317	0.632867
-0.316	0.636978
-0.315	0.640972
-0.314	0.644848
-0.313	0.648601
-0.312	0.652231
-0.311	0.655731
-0.31	0.659099
-0.309	0.662337
-0.308	0.665437
-0.307	0.6684
-0.306	0.671222
-0.305	0.673904
-0.304	0.676438
-0.303	0.678827
-0.302	0.681067
-0.301	0.683157
-0.3	0.685097
-0.299	0.686883
-0.298	0.688512
-0.297	0.68999
-0.296	0.691309
-0.295	0.692471
-0.294	0.693473
-0.293	0.694318
-0.292	0.695003
-0.291	0.695527
-0.29	0.695893
-0.289	0.696095
-0.288	0.69614
-0.287	0.696022
-0.286	0.695745
-0.285	0.695308
-0.284	0.694713
-0.283	0.693957
-0.282	0.693044
-0.281	0.691974
-0.28	0.690748
-0.279	0.689366
-0.278	0.687832
-0.277	0.686143
-0.276	0.684306
-0.275	0.682318
-0.274	0.680183
-0.273	0.677903
-0.272	0.675479
-0.271	0.672913
-0.27	0.670208
-0.269	0.667366
-0.268	0.664389
-0.267	0.661281
-0.266	0.658042
-0.265	0.654679
-0.264	0.65119
-0.263	0.647581
-0.262	0.643855
-0.261	0.640014
-0.26	0.636061
-0.259	0.632
-0.258	0.627836
-0.257	0.62357
-0.256	0.619206
-0.255	0.614749
-0.254	0.610202
-0.253	0.605569
-0.252	0.600854
-0.251	0.596059
-0.25	0.591191
-0.249	0.586253
-0.248	0.58125
-0.247	0.576182
-0.246	0.571059
-0.245	0.565881
-0.244	0.560656
-0.243	0.555385
-0.242	0.550074
-0.241	0.544727
-0.24	0.53935
-0.239	0.533946
-0.238	0.528518
-0.237	0.523074
-0.236	0.517616
-0.235	0.51215
-0.234	0.506679
-0.233	0.501209
-0.232	0.495745
-0.231	0.490291
-0.23	0.48485
-0.229	0.479428
-0.228	0.474029
-0.227	0.468659
-0.226	0.46332
-0.225	0.458019
-0.224	0.452759
-0.223	0.447543
-0.222	0.44238
-0.221	0.43727
-0.22	0.432218
-0.219	0.427229
-0.218	0.422308
-0.217	0.417457
-0.216	0.412683
-0.215	0.407988
-0.214	0.403374
-0.213	0.39885
-0.212	0.394415
-0.211	0.390074
-0.21	0.385834
-0.209	0.381694
-0.208	0.37766
-0.207	0.373735
-0.206	0.369922
-0.205	0.366223
-0.204	0.362643
-0.203	0.359186
-0.202	0.355853
-0.201	0.352646
-0.2	0.34957
-0.199	0.346628
-0.198	0.343819
-0.197	0.341148
-0.196	0.338618
-0.195	0.33623
-0.194	0.333986
-0.193	0.331887
-0.192	0.329937
-0.191	0.328136
-0.19	0.326488
-0.189	0.324992
-0.188	0.323649
-0.187	0.322463
-0.186	0.321432
-0.185	0.32056
-0.184	0.319845
-0.183	0.31929
-0.182	0.318894
-0.181	0.318658
-0.18	0.318582
-0.179	0.318667
-0.178	0.318913
-0.177	0.319319
-0.176	0.319886
-0.175	0.320613
-0.174	0.321499
-0.173	0.322545
-0.172	0.323748
-0.171	0.32511
-0.17	0.326627
-0.169	0.3283
-0.168	0.330128
-0.167	0.332108
-0.166	0.334239
-0.165	0.33652
-0.164	0.338951
-0.163	0.341525
-0.162	0.344245
-0.161	0.347108
-0.16	0.35011
-0.159	0.353249
-0.158	0.356525
-0.157	0.359934
-0.156	0.363471
-0.155	0.367137
-0.154	0.370927
-0.153	0.374839
-0.152	0.37887
-0.151	0.383016
-0.15	0.387273
-0.149	0.391641
-0.148	0.396114
-0.147	0.400689
-0.146	0.405362
-0.145	0.410131
-0.144	0.414989
-0.143	0.419936
-0.142	0.424966
-0.141	0.430075
-0.14	0.43526
-0.139	0.440517
-0.138	0.44584
-0.137	0.451226
-0.136	0.456672
-0.135	0.462172
-0.134	0.467722
-0.133	0.473318
-0.132	0.478956
-0.131	0.484629
-0.13	0.490338
-0.129	0.496072
-0.128	0.501832
-0.127	0.507608
-0.126	0.5134
-0.125	0.519203
-0.124	0.525011
-0.123	0.530818
-0.122	0.536623
-0.121	0.542419
-0.12	0.548202
-0.119	0.553967
-0.118	0.559712
-0.117	0.565428
-0.116	0.571113
-0.115	0.576765
-0.114	0.582374
-0.113	0.587941
-0.112	0.593457
-0.111	0.598921
-0.11	0.604328
-0.109	0.609673
-0.108	0.614952
-0.107	0.620161
-0.106	0.625296
-0.105	0.630353
-0.104	0.635328
-0.103	0.640217
-0.102	0.645015
-0.101	0.649721
-0.1	0.654331
