-4	0
-3.999	0
-3.998	0
-3.997	0
-3.996	0
-3.995	0
-3.994	0
-3.993	0
-3.992	0
-3.991	0
-3.99	0
-3.989	0
-3.988	0
-3.987	0
-3.986	0
-3.985	0
-3.984	0
-3.983	0
-3.982	0
-3.981	0
-3.98	0
-3.979	0
-3.978	0
-3.977	0
-3.976	0
-3.975	0
-3.974	0
-3.973	0
-3.972	0
-3.971	0
-3.97	0
-3.969	0
-3.968	0
-3.967	0
-3.966	0
-3.965	0
-3.964	0
-3.963	0
-3.962	0
-3.961	0
-3.96	0
-3.959	0
-3.958	0
-3.957	0
-3.956	0
-3.955	0
-3.954	0
-3.953	0
-3.952	0
-3.951	0
-3.95	0
-3.949	0
-3.948	0
-3.947	0
-3.946	0
-3.945	0
-3.944	0
-3.943	0
-3.942	0
-3.941	0
-3.94	0
-3.939	0
-3.938	0
-3.937	0
-3.936	0
-3.935	0
-3.934	0
-3.933	0
-3.932	0
-3.931	0
-3.93	0
-3.929	0
-3.928	0
-3.927	0
-3.926	0
-3.925	0
-3.924	0
-3.923	0
-3.922	0
-3.921	0
-3.92	0
-3.919	0
-3.918	0
-3.917	0
-3.916	0
-3.915	0
-3.914	0
-3.913	0
-3.912	0
-3.911	0
-3.91	0
-3.909	0
-3.908	0
-3.907	0
-3.906	0
-3.905	0
-3.904	0
-3.903	0
-3.902	0
-3.901	0
-3.9	0
-3.899	0
-3.898	0
-3.897	0
-3.896	0
-3.895	0
-3.894	0
-3.893	0
-3.892	0
-3.891	0
-3.89	0
-3.889	0
-3.888	0
-3.887	0
-3.886	0
-3.885	0
-3.884	0
-3.883	0
-3.882	0
-3.881	0
-3.88	0
-3.879	0
-3.878	0
-3.877	0
-3.876	0
-3.875	0
-3.874	0
-3.873	0
-3.872	0
-3.871	0
-3.87	0
-3.869	0
-3.868	0
-3.867	0
-3.866	0
-3.865	0
-3.864	0
-3.863	0
-3.862	0
-3.861	0
-3.86	0
-3.859	0
-3.858	0
-3.857	0
-3.856	0
-3.855	0
-3.854	0
-3.853	0
-3.852	0
-3.851	0
-3.85	0
-3.849	0
-3.848	0
-3.847	0
-3.846	0
-3.845	0
-3.844	0
-3.843	0
-3.842	0
-3.841	0
-3.84	0
-3.839	0
-3.838	0
-3.837	0
-3.836	0
-3.835	0
-3.834	0
-3.833	0
-3.832	0
-3.831	0
-3.83	0
-3.829	0
-3.828	0
-3.827	0
-3.826	0
-3.825	0
-3.824	0
-3.823	0
-3.822	0
-3.821	0
-3.82	0
-3.819	0
-3.818	0
-3.817	0
-3.816	0
-3.815	0
-3.814	0
-3.813	0
-3.812	0
-3.811	0
-3.81	0
-3.809	0
-3.808	0
-3.807	0
-3.806	0
-3.805	0
-3.804	0
-3.803	0
-3.802	0
-3.801	0
-3.8	0
-3.799	0
-3.798	0
-3.797	0
-3.796	0
-3.795	0
-3.794	0
-3.793	0
-3.792	0
-3.791	0
-3.79	0
-3.789	0
-3.788	0
-3.787	0
-3.786	0
-3.785	0
-3.784	0
-3.783	0
-3.782	0
-3.781	0
-3.78	0
-3.779	0
-3.778	0
-3.777	0
-3.776	0
-3.775	0
-3.774	0
-3.773	0
-3.772	0
-3.771	0
-3.77	0
-3.769	0
-3.768	0
-3.767	0
-3.766	0
-3.765	0
-3.764	0
-3.763	0
-3.762	0
-3.761	0
-3.76	0
-3.759	0
-3.758	0
-3.757	0
-3.756	0
-3.755	0
-3.754	0
-3.753	0
-3.752	0
-3.751	0
-3.75	0
-3.749	0
-3.748	0
-3.747	0
-3.746	0
-3.745	0
-3.744	0
-3.743	0
-3.742	0
-3.741	0
-3.74	0
-3.739	0
-3.738	0
-3.737	0
-3.736	0
-3.735	0
-3.734	0
-3.733	0
-3.732	0
-3.731	0
-3.73	0
-3.729	0
-3.728	0
-3.727	0
-3.726	0
-3.725	0
-3.724	0
-3.723	0
-3.722	0
-3.721	0
-3.72	0
-3.719	0
-3.718	0
-3.717	0
-3.716	0
-3.715	0
-3.714	0
-3.713	0
-3.712	0
-3.711	0
-3.71	0
-3.709	0
-3.708	0
-3.707	0
-3.706	0
-3.705	0
-3.704	0
-3.703	0
-3.702	0
-3.701	0
-3.7	0
-3.699	0
-3.698	0
-3.697	0
-3.696	0
-3.695	0
-3.694	0
-3.693	0
-3.692	0
-3.691	0
-3.69	0
-3.689	0
-3.688	0
-3.687	0
-3.686	0
-3.685	0
-3.684	0
-3.683	0
-3.682	0
-3.681	0
-3.68	0
-3.679	0
-3.678	0
-3.677	0
-3.676	0
-3.675	0
-3.674	0
-3.673	0
-3.672	0
-3.671	0
-3.67	0
-3.669	0
-3.668	0
-3.667	0
-3.666	0
-3.665	0
-3.664	0
-3.663	0
-3.662	0
-3.661	0
-3.66	0
-3.659	0
-3.658	0
-3.657	0
-3.656	0
-3.655	0
-3.654	0
-3.653	0
-3.652	0
-3.651	0
-3.65	0
-3.649	0
-3.648	0
-3.647	0
-3.646	0
-3.645	0
-3.644	0
-3.643	0
-3.642	0
-3.641	0
-3.64	0
-3.639	0
-3.638	0
-3.637	0
-3.636	0
-3.635	0
-3.634	0
-3.633	0
-3.632	0
-3.631	0
-3.63	0
-3.629	0
-3.628	0
-3.627	0
-3.626	0
-3.625	0
-3.624	0
-3.623	0
-3.622	0
-3.621	0
-3.62	0
-3.619	0
-3.618	0
-3.617	0
-3.616	0
-3.615	0
-3.614	0
-3.613	0
-3.612	0
-3.611	0
-3.61	0
-3.609	0
-3.608	0
-3.607	0
-3.606	0
-3.605	0
-3.604	0
-3.603	0
-3.602	0
-3.601	0
-3.6	0
-3.599	0
-3.598	0
-3.597	0
-3.596	0
-3.595	0
-3.594	0
-3.593	0
-3.592	0
-3.591	0
-3.59	0
-3.589	0
-3.588	0
-3.587	0
-3.586	0
-3.585	0
-3.584	0
-3.583	0
-3.582	0
-3.581	0
-3.58	0
-3.579	0
-3.578	0
-3.577	0
-3.576	0
-3.575	0
-3.574	0
-3.573	0
-3.572	0
-3.571	0
-3.57	0
-3.569	0
-3.568	0
-3.567	0
-3.566	0
-3.565	0
-3.564	0
-3.563	0
-3.562	0
-3.561	0
-3.56	0
-3.559	0
-3.558	0
-3.557	0
-3.556	0
-3.555	0
-3.554	0
-3.553	0
-3.552	0
-3.551	0
-3.55	0
-3.549	0
-3.548	0
-3.547	0
-3.546	0
-3.545	0
-3.544	0
-3.543	0
-3.542	0
-3.541	0
-3.54	0
-3.539	0
-3.538	0
-3.537	0
-3.536	0
-3.535	0
-3.534	0
-3.533	0
-3.532	0
-3.531	0
-3.53	0
-3.529	0
-3.528	0
-3.527	0
-3.526	0
-3.525	0
-3.524	0
-3.523	0
-3.522	0
-3.521	0
-3.52	0
-3.519	0
-3.518	0
-3.517	0
-3.516	0
-3.515	0
-3.514	0
-3.513	0
-3.512	0
-3.511	0
-3.51	0
-3.509	0
-3.508	0
-3.507	0
-3.506	0
-3.505	0
-3.504	0
-3.503	0
-3.502	0
-3.501	0
-3.5	0
-3.499	0
-3.498	0
-3.497	0
-3.496	0
-3.495	0
-3.494	0
-3.493	0
-3.492	0
-3.491	0
-3.49	0
-3.489	0
-3.488	0
-3.487	0
-3.486	0
-3.485	0
-3.484	0
-3.483	0
-3.482	0
-3.481	0
-3.48	0
-3.479	0
-3.478	0
-3.477	0
-3.476	0
-3.475	0
-3.474	0
-3.473	0
-3.472	0
-3.471	0
-3.47	0
-3.469	0
-3.468	0
-3.467	0
-3.466	0
-3.465	0
-3.464	0
-3.463	0
-3.462	0
-3.461	0
-3.46	0
-3.459	0
-3.458	0
-3.457	0
-3.456	0
-3.455	0
-3.454	0
-3.453	0
-3.452	0
-3.451	0
-3.45	0
-3.449	0
-3.448	0
-3.447	0
-3.446	0
-3.445	0
-3.444	0
-3.443	0
-3.442	0
-3.441	0
-3.44	0
-3.439	0
-3.438	0
-3.437	0
-3.436	0
-3.435	0
-3.434	0
-3.433	0
-3.432	0
-3.431	0
-3.43	0
-3.429	0
-3.428	0
-3.427	0
-3.426	0
-3.425	0
-3.424	0
-3.423	0
-3.422	0
-3.421	0
-3.42	0
-3.419	0
-3.418	0
-3.417	0
-3.416	0
-3.415	0
-3.414	0
-3.413	0
-3.412	0
-3.411	0
-3.41	0
-3.409	0
-3.408	0
-3.407	0
-3.406	0
-3.405	0
-3.404	0
-3.403	0
-3.402	0
-3.401	0
-3.4	0
-3.399	0
-3.398	0
-3.397	0
-3.396	0
-3.395	0
-3.394	0
-3.393	0
-3.392	0
-3.391	0
-3.39	0
-3.389	0
-3.388	0
-3.387	0
-3.386	0
-3.385	0
-3.384	0
-3.383	0
-3.382	0
-3.381	0
-3.38	0
-3.379	0
-3.378	0
-3.377	0
-3.376	0
-3.375	0
-3.374	0
-3.373	0
-3.372	0
-3.371	0
-3.37	0
-3.369	0
-3.368	0
-3.367	0
-3.366	0
-3.365	0
-3.364	0
-3.363	0
-3.362	0
-3.361	0
-3.36	0
-3.359	0
-3.358	0
-3.357	0
-3.356	0
-3.355	0
-3.354	0
-3.353	0
-3.352	0
-3.351	0
-3.35	0
-3.349	0
-3.348	0
-3.347	0
-3.346	0
-3.345	0
-3.344	0
-3.343	0
-3.342	0
-3.341	0
-3.34	0
-3.339	0
-3.338	0
-3.337	0
-3.336	0
-3.335	0
-3.334	0
-3.333	0
-3.332	0
-3.331	0
-3.33	0
-3.329	0
-3.328	0
-3.327	0
-3.326	0
-3.325	0
-3.324	0
-3.323	0
-3.322	0
-3.321	0
-3.32	0
-3.319	0
-3.318	0
-3.317	0
-3.316	0
-3.315	0
-3.314	0
-3.313	0
-3.312	0
-3.311	0
-3.31	0
-3.309	0
-3.308	0
-3.307	0
-3.306	0
-3.305	0
-3.304	0
-3.303	0
-3.302	0
-3.301	0
-3.3	0
-3.299	0
-3.298	0
-3.297	0
-3.296	0
-3.295	0
-3.294	0
-3.293	0
-3.292	0
-3.291	0
-3.29	0
-3.289	0
-3.288	0
-3.287	0
-3.286	0
-3.285	0
-3.284	0
-3.283	0
-3.282	0
-3.281	0
-3.28	0
-3.279	0
-3.278	0
-3.277	0
-3.276	0
-3.275	0
-3.274	0
-3.273	0
-3.272	0
-3.271	0
-3.27	0
-3.269	0
-3.268	0
-3.267	0
-3.266	0
-3.265	0
-3.264	0
-3.263	0
-3.262	0
-3.261	0
-3.26	0
-3.259	0
-3.258	0
-3.257	0
-3.256	0
-3.255	0
-3.254	0
-3.253	0
-3.252	0
-3.251	0
-3.25	0
-3.249	0
-3.248	0
-3.247	0
-3.246	0
-3.245	0
-3.244	0
-3.243	0
-3.242	0
-3.241	0
-3.24	0
-3.239	0
-3.238	0
-3.237	0
-3.236	0
-3.235	0
-3.234	0
-3.233	0
-3.232	0
-3.231	0
-3.23	0
-3.229	0
-3.228	0
-3.227	0
-3.226	0
-3.225	0
-3.224	0
-3.223	0
-3.222	0
-3.221	0
-3.22	0
-3.219	0
-3.218	0
-3.217	0
-3.216	0
-3.215	0
-3.214	0
-3.213	0
-3.212	0
-3.211	0
-3.21	0
-3.209	0
-3.208	0
-3.207	0
-3.206	0
-3.205	0
-3.204	0
-3.203	0
-3.202	0
-3.201	0
-3.2	0
-3.199	0
-3.198	0
-3.197	0
-3.196	0
-3.195	0
-3.194	0
-3.193	0
-3.192	0
-3.191	0
-3.19	0
-3.189	0
-3.188	0
-3.187	0
-3.186	0
-3.185	0
-3.184	0
-3.183	0
-3.182	0
-3.181	0
-3.18	0
-3.179	0
-3.178	0
-3.177	0
-3.176	0
-3.175	0
-3.174	0
-3.173	0
-3.172	0
-3.171	0
-3.17	0
-3.169	0
-3.168	0
-3.167	0
-3.166	0
-3.165	0
-3.164	0
-3.163	0
-3.162	0
-3.161	0
-3.16	0
-3.159	0
-3.158	0
-3.157	0
-3.156	0
-3.155	0
-3.154	0
-3.153	0
-3.152	0
-3.151	0
-3.15	0
-3.149	0
-3.148	0
-3.147	0
-3.146	0
-3.145	0
-3.144	0
-3.143	0
-3.142	0
-3.141	0
-3.14	0
-3.139	0
-3.138	0
-3.137	0
-3.136	0
-3.135	0
-3.134	0
-3.133	0
-3.132	0
-3.131	0
-3.13	0
-3.129	0
-3.128	0
-3.127	0
-3.126	0
-3.125	0
-3.124	0
-3.123	0
-3.122	0
-3.121	0
-3.12	0
-3.119	0
-3.118	0
-3.117	0
-3.116	0
-3.115	0
-3.114	0
-3.113	0
-3.112	0
-3.111	0
-3.11	0
-3.109	0
-3.108	0
-3.107	0
-3.106	0
-3.105	0
-3.104	0
-3.103	0
-3.102	0
-3.101	0
-3.1	0
-3.099	0
-3.098	0
-3.097	0
-3.096	0
-3.095	0
-3.094	0
-3.093	0
-3.092	0
-3.091	0
-3.09	0
-3.089	0
-3.088	0
-3.087	0
-3.086	0
-3.085	0
-3.084	0
-3.083	0
-3.082	0
-3.081	0
-3.08	0
-3.079	0
-3.078	0
-3.077	0
-3.076	0
-3.075	0
-3.074	0
-3.073	0
-3.072	0
-3.071	0
-3.07	0
-3.069	0
-3.068	0
-3.067	0
-3.066	0
-3.065	0
-3.064	0
-3.063	0
-3.062	0
-3.061	0
-3.06	0
-3.059	0
-3.058	0
-3.057	0
-3.056	0
-3.055	0
-3.054	0
-3.053	0
-3.052	0
-3.051	0
-3.05	0
-3.049	0
-3.048	0
-3.047	0
-3.046	0
-3.045	0
-3.044	0
-3.043	0
-3.042	0
-3.041	0
-3.04	0
-3.039	0
-3.038	0
-3.037	0
-3.036	0
-3.035	0
-3.034	0
-3.033	0
-3.032	0
-3.031	0
-3.03	0
-3.029	0
-3.028	0
-3.027	0
-3.026	0
-3.025	0
-3.024	0
-3.023	0
-3.022	0
-3.021	0
-3.02	0
-3.019	0
-3.018	0
-3.017	0
-3.016	0
-3.015	0
-3.014	0
-3.013	0
-3.012	0
-3.011	0
-3.01	0
-3.009	0
-3.008	0
-3.007	0
-3.006	0
-3.005	0
-3.004	0
-3.003	0
-3.002	0
-3.001	0
-3	0
-2.999	0
-2.998	0
-2.997	0
-2.996	0
-2.995	0
-2.994	0
-2.993	0
-2.992	0
-2.991	0
-2.99	0
-2.989	0
-2.988	0
-2.987	0
-2.986	0
-2.985	0
-2.984	0
-2.983	0
-2.982	0
-2.981	0
-2.98	0
-2.979	0
-2.978	0
-2.977	0
-2.976	0
-2.975	0
-2.974	0
-2.973	0
-2.972	0
-2.971	0
-2.97	0
-2.969	0
-2.968	0
-2.967	0
-2.966	0
-2.965	0
-2.964	0
-2.963	0
-2.962	0
-2.961	0
-2.96	0
-2.959	0
-2.958	0
-2.957	0
-2.956	0
-2.955	0
-2.954	0
-2.953	0
-2.952	0
-2.951	0
-2.95	0
-2.949	0
-2.948	0
-2.947	0
-2.946	0
-2.945	0
-2.944	0
-2.943	0
-2.942	0
-2.941	0
-2.94	0
-2.939	0
-2.938	0
-2.937	0
-2.936	0
-2.935	0
-2.934	0
-2.933	0
-2.932	0
-2.931	0
-2.93	0
-2.929	0
-2.928	0
-2.927	0
-2.926	0
-2.925	0
-2.924	0
-2.923	0
-2.922	0
-2.921	0
-2.92	0
-2.919	0
-2.918	0
-2.917	0
-2.916	0
-2.915	0
-2.914	0
-2.913	0
-2.912	0
-2.911	0
-2.91	0
-2.909	0
-2.908	0
-2.907	0
-2.906	0
-2.905	0
-2.904	0
-2.903	0
-2.902	0
-2.901	0
-2.9	0
-2.899	0
-2.898	0
-2.897	0
-2.896	0
-2.895	0
-2.894	0
-2.893	0
-2.892	0
-2.891	0
-2.89	0
-2.889	0
-2.888	0
-2.887	0
-2.886	0
-2.885	0
-2.884	0
-2.883	0
-2.882	0
-2.881	0
-2.88	0
-2.879	0
-2.878	0
-2.877	0
-2.876	0
-2.875	0
-2.874	0
-2.873	0
-2.872	0
-2.871	0
-2.87	0
-2.869	0
-2.868	0
-2.867	0
-2.866	0
-2.865	0
-2.864	0
-2.863	0
-2.862	0
-2.861	0
-2.86	0
-2.859	0
-2.858	0
-2.857	0
-2.856	0
-2.855	0
-2.854	0
-2.853	0
-2.852	0
-2.851	0
-2.85	0
-2.849	0
-2.848	0
-2.847	0
-2.846	0
-2.845	0
-2.844	0
-2.843	0
-2.842	0
-2.841	0
-2.84	0
-2.839	0
-2.838	0
-2.837	0
-2.836	0
-2.835	0
-2.834	0
-2.833	0
-2.832	0
-2.831	0
-2.83	0
-2.829	0
-2.828	0
-2.827	0
-2.826	0
-2.825	0
-2.824	0
-2.823	0
-2.822	0
-2.821	0
-2.82	0
-2.819	0
-2.818	0
-2.817	0
-2.816	0
-2.815	0
-2.814	0
-2.813	0
-2.812	0
-2.811	0
-2.81	0
-2.809	0
-2.808	0
-2.807	0
-2.806	0
-2.805	0
-2.804	0
-2.803	0
-2.802	0
-2.801	0
-2.8	0
-2.799	0
-2.798	0
-2.797	0
-2.796	0
-2.795	0
-2.794	0
-2.793	0
-2.792	0
-2.791	0
-2.79	0
-2.789	0
-2.788	0
-2.787	0
-2.786	0
-2.785	0
-2.784	0
-2.783	0
-2.782	0
-2.781	0
-2.78	0
-2.779	0
-2.778	0
-2.777	0
-2.776	0
-2.775	0
-2.774	0
-2.773	0
-2.772	0
-2.771	0
-2.77	0
-2.769	0
-2.768	0
-2.767	0
-2.766	0
-2.765	0
-2.764	0
-2.763	0
-2.762	0
-2.761	0
-2.76	0
-2.759	0
-2.758	0
-2.757	0
-2.756	0
-2.755	0
-2.754	0
-2.753	0
-2.752	0
-2.751	0
-2.75	0
-2.749	0
-2.748	0
-2.747	0
-2.746	0
-2.745	0
-2.744	0
-2.743	0
-2.742	0
-2.741	0
-2.74	0
-2.739	0
-2.738	0
-2.737	0
-2.736	0
-2.735	0
-2.734	0
-2.733	0
-2.732	0
-2.731	0
-2.73	0
-2.729	0
-2.728	0
-2.727	0
-2.726	0
-2.725	0
-2.724	0
-2.723	0
-2.722	0
-2.721	0
-2.72	0
-2.719	0
-2.718	0
-2.717	0
-2.716	0
-2.715	0
-2.714	0
-2.713	0
-2.712	0
-2.711	0
-2.71	0
-2.709	0
-2.708	0
-2.707	0
-2.706	0
-2.705	0
-2.704	0
-2.703	0
-2.702	0
-2.701	0
-2.7	0
-2.699	0
-2.698	0
-2.697	0
-2.696	0
-2.695	0
-2.694	0
-2.693	0
-2.692	0
-2.691	0
-2.69	0
-2.689	0
-2.688	0
-2.687	0
-2.686	0
-2.685	0
-2.684	0
-2.683	0
-2.682	0
-2.681	0
-2.68	0
-2.679	0
-2.678	0
-2.677	0
-2.676	0
-2.675	0
-2.674	0
-2.673	0
-2.672	0
-2.671	0
-2.67	0
-2.669	0
-2.668	0
-2.667	0
-2.666	0
-2.665	0
-2.664	0
-2.663	0
-2.662	0
-2.661	0
-2.66	0
-2.659	0
-2.658	0
-2.657	0
-2.656	0
-2.655	0
-2.654	0
-2.653	0
-2.652	0
-2.651	0
-2.65	0
-2.649	0
-2.648	0
-2.647	0
-2.646	0
-2.645	0
-2.644	0
-2.643	0
-2.642	0
-2.641	0
-2.64	0
-2.639	0
-2.638	0
-2.637	0
-2.636	0
-2.635	0
-2.634	0
-2.633	0
-2.632	0
-2.631	0
-2.63	0
-2.629	0
-2.628	0
-2.627	0
-2.626	0
-2.625	0
-2.624	0
-2.623	0
-2.622	0
-2.621	0
-2.62	0
-2.619	0
-2.618	0
-2.617	0
-2.616	0
-2.615	0
-2.614	0
-2.613	0
-2.612	0
-2.611	0
-2.61	0
-2.609	0
-2.608	0
-2.607	0
-2.606	0
-2.605	0
-2.604	0
-2.603	0
-2.602	0
-2.601	0
-2.6	0
-2.599	0
-2.598	0
-2.597	0
-2.596	0
-2.595	0
-2.594	0
-2.593	0
-2.592	0
-2.591	0
-2.59	0
-2.589	0
-2.588	0
-2.587	0
-2.586	0
-2.585	0
-2.584	0
-2.583	0
-2.582	0
-2.581	0
-2.58	0
-2.579	0
-2.578	0
-2.577	0
-2.576	0
-2.575	0
-2.574	0
-2.573	0
-2.572	0
-2.571	0
-2.57	0
-2.569	0
-2.568	0
-2.567	0
-2.566	0
-2.565	0
-2.564	0
-2.563	0
-2.562	0
-2.561	0
-2.56	0
-2.559	0
-2.558	0
-2.557	0
-2.556	0
-2.555	0
-2.554	0
-2.553	0
-2.552	0
-2.551	0
-2.55	0
-2.549	0
-2.548	0
-2.547	0
-2.546	0
-2.545	0
-2.544	0
-2.543	0
-2.542	0
-2.541	0
-2.54	0
-2.539	0
-2.538	0
-2.537	0
-2.536	0
-2.535	0
-2.534	0
-2.533	0
-2.532	0
-2.531	0
-2.53	0
-2.529	0
-2.528	0
-2.527	0
-2.526	0
-2.525	0
-2.524	0
-2.523	0
-2.522	0
-2.521	0
-2.52	0
-2.519	0
-2.518	0
-2.517	0
-2.516	0
-2.515	0
-2.514	0
-2.513	0
-2.512	0
-2.511	0
-2.51	0
-2.509	0
-2.508	0
-2.507	0
-2.506	0
-2.505	0
-2.504	0
-2.503	0
-2.502	0
-2.501	0
-2.5	0
-2.499	0
-2.498	0
-2.497	0
-2.496	0
-2.495	0
-2.494	0
-2.493	0
-2.492	0
-2.491	0
-2.49	0
-2.489	0
-2.488	0
-2.487	0
-2.486	0
-2.485	0
-2.484	0
-2.483	0
-2.482	0
-2.481	0
-2.48	0
-2.479	0
-2.478	0
-2.477	0
-2.476	0
-2.475	0
-2.474	0
-2.473	0
-2.472	0
-2.471	0
-2.47	0
-2.469	0
-2.468	0
-2.467	0
-2.466	0
-2.465	0
-2.464	0
-2.463	0
-2.462	0
-2.461	0
-2.46	0
-2.459	0
-2.458	0
-2.457	0
-2.456	0
-2.455	0
-2.454	0
-2.453	0
-2.452	0
-2.451	0
-2.45	0
-2.449	0
-2.448	0
-2.447	0
-2.446	0
-2.445	0
-2.444	0
-2.443	0
-2.442	0
-2.441	0
-2.44	0
-2.439	0
-2.438	0
-2.437	0
-2.436	0
-2.435	0
-2.434	0
-2.433	0
-2.432	0
-2.431	0
-2.43	0
-2.429	0
-2.428	0
-2.427	0
-2.426	0
-2.425	0
-2.424	0
-2.423	0
-2.422	0
-2.421	0
-2.42	0
-2.419	0
-2.418	0
-2.417	0
-2.416	0
-2.415	0
-2.414	0
-2.413	0
-2.412	0
-2.411	0
-2.41	0
-2.409	0
-2.408	0
-2.407	0
-2.406	0
-2.405	0
-2.404	0
-2.403	0
-2.402	0
-2.401	0
-2.4	0
-2.399	0
-2.398	0
-2.397	0
-2.396	0
-2.395	0
-2.394	0
-2.393	0
-2.392	0
-2.391	0
-2.39	0
-2.389	0
-2.388	0
-2.387	0
-2.386	0
-2.385	0
-2.384	0
-2.383	0
-2.382	0
-2.381	0
-2.38	0
-2.379	0
-2.378	0
-2.377	0
-2.376	0
-2.375	0
-2.374	0
-2.373	0
-2.372	0
-2.371	0
-2.37	0
-2.369	0
-2.368	0
-2.367	0
-2.366	0
-2.365	0
-2.364	0
-2.363	0
-2.362	0
-2.361	0
-2.36	0
-2.359	0
-2.358	0
-2.357	0
-2.356	0
-2.355	0
-2.354	0
-2.353	0
-2.352	0
-2.351	0
-2.35	0
-2.349	0
-2.348	0
-2.347	0
-2.346	0
-2.345	0
-2.344	0
-2.343	0
-2.342	0
-2.341	0
-2.34	0
-2.339	0
-2.338	0
-2.337	0
-2.336	0
-2.335	0
-2.334	0
-2.333	0
-2.332	0
-2.331	0
-2.33	0
-2.329	0
-2.328	0
-2.327	0
-2.326	0
-2.325	0
-2.324	0
-2.323	0
-2.322	0
-2.321	0
-2.32	0
-2.319	0
-2.318	0
-2.317	0
-2.316	0
-2.315	0
-2.314	0
-2.313	0
-2.312	0
-2.311	0
-2.31	0
-2.309	0
-2.308	0
-2.307	0
-2.306	0
-2.305	0
-2.304	0
-2.303	0
-2.302	0
-2.301	0
-2.3	0
-2.299	0
-2.298	0
-2.297	0
-2.296	0
-2.295	0
-2.294	0
-2.293	0
-2.292	0
-2.291	0
-2.29	0
-2.289	0
-2.288	0
-2.287	0
-2.286	0
-2.285	0
-2.284	0
-2.283	0
-2.282	0
-2.281	0
-2.28	0
-2.279	0
-2.278	0
-2.277	0
-2.276	0
-2.275	0
-2.274	0
-2.273	0
-2.272	0
-2.271	0
-2.27	0
-2.269	0
-2.268	0
-2.267	0
-2.266	0
-2.265	0
-2.264	0
-2.263	0
-2.262	0
-2.261	0
-2.26	0
-2.259	0
-2.258	0
-2.257	0
-2.256	0
-2.255	0
-2.254	0
-2.253	0
-2.252	0
-2.251	0
-2.25	0
-2.249	0
-2.248	0
-2.247	0
-2.246	0
-2.245	0
-2.244	0
-2.243	0
-2.242	0
-2.241	0
-2.24	0
-2.239	0
-2.238	0
-2.237	0
-2.236	0
-2.235	0
-2.234	0
-2.233	0
-2.232	0
-2.231	0
-2.23	0
-2.229	0
-2.228	0
-2.227	0
-2.226	0
-2.225	0
-2.224	0
-2.223	0
-2.222	0
-2.221	0
-2.22	0
-2.219	0
-2.218	0
-2.217	0
-2.216	0
-2.215	0
-2.214	0
-2.213	0
-2.212	0
-2.211	0
-2.21	0
-2.209	0
-2.208	0
-2.207	0
-2.206	0
-2.205	0
-2.204	0
-2.203	0
-2.202	0
-2.201	0
-2.2	0
-2.199	0
-2.198	0
-2.197	0
-2.196	0
-2.195	0
-2.194	0
-2.193	0
-2.192	0
-2.191	0
-2.19	0
-2.189	0
-2.188	0
-2.187	0
-2.186	0
-2.185	0
-2.184	0
-2.183	0
-2.182	0
-2.181	0
-2.18	0
-2.179	0
-2.178	0
-2.177	0
-2.176	0
-2.175	0
-2.174	0
-2.173	0
-2.172	0
-2.171	0
-2.17	0
-2.169	0
-2.168	0
-2.167	0
-2.166	0
-2.165	0
-2.164	0
-2.163	0
-2.162	0
-2.161	0
-2.16	0
-2.159	0
-2.158	0
-2.157	0
-2.156	0
-2.155	0
-2.154	0
-2.153	0
-2.152	0
-2.151	0
-2.15	0
-2.149	0
-2.148	0
-2.147	0
-2.146	0
-2.145	0
-2.144	0
-2.143	0
-2.142	0
-2.141	0
-2.14	0
-2.139	0
-2.138	0
-2.137	0
-2.136	0
-2.135	0
-2.134	0
-2.133	0
-2.132	0
-2.131	0
-2.13	0
-2.129	0
-2.128	0
-2.127	0
-2.126	1.54062e-076
-2.125	1.02005e-075
-2.124	3.82835e-075
-2.123	1.20255e-074
-2.122	4.06766e-074
-2.121	1.51209e-073
-2.12	5.85265e-073
-2.119	2.27751e-072
-2.118	8.83193e-072
-2.117	3.40053e-071
-2.116	1.30005e-070
-2.115	4.93497e-070
-2.114	1.86015e-069
-2.113	6.96302e-069
-2.112	2.5883e-068
-2.111	9.55401e-068
-2.11	3.50184e-067
-2.109	1.27448e-066
-2.108	4.60548e-066
-2.107	1.65238e-065
-2.106	5.88603e-065
-2.105	2.08159e-064
-2.104	7.30819e-064
-2.103	2.54714e-063
-2.102	8.81261e-063
-2.101	3.02656e-062
-2.1	1.03174e-061
-2.099	3.49097e-061
-2.098	1.17236e-060
-2.097	3.9075e-060
-2.096	1.29252e-059
-2.095	4.24286e-059
-2.094	1.38212e-058
-2.093	4.4676e-058
-2.092	1.43294e-057
-2.091	4.56022e-057
-2.09	1.43988e-056
-2.089	4.51056e-056
-2.088	1.40176e-055
-2.087	4.32153e-055
-2.086	1.32159e-054
-2.085	4.00897e-054
-2.084	1.2062e-053
-2.083	3.59942e-053
-2.082	1.06525e-052
-2.081	3.12643e-052
-2.08	9.09916e-052
-2.079	2.62593e-051
-2.078	7.51398e-051
-2.077	2.13174e-050
-2.076	5.99582e-050
-2.075	1.67181e-049
-2.074	4.62082e-049
-2.073	1.26596e-048
-2.072	3.4376e-048
-2.071	9.25122e-048
-2.07	2.46729e-047
-2.069	6.52056e-047
-2.068	1.70751e-046
-2.067	4.43019e-046
-2.066	1.13875e-045
-2.065	2.89965e-045
-2.064	7.31374e-045
-2.063	1.82715e-044
-2.062	4.52075e-044
-2.061	1.10767e-043
-2.06	2.68743e-043
-2.059	6.45578e-043
-2.058	1.53533e-042
-2.057	3.61456e-042
-2.056	8.42296e-042
-2.055	1.9426e-041
-2.054	4.43369e-041
-2.053	1.00129e-040
-2.052	2.23727e-040
-2.051	4.94525e-040
-2.05	1.08122e-039
-2.049	2.33798e-039
-2.048	4.99931e-039
-2.047	1.05696e-038
-2.046	2.20917e-038
-2.045	4.56404e-038
-2.044	9.31864e-038
-2.043	1.88004e-037
-2.042	3.74726e-037
-2.041	7.37761e-037
-2.04	1.43446e-036
-2.039	2.75384e-036
-2.038	5.21888e-036
-2.037	9.76114e-036
-2.036	1.80137e-035
-2.035	3.27918e-035
-2.034	5.88665e-035
-2.033	1.04178e-034
-2.032	1.81695e-034
-2.031	3.12184e-034
-2.03	5.28208e-034
-2.029	8.79696e-034
-2.028	1.44138e-033
-2.027	2.32221e-033
-2.026	3.67646e-033
-2.025	5.71544e-033
-2.024	8.71766e-033
-2.023	1.30334e-032
-2.022	1.90776e-032
-2.021	2.73021e-032
-2.02	3.8136e-032
-2.019	5.18831e-032
-2.018	6.85642e-032
-2.017	8.77049e-032
-2.016	1.08081e-031
-2.015	1.27472e-031
-2.014	1.42508e-031
-2.013	1.4879e-031
-2.012	1.41533e-031
-2.011	1.17114e-031
-2.01	7.60542e-032
-2.009	2.80754e-032
-2.008	4.69095e-035
-2.007	4.77061e-032
-2.006	2.72108e-031
-2.005	8.4173e-031
-2.004	2.02108e-030
-2.003	4.20646e-030
-2.002	7.96939e-030
-2.001	1.4108e-029
-2	2.37064e-029
-1.999	3.82025e-029
-1.998	5.94641e-029
-1.997	8.98746e-029
-1.996	1.32429e-028
-1.995	1.9084e-028
-1.994	2.69663e-028
-1.993	3.74431e-028
-1.992	5.11813e-028
-1.991	6.89791e-028
-1.99	9.17854e-028
-1.989	1.20722e-027
-1.988	1.57106e-027
-1.987	2.02478e-027
-1.986	2.58621e-027
-1.985	3.27595e-027
-1.984	4.11757e-027
-1.983	5.13787e-027
-1.982	6.36718e-027
-1.981	7.83955e-027
-1.98	9.59304e-027
-1.979	1.16699e-026
-1.978	1.4117e-026
-1.977	1.69858e-026
-1.976	2.0333e-026
-1.975	2.42203e-026
-1.974	2.87151e-026
-1.973	3.38902e-026
-1.972	3.98245e-026
-1.971	4.66025e-026
-1.97	5.4314e-026
-1.969	6.30549e-026
-1.968	7.29257e-026
-1.967	8.40318e-026
-1.966	9.64827e-026
-1.965	1.10392e-025
-1.964	1.25877e-025
-1.963	1.43056e-025
-1.962	1.6205e-025
-1.961	1.82981e-025
-1.96	2.05972e-025
-1.959	2.31144e-025
-1.958	2.58618e-025
-1.957	2.8851e-025
-1.956	3.20933e-025
-1.955	3.55994e-025
-1.954	3.93792e-025
-1.953	4.34417e-025
-1.952	4.77951e-025
-1.951	5.2446e-025
-1.95	5.73999e-025
-1.949	6.26606e-025
-1.948	6.82303e-025
-1.947	7.41094e-025
-1.946	8.02959e-025
-1.945	8.67858e-025
-1.944	9.35726e-025
-1.943	1.00647e-024
-1.942	1.07999e-024
-1.941	1.15611e-024
-1.94	1.23468e-024
-1.939	1.31548e-024
-1.938	1.39828e-024
-1.937	1.4828e-024
-1.936	1.56874e-024
-1.935	1.65575e-024
-1.934	1.74345e-024
-1.933	1.83143e-024
-1.932	1.91922e-024
-1.931	2.00634e-024
-1.93	2.09227e-024
-1.929	2.17643e-024
-1.928	2.25825e-024
-1.927	2.3371e-024
-1.926	2.41236e-024
-1.925	2.48336e-024
-1.924	2.54946e-024
-1.923	2.60997e-024
-1.922	2.66426e-024
-1.921	2.71168e-024
-1.92	2.75165e-024
-1.919	2.78362e-024
-1.918	2.8071e-024
-1.917	2.82171e-024
-1.916	2.82717e-024
-1.915	2.82331e-024
-1.914	2.81011e-024
-1.913	2.78778e-024
-1.912	2.75668e-024
-1.911	2.71743e-024
-1.91	2.67089e-024
-1.909	2.61826e-024
-1.908	2.56103e-024
-1.907	2.50107e-024
-1.906	2.44065e-024
-1.905	2.38247e-024
-1.904	2.32968e-024
-1.903	2.28594e-024
-1.902	2.25546e-024
-1.901	2.24298e-024
-1.9	2.25386e-024
-1.899	2.29407e-024
-1.898	2.37023e-024
-1.897	2.48964e-024
-1.896	2.66028e-024
-1.895	2.89086e-024
-1.894	3.19076e-024
-1.893	3.57009e-024
-1.892	4.03963e-024
-1.891	4.61087e-024
-1.89	5.29588e-024
-1.889	6.10735e-024
-1.888	7.0585e-024
-1.887	8.163e-024
-1.886	9.43493e-024
-1.885	1.08886e-023
-1.884	1.25387e-023
-1.883	1.43996e-023
-1.882	1.64859e-023
-1.881	1.88119e-023
-1.88	2.13915e-023
-1.879	2.42377e-023
-1.878	2.73631e-023
-1.877	3.07789e-023
-1.876	3.44953e-023
-1.875	3.85206e-023
-1.874	4.28618e-023
-1.873	4.75235e-023
-1.872	5.25082e-023
-1.871	5.78157e-023
-1.87	6.34432e-023
-1.869	6.93847e-023
-1.868	7.56309e-023
-1.867	8.21691e-023
-1.866	8.89825e-023
-1.865	9.60507e-023
-1.864	1.03349e-022
-1.863	1.10848e-022
-1.862	1.18516e-022
-1.861	1.26313e-022
-1.86	1.34199e-022
-1.859	1.42126e-022
-1.858	1.50044e-022
-1.857	1.57898e-022
-1.856	1.65629e-022
-1.855	1.73176e-022
-1.854	1.80474e-022
-1.853	1.87456e-022
-1.852	1.94054e-022
-1.851	2.00199e-022
-1.85	2.05822e-022
-1.849	2.10856e-022
-1.848	2.15235e-022
-1.847	2.18899e-022
-1.846	2.21794e-022
-1.845	2.2387e-022
-1.844	2.25088e-022
-1.843	2.2542e-022
-1.842	2.24852e-022
-1.841	2.23384e-022
-1.84	2.21032e-022
-1.839	2.17838e-022
-1.838	2.13862e-022
-1.837	2.09192e-022
-1.836	2.03946e-022
-1.835	1.98273e-022
-1.834	1.92358e-022
-1.833	1.86424e-022
-1.832	1.80736e-022
-1.831	1.75603e-022
-1.83	1.71383e-022
-1.829	1.68484e-022
-1.828	1.6737e-022
-1.827	1.68559e-022
-1.826	1.7263e-022
-1.825	1.80223e-022
-1.824	1.92041e-022
-1.823	2.08852e-022
-1.822	2.3149e-022
-1.821	2.60857e-022
-1.82	2.97918e-022
-1.819	3.43707e-022
-1.818	3.99322e-022
-1.817	4.65921e-022
-1.816	5.44722e-022
-1.815	6.36998e-022
-1.814	7.44072e-022
-1.813	8.6731e-022
-1.812	1.00812e-021
-1.811	1.16792e-021
-1.81	1.34818e-021
-1.809	1.55034e-021
-1.808	1.77587e-021
-1.807	2.02621e-021
-1.806	2.30275e-021
-1.805	2.60686e-021
-1.804	2.93983e-021
-1.803	3.30288e-021
-1.802	3.69711e-021
-1.801	4.12349e-021
-1.8	4.58289e-021
-1.799	5.07594e-021
-1.798	5.60315e-021
-1.797	6.16478e-021
-1.796	6.76084e-021
-1.795	7.39111e-021
-1.794	8.05507e-021
-1.793	8.75188e-021
-1.792	9.48041e-021
-1.791	1.02391e-020
-1.79	1.10262e-020
-1.789	1.18394e-020
-1.788	1.2676e-020
-1.787	1.35331e-020
-1.786	1.4407e-020
-1.785	1.52941e-020
-1.784	1.619e-020
-1.783	1.709e-020
-1.782	1.79892e-020
-1.781	1.8882e-020
-1.78	1.97628e-020
-1.779	2.06256e-020
-1.778	2.14641e-020
-1.777	2.22719e-020
-1.776	2.30425e-020
-1.775	2.37693e-020
-1.774	2.44456e-020
-1.773	2.50653e-020
-1.772	2.56221e-020
-1.771	2.61102e-020
-1.77	2.65244e-020
-1.769	2.68601e-020
-1.768	2.71134e-020
-1.767	2.72816e-020
-1.766	2.7363e-020
-1.765	2.73572e-020
-1.764	2.72654e-020
-1.763	2.70905e-020
-1.762	2.68374e-020
-1.761	2.65132e-020
-1.76	2.61273e-020
-1.759	2.56917e-020
-1.758	2.52212e-020
-1.757	2.4734e-020
-1.756	2.4251e-020
-1.755	2.37972e-020
-1.754	2.34008e-020
-1.753	2.30942e-020
-1.752	2.29136e-020
-1.751	2.28997e-020
-1.75	2.30973e-020
-1.749	2.35558e-020
-1.748	2.43291e-020
-1.747	2.54755e-020
-1.746	2.70579e-020
-1.745	2.9144e-020
-1.744	3.18055e-020
-1.743	3.51185e-020
-1.742	3.91632e-020
-1.741	4.40236e-020
-1.74	4.97872e-020
-1.739	5.65444e-020
-1.738	6.43882e-020
-1.737	7.34139e-020
-1.736	8.37181e-020
-1.735	9.53981e-020
-1.734	1.08551e-019
-1.733	1.23274e-019
-1.732	1.39662e-019
-1.731	1.57806e-019
-1.73	1.77795e-019
-1.729	1.99712e-019
-1.728	2.23634e-019
-1.727	2.4963e-019
-1.726	2.77762e-019
-1.725	3.0808e-019
-1.724	3.40624e-019
-1.723	3.75421e-019
-1.722	4.12481e-019
-1.721	4.51804e-019
-1.72	4.93368e-019
-1.719	5.37134e-019
-1.718	5.83045e-019
-1.717	6.31022e-019
-1.716	6.80964e-019
-1.715	7.32749e-019
-1.714	7.8623e-019
-1.713	8.41237e-019
-1.712	8.97576e-019
-1.711	9.55026e-019
-1.71	1.01334e-018
-1.709	1.07226e-018
-1.708	1.1315e-018
-1.707	1.19073e-018
-1.706	1.24963e-018
-1.705	1.30785e-018
-1.704	1.36502e-018
-1.703	1.42077e-018
-1.702	1.47471e-018
-1.701	1.52644e-018
-1.7	1.57557e-018
-1.699	1.62171e-018
-1.698	1.66449e-018
-1.697	1.70354e-018
-1.696	1.73852e-018
-1.695	1.76913e-018
-1.694	1.7951e-018
-1.693	1.8162e-018
-1.692	1.83226e-018
-1.691	1.84319e-018
-1.69	1.84896e-018
-1.689	1.84963e-018
-1.688	1.84536e-018
-1.687	1.83641e-018
-1.686	1.82317e-018
-1.685	1.80615e-018
-1.684	1.786e-018
-1.683	1.76353e-018
-1.682	1.73971e-018
-1.681	1.71569e-018
-1.68	1.69277e-018
-1.679	1.67249e-018
-1.678	1.65656e-018
-1.677	1.64691e-018
-1.676	1.64566e-018
-1.675	1.65519e-018
-1.674	1.67807e-018
-1.673	1.71709e-018
-1.672	1.7753e-018
-1.671	1.85592e-018
-1.67	1.96244e-018
-1.669	2.0985e-018
-1.668	2.26798e-018
-1.667	2.47492e-018
-1.666	2.72357e-018
-1.665	3.01828e-018
-1.664	3.36355e-018
-1.663	3.76399e-018
-1.662	4.22428e-018
-1.661	4.74914e-018
-1.66	5.3433e-018
-1.659	6.01144e-018
-1.658	6.7582e-018
-1.657	7.58805e-018
-1.656	8.50535e-018
-1.655	9.5142e-018
-1.654	1.06184e-017
-1.653	1.18216e-017
-1.652	1.31268e-017
-1.651	1.45366e-017
-1.65	1.60533e-017
-1.649	1.76783e-017
-1.648	1.94128e-017
-1.647	2.12569e-017
-1.646	2.32102e-017
-1.645	2.52714e-017
-1.644	2.74382e-017
-1.643	2.97077e-017
-1.642	3.20758e-017
-1.641	3.45375e-017
-1.64	3.70867e-017
-1.639	3.97164e-017
-1.638	4.24184e-017
-1.637	4.51835e-017
-1.636	4.80014e-017
-1.635	5.08607e-017
-1.634	5.37491e-017
-1.633	5.66535e-017
-1.632	5.95595e-017
-1.631	6.24522e-017
-1.63	6.53159e-017
-1.629	6.81343e-017
-1.628	7.08906e-017
-1.627	7.35677e-017
-1.626	7.61485e-017
-1.625	7.86158e-017
-1.624	8.09529e-017
-1.623	8.31435e-017
-1.622	8.5172e-017
-1.621	8.70241e-017
-1.62	8.86866e-017
-1.619	9.01483e-017
-1.618	9.13998e-017
-1.617	9.24344e-017
-1.616	9.32476e-017
-1.615	9.38384e-017
-1.614	9.42093e-017
-1.613	9.43669e-017
-1.612	9.43219e-017
-1.611	9.40895e-017
-1.61	9.36905e-017
-1.609	9.31507e-017
-1.608	9.25024e-017
-1.607	9.17833e-017
-1.606	9.10384e-017
-1.605	9.03193e-017
-1.604	8.96848e-017
-1.603	8.92009e-017
-1.602	8.89414e-017
-1.601	8.8988e-017
-1.6	8.94298e-017
-1.599	9.0364e-017
-1.598	9.18956e-017
-1.597	9.41372e-017
-1.596	9.7209e-017
-1.595	1.01238e-016
-1.594	1.06359e-016
-1.593	1.12712e-016
-1.592	1.20444e-016
-1.591	1.29706e-016
-1.59	1.40653e-016
-1.589	1.53446e-016
-1.588	1.68245e-016
-1.587	1.85215e-016
-1.586	2.04518e-016
-1.585	2.26318e-016
-1.584	2.50772e-016
-1.583	2.78037e-016
-1.582	3.08264e-016
-1.581	3.41594e-016
-1.58	3.78162e-016
-1.579	4.18089e-016
-1.578	4.61487e-016
-1.577	5.0845e-016
-1.576	5.59056e-016
-1.575	6.13367e-016
-1.574	6.71421e-016
-1.573	7.33236e-016
-1.572	7.98804e-016
-1.571	8.68093e-016
-1.57	9.41043e-016
-1.569	1.01756e-015
-1.568	1.09754e-015
-1.567	1.18081e-015
-1.566	1.26721e-015
-1.565	1.3565e-015
-1.564	1.44845e-015
-1.563	1.54276e-015
-1.562	1.63913e-015
-1.561	1.73721e-015
-1.56	1.83661e-015
-1.559	1.93692e-015
-1.558	2.03772e-015
-1.557	2.13853e-015
-1.556	2.23887e-015
-1.555	2.33825e-015
-1.554	2.43613e-015
-1.553	2.532e-015
-1.552	2.62531e-015
-1.551	2.71555e-015
-1.55	2.80218e-015
-1.549	2.88468e-015
-1.548	2.96258e-015
-1.547	3.0354e-015
-1.546	3.10273e-015
-1.545	3.16419e-015
-1.544	3.21945e-015
-1.543	3.26827e-015
-1.542	3.31046e-015
-1.541	3.34591e-015
-1.54	3.37464e-015
-1.539	3.39676e-015
-1.538	3.41248e-015
-1.537	3.42215e-015
-1.536	3.42627e-015
-1.535	3.42547e-015
-1.534	3.42052e-015
-1.533	3.41241e-015
-1.532	3.40225e-015
-1.531	3.39135e-015
-1.53	3.38122e-015
-1.529	3.37353e-015
-1.528	3.37019e-015
-1.527	3.37328e-015
-1.526	3.38507e-015
-1.525	3.40807e-015
-1.524	3.44495e-015
-1.523	3.4986e-015
-1.522	3.57208e-015
-1.521	3.66864e-015
-1.52	3.7917e-015
-1.519	3.94481e-015
-1.518	4.1317e-015
-1.517	4.3562e-015
-1.516	4.62224e-015
-1.515	4.93384e-015
-1.514	5.29506e-015
-1.513	5.71001e-015
-1.512	6.18276e-015
-1.511	6.71738e-015
-1.51	7.31786e-015
-1.509	7.98806e-015
-1.508	8.73172e-015
-1.507	9.55237e-015
-1.506	1.04533e-014
-1.505	1.14376e-014
-1.504	1.2508e-014
-1.503	1.36668e-014
-1.502	1.49159e-014
-1.501	1.6257e-014
-1.5	1.7691e-014
-1.499	1.92185e-014
-1.498	2.08392e-014
-1.497	2.25526e-014
-1.496	2.43573e-014
-1.495	2.62513e-014
-1.494	2.82318e-014
-1.493	3.02955e-014
-1.492	3.24381e-014
-1.491	3.46548e-014
-1.49	3.69397e-014
-1.489	3.92865e-014
-1.488	4.1688e-014
-1.487	4.41363e-014
-1.486	4.66228e-014
-1.485	4.91381e-014
-1.484	5.16725e-014
-1.483	5.42155e-014
-1.482	5.67561e-014
-1.481	5.92831e-014
-1.48	6.17848e-014
-1.479	6.42495e-014
-1.478	6.66652e-014
-1.477	6.90198e-014
-1.476	7.13016e-014
-1.475	7.34992e-014
-1.474	7.56015e-014
-1.473	7.75982e-014
-1.472	7.94795e-014
-1.471	8.1237e-014
-1.47	8.2863e-014
-1.469	8.43515e-014
-1.468	8.5698e-014
-1.467	8.68995e-014
-1.466	8.79553e-014
-1.465	8.88665e-014
-1.464	8.96366e-014
-1.463	9.02719e-014
-1.462	9.07812e-014
-1.461	9.11768e-014
-1.46	9.1473e-014
-1.459	9.16883e-014
-1.458	9.18438e-014
-1.457	9.1965e-014
-1.456	9.20802e-014
-1.455	9.22217e-014
-1.454	9.24257e-014
-1.453	9.27319e-014
-1.452	9.3184e-014
-1.451	9.38291e-014
-1.45	9.47184e-014
-1.449	9.59063e-014
-1.448	9.74507e-014
-1.447	9.94127e-014
-1.446	1.01856e-013
-1.445	1.04849e-013
-1.444	1.08459e-013
-1.443	1.12758e-013
-1.442	1.1782e-013
-1.441	1.23718e-013
-1.44	1.30527e-013
-1.439	1.38322e-013
-1.438	1.47179e-013
-1.437	1.57171e-013
-1.436	1.6837e-013
-1.435	1.80846e-013
-1.434	1.94668e-013
-1.433	2.09897e-013
-1.432	2.26593e-013
-1.431	2.4481e-013
-1.43	2.64596e-013
-1.429	2.85993e-013
-1.428	3.09035e-013
-1.427	3.33747e-013
-1.426	3.60148e-013
-1.425	3.88244e-013
-1.424	4.18035e-013
-1.423	4.49506e-013
-1.422	4.82635e-013
-1.421	5.17385e-013
-1.42	5.53708e-013
-1.419	5.91546e-013
-1.418	6.30825e-013
-1.417	6.71461e-013
-1.416	7.13356e-013
-1.415	7.564e-013
-1.414	8.00472e-013
-1.413	8.45437e-013
-1.412	8.91152e-013
-1.411	9.37459e-013
-1.41	9.84195e-013
-1.409	1.03119e-012
-1.408	1.07825e-012
-1.407	1.1252e-012
-1.406	1.17185e-012
-1.405	1.218e-012
-1.404	1.26346e-012
-1.403	1.30803e-012
-1.402	1.35153e-012
-1.401	1.39375e-012
-1.4	1.43454e-012
-1.399	1.47372e-012
-1.398	1.51113e-012
-1.397	1.54664e-012
-1.396	1.58012e-012
-1.395	1.61149e-012
-1.394	1.64065e-012
-1.393	1.66758e-012
-1.392	1.69223e-012
-1.391	1.71465e-012
-1.39	1.73486e-012
-1.389	1.75297e-012
-1.388	1.7691e-012
-1.387	1.78342e-012
-1.386	1.79615e-012
-1.385	1.80757e-012
-1.384	1.81797e-012
-1.383	1.82773e-012
-1.382	1.83727e-012
-1.381	1.84704e-012
-1.38	1.85758e-012
-1.379	1.86945e-012
-1.378	1.88328e-012
-1.377	1.89975e-012
-1.376	1.91958e-012
-1.375	1.94354e-012
-1.374	1.97245e-012
-1.373	2.00718e-012
-1.372	2.04862e-012
-1.371	2.09769e-012
-1.37	2.15538e-012
-1.369	2.22265e-012
-1.368	2.30051e-012
-1.367	2.38998e-012
-1.366	2.49209e-012
-1.365	2.60784e-012
-1.364	2.73825e-012
-1.363	2.8843e-012
-1.362	3.04698e-012
-1.361	3.22719e-012
-1.36	3.42582e-012
-1.359	3.64371e-012
-1.358	3.88161e-012
-1.357	4.14024e-012
-1.356	4.42019e-012
-1.355	4.72199e-012
-1.354	5.04605e-012
-1.353	5.3927e-012
-1.352	5.76212e-012
-1.351	6.15438e-012
-1.35	6.56942e-012
-1.349	7.00705e-012
-1.348	7.46691e-012
-1.347	7.94851e-012
-1.346	8.45121e-012
-1.345	8.97422e-012
-1.344	9.51656e-012
-1.343	1.00772e-011
-1.342	1.06547e-011
-1.341	1.12478e-011
-1.34	1.1855e-011
-1.339	1.24744e-011
-1.338	1.31044e-011
-1.337	1.37429e-011
-1.336	1.43879e-011
-1.335	1.50372e-011
-1.334	1.56887e-011
-1.333	1.634e-011
-1.332	1.69888e-011
-1.331	1.76328e-011
-1.33	1.82697e-011
-1.329	1.8897e-011
-1.328	1.95126e-011
-1.327	2.01142e-011
-1.326	2.06997e-011
-1.325	2.12673e-011
-1.324	2.18151e-011
-1.323	2.23415e-011
-1.322	2.28452e-011
-1.321	2.33251e-011
-1.32	2.37803e-011
-1.319	2.42103e-011
-1.318	2.4615e-011
-1.317	2.49947e-011
-1.316	2.535e-011
-1.315	2.5682e-011
-1.314	2.59921e-011
-1.313	2.62824e-011
-1.312	2.65555e-011
-1.311	2.68143e-011
-1.31	2.70624e-011
-1.309	2.7304e-011
-1.308	2.75436e-011
-1.307	2.77866e-011
-1.306	2.80385e-011
-1.305	2.83058e-011
-1.304	2.85953e-011
-1.303	2.89143e-011
-1.302	2.92706e-011
-1.301	2.96726e-011
-1.3	3.0129e-011
-1.299	3.06489e-011
-1.298	3.12419e-011
-1.297	3.19176e-011
-1.296	3.26861e-011
-1.295	3.35578e-011
-1.294	3.45429e-011
-1.293	3.56519e-011
-1.292	3.68952e-011
-1.291	3.8283e-011
-1.29	3.98257e-011
-1.289	4.15331e-011
-1.288	4.34147e-011
-1.287	4.54797e-011
-1.286	4.77367e-011
-1.285	5.01937e-011
-1.284	5.28581e-011
-1.283	5.57364e-011
-1.282	5.88343e-011
-1.281	6.21564e-011
-1.28	6.57066e-011
-1.279	6.94874e-011
-1.278	7.35002e-011
-1.277	7.7745e-011
-1.276	8.22208e-011
-1.275	8.69251e-011
-1.274	9.18541e-011
-1.273	9.70024e-011
-1.272	1.02363e-010
-1.271	1.07929e-010
-1.27	1.13689e-010
-1.269	1.19633e-010
-1.268	1.25749e-010
-1.267	1.32022e-010
-1.266	1.38438e-010
-1.265	1.44981e-010
-1.264	1.51633e-010
-1.263	1.58376e-010
-1.262	1.6519e-010
-1.261	1.72057e-010
-1.26	1.78955e-010
-1.259	1.85863e-010
-1.258	1.92761e-010
-1.257	1.99628e-010
-1.256	2.06442e-010
-1.255	2.13183e-010
-1.254	2.19831e-010
-1.253	2.26367e-010
-1.252	2.32773e-010
-1.251	2.39032e-010
-1.25	2.45131e-010
-1.249	2.51055e-010
-1.248	2.56793e-010
-1.247	2.62338e-010
-1.246	2.67684e-010
-1.245	2.72827e-010
-1.244	2.77768e-010
-1.243	2.8251e-010
-1.242	2.8706e-010
-1.241	2.9143e-010
-1.24	2.95634e-010
-1.239	2.9969e-010
-1.238	3.03622e-010
-1.237	3.07458e-010
-1.236	3.11229e-010
-1.235	3.14971e-010
-1.234	3.18725e-010
-1.233	3.22534e-010
-1.232	3.2645e-010
-1.231	3.30525e-010
-1.23	3.34818e-010
-1.229	3.39388e-010
-1.228	3.44302e-010
-1.227	3.49628e-010
-1.226	3.55437e-010
-1.225	3.61803e-010
-1.224	3.68804e-010
-1.223	3.76519e-010
-1.222	3.85026e-010
-1.221	3.94408e-010
-1.22	4.04746e-010
-1.219	4.16121e-010
-1.218	4.28614e-010
-1.217	4.42305e-010
-1.216	4.5727e-010
-1.215	4.73587e-010
-1.214	4.91325e-010
-1.213	5.10553e-010
-1.212	5.31334e-010
-1.211	5.53726e-010
-1.21	5.77784e-010
-1.209	6.03552e-010
-1.208	6.31069e-010
-1.207	6.60366e-010
-1.206	6.91468e-010
-1.205	7.2439e-010
-1.204	7.59135e-010
-1.203	7.95703e-010
-1.202	8.34078e-010
-1.201	8.74238e-010
-1.2	9.16151e-010
-1.199	9.59771e-010
-1.198	1.00505e-009
-1.197	1.05191e-009
-1.196	1.10029e-009
-1.195	1.1501e-009
-1.194	1.20126e-009
-1.193	1.25365e-009
-1.192	1.30717e-009
-1.191	1.3617e-009
-1.19	1.41712e-009
-1.189	1.47329e-009
-1.188	1.53008e-009
-1.187	1.58735e-009
-1.186	1.64497e-009
-1.185	1.70277e-009
-1.184	1.76063e-009
-1.183	1.8184e-009
-1.182	1.87594e-009
-1.181	1.93311e-009
-1.18	1.98978e-009
-1.179	2.04584e-009
-1.178	2.10117e-009
-1.177	2.15566e-009
-1.176	2.20923e-009
-1.175	2.2618e-009
-1.174	2.31331e-009
-1.173	2.36372e-009
-1.172	2.41301e-009
-1.171	2.46116e-009
-1.17	2.50821e-009
-1.169	2.55418e-009
-1.168	2.59914e-009
-1.167	2.64319e-009
-1.166	2.68644e-009
-1.165	2.72902e-009
-1.164	2.77112e-009
-1.163	2.81293e-009
-1.162	2.85466e-009
-1.161	2.89658e-009
-1.16	2.93895e-009
-1.159	2.98209e-009
-1.158	3.02633e-009
-1.157	3.07203e-009
-1.156	3.11955e-009
-1.155	3.16932e-009
-1.154	3.22174e-009
-1.153	3.27725e-009
-1.152	3.33633e-009
-1.151	3.39944e-009
-1.15	3.46706e-009
-1.149	3.53968e-009
-1.148	3.6178e-009
-1.147	3.70192e-009
-1.146	3.79254e-009
-1.145	3.89016e-009
-1.144	3.99525e-009
-1.143	4.1083e-009
-1.142	4.22976e-009
-1.141	4.36008e-009
-1.14	4.49967e-009
-1.139	4.64892e-009
-1.138	4.8082e-009
-1.137	4.97782e-009
-1.136	5.15809e-009
-1.135	5.34925e-009
-1.134	5.55151e-009
-1.133	5.76502e-009
-1.132	5.9899e-009
-1.131	6.22622e-009
-1.13	6.47397e-009
-1.129	6.7331e-009
-1.128	7.00352e-009
-1.127	7.28507e-009
-1.126	7.57753e-009
-1.125	7.88062e-009
-1.124	8.19403e-009
-1.123	8.51737e-009
-1.122	8.85019e-009
-1.121	9.19203e-009
-1.12	9.54234e-009
-1.119	9.90054e-009
-1.118	1.0266e-008
-1.117	1.06381e-008
-1.116	1.10162e-008
-1.115	1.13995e-008
-1.114	1.17873e-008
-1.113	1.21788e-008
-1.112	1.25733e-008
-1.111	1.29701e-008
-1.11	1.33685e-008
-1.109	1.37676e-008
-1.108	1.41668e-008
-1.107	1.45654e-008
-1.106	1.49628e-008
-1.105	1.53585e-008
-1.104	1.57518e-008
-1.103	1.61423e-008
-1.102	1.65297e-008
-1.101	1.69137e-008
-1.1	1.7294e-008
-1.099	1.76705e-008
-1.098	1.80433e-008
-1.097	1.84124e-008
-1.096	1.8778e-008
-1.095	1.91406e-008
-1.094	1.95005e-008
-1.093	1.98583e-008
-1.092	2.02149e-008
-1.091	2.0571e-008
-1.09	2.09277e-008
-1.089	2.12861e-008
-1.088	2.16475e-008
-1.087	2.20133e-008
-1.086	2.23851e-008
-1.085	2.27645e-008
-1.084	2.31533e-008
-1.083	2.35534e-008
-1.082	2.39668e-008
-1.081	2.43957e-008
-1.08	2.48422e-008
-1.079	2.53086e-008
-1.078	2.57973e-008
-1.077	2.63106e-008
-1.076	2.6851e-008
-1.075	2.7421e-008
-1.074	2.80229e-008
-1.073	2.86594e-008
-1.072	2.93328e-008
-1.071	3.00454e-008
-1.07	3.07998e-008
-1.069	3.1598e-008
-1.068	3.24424e-008
-1.067	3.3335e-008
-1.066	3.42777e-008
-1.065	3.52724e-008
-1.064	3.63207e-008
-1.063	3.7424e-008
-1.062	3.85838e-008
-1.061	3.9801e-008
-1.06	4.10765e-008
-1.059	4.24111e-008
-1.058	4.38052e-008
-1.057	4.5259e-008
-1.056	4.67724e-008
-1.055	4.83452e-008
-1.054	4.99768e-008
-1.053	5.16664e-008
-1.052	5.3413e-008
-1.051	5.52153e-008
-1.05	5.70718e-008
-1.049	5.89809e-008
-1.048	6.09405e-008
-1.047	6.29485e-008
-1.046	6.50024e-008
-1.045	6.71e-008
-1.044	6.92385e-008
-1.043	7.14149e-008
-1.042	7.36266e-008
-1.041	7.58706e-008
-1.04	7.81438e-008
-1.039	8.04433e-008
-1.038	8.27661e-008
-1.037	8.51091e-008
-1.036	8.74694e-008
-1.035	8.98444e-008
-1.034	9.22313e-008
-1.033	9.46278e-008
-1.032	9.70316e-008
-1.031	9.94408e-008
-1.03	1.01854e-007
-1.029	1.04269e-007
-1.028	1.06686e-007
-1.027	1.09103e-007
-1.026	1.1152e-007
-1.025	1.13939e-007
-1.024	1.16359e-007
-1.023	1.18781e-007
-1.022	1.21208e-007
-1.021	1.23641e-007
-1.02	1.26084e-007
-1.019	1.28539e-007
-1.018	1.31011e-007
-1.017	1.33503e-007
-1.016	1.36022e-007
-1.015	1.38571e-007
-1.014	1.41159e-007
-1.013	1.4379e-007
-1.012	1.46473e-007
-1.011	1.49214e-007
-1.01	1.52022e-007
-1.009	1.54906e-007
-1.008	1.57873e-007
-1.007	1.60934e-007
-1.006	1.64098e-007
-1.005	1.67374e-007
-1.004	1.70773e-007
-1.003	1.74304e-007
-1.002	1.77978e-007
-1.001	1.81806e-007
-1	1.85797e-007
-0.999	1.89961e-007
-0.998	1.94309e-007
-0.997	1.9885e-007
-0.996	2.03594e-007
-0.995	2.08549e-007
-0.994	2.13726e-007
-0.993	2.19131e-007
-0.992	2.24773e-007
-0.991	2.30659e-007
-0.99	2.36795e-007
-0.989	2.43187e-007
-0.988	2.49841e-007
-0.987	2.5676e-007
-0.986	2.63949e-007
-0.985	2.71409e-007
-0.984	2.79143e-007
-0.983	2.87152e-007
-0.982	2.95436e-007
-0.981	3.03994e-007
-0.98	3.12824e-007
-0.979	3.21924e-007
-0.978	3.3129e-007
-0.977	3.40919e-007
-0.976	3.50805e-007
-0.975	3.60941e-007
-0.974	3.71323e-007
-0.973	3.81942e-007
-0.972	3.92792e-007
-0.971	4.03863e-007
-0.97	4.15147e-007
-0.969	4.26636e-007
-0.968	4.38321e-007
-0.967	4.50192e-007
-0.966	4.6224e-007
-0.965	4.74456e-007
-0.964	4.86831e-007
-0.963	4.99356e-007
-0.962	5.12025e-007
-0.961	5.24828e-007
-0.96	5.37759e-007
-0.959	5.50813e-007
-0.958	5.63984e-007
-0.957	5.77268e-007
-0.956	5.90662e-007
-0.955	6.04166e-007
-0.954	6.17778e-007
-0.953	6.315e-007
-0.952	6.45336e-007
-0.951	6.5929e-007
-0.95	6.73367e-007
-0.949	6.87577e-007
-0.948	7.01928e-007
-0.947	7.16434e-007
-0.946	7.31107e-007
-0.945	7.45963e-007
-0.944	7.61021e-007
-0.943	7.76299e-007
-0.942	7.91819e-007
-0.941	8.07605e-007
-0.94	8.23681e-007
-0.939	8.40074e-007
-0.938	8.56813e-007
-0.937	8.73928e-007
-0.936	8.91451e-007
-0.935	9.09414e-007
-0.934	9.27851e-007
-0.933	9.46798e-007
-0.932	9.6629e-007
-0.931	9.86365e-007
-0.93	1.00706e-006
-0.929	1.02841e-006
-0.928	1.05046e-006
-0.927	1.07324e-006
-0.926	1.09679e-006
-0.925	1.12114e-006
-0.924	1.14634e-006
-0.923	1.17243e-006
-0.922	1.19942e-006
-0.921	1.22736e-006
-0.92	1.25629e-006
-0.919	1.28622e-006
-0.918	1.31719e-006
-0.917	1.34923e-006
-0.916	1.38236e-006
-0.915	1.4166e-006
-0.914	1.45198e-006
-0.913	1.4885e-006
-0.912	1.5262e-006
-0.911	1.56507e-006
-0.91	1.60513e-006
-0.909	1.64638e-006
-0.908	1.68884e-006
-0.907	1.73249e-006
-0.906	1.77735e-006
-0.905	1.82342e-006
-0.904	1.87067e-006
-0.903	1.91911e-006
-0.902	1.96872e-006
-0.901	2.0195e-006
-0.9	2.07143e-006
-0.899	2.1245e-006
-0.898	2.17869e-006
-0.897	2.23398e-006
-0.896	2.29036e-006
-0.895	2.3478e-006
-0.894	2.4063e-006
-0.893	2.46582e-006
-0.892	2.52635e-006
-0.891	2.58788e-006
-0.89	2.65039e-006
-0.889	2.71387e-006
-0.888	2.7783e-006
-0.887	2.84368e-006
-0.886	2.90999e-006
-0.885	2.97724e-006
-0.884	3.04542e-006
-0.883	3.11455e-006
-0.882	3.18462e-006
-0.881	3.25564e-006
-0.88	3.32765e-006
-0.879	3.40065e-006
-0.878	3.47467e-006
-0.877	3.54975e-006
-0.876	3.62593e-006
-0.875	3.70325e-006
-0.874	3.78175e-006
-0.873	3.8615e-006
-0.872	3.94256e-006
-0.871	4.025e-006
-0.87	4.10888e-006
-0.869	4.19429e-006
-0.868	4.28132e-006
-0.867	4.37005e-006
-0.866	4.46059e-006
-0.865	4.55303e-006
-0.864	4.64748e-006
-0.863	4.74406e-006
-0.862	4.84288e-006
-0.861	4.94406e-006
-0.86	5.04771e-006
-0.859	5.15398e-006
-0.858	5.26298e-006
-0.857	5.37486e-006
-0.856	5.48973e-006
-0.855	5.60774e-006
-0.854	5.72901e-006
-0.853	5.85369e-006
-0.852	5.98191e-006
-0.851	6.11378e-006
-0.85	6.24947e-006
-0.849	6.38907e-006
-0.848	6.53272e-006
-0.847	6.68056e-006
-0.846	6.83268e-006
-0.845	6.9892e-006
-0.844	7.15024e-006
-0.843	7.31589e-006
-0.842	7.48627e-006
-0.841	7.66144e-006
-0.84	7.84152e-006
-0.839	8.02657e-006
-0.838	8.21667e-006
-0.837	8.41188e-006
-0.836	8.61227e-006
-0.835	8.81789e-006
-0.834	9.02878e-006
-0.833	9.24501e-006
-0.832	9.46658e-006
-0.831	9.69354e-006
-0.83	9.92592e-006
-0.829	1.01637e-005
-0.828	1.0407e-005
-0.827	1.06557e-005
-0.826	1.09098e-005
-0.825	1.11695e-005
-0.824	1.14346e-005
-0.823	1.17052e-005
-0.822	1.19812e-005
-0.821	1.22628e-005
-0.82	1.25498e-005
-0.819	1.28423e-005
-0.818	1.31404e-005
-0.817	1.34439e-005
-0.816	1.37531e-005
-0.815	1.40677e-005
-0.814	1.4388e-005
-0.813	1.47139e-005
-0.812	1.50456e-005
-0.811	1.5383e-005
-0.81	1.57263e-005
-0.809	1.60755e-005
-0.808	1.64307e-005
-0.807	1.67922e-005
-0.806	1.71598e-005
-0.805	1.7534e-005
-0.804	1.79147e-005
-0.803	1.83022e-005
-0.802	1.86967e-005
-0.801	1.90984e-005
-0.8	1.95076e-005
-0.799	1.99244e-005
-0.798	2.03491e-005
-0.797	2.07821e-005
-0.796	2.12237e-005
-0.795	2.16741e-005
-0.794	2.21337e-005
-0.793	2.26028e-005
-0.792	2.30819e-005
-0.791	2.35714e-005
-0.79	2.40715e-005
-0.789	2.45828e-005
-0.788	2.51057e-005
-0.787	2.56406e-005
-0.786	2.61879e-005
-0.785	2.67482e-005
-0.784	2.7322e-005
-0.783	2.79095e-005
-0.782	2.85115e-005
-0.781	2.91284e-005
-0.78	2.97605e-005
-0.779	3.04086e-005
-0.778	3.1073e-005
-0.777	3.17542e-005
-0.776	3.24527e-005
-0.775	3.31691e-005
-0.774	3.39038e-005
-0.773	3.46572e-005
-0.772	3.54299e-005
-0.771	3.62223e-005
-0.77	3.70349e-005
-0.769	3.7868e-005
-0.768	3.87222e-005
-0.767	3.95978e-005
-0.766	4.04952e-005
-0.765	4.14149e-005
-0.764	4.23573e-005
-0.763	4.33226e-005
-0.762	4.43113e-005
-0.761	4.53236e-005
-0.76	4.636e-005
-0.759	4.74208e-005
-0.758	4.85061e-005
-0.757	4.96165e-005
-0.756	5.07521e-005
-0.755	5.19132e-005
-0.754	5.31002e-005
-0.753	5.43132e-005
-0.752	5.55526e-005
-0.751	5.68187e-005
-0.75	5.81117e-005
-0.749	5.94319e-005
-0.748	6.07796e-005
-0.747	6.21551e-005
-0.746	6.35587e-005
-0.745	6.49908e-005
-0.744	6.64516e-005
-0.743	6.79416e-005
-0.742	6.94611e-005
-0.741	7.10105e-005
-0.74	7.25904e-005
-0.739	7.4201e-005
-0.738	7.58432e-005
-0.737	7.75171e-005
-0.736	7.92235e-005
-0.735	8.09631e-005
-0.734	8.27364e-005
-0.733	8.45442e-005
-0.732	8.63874e-005
-0.731	8.82664e-005
-0.73	9.01824e-005
-0.729	9.21363e-005
-0.728	9.4129e-005
-0.727	9.61614e-005
-0.726	9.82347e-005
-0.725	0.00010035
-0.724	0.000102509
-0.723	0.000104712
-0.722	0.00010696
-0.721	0.000109256
-0.72	0.000111601
-0.719	0.000113995
-0.718	0.000116441
-0.717	0.00011894
-0.716	0.000121493
-0.715	0.000124103
-0.714	0.000126771
-0.713	0.000129499
-0.712	0.000132289
-0.711	0.000135141
-0.71	0.00013806
-0.709	0.000141045
-0.708	0.000144099
-0.707	0.000147225
-0.706	0.000150423
-0.705	0.000153697
-0.704	0.000157047
-0.703	0.000160477
-0.702	0.000163987
-0.701	0.000167581
-0.7	0.000171259
-0.699	0.000175025
-0.698	0.00017888
-0.697	0.000182826
-0.696	0.000186866
-0.695	0.000191
-0.694	0.000195232
-0.693	0.000199563
-0.692	0.000203995
-0.691	0.000208531
-0.69	0.000213171
-0.689	0.000217919
-0.688	0.000222776
-0.687	0.000227744
-0.686	0.000232824
-0.685	0.00023802
-0.684	0.000243332
-0.683	0.000248763
-0.682	0.000254315
-0.681	0.00025999
-0.68	0.000265789
-0.679	0.000271714
-0.678	0.000277769
-0.677	0.000283954
-0.676	0.000290271
-0.675	0.000296723
-0.674	0.000303313
-0.673	0.000310041
-0.672	0.000316912
-0.671	0.000323926
-0.67	0.000331086
-0.669	0.000338395
-0.668	0.000345856
-0.667	0.000353471
-0.666	0.000361243
-0.665	0.000369176
-0.664	0.000377271
-0.663	0.000385532
-0.662	0.000393963
-0.661	0.000402568
-0.66	0.000411349
-0.659	0.00042031
-0.658	0.000429457
-0.657	0.000438791
-0.656	0.00044832
-0.655	0.000458045
-0.654	0.000467973
-0.653	0.000478108
-0.652	0.000488454
-0.651	0.000499018
-0.65	0.000509805
-0.649	0.00052082
-0.648	0.000532069
-0.647	0.000543559
-0.646	0.000555295
-0.645	0.000567283
-0.644	0.000579531
-0.643	0.000592045
-0.642	0.000604832
-0.641	0.000617899
-0.64	0.000631253
-0.639	0.000644903
-0.638	0.000658855
-0.637	0.000673117
-0.636	0.000687697
-0.635	0.000702604
-0.634	0.000717846
-0.633	0.00073343
-0.632	0.000749366
-0.631	0.000765661
-0.63	0.000782326
-0.629	0.000799368
-0.628	0.000816796
-0.627	0.00083462
-0.626	0.000852849
-0.625	0.000871493
-0.624	0.00089056
-0.623	0.000910059
-0.622	0.00093
-0.621	0.000950394
-0.62	0.000971249
-0.619	0.000992574
-0.618	0.00101438
-0.617	0.00103668
-0.616	0.00105948
-0.615	0.00108279
-0.614	0.00110662
-0.613	0.00113098
-0.612	0.00115589
-0.611	0.00118134
-0.61	0.00120736
-0.609	0.00123395
-0.608	0.00126113
-0.607	0.0012889
-0.606	0.00131728
-0.605	0.00134627
-0.604	0.0013759
-0.603	0.00140617
-0.602	0.00143709
-0.601	0.00146867
-0.6	0.00150094
-0.599	0.00153389
-0.598	0.00156755
-0.597	0.00160193
-0.596	0.00163704
-0.595	0.0016729
-0.594	0.00170951
-0.593	0.0017469
-0.592	0.00178509
-0.591	0.00182408
-0.59	0.0018639
-0.589	0.00190455
-0.588	0.00194607
-0.587	0.00198846
-0.586	0.00203175
-0.585	0.00207596
-0.584	0.0021211
-0.583	0.00216719
-0.582	0.00221426
-0.581	0.00226234
-0.58	0.00231143
-0.579	0.00236157
-0.578	0.00241278
-0.577	0.00246508
-0.576	0.0025185
-0.575	0.00257307
-0.574	0.00262881
-0.573	0.00268576
-0.572	0.00274392
-0.571	0.00280336
-0.57	0.00286407
-0.569	0.00292611
-0.568	0.0029895
-0.567	0.00305427
-0.566	0.00312045
-0.565	0.00318809
-0.564	0.00325721
-0.563	0.00332785
-0.562	0.00340004
-0.561	0.00347383
-0.56	0.00354924
-0.559	0.00362633
-0.558	0.00370512
-0.557	0.00378565
-0.556	0.00386797
-0.555	0.00395212
-0.554	0.00403813
-0.553	0.00412606
-0.552	0.00421594
-0.551	0.00430782
-0.55	0.00440173
-0.549	0.00449773
-0.548	0.00459586
-0.547	0.00469617
-0.546	0.00479871
-0.545	0.00490351
-0.544	0.00501064
-0.543	0.00512013
-0.542	0.00523204
-0.541	0.00534642
-0.54	0.00546332
-0.539	0.0055828
-0.538	0.0057049
-0.537	0.00582968
-0.536	0.00595719
-0.535	0.0060875
-0.534	0.00622065
-0.533	0.00635671
-0.532	0.00649573
-0.531	0.00663777
-0.53	0.0067829
-0.529	0.00693117
-0.528	0.00708266
-0.527	0.00723743
-0.526	0.00739554
-0.525	0.00755706
-0.524	0.00772205
-0.523	0.00789061
-0.522	0.00806279
-0.521	0.00823867
-0.52	0.00841833
-0.519	0.00860183
-0.518	0.00878928
-0.517	0.00898076
-0.516	0.00917633
-0.515	0.0093761
-0.514	0.00958015
-0.513	0.00978857
-0.512	0.0100015
-0.511	0.0102189
-0.51	0.010441
-0.509	0.0106679
-0.508	0.0108997
-0.507	0.0111364
-0.506	0.0113782
-0.505	0.0116252
-0.504	0.0118776
-0.503	0.0121354
-0.502	0.0123987
-0.501	0.0126677
-0.5	0.0129426
-0.499	0.0132233
-0.498	0.0135102
-0.497	0.0138033
-0.496	0.0141027
-0.495	0.0144087
-0.494	0.0147213
-0.493	0.0150407
-0.492	0.0153671
-0.491	0.0157005
-0.49	0.0160413
-0.489	0.0163895
-0.488	0.0167453
-0.487	0.0171089
-0.486	0.0174805
-0.485	0.0178602
-0.484	0.0182483
-0.483	0.0186448
-0.482	0.0190501
-0.481	0.0194642
-0.48	0.0198875
-0.479	0.02032
-0.478	0.020762
-0.477	0.0212138
-0.476	0.0216755
-0.475	0.0221473
-0.474	0.0226294
-0.473	0.0231222
-0.472	0.0236258
-0.471	0.0241404
-0.47	0.0246663
-0.469	0.0252037
-0.468	0.0257529
-0.467	0.0263141
-0.466	0.0268876
-0.465	0.0274736
-0.464	0.0280725
-0.463	0.0286844
-0.462	0.0293096
-0.461	0.0299486
-0.46	0.0306014
-0.459	0.0312684
-0.458	0.0319499
-0.457	0.0326462
-0.456	0.0333577
-0.455	0.0340846
-0.454	0.0348273
-0.453	0.0355861
-0.452	0.0363613
-0.451	0.0371533
-0.45	0.0379625
-0.449	0.0387891
-0.448	0.0396337
-0.447	0.0404964
-0.446	0.0413778
-0.445	0.0422783
-0.444	0.0431982
-0.443	0.044138
-0.442	0.045098
-0.441	0.0460788
-0.44	0.0470807
-0.439	0.0481043
-0.438	0.04915
-0.437	0.0502182
-0.436	0.0513095
-0.435	0.0524244
-0.434	0.0535633
-0.433	0.0547269
-0.432	0.0559156
-0.431	0.05713
-0.43	0.0583707
-0.429	0.0596383
-0.428	0.0609333
-0.427	0.0622562
-0.426	0.063608
-0.425	0.0649891
-0.424	0.0664
-0.423	0.0678416
-0.422	0.0693145
-0.421	0.0708193
-0.42	0.072357
-0.419	0.073928
-0.418	0.0755333
-0.417	0.0771734
-0.416	0.0788493
-0.415	0.0805617
-0.414	0.0823462
-0.413	0.0842404
-0.412	0.086245
-0.411	0.0883597
-0.41	0.0905843
-0.409	0.0929181
-0.408	0.0953599
-0.407	0.0979084
-0.406	0.100562
-0.405	0.103318
-0.404	0.106174
-0.403	0.109129
-0.402	0.112177
-0.401	0.115318
-0.4	0.118546
-0.399	0.121858
-0.398	0.125251
-0.397	0.128721
-0.396	0.132262
-0.395	0.135872
-0.394	0.139546
-0.393	0.143278
-0.392	0.147065
-0.391	0.150903
-0.39	0.154787
-0.389	0.158713
-0.388	0.162676
-0.387	0.166673
-0.386	0.170699
-0.385	0.174751
-0.384	0.178825
-0.383	0.182918
-0.382	0.187027
-0.381	0.191148
-0.38	0.19528
-0.379	0.199421
-0.378	0.203568
-0.377	0.20772
-0.376	0.211875
-0.375	0.216034
-0.374	0.220196
-0.373	0.224359
-0.372	0.228527
-0.371	0.232698
-0.37	0.236875
-0.369	0.241059
-0.368	0.245252
-0.367	0.249457
-0.366	0.253677
-0.365	0.257915
-0.364	0.262287
-0.363	0.266908
-0.362	0.271763
-0.361	0.276841
-0.36	0.282126
-0.359	0.287603
-0.358	0.293258
-0.357	0.299073
-0.356	0.305032
-0.355	0.31112
-0.354	0.317316
-0.353	0.323605
-0.352	0.329968
-0.351	0.336387
-0.35	0.342843
-0.349	0.349318
-0.348	0.355794
-0.347	0.36225
-0.346	0.368671
-0.345	0.375035
-0.344	0.381327
-0.343	0.387527
-0.342	0.393617
-0.341	0.399581
-0.34	0.405401
-0.339	0.411061
-0.338	0.416544
-0.337	0.421836
-0.336	0.426921
-0.335	0.431784
-0.334	0.436414
-0.333	0.440795
-0.332	0.444917
-0.331	0.448767
-0.33	0.452336
-0.329	0.455614
-0.328	0.458592
-0.327	0.461262
-0.326	0.463617
-0.325	0.465652
-0.324	0.467362
-0.323	0.468742
-0.322	0.46979
-0.321	0.470504
-0.32	0.470883
-0.319	0.470928
-0.318	0.470639
-0.317	0.470019
-0.316	0.469071
-0.315	0.467799
-0.314	0.466209
-0.313	0.464307
-0.312	0.462099
-0.311	0.459596
-0.31	0.456804
-0.309	0.453735
-0.308	0.450398
-0.307	0.446807
-0.306	0.442973
-0.305	0.438909
-0.304	0.43463
-0.303	0.430149
-0.302	0.425482
-0.301	0.420645
-0.3	0.415653
-0.299	0.410525
-0.298	0.405276
-0.297	0.399924
-0.296	0.394489
-0.295	0.388986
-0.294	0.383435
-0.293	0.377854
-0.292	0.372262
-0.291	0.366677
-0.29	0.361118
-0.289	0.355604
-0.288	0.350152
-0.287	0.344781
-0.286	0.339509
-0.285	0.334354
-0.284	0.329332
-0.283	0.324462
-0.282	0.319758
-0.281	0.315237
-0.28	0.310915
-0.279	0.306805
-0.278	0.302923
-0.277	0.299281
-0.276	0.295892
-0.275	0.292768
-0.274	0.28992
-0.273	0.287358
-0.272	0.285092
-0.271	0.28313
-0.27	0.281479
-0.269	0.280146
-0.268	0.279137
-0.267	0.278455
-0.266	0.278106
-0.265	0.27809
-0.264	0.27841
-0.263	0.279066
-0.262	0.280058
-0.261	0.281384
-0.26	0.283041
-0.259	0.285026
-0.258	0.287334
-0.257	0.28996
-0.256	0.292896
-0.255	0.296136
-0.254	0.299671
-0.253	0.303492
-0.252	0.307587
-0.251	0.311947
-0.25	0.316559
-0.249	0.321411
-0.248	0.326488
-0.247	0.331778
-0.246	0.337265
-0.245	0.342933
-0.244	0.348768
-0.243	0.354753
-0.242	0.36087
-0.241	0.367102
-0.24	0.373432
-0.239	0.379841
-0.238	0.386312
-0.237	0.392827
-0.236	0.399366
-0.235	0.40591
-0.234	0.412444
-0.233	0.418944
-0.232	0.425397
-0.231	0.431781
-0.23	0.438078
-0.229	0.444273
-0.228	0.450346
-0.227	0.45628
-0.226	0.46206
-0.225	0.467668
-0.224	0.473089
-0.223	0.478308
-0.222	0.48331
-0.221	0.488082
-0.22	0.49261
-0.219	0.496882
-0.218	0.500887
-0.217	0.504613
-0.216	0.508051
-0.215	0.511193
-0.214	0.514028
-0.213	0.516551
-0.212	0.518756
-0.211	0.520637
-0.21	0.52219
-0.209	0.523411
-0.208	0.524299
-0.207	0.524853
-0.206	0.525072
-0.205	0.524957
-0.204	0.52451
-0.203	0.523734
-0.202	0.522634
-0.201	0.521214
-0.2	0.51948
-0.199	0.517438
-0.198	0.515098
-0.197	0.512468
-0.196	0.509556
-0.195	0.506375
-0.194	0.502934
-0.193	0.499247
-0.192	0.495327
-0.191	0.491187
-0.19	0.486841
-0.189	0.482305
-0.188	0.477594
-0.187	0.472723
-0.186	0.467711
-0.185	0.462573
-0.184	0.457327
-0.183	0.451992
-0.182	0.446584
-0.181	0.441122
-0.18	0.435626
-0.179	0.430111
-0.178	0.424599
-0.177	0.419107
-0.176	0.413654
-0.175	0.408258
-0.174	0.402938
-0.173	0.397711
-0.172	0.392595
-0.171	0.387609
-0.17	0.382767
-0.169	0.378087
-0.168	0.373586
-0.167	0.369279
-0.166	0.36518
-0.165	0.361303
-0.164	0.357664
-0.163	0.354274
-0.162	0.351144
-0.161	0.348288
-0.16	0.345714
-0.159	0.343434
-0.158	0.341454
-0.157	0.339784
-0.156	0.33843
-0.155	0.337397
-0.154	0.336691
-0.153	0.336316
-0.152	0.336274
-0.151	0.336567
-0.15	0.337196
-0.149	0.338161
-0.148	0.33946
-0.147	0.341092
-0.146	0.343052
-0.145	0.345337
-0.144	0.347941
-0.143	0.350859
-0.142	0.354081
-0.141	0.357602
-0.14	0.36141
-0.139	0.365497
-0.138	0.369851
-0.137	0.374461
-0.136	0.379316
-0.135	0.3844
-0.134	0.3897
-0.133	0.395202
-0.132	0.400891
-0.131	0.40675
-0.13	0.412764
-0.129	0.418916
-0.128	0.425189
-0.127	0.431565
-0.126	0.438026
-0.125	0.444554
-0.124	0.451132
-0.123	0.457739
-0.122	0.464358
-0.121	0.470971
-0.12	0.477558
-0.119	0.484101
-0.118	0.490583
-0.117	0.496984
-0.116	0.503287
-0.115	0.509474
-0.114	0.515528
-0.113	0.521433
-0.112	0.527171
-0.111	0.532727
-0.11	0.538086
-0.109	0.543233
-0.108	0.548154
-0.107	0.552835
-0.106	0.557266
-0.105	0.56143
-0.104	0.565321
-0.103	0.568929
-0.102	0.57224
-0.101	0.57525
-0.1	0.577949
