-4	0
-3.999	0
-3.998	0
-3.997	0
-3.996	0
-3.995	0
-3.994	0
-3.993	0
-3.992	0
-3.991	0
-3.99	0
-3.989	0
-3.988	0
-3.987	0
-3.986	0
-3.985	0
-3.984	0
-3.983	0
-3.982	0
-3.981	0
-3.98	0
-3.979	0
-3.978	0
-3.977	0
-3.976	0
-3.975	0
-3.974	0
-3.973	0
-3.972	0
-3.971	0
-3.97	0
-3.969	0
-3.968	0
-3.967	0
-3.966	0
-3.965	0
-3.964	0
-3.963	0
-3.962	0
-3.961	0
-3.96	0
-3.959	0
-3.958	0
-3.957	0
-3.956	0
-3.955	0
-3.954	0
-3.953	0
-3.952	0
-3.951	0
-3.95	0
-3.949	0
-3.948	0
-3.947	0
-3.946	0
-3.945	0
-3.944	0
-3.943	0
-3.942	0
-3.941	0
-3.94	0
-3.939	0
-3.938	0
-3.937	0
-3.936	0
-3.935	0
-3.934	0
-3.933	0
-3.932	0
-3.931	0
-3.93	0
-3.929	0
-3.928	0
-3.927	0
-3.926	0
-3.925	0
-3.924	0
-3.923	0
-3.922	0
-3.921	0
-3.92	0
-3.919	0
-3.918	0
-3.917	0
-3.916	0
-3.915	0
-3.914	0
-3.913	0
-3.912	0
-3.911	0
-3.91	0
-3.909	0
-3.908	0
-3.907	0
-3.906	0
-3.905	0
-3.904	0
-3.903	0
-3.902	0
-3.901	0
-3.9	0
-3.899	0
-3.898	0
-3.897	0
-3.896	0
-3.895	0
-3.894	0
-3.893	0
-3.892	0
-3.891	0
-3.89	0
-3.889	0
-3.888	0
-3.887	0
-3.886	0
-3.885	0
-3.884	0
-3.883	0
-3.882	0
-3.881	0
-3.88	0
-3.879	0
-3.878	0
-3.877	0
-3.876	0
-3.875	0
-3.874	0
-3.873	0
-3.872	0
-3.871	0
-3.87	0
-3.869	0
-3.868	0
-3.867	0
-3.866	0
-3.865	0
-3.864	0
-3.863	0
-3.862	0
-3.861	0
-3.86	0
-3.859	0
-3.858	0
-3.857	0
-3.856	0
-3.855	0
-3.854	0
-3.853	0
-3.852	0
-3.851	0
-3.85	0
-3.849	0
-3.848	0
-3.847	0
-3.846	0
-3.845	0
-3.844	0
-3.843	0
-3.842	0
-3.841	0
-3.84	0
-3.839	0
-3.838	0
-3.837	0
-3.836	0
-3.835	0
-3.834	0
-3.833	0
-3.832	0
-3.831	0
-3.83	0
-3.829	0
-3.828	0
-3.827	0
-3.826	0
-3.825	0
-3.824	0
-3.823	0
-3.822	0
-3.821	0
-3.82	0
-3.819	0
-3.818	0
-3.817	0
-3.816	0
-3.815	0
-3.814	0
-3.813	0
-3.812	0
-3.811	0
-3.81	0
-3.809	0
-3.808	0
-3.807	0
-3.806	0
-3.805	0
-3.804	0
-3.803	0
-3.802	0
-3.801	0
-3.8	0
-3.799	0
-3.798	0
-3.797	0
-3.796	0
-3.795	0
-3.794	0
-3.793	0
-3.792	0
-3.791	0
-3.79	0
-3.789	0
-3.788	0
-3.787	0
-3.786	0
-3.785	0
-3.784	0
-3.783	0
-3.782	0
-3.781	0
-3.78	0
-3.779	0
-3.778	0
-3.777	0
-3.776	0
-3.775	0
-3.774	0
-3.773	0
-3.772	0
-3.771	0
-3.77	0
-3.769	0
-3.768	0
-3.767	0
-3.766	0
-3.765	0
-3.764	0
-3.763	0
-3.762	0
-3.761	0
-3.76	0
-3.759	0
-3.758	0
-3.757	0
-3.756	0
-3.755	0
-3.754	0
-3.753	0
-3.752	0
-3.751	0
-3.75	0
-3.749	0
-3.748	0
-3.747	0
-3.746	0
-3.745	0
-3.744	0
-3.743	0
-3.742	0
-3.741	0
-3.74	0
-3.739	0
-3.738	0
-3.737	0
-3.736	0
-3.735	0
-3.734	0
-3.733	0
-3.732	0
-3.731	0
-3.73	0
-3.729	0
-3.728	0
-3.727	0
-3.726	0
-3.725	0
-3.724	0
-3.723	0
-3.722	0
-3.721	0
-3.72	0
-3.719	0
-3.718	0
-3.717	0
-3.716	0
-3.715	0
-3.714	0
-3.713	0
-3.712	0
-3.711	0
-3.71	0
-3.709	0
-3.708	0
-3.707	0
-3.706	0
-3.705	0
-3.704	0
-3.703	0
-3.702	0
-3.701	0
-3.7	0
-3.699	0
-3.698	0
-3.697	0
-3.696	0
-3.695	0
-3.694	0
-3.693	0
-3.692	0
-3.691	0
-3.69	0
-3.689	0
-3.688	0
-3.687	0
-3.686	0
-3.685	0
-3.684	0
-3.683	0
-3.682	0
-3.681	0
-3.68	0
-3.679	0
-3.678	0
-3.677	0
-3.676	0
-3.675	0
-3.674	0
-3.673	0
-3.672	0
-3.671	0
-3.67	0
-3.669	0
-3.668	0
-3.667	0
-3.666	0
-3.665	0
-3.664	0
-3.663	0
-3.662	0
-3.661	0
-3.66	0
-3.659	0
-3.658	0
-3.657	0
-3.656	0
-3.655	0
-3.654	0
-3.653	0
-3.652	0
-3.651	0
-3.65	0
-3.649	0
-3.648	0
-3.647	0
-3.646	0
-3.645	0
-3.644	0
-3.643	0
-3.642	0
-3.641	0
-3.64	0
-3.639	0
-3.638	0
-3.637	0
-3.636	0
-3.635	0
-3.634	0
-3.633	0
-3.632	0
-3.631	0
-3.63	0
-3.629	0
-3.628	0
-3.627	0
-3.626	0
-3.625	0
-3.624	0
-3.623	0
-3.622	0
-3.621	0
-3.62	0
-3.619	0
-3.618	0
-3.617	0
-3.616	0
-3.615	0
-3.614	0
-3.613	0
-3.612	0
-3.611	0
-3.61	0
-3.609	0
-3.608	0
-3.607	0
-3.606	0
-3.605	0
-3.604	0
-3.603	0
-3.602	0
-3.601	0
-3.6	0
-3.599	0
-3.598	0
-3.597	0
-3.596	0
-3.595	0
-3.594	0
-3.593	0
-3.592	0
-3.591	0
-3.59	0
-3.589	0
-3.588	0
-3.587	0
-3.586	0
-3.585	0
-3.584	0
-3.583	0
-3.582	0
-3.581	0
-3.58	0
-3.579	0
-3.578	0
-3.577	0
-3.576	0
-3.575	0
-3.574	0
-3.573	0
-3.572	0
-3.571	0
-3.57	0
-3.569	0
-3.568	0
-3.567	0
-3.566	0
-3.565	0
-3.564	0
-3.563	0
-3.562	0
-3.561	0
-3.56	0
-3.559	0
-3.558	0
-3.557	0
-3.556	0
-3.555	0
-3.554	0
-3.553	0
-3.552	0
-3.551	0
-3.55	0
-3.549	0
-3.548	0
-3.547	0
-3.546	0
-3.545	0
-3.544	0
-3.543	0
-3.542	0
-3.541	0
-3.54	0
-3.539	0
-3.538	0
-3.537	0
-3.536	0
-3.535	0
-3.534	0
-3.533	0
-3.532	0
-3.531	0
-3.53	0
-3.529	0
-3.528	0
-3.527	0
-3.526	0
-3.525	0
-3.524	0
-3.523	0
-3.522	0
-3.521	0
-3.52	0
-3.519	0
-3.518	0
-3.517	0
-3.516	0
-3.515	0
-3.514	0
-3.513	0
-3.512	0
-3.511	0
-3.51	0
-3.509	0
-3.508	0
-3.507	0
-3.506	0
-3.505	0
-3.504	0
-3.503	0
-3.502	0
-3.501	0
-3.5	0
-3.499	0
-3.498	0
-3.497	0
-3.496	0
-3.495	0
-3.494	0
-3.493	0
-3.492	0
-3.491	0
-3.49	0
-3.489	0
-3.488	0
-3.487	0
-3.486	0
-3.485	0
-3.484	0
-3.483	0
-3.482	0
-3.481	0
-3.48	0
-3.479	0
-3.478	0
-3.477	0
-3.476	0
-3.475	0
-3.474	0
-3.473	0
-3.472	0
-3.471	0
-3.47	0
-3.469	0
-3.468	0
-3.467	0
-3.466	0
-3.465	0
-3.464	0
-3.463	0
-3.462	0
-3.461	0
-3.46	0
-3.459	0
-3.458	0
-3.457	0
-3.456	0
-3.455	0
-3.454	0
-3.453	0
-3.452	0
-3.451	0
-3.45	0
-3.449	0
-3.448	0
-3.447	0
-3.446	0
-3.445	0
-3.444	0
-3.443	0
-3.442	0
-3.441	0
-3.44	0
-3.439	0
-3.438	0
-3.437	0
-3.436	0
-3.435	0
-3.434	0
-3.433	0
-3.432	0
-3.431	0
-3.43	0
-3.429	0
-3.428	0
-3.427	0
-3.426	0
-3.425	0
-3.424	0
-3.423	0
-3.422	0
-3.421	0
-3.42	0
-3.419	0
-3.418	0
-3.417	0
-3.416	0
-3.415	0
-3.414	0
-3.413	0
-3.412	0
-3.411	0
-3.41	0
-3.409	0
-3.408	0
-3.407	0
-3.406	0
-3.405	0
-3.404	0
-3.403	0
-3.402	0
-3.401	0
-3.4	0
-3.399	0
-3.398	0
-3.397	0
-3.396	0
-3.395	0
-3.394	0
-3.393	0
-3.392	0
-3.391	0
-3.39	0
-3.389	0
-3.388	0
-3.387	0
-3.386	0
-3.385	0
-3.384	0
-3.383	0
-3.382	0
-3.381	0
-3.38	0
-3.379	0
-3.378	0
-3.377	0
-3.376	0
-3.375	0
-3.374	0
-3.373	0
-3.372	0
-3.371	0
-3.37	0
-3.369	0
-3.368	0
-3.367	0
-3.366	0
-3.365	0
-3.364	0
-3.363	0
-3.362	0
-3.361	0
-3.36	0
-3.359	0
-3.358	0
-3.357	0
-3.356	0
-3.355	0
-3.354	0
-3.353	0
-3.352	0
-3.351	0
-3.35	0
-3.349	0
-3.348	0
-3.347	0
-3.346	0
-3.345	0
-3.344	0
-3.343	0
-3.342	0
-3.341	0
-3.34	0
-3.339	0
-3.338	0
-3.337	0
-3.336	0
-3.335	0
-3.334	0
-3.333	0
-3.332	0
-3.331	0
-3.33	0
-3.329	0
-3.328	0
-3.327	0
-3.326	0
-3.325	0
-3.324	0
-3.323	0
-3.322	0
-3.321	0
-3.32	0
-3.319	0
-3.318	0
-3.317	0
-3.316	0
-3.315	0
-3.314	0
-3.313	0
-3.312	0
-3.311	0
-3.31	0
-3.309	0
-3.308	0
-3.307	0
-3.306	0
-3.305	0
-3.304	0
-3.303	0
-3.302	0
-3.301	0
-3.3	0
-3.299	0
-3.298	0
-3.297	0
-3.296	0
-3.295	0
-3.294	0
-3.293	0
-3.292	0
-3.291	0
-3.29	0
-3.289	0
-3.288	0
-3.287	0
-3.286	0
-3.285	0
-3.284	0
-3.283	0
-3.282	0
-3.281	0
-3.28	0
-3.279	0
-3.278	0
-3.277	0
-3.276	0
-3.275	0
-3.274	0
-3.273	0
-3.272	0
-3.271	0
-3.27	0
-3.269	0
-3.268	0
-3.267	0
-3.266	0
-3.265	0
-3.264	0
-3.263	0
-3.262	0
-3.261	0
-3.26	0
-3.259	0
-3.258	0
-3.257	0
-3.256	0
-3.255	0
-3.254	0
-3.253	0
-3.252	0
-3.251	0
-3.25	0
-3.249	0
-3.248	0
-3.247	0
-3.246	0
-3.245	0
-3.244	0
-3.243	0
-3.242	0
-3.241	0
-3.24	0
-3.239	0
-3.238	0
-3.237	0
-3.236	0
-3.235	0
-3.234	0
-3.233	0
-3.232	0
-3.231	0
-3.23	0
-3.229	0
-3.228	0
-3.227	0
-3.226	0
-3.225	0
-3.224	0
-3.223	0
-3.222	0
-3.221	0
-3.22	0
-3.219	0
-3.218	0
-3.217	0
-3.216	0
-3.215	0
-3.214	0
-3.213	0
-3.212	0
-3.211	0
-3.21	0
-3.209	0
-3.208	0
-3.207	0
-3.206	0
-3.205	0
-3.204	0
-3.203	0
-3.202	0
-3.201	0
-3.2	0
-3.199	0
-3.198	0
-3.197	0
-3.196	0
-3.195	0
-3.194	0
-3.193	0
-3.192	0
-3.191	0
-3.19	0
-3.189	0
-3.188	0
-3.187	0
-3.186	0
-3.185	0
-3.184	0
-3.183	0
-3.182	0
-3.181	0
-3.18	0
-3.179	0
-3.178	0
-3.177	0
-3.176	0
-3.175	0
-3.174	0
-3.173	0
-3.172	0
-3.171	0
-3.17	0
-3.169	0
-3.168	0
-3.167	0
-3.166	0
-3.165	0
-3.164	0
-3.163	0
-3.162	0
-3.161	0
-3.16	0
-3.159	0
-3.158	0
-3.157	0
-3.156	0
-3.155	0
-3.154	0
-3.153	0
-3.152	0
-3.151	0
-3.15	0
-3.149	0
-3.148	0
-3.147	0
-3.146	0
-3.145	0
-3.144	0
-3.143	0
-3.142	0
-3.141	0
-3.14	0
-3.139	0
-3.138	0
-3.137	0
-3.136	0
-3.135	0
-3.134	0
-3.133	0
-3.132	0
-3.131	0
-3.13	0
-3.129	0
-3.128	0
-3.127	0
-3.126	0
-3.125	0
-3.124	0
-3.123	0
-3.122	0
-3.121	0
-3.12	0
-3.119	0
-3.118	0
-3.117	0
-3.116	0
-3.115	0
-3.114	0
-3.113	0
-3.112	0
-3.111	0
-3.11	0
-3.109	0
-3.108	0
-3.107	0
-3.106	0
-3.105	0
-3.104	0
-3.103	0
-3.102	0
-3.101	0
-3.1	0
-3.099	0
-3.098	0
-3.097	0
-3.096	0
-3.095	0
-3.094	0
-3.093	0
-3.092	0
-3.091	0
-3.09	0
-3.089	0
-3.088	0
-3.087	0
-3.086	0
-3.085	0
-3.084	0
-3.083	0
-3.082	0
-3.081	0
-3.08	0
-3.079	0
-3.078	0
-3.077	0
-3.076	0
-3.075	0
-3.074	0
-3.073	0
-3.072	0
-3.071	0
-3.07	0
-3.069	0
-3.068	0
-3.067	0
-3.066	0
-3.065	0
-3.064	0
-3.063	0
-3.062	0
-3.061	0
-3.06	0
-3.059	0
-3.058	0
-3.057	0
-3.056	0
-3.055	0
-3.054	0
-3.053	0
-3.052	0
-3.051	0
-3.05	0
-3.049	0
-3.048	0
-3.047	0
-3.046	0
-3.045	0
-3.044	0
-3.043	0
-3.042	0
-3.041	0
-3.04	0
-3.039	0
-3.038	0
-3.037	0
-3.036	0
-3.035	0
-3.034	0
-3.033	0
-3.032	0
-3.031	0
-3.03	0
-3.029	0
-3.028	0
-3.027	0
-3.026	0
-3.025	0
-3.024	0
-3.023	0
-3.022	0
-3.021	0
-3.02	0
-3.019	0
-3.018	0
-3.017	0
-3.016	0
-3.015	0
-3.014	0
-3.013	0
-3.012	0
-3.011	0
-3.01	0
-3.009	0
-3.008	0
-3.007	0
-3.006	0
-3.005	0
-3.004	0
-3.003	0
-3.002	0
-3.001	0
-3	0
-2.999	0
-2.998	0
-2.997	0
-2.996	0
-2.995	0
-2.994	0
-2.993	0
-2.992	0
-2.991	0
-2.99	0
-2.989	0
-2.988	0
-2.987	0
-2.986	0
-2.985	0
-2.984	0
-2.983	0
-2.982	0
-2.981	0
-2.98	0
-2.979	0
-2.978	0
-2.977	0
-2.976	0
-2.975	0
-2.974	0
-2.973	0
-2.972	0
-2.971	0
-2.97	0
-2.969	0
-2.968	0
-2.967	0
-2.966	0
-2.965	0
-2.964	0
-2.963	0
-2.962	0
-2.961	0
-2.96	0
-2.959	0
-2.958	0
-2.957	0
-2.956	0
-2.955	0
-2.954	0
-2.953	0
-2.952	0
-2.951	0
-2.95	0
-2.949	0
-2.948	0
-2.947	0
-2.946	0
-2.945	0
-2.944	0
-2.943	0
-2.942	0
-2.941	0
-2.94	0
-2.939	0
-2.938	0
-2.937	0
-2.936	0
-2.935	0
-2.934	0
-2.933	0
-2.932	0
-2.931	0
-2.93	0
-2.929	0
-2.928	0
-2.927	0
-2.926	0
-2.925	0
-2.924	0
-2.923	0
-2.922	0
-2.921	0
-2.92	0
-2.919	0
-2.918	0
-2.917	0
-2.916	0
-2.915	0
-2.914	0
-2.913	0
-2.912	0
-2.911	0
-2.91	0
-2.909	0
-2.908	0
-2.907	0
-2.906	0
-2.905	0
-2.904	0
-2.903	0
-2.902	0
-2.901	0
-2.9	0
-2.899	0
-2.898	0
-2.897	0
-2.896	0
-2.895	0
-2.894	0
-2.893	0
-2.892	0
-2.891	0
-2.89	0
-2.889	0
-2.888	0
-2.887	0
-2.886	0
-2.885	0
-2.884	0
-2.883	0
-2.882	0
-2.881	0
-2.88	0
-2.879	0
-2.878	0
-2.877	0
-2.876	0
-2.875	0
-2.874	0
-2.873	0
-2.872	0
-2.871	0
-2.87	0
-2.869	0
-2.868	0
-2.867	0
-2.866	0
-2.865	0
-2.864	0
-2.863	0
-2.862	0
-2.861	0
-2.86	0
-2.859	0
-2.858	0
-2.857	0
-2.856	0
-2.855	0
-2.854	0
-2.853	0
-2.852	0
-2.851	0
-2.85	0
-2.849	0
-2.848	0
-2.847	0
-2.846	0
-2.845	0
-2.844	0
-2.843	0
-2.842	0
-2.841	0
-2.84	0
-2.839	0
-2.838	0
-2.837	0
-2.836	0
-2.835	0
-2.834	0
-2.833	0
-2.832	0
-2.831	0
-2.83	0
-2.829	0
-2.828	0
-2.827	0
-2.826	0
-2.825	0
-2.824	0
-2.823	0
-2.822	0
-2.821	0
-2.82	0
-2.819	0
-2.818	0
-2.817	0
-2.816	0
-2.815	0
-2.814	0
-2.813	0
-2.812	0
-2.811	0
-2.81	0
-2.809	0
-2.808	0
-2.807	0
-2.806	0
-2.805	0
-2.804	0
-2.803	0
-2.802	0
-2.801	0
-2.8	0
-2.799	0
-2.798	0
-2.797	0
-2.796	0
-2.795	0
-2.794	0
-2.793	0
-2.792	0
-2.791	0
-2.79	0
-2.789	0
-2.788	0
-2.787	0
-2.786	0
-2.785	0
-2.784	0
-2.783	0
-2.782	0
-2.781	0
-2.78	0
-2.779	0
-2.778	0
-2.777	0
-2.776	0
-2.775	0
-2.774	0
-2.773	0
-2.772	0
-2.771	0
-2.77	0
-2.769	0
-2.768	0
-2.767	0
-2.766	0
-2.765	0
-2.764	0
-2.763	0
-2.762	0
-2.761	0
-2.76	0
-2.759	0
-2.758	0
-2.757	0
-2.756	0
-2.755	0
-2.754	0
-2.753	0
-2.752	0
-2.751	0
-2.75	0
-2.749	0
-2.748	0
-2.747	0
-2.746	0
-2.745	0
-2.744	0
-2.743	0
-2.742	0
-2.741	0
-2.74	0
-2.739	0
-2.738	0
-2.737	0
-2.736	0
-2.735	0
-2.734	0
-2.733	0
-2.732	0
-2.731	0
-2.73	0
-2.729	0
-2.728	0
-2.727	0
-2.726	0
-2.725	0
-2.724	0
-2.723	0
-2.722	0
-2.721	0
-2.72	0
-2.719	0
-2.718	0
-2.717	0
-2.716	0
-2.715	0
-2.714	0
-2.713	0
-2.712	0
-2.711	0
-2.71	0
-2.709	0
-2.708	0
-2.707	0
-2.706	0
-2.705	0
-2.704	0
-2.703	0
-2.702	0
-2.701	0
-2.7	0
-2.699	0
-2.698	0
-2.697	0
-2.696	0
-2.695	0
-2.694	0
-2.693	0
-2.692	0
-2.691	0
-2.69	0
-2.689	0
-2.688	0
-2.687	0
-2.686	0
-2.685	0
-2.684	0
-2.683	0
-2.682	0
-2.681	0
-2.68	0
-2.679	0
-2.678	0
-2.677	0
-2.676	0
-2.675	0
-2.674	0
-2.673	0
-2.672	0
-2.671	0
-2.67	0
-2.669	0
-2.668	0
-2.667	0
-2.666	0
-2.665	0
-2.664	0
-2.663	0
-2.662	0
-2.661	0
-2.66	0
-2.659	0
-2.658	0
-2.657	0
-2.656	0
-2.655	0
-2.654	0
-2.653	0
-2.652	0
-2.651	0
-2.65	0
-2.649	0
-2.648	0
-2.647	0
-2.646	0
-2.645	0
-2.644	0
-2.643	0
-2.642	0
-2.641	0
-2.64	0
-2.639	0
-2.638	0
-2.637	0
-2.636	0
-2.635	0
-2.634	0
-2.633	0
-2.632	0
-2.631	0
-2.63	0
-2.629	0
-2.628	0
-2.627	0
-2.626	0
-2.625	0
-2.624	0
-2.623	0
-2.622	0
-2.621	0
-2.62	0
-2.619	0
-2.618	0
-2.617	0
-2.616	0
-2.615	0
-2.614	0
-2.613	0
-2.612	0
-2.611	0
-2.61	0
-2.609	0
-2.608	0
-2.607	0
-2.606	0
-2.605	0
-2.604	0
-2.603	0
-2.602	0
-2.601	0
-2.6	0
-2.599	0
-2.598	0
-2.597	0
-2.596	0
-2.595	0
-2.594	0
-2.593	0
-2.592	0
-2.591	0
-2.59	0
-2.589	0
-2.588	0
-2.587	0
-2.586	0
-2.585	0
-2.584	0
-2.583	0
-2.582	0
-2.581	0
-2.58	0
-2.579	0
-2.578	0
-2.577	0
-2.576	0
-2.575	0
-2.574	0
-2.573	0
-2.572	0
-2.571	0
-2.57	0
-2.569	0
-2.568	0
-2.567	0
-2.566	0
-2.565	0
-2.564	0
-2.563	0
-2.562	0
-2.561	0
-2.56	0
-2.559	0
-2.558	0
-2.557	0
-2.556	0
-2.555	0
-2.554	0
-2.553	0
-2.552	0
-2.551	0
-2.55	0
-2.549	0
-2.548	0
-2.547	0
-2.546	0
-2.545	0
-2.544	0
-2.543	0
-2.542	0
-2.541	0
-2.54	0
-2.539	0
-2.538	0
-2.537	0
-2.536	0
-2.535	0
-2.534	0
-2.533	0
-2.532	0
-2.531	0
-2.53	0
-2.529	0
-2.528	0
-2.527	0
-2.526	0
-2.525	0
-2.524	0
-2.523	0
-2.522	0
-2.521	0
-2.52	0
-2.519	0
-2.518	0
-2.517	0
-2.516	0
-2.515	0
-2.514	0
-2.513	0
-2.512	0
-2.511	0
-2.51	0
-2.509	0
-2.508	0
-2.507	0
-2.506	0
-2.505	0
-2.504	0
-2.503	0
-2.502	0
-2.501	0
-2.5	0
-2.499	0
-2.498	0
-2.497	0
-2.496	0
-2.495	0
-2.494	0
-2.493	0
-2.492	0
-2.491	0
-2.49	0
-2.489	0
-2.488	0
-2.487	0
-2.486	0
-2.485	0
-2.484	0
-2.483	0
-2.482	0
-2.481	0
-2.48	0
-2.479	0
-2.478	0
-2.477	0
-2.476	0
-2.475	0
-2.474	0
-2.473	0
-2.472	0
-2.471	0
-2.47	0
-2.469	0
-2.468	0
-2.467	0
-2.466	0
-2.465	0
-2.464	0
-2.463	0
-2.462	0
-2.461	0
-2.46	0
-2.459	0
-2.458	0
-2.457	0
-2.456	0
-2.455	0
-2.454	0
-2.453	0
-2.452	0
-2.451	0
-2.45	0
-2.449	0
-2.448	0
-2.447	0
-2.446	0
-2.445	0
-2.444	0
-2.443	0
-2.442	0
-2.441	0
-2.44	0
-2.439	0
-2.438	0
-2.437	0
-2.436	0
-2.435	0
-2.434	0
-2.433	0
-2.432	0
-2.431	0
-2.43	0
-2.429	0
-2.428	0
-2.427	0
-2.426	0
-2.425	0
-2.424	0
-2.423	0
-2.422	0
-2.421	0
-2.42	0
-2.419	0
-2.418	0
-2.417	0
-2.416	0
-2.415	0
-2.414	0
-2.413	0
-2.412	0
-2.411	0
-2.41	0
-2.409	0
-2.408	0
-2.407	0
-2.406	0
-2.405	0
-2.404	0
-2.403	0
-2.402	0
-2.401	0
-2.4	0
-2.399	0
-2.398	0
-2.397	0
-2.396	0
-2.395	0
-2.394	0
-2.393	0
-2.392	0
-2.391	0
-2.39	0
-2.389	0
-2.388	0
-2.387	0
-2.386	0
-2.385	0
-2.384	0
-2.383	0
-2.382	0
-2.381	0
-2.38	0
-2.379	0
-2.378	0
-2.377	0
-2.376	0
-2.375	0
-2.374	0
-2.373	0
-2.372	0
-2.371	0
-2.37	0
-2.369	0
-2.368	0
-2.367	0
-2.366	0
-2.365	0
-2.364	0
-2.363	0
-2.362	0
-2.361	0
-2.36	0
-2.359	0
-2.358	0
-2.357	0
-2.356	0
-2.355	0
-2.354	0
-2.353	0
-2.352	0
-2.351	0
-2.35	0
-2.349	0
-2.348	0
-2.347	0
-2.346	0
-2.345	0
-2.344	0
-2.343	0
-2.342	0
-2.341	0
-2.34	0
-2.339	0
-2.338	0
-2.337	0
-2.336	0
-2.335	0
-2.334	0
-2.333	0
-2.332	0
-2.331	0
-2.33	0
-2.329	0
-2.328	0
-2.327	0
-2.326	0
-2.325	0
-2.324	0
-2.323	0
-2.322	0
-2.321	0
-2.32	0
-2.319	0
-2.318	0
-2.317	0
-2.316	0
-2.315	0
-2.314	0
-2.313	0
-2.312	0
-2.311	0
-2.31	0
-2.309	0
-2.308	0
-2.307	0
-2.306	0
-2.305	0
-2.304	0
-2.303	0
-2.302	0
-2.301	0
-2.3	0
-2.299	0
-2.298	0
-2.297	0
-2.296	0
-2.295	0
-2.294	0
-2.293	0
-2.292	0
-2.291	0
-2.29	0
-2.289	0
-2.288	0
-2.287	0
-2.286	0
-2.285	0
-2.284	0
-2.283	0
-2.282	0
-2.281	0
-2.28	0
-2.279	0
-2.278	0
-2.277	0
-2.276	0
-2.275	0
-2.274	0
-2.273	0
-2.272	0
-2.271	0
-2.27	0
-2.269	0
-2.268	0
-2.267	0
-2.266	0
-2.265	0
-2.264	0
-2.263	0
-2.262	0
-2.261	0
-2.26	0
-2.259	0
-2.258	0
-2.257	0
-2.256	0
-2.255	0
-2.254	0
-2.253	0
-2.252	0
-2.251	0
-2.25	0
-2.249	0
-2.248	0
-2.247	0
-2.246	0
-2.245	0
-2.244	0
-2.243	0
-2.242	0
-2.241	0
-2.24	0
-2.239	0
-2.238	0
-2.237	0
-2.236	0
-2.235	0
-2.234	0
-2.233	0
-2.232	0
-2.231	0
-2.23	0
-2.229	0
-2.228	0
-2.227	0
-2.226	0
-2.225	0
-2.224	0
-2.223	0
-2.222	0
-2.221	0
-2.22	0
-2.219	0
-2.218	0
-2.217	0
-2.216	0
-2.215	0
-2.214	0
-2.213	0
-2.212	0
-2.211	0
-2.21	0
-2.209	0
-2.208	0
-2.207	0
-2.206	0
-2.205	0
-2.204	0
-2.203	0
-2.202	0
-2.201	0
-2.2	0
-2.199	0
-2.198	0
-2.197	0
-2.196	0
-2.195	0
-2.194	0
-2.193	0
-2.192	0
-2.191	0
-2.19	0
-2.189	0
-2.188	0
-2.187	0
-2.186	0
-2.185	0
-2.184	0
-2.183	0
-2.182	0
-2.181	0
-2.18	0
-2.179	0
-2.178	0
-2.177	0
-2.176	0
-2.175	0
-2.174	0
-2.173	0
-2.172	0
-2.171	0
-2.17	0
-2.169	0
-2.168	0
-2.167	0
-2.166	0
-2.165	0
-2.164	0
-2.163	0
-2.162	0
-2.161	0
-2.16	0
-2.159	0
-2.158	0
-2.157	0
-2.156	0
-2.155	0
-2.154	0
-2.153	0
-2.152	0
-2.151	0
-2.15	0
-2.149	0
-2.148	0
-2.147	0
-2.146	0
-2.145	0
-2.144	0
-2.143	0
-2.142	0
-2.141	0
-2.14	0
-2.139	0
-2.138	0
-2.137	0
-2.136	0
-2.135	0
-2.134	0
-2.133	0
-2.132	0
-2.131	0
-2.13	0
-2.129	0
-2.128	0
-2.127	0
-2.126	0
-2.125	0
-2.124	0
-2.123	0
-2.122	0
-2.121	0
-2.12	0
-2.119	0
-2.118	0
-2.117	0
-2.116	0
-2.115	0
-2.114	0
-2.113	0
-2.112	0
-2.111	0
-2.11	0
-2.109	0
-2.108	0
-2.107	0
-2.106	0
-2.105	0
-2.104	0
-2.103	0
-2.102	0
-2.101	0
-2.1	0
-2.099	0
-2.098	0
-2.097	0
-2.096	0
-2.095	0
-2.094	0
-2.093	0
-2.092	0
-2.091	0
-2.09	0
-2.089	0
-2.088	0
-2.087	0
-2.086	0
-2.085	0
-2.084	0
-2.083	0
-2.082	0
-2.081	0
-2.08	0
-2.079	0
-2.078	0
-2.077	0
-2.076	0
-2.075	0
-2.074	0
-2.073	0
-2.072	0
-2.071	0
-2.07	0
-2.069	0
-2.068	0
-2.067	0
-2.066	0
-2.065	0
-2.064	0
-2.063	0
-2.062	0
-2.061	0
-2.06	0
-2.059	0
-2.058	0
-2.057	0
-2.056	0
-2.055	0
-2.054	0
-2.053	0
-2.052	0
-2.051	0
-2.05	0
-2.049	0
-2.048	0
-2.047	0
-2.046	0
-2.045	0
-2.044	0
-2.043	1.61212e-076
-2.042	7.98981e-076
-2.041	1.82667e-075
-2.04	3.76997e-075
-2.039	1.02798e-074
-2.038	3.5894e-074
-2.037	1.29938e-073
-2.036	4.63044e-073
-2.035	1.61277e-072
-2.034	5.55726e-072
-2.033	1.89817e-071
-2.032	6.43795e-071
-2.031	2.16774e-070
-2.03	7.24514e-070
-2.029	2.40307e-069
-2.028	7.91001e-069
-2.027	2.58372e-068
-2.026	8.3746e-068
-2.025	2.69346e-067
-2.024	8.59539e-067
-2.023	2.72152e-066
-2.022	8.54922e-066
-2.021	2.66435e-065
-2.02	8.23732e-065
-2.019	2.52632e-064
-2.018	7.68561e-064
-2.017	2.31918e-063
-2.016	6.94118e-063
-2.015	2.06041e-062
-2.014	6.0656e-062
-2.013	1.7708e-061
-2.012	5.12645e-061
-2.011	1.47161e-060
-2.01	4.18863e-060
-2.009	1.18204e-059
-2.008	3.30708e-059
-2.007	9.17245e-059
-2.006	2.5219e-058
-2.005	6.87299e-058
-2.004	1.85657e-057
-2.003	4.97046e-057
-2.002	1.31878e-056
-2.001	3.46747e-056
-2	9.0341e-056
-1.999	2.33217e-055
-1.998	5.96493e-055
-1.997	1.51144e-054
-1.996	3.79389e-054
-1.995	9.43307e-054
-1.994	2.32307e-053
-1.993	5.66601e-053
-1.992	1.36856e-052
-1.991	3.27328e-052
-1.99	7.75174e-052
-1.989	1.8175e-051
-1.988	4.21862e-051
-1.987	9.69269e-051
-1.986	2.20423e-050
-1.985	4.96094e-050
-1.984	1.1049e-049
-1.983	2.43493e-049
-1.982	5.30898e-049
-1.981	1.14511e-048
-1.98	2.44312e-048
-1.979	5.15528e-048
-1.978	1.07577e-047
-1.977	2.21966e-047
-1.976	4.52792e-047
-1.975	9.13055e-047
-1.974	1.81978e-046
-1.973	3.58426e-046
-1.972	6.97544e-046
-1.971	1.34111e-045
-1.97	2.54685e-045
-1.969	4.77648e-045
-1.968	8.845e-045
-1.967	1.6169e-044
-1.966	2.91724e-044
-1.965	5.19355e-044
-1.964	9.12118e-044
-1.963	1.57985e-043
-1.962	2.69797e-043
-1.961	4.54123e-043
-1.96	7.5314e-043
-1.959	1.23021e-042
-1.958	1.97831e-042
-1.957	3.13051e-042
-1.956	4.87198e-042
-1.955	7.45236e-042
-1.954	1.11961e-041
-1.953	1.65065e-041
-1.952	2.38572e-041
-1.951	3.37628e-041
-1.95	4.67157e-041
-1.949	6.30796e-041
-1.948	8.29264e-041
-1.947	1.05813e-040
-1.946	1.30512e-040
-1.945	1.54721e-040
-1.944	1.7486e-040
-1.943	1.86075e-040
-1.942	1.82733e-040
-1.941	1.59774e-040
-1.94	1.15514e-040
-1.939	5.66875e-041
-1.938	6.84482e-042
-1.937	1.95436e-041
-1.936	1.98228e-040
-1.935	7.25178e-040
-1.934	1.90255e-039
-1.933	4.20921e-039
-1.932	8.37808e-039
-1.931	1.54996e-038
-1.93	2.71585e-038
-1.929	4.56121e-038
-1.928	7.40222e-038
-1.927	1.16751e-037
-1.926	1.79738e-037
-1.925	2.70982e-037
-1.924	4.01136e-037
-1.923	5.84263e-037
-1.922	8.38764e-037
-1.921	1.18852e-036
-1.92	1.66433e-036
-1.919	2.30555e-036
-1.918	3.16228e-036
-1.917	4.29775e-036
-1.916	5.7914e-036
-1.915	7.7424e-036
-1.914	1.0274e-035
-1.913	1.35383e-035
-1.912	1.77226e-035
-1.911	2.30561e-035
-1.91	2.98181e-035
-1.909	3.83476e-035
-1.908	4.90546e-035
-1.907	6.24328e-035
-1.906	7.90746e-035
-1.905	9.96883e-035
-1.904	1.25118e-034
-1.903	1.56367e-034
-1.902	1.9462e-034
-1.901	2.41279e-034
-1.9	2.9799e-034
-1.899	3.66685e-034
-1.898	4.49622e-034
-1.897	5.49434e-034
-1.896	6.69183e-034
-1.895	8.12419e-034
-1.894	9.8325e-034
-1.893	1.18641e-033
-1.892	1.42737e-033
-1.891	1.71237e-033
-1.89	2.04859e-033
-1.889	2.44424e-033
-1.888	2.90865e-033
-1.887	3.45247e-033
-1.886	4.08776e-033
-1.885	4.82822e-033
-1.884	5.6893e-033
-1.883	6.68846e-033
-1.882	7.84532e-033
-1.881	9.18199e-033
-1.88	1.07232e-032
-1.879	1.24967e-032
-1.878	1.45333e-032
-1.877	1.68677e-032
-1.876	1.95383e-032
-1.875	2.25878e-032
-1.874	2.60634e-032
-1.873	3.00177e-032
-1.872	3.45085e-032
-1.871	3.95998e-032
-1.87	4.53618e-032
-1.869	5.18719e-032
-1.868	5.92147e-032
-1.867	6.74834e-032
-1.866	7.67793e-032
-1.865	8.72131e-032
-1.864	9.89059e-032
-1.863	1.11988e-031
-1.862	1.26603e-031
-1.861	1.42904e-031
-1.86	1.61057e-031
-1.859	1.81243e-031
-1.858	2.03654e-031
-1.857	2.285e-031
-1.856	2.56002e-031
-1.855	2.864e-031
-1.854	3.19948e-031
-1.853	3.56918e-031
-1.852	3.97599e-031
-1.851	4.42296e-031
-1.85	4.91334e-031
-1.849	5.45057e-031
-1.848	6.03824e-031
-1.847	6.68014e-031
-1.846	7.38026e-031
-1.845	8.14276e-031
-1.844	8.97193e-031
-1.843	9.87232e-031
-1.842	1.08485e-030
-1.841	1.19054e-030
-1.84	1.3048e-030
-1.839	1.42812e-030
-1.838	1.56103e-030
-1.837	1.70406e-030
-1.836	1.85774e-030
-1.835	2.02261e-030
-1.834	2.19921e-030
-1.833	2.38807e-030
-1.832	2.58973e-030
-1.831	2.80471e-030
-1.83	3.03352e-030
-1.829	3.27664e-030
-1.828	3.53455e-030
-1.827	3.80768e-030
-1.826	4.09643e-030
-1.825	4.40118e-030
-1.824	4.72223e-030
-1.823	5.05984e-030
-1.822	5.41425e-030
-1.821	5.78557e-030
-1.82	6.17389e-030
-1.819	6.5792e-030
-1.818	7.00137e-030
-1.817	7.44027e-030
-1.816	7.89561e-030
-1.815	8.36697e-030
-1.814	8.85387e-030
-1.813	9.35571e-030
-1.812	9.87174e-030
-1.811	1.04011e-029
-1.81	1.09429e-029
-1.809	1.14959e-029
-1.808	1.2059e-029
-1.807	1.26307e-029
-1.806	1.32096e-029
-1.805	1.37941e-029
-1.804	1.43824e-029
-1.803	1.49728e-029
-1.802	1.55633e-029
-1.801	1.61518e-029
-1.8	1.67364e-029
-1.799	1.73148e-029
-1.798	1.78849e-029
-1.797	1.84444e-029
-1.796	1.89912e-029
-1.795	1.95231e-029
-1.794	2.00379e-029
-1.793	2.05336e-029
-1.792	2.10083e-029
-1.791	2.14603e-029
-1.79	2.18879e-029
-1.789	2.22898e-029
-1.788	2.26649e-029
-1.787	2.30126e-029
-1.786	2.33321e-029
-1.785	2.36237e-029
-1.784	2.38875e-029
-1.783	2.41245e-029
-1.782	2.43358e-029
-1.781	2.45233e-029
-1.78	2.46895e-029
-1.779	2.4837e-029
-1.778	2.49695e-029
-1.777	2.50911e-029
-1.776	2.52063e-029
-1.775	2.53204e-029
-1.774	2.5439e-029
-1.773	2.55686e-029
-1.772	2.57158e-029
-1.771	2.58875e-029
-1.77	2.60915e-029
-1.769	2.63352e-029
-1.768	2.66265e-029
-1.767	2.69731e-029
-1.766	2.73825e-029
-1.765	2.78618e-029
-1.764	2.8418e-029
-1.763	2.90567e-029
-1.762	2.97831e-029
-1.761	3.06012e-029
-1.76	3.1513e-029
-1.759	3.25193e-029
-1.758	3.36191e-029
-1.757	3.48084e-029
-1.756	3.60817e-029
-1.755	3.74301e-029
-1.754	3.88416e-029
-1.753	4.03018e-029
-1.752	4.17923e-029
-1.751	4.3291e-029
-1.75	4.4773e-029
-1.749	4.62094e-029
-1.748	4.75675e-029
-1.747	4.88116e-029
-1.746	4.99033e-029
-1.745	5.08014e-029
-1.744	5.14629e-029
-1.743	5.18439e-029
-1.742	5.18994e-029
-1.741	5.15873e-029
-1.74	5.08666e-029
-1.739	4.97027e-029
-1.738	4.80657e-029
-1.737	4.59361e-029
-1.736	4.33065e-029
-1.735	4.01853e-029
-1.734	3.65983e-029
-1.733	3.25972e-029
-1.732	2.82608e-029
-1.731	2.3701e-029
-1.73	1.90707e-029
-1.729	1.45671e-029
-1.728	1.04417e-029
-1.727	7.0063e-030
-1.726	4.64226e-030
-1.725	3.80932e-030
-1.724	5.05522e-030
-1.723	9.02607e-030
-1.722	1.64779e-029
-1.721	2.82878e-029
-1.72	4.54661e-029
-1.719	6.917e-029
-1.718	1.00716e-028
-1.717	1.41592e-028
-1.716	1.93479e-028
-1.715	2.58251e-028
-1.714	3.38006e-028
-1.713	4.35072e-028
-1.712	5.52011e-028
-1.711	6.91657e-028
-1.71	8.57104e-028
-1.709	1.05174e-027
-1.708	1.27925e-027
-1.707	1.54362e-027
-1.706	1.84914e-027
-1.705	2.20044e-027
-1.704	2.60247e-027
-1.703	3.06052e-027
-1.702	3.58017e-027
-1.701	4.16739e-027
-1.7	4.82841e-027
-1.699	5.56979e-027
-1.698	6.39839e-027
-1.697	7.32132e-027
-1.696	8.34596e-027
-1.695	9.4799e-027
-1.694	1.07309e-026
-1.693	1.21068e-026
-1.692	1.36158e-026
-1.691	1.52656e-026
-1.69	1.70645e-026
-1.689	1.90203e-026
-1.688	2.11406e-026
-1.687	2.3433e-026
-1.686	2.59045e-026
-1.685	2.85619e-026
-1.684	3.14112e-026
-1.683	3.44579e-026
-1.682	3.77064e-026
-1.681	4.11609e-026
-1.68	4.48239e-026
-1.679	4.86967e-026
-1.678	5.27801e-026
-1.677	5.70725e-026
-1.676	6.15712e-026
-1.675	6.62721e-026
-1.674	7.11687e-026
-1.673	7.62531e-026
-1.672	8.15149e-026
-1.671	8.69421e-026
-1.67	9.25202e-026
-1.669	9.82322e-026
-1.668	1.0406e-025
-1.667	1.09981e-025
-1.666	1.15972e-025
-1.665	1.22007e-025
-1.664	1.28059e-025
-1.663	1.34098e-025
-1.662	1.40091e-025
-1.661	1.46005e-025
-1.66	1.51808e-025
-1.659	1.57461e-025
-1.658	1.62929e-025
-1.657	1.68178e-025
-1.656	1.73171e-025
-1.655	1.77874e-025
-1.654	1.82255e-025
-1.653	1.86284e-025
-1.652	1.89936e-025
-1.651	1.93191e-025
-1.65	1.96032e-025
-1.649	1.98451e-025
-1.648	2.00449e-025
-1.647	2.02034e-025
-1.646	2.03228e-025
-1.645	2.04063e-025
-1.644	2.04586e-025
-1.643	2.04861e-025
-1.642	2.04967e-025
-1.641	2.05003e-025
-1.64	2.05092e-025
-1.639	2.05374e-025
-1.638	2.0602e-025
-1.637	2.07221e-025
-1.636	2.09201e-025
-1.635	2.12211e-025
-1.634	2.16533e-025
-1.633	2.22484e-025
-1.632	2.30411e-025
-1.631	2.40698e-025
-1.63	2.53765e-025
-1.629	2.70067e-025
-1.628	2.90095e-025
-1.627	3.14376e-025
-1.626	3.43474e-025
-1.625	3.77985e-025
-1.624	4.1854e-025
-1.623	4.65799e-025
-1.622	5.20452e-025
-1.621	5.83214e-025
-1.62	6.54821e-025
-1.619	7.36025e-025
-1.618	8.2759e-025
-1.617	9.30282e-025
-1.616	1.04488e-024
-1.615	1.17214e-024
-1.614	1.3128e-024
-1.613	1.46758e-024
-1.612	1.63717e-024
-1.611	1.8222e-024
-1.61	2.02325e-024
-1.609	2.24084e-024
-1.608	2.47539e-024
-1.607	2.72725e-024
-1.606	2.99666e-024
-1.605	3.28371e-024
-1.604	3.5884e-024
-1.603	3.91058e-024
-1.602	4.24991e-024
-1.601	4.60591e-024
-1.6	4.97791e-024
-1.599	5.36505e-024
-1.598	5.76629e-024
-1.597	6.18036e-024
-1.596	6.60578e-024
-1.595	7.04088e-024
-1.594	7.48375e-024
-1.593	7.93229e-024
-1.592	8.38421e-024
-1.591	8.837e-024
-1.59	9.28797e-024
-1.589	9.73433e-024
-1.588	1.01731e-023
-1.587	1.06013e-023
-1.586	1.10158e-023
-1.585	1.14136e-023
-1.584	1.17914e-023
-1.583	1.21465e-023
-1.582	1.2476e-023
-1.581	1.27774e-023
-1.58	1.30486e-023
-1.579	1.32878e-023
-1.578	1.34937e-023
-1.577	1.36659e-023
-1.576	1.38047e-023
-1.575	1.3911e-023
-1.574	1.39872e-023
-1.573	1.40366e-023
-1.572	1.40641e-023
-1.571	1.40757e-023
-1.57	1.40797e-023
-1.569	1.40857e-023
-1.568	1.41057e-023
-1.567	1.41538e-023
-1.566	1.42466e-023
-1.565	1.44033e-023
-1.564	1.46458e-023
-1.563	1.49989e-023
-1.562	1.54909e-023
-1.561	1.6153e-023
-1.56	1.702e-023
-1.559	1.81304e-023
-1.558	1.95261e-023
-1.557	2.12532e-023
-1.556	2.33613e-023
-1.555	2.5904e-023
-1.554	2.89389e-023
-1.553	3.25274e-023
-1.552	3.67346e-023
-1.551	4.16294e-023
-1.55	4.72841e-023
-1.549	5.37743e-023
-1.548	6.11788e-023
-1.547	6.95787e-023
-1.546	7.90578e-023
-1.545	8.97014e-023
-1.544	1.01596e-022
-1.543	1.14829e-022
-1.542	1.29488e-022
-1.541	1.45659e-022
-1.54	1.63428e-022
-1.539	1.82877e-022
-1.538	2.04085e-022
-1.537	2.27127e-022
-1.536	2.52073e-022
-1.535	2.78984e-022
-1.534	3.07916e-022
-1.533	3.38915e-022
-1.532	3.72017e-022
-1.531	4.07246e-022
-1.53	4.44613e-022
-1.529	4.84115e-022
-1.528	5.25736e-022
-1.527	5.6944e-022
-1.526	6.15177e-022
-1.525	6.62876e-022
-1.524	7.12447e-022
-1.523	7.63783e-022
-1.522	8.16754e-022
-1.521	8.71207e-022
-1.52	9.26971e-022
-1.519	9.83854e-022
-1.518	1.04164e-021
-1.517	1.1001e-021
-1.516	1.15898e-021
-1.515	1.21801e-021
-1.514	1.27692e-021
-1.513	1.33539e-021
-1.512	1.39313e-021
-1.511	1.44982e-021
-1.51	1.50516e-021
-1.509	1.55883e-021
-1.508	1.61052e-021
-1.507	1.65996e-021
-1.506	1.70686e-021
-1.505	1.751e-021
-1.504	1.79216e-021
-1.503	1.83019e-021
-1.502	1.86497e-021
-1.501	1.89647e-021
-1.5	1.92471e-021
-1.499	1.94982e-021
-1.498	1.972e-021
-1.497	1.99158e-021
-1.496	2.009e-021
-1.495	2.02483e-021
-1.494	2.0398e-021
-1.493	2.05479e-021
-1.492	2.07086e-021
-1.491	2.08925e-021
-1.49	2.11141e-021
-1.489	2.13899e-021
-1.488	2.17387e-021
-1.487	2.21815e-021
-1.486	2.27419e-021
-1.485	2.34461e-021
-1.484	2.43225e-021
-1.483	2.54027e-021
-1.482	2.67204e-021
-1.481	2.83125e-021
-1.48	3.02183e-021
-1.479	3.24798e-021
-1.478	3.51416e-021
-1.477	3.82508e-021
-1.476	4.18569e-021
-1.475	4.60114e-021
-1.474	5.07682e-021
-1.473	5.61823e-021
-1.472	6.23108e-021
-1.471	6.92114e-021
-1.47	7.6943e-021
-1.469	8.55646e-021
-1.468	9.51348e-021
-1.467	1.05712e-020
-1.466	1.17354e-020
-1.465	1.30115e-020
-1.464	1.44049e-020
-1.463	1.59205e-020
-1.462	1.75629e-020
-1.461	1.93364e-020
-1.46	2.12446e-020
-1.459	2.32904e-020
-1.458	2.54764e-020
-1.457	2.7804e-020
-1.456	3.02741e-020
-1.455	3.28867e-020
-1.454	3.56405e-020
-1.453	3.85335e-020
-1.452	4.15625e-020
-1.451	4.47231e-020
-1.45	4.80096e-020
-1.449	5.14153e-020
-1.448	5.49321e-020
-1.447	5.85506e-020
-1.446	6.22603e-020
-1.445	6.6049e-020
-1.444	6.9904e-020
-1.443	7.38108e-020
-1.442	7.77543e-020
-1.441	8.1718e-020
-1.44	8.5685e-020
-1.439	8.96375e-020
-1.438	9.35573e-020
-1.437	9.74259e-020
-1.436	1.01225e-019
-1.435	1.04936e-019
-1.434	1.08542e-019
-1.433	1.12026e-019
-1.432	1.15372e-019
-1.431	1.18569e-019
-1.43	1.21603e-019
-1.429	1.24467e-019
-1.428	1.27156e-019
-1.427	1.29668e-019
-1.426	1.32007e-019
-1.425	1.34179e-019
-1.424	1.362e-019
-1.423	1.38088e-019
-1.422	1.39872e-019
-1.421	1.41585e-019
-1.42	1.43271e-019
-1.419	1.44981e-019
-1.418	1.46777e-019
-1.417	1.48732e-019
-1.416	1.50926e-019
-1.415	1.53456e-019
-1.414	1.56426e-019
-1.413	1.59957e-019
-1.412	1.64179e-019
-1.411	1.69239e-019
-1.41	1.75294e-019
-1.409	1.82516e-019
-1.408	1.91093e-019
-1.407	2.01222e-019
-1.406	2.13119e-019
-1.405	2.27008e-019
-1.404	2.43129e-019
-1.403	2.61733e-019
-1.402	2.83081e-019
-1.401	3.07447e-019
-1.4	3.35109e-019
-1.399	3.66358e-019
-1.398	4.01487e-019
-1.397	4.40794e-019
-1.396	4.84581e-019
-1.395	5.33146e-019
-1.394	5.86788e-019
-1.393	6.45799e-019
-1.392	7.10464e-019
-1.391	7.81056e-019
-1.39	8.57835e-019
-1.389	9.41042e-019
-1.388	1.0309e-018
-1.387	1.12761e-018
-1.386	1.23133e-018
-1.385	1.34222e-018
-1.384	1.46036e-018
-1.383	1.58584e-018
-1.382	1.71867e-018
-1.381	1.85884e-018
-1.38	2.00627e-018
-1.379	2.16085e-018
-1.378	2.32242e-018
-1.377	2.49074e-018
-1.376	2.66554e-018
-1.375	2.84648e-018
-1.374	3.03316e-018
-1.373	3.22514e-018
-1.372	3.42189e-018
-1.371	3.62286e-018
-1.37	3.82744e-018
-1.369	4.03496e-018
-1.368	4.2447e-018
-1.367	4.45593e-018
-1.366	4.66787e-018
-1.365	4.87971e-018
-1.364	5.09064e-018
-1.363	5.29984e-018
-1.362	5.50651e-018
-1.361	5.70986e-018
-1.36	5.90911e-018
-1.359	6.1036e-018
-1.358	6.29268e-018
-1.357	6.4758e-018
-1.356	6.65254e-018
-1.355	6.82258e-018
-1.354	6.98576e-018
-1.353	7.14211e-018
-1.352	7.29183e-018
-1.351	7.43534e-018
-1.35	7.57333e-018
-1.349	7.70677e-018
-1.348	7.83687e-018
-1.347	7.96522e-018
-1.346	8.09372e-018
-1.345	8.22468e-018
-1.344	8.36076e-018
-1.343	8.50506e-018
-1.342	8.66113e-018
-1.341	8.83295e-018
-1.34	9.02497e-018
-1.339	9.24217e-018
-1.338	9.48996e-018
-1.337	9.77432e-018
-1.336	1.01017e-017
-1.335	1.0479e-017
-1.334	1.09138e-017
-1.333	1.14139e-017
-1.332	1.19879e-017
-1.331	1.26445e-017
-1.33	1.33932e-017
-1.329	1.42435e-017
-1.328	1.52055e-017
-1.327	1.62897e-017
-1.326	1.75065e-017
-1.325	1.88669e-017
-1.324	2.03817e-017
-1.323	2.20618e-017
-1.322	2.39183e-017
-1.321	2.59621e-017
-1.32	2.82036e-017
-1.319	3.06532e-017
-1.318	3.33209e-017
-1.317	3.62161e-017
-1.316	3.93475e-017
-1.315	4.27231e-017
-1.314	4.63502e-017
-1.313	5.0235e-017
-1.312	5.43826e-017
-1.311	5.8797e-017
-1.31	6.34806e-017
-1.309	6.84349e-017
-1.308	7.36595e-017
-1.307	7.91523e-017
-1.306	8.49099e-017
-1.305	9.0927e-017
-1.304	9.71962e-017
-1.303	1.03709e-016
-1.302	1.10454e-016
-1.301	1.17419e-016
-1.3	1.24589e-016
-1.299	1.31947e-016
-1.298	1.39477e-016
-1.297	1.47157e-016
-1.296	1.54967e-016
-1.295	1.62885e-016
-1.294	1.70887e-016
-1.293	1.78947e-016
-1.292	1.87043e-016
-1.291	1.95146e-016
-1.29	2.03234e-016
-1.289	2.11279e-016
-1.288	2.1926e-016
-1.287	2.27151e-016
-1.286	2.34934e-016
-1.285	2.42588e-016
-1.284	2.50098e-016
-1.283	2.57452e-016
-1.282	2.64641e-016
-1.281	2.71663e-016
-1.28	2.78519e-016
-1.279	2.85217e-016
-1.278	2.91772e-016
-1.277	2.98206e-016
-1.276	3.04551e-016
-1.275	3.10846e-016
-1.274	3.1714e-016
-1.273	3.23494e-016
-1.272	3.29977e-016
-1.271	3.36671e-016
-1.27	3.43671e-016
-1.269	3.51084e-016
-1.268	3.59029e-016
-1.267	3.67641e-016
-1.266	3.77066e-016
-1.265	3.87464e-016
-1.264	3.99011e-016
-1.263	4.11894e-016
-1.262	4.26318e-016
-1.261	4.42497e-016
-1.26	4.60661e-016
-1.259	4.81051e-016
-1.258	5.03918e-016
-1.257	5.29529e-016
-1.256	5.58156e-016
-1.255	5.9008e-016
-1.254	6.25592e-016
-1.253	6.64985e-016
-1.252	7.08558e-016
-1.251	7.56612e-016
-1.25	8.09445e-016
-1.249	8.67357e-016
-1.248	9.30639e-016
-1.247	9.99577e-016
-1.246	1.07445e-015
-1.245	1.15551e-015
-1.244	1.24302e-015
-1.243	1.3372e-015
-1.242	1.43827e-015
-1.241	1.54639e-015
-1.24	1.66175e-015
-1.239	1.78446e-015
-1.238	1.91461e-015
-1.237	2.05228e-015
-1.236	2.19749e-015
-1.235	2.35022e-015
-1.234	2.51041e-015
-1.233	2.67798e-015
-1.232	2.85278e-015
-1.231	3.03462e-015
-1.23	3.22327e-015
-1.229	3.41847e-015
-1.228	3.61988e-015
-1.227	3.82715e-015
-1.226	4.03987e-015
-1.225	4.25761e-015
-1.224	4.47988e-015
-1.223	4.70619e-015
-1.222	4.936e-015
-1.221	5.16874e-015
-1.22	5.40386e-015
-1.219	5.64077e-015
-1.218	5.87891e-015
-1.217	6.1177e-015
-1.216	6.3566e-015
-1.215	6.59509e-015
-1.214	6.8327e-015
-1.213	7.069e-015
-1.212	7.30363e-015
-1.211	7.53632e-015
-1.21	7.76687e-015
-1.209	7.9952e-015
-1.208	8.22135e-015
-1.207	8.4455e-015
-1.206	8.66797e-015
-1.205	8.88926e-015
-1.204	9.11004e-015
-1.203	9.33118e-015
-1.202	9.55374e-015
-1.201	9.77904e-015
-1.2	1.00086e-014
-1.199	1.02443e-014
-1.198	1.04881e-014
-1.197	1.07422e-014
-1.196	1.10095e-014
-1.195	1.12926e-014
-1.194	1.15948e-014
-1.193	1.19195e-014
-1.192	1.22704e-014
-1.191	1.26517e-014
-1.19	1.30676e-014
-1.189	1.35228e-014
-1.188	1.4022e-014
-1.187	1.45705e-014
-1.186	1.51735e-014
-1.185	1.58366e-014
-1.184	1.65657e-014
-1.183	1.73665e-014
-1.182	1.82453e-014
-1.181	1.92081e-014
-1.18	2.02613e-014
-1.179	2.1411e-014
-1.178	2.26636e-014
-1.177	2.40252e-014
-1.176	2.55021e-014
-1.175	2.71e-014
-1.174	2.88248e-014
-1.173	3.06821e-014
-1.172	3.26769e-014
-1.171	3.48141e-014
-1.17	3.70982e-014
-1.169	3.95332e-014
-1.168	4.21224e-014
-1.167	4.48688e-014
-1.166	4.77745e-014
-1.165	5.08414e-014
-1.164	5.40701e-014
-1.163	5.7461e-014
-1.162	6.10135e-014
-1.161	6.47262e-014
-1.16	6.85968e-014
-1.159	7.26225e-014
-1.158	7.67995e-014
-1.157	8.11233e-014
-1.156	8.55883e-014
-1.155	9.01887e-014
-1.154	9.49174e-014
-1.153	9.97672e-014
-1.152	1.0473e-013
-1.151	1.09797e-013
-1.15	1.1496e-013
-1.149	1.20208e-013
-1.148	1.25534e-013
-1.147	1.30927e-013
-1.146	1.36378e-013
-1.145	1.41878e-013
-1.144	1.47417e-013
-1.143	1.52989e-013
-1.142	1.58587e-013
-1.141	1.64203e-013
-1.14	1.69832e-013
-1.139	1.75473e-013
-1.138	1.81122e-013
-1.137	1.8678e-013
-1.136	1.9245e-013
-1.135	1.98137e-013
-1.134	2.03848e-013
-1.133	2.09594e-013
-1.132	2.15389e-013
-1.131	2.2125e-013
-1.13	2.27198e-013
-1.129	2.33257e-013
-1.128	2.39458e-013
-1.127	2.45832e-013
-1.126	2.52417e-013
-1.125	2.59255e-013
-1.124	2.66393e-013
-1.123	2.73882e-013
-1.122	2.81778e-013
-1.121	2.90142e-013
-1.12	2.9904e-013
-1.119	3.08541e-013
-1.118	3.1872e-013
-1.117	3.29657e-013
-1.116	3.41433e-013
-1.115	3.54138e-013
-1.114	3.6786e-013
-1.113	3.82695e-013
-1.112	3.98738e-013
-1.111	4.1609e-013
-1.11	4.34851e-013
-1.109	4.55124e-013
-1.108	4.77011e-013
-1.107	5.00617e-013
-1.106	5.26045e-013
-1.105	5.53397e-013
-1.104	5.82772e-013
-1.103	6.14267e-013
-1.102	6.47978e-013
-1.101	6.83992e-013
-1.1	7.22396e-013
-1.099	7.6327e-013
-1.098	8.06684e-013
-1.097	8.52706e-013
-1.096	9.01391e-013
-1.095	9.5279e-013
-1.094	1.00694e-012
-1.093	1.06388e-012
-1.092	1.12362e-012
-1.091	1.18618e-012
-1.09	1.25154e-012
-1.089	1.31971e-012
-1.088	1.39065e-012
-1.087	1.46434e-012
-1.086	1.54072e-012
-1.085	1.61974e-012
-1.084	1.70133e-012
-1.083	1.78542e-012
-1.082	1.87192e-012
-1.081	1.96075e-012
-1.08	2.0518e-012
-1.079	2.14496e-012
-1.078	2.24013e-012
-1.077	2.33721e-012
-1.076	2.43607e-012
-1.075	2.53661e-012
-1.074	2.63874e-012
-1.073	2.74234e-012
-1.072	2.84734e-012
-1.071	2.95365e-012
-1.07	3.06122e-012
-1.069	3.17e-012
-1.068	3.27997e-012
-1.067	3.39113e-012
-1.066	3.5035e-012
-1.065	3.61715e-012
-1.064	3.73217e-012
-1.063	3.84868e-012
-1.062	3.96685e-012
-1.061	4.08689e-012
-1.06	4.20907e-012
-1.059	4.33369e-012
-1.058	4.4611e-012
-1.057	4.59171e-012
-1.056	4.72601e-012
-1.055	4.8645e-012
-1.054	5.00777e-012
-1.053	5.15647e-012
-1.052	5.31132e-012
-1.051	5.47307e-012
-1.05	5.64256e-012
-1.049	5.82068e-012
-1.048	6.00839e-012
-1.047	6.2067e-012
-1.046	6.41667e-012
-1.045	6.63943e-012
-1.044	6.87616e-012
-1.043	7.12807e-012
-1.042	7.39642e-012
-1.041	7.68253e-012
-1.04	7.98772e-012
-1.039	8.31335e-012
-1.038	8.66081e-012
-1.037	9.03149e-012
-1.036	9.42677e-012
-1.035	9.84807e-012
-1.034	1.02968e-011
-1.033	1.07742e-011
-1.032	1.12818e-011
-1.031	1.18207e-011
-1.03	1.23923e-011
-1.029	1.29978e-011
-1.028	1.36383e-011
-1.027	1.43148e-011
-1.026	1.50284e-011
-1.025	1.578e-011
-1.024	1.65703e-011
-1.023	1.74002e-011
-1.022	1.82701e-011
-1.021	1.91806e-011
-1.02	2.01321e-011
-1.019	2.11249e-011
-1.018	2.2159e-011
-1.017	2.32346e-011
-1.016	2.43515e-011
-1.015	2.55095e-011
-1.014	2.67083e-011
-1.013	2.79476e-011
-1.012	2.92268e-011
-1.011	3.05454e-011
-1.01	3.19026e-011
-1.009	3.32978e-011
-1.008	3.47303e-011
-1.007	3.61992e-011
-1.006	3.77038e-011
-1.005	3.92434e-011
-1.004	4.08172e-011
-1.003	4.24245e-011
-1.002	4.40649e-011
-1.001	4.5738e-011
-1	4.74434e-011
-0.999	4.9181e-011
-0.998	5.09511e-011
-0.997	5.2754e-011
-0.996	5.45904e-011
-0.995	5.64612e-011
-0.994	5.83679e-011
-0.993	6.03122e-011
-0.992	6.22963e-011
-0.991	6.43227e-011
-0.99	6.63946e-011
-0.989	6.85156e-011
-0.988	7.069e-011
-0.987	7.29223e-011
-0.986	7.52182e-011
-0.985	7.75833e-011
-0.984	8.00244e-011
-0.983	8.25487e-011
-0.982	8.51643e-011
-0.981	8.78795e-011
-0.98	9.07039e-011
-0.979	9.36472e-011
-0.978	9.67201e-011
-0.977	9.99337e-011
-0.976	1.033e-010
-0.975	1.06832e-010
-0.974	1.10542e-010
-0.973	1.14443e-010
-0.972	1.18551e-010
-0.971	1.2288e-010
-0.97	1.27444e-010
-0.969	1.32259e-010
-0.968	1.37341e-010
-0.967	1.42706e-010
-0.966	1.48369e-010
-0.965	1.54348e-010
-0.964	1.60658e-010
-0.963	1.67315e-010
-0.962	1.74335e-010
-0.961	1.81735e-010
-0.96	1.8953e-010
-0.959	1.97735e-010
-0.958	2.06365e-010
-0.957	2.15434e-010
-0.956	2.24956e-010
-0.955	2.34944e-010
-0.954	2.4541e-010
-0.953	2.56366e-010
-0.952	2.67822e-010
-0.951	2.79788e-010
-0.95	2.92273e-010
-0.949	3.05286e-010
-0.948	3.18833e-010
-0.947	3.32921e-010
-0.946	3.47554e-010
-0.945	3.62738e-010
-0.944	3.78476e-010
-0.943	3.94771e-010
-0.942	4.11625e-010
-0.941	4.2904e-010
-0.94	4.47017e-010
-0.939	4.65556e-010
-0.938	4.84659e-010
-0.937	5.04326e-010
-0.936	5.24558e-010
-0.935	5.45355e-010
-0.934	5.66721e-010
-0.933	5.88656e-010
-0.932	6.11165e-010
-0.931	6.34251e-010
-0.93	6.57922e-010
-0.929	6.82186e-010
-0.928	7.07055e-010
-0.927	7.32538e-010
-0.926	7.58653e-010
-0.925	7.85418e-010
-0.924	8.12855e-010
-0.923	8.40989e-010
-0.922	8.69851e-010
-0.921	8.99473e-010
-0.92	9.29893e-010
-0.919	9.61156e-010
-0.918	9.93309e-010
-0.917	1.02641e-009
-0.916	1.0605e-009
-0.915	1.09567e-009
-0.914	1.13198e-009
-0.913	1.16949e-009
-0.912	1.20831e-009
-0.911	1.24851e-009
-0.91	1.2902e-009
-0.909	1.33347e-009
-0.908	1.37843e-009
-0.907	1.42519e-009
-0.906	1.47389e-009
-0.905	1.52463e-009
-0.904	1.57756e-009
-0.903	1.63281e-009
-0.902	1.69053e-009
-0.901	1.75086e-009
-0.9	1.81395e-009
-0.899	1.87997e-009
-0.898	1.94907e-009
-0.897	2.02141e-009
-0.896	2.09718e-009
-0.895	2.17652e-009
-0.894	2.25961e-009
-0.893	2.34663e-009
-0.892	2.43776e-009
-0.891	2.53315e-009
-0.89	2.63299e-009
-0.889	2.73745e-009
-0.888	2.84669e-009
-0.887	2.9609e-009
-0.886	3.08022e-009
-0.885	3.20484e-009
-0.884	3.33489e-009
-0.883	3.47056e-009
-0.882	3.61198e-009
-0.881	3.75931e-009
-0.88	3.91268e-009
-0.879	4.07224e-009
-0.878	4.23813e-009
-0.877	4.41048e-009
-0.876	4.58941e-009
-0.875	4.77505e-009
-0.874	4.96752e-009
-0.873	5.16693e-009
-0.872	5.37341e-009
-0.871	5.58707e-009
-0.87	5.80802e-009
-0.869	6.03638e-009
-0.868	6.27226e-009
-0.867	6.51579e-009
-0.866	6.76709e-009
-0.865	7.0263e-009
-0.864	7.29355e-009
-0.863	7.569e-009
-0.862	7.8528e-009
-0.861	8.14513e-009
-0.86	8.44618e-009
-0.859	8.75616e-009
-0.858	9.0753e-009
-0.857	9.40384e-009
-0.856	9.74208e-009
-0.855	1.00903e-008
-0.854	1.04488e-008
-0.853	1.08181e-008
-0.852	1.11984e-008
-0.851	1.15902e-008
-0.85	1.1994e-008
-0.849	1.24103e-008
-0.848	1.28397e-008
-0.847	1.32827e-008
-0.846	1.374e-008
-0.845	1.42123e-008
-0.844	1.47004e-008
-0.843	1.52051e-008
-0.842	1.57271e-008
-0.841	1.62674e-008
-0.84	1.68269e-008
-0.839	1.74068e-008
-0.838	1.80079e-008
-0.837	1.86315e-008
-0.836	1.92787e-008
-0.835	1.99508e-008
-0.834	2.06489e-008
-0.833	2.13746e-008
-0.832	2.21291e-008
-0.831	2.29139e-008
-0.83	2.37304e-008
-0.829	2.45802e-008
-0.828	2.54649e-008
-0.827	2.63861e-008
-0.826	2.73454e-008
-0.825	2.83445e-008
-0.824	2.93852e-008
-0.823	3.04691e-008
-0.822	3.15982e-008
-0.821	3.27742e-008
-0.82	3.39989e-008
-0.819	3.52742e-008
-0.818	3.6602e-008
-0.817	3.79842e-008
-0.816	3.94227e-008
-0.815	4.09193e-008
-0.814	4.24761e-008
-0.813	4.4095e-008
-0.812	4.57779e-008
-0.811	4.75268e-008
-0.81	4.93437e-008
-0.809	5.12305e-008
-0.808	5.31893e-008
-0.807	5.52221e-008
-0.806	5.73308e-008
-0.805	5.95176e-008
-0.804	6.17845e-008
-0.803	6.41337e-008
-0.802	6.65672e-008
-0.801	6.90872e-008
-0.8	7.16961e-008
-0.799	7.4396e-008
-0.798	7.71893e-008
-0.797	8.00784e-008
-0.796	8.30659e-008
-0.795	8.61544e-008
-0.794	8.93466e-008
-0.793	9.26453e-008
-0.792	9.60534e-008
-0.791	9.95742e-008
-0.79	1.03211e-007
-0.789	1.06967e-007
-0.788	1.10846e-007
-0.787	1.14852e-007
-0.786	1.18988e-007
-0.785	1.23261e-007
-0.784	1.27672e-007
-0.783	1.32229e-007
-0.782	1.36935e-007
-0.781	1.41797e-007
-0.78	1.4682e-007
-0.779	1.52009e-007
-0.778	1.57373e-007
-0.777	1.62916e-007
-0.776	1.68648e-007
-0.775	1.74574e-007
-0.774	1.80704e-007
-0.773	1.87045e-007
-0.772	1.93607e-007
-0.771	2.00399e-007
-0.77	2.0743e-007
-0.769	2.14711e-007
-0.768	2.22252e-007
-0.767	2.30065e-007
-0.766	2.38161e-007
-0.765	2.46553e-007
-0.764	2.55253e-007
-0.763	2.64273e-007
-0.762	2.73629e-007
-0.761	2.83334e-007
-0.76	2.93402e-007
-0.759	3.03849e-007
-0.758	3.1469e-007
-0.757	3.25942e-007
-0.756	3.3762e-007
-0.755	3.49743e-007
-0.754	3.62328e-007
-0.753	3.75392e-007
-0.752	3.88956e-007
-0.751	4.03036e-007
-0.75	4.17654e-007
-0.749	4.32829e-007
-0.748	4.48582e-007
-0.747	4.64933e-007
-0.746	4.81905e-007
-0.745	4.9952e-007
-0.744	5.17799e-007
-0.743	5.36766e-007
-0.742	5.56446e-007
-0.741	5.76861e-007
-0.74	5.98037e-007
-0.739	6.19999e-007
-0.738	6.42774e-007
-0.737	6.66387e-007
-0.736	6.90866e-007
-0.735	7.1624e-007
-0.734	7.42537e-007
-0.733	7.69786e-007
-0.732	7.98018e-007
-0.731	8.27264e-007
-0.73	8.57559e-007
-0.729	8.88932e-007
-0.728	9.2142e-007
-0.727	9.55057e-007
-0.726	9.89882e-007
-0.725	1.02593e-006
-0.724	1.06324e-006
-0.723	1.10186e-006
-0.722	1.14183e-006
-0.721	1.18319e-006
-0.72	1.22598e-006
-0.719	1.27026e-006
-0.718	1.31608e-006
-0.717	1.36348e-006
-0.716	1.41252e-006
-0.715	1.46326e-006
-0.714	1.51575e-006
-0.713	1.57005e-006
-0.712	1.62624e-006
-0.711	1.68437e-006
-0.71	1.74451e-006
-0.709	1.80674e-006
-0.708	1.87113e-006
-0.707	1.93776e-006
-0.706	2.00671e-006
-0.705	2.07807e-006
-0.704	2.15192e-006
-0.703	2.22836e-006
-0.702	2.30748e-006
-0.701	2.38939e-006
-0.7	2.47418e-006
-0.699	2.56196e-006
-0.698	2.65286e-006
-0.697	2.74698e-006
-0.696	2.84445e-006
-0.695	2.9454e-006
-0.694	3.04995e-006
-0.693	3.15824e-006
-0.692	3.27041e-006
-0.691	3.38662e-006
-0.69	3.50701e-006
-0.689	3.63174e-006
-0.688	3.76097e-006
-0.687	3.89487e-006
-0.686	4.03362e-006
-0.685	4.1774e-006
-0.684	4.32639e-006
-0.683	4.4808e-006
-0.682	4.64082e-006
-0.681	4.80665e-006
-0.68	4.97852e-006
-0.679	5.15665e-006
-0.678	5.34125e-006
-0.677	5.53258e-006
-0.676	5.73087e-006
-0.675	5.93638e-006
-0.674	6.14936e-006
-0.673	6.3701e-006
-0.672	6.59886e-006
-0.671	6.83594e-006
-0.67	7.08162e-006
-0.669	7.33623e-006
-0.668	7.60006e-006
-0.667	7.87346e-006
-0.666	8.15676e-006
-0.665	8.45032e-006
-0.664	8.75448e-006
-0.663	9.06963e-006
-0.662	9.39615e-006
-0.661	9.73444e-006
-0.66	1.00849e-005
-0.659	1.0448e-005
-0.658	1.08241e-005
-0.657	1.12137e-005
-0.656	1.16173e-005
-0.655	1.20354e-005
-0.654	1.24684e-005
-0.653	1.29169e-005
-0.652	1.33814e-005
-0.651	1.38625e-005
-0.65	1.43608e-005
-0.649	1.48768e-005
-0.648	1.54112e-005
-0.647	1.59646e-005
-0.646	1.65376e-005
-0.645	1.71311e-005
-0.644	1.77456e-005
-0.643	1.83819e-005
-0.642	1.90407e-005
-0.641	1.97229e-005
-0.64	2.04293e-005
-0.639	2.11607e-005
-0.638	2.1918e-005
-0.637	2.27021e-005
-0.636	2.35139e-005
-0.635	2.43544e-005
-0.634	2.52247e-005
-0.633	2.61257e-005
-0.632	2.70586e-005
-0.631	2.80244e-005
-0.63	2.90244e-005
-0.629	3.00597e-005
-0.628	3.11317e-005
-0.627	3.22415e-005
-0.626	3.33906e-005
-0.625	3.45803e-005
-0.624	3.5812e-005
-0.623	3.70874e-005
-0.622	3.8408e-005
-0.621	3.97753e-005
-0.62	4.1191e-005
-0.619	4.26569e-005
-0.618	4.41748e-005
-0.617	4.57466e-005
-0.616	4.73741e-005
-0.615	4.90595e-005
-0.614	5.08047e-005
-0.613	5.2612e-005
-0.612	5.44836e-005
-0.611	5.64219e-005
-0.61	5.84292e-005
-0.609	6.05081e-005
-0.608	6.26611e-005
-0.607	6.48911e-005
-0.606	6.72008e-005
-0.605	6.9593e-005
-0.604	7.20708e-005
-0.603	7.46374e-005
-0.602	7.72959e-005
-0.601	8.00498e-005
-0.6	8.29024e-005
-0.599	8.58575e-005
-0.598	8.89187e-005
-0.597	9.20899e-005
-0.596	9.53751e-005
-0.595	9.87785e-005
-0.594	0.000102304
-0.593	0.000105957
-0.592	0.000109742
-0.591	0.000113662
-0.59	0.000117724
-0.589	0.000121933
-0.588	0.000126292
-0.587	0.00013081
-0.586	0.000135489
-0.585	0.000140338
-0.584	0.000145361
-0.583	0.000150565
-0.582	0.000155957
-0.581	0.000161542
-0.58	0.000167329
-0.579	0.000173323
-0.578	0.000179533
-0.577	0.000185966
-0.576	0.00019263
-0.575	0.000199534
-0.574	0.000206684
-0.573	0.000214091
-0.572	0.000221763
-0.571	0.00022971
-0.57	0.000237941
-0.569	0.000246465
-0.568	0.000255294
-0.567	0.000264437
-0.566	0.000273906
-0.565	0.000283712
-0.564	0.000293867
-0.563	0.000304383
-0.562	0.000315273
-0.561	0.000326548
-0.56	0.000338224
-0.559	0.000350314
-0.558	0.000362831
-0.557	0.000375792
-0.556	0.000389211
-0.555	0.000403105
-0.554	0.00041749
-0.553	0.000432384
-0.552	0.000447804
-0.551	0.000463768
-0.55	0.000480297
-0.549	0.000497409
-0.548	0.000515127
-0.547	0.00053347
-0.546	0.000552461
-0.545	0.000572125
-0.544	0.000592483
-0.543	0.000613562
-0.542	0.000635387
-0.541	0.000657985
-0.54	0.000681384
-0.539	0.000705613
-0.538	0.000730701
-0.537	0.000756681
-0.536	0.000783584
-0.535	0.000811443
-0.534	0.000840296
-0.533	0.000870176
-0.532	0.000901121
-0.531	0.000933171
-0.53	0.000966366
-0.529	0.00100075
-0.528	0.00103636
-0.527	0.00107325
-0.526	0.00111146
-0.525	0.00115104
-0.524	0.00119204
-0.523	0.00123451
-0.522	0.00127851
-0.521	0.00132408
-0.52	0.0013713
-0.519	0.00142022
-0.518	0.0014709
-0.517	0.0015234
-0.516	0.0015778
-0.515	0.00163415
-0.514	0.00169253
-0.513	0.00175302
-0.512	0.00181568
-0.511	0.0018806
-0.51	0.00194786
-0.509	0.00201754
-0.508	0.00208972
-0.507	0.0021645
-0.506	0.00224197
-0.505	0.00232222
-0.504	0.00240536
-0.503	0.00249148
-0.502	0.00258068
-0.501	0.00267309
-0.5	0.00276881
-0.499	0.00286794
-0.498	0.00297063
-0.497	0.00307699
-0.496	0.00318714
-0.495	0.00330123
-0.494	0.00341938
-0.493	0.00354174
-0.492	0.00366846
-0.491	0.00379969
-0.49	0.00393559
-0.489	0.00407631
-0.488	0.00422204
-0.487	0.00437293
-0.486	0.00452919
-0.485	0.00469098
-0.484	0.00485851
-0.483	0.00503198
-0.482	0.00521159
-0.481	0.00539757
-0.48	0.00559013
-0.479	0.00578952
-0.478	0.00599596
-0.477	0.00620972
-0.476	0.00643105
-0.475	0.00666022
-0.474	0.0068975
-0.473	0.00714321
-0.472	0.00739762
-0.471	0.00766106
-0.47	0.00793385
-0.469	0.00821632
-0.468	0.00850883
-0.467	0.00881172
-0.466	0.0091254
-0.465	0.00945022
-0.464	0.00978663
-0.463	0.010135
-0.462	0.0104958
-0.461	0.0108695
-0.46	0.0112565
-0.459	0.0116573
-0.458	0.0120725
-0.457	0.0125025
-0.456	0.0129479
-0.455	0.0134092
-0.454	0.0138871
-0.453	0.014382
-0.452	0.0148948
-0.451	0.0154259
-0.45	0.0159761
-0.449	0.016546
-0.448	0.0171364
-0.447	0.0177479
-0.446	0.0183815
-0.445	0.0190378
-0.444	0.0197177
-0.443	0.020422
-0.442	0.0211516
-0.441	0.0219075
-0.44	0.0226904
-0.439	0.0235016
-0.438	0.0243418
-0.437	0.0252122
-0.436	0.0261138
-0.435	0.0270477
-0.434	0.0280152
-0.433	0.0290173
-0.432	0.0300554
-0.431	0.0311306
-0.43	0.0322443
-0.429	0.0333979
-0.428	0.0345927
-0.427	0.0358303
-0.426	0.037112
-0.425	0.0384395
-0.424	0.0398145
-0.423	0.0412385
-0.422	0.0427132
-0.421	0.0442406
-0.42	0.0458223
-0.419	0.0474604
-0.418	0.0491568
-0.417	0.0509136
-0.416	0.052733
-0.415	0.0546169
-0.414	0.0565779
-0.413	0.058626
-0.412	0.0607579
-0.411	0.0629698
-0.41	0.0652578
-0.409	0.0676178
-0.408	0.0700452
-0.407	0.0725353
-0.406	0.0750833
-0.405	0.0776842
-0.404	0.0803331
-0.403	0.0830248
-0.402	0.0857543
-0.401	0.0885164
-0.4	0.0913062
-0.399	0.0941185
-0.398	0.0969488
-0.397	0.0997922
-0.396	0.102645
-0.395	0.105501
-0.394	0.108359
-0.393	0.111213
-0.392	0.114062
-0.391	0.1169
-0.39	0.119727
-0.389	0.12254
-0.388	0.125338
-0.387	0.128118
-0.386	0.13088
-0.385	0.133623
-0.384	0.136349
-0.383	0.139057
-0.382	0.141748
-0.381	0.144424
-0.38	0.147087
-0.379	0.149739
-0.378	0.152385
-0.377	0.155026
-0.376	0.157667
-0.375	0.160312
-0.374	0.162967
-0.373	0.165636
-0.372	0.168326
-0.371	0.171041
-0.37	0.173788
-0.369	0.176575
-0.368	0.179407
-0.367	0.182292
-0.366	0.185237
-0.365	0.18825
-0.364	0.191401
-0.363	0.194754
-0.362	0.198297
-0.361	0.202017
-0.36	0.205899
-0.359	0.209928
-0.358	0.21409
-0.357	0.218369
-0.356	0.222747
-0.355	0.227209
-0.354	0.231737
-0.353	0.236313
-0.352	0.24092
-0.351	0.24554
-0.35	0.250156
-0.349	0.254749
-0.348	0.259302
-0.347	0.263796
-0.346	0.268216
-0.345	0.272543
-0.344	0.276762
-0.343	0.280856
-0.342	0.284809
-0.341	0.288608
-0.34	0.292236
-0.339	0.295682
-0.338	0.298931
-0.337	0.301972
-0.336	0.304795
-0.335	0.307388
-0.334	0.309744
-0.333	0.311853
-0.332	0.31371
-0.331	0.315306
-0.33	0.316639
-0.329	0.317704
-0.328	0.318499
-0.327	0.319023
-0.326	0.319274
-0.325	0.319255
-0.324	0.318967
-0.323	0.318414
-0.322	0.317599
-0.321	0.316529
-0.32	0.31521
-0.319	0.31365
-0.318	0.311858
-0.317	0.309842
-0.316	0.307615
-0.315	0.305188
-0.314	0.302572
-0.313	0.299782
-0.312	0.296831
-0.311	0.293735
-0.31	0.290508
-0.309	0.287166
-0.308	0.283726
-0.307	0.280205
-0.306	0.276619
-0.305	0.272987
-0.304	0.269325
-0.303	0.265653
-0.302	0.261987
-0.301	0.258345
-0.3	0.254745
-0.299	0.251206
-0.298	0.247743
-0.297	0.244373
-0.296	0.241115
-0.295	0.237983
-0.294	0.234993
-0.293	0.232161
-0.292	0.2295
-0.291	0.227023
-0.29	0.224745
-0.289	0.222676
-0.288	0.220828
-0.287	0.219211
-0.286	0.217834
-0.285	0.216705
-0.284	0.215831
-0.283	0.215218
-0.282	0.214871
-0.281	0.214793
-0.28	0.214988
-0.279	0.215456
-0.278	0.216198
-0.277	0.217213
-0.276	0.218498
-0.275	0.22005
-0.274	0.221866
-0.273	0.22394
-0.272	0.226264
-0.271	0.228831
-0.27	0.231633
-0.269	0.23466
-0.268	0.2379
-0.267	0.241343
-0.266	0.244977
-0.265	0.248787
-0.264	0.252759
-0.263	0.25688
-0.262	0.261133
-0.261	0.265503
-0.26	0.269974
-0.259	0.274528
-0.258	0.279149
-0.257	0.283818
-0.256	0.288519
-0.255	0.293233
-0.254	0.297943
-0.253	0.302631
-0.252	0.307279
-0.251	0.31187
-0.25	0.316385
-0.249	0.320809
-0.248	0.325126
-0.247	0.329317
-0.246	0.333369
-0.245	0.337265
-0.244	0.340993
-0.243	0.344538
-0.242	0.347887
-0.241	0.351029
-0.24	0.353953
-0.239	0.356648
-0.238	0.359105
-0.237	0.361316
-0.236	0.363274
-0.235	0.364974
-0.234	0.36641
-0.233	0.367579
-0.232	0.368477
-0.231	0.369105
-0.23	0.36946
-0.229	0.369545
-0.228	0.369362
-0.227	0.368913
-0.226	0.368204
-0.225	0.367238
-0.224	0.366024
-0.223	0.36457
-0.222	0.362882
-0.221	0.360972
-0.22	0.35885
-0.219	0.356528
-0.218	0.354017
-0.217	0.351332
-0.216	0.348486
-0.215	0.345495
-0.214	0.342372
-0.213	0.339135
-0.212	0.3358
-0.211	0.332382
-0.21	0.328901
-0.209	0.325372
-0.208	0.321815
-0.207	0.318245
-0.206	0.314683
-0.205	0.311144
-0.204	0.307648
-0.203	0.304211
-0.202	0.30085
-0.201	0.297584
-0.2	0.294428
-0.199	0.291399
-0.198	0.288511
-0.197	0.285781
-0.196	0.283222
-0.195	0.280847
-0.194	0.278671
-0.193	0.276705
-0.192	0.274958
-0.191	0.273444
-0.19	0.272169
-0.189	0.271142
-0.188	0.270371
-0.187	0.26986
-0.186	0.269616
-0.185	0.269642
-0.184	0.26994
-0.183	0.270511
-0.182	0.271357
-0.181	0.272476
-0.18	0.273866
-0.179	0.275525
-0.178	0.277446
-0.177	0.279625
-0.176	0.282056
-0.175	0.284731
-0.174	0.287641
-0.173	0.290775
-0.172	0.294125
-0.171	0.297678
-0.17	0.301421
-0.169	0.305342
-0.168	0.309426
-0.167	0.313659
-0.166	0.318025
-0.165	0.322509
-0.164	0.327093
-0.163	0.331763
-0.162	0.336498
-0.161	0.341284
-0.16	0.346102
-0.159	0.350934
-0.158	0.355762
-0.157	0.360568
-0.156	0.365336
-0.155	0.370046
-0.154	0.374682
-0.153	0.379228
-0.152	0.383665
-0.151	0.387979
-0.15	0.392153
-0.149	0.396172
-0.148	0.400023
-0.147	0.403692
-0.146	0.407166
-0.145	0.410432
-0.144	0.41348
-0.143	0.4163
-0.142	0.418882
-0.141	0.421218
-0.14	0.423302
-0.139	0.425127
-0.138	0.426688
-0.137	0.427982
-0.136	0.429007
-0.135	0.429759
-0.134	0.43024
-0.133	0.43045
-0.132	0.430392
-0.131	0.430068
-0.13	0.429483
-0.129	0.428643
-0.128	0.427553
-0.127	0.426222
-0.126	0.424658
-0.125	0.422872
-0.124	0.420873
-0.123	0.418673
-0.122	0.416285
-0.121	0.413722
-0.12	0.410998
-0.119	0.408128
-0.118	0.405126
-0.117	0.40201
-0.116	0.398794
-0.115	0.395497
-0.114	0.392136
-0.113	0.388727
-0.112	0.385288
-0.111	0.381838
-0.11	0.378394
-0.109	0.374974
-0.108	0.371595
-0.107	0.368276
-0.106	0.365034
-0.105	0.361885
-0.104	0.358847
-0.103	0.355935
-0.102	0.353165
-0.101	0.350553
-0.1	0.348111
