-4	3.96488e-010
-3.999	3.94182e-010
-3.998	3.98724e-010
-3.997	3.94846e-010
-3.996	3.95281e-010
-3.995	3.94657e-010
-3.994	3.93532e-010
-3.993	3.95755e-010
-3.992	3.94186e-010
-3.991	3.92163e-010
-3.99	3.90763e-010
-3.989	3.93244e-010
-3.988	3.95385e-010
-3.987	3.93262e-010
-3.986	3.90391e-010
-3.985	3.92336e-010
-3.984	3.9129e-010
-3.983	3.89565e-010
-3.982	3.90603e-010
-3.981	3.86343e-010
-3.98	3.88304e-010
-3.979	3.88235e-010
-3.978	3.86336e-010
-3.977	3.88748e-010
-3.976	3.85773e-010
-3.975	3.86172e-010
-3.974	3.84669e-010
-3.973	3.82772e-010
-3.972	3.82015e-010
-3.971	3.78242e-010
-3.97	3.79836e-010
-3.969	3.78251e-010
-3.968	3.75054e-010
-3.967	3.75894e-010
-3.966	3.76169e-010
-3.965	3.75381e-010
-3.964	3.72527e-010
-3.963	3.70503e-010
-3.962	3.69989e-010
-3.961	3.68777e-010
-3.96	3.68119e-010
-3.959	3.6666e-010
-3.958	3.62861e-010
-3.957	3.62485e-010
-3.956	3.62779e-010
-3.955	3.58848e-010
-3.954	3.57152e-010
-3.953	3.55963e-010
-3.952	3.54907e-010
-3.951	3.56024e-010
-3.95	3.54625e-010
-3.949	3.51791e-010
-3.948	3.48013e-010
-3.947	3.46745e-010
-3.946	3.45161e-010
-3.945	3.42219e-010
-3.944	3.4285e-010
-3.943	3.39973e-010
-3.942	3.39732e-010
-3.941	3.3945e-010
-3.94	3.35424e-010
-3.939	3.34716e-010
-3.938	3.3239e-010
-3.937	3.31192e-010
-3.936	3.28259e-010
-3.935	3.24984e-010
-3.934	3.23265e-010
-3.933	3.22871e-010
-3.932	3.22001e-010
-3.931	3.18794e-010
-3.93	3.17549e-010
-3.929	3.12635e-010
-3.928	3.12448e-010
-3.927	3.12154e-010
-3.926	3.08179e-010
-3.925	3.07231e-010
-3.924	3.04437e-010
-3.923	3.03113e-010
-3.922	3.01694e-010
-3.921	2.99158e-010
-3.92	2.95888e-010
-3.919	2.94219e-010
-3.918	2.93275e-010
-3.917	2.90935e-010
-3.916	2.88802e-010
-3.915	2.88477e-010
-3.914	2.86086e-010
-3.913	2.82057e-010
-3.912	2.80999e-010
-3.911	2.79481e-010
-3.91	2.78506e-010
-3.909	2.76675e-010
-3.908	2.75396e-010
-3.907	2.7077e-010
-3.906	2.66691e-010
-3.905	2.66753e-010
-3.904	2.66113e-010
-3.903	2.64574e-010
-3.902	2.61179e-010
-3.901	2.59647e-010
-3.9	2.57285e-010
-3.899	2.55091e-010
-3.898	2.52029e-010
-3.897	2.51661e-010
-3.896	2.50473e-010
-3.895	2.47757e-010
-3.894	2.45468e-010
-3.893	2.41728e-010
-3.892	2.43191e-010
-3.891	2.39842e-010
-3.89	2.38691e-010
-3.889	2.37888e-010
-3.888	2.35874e-010
-3.887	2.34171e-010
-3.886	2.29433e-010
-3.885	2.31538e-010
-3.884	2.28646e-010
-3.883	2.26277e-010
-3.882	2.25366e-010
-3.881	2.2224e-010
-3.88	2.22131e-010
-3.879	2.2085e-010
-3.878	2.19866e-010
-3.877	2.16238e-010
-3.876	2.14842e-010
-3.875	2.14204e-010
-3.874	2.12887e-010
-3.873	2.12415e-010
-3.872	2.08493e-010
-3.871	2.07996e-010
-3.87	2.09333e-010
-3.869	2.04579e-010
-3.868	2.00522e-010
-3.867	2.01476e-010
-3.866	2.01504e-010
-3.865	2.00124e-010
-3.864	1.97562e-010
-3.863	1.97244e-010
-3.862	1.99743e-010
-3.861	1.98336e-010
-3.86	1.95287e-010
-3.859	1.94335e-010
-3.858	1.93714e-010
-3.857	1.91876e-010
-3.856	1.89864e-010
-3.855	1.87393e-010
-3.854	1.85827e-010
-3.853	1.87097e-010
-3.852	1.89129e-010
-3.851	1.87288e-010
-3.85	1.84868e-010
-3.849	1.86103e-010
-3.848	1.86627e-010
-3.847	1.85816e-010
-3.846	1.83848e-010
-3.845	1.83317e-010
-3.844	1.83117e-010
-3.843	1.82547e-010
-3.842	1.80915e-010
-3.841	1.7997e-010
-3.84	1.81689e-010
-3.839	1.79464e-010
-3.838	1.78976e-010
-3.837	1.7885e-010
-3.836	1.77954e-010
-3.835	1.78537e-010
-3.834	1.78371e-010
-3.833	1.80277e-010
-3.832	1.80334e-010
-3.831	1.79403e-010
-3.83	1.78524e-010
-3.829	1.77536e-010
-3.828	1.78528e-010
-3.827	1.79139e-010
-3.826	1.78486e-010
-3.825	1.77638e-010
-3.824	1.7813e-010
-3.823	1.79002e-010
-3.822	1.78937e-010
-3.821	1.79779e-010
-3.82	1.8125e-010
-3.819	1.82062e-010
-3.818	1.82871e-010
-3.817	1.83445e-010
-3.816	1.81466e-010
-3.815	1.81536e-010
-3.814	1.84599e-010
-3.813	1.84116e-010
-3.812	1.84088e-010
-3.811	1.8545e-010
-3.81	1.85808e-010
-3.809	1.8734e-010
-3.808	1.8713e-010
-3.807	1.86966e-010
-3.806	1.90117e-010
-3.805	1.90536e-010
-3.804	1.91822e-010
-3.803	1.93294e-010
-3.802	1.92335e-010
-3.801	1.94136e-010
-3.8	1.95508e-010
-3.799	1.9658e-010
-3.798	1.97143e-010
-3.797	1.97292e-010
-3.796	1.97991e-010
-3.795	2.00525e-010
-3.794	2.01192e-010
-3.793	2.02027e-010
-3.792	2.05904e-010
-3.791	2.05964e-010
-3.79	2.07739e-010
-3.789	2.08511e-010
-3.788	2.06572e-010
-3.787	2.11061e-010
-3.786	2.13009e-010
-3.785	2.13146e-010
-3.784	2.16836e-010
-3.783	2.16284e-010
-3.782	2.19844e-010
-3.781	2.22569e-010
-3.78	2.23219e-010
-3.779	2.25665e-010
-3.778	2.25617e-010
-3.777	2.28612e-010
-3.776	2.29327e-010
-3.775	2.29681e-010
-3.774	2.31852e-010
-3.773	2.3414e-010
-3.772	2.34406e-010
-3.771	2.38455e-010
-3.77	2.40968e-010
-3.769	2.40596e-010
-3.768	2.45054e-010
-3.767	2.43191e-010
-3.766	2.47097e-010
-3.765	2.49997e-010
-3.764	2.49539e-010
-3.763	2.5298e-010
-3.762	2.51735e-010
-3.761	2.55443e-010
-3.76	2.57932e-010
-3.759	2.59917e-010
-3.758	2.63443e-010
-3.757	2.6436e-010
-3.756	2.66167e-010
-3.755	2.69707e-010
-3.754	2.71291e-010
-3.753	2.7034e-010
-3.752	2.74663e-010
-3.751	2.73656e-010
-3.75	2.76137e-010
-3.749	2.81853e-010
-3.748	2.82286e-010
-3.747	2.86564e-010
-3.746	2.88475e-010
-3.745	2.91582e-010
-3.744	2.90394e-010
-3.743	2.89831e-010
-3.742	2.93711e-010
-3.741	2.95598e-010
-3.74	2.98827e-010
-3.739	3.00401e-010
-3.738	3.03053e-010
-3.737	3.07518e-010
-3.736	3.09546e-010
-3.735	3.10241e-010
-3.734	3.12051e-010
-3.733	3.12773e-010
-3.732	3.14691e-010
-3.731	3.16361e-010
-3.73	3.18214e-010
-3.729	3.19831e-010
-3.728	3.22948e-010
-3.727	3.24718e-010
-3.726	3.2631e-010
-3.725	3.28275e-010
-3.724	3.29808e-010
-3.723	3.35715e-010
-3.722	3.3386e-010
-3.721	3.36012e-010
-3.72	3.37725e-010
-3.719	3.40278e-010
-3.718	3.44271e-010
-3.717	3.42151e-010
-3.716	3.45239e-010
-3.715	3.46688e-010
-3.714	3.51287e-010
-3.713	3.51692e-010
-3.712	3.54274e-010
-3.711	3.5592e-010
-3.71	3.5596e-010
-3.709	3.59483e-010
-3.708	3.56306e-010
-3.707	3.59486e-010
-3.706	3.62578e-010
-3.705	3.64312e-010
-3.704	3.63793e-010
-3.703	3.66107e-010
-3.702	3.69712e-010
-3.701	3.69445e-010
-3.7	3.73966e-010
-3.699	3.73897e-010
-3.698	3.75317e-010
-3.697	3.75459e-010
-3.696	3.74882e-010
-3.695	3.78485e-010
-3.694	3.77989e-010
-3.693	3.81728e-010
-3.692	3.82835e-010
-3.691	3.8115e-010
-3.69	3.86594e-010
-3.689	3.85793e-010
-3.688	3.85351e-010
-3.687	3.90098e-010
-3.686	3.87781e-010
-3.685	3.86702e-010
-3.684	3.90399e-010
-3.683	3.9319e-010
-3.682	3.93796e-010
-3.681	3.9144e-010
-3.68	3.92352e-010
-3.679	3.95287e-010
-3.678	3.96306e-010
-3.677	3.9896e-010
-3.676	3.97643e-010
-3.675	3.96955e-010
-3.674	3.99726e-010
-3.673	3.9827e-010
-3.672	3.98464e-010
-3.671	3.98857e-010
-3.67	3.98373e-010
-3.669	4.02388e-010
-3.668	3.99965e-010
-3.667	4.00151e-010
-3.666	4.01712e-010
-3.665	3.99582e-010
-3.664	4.05009e-010
-3.663	4.02264e-010
-3.662	4.01834e-010
-3.661	4.02245e-010
-3.66	4.04093e-010
-3.659	4.05781e-010
-3.658	4.02401e-010
-3.657	4.05597e-010
-3.656	4.0146e-010
-3.655	4.0155e-010
-3.654	4.01865e-010
-3.653	4.00284e-010
-3.652	4.00899e-010
-3.651	4.01525e-010
-3.65	4.03613e-010
-3.649	4.03694e-010
-3.648	4.0429e-010
-3.647	4.02292e-010
-3.646	4.01486e-010
-3.645	4.02038e-010
-3.644	4.00678e-010
-3.643	3.97613e-010
-3.642	3.96765e-010
-3.641	3.97115e-010
-3.64	3.97214e-010
-3.639	3.96236e-010
-3.638	3.97151e-010
-3.637	3.95447e-010
-3.636	3.94334e-010
-3.635	3.94201e-010
-3.634	3.92753e-010
-3.633	3.92359e-010
-3.632	3.90181e-010
-3.631	3.90796e-010
-3.63	3.85112e-010
-3.629	3.85271e-010
-3.628	3.87804e-010
-3.627	3.85433e-010
-3.626	3.85468e-010
-3.625	3.84653e-010
-3.624	3.84564e-010
-3.623	3.80871e-010
-3.622	3.82485e-010
-3.621	3.79696e-010
-3.62	3.76248e-010
-3.619	3.775e-010
-3.618	3.72737e-010
-3.617	3.75137e-010
-3.616	3.72557e-010
-3.615	3.69443e-010
-3.614	3.68943e-010
-3.613	3.65588e-010
-3.612	3.67444e-010
-3.611	3.65226e-010
-3.61	3.65011e-010
-3.609	3.63815e-010
-3.608	3.61249e-010
-3.607	3.57681e-010
-3.606	3.57645e-010
-3.605	3.55412e-010
-3.604	3.51907e-010
-3.603	3.54138e-010
-3.602	3.47811e-010
-3.601	3.48032e-010
-3.6	3.45342e-010
-3.599	3.43847e-010
-3.598	3.45682e-010
-3.597	3.3982e-010
-3.596	3.39526e-010
-3.595	3.38654e-010
-3.594	3.35643e-010
-3.593	3.33284e-010
-3.592	3.29692e-010
-3.591	3.28759e-010
-3.59	3.29513e-010
-3.589	3.24414e-010
-3.588	3.25407e-010
-3.587	3.24958e-010
-3.586	3.22923e-010
-3.585	3.18931e-010
-3.584	3.1406e-010
-3.583	3.17336e-010
-3.582	3.1121e-010
-3.581	3.10375e-010
-3.58	3.11295e-010
-3.579	3.05955e-010
-3.578	3.0285e-010
-3.577	3.0361e-010
-3.576	3.0268e-010
-3.575	2.97898e-010
-3.574	2.97737e-010
-3.573	2.95524e-010
-3.572	2.94794e-010
-3.571	2.92024e-010
-3.57	2.88354e-010
-3.569	2.85332e-010
-3.568	2.82778e-010
-3.567	2.82708e-010
-3.566	2.79296e-010
-3.565	2.79083e-010
-3.564	2.77017e-010
-3.563	2.73753e-010
-3.562	2.72731e-010
-3.561	2.70602e-010
-3.56	2.69766e-010
-3.559	2.68459e-010
-3.558	2.65999e-010
-3.557	2.62796e-010
-3.556	2.60037e-010
-3.555	2.58246e-010
-3.554	2.58086e-010
-3.553	2.55347e-010
-3.552	2.53172e-010
-3.551	2.51936e-010
-3.55	2.48421e-010
-3.549	2.46627e-010
-3.548	2.45792e-010
-3.547	2.46559e-010
-3.546	2.44391e-010
-3.545	2.42457e-010
-3.544	2.392e-010
-3.543	2.36252e-010
-3.542	2.37067e-010
-3.541	2.34791e-010
-3.54	2.31743e-010
-3.539	2.29929e-010
-3.538	2.29847e-010
-3.537	2.27124e-010
-3.536	2.27031e-010
-3.535	2.2455e-010
-3.534	2.22282e-010
-3.533	2.23335e-010
-3.532	2.20921e-010
-3.531	2.18361e-010
-3.53	2.15691e-010
-3.529	2.16721e-010
-3.528	2.13871e-010
-3.527	2.13088e-010
-3.526	2.10418e-010
-3.525	2.09687e-010
-3.524	2.10225e-010
-3.523	2.05346e-010
-3.522	2.07097e-010
-3.521	2.06684e-010
-3.52	2.05069e-010
-3.519	2.04231e-010
-3.518	2.02996e-010
-3.517	2.00319e-010
-3.516	2.00656e-010
-3.515	1.99342e-010
-3.514	1.98198e-010
-3.513	1.97825e-010
-3.512	1.96832e-010
-3.511	1.9744e-010
-3.51	1.92781e-010
-3.509	1.94721e-010
-3.508	1.95664e-010
-3.507	1.92472e-010
-3.506	1.91593e-010
-3.505	1.90342e-010
-3.504	1.90439e-010
-3.503	1.89777e-010
-3.502	1.87787e-010
-3.501	1.88917e-010
-3.5	1.9017e-010
-3.499	1.88195e-010
-3.498	1.87351e-010
-3.497	1.86504e-010
-3.496	1.86666e-010
-3.495	1.88186e-010
-3.494	1.864e-010
-3.493	1.8659e-010
-3.492	1.85706e-010
-3.491	1.85017e-010
-3.49	1.87482e-010
-3.489	1.85312e-010
-3.488	1.85021e-010
-3.487	1.85561e-010
-3.486	1.86052e-010
-3.485	1.8532e-010
-3.484	1.86927e-010
-3.483	1.86257e-010
-3.482	1.87914e-010
-3.481	1.89115e-010
-3.48	1.86749e-010
-3.479	1.87708e-010
-3.478	1.84835e-010
-3.477	1.88922e-010
-3.476	1.87903e-010
-3.475	1.88447e-010
-3.474	1.88648e-010
-3.473	1.87337e-010
-3.472	1.91657e-010
-3.471	1.9116e-010
-3.47	1.92163e-010
-3.469	1.91928e-010
-3.468	1.93067e-010
-3.467	1.93651e-010
-3.466	1.94802e-010
-3.465	1.94741e-010
-3.464	1.9552e-010
-3.463	1.97735e-010
-3.462	1.98074e-010
-3.461	1.99207e-010
-3.46	1.9947e-010
-3.459	2.00748e-010
-3.458	2.01237e-010
-3.457	2.02141e-010
-3.456	2.04197e-010
-3.455	2.07988e-010
-3.454	2.07039e-010
-3.453	2.0852e-010
-3.452	2.11793e-010
-3.451	2.09518e-010
-3.45	2.11415e-010
-3.449	2.13778e-010
-3.448	2.1547e-010
-3.447	2.16105e-010
-3.446	2.16906e-010
-3.445	2.16262e-010
-3.444	2.18395e-010
-3.443	2.20456e-010
-3.442	2.23896e-010
-3.441	2.26464e-010
-3.44	2.2389e-010
-3.439	2.29599e-010
-3.438	2.30028e-010
-3.437	2.29546e-010
-3.436	2.32545e-010
-3.435	2.33723e-010
-3.434	2.35907e-010
-3.433	2.36558e-010
-3.432	2.37216e-010
-3.431	2.3963e-010
-3.43	2.44434e-010
-3.429	2.43953e-010
-3.428	2.4566e-010
-3.427	2.49878e-010
-3.426	2.50285e-010
-3.425	2.54317e-010
-3.424	2.54768e-010
-3.423	2.56042e-010
-3.422	2.58155e-010
-3.421	2.59127e-010
-3.42	2.61963e-010
-3.419	2.62405e-010
-3.418	2.64063e-010
-3.417	2.6554e-010
-3.416	2.69047e-010
-3.415	2.71068e-010
-3.414	2.73973e-010
-3.413	2.76363e-010
-3.412	2.79116e-010
-3.411	2.79915e-010
-3.41	2.80839e-010
-3.409	2.84013e-010
-3.408	2.86176e-010
-3.407	2.8691e-010
-3.406	2.87507e-010
-3.405	2.90771e-010
-3.404	2.92412e-010
-3.403	2.98193e-010
-3.402	2.96699e-010
-3.401	3.00018e-010
-3.4	3.03527e-010
-3.399	3.0324e-010
-3.398	3.05021e-010
-3.397	3.05205e-010
-3.396	3.099e-010
-3.395	3.10661e-010
-3.394	3.13584e-010
-3.393	3.14565e-010
-3.392	3.18749e-010
-3.391	3.22016e-010
-3.39	3.21465e-010
-3.389	3.2475e-010
-3.388	3.25901e-010
-3.387	3.31259e-010
-3.386	3.29354e-010
-3.385	3.32128e-010
-3.384	3.35082e-010
-3.383	3.331e-010
-3.382	3.39323e-010
-3.381	3.38502e-010
-3.38	3.42819e-010
-3.379	3.45512e-010
-3.378	3.4526e-010
-3.377	3.47831e-010
-3.376	3.49248e-010
-3.375	3.51489e-010
-3.374	3.54349e-010
-3.373	3.54741e-010
-3.372	3.54243e-010
-3.371	3.57676e-010
-3.37	3.56583e-010
-3.369	3.59659e-010
-3.368	3.65654e-010
-3.367	3.66369e-010
-3.366	3.69131e-010
-3.365	3.67205e-010
-3.364	3.67004e-010
-3.363	3.70041e-010
-3.362	3.71452e-010
-3.361	3.73531e-010
-3.36	3.73892e-010
-3.359	3.77769e-010
-3.358	3.80394e-010
-3.357	3.78218e-010
-3.356	3.82004e-010
-3.355	3.86537e-010
-3.354	3.83646e-010
-3.353	3.8709e-010
-3.352	3.86406e-010
-3.351	3.85214e-010
-3.35	3.89078e-010
-3.349	3.91953e-010
-3.348	3.90202e-010
-3.347	3.91249e-010
-3.346	3.94073e-010
-3.345	3.94058e-010
-3.344	3.99808e-010
-3.343	3.97686e-010
-3.342	3.98451e-010
-3.341	3.97984e-010
-3.34	3.99128e-010
-3.339	4.02053e-010
-3.338	3.99175e-010
-3.337	4.03437e-010
-3.336	4.01528e-010
-3.335	4.01464e-010
-3.334	4.02966e-010
-3.333	4.04889e-010
-3.332	4.05874e-010
-3.331	4.08345e-010
-3.33	4.06786e-010
-3.329	4.05681e-010
-3.328	4.07639e-010
-3.327	4.06097e-010
-3.326	4.10844e-010
-3.325	4.06445e-010
-3.324	4.0889e-010
-3.323	4.14101e-010
-3.322	4.115e-010
-3.321	4.10881e-010
-3.32	4.12808e-010
-3.319	4.11248e-010
-3.318	4.09656e-010
-3.317	4.07846e-010
-3.316	4.09007e-010
-3.315	4.10896e-010
-3.314	4.10686e-010
-3.313	4.12577e-010
-3.312	4.10911e-010
-3.311	4.09505e-010
-3.31	4.08123e-010
-3.309	4.09775e-010
-3.308	4.10572e-010
-3.307	4.081e-010
-3.306	4.09649e-010
-3.305	4.06987e-010
-3.304	4.08319e-010
-3.303	4.06427e-010
-3.302	4.04495e-010
-3.301	4.0996e-010
-3.3	4.05993e-010
-3.299	4.06064e-010
-3.298	4.04773e-010
-3.297	4.05123e-010
-3.296	4.04507e-010
-3.295	4.02002e-010
-3.294	4.02794e-010
-3.293	4.01382e-010
-3.292	4.00028e-010
-3.291	3.95448e-010
-3.29	3.98412e-010
-3.289	3.98812e-010
-3.288	3.98081e-010
-3.287	3.97633e-010
-3.286	3.93305e-010
-3.285	3.96314e-010
-3.284	3.92396e-010
-3.283	3.8934e-010
-3.282	3.88689e-010
-3.281	3.89692e-010
-3.28	3.87344e-010
-3.279	3.84904e-010
-3.278	3.85979e-010
-3.277	3.84672e-010
-3.276	3.81763e-010
-3.275	3.81174e-010
-3.274	3.78551e-010
-3.273	3.76271e-010
-3.272	3.80111e-010
-3.271	3.75821e-010
-3.27	3.75289e-010
-3.269	3.72524e-010
-3.268	3.69324e-010
-3.267	3.70045e-010
-3.266	3.68802e-010
-3.265	3.67568e-010
-3.264	3.62267e-010
-3.263	3.59221e-010
-3.262	3.58792e-010
-3.261	3.61302e-010
-3.26	3.55287e-010
-3.259	3.5685e-010
-3.258	3.57841e-010
-3.257	3.54707e-010
-3.256	3.52983e-010
-3.255	3.48371e-010
-3.254	3.50466e-010
-3.253	3.44598e-010
-3.252	3.44181e-010
-3.251	3.39745e-010
-3.25	3.3793e-010
-3.249	3.38621e-010
-3.248	3.38223e-010
-3.247	3.3672e-010
-3.246	3.32571e-010
-3.245	3.3101e-010
-3.244	3.25252e-010
-3.243	3.26917e-010
-3.242	3.26452e-010
-3.241	3.20729e-010
-3.24	3.20252e-010
-3.239	3.18051e-010
-3.238	3.1546e-010
-3.237	3.13225e-010
-3.236	3.12662e-010
-3.235	3.09457e-010
-3.234	3.07457e-010
-3.233	3.07416e-010
-3.232	3.03869e-010
-3.231	3.02858e-010
-3.23	3.02738e-010
-3.229	2.99266e-010
-3.228	2.97778e-010
-3.227	2.94911e-010
-3.226	2.92257e-010
-3.225	2.9095e-010
-3.224	2.88089e-010
-3.223	2.86263e-010
-3.222	2.83959e-010
-3.221	2.82225e-010
-3.22	2.80827e-010
-3.219	2.7971e-010
-3.218	2.7821e-010
-3.217	2.74259e-010
-3.216	2.72677e-010
-3.215	2.70176e-010
-3.214	2.70032e-010
-3.213	2.67457e-010
-3.212	2.62741e-010
-3.211	2.65248e-010
-3.21	2.59835e-010
-3.209	2.61217e-010
-3.208	2.56953e-010
-3.207	2.56153e-010
-3.206	2.53735e-010
-3.205	2.51176e-010
-3.204	2.51391e-010
-3.203	2.46927e-010
-3.202	2.47275e-010
-3.201	2.44197e-010
-3.2	2.43434e-010
-3.199	2.4033e-010
-3.198	2.38859e-010
-3.197	2.37593e-010
-3.196	2.36943e-010
-3.195	2.37338e-010
-3.194	2.32721e-010
-3.193	2.34161e-010
-3.192	2.31642e-010
-3.191	2.3008e-010
-3.19	2.28911e-010
-3.189	2.25103e-010
-3.188	2.24758e-010
-3.187	2.22652e-010
-3.186	2.20704e-010
-3.185	2.20575e-010
-3.184	2.2098e-010
-3.183	2.18865e-010
-3.182	2.17298e-010
-3.181	2.16499e-010
-3.18	2.1514e-010
-3.179	2.12264e-010
-3.178	2.10891e-010
-3.177	2.10244e-010
-3.176	2.09914e-010
-3.175	2.08543e-010
-3.174	2.06938e-010
-3.173	2.064e-010
-3.172	2.04212e-010
-3.171	2.05734e-010
-3.17	2.0454e-010
-3.169	2.02154e-010
-3.168	2.03526e-010
-3.167	2.01333e-010
-3.166	2.02358e-010
-3.165	2.00864e-010
-3.164	1.99167e-010
-3.163	1.96599e-010
-3.162	1.9932e-010
-3.161	1.97479e-010
-3.16	1.94535e-010
-3.159	1.9599e-010
-3.158	1.9581e-010
-3.157	1.9634e-010
-3.156	1.94051e-010
-3.155	1.95199e-010
-3.154	1.93416e-010
-3.153	1.93571e-010
-3.152	1.96661e-010
-3.151	1.93343e-010
-3.15	1.94906e-010
-3.149	1.93707e-010
-3.148	1.93718e-010
-3.147	1.93965e-010
-3.146	1.9324e-010
-3.145	1.91886e-010
-3.144	1.94046e-010
-3.143	1.93663e-010
-3.142	1.91165e-010
-3.141	1.94914e-010
-3.14	1.9446e-010
-3.139	1.93621e-010
-3.138	1.93351e-010
-3.137	1.94888e-010
-3.136	1.95419e-010
-3.135	1.95528e-010
-3.134	1.94215e-010
-3.133	1.95498e-010
-3.132	1.9663e-010
-3.131	1.95923e-010
-3.13	1.97725e-010
-3.129	1.98467e-010
-3.128	2.00412e-010
-3.127	1.99849e-010
-3.126	2.0089e-010
-3.125	2.01604e-010
-3.124	2.02099e-010
-3.123	2.03478e-010
-3.122	2.02572e-010
-3.121	2.05679e-010
-3.12	2.05529e-010
-3.119	2.08008e-010
-3.118	2.0623e-010
-3.117	2.07142e-010
-3.116	2.07935e-010
-3.115	2.10189e-010
-3.114	2.12442e-010
-3.113	2.11046e-010
-3.112	2.13904e-010
-3.111	2.15965e-010
-3.11	2.17303e-010
-3.109	2.18404e-010
-3.108	2.1686e-010
-3.107	2.17971e-010
-3.106	2.20877e-010
-3.105	2.23098e-010
-3.104	2.2397e-010
-3.103	2.27007e-010
-3.102	2.28639e-010
-3.101	2.30142e-010
-3.1	2.3037e-010
-3.099	2.30312e-010
-3.098	2.33768e-010
-3.097	2.31931e-010
-3.096	2.36034e-010
-3.095	2.36793e-010
-3.094	2.3994e-010
-3.093	2.42878e-010
-3.092	2.42931e-010
-3.091	2.44544e-010
-3.09	2.47007e-010
-3.089	2.48179e-010
-3.088	2.48459e-010
-3.087	2.51283e-010
-3.086	2.56014e-010
-3.085	2.58523e-010
-3.084	2.56613e-010
-3.083	2.58315e-010
-3.082	2.59422e-010
-3.081	2.61108e-010
-3.08	2.64942e-010
-3.079	2.64935e-010
-3.078	2.67356e-010
-3.077	2.695e-010
-3.076	2.74253e-010
-3.075	2.74112e-010
-3.074	2.77002e-010
-3.073	2.77517e-010
-3.072	2.8069e-010
-3.071	2.82936e-010
-3.07	2.80891e-010
-3.069	2.8895e-010
-3.068	2.87011e-010
-3.067	2.8884e-010
-3.066	2.93081e-010
-3.065	2.92023e-010
-3.064	2.95373e-010
-3.063	2.99768e-010
-3.062	3.02345e-010
-3.061	3.02965e-010
-3.06	3.06777e-010
-3.059	3.0856e-010
-3.058	3.08791e-010
-3.057	3.12761e-010
-3.056	3.12574e-010
-3.055	3.16365e-010
-3.054	3.18346e-010
-3.053	3.19462e-010
-3.052	3.20513e-010
-3.051	3.20415e-010
-3.05	3.25555e-010
-3.049	3.2728e-010
-3.048	3.29893e-010
-3.047	3.32726e-010
-3.046	3.32534e-010
-3.045	3.36274e-010
-3.044	3.39123e-010
-3.043	3.37912e-010
-3.042	3.41106e-010
-3.041	3.44234e-010
-3.04	3.461e-010
-3.039	3.52371e-010
-3.038	3.53751e-010
-3.037	3.61973e-010
-3.036	3.61895e-010
-3.035	3.74199e-010
-3.034	3.75115e-010
-3.033	3.87435e-010
-3.032	3.90941e-010
-3.031	4.03465e-010
-3.03	4.04911e-010
-3.029	4.18805e-010
-3.028	4.23109e-010
-3.027	4.31781e-010
-3.026	4.43454e-010
-3.025	4.53133e-010
-3.024	4.69824e-010
-3.023	4.83836e-010
-3.022	4.96903e-010
-3.021	5.13232e-010
-3.02	5.31208e-010
-3.019	5.41554e-010
-3.018	5.66915e-010
-3.017	5.79956e-010
-3.016	6.07319e-010
-3.015	6.26465e-010
-3.014	6.52222e-010
-3.013	6.7061e-010
-3.012	7.06534e-010
-3.011	7.25905e-010
-3.01	7.59136e-010
-3.009	7.90922e-010
-3.008	8.25965e-010
-3.007	8.6035e-010
-3.006	8.94645e-010
-3.005	9.33373e-010
-3.004	9.79107e-010
-3.003	1.02058e-009
-3.002	1.06863e-009
-3.001	1.12393e-009
-3	1.16813e-009
-2.999	1.23088e-009
-2.998	1.2836e-009
-2.997	1.35149e-009
-2.996	1.4215e-009
-2.995	1.49153e-009
-2.994	1.56178e-009
-2.993	1.63814e-009
-2.992	1.7144e-009
-2.991	1.8153e-009
-2.99	1.89075e-009
-2.989	1.99323e-009
-2.988	2.08994e-009
-2.987	2.1984e-009
-2.986	2.3096e-009
-2.985	2.435e-009
-2.984	2.55196e-009
-2.983	2.69628e-009
-2.982	2.83026e-009
-2.981	2.96494e-009
-2.98	3.13341e-009
-2.979	3.27889e-009
-2.978	3.46612e-009
-2.977	3.63706e-009
-2.976	3.83201e-009
-2.975	4.01824e-009
-2.974	4.23919e-009
-2.973	4.45989e-009
-2.972	4.68344e-009
-2.971	4.94279e-009
-2.97	5.18734e-009
-2.969	5.46711e-009
-2.968	5.73823e-009
-2.967	6.03817e-009
-2.966	6.35298e-009
-2.965	6.6931e-009
-2.964	7.04428e-009
-2.963	7.39571e-009
-2.962	7.79542e-009
-2.961	8.20071e-009
-2.96	8.62568e-009
-2.959	9.073e-009
-2.958	9.54474e-009
-2.957	1.00475e-008
-2.956	1.05728e-008
-2.955	1.11185e-008
-2.954	1.17116e-008
-2.953	1.23065e-008
-2.952	1.2957e-008
-2.951	1.36116e-008
-2.95	1.43216e-008
-2.949	1.50833e-008
-2.948	1.58508e-008
-2.947	1.66599e-008
-2.946	1.75482e-008
-2.945	1.84273e-008
-2.944	1.9399e-008
-2.943	2.03882e-008
-2.942	2.1461e-008
-2.941	2.25483e-008
-2.94	2.37653e-008
-2.939	2.49625e-008
-2.938	2.6236e-008
-2.937	2.76237e-008
-2.936	2.90101e-008
-2.935	3.05424e-008
-2.934	3.20701e-008
-2.933	3.37614e-008
-2.932	3.54919e-008
-2.931	3.73316e-008
-2.93	3.92523e-008
-2.929	4.12963e-008
-2.928	4.34133e-008
-2.927	4.56412e-008
-2.926	4.79816e-008
-2.925	5.04643e-008
-2.924	5.30577e-008
-2.923	5.57779e-008
-2.922	5.86759e-008
-2.921	6.16563e-008
-2.92	6.48368e-008
-2.919	6.8254e-008
-2.918	7.16279e-008
-2.917	7.54038e-008
-2.916	7.92122e-008
-2.915	8.33162e-008
-2.914	8.75893e-008
-2.913	9.21056e-008
-2.912	9.68521e-008
-2.911	1.01735e-007
-2.91	1.07115e-007
-2.909	1.1245e-007
-2.908	1.18347e-007
-2.907	1.24315e-007
-2.906	1.30743e-007
-2.905	1.37473e-007
-2.904	1.44518e-007
-2.903	1.51925e-007
-2.902	1.59803e-007
-2.901	1.67903e-007
-2.9	1.76596e-007
-2.899	1.85701e-007
-2.898	1.95195e-007
-2.897	2.05162e-007
-2.896	2.15639e-007
-2.895	2.26751e-007
-2.894	2.38361e-007
-2.893	2.50606e-007
-2.892	2.63437e-007
-2.891	2.76864e-007
-2.89	2.91139e-007
-2.889	3.06118e-007
-2.888	3.21813e-007
-2.887	3.38309e-007
-2.886	3.5567e-007
-2.885	3.73899e-007
-2.884	3.93061e-007
-2.883	4.13318e-007
-2.882	4.3431e-007
-2.881	4.56788e-007
-2.88	4.79986e-007
-2.879	5.04799e-007
-2.878	5.30469e-007
-2.877	5.57917e-007
-2.876	5.8631e-007
-2.875	6.16571e-007
-2.874	6.48065e-007
-2.873	6.81254e-007
-2.872	7.1631e-007
-2.871	7.52937e-007
-2.87	7.91518e-007
-2.869	8.32219e-007
-2.868	8.74869e-007
-2.867	9.19514e-007
-2.866	9.66727e-007
-2.865	1.01627e-006
-2.864	1.06837e-006
-2.863	1.1233e-006
-2.862	1.18093e-006
-2.861	1.24129e-006
-2.86	1.30516e-006
-2.859	1.37174e-006
-2.858	1.44239e-006
-2.857	1.51619e-006
-2.856	1.59404e-006
-2.855	1.67592e-006
-2.854	1.76182e-006
-2.853	1.85173e-006
-2.852	1.94702e-006
-2.851	2.04681e-006
-2.85	2.15189e-006
-2.849	2.26204e-006
-2.848	2.37796e-006
-2.847	2.50003e-006
-2.846	2.62788e-006
-2.845	2.76301e-006
-2.844	2.9044e-006
-2.843	3.05374e-006
-2.842	3.20984e-006
-2.841	3.37447e-006
-2.84	3.54745e-006
-2.839	3.72931e-006
-2.838	3.92062e-006
-2.837	4.12164e-006
-2.836	4.3332e-006
-2.835	4.55564e-006
-2.834	4.78881e-006
-2.833	5.03458e-006
-2.832	5.29223e-006
-2.831	5.56407e-006
-2.83	5.84912e-006
-2.829	6.14934e-006
-2.828	6.46379e-006
-2.827	6.79609e-006
-2.826	7.14412e-006
-2.825	7.51095e-006
-2.824	7.89572e-006
-2.823	8.30104e-006
-2.822	8.72642e-006
-2.821	9.17371e-006
-2.82	9.64443e-006
-2.819	1.01388e-005
-2.818	1.06584e-005
-2.817	1.12055e-005
-2.816	1.17794e-005
-2.815	1.23828e-005
-2.814	1.30186e-005
-2.813	1.36858e-005
-2.812	1.43882e-005
-2.811	1.51254e-005
-2.81	1.59005e-005
-2.809	1.67179e-005
-2.808	1.75731e-005
-2.807	1.84745e-005
-2.806	1.94223e-005
-2.805	2.04181e-005
-2.804	2.14654e-005
-2.803	2.25655e-005
-2.802	2.37223e-005
-2.801	2.49393e-005
-2.8	2.62178e-005
-2.799	2.7562e-005
-2.798	2.89753e-005
-2.797	3.04603e-005
-2.796	3.20236e-005
-2.795	3.36644e-005
-2.794	3.53922e-005
-2.793	3.72058e-005
-2.792	3.91139e-005
-2.791	4.1119e-005
-2.79	4.32279e-005
-2.789	4.54436e-005
-2.788	4.77748e-005
-2.787	5.02252e-005
-2.786	5.27996e-005
-2.785	5.5508e-005
-2.784	5.83545e-005
-2.783	6.1345e-005
-2.782	6.44892e-005
-2.781	6.77992e-005
-2.78	7.12742e-005
-2.779	7.49298e-005
-2.778	7.87711e-005
-2.777	8.28111e-005
-2.776	8.70562e-005
-2.775	9.15208e-005
-2.774	9.62133e-005
-2.773	0.000101148
-2.772	0.000106331
-2.771	0.000111787
-2.77	0.000117517
-2.769	0.000123544
-2.768	0.000129878
-2.767	0.00013654
-2.766	0.00014354
-2.765	0.000150902
-2.764	0.000158642
-2.763	0.000166771
-2.762	0.000175326
-2.761	0.000184311
-2.76	0.000193768
-2.759	0.000203699
-2.758	0.000214148
-2.757	0.000225126
-2.756	0.000236669
-2.755	0.000248804
-2.754	0.000261563
-2.753	0.000274975
-2.752	0.000289076
-2.751	0.000303894
-2.75	0.000319484
-2.749	0.000335864
-2.748	0.000353089
-2.747	0.000371192
-2.746	0.000390224
-2.745	0.000410236
-2.744	0.000431267
-2.743	0.000453383
-2.742	0.000476631
-2.741	0.000501074
-2.74	0.000526763
-2.739	0.000553773
-2.738	0.000582171
-2.737	0.000612026
-2.736	0.000643403
-2.735	0.000676398
-2.734	0.000711081
-2.733	0.000747545
-2.732	0.000785875
-2.731	0.000826172
-2.73	0.000868526
-2.729	0.000913073
-2.728	0.000959888
-2.727	0.00100911
-2.726	0.00106085
-2.725	0.00111524
-2.724	0.00117244
-2.723	0.00123255
-2.722	0.00129577
-2.721	0.00136219
-2.72	0.00143205
-2.719	0.00150548
-2.718	0.00158268
-2.717	0.00166384
-2.716	0.00174914
-2.715	0.00183883
-2.714	0.00193313
-2.713	0.00202924
-2.712	0.00212707
-2.711	0.00222647
-2.71	0.00232731
-2.709	0.00242944
-2.708	0.00253275
-2.707	0.00263709
-2.706	0.00274233
-2.705	0.0028483
-2.704	0.00295488
-2.703	0.00306193
-2.702	0.00316929
-2.701	0.00327684
-2.7	0.00338441
-2.699	0.00349187
-2.698	0.00359908
-2.697	0.00370588
-2.696	0.00381214
-2.695	0.00391771
-2.694	0.00402247
-2.693	0.00412625
-2.692	0.00422892
-2.691	0.00433036
-2.69	0.00443042
-2.689	0.00452895
-2.688	0.00462584
-2.687	0.00472097
-2.686	0.00481421
-2.685	0.0049054
-2.684	0.00499446
-2.683	0.00508125
-2.682	0.00516566
-2.681	0.00524758
-2.68	0.00532691
-2.679	0.00540352
-2.678	0.00547734
-2.677	0.00554824
-2.676	0.00561615
-2.675	0.00568099
-2.674	0.00574266
-2.673	0.00580107
-2.672	0.00585615
-2.671	0.00590785
-2.67	0.00595608
-2.669	0.00600079
-2.668	0.00604191
-2.667	0.00607941
-2.666	0.00611323
-2.665	0.00614332
-2.664	0.00616965
-2.663	0.0061922
-2.662	0.00621093
-2.661	0.00622583
-2.66	0.00623688
-2.659	0.00624405
-2.658	0.00624738
-2.657	0.00624684
-2.656	0.00624243
-2.655	0.00623418
-2.654	0.0062221
-2.653	0.00620621
-2.652	0.00618654
-2.651	0.00616312
-2.65	0.00613599
-2.649	0.00610519
-2.648	0.00607078
-2.647	0.00603279
-2.646	0.0059913
-2.645	0.00594637
-2.644	0.00589804
-2.643	0.00584642
-2.642	0.00579158
-2.641	0.00573358
-2.64	0.00567252
-2.639	0.00560848
-2.638	0.00554157
-2.637	0.00547188
-2.636	0.00539952
-2.635	0.00532457
-2.634	0.00524718
-2.633	0.00516743
-2.632	0.00508545
-2.631	0.00500135
-2.63	0.00491526
-2.629	0.00482731
-2.628	0.00473761
-2.627	0.0046463
-2.626	0.00455352
-2.625	0.00445939
-2.624	0.00436406
-2.623	0.00426764
-2.622	0.00417031
-2.621	0.00407218
-2.62	0.0039734
-2.619	0.00387412
-2.618	0.00377447
-2.617	0.00367461
-2.616	0.00357467
-2.615	0.0034748
-2.614	0.00337514
-2.613	0.00327584
-2.612	0.00317704
-2.611	0.00307888
-2.61	0.00298151
-2.609	0.00288507
-2.608	0.00278969
-2.607	0.00269551
-2.606	0.00260268
-2.605	0.00251132
-2.604	0.00242156
-2.603	0.00233354
-2.602	0.00224739
-2.601	0.00216324
-2.6	0.00208119
-2.599	0.00200138
-2.598	0.00192392
-2.597	0.00184892
-2.596	0.0017765
-2.595	0.00170675
-2.594	0.00163979
-2.593	0.00157571
-2.592	0.00151461
-2.591	0.00145658
-2.59	0.0014017
-2.589	0.00135006
-2.588	0.00130174
-2.587	0.0012568
-2.586	0.00121532
-2.585	0.00117736
-2.584	0.00114299
-2.583	0.00111225
-2.582	0.00108519
-2.581	0.00106186
-2.58	0.0010423
-2.579	0.00102654
-2.578	0.0010146
-2.577	0.00100652
-2.576	0.00100231
-2.575	0.00100198
-2.574	0.00100555
-2.573	0.001013
-2.572	0.00102434
-2.571	0.00103957
-2.57	0.00105866
-2.569	0.00108159
-2.568	0.00110835
-2.567	0.0011389
-2.566	0.0011732
-2.565	0.00121122
-2.564	0.00125291
-2.563	0.00129821
-2.562	0.00134709
-2.561	0.00139946
-2.56	0.00145527
-2.559	0.00151445
-2.558	0.00157692
-2.557	0.00164261
-2.556	0.00171143
-2.555	0.00178329
-2.554	0.0018581
-2.553	0.00193576
-2.552	0.00201617
-2.551	0.00209923
-2.55	0.00218484
-2.549	0.00227288
-2.548	0.00236323
-2.547	0.00245578
-2.546	0.00255041
-2.545	0.00264699
-2.544	0.0027454
-2.543	0.00284551
-2.542	0.0029472
-2.541	0.00305031
-2.54	0.00315472
-2.539	0.0032603
-2.538	0.0033669
-2.537	0.0034744
-2.536	0.00358263
-2.535	0.00369146
-2.534	0.00380075
-2.533	0.00391036
-2.532	0.00402014
-2.531	0.00412995
-2.53	0.00423964
-2.529	0.00434906
-2.528	0.00445809
-2.527	0.00456656
-2.526	0.00467435
-2.525	0.0047813
-2.524	0.00488728
-2.523	0.00499216
-2.522	0.00509579
-2.521	0.00519803
-2.52	0.00529875
-2.519	0.00539783
-2.518	0.00549513
-2.517	0.00559053
-2.516	0.0056839
-2.515	0.00577512
-2.514	0.00586407
-2.513	0.00595065
-2.512	0.00603473
-2.511	0.0061162
-2.51	0.00619497
-2.509	0.00627094
-2.508	0.00634401
-2.507	0.00641406
-2.506	0.00648104
-2.505	0.00654485
-2.504	0.0066054
-2.503	0.00666264
-2.502	0.00671647
-2.501	0.00676684
-2.5	0.00681369
-2.499	0.00685696
-2.498	0.0068966
-2.497	0.00693255
-2.496	0.00696479
-2.495	0.00699326
-2.494	0.00701796
-2.493	0.00703885
-2.492	0.00705589
-2.491	0.00706909
-2.49	0.00707843
-2.489	0.00708391
-2.488	0.00708553
-2.487	0.0070833
-2.486	0.0070772
-2.485	0.0070673
-2.484	0.00705359
-2.483	0.00703609
-2.482	0.00701487
-2.481	0.00698992
-2.48	0.00696133
-2.479	0.00692912
-2.478	0.00689333
-2.477	0.00685406
-2.476	0.00681134
-2.475	0.00676525
-2.474	0.00671587
-2.473	0.00666326
-2.472	0.00660751
-2.471	0.00654871
-2.47	0.00648693
-2.469	0.00642231
-2.468	0.0063549
-2.467	0.00628482
-2.466	0.00621218
-2.465	0.00613709
-2.464	0.00605966
-2.463	0.00598
-2.462	0.00589823
-2.461	0.00581448
-2.46	0.00572889
-2.459	0.00564156
-2.458	0.00555262
-2.457	0.00546221
-2.456	0.00537048
-2.455	0.00527755
-2.454	0.00518356
-2.453	0.00508864
-2.452	0.00499296
-2.451	0.00489663
-2.45	0.0047998
-2.449	0.00470262
-2.448	0.00460524
-2.447	0.00450778
-2.446	0.00441041
-2.445	0.00431327
-2.444	0.00421649
-2.443	0.00412022
-2.442	0.00402461
-2.441	0.0039298
-2.44	0.00383591
-2.439	0.00374311
-2.438	0.00365152
-2.437	0.00356128
-2.436	0.00347253
-2.435	0.0033854
-2.434	0.00330001
-2.433	0.00321649
-2.432	0.00313498
-2.431	0.00305559
-2.43	0.00297844
-2.429	0.00290365
-2.428	0.00283135
-2.427	0.00276163
-2.426	0.00269458
-2.425	0.00263034
-2.424	0.00256898
-2.423	0.0025106
-2.422	0.00245531
-2.421	0.00240318
-2.42	0.0023543
-2.419	0.00230873
-2.418	0.00226656
-2.417	0.00222786
-2.416	0.00219269
-2.415	0.0021611
-2.414	0.00213315
-2.413	0.0021089
-2.412	0.00208838
-2.411	0.00207163
-2.41	0.00205868
-2.409	0.00204957
-2.408	0.00204432
-2.407	0.00204294
-2.406	0.00204546
-2.405	0.00205186
-2.404	0.00206216
-2.403	0.00207635
-2.402	0.00209443
-2.401	0.00211637
-2.4	0.00214216
-2.399	0.00217178
-2.398	0.00220519
-2.397	0.00224237
-2.396	0.00228324
-2.395	0.00232779
-2.394	0.00237598
-2.393	0.00242772
-2.392	0.00248297
-2.391	0.00254165
-2.39	0.0026037
-2.389	0.00266904
-2.388	0.0027376
-2.387	0.00280928
-2.386	0.00288401
-2.385	0.00296169
-2.384	0.00304222
-2.383	0.0031255
-2.382	0.00321143
-2.381	0.0032999
-2.38	0.0033908
-2.379	0.00348401
-2.378	0.00357942
-2.377	0.0036769
-2.376	0.00377633
-2.375	0.0038776
-2.374	0.00398056
-2.373	0.00408509
-2.372	0.00419105
-2.371	0.0042983
-2.37	0.00440671
-2.369	0.00451615
-2.368	0.00462647
-2.367	0.00473753
-2.366	0.00484918
-2.365	0.0049613
-2.364	0.00507373
-2.363	0.00518632
-2.362	0.00529894
-2.361	0.00541143
-2.36	0.00552367
-2.359	0.00563549
-2.358	0.00574676
-2.357	0.00585735
-2.356	0.0059671
-2.355	0.00607587
-2.354	0.00618354
-2.353	0.00628994
-2.352	0.00639496
-2.351	0.00649847
-2.35	0.00660032
-2.349	0.0067004
-2.348	0.00679857
-2.347	0.00689471
-2.346	0.00698871
-2.345	0.00708042
-2.344	0.00716977
-2.343	0.00725661
-2.342	0.00734086
-2.341	0.00742239
-2.34	0.00750113
-2.339	0.00757696
-2.338	0.00764978
-2.337	0.00771951
-2.336	0.00778608
-2.335	0.00784941
-2.334	0.00790941
-2.333	0.00796601
-2.332	0.00801915
-2.331	0.00806876
-2.33	0.00811481
-2.329	0.00815721
-2.328	0.00819595
-2.327	0.00823097
-2.326	0.00826222
-2.325	0.0082897
-2.324	0.00831336
-2.323	0.00833321
-2.322	0.0083492
-2.321	0.00836134
-2.32	0.00836963
-2.319	0.00837406
-2.318	0.00837463
-2.317	0.00837138
-2.316	0.0083643
-2.315	0.0083534
-2.314	0.00833875
-2.313	0.00832038
-2.312	0.00829828
-2.311	0.00827256
-2.31	0.00824321
-2.309	0.0082103
-2.308	0.0081739
-2.307	0.00813408
-2.306	0.00809089
-2.305	0.00804442
-2.304	0.00799471
-2.303	0.0079419
-2.302	0.00788603
-2.301	0.0078272
-2.3	0.00776552
-2.299	0.00770109
-2.298	0.00763398
-2.297	0.00756433
-2.296	0.00749223
-2.295	0.00741781
-2.294	0.00734117
-2.293	0.00726243
-2.292	0.00718174
-2.291	0.00709919
-2.29	0.00701491
-2.289	0.00692905
-2.288	0.00684174
-2.287	0.0067531
-2.286	0.00666328
-2.285	0.00657242
-2.284	0.00648064
-2.283	0.00638809
-2.282	0.00629492
-2.281	0.00620127
-2.28	0.00610726
-2.279	0.00601309
-2.278	0.00591885
-2.277	0.0058247
-2.276	0.00573078
-2.275	0.00563725
-2.274	0.00554425
-2.273	0.0054519
-2.272	0.00536037
-2.271	0.00526979
-2.27	0.0051803
-2.269	0.00509202
-2.268	0.00500512
-2.267	0.00491971
-2.266	0.00483592
-2.265	0.0047539
-2.264	0.00467377
-2.263	0.00459565
-2.262	0.00451966
-2.261	0.00444593
-2.26	0.00437458
-2.259	0.0043057
-2.258	0.00423942
-2.257	0.00417584
-2.256	0.00411506
-2.255	0.00405717
-2.254	0.0040023
-2.253	0.00395051
-2.252	0.00390188
-2.251	0.00385651
-2.25	0.00381447
-2.249	0.00377584
-2.248	0.00374068
-2.247	0.00370907
-2.246	0.00368105
-2.245	0.00365667
-2.244	0.003636
-2.243	0.00361906
-2.242	0.00360591
-2.241	0.00359656
-2.24	0.00359106
-2.239	0.00358942
-2.238	0.00359167
-2.237	0.0035978
-2.236	0.00360785
-2.235	0.00362179
-2.234	0.00363963
-2.233	0.00366135
-2.232	0.00368695
-2.231	0.00371641
-2.23	0.00374969
-2.229	0.00378676
-2.228	0.00382759
-2.227	0.00387215
-2.226	0.00392039
-2.225	0.00397226
-2.224	0.00402768
-2.223	0.00408661
-2.222	0.00414898
-2.221	0.00421472
-2.22	0.00428377
-2.219	0.00435602
-2.218	0.0044314
-2.217	0.00450983
-2.216	0.0045912
-2.215	0.00467543
-2.214	0.00476241
-2.213	0.00485204
-2.212	0.00494422
-2.211	0.00503882
-2.21	0.00513574
-2.209	0.00523484
-2.208	0.00533602
-2.207	0.00543916
-2.206	0.00554413
-2.205	0.00565079
-2.204	0.00575901
-2.203	0.00586867
-2.202	0.00597962
-2.201	0.00609174
-2.2	0.00620487
-2.199	0.0063189
-2.198	0.00643365
-2.197	0.00654899
-2.196	0.0066648
-2.195	0.00678092
-2.194	0.00689719
-2.193	0.0070135
-2.192	0.00712969
-2.191	0.00724561
-2.19	0.00736112
-2.189	0.00747607
-2.188	0.00759034
-2.187	0.00770376
-2.186	0.00781623
-2.185	0.00792757
-2.184	0.00803764
-2.183	0.00814635
-2.182	0.00825356
-2.181	0.00835908
-2.18	0.00846283
-2.179	0.00856468
-2.178	0.0086645
-2.177	0.00876217
-2.176	0.00885758
-2.175	0.00895059
-2.174	0.00904112
-2.173	0.00912904
-2.172	0.00921426
-2.171	0.00929668
-2.17	0.00937618
-2.169	0.00945269
-2.168	0.00952611
-2.167	0.00959637
-2.166	0.00966341
-2.165	0.0097271
-2.164	0.00978739
-2.163	0.00984423
-2.162	0.00989755
-2.161	0.0099473
-2.16	0.00999343
-2.159	0.0100359
-2.158	0.0100746
-2.157	0.0101096
-2.156	0.0101408
-2.155	0.0101682
-2.154	0.0101918
-2.153	0.0102116
-2.152	0.0102275
-2.151	0.0102395
-2.15	0.0102477
-2.149	0.0102521
-2.148	0.0102526
-2.147	0.0102493
-2.146	0.0102422
-2.145	0.0102314
-2.144	0.0102168
-2.143	0.0101986
-2.142	0.0101767
-2.141	0.0101512
-2.14	0.0101221
-2.139	0.0100896
-2.138	0.0100537
-2.137	0.0100144
-2.136	0.0099718
-2.135	0.00992602
-2.134	0.00987711
-2.133	0.00982518
-2.132	0.0097703
-2.131	0.00971259
-2.13	0.00965211
-2.129	0.00958899
-2.128	0.00952335
-2.127	0.00945526
-2.126	0.00938485
-2.125	0.00931225
-2.124	0.00923756
-2.123	0.00916093
-2.122	0.00908246
-2.121	0.00900228
-2.12	0.00892051
-2.119	0.00883733
-2.118	0.00875283
-2.117	0.00866717
-2.116	0.00858044
-2.115	0.00849285
-2.114	0.00840451
-2.113	0.00831554
-2.112	0.0082261
-2.111	0.00813635
-2.11	0.00804641
-2.109	0.00795643
-2.108	0.00786656
-2.107	0.00777693
-2.106	0.00768772
-2.105	0.00759904
-2.104	0.00751104
-2.103	0.00742386
-2.102	0.00733765
-2.101	0.00725254
-2.1	0.00716867
-2.099	0.00708616
-2.098	0.00700519
-2.097	0.00692585
-2.096	0.00684829
-2.095	0.00677262
-2.094	0.00669899
-2.093	0.00662749
-2.092	0.00655827
-2.091	0.00649144
-2.09	0.00642711
-2.089	0.00636538
-2.088	0.00630636
-2.087	0.00625014
-2.086	0.00619686
-2.085	0.00614659
-2.084	0.00609941
-2.083	0.00605541
-2.082	0.00601468
-2.081	0.00597729
-2.08	0.00594332
-2.079	0.00591283
-2.078	0.00588591
-2.077	0.00586258
-2.076	0.00584289
-2.075	0.00582694
-2.074	0.00581472
-2.073	0.0058063
-2.072	0.0058017
-2.071	0.00580095
-2.07	0.00580407
-2.069	0.00581109
-2.068	0.005822
-2.067	0.00583683
-2.066	0.00585556
-2.065	0.0058782
-2.064	0.00590474
-2.063	0.00593516
-2.062	0.00596944
-2.061	0.00600755
-2.06	0.00604945
-2.059	0.00609513
-2.058	0.00614454
-2.057	0.00619763
-2.056	0.00625435
-2.055	0.00631464
-2.054	0.00637844
-2.053	0.0064457
-2.052	0.00651631
-2.051	0.00659025
-2.05	0.00666739
-2.049	0.00674766
-2.048	0.00683098
-2.047	0.00691725
-2.046	0.00700639
-2.045	0.00709827
-2.044	0.00719281
-2.043	0.00728991
-2.042	0.00738943
-2.041	0.00749127
-2.04	0.00759529
-2.039	0.0077014
-2.038	0.00780947
-2.037	0.00791936
-2.036	0.00803095
-2.035	0.00814411
-2.034	0.00825869
-2.033	0.00837458
-2.032	0.00849163
-2.031	0.0086097
-2.03	0.00872867
-2.029	0.00884836
-2.028	0.00896864
-2.027	0.0090894
-2.026	0.00921045
-2.025	0.0093317
-2.024	0.00945296
-2.023	0.00957409
-2.022	0.00969497
-2.021	0.00981543
-2.02	0.00993533
-2.019	0.0100546
-2.018	0.010173
-2.017	0.0102904
-2.016	0.0104067
-2.015	0.0105217
-2.014	0.0106354
-2.013	0.0107476
-2.012	0.0108581
-2.011	0.0109668
-2.01	0.0110736
-2.009	0.0111784
-2.008	0.0112811
-2.007	0.0113815
-2.006	0.0114795
-2.005	0.011575
-2.004	0.0116679
-2.003	0.0117582
-2.002	0.0118456
-2.001	0.0119301
-2	0.0120116
-1.999	0.0120901
-1.998	0.0121654
-1.997	0.0122374
-1.996	0.0123061
-1.995	0.0123715
-1.994	0.0124334
-1.993	0.0124917
-1.992	0.0125466
-1.991	0.0125978
-1.99	0.0126453
-1.989	0.0126891
-1.988	0.0127292
-1.987	0.0127655
-1.986	0.012798
-1.985	0.0128267
-1.984	0.0128516
-1.983	0.0128727
-1.982	0.0128898
-1.981	0.0129032
-1.98	0.0129127
-1.979	0.0129184
-1.978	0.0129203
-1.977	0.0129184
-1.976	0.0129128
-1.975	0.0129035
-1.974	0.0128904
-1.973	0.0128738
-1.972	0.0128535
-1.971	0.0128297
-1.97	0.0128025
-1.969	0.0127719
-1.968	0.0127379
-1.967	0.0127006
-1.966	0.0126602
-1.965	0.0126166
-1.964	0.0125701
-1.963	0.0125206
-1.962	0.0124682
-1.961	0.0124132
-1.96	0.0123555
-1.959	0.0122953
-1.958	0.0122326
-1.957	0.0121677
-1.956	0.0121006
-1.955	0.0120314
-1.954	0.0119603
-1.953	0.0118874
-1.952	0.0118127
-1.951	0.0117366
-1.95	0.011659
-1.949	0.0115801
-1.948	0.0115
-1.947	0.011419
-1.946	0.011337
-1.945	0.0112543
-1.944	0.0111711
-1.943	0.0110874
-1.942	0.0110033
-1.941	0.0109192
-1.94	0.010835
-1.939	0.0107508
-1.938	0.010667
-1.937	0.0105836
-1.936	0.0105008
-1.935	0.0104186
-1.934	0.0103373
-1.933	0.010257
-1.932	0.0101778
-1.931	0.0100999
-1.93	0.0100233
-1.929	0.00994831
-1.928	0.00987497
-1.927	0.00980339
-1.926	0.00973374
-1.925	0.00966613
-1.924	0.0096007
-1.923	0.00953755
-1.922	0.0094768
-1.921	0.00941857
-1.92	0.00936295
-1.919	0.00931005
-1.918	0.00926
-1.917	0.00921288
-1.916	0.00916879
-1.915	0.00912779
-1.914	0.00909001
-1.913	0.0090555
-1.912	0.00902435
-1.911	0.00899665
-1.91	0.00897243
-1.909	0.00895178
-1.908	0.00893474
-1.907	0.00892139
-1.906	0.00891174
-1.905	0.00890587
-1.904	0.00890381
-1.903	0.00890558
-1.902	0.00891119
-1.901	0.0089207
-1.9	0.00893411
-1.899	0.00895144
-1.898	0.00897269
-1.897	0.00899787
-1.896	0.00902694
-1.895	0.00905993
-1.894	0.00909682
-1.893	0.00913757
-1.892	0.00918215
-1.891	0.00923057
-1.89	0.00928276
-1.889	0.0093387
-1.888	0.00939829
-1.887	0.00946155
-1.886	0.00952838
-1.885	0.00959871
-1.884	0.00967253
-1.883	0.00974973
-1.882	0.00983021
-1.881	0.00991394
-1.88	0.0100008
-1.879	0.0100907
-1.878	0.0101836
-1.877	0.0102793
-1.876	0.0103778
-1.875	0.010479
-1.874	0.0105827
-1.873	0.0106888
-1.872	0.0107973
-1.871	0.010908
-1.87	0.0110207
-1.869	0.0111355
-1.868	0.011252
-1.867	0.0113703
-1.866	0.0114901
-1.865	0.0116113
-1.864	0.0117339
-1.863	0.0118577
-1.862	0.0119824
-1.861	0.0121081
-1.86	0.0122345
-1.859	0.0123615
-1.858	0.0124889
-1.857	0.0126167
-1.856	0.0127447
-1.855	0.0128727
-1.854	0.0130005
-1.853	0.0131281
-1.852	0.0132553
-1.851	0.013382
-1.85	0.013508
-1.849	0.0136331
-1.848	0.0137573
-1.847	0.0138804
-1.846	0.0140022
-1.845	0.0141227
-1.844	0.0142416
-1.843	0.0143589
-1.842	0.0144745
-1.841	0.0145881
-1.84	0.0146997
-1.839	0.0148092
-1.838	0.0149164
-1.837	0.0150212
-1.836	0.0151236
-1.835	0.0152234
-1.834	0.0153205
-1.833	0.0154147
-1.832	0.0155061
-1.831	0.0155946
-1.83	0.0156799
-1.829	0.0157621
-1.828	0.0158411
-1.827	0.0159167
-1.826	0.015989
-1.825	0.0160578
-1.824	0.0161232
-1.823	0.016185
-1.822	0.0162431
-1.821	0.0162976
-1.82	0.0163484
-1.819	0.0163955
-1.818	0.0164389
-1.817	0.0164784
-1.816	0.0165142
-1.815	0.0165461
-1.814	0.0165742
-1.813	0.0165985
-1.812	0.0166189
-1.811	0.0166356
-1.81	0.0166484
-1.809	0.0166575
-1.808	0.0166628
-1.807	0.0166643
-1.806	0.0166622
-1.805	0.0166563
-1.804	0.0166469
-1.803	0.0166339
-1.802	0.0166174
-1.801	0.0165974
-1.8	0.016574
-1.799	0.0165473
-1.798	0.0165174
-1.797	0.0164843
-1.796	0.0164481
-1.795	0.0164089
-1.794	0.0163668
-1.793	0.016322
-1.792	0.0162743
-1.791	0.0162241
-1.79	0.0161714
-1.789	0.0161162
-1.788	0.0160588
-1.787	0.0159993
-1.786	0.0159376
-1.785	0.0158741
-1.784	0.0158087
-1.783	0.0157417
-1.782	0.0156732
-1.781	0.0156032
-1.78	0.015532
-1.779	0.0154597
-1.778	0.0153863
-1.777	0.0153121
-1.776	0.0152372
-1.775	0.0151618
-1.774	0.0150859
-1.773	0.0150097
-1.772	0.0149333
-1.771	0.014857
-1.77	0.0147808
-1.769	0.0147049
-1.768	0.0146294
-1.767	0.0145546
-1.766	0.0144804
-1.765	0.0144071
-1.764	0.0143348
-1.763	0.0142637
-1.762	0.0141938
-1.761	0.0141253
-1.76	0.0140584
-1.759	0.0139932
-1.758	0.0139298
-1.757	0.0138683
-1.756	0.0138089
-1.755	0.0137517
-1.754	0.0136968
-1.753	0.0136443
-1.752	0.0135944
-1.751	0.0135471
-1.75	0.0135025
-1.749	0.0134608
-1.748	0.013422
-1.747	0.0133863
-1.746	0.0133537
-1.745	0.0133244
-1.744	0.0132983
-1.743	0.0132756
-1.742	0.0132564
-1.741	0.0132407
-1.74	0.0132286
-1.739	0.0132201
-1.738	0.0132152
-1.737	0.0132142
-1.736	0.0132169
-1.735	0.0132235
-1.734	0.0132338
-1.733	0.0132481
-1.732	0.0132662
-1.731	0.0132884
-1.73	0.0133144
-1.729	0.0133444
-1.728	0.0133782
-1.727	0.0134161
-1.726	0.0134578
-1.725	0.0135034
-1.724	0.013553
-1.723	0.0136064
-1.722	0.0136636
-1.721	0.0137246
-1.72	0.0137894
-1.719	0.0138578
-1.718	0.0139299
-1.717	0.0140056
-1.716	0.0140849
-1.715	0.0141676
-1.714	0.0142537
-1.713	0.0143431
-1.712	0.0144358
-1.711	0.0145316
-1.71	0.0146305
-1.709	0.0147323
-1.708	0.014837
-1.707	0.0149445
-1.706	0.0150547
-1.705	0.0151675
-1.704	0.0152826
-1.703	0.0154001
-1.702	0.0155199
-1.701	0.0156416
-1.7	0.0157655
-1.699	0.0158911
-1.698	0.0160185
-1.697	0.0161473
-1.696	0.0162777
-1.695	0.0164094
-1.694	0.0165423
-1.693	0.0166762
-1.692	0.016811
-1.691	0.0169466
-1.69	0.0170827
-1.689	0.0172193
-1.688	0.0173563
-1.687	0.0174935
-1.686	0.0176307
-1.685	0.0177677
-1.684	0.0179046
-1.683	0.018041
-1.682	0.0181769
-1.681	0.0183122
-1.68	0.0184466
-1.679	0.01858
-1.678	0.0187124
-1.677	0.0188435
-1.676	0.0189733
-1.675	0.0191016
-1.674	0.0192282
-1.673	0.0193531
-1.672	0.0194761
-1.671	0.019597
-1.67	0.0197159
-1.669	0.0198325
-1.668	0.0199468
-1.667	0.0200585
-1.666	0.0201678
-1.665	0.0202743
-1.664	0.020378
-1.663	0.0204789
-1.662	0.0205768
-1.661	0.0206716
-1.66	0.0207633
-1.659	0.0208519
-1.658	0.020937
-1.657	0.0210189
-1.656	0.0210972
-1.655	0.0211722
-1.654	0.0212436
-1.653	0.0213114
-1.652	0.0213756
-1.651	0.021436
-1.65	0.0214928
-1.649	0.0215458
-1.648	0.0215951
-1.647	0.0216406
-1.646	0.0216822
-1.645	0.0217201
-1.644	0.0217542
-1.643	0.0217845
-1.642	0.0218109
-1.641	0.0218336
-1.64	0.0218525
-1.639	0.0218677
-1.638	0.0218791
-1.637	0.0218869
-1.636	0.021891
-1.635	0.0218916
-1.634	0.0218886
-1.633	0.0218821
-1.632	0.0218721
-1.631	0.0218589
-1.63	0.0218423
-1.629	0.0218224
-1.628	0.0217995
-1.627	0.0217735
-1.626	0.0217445
-1.625	0.0217126
-1.624	0.0216779
-1.623	0.0216406
-1.622	0.0216006
-1.621	0.0215582
-1.62	0.0215134
-1.619	0.0214663
-1.618	0.0214172
-1.617	0.0213659
-1.616	0.0213129
-1.615	0.021258
-1.614	0.0212015
-1.613	0.0211434
-1.612	0.0210841
-1.611	0.0210234
-1.61	0.0209617
-1.609	0.020899
-1.608	0.0208354
-1.607	0.0207712
-1.606	0.0207064
-1.605	0.0206412
-1.604	0.0205758
-1.603	0.0205103
-1.602	0.0204448
-1.601	0.0203794
-1.6	0.0203144
-1.599	0.0202499
-1.598	0.0201859
-1.597	0.0201227
-1.596	0.0200604
-1.595	0.0199991
-1.594	0.019939
-1.593	0.0198802
-1.592	0.0198228
-1.591	0.0197671
-1.59	0.019713
-1.589	0.0196607
-1.588	0.0196104
-1.587	0.0195623
-1.586	0.0195163
-1.585	0.0194727
-1.584	0.0194315
-1.583	0.0193929
-1.582	0.0193569
-1.581	0.0193237
-1.58	0.0192934
-1.579	0.0192661
-1.578	0.0192418
-1.577	0.0192208
-1.576	0.0192028
-1.575	0.0191883
-1.574	0.0191772
-1.573	0.0191696
-1.572	0.0191654
-1.571	0.019165
-1.57	0.0191681
-1.569	0.0191749
-1.568	0.0191856
-1.567	0.0192
-1.566	0.0192183
-1.565	0.0192405
-1.564	0.0192665
-1.563	0.0192965
-1.562	0.0193304
-1.561	0.0193683
-1.56	0.0194101
-1.559	0.0194559
-1.558	0.0195057
-1.557	0.0195593
-1.556	0.0196169
-1.555	0.0196785
-1.554	0.0197438
-1.553	0.0198131
-1.552	0.0198861
-1.551	0.0199629
-1.55	0.0200435
-1.549	0.0201277
-1.548	0.0202155
-1.547	0.0203069
-1.546	0.0204017
-1.545	0.0205
-1.544	0.0206016
-1.543	0.0207065
-1.542	0.0208145
-1.541	0.0209257
-1.54	0.0210397
-1.539	0.0211568
-1.538	0.0212765
-1.537	0.021399
-1.536	0.0215241
-1.535	0.0216516
-1.534	0.0217815
-1.533	0.0219136
-1.532	0.0220478
-1.531	0.022184
-1.53	0.0223221
-1.529	0.0224619
-1.528	0.0226032
-1.527	0.0227461
-1.526	0.0228903
-1.525	0.0230357
-1.524	0.0231821
-1.523	0.0233295
-1.522	0.0234776
-1.521	0.0236263
-1.52	0.0237756
-1.519	0.0239251
-1.518	0.0240749
-1.517	0.0242247
-1.516	0.0243745
-1.515	0.024524
-1.514	0.0246732
-1.513	0.0248218
-1.512	0.0249697
-1.511	0.0251168
-1.51	0.0252631
-1.509	0.0254082
-1.508	0.0255522
-1.507	0.0256947
-1.506	0.0258358
-1.505	0.0259754
-1.504	0.0261131
-1.503	0.026249
-1.502	0.0263829
-1.501	0.0265147
-1.5	0.0266442
-1.499	0.0267715
-1.498	0.0268962
-1.497	0.0270184
-1.496	0.027138
-1.495	0.0272548
-1.494	0.0273687
-1.493	0.0274797
-1.492	0.0275876
-1.491	0.0276925
-1.49	0.0277941
-1.489	0.0278925
-1.488	0.0279875
-1.487	0.0280792
-1.486	0.0281673
-1.485	0.028252
-1.484	0.0283332
-1.483	0.0284106
-1.482	0.0284844
-1.481	0.0285546
-1.48	0.028621
-1.479	0.0286837
-1.478	0.0287426
-1.477	0.0287978
-1.476	0.0288491
-1.475	0.0288967
-1.474	0.0289405
-1.473	0.0289806
-1.472	0.0290169
-1.471	0.0290495
-1.47	0.0290783
-1.469	0.0291034
-1.468	0.0291249
-1.467	0.0291428
-1.466	0.0291572
-1.465	0.029168
-1.464	0.0291753
-1.463	0.0291793
-1.462	0.0291799
-1.461	0.0291773
-1.46	0.0291714
-1.459	0.0291625
-1.458	0.0291505
-1.457	0.0291355
-1.456	0.0291178
-1.455	0.0290972
-1.454	0.029074
-1.453	0.0290483
-1.452	0.0290201
-1.451	0.0289896
-1.45	0.0289569
-1.449	0.0289219
-1.448	0.0288852
-1.447	0.0288465
-1.446	0.028806
-1.445	0.028764
-1.444	0.0287205
-1.443	0.0286756
-1.442	0.0286296
-1.441	0.0285825
-1.44	0.0285344
-1.439	0.0284855
-1.438	0.028436
-1.437	0.028386
-1.436	0.0283357
-1.435	0.0282851
-1.434	0.0282344
-1.433	0.0281838
-1.432	0.0281333
-1.431	0.0280833
-1.43	0.0280338
-1.429	0.0279849
-1.428	0.0279367
-1.427	0.0278895
-1.426	0.0278433
-1.425	0.0277985
-1.424	0.0277549
-1.423	0.0277128
-1.422	0.0276722
-1.421	0.0276335
-1.42	0.0275966
-1.419	0.0275617
-1.418	0.027529
-1.417	0.0274985
-1.416	0.0274703
-1.415	0.0274446
-1.414	0.0274215
-1.413	0.0274012
-1.412	0.0273837
-1.411	0.027369
-1.41	0.0273573
-1.409	0.0273488
-1.408	0.0273435
-1.407	0.0273414
-1.406	0.0273427
-1.405	0.0273474
-1.404	0.0273556
-1.403	0.0273675
-1.402	0.0273829
-1.401	0.027402
-1.4	0.0274249
-1.399	0.0274515
-1.398	0.027482
-1.397	0.0275164
-1.396	0.0275546
-1.395	0.0275968
-1.394	0.027643
-1.393	0.0276931
-1.392	0.0277473
-1.391	0.0278053
-1.39	0.0278674
-1.389	0.0279335
-1.388	0.0280035
-1.387	0.0280775
-1.386	0.0281554
-1.385	0.0282372
-1.384	0.0283229
-1.383	0.0284124
-1.382	0.0285057
-1.381	0.0286028
-1.38	0.0287036
-1.379	0.028808
-1.378	0.028916
-1.377	0.0290274
-1.376	0.0291424
-1.375	0.0292607
-1.374	0.0293823
-1.373	0.0295071
-1.372	0.0296349
-1.371	0.0297659
-1.37	0.0298996
-1.369	0.0300363
-1.368	0.0301757
-1.367	0.0303176
-1.366	0.030462
-1.365	0.0306089
-1.364	0.030758
-1.363	0.0309092
-1.362	0.0310624
-1.361	0.0312175
-1.36	0.0313744
-1.359	0.0315329
-1.358	0.0316928
-1.357	0.0318541
-1.356	0.0320167
-1.355	0.0321803
-1.354	0.0323449
-1.353	0.0325103
-1.352	0.0326763
-1.351	0.0328428
-1.35	0.0330097
-1.349	0.0331769
-1.348	0.0333441
-1.347	0.0335112
-1.346	0.0336782
-1.345	0.0338447
-1.344	0.0340109
-1.343	0.0341763
-1.342	0.0343411
-1.341	0.0345048
-1.34	0.0346676
-1.339	0.0348291
-1.338	0.0349894
-1.337	0.0351481
-1.336	0.0353054
-1.335	0.0354609
-1.334	0.0356144
-1.333	0.0357661
-1.332	0.0359158
-1.331	0.0360632
-1.33	0.0362083
-1.329	0.036351
-1.328	0.0364911
-1.327	0.0366287
-1.326	0.0367635
-1.325	0.0368955
-1.324	0.0370245
-1.323	0.0371506
-1.322	0.0372735
-1.321	0.0373934
-1.32	0.03751
-1.319	0.0376233
-1.318	0.037733
-1.317	0.0378396
-1.316	0.0379426
-1.315	0.0380421
-1.314	0.0381379
-1.313	0.0382302
-1.312	0.0383188
-1.311	0.0384038
-1.31	0.038485
-1.309	0.0385625
-1.308	0.0386363
-1.307	0.0387064
-1.306	0.0387727
-1.305	0.0388352
-1.304	0.0388941
-1.303	0.0389492
-1.302	0.0390006
-1.301	0.0390483
-1.3	0.0390924
-1.299	0.0391329
-1.298	0.0391698
-1.297	0.0392032
-1.296	0.0392331
-1.295	0.0392596
-1.294	0.0392827
-1.293	0.0393026
-1.292	0.0393192
-1.291	0.0393327
-1.29	0.0393431
-1.289	0.0393505
-1.288	0.039355
-1.287	0.0393567
-1.286	0.0393557
-1.285	0.0393521
-1.284	0.039346
-1.283	0.0393374
-1.282	0.0393266
-1.281	0.0393136
-1.28	0.0392985
-1.279	0.0392815
-1.278	0.0392628
-1.277	0.0392423
-1.276	0.0392202
-1.275	0.0391967
-1.274	0.0391719
-1.273	0.039146
-1.272	0.0391191
-1.271	0.0390912
-1.27	0.0390626
-1.269	0.0390334
-1.268	0.0390038
-1.267	0.0389738
-1.266	0.0389437
-1.265	0.0389134
-1.264	0.0388834
-1.263	0.0388535
-1.262	0.0388241
-1.261	0.0387952
-1.26	0.0387671
-1.259	0.0387397
-1.258	0.0387133
-1.257	0.038688
-1.256	0.038664
-1.255	0.0386414
-1.254	0.0386202
-1.253	0.0386007
-1.252	0.0385831
-1.251	0.0385673
-1.25	0.0385536
-1.249	0.0385421
-1.248	0.0385329
-1.247	0.038526
-1.246	0.0385217
-1.245	0.03852
-1.244	0.0385212
-1.243	0.0385251
-1.242	0.0385319
-1.241	0.0385418
-1.24	0.038555
-1.239	0.0385713
-1.238	0.0385909
-1.237	0.0386138
-1.236	0.0386404
-1.235	0.0386704
-1.234	0.0387041
-1.233	0.0387414
-1.232	0.0387825
-1.231	0.0388274
-1.23	0.0388761
-1.229	0.0389286
-1.228	0.0389852
-1.227	0.0390455
-1.226	0.0391099
-1.225	0.0391783
-1.224	0.0392508
-1.223	0.0393271
-1.222	0.0394076
-1.221	0.039492
-1.22	0.0395805
-1.219	0.039673
-1.218	0.0397694
-1.217	0.0398699
-1.216	0.0399743
-1.215	0.0400826
-1.214	0.0401947
-1.213	0.0403107
-1.212	0.0404305
-1.211	0.0405541
-1.21	0.0406813
-1.209	0.0408121
-1.208	0.0409464
-1.207	0.0410843
-1.206	0.0412255
-1.205	0.0413701
-1.204	0.0415178
-1.203	0.0416687
-1.202	0.0418227
-1.201	0.0419797
-1.2	0.0421394
-1.199	0.0423019
-1.198	0.042467
-1.197	0.0426347
-1.196	0.0428049
-1.195	0.0429773
-1.194	0.0431517
-1.193	0.0433283
-1.192	0.043507
-1.191	0.0436872
-1.19	0.0438692
-1.189	0.0440526
-1.188	0.0442376
-1.187	0.0444237
-1.186	0.044611
-1.185	0.0447992
-1.184	0.0449883
-1.183	0.045178
-1.182	0.0453683
-1.181	0.045559
-1.18	0.0457501
-1.179	0.0459411
-1.178	0.0461322
-1.177	0.0463231
-1.176	0.0465137
-1.175	0.0467039
-1.174	0.0468934
-1.173	0.0470822
-1.172	0.0472703
-1.171	0.0474572
-1.17	0.0476429
-1.169	0.0478274
-1.168	0.0480107
-1.167	0.0481922
-1.166	0.048372
-1.165	0.04855
-1.164	0.0487264
-1.163	0.0489005
-1.162	0.0490725
-1.161	0.0492422
-1.16	0.0494095
-1.159	0.0495745
-1.158	0.0497368
-1.157	0.0498963
-1.156	0.0500532
-1.155	0.0502072
-1.154	0.0503582
-1.153	0.0505061
-1.152	0.0506511
-1.151	0.0507927
-1.15	0.0509311
-1.149	0.0510662
-1.148	0.0511979
-1.147	0.0513262
-1.146	0.051451
-1.145	0.0515723
-1.144	0.05169
-1.143	0.0518041
-1.142	0.0519146
-1.141	0.0520215
-1.14	0.0521247
-1.139	0.0522242
-1.138	0.05232
-1.137	0.0524121
-1.136	0.0525006
-1.135	0.0525854
-1.134	0.0526665
-1.133	0.0527439
-1.132	0.0528177
-1.131	0.052888
-1.13	0.0529547
-1.129	0.0530179
-1.128	0.0530776
-1.127	0.0531339
-1.126	0.0531868
-1.125	0.0532365
-1.124	0.053283
-1.123	0.0533262
-1.122	0.0533662
-1.121	0.0534034
-1.12	0.0534377
-1.119	0.053469
-1.118	0.0534976
-1.117	0.0535236
-1.116	0.0535471
-1.115	0.0535681
-1.114	0.0535867
-1.113	0.0536032
-1.112	0.0536173
-1.111	0.0536298
-1.11	0.0536402
-1.109	0.0536488
-1.108	0.0536559
-1.107	0.0536615
-1.106	0.0536655
-1.105	0.0536685
-1.104	0.0536705
-1.103	0.0536713
-1.102	0.0536714
-1.101	0.0536707
-1.1	0.0536695
-1.099	0.053668
-1.098	0.0536661
-1.097	0.0536643
-1.096	0.0536622
-1.095	0.0536606
-1.094	0.0536592
-1.093	0.0536581
-1.092	0.0536579
-1.091	0.0536582
-1.09	0.0536595
-1.089	0.0536618
-1.088	0.0536653
-1.087	0.0536701
-1.086	0.0536764
-1.085	0.0536842
-1.084	0.0536937
-1.083	0.0537051
-1.082	0.0537186
-1.081	0.053734
-1.08	0.0537517
-1.079	0.0537718
-1.078	0.0537943
-1.077	0.0538195
-1.076	0.0538474
-1.075	0.0538779
-1.074	0.0539114
-1.073	0.053948
-1.072	0.0539877
-1.071	0.0540305
-1.07	0.0540766
-1.069	0.0541261
-1.068	0.054179
-1.067	0.0542356
-1.066	0.0542957
-1.065	0.0543595
-1.064	0.054427
-1.063	0.0544983
-1.062	0.0545734
-1.061	0.0546524
-1.06	0.0547354
-1.059	0.0548223
-1.058	0.0549132
-1.057	0.0550082
-1.056	0.0551072
-1.055	0.0552101
-1.054	0.0553173
-1.053	0.0554285
-1.052	0.0555437
-1.051	0.055663
-1.05	0.0557864
-1.049	0.0559139
-1.048	0.0560453
-1.047	0.0561807
-1.046	0.0563201
-1.045	0.0564633
-1.044	0.0566107
-1.043	0.0567616
-1.042	0.0569165
-1.041	0.057075
-1.04	0.0572373
-1.039	0.057403
-1.038	0.0575724
-1.037	0.0577451
-1.036	0.0579212
-1.035	0.0581006
-1.034	0.0582833
-1.033	0.058469
-1.032	0.0586577
-1.031	0.0588493
-1.03	0.0590437
-1.029	0.0592407
-1.028	0.0594405
-1.027	0.0596426
-1.026	0.059847
-1.025	0.0600537
-1.024	0.0602625
-1.023	0.0604732
-1.022	0.0606858
-1.021	0.0609
-1.02	0.0611159
-1.019	0.0613332
-1.018	0.0615517
-1.017	0.0617715
-1.016	0.0619923
-1.015	0.062214
-1.014	0.0624364
-1.013	0.0626594
-1.012	0.0628829
-1.011	0.0631068
-1.01	0.0633307
-1.009	0.0635547
-1.008	0.0637785
-1.007	0.0640021
-1.006	0.0642254
-1.005	0.0644481
-1.004	0.0646701
-1.003	0.0648913
-1.002	0.0651115
-1.001	0.0653307
-1	0.0655486
-0.999	0.0657652
-0.998	0.0659803
-0.997	0.0661937
-0.996	0.0664054
-0.995	0.0666154
-0.994	0.0668232
-0.993	0.0670292
-0.992	0.0672327
-0.991	0.0674339
-0.99	0.0676329
-0.989	0.0678294
-0.988	0.068023
-0.987	0.0682141
-0.986	0.0684023
-0.985	0.0685877
-0.984	0.06877
-0.983	0.0689494
-0.982	0.0691256
-0.981	0.0692985
-0.98	0.0694684
-0.979	0.0696349
-0.978	0.069798
-0.977	0.0699579
-0.976	0.070114
-0.975	0.0702668
-0.974	0.0704161
-0.973	0.0705618
-0.972	0.0707039
-0.971	0.0708425
-0.97	0.0709773
-0.969	0.0711087
-0.968	0.0712364
-0.967	0.0713605
-0.966	0.0714811
-0.965	0.071598
-0.964	0.0717113
-0.963	0.0718212
-0.962	0.0719276
-0.961	0.0720304
-0.96	0.0721299
-0.959	0.0722258
-0.958	0.0723186
-0.957	0.072408
-0.956	0.0724942
-0.955	0.0725773
-0.954	0.0726573
-0.953	0.0727343
-0.952	0.0728085
-0.951	0.0728796
-0.95	0.0729481
-0.949	0.0730139
-0.948	0.0730771
-0.947	0.073138
-0.946	0.0731963
-0.945	0.0732526
-0.944	0.0733066
-0.943	0.0733586
-0.942	0.0734087
-0.941	0.0734571
-0.94	0.0735038
-0.939	0.0735488
-0.938	0.0735925
-0.937	0.0736349
-0.936	0.0736763
-0.935	0.0737165
-0.934	0.0737559
-0.933	0.0737946
-0.932	0.0738326
-0.931	0.0738702
-0.93	0.0739076
-0.929	0.0739446
-0.928	0.0739817
-0.927	0.0740189
-0.926	0.0740564
-0.925	0.0740942
-0.924	0.0741326
-0.923	0.0741717
-0.922	0.0742118
-0.921	0.0742526
-0.92	0.0742947
-0.919	0.074338
-0.918	0.0743827
-0.917	0.074429
-0.916	0.0744768
-0.915	0.0745264
-0.914	0.074578
-0.913	0.0746317
-0.912	0.0746876
-0.911	0.0747456
-0.91	0.0748063
-0.909	0.0748694
-0.908	0.0749352
-0.907	0.0750039
-0.906	0.0750752
-0.905	0.0751497
-0.904	0.0752272
-0.903	0.0753078
-0.902	0.075392
-0.901	0.0754793
-0.9	0.0755701
-0.899	0.0756644
-0.898	0.0757623
-0.897	0.075864
-0.896	0.0759693
-0.895	0.0760784
-0.894	0.0761913
-0.893	0.0763083
-0.892	0.0764292
-0.891	0.0765541
-0.89	0.0766829
-0.889	0.0768159
-0.888	0.076953
-0.887	0.077094
-0.886	0.0772394
-0.885	0.077389
-0.884	0.0775424
-0.883	0.0777003
-0.882	0.077862
-0.881	0.078028
-0.88	0.0781981
-0.879	0.0783722
-0.878	0.0785504
-0.877	0.0787327
-0.876	0.0789189
-0.875	0.0791091
-0.874	0.079303
-0.873	0.0795011
-0.872	0.0797028
-0.871	0.0799082
-0.87	0.0801173
-0.869	0.0803299
-0.868	0.0805461
-0.867	0.0807657
-0.866	0.0809887
-0.865	0.0812149
-0.864	0.0814442
-0.863	0.0816767
-0.862	0.081912
-0.861	0.0821503
-0.86	0.0823912
-0.859	0.0826349
-0.858	0.082881
-0.857	0.0831296
-0.856	0.0833804
-0.855	0.0836333
-0.854	0.0838884
-0.853	0.0841453
-0.852	0.0844039
-0.851	0.0846642
-0.85	0.0849262
-0.849	0.0851893
-0.848	0.0854538
-0.847	0.0857192
-0.846	0.0859858
-0.845	0.0862532
-0.844	0.0865211
-0.843	0.0867896
-0.842	0.0870585
-0.841	0.0873277
-0.84	0.0875969
-0.839	0.087866
-0.838	0.0881351
-0.837	0.0884038
-0.836	0.088672
-0.835	0.0889395
-0.834	0.0892065
-0.833	0.0894723
-0.832	0.0897375
-0.831	0.0900013
-0.83	0.0902639
-0.829	0.0905251
-0.828	0.0907846
-0.827	0.0910425
-0.826	0.0912988
-0.825	0.0915533
-0.824	0.0918056
-0.823	0.0920556
-0.822	0.0923037
-0.821	0.0925494
-0.82	0.0927927
-0.819	0.0930333
-0.818	0.0932714
-0.817	0.0935067
-0.816	0.0937396
-0.815	0.0939693
-0.814	0.0941958
-0.813	0.0944198
-0.812	0.0946404
-0.811	0.0948578
-0.81	0.0950722
-0.809	0.0952832
-0.808	0.0954911
-0.807	0.0956954
-0.806	0.0958965
-0.805	0.0960942
-0.804	0.0962884
-0.803	0.096479
-0.802	0.0966663
-0.801	0.09685
-0.8	0.0970303
-0.799	0.097207
-0.798	0.0973803
-0.797	0.0975503
-0.796	0.0977166
-0.795	0.0978794
-0.794	0.0980388
-0.793	0.0981949
-0.792	0.0983478
-0.791	0.0984972
-0.79	0.0986433
-0.789	0.0987863
-0.788	0.0989261
-0.787	0.0990628
-0.786	0.0991967
-0.785	0.0993273
-0.784	0.0994553
-0.783	0.0995803
-0.782	0.0997027
-0.781	0.0998226
-0.78	0.0999396
-0.779	0.100055
-0.778	0.100167
-0.777	0.100277
-0.776	0.100385
-0.775	0.100491
-0.774	0.100596
-0.773	0.100698
-0.772	0.100799
-0.771	0.100898
-0.77	0.100996
-0.769	0.101092
-0.768	0.101188
-0.767	0.101282
-0.766	0.101375
-0.765	0.101469
-0.764	0.101561
-0.763	0.101652
-0.762	0.101743
-0.761	0.101835
-0.76	0.101926
-0.759	0.102017
-0.758	0.102109
-0.757	0.1022
-0.756	0.102293
-0.755	0.102386
-0.754	0.10248
-0.753	0.102575
-0.752	0.10267
-0.751	0.102767
-0.75	0.102866
-0.749	0.102966
-0.748	0.103068
-0.747	0.103171
-0.746	0.103276
-0.745	0.103384
-0.744	0.103493
-0.743	0.103605
-0.742	0.103719
-0.741	0.103836
-0.74	0.103956
-0.739	0.104078
-0.738	0.104203
-0.737	0.104331
-0.736	0.104462
-0.735	0.104597
-0.734	0.104735
-0.733	0.104876
-0.732	0.10502
-0.731	0.105168
-0.73	0.10532
-0.729	0.105475
-0.728	0.105634
-0.727	0.105797
-0.726	0.105964
-0.725	0.106135
-0.724	0.10631
-0.723	0.106488
-0.722	0.106671
-0.721	0.106858
-0.72	0.107049
-0.719	0.107245
-0.718	0.107444
-0.717	0.107648
-0.716	0.107856
-0.715	0.108068
-0.714	0.108285
-0.713	0.108505
-0.712	0.10873
-0.711	0.108959
-0.71	0.109192
-0.709	0.109429
-0.708	0.10967
-0.707	0.109916
-0.706	0.110165
-0.705	0.110419
-0.704	0.110676
-0.703	0.110937
-0.702	0.111202
-0.701	0.111471
-0.7	0.111743
-0.699	0.112019
-0.698	0.112298
-0.697	0.112581
-0.696	0.112867
-0.695	0.113156
-0.694	0.113449
-0.693	0.113744
-0.692	0.114043
-0.691	0.114344
-0.69	0.114648
-0.689	0.114955
-0.688	0.115264
-0.687	0.115575
-0.686	0.115889
-0.685	0.116205
-0.684	0.116522
-0.683	0.116842
-0.682	0.117163
-0.681	0.117486
-0.68	0.117811
-0.679	0.118136
-0.678	0.118463
-0.677	0.118791
-0.676	0.11912
-0.675	0.119449
-0.674	0.119779
-0.673	0.12011
-0.672	0.120441
-0.671	0.120772
-0.67	0.121104
-0.669	0.121435
-0.668	0.121766
-0.667	0.122096
-0.666	0.122426
-0.665	0.122756
-0.664	0.123084
-0.663	0.123412
-0.662	0.123739
-0.661	0.124065
-0.66	0.124389
-0.659	0.124712
-0.658	0.125033
-0.657	0.125353
-0.656	0.125671
-0.655	0.125987
-0.654	0.126301
-0.653	0.126613
-0.652	0.126923
-0.651	0.12723
-0.65	0.127536
-0.649	0.127838
-0.648	0.128139
-0.647	0.128436
-0.646	0.128731
-0.645	0.129023
-0.644	0.129312
-0.643	0.129598
-0.642	0.129881
-0.641	0.130161
-0.64	0.130439
-0.639	0.130712
-0.638	0.130983
-0.637	0.13125
-0.636	0.131515
-0.635	0.131776
-0.634	0.132033
-0.633	0.132288
-0.632	0.132539
-0.631	0.132787
-0.63	0.133031
-0.629	0.133272
-0.628	0.13351
-0.627	0.133745
-0.626	0.133976
-0.625	0.134204
-0.624	0.134429
-0.623	0.134651
-0.622	0.13487
-0.621	0.135085
-0.62	0.135298
-0.619	0.135507
-0.618	0.135714
-0.617	0.135918
-0.616	0.136119
-0.615	0.136318
-0.614	0.136513
-0.613	0.136707
-0.612	0.136897
-0.611	0.137086
-0.61	0.137272
-0.609	0.137457
-0.608	0.137639
-0.607	0.137819
-0.606	0.137997
-0.605	0.138174
-0.604	0.138349
-0.603	0.138523
-0.602	0.138695
-0.601	0.138867
-0.6	0.139036
-0.599	0.139206
-0.598	0.139374
-0.597	0.139541
-0.596	0.139708
-0.595	0.139875
-0.594	0.140041
-0.593	0.140208
-0.592	0.140373
-0.591	0.14054
-0.59	0.140707
-0.589	0.140874
-0.588	0.141041
-0.587	0.141209
-0.586	0.141378
-0.585	0.141549
-0.584	0.14172
-0.583	0.141892
-0.582	0.142066
-0.581	0.142242
-0.58	0.142419
-0.579	0.142598
-0.578	0.142778
-0.577	0.142962
-0.576	0.143146
-0.575	0.143334
-0.574	0.143524
-0.573	0.143716
-0.572	0.143911
-0.571	0.144109
-0.57	0.14431
-0.569	0.144514
-0.568	0.14472
-0.567	0.144931
-0.566	0.145144
-0.565	0.145361
-0.564	0.145581
-0.563	0.145805
-0.562	0.146033
-0.561	0.146264
-0.56	0.146499
-0.559	0.146738
-0.558	0.146981
-0.557	0.147228
-0.556	0.147479
-0.555	0.147734
-0.554	0.147993
-0.553	0.148256
-0.552	0.148524
-0.551	0.148796
-0.55	0.149071
-0.549	0.149352
-0.548	0.149636
-0.547	0.149925
-0.546	0.150219
-0.545	0.150516
-0.544	0.150818
-0.543	0.151123
-0.542	0.151434
-0.541	0.151748
-0.54	0.152067
-0.539	0.15239
-0.538	0.152717
-0.537	0.153048
-0.536	0.153383
-0.535	0.153722
-0.534	0.154065
-0.533	0.154412
-0.532	0.154762
-0.531	0.155117
-0.53	0.155475
-0.529	0.155836
-0.528	0.156201
-0.527	0.15657
-0.526	0.156941
-0.525	0.157316
-0.524	0.157694
-0.523	0.158075
-0.522	0.158459
-0.521	0.158846
-0.52	0.159235
-0.519	0.159627
-0.518	0.160021
-0.517	0.160418
-0.516	0.160817
-0.515	0.161218
-0.514	0.161621
-0.513	0.162025
-0.512	0.162432
-0.511	0.162839
-0.51	0.163249
-0.509	0.163659
-0.508	0.164071
-0.507	0.164484
-0.506	0.164898
-0.505	0.165312
-0.504	0.165727
-0.503	0.166142
-0.502	0.166558
-0.501	0.166974
-0.5	0.16739
-0.499	0.167806
-0.498	0.168221
-0.497	0.168637
-0.496	0.169052
-0.495	0.169466
-0.494	0.169879
-0.493	0.170292
-0.492	0.170704
-0.491	0.171114
-0.49	0.171523
-0.489	0.171931
-0.488	0.172338
-0.487	0.172743
-0.486	0.173146
-0.485	0.173548
-0.484	0.173947
-0.483	0.174345
-0.482	0.17474
-0.481	0.175134
-0.48	0.175525
-0.479	0.175914
-0.478	0.1763
-0.477	0.176684
-0.476	0.177066
-0.475	0.177444
-0.474	0.17782
-0.473	0.178194
-0.472	0.178564
-0.471	0.178932
-0.47	0.179297
-0.469	0.179659
-0.468	0.180018
-0.467	0.180374
-0.466	0.180727
-0.465	0.181077
-0.464	0.181424
-0.463	0.181768
-0.462	0.182109
-0.461	0.182447
-0.46	0.182782
-0.459	0.183114
-0.458	0.183443
-0.457	0.183769
-0.456	0.184092
-0.455	0.184412
-0.454	0.18473
-0.453	0.185045
-0.452	0.185356
-0.451	0.185665
-0.45	0.185972
-0.449	0.186276
-0.448	0.186578
-0.447	0.186876
-0.446	0.187173
-0.445	0.187467
-0.444	0.187759
-0.443	0.188049
-0.442	0.188337
-0.441	0.188623
-0.44	0.188907
-0.439	0.18919
-0.438	0.189471
-0.437	0.18975
-0.436	0.190028
-0.435	0.190305
-0.434	0.190581
-0.433	0.190855
-0.432	0.191129
-0.431	0.191401
-0.43	0.191674
-0.429	0.191945
-0.428	0.192217
-0.427	0.192487
-0.426	0.192758
-0.425	0.193029
-0.424	0.1933
-0.423	0.193571
-0.422	0.193842
-0.421	0.194114
-0.42	0.194387
-0.419	0.194661
-0.418	0.194935
-0.417	0.195211
-0.416	0.195488
-0.415	0.195765
-0.414	0.196076
-0.413	0.196449
-0.412	0.196886
-0.411	0.197388
-0.41	0.197955
-0.409	0.198588
-0.408	0.199286
-0.407	0.200052
-0.406	0.200884
-0.405	0.201783
-0.404	0.20275
-0.403	0.203786
-0.402	0.204888
-0.401	0.206058
-0.4	0.207297
-0.399	0.208604
-0.398	0.209979
-0.397	0.211422
-0.396	0.212933
-0.395	0.214511
-0.394	0.216157
-0.393	0.217871
-0.392	0.21965
-0.391	0.221498
-0.39	0.22341
-0.389	0.225389
-0.388	0.227433
-0.387	0.229542
-0.386	0.231714
-0.385	0.233951
-0.384	0.236249
-0.383	0.238611
-0.382	0.241033
-0.381	0.243516
-0.38	0.246059
-0.379	0.24866
-0.378	0.25132
-0.377	0.254036
-0.376	0.256808
-0.375	0.259635
-0.374	0.262515
-0.373	0.265448
-0.372	0.268433
-0.371	0.271468
-0.37	0.274553
-0.369	0.277684
-0.368	0.280863
-0.367	0.284087
-0.366	0.287355
-0.365	0.290665
-0.364	0.294031
-0.363	0.29747
-0.362	0.300979
-0.361	0.304555
-0.36	0.308198
-0.359	0.311905
-0.358	0.315673
-0.357	0.319505
-0.356	0.323392
-0.355	0.327335
-0.354	0.331336
-0.353	0.335386
-0.352	0.339487
-0.351	0.343637
-0.35	0.347831
-0.349	0.35207
-0.348	0.356351
-0.347	0.360668
-0.346	0.365026
-0.345	0.369417
-0.344	0.37384
-0.343	0.378292
-0.342	0.382774
-0.341	0.38728
-0.34	0.39181
-0.339	0.396361
-0.338	0.400927
-0.337	0.405515
-0.336	0.41011
-0.335	0.414719
-0.334	0.419339
-0.333	0.423961
-0.332	0.42859
-0.331	0.433219
-0.33	0.437847
-0.329	0.442472
-0.328	0.447092
-0.327	0.451703
-0.326	0.456303
-0.325	0.460891
-0.324	0.465462
-0.323	0.470016
-0.322	0.474552
-0.321	0.479062
-0.32	0.483549
-0.319	0.488008
-0.318	0.492437
-0.317	0.496837
-0.316	0.501199
-0.315	0.505525
-0.314	0.509815
-0.313	0.514062
-0.312	0.518267
-0.311	0.522427
-0.31	0.526537
-0.309	0.530599
-0.308	0.534609
-0.307	0.538565
-0.306	0.542465
-0.305	0.546308
-0.304	0.55009
-0.303	0.553808
-0.302	0.557468
-0.301	0.561056
-0.3	0.564581
-0.299	0.568034
-0.298	0.571414
-0.297	0.574726
-0.296	0.577959
-0.295	0.581117
-0.294	0.584198
-0.293	0.587198
-0.292	0.590117
-0.291	0.592954
-0.29	0.595707
-0.289	0.598372
-0.288	0.600953
-0.287	0.603444
-0.286	0.605845
-0.285	0.608157
-0.284	0.610375
-0.283	0.612501
-0.282	0.614535
-0.281	0.616468
-0.28	0.61831
-0.279	0.620053
-0.278	0.621697
-0.277	0.623244
-0.276	0.62469
-0.275	0.626036
-0.274	0.627281
-0.273	0.628424
-0.272	0.629465
-0.271	0.630404
-0.27	0.631239
-0.269	0.631969
-0.268	0.632597
-0.267	0.63312
-0.266	0.633537
-0.265	0.633854
-0.264	0.634061
-0.263	0.634164
-0.262	0.634166
-0.261	0.634058
-0.26	0.633849
-0.259	0.633534
-0.258	0.633114
-0.257	0.632592
-0.256	0.631964
-0.255	0.631234
-0.254	0.6304
-0.253	0.629464
-0.252	0.628426
-0.251	0.627286
-0.25	0.626048
-0.249	0.624706
-0.248	0.623268
-0.247	0.62173
-0.246	0.620092
-0.245	0.618364
-0.244	0.616533
-0.243	0.614611
-0.242	0.612597
-0.241	0.610486
-0.24	0.608286
-0.239	0.605997
-0.238	0.603617
-0.237	0.60115
-0.236	0.598598
-0.235	0.59596
-0.234	0.593238
-0.233	0.590437
-0.232	0.587552
-0.231	0.58459
-0.23	0.581552
-0.229	0.578435
-0.228	0.575247
-0.227	0.571987
-0.226	0.568655
-0.225	0.565257
-0.224	0.56179
-0.223	0.558258
-0.222	0.554666
-0.221	0.55101
-0.22	0.547297
-0.219	0.543527
-0.218	0.539701
-0.217	0.535824
-0.216	0.531895
-0.215	0.527917
-0.214	0.523894
-0.213	0.519827
-0.212	0.515716
-0.211	0.511566
-0.21	0.507382
-0.209	0.503157
-0.208	0.498904
-0.207	0.494618
-0.206	0.490301
-0.205	0.485964
-0.204	0.481599
-0.203	0.477213
-0.202	0.472811
-0.201	0.468389
-0.2	0.463955
-0.199	0.459509
-0.198	0.455053
-0.197	0.450591
-0.196	0.446124
-0.195	0.441655
-0.194	0.437185
-0.193	0.43272
-0.192	0.428258
-0.191	0.423804
-0.19	0.419362
-0.189	0.41493
-0.188	0.410515
-0.187	0.406116
-0.186	0.401736
-0.185	0.397379
-0.184	0.393046
-0.183	0.388739
-0.182	0.384462
-0.181	0.380216
-0.18	0.376003
-0.179	0.371827
-0.178	0.367687
-0.177	0.363589
-0.176	0.359533
-0.175	0.355523
-0.174	0.351558
-0.173	0.347644
-0.172	0.34378
-0.171	0.339969
-0.17	0.336215
-0.169	0.332517
-0.168	0.328879
-0.167	0.325303
-0.166	0.32179
-0.165	0.318341
-0.164	0.314961
-0.163	0.31165
-0.162	0.308408
-0.161	0.30524
-0.16	0.302146
-0.159	0.299127
-0.158	0.296187
-0.157	0.293326
-0.156	0.290545
-0.155	0.287846
-0.154	0.285232
-0.153	0.282703
-0.152	0.28026
-0.151	0.277906
-0.15	0.27564
-0.149	0.273465
-0.148	0.271382
-0.147	0.269391
-0.146	0.267495
-0.145	0.265693
-0.144	0.263988
-0.143	0.262379
-0.142	0.260868
-0.141	0.259456
-0.14	0.258143
-0.139	0.256931
-0.138	0.25582
-0.137	0.254809
-0.136	0.253901
-0.135	0.253097
-0.134	0.252394
-0.133	0.251795
-0.132	0.251301
-0.131	0.25091
-0.13	0.250624
-0.129	0.250442
-0.128	0.250365
-0.127	0.250394
-0.126	0.250527
-0.125	0.250764
-0.124	0.251107
-0.123	0.251554
-0.122	0.252106
-0.121	0.252761
-0.12	0.253521
-0.119	0.254385
-0.118	0.255351
-0.117	0.25642
-0.116	0.257591
-0.115	0.258863
-0.114	0.260237
-0.113	0.26171
-0.112	0.263284
-0.111	0.264956
-0.11	0.266725
-0.109	0.268592
-0.108	0.270554
-0.107	0.272612
-0.106	0.274763
-0.105	0.277007
-0.104	0.279344
-0.103	0.28177
-0.102	0.284286
-0.101	0.286889
-0.1	0.289579
