-4	0
-3.999	0
-3.998	0
-3.997	0
-3.996	0
-3.995	0
-3.994	0
-3.993	0
-3.992	0
-3.991	0
-3.99	0
-3.989	0
-3.988	0
-3.987	0
-3.986	0
-3.985	0
-3.984	0
-3.983	0
-3.982	0
-3.981	0
-3.98	0
-3.979	0
-3.978	0
-3.977	0
-3.976	0
-3.975	0
-3.974	0
-3.973	0
-3.972	0
-3.971	0
-3.97	0
-3.969	0
-3.968	0
-3.967	0
-3.966	0
-3.965	0
-3.964	0
-3.963	0
-3.962	0
-3.961	0
-3.96	0
-3.959	0
-3.958	0
-3.957	0
-3.956	0
-3.955	0
-3.954	0
-3.953	0
-3.952	0
-3.951	0
-3.95	0
-3.949	0
-3.948	0
-3.947	0
-3.946	0
-3.945	0
-3.944	0
-3.943	0
-3.942	0
-3.941	0
-3.94	0
-3.939	0
-3.938	0
-3.937	0
-3.936	0
-3.935	0
-3.934	0
-3.933	0
-3.932	0
-3.931	0
-3.93	0
-3.929	0
-3.928	0
-3.927	0
-3.926	0
-3.925	0
-3.924	0
-3.923	0
-3.922	0
-3.921	0
-3.92	0
-3.919	0
-3.918	0
-3.917	0
-3.916	0
-3.915	0
-3.914	0
-3.913	0
-3.912	0
-3.911	0
-3.91	0
-3.909	0
-3.908	0
-3.907	0
-3.906	0
-3.905	0
-3.904	0
-3.903	0
-3.902	0
-3.901	0
-3.9	0
-3.899	0
-3.898	0
-3.897	0
-3.896	0
-3.895	0
-3.894	0
-3.893	0
-3.892	0
-3.891	0
-3.89	0
-3.889	0
-3.888	0
-3.887	0
-3.886	0
-3.885	0
-3.884	0
-3.883	0
-3.882	0
-3.881	0
-3.88	0
-3.879	0
-3.878	0
-3.877	0
-3.876	0
-3.875	0
-3.874	0
-3.873	0
-3.872	0
-3.871	0
-3.87	0
-3.869	0
-3.868	0
-3.867	0
-3.866	0
-3.865	0
-3.864	0
-3.863	0
-3.862	0
-3.861	0
-3.86	0
-3.859	0
-3.858	0
-3.857	0
-3.856	0
-3.855	0
-3.854	0
-3.853	0
-3.852	0
-3.851	0
-3.85	0
-3.849	0
-3.848	0
-3.847	0
-3.846	0
-3.845	0
-3.844	0
-3.843	0
-3.842	0
-3.841	0
-3.84	0
-3.839	0
-3.838	0
-3.837	0
-3.836	0
-3.835	0
-3.834	0
-3.833	0
-3.832	0
-3.831	0
-3.83	0
-3.829	0
-3.828	0
-3.827	0
-3.826	0
-3.825	0
-3.824	0
-3.823	0
-3.822	0
-3.821	0
-3.82	0
-3.819	0
-3.818	0
-3.817	0
-3.816	0
-3.815	0
-3.814	0
-3.813	0
-3.812	0
-3.811	0
-3.81	0
-3.809	0
-3.808	0
-3.807	0
-3.806	0
-3.805	0
-3.804	0
-3.803	0
-3.802	0
-3.801	0
-3.8	0
-3.799	0
-3.798	0
-3.797	0
-3.796	0
-3.795	0
-3.794	0
-3.793	0
-3.792	0
-3.791	0
-3.79	0
-3.789	0
-3.788	0
-3.787	0
-3.786	0
-3.785	0
-3.784	0
-3.783	0
-3.782	0
-3.781	0
-3.78	0
-3.779	0
-3.778	0
-3.777	0
-3.776	0
-3.775	0
-3.774	0
-3.773	0
-3.772	0
-3.771	0
-3.77	0
-3.769	0
-3.768	0
-3.767	0
-3.766	0
-3.765	0
-3.764	0
-3.763	0
-3.762	0
-3.761	0
-3.76	0
-3.759	0
-3.758	0
-3.757	0
-3.756	0
-3.755	0
-3.754	0
-3.753	0
-3.752	0
-3.751	0
-3.75	0
-3.749	0
-3.748	0
-3.747	0
-3.746	0
-3.745	0
-3.744	0
-3.743	0
-3.742	0
-3.741	0
-3.74	0
-3.739	0
-3.738	0
-3.737	0
-3.736	0
-3.735	0
-3.734	0
-3.733	0
-3.732	0
-3.731	0
-3.73	0
-3.729	0
-3.728	0
-3.727	0
-3.726	0
-3.725	0
-3.724	0
-3.723	0
-3.722	0
-3.721	0
-3.72	0
-3.719	0
-3.718	0
-3.717	0
-3.716	0
-3.715	0
-3.714	0
-3.713	0
-3.712	0
-3.711	0
-3.71	0
-3.709	0
-3.708	0
-3.707	0
-3.706	0
-3.705	0
-3.704	0
-3.703	0
-3.702	0
-3.701	0
-3.7	0
-3.699	0
-3.698	0
-3.697	0
-3.696	0
-3.695	0
-3.694	0
-3.693	0
-3.692	0
-3.691	0
-3.69	0
-3.689	0
-3.688	0
-3.687	0
-3.686	0
-3.685	0
-3.684	0
-3.683	0
-3.682	0
-3.681	0
-3.68	0
-3.679	0
-3.678	0
-3.677	0
-3.676	0
-3.675	0
-3.674	0
-3.673	0
-3.672	0
-3.671	0
-3.67	0
-3.669	0
-3.668	0
-3.667	0
-3.666	0
-3.665	0
-3.664	0
-3.663	0
-3.662	0
-3.661	0
-3.66	0
-3.659	0
-3.658	0
-3.657	0
-3.656	0
-3.655	0
-3.654	0
-3.653	0
-3.652	0
-3.651	0
-3.65	0
-3.649	0
-3.648	0
-3.647	0
-3.646	0
-3.645	0
-3.644	0
-3.643	0
-3.642	0
-3.641	0
-3.64	0
-3.639	0
-3.638	0
-3.637	0
-3.636	0
-3.635	0
-3.634	0
-3.633	0
-3.632	0
-3.631	0
-3.63	0
-3.629	0
-3.628	0
-3.627	0
-3.626	0
-3.625	0
-3.624	0
-3.623	0
-3.622	0
-3.621	0
-3.62	0
-3.619	0
-3.618	0
-3.617	0
-3.616	0
-3.615	0
-3.614	0
-3.613	0
-3.612	0
-3.611	0
-3.61	0
-3.609	0
-3.608	0
-3.607	0
-3.606	0
-3.605	0
-3.604	0
-3.603	0
-3.602	0
-3.601	0
-3.6	0
-3.599	0
-3.598	0
-3.597	0
-3.596	0
-3.595	0
-3.594	0
-3.593	0
-3.592	0
-3.591	0
-3.59	0
-3.589	0
-3.588	0
-3.587	0
-3.586	0
-3.585	0
-3.584	0
-3.583	0
-3.582	0
-3.581	0
-3.58	0
-3.579	0
-3.578	0
-3.577	0
-3.576	0
-3.575	0
-3.574	0
-3.573	0
-3.572	0
-3.571	0
-3.57	0
-3.569	0
-3.568	0
-3.567	0
-3.566	0
-3.565	0
-3.564	0
-3.563	0
-3.562	0
-3.561	0
-3.56	0
-3.559	0
-3.558	0
-3.557	0
-3.556	0
-3.555	0
-3.554	0
-3.553	0
-3.552	0
-3.551	0
-3.55	0
-3.549	0
-3.548	0
-3.547	0
-3.546	0
-3.545	0
-3.544	0
-3.543	0
-3.542	0
-3.541	0
-3.54	0
-3.539	0
-3.538	0
-3.537	0
-3.536	0
-3.535	0
-3.534	0
-3.533	0
-3.532	0
-3.531	0
-3.53	0
-3.529	0
-3.528	0
-3.527	0
-3.526	0
-3.525	0
-3.524	0
-3.523	0
-3.522	0
-3.521	0
-3.52	0
-3.519	0
-3.518	0
-3.517	0
-3.516	0
-3.515	0
-3.514	0
-3.513	0
-3.512	0
-3.511	0
-3.51	0
-3.509	0
-3.508	0
-3.507	0
-3.506	0
-3.505	0
-3.504	0
-3.503	0
-3.502	0
-3.501	0
-3.5	0
-3.499	0
-3.498	0
-3.497	0
-3.496	0
-3.495	0
-3.494	0
-3.493	0
-3.492	0
-3.491	0
-3.49	0
-3.489	0
-3.488	0
-3.487	0
-3.486	0
-3.485	0
-3.484	0
-3.483	0
-3.482	0
-3.481	0
-3.48	0
-3.479	0
-3.478	0
-3.477	0
-3.476	0
-3.475	0
-3.474	0
-3.473	0
-3.472	0
-3.471	0
-3.47	0
-3.469	0
-3.468	0
-3.467	0
-3.466	0
-3.465	0
-3.464	0
-3.463	0
-3.462	0
-3.461	0
-3.46	0
-3.459	0
-3.458	0
-3.457	0
-3.456	0
-3.455	0
-3.454	0
-3.453	0
-3.452	0
-3.451	0
-3.45	0
-3.449	0
-3.448	0
-3.447	0
-3.446	0
-3.445	0
-3.444	0
-3.443	0
-3.442	0
-3.441	0
-3.44	0
-3.439	0
-3.438	0
-3.437	0
-3.436	0
-3.435	0
-3.434	0
-3.433	0
-3.432	0
-3.431	0
-3.43	0
-3.429	0
-3.428	0
-3.427	0
-3.426	0
-3.425	0
-3.424	0
-3.423	0
-3.422	0
-3.421	0
-3.42	0
-3.419	0
-3.418	0
-3.417	0
-3.416	0
-3.415	0
-3.414	0
-3.413	0
-3.412	0
-3.411	0
-3.41	0
-3.409	0
-3.408	0
-3.407	0
-3.406	0
-3.405	0
-3.404	0
-3.403	0
-3.402	0
-3.401	0
-3.4	0
-3.399	0
-3.398	0
-3.397	0
-3.396	0
-3.395	0
-3.394	0
-3.393	0
-3.392	0
-3.391	0
-3.39	0
-3.389	0
-3.388	0
-3.387	0
-3.386	0
-3.385	0
-3.384	0
-3.383	0
-3.382	0
-3.381	0
-3.38	0
-3.379	0
-3.378	0
-3.377	0
-3.376	0
-3.375	0
-3.374	0
-3.373	0
-3.372	0
-3.371	0
-3.37	0
-3.369	0
-3.368	0
-3.367	0
-3.366	0
-3.365	0
-3.364	0
-3.363	0
-3.362	0
-3.361	0
-3.36	0
-3.359	0
-3.358	0
-3.357	0
-3.356	0
-3.355	0
-3.354	0
-3.353	0
-3.352	0
-3.351	0
-3.35	0
-3.349	0
-3.348	0
-3.347	0
-3.346	0
-3.345	0
-3.344	0
-3.343	0
-3.342	0
-3.341	0
-3.34	0
-3.339	0
-3.338	0
-3.337	0
-3.336	0
-3.335	0
-3.334	0
-3.333	0
-3.332	0
-3.331	0
-3.33	0
-3.329	0
-3.328	0
-3.327	0
-3.326	0
-3.325	0
-3.324	0
-3.323	0
-3.322	0
-3.321	0
-3.32	0
-3.319	0
-3.318	0
-3.317	0
-3.316	0
-3.315	0
-3.314	0
-3.313	0
-3.312	0
-3.311	0
-3.31	0
-3.309	0
-3.308	0
-3.307	0
-3.306	0
-3.305	0
-3.304	0
-3.303	0
-3.302	0
-3.301	0
-3.3	0
-3.299	0
-3.298	0
-3.297	0
-3.296	0
-3.295	0
-3.294	0
-3.293	0
-3.292	0
-3.291	0
-3.29	0
-3.289	0
-3.288	0
-3.287	0
-3.286	0
-3.285	0
-3.284	0
-3.283	0
-3.282	0
-3.281	0
-3.28	0
-3.279	0
-3.278	0
-3.277	0
-3.276	0
-3.275	0
-3.274	0
-3.273	0
-3.272	0
-3.271	0
-3.27	0
-3.269	0
-3.268	0
-3.267	0
-3.266	0
-3.265	0
-3.264	0
-3.263	0
-3.262	0
-3.261	0
-3.26	0
-3.259	0
-3.258	0
-3.257	0
-3.256	0
-3.255	0
-3.254	0
-3.253	0
-3.252	0
-3.251	0
-3.25	0
-3.249	0
-3.248	0
-3.247	0
-3.246	0
-3.245	0
-3.244	0
-3.243	0
-3.242	0
-3.241	0
-3.24	0
-3.239	0
-3.238	0
-3.237	0
-3.236	0
-3.235	0
-3.234	0
-3.233	0
-3.232	0
-3.231	0
-3.23	0
-3.229	0
-3.228	0
-3.227	0
-3.226	0
-3.225	0
-3.224	0
-3.223	0
-3.222	0
-3.221	0
-3.22	0
-3.219	0
-3.218	0
-3.217	0
-3.216	0
-3.215	0
-3.214	0
-3.213	0
-3.212	0
-3.211	0
-3.21	0
-3.209	0
-3.208	0
-3.207	0
-3.206	0
-3.205	0
-3.204	0
-3.203	0
-3.202	0
-3.201	0
-3.2	0
-3.199	0
-3.198	0
-3.197	0
-3.196	0
-3.195	0
-3.194	0
-3.193	0
-3.192	0
-3.191	0
-3.19	0
-3.189	0
-3.188	0
-3.187	0
-3.186	0
-3.185	0
-3.184	0
-3.183	0
-3.182	0
-3.181	0
-3.18	0
-3.179	0
-3.178	0
-3.177	0
-3.176	0
-3.175	0
-3.174	0
-3.173	0
-3.172	0
-3.171	0
-3.17	0
-3.169	0
-3.168	0
-3.167	0
-3.166	0
-3.165	0
-3.164	0
-3.163	0
-3.162	0
-3.161	0
-3.16	0
-3.159	0
-3.158	0
-3.157	0
-3.156	0
-3.155	0
-3.154	0
-3.153	0
-3.152	0
-3.151	0
-3.15	0
-3.149	0
-3.148	0
-3.147	0
-3.146	0
-3.145	0
-3.144	0
-3.143	0
-3.142	0
-3.141	0
-3.14	0
-3.139	0
-3.138	0
-3.137	0
-3.136	0
-3.135	0
-3.134	0
-3.133	0
-3.132	0
-3.131	0
-3.13	0
-3.129	0
-3.128	0
-3.127	0
-3.126	0
-3.125	0
-3.124	0
-3.123	0
-3.122	0
-3.121	0
-3.12	0
-3.119	0
-3.118	0
-3.117	0
-3.116	0
-3.115	0
-3.114	0
-3.113	0
-3.112	0
-3.111	0
-3.11	0
-3.109	0
-3.108	0
-3.107	0
-3.106	0
-3.105	0
-3.104	0
-3.103	0
-3.102	0
-3.101	0
-3.1	0
-3.099	0
-3.098	0
-3.097	0
-3.096	0
-3.095	0
-3.094	0
-3.093	0
-3.092	0
-3.091	0
-3.09	0
-3.089	0
-3.088	0
-3.087	0
-3.086	0
-3.085	0
-3.084	0
-3.083	0
-3.082	0
-3.081	0
-3.08	0
-3.079	0
-3.078	0
-3.077	0
-3.076	0
-3.075	0
-3.074	0
-3.073	0
-3.072	0
-3.071	0
-3.07	0
-3.069	0
-3.068	0
-3.067	0
-3.066	0
-3.065	0
-3.064	0
-3.063	0
-3.062	0
-3.061	0
-3.06	0
-3.059	0
-3.058	0
-3.057	0
-3.056	0
-3.055	0
-3.054	0
-3.053	0
-3.052	0
-3.051	0
-3.05	0
-3.049	0
-3.048	0
-3.047	0
-3.046	0
-3.045	0
-3.044	0
-3.043	0
-3.042	0
-3.041	0
-3.04	0
-3.039	0
-3.038	0
-3.037	0
-3.036	0
-3.035	0
-3.034	0
-3.033	0
-3.032	0
-3.031	0
-3.03	0
-3.029	0
-3.028	0
-3.027	0
-3.026	0
-3.025	0
-3.024	0
-3.023	0
-3.022	0
-3.021	0
-3.02	0
-3.019	0
-3.018	0
-3.017	0
-3.016	0
-3.015	0
-3.014	0
-3.013	0
-3.012	0
-3.011	0
-3.01	0
-3.009	0
-3.008	0
-3.007	0
-3.006	0
-3.005	0
-3.004	0
-3.003	0
-3.002	0
-3.001	0
-3	0
-2.999	0
-2.998	0
-2.997	0
-2.996	0
-2.995	0
-2.994	0
-2.993	0
-2.992	0
-2.991	0
-2.99	0
-2.989	0
-2.988	0
-2.987	0
-2.986	0
-2.985	0
-2.984	0
-2.983	0
-2.982	0
-2.981	0
-2.98	0
-2.979	0
-2.978	0
-2.977	0
-2.976	0
-2.975	0
-2.974	0
-2.973	0
-2.972	0
-2.971	0
-2.97	0
-2.969	0
-2.968	0
-2.967	0
-2.966	0
-2.965	0
-2.964	0
-2.963	0
-2.962	0
-2.961	0
-2.96	0
-2.959	0
-2.958	0
-2.957	0
-2.956	0
-2.955	0
-2.954	0
-2.953	0
-2.952	0
-2.951	0
-2.95	0
-2.949	0
-2.948	0
-2.947	0
-2.946	0
-2.945	0
-2.944	0
-2.943	0
-2.942	0
-2.941	0
-2.94	0
-2.939	0
-2.938	0
-2.937	0
-2.936	0
-2.935	0
-2.934	0
-2.933	0
-2.932	0
-2.931	0
-2.93	0
-2.929	0
-2.928	0
-2.927	0
-2.926	0
-2.925	0
-2.924	0
-2.923	0
-2.922	0
-2.921	0
-2.92	0
-2.919	0
-2.918	0
-2.917	0
-2.916	0
-2.915	0
-2.914	0
-2.913	0
-2.912	0
-2.911	0
-2.91	0
-2.909	0
-2.908	0
-2.907	0
-2.906	0
-2.905	0
-2.904	0
-2.903	0
-2.902	0
-2.901	0
-2.9	0
-2.899	0
-2.898	0
-2.897	0
-2.896	0
-2.895	0
-2.894	0
-2.893	0
-2.892	0
-2.891	0
-2.89	0
-2.889	0
-2.888	0
-2.887	0
-2.886	0
-2.885	0
-2.884	0
-2.883	0
-2.882	0
-2.881	0
-2.88	0
-2.879	0
-2.878	0
-2.877	0
-2.876	0
-2.875	0
-2.874	0
-2.873	0
-2.872	0
-2.871	0
-2.87	0
-2.869	0
-2.868	0
-2.867	0
-2.866	0
-2.865	0
-2.864	0
-2.863	0
-2.862	0
-2.861	0
-2.86	0
-2.859	0
-2.858	0
-2.857	0
-2.856	0
-2.855	0
-2.854	0
-2.853	0
-2.852	0
-2.851	0
-2.85	0
-2.849	0
-2.848	0
-2.847	0
-2.846	0
-2.845	0
-2.844	0
-2.843	0
-2.842	0
-2.841	0
-2.84	0
-2.839	0
-2.838	0
-2.837	0
-2.836	0
-2.835	0
-2.834	0
-2.833	0
-2.832	0
-2.831	0
-2.83	0
-2.829	0
-2.828	0
-2.827	0
-2.826	0
-2.825	0
-2.824	0
-2.823	0
-2.822	0
-2.821	0
-2.82	0
-2.819	0
-2.818	0
-2.817	0
-2.816	0
-2.815	0
-2.814	0
-2.813	0
-2.812	0
-2.811	0
-2.81	0
-2.809	0
-2.808	0
-2.807	0
-2.806	0
-2.805	0
-2.804	0
-2.803	0
-2.802	0
-2.801	0
-2.8	0
-2.799	0
-2.798	0
-2.797	0
-2.796	0
-2.795	0
-2.794	0
-2.793	0
-2.792	0
-2.791	0
-2.79	0
-2.789	0
-2.788	0
-2.787	0
-2.786	0
-2.785	0
-2.784	0
-2.783	0
-2.782	0
-2.781	0
-2.78	0
-2.779	0
-2.778	0
-2.777	0
-2.776	0
-2.775	0
-2.774	0
-2.773	0
-2.772	0
-2.771	0
-2.77	0
-2.769	0
-2.768	0
-2.767	0
-2.766	0
-2.765	0
-2.764	0
-2.763	0
-2.762	0
-2.761	0
-2.76	0
-2.759	0
-2.758	0
-2.757	0
-2.756	0
-2.755	0
-2.754	0
-2.753	0
-2.752	0
-2.751	0
-2.75	0
-2.749	0
-2.748	0
-2.747	0
-2.746	0
-2.745	0
-2.744	0
-2.743	0
-2.742	0
-2.741	0
-2.74	0
-2.739	0
-2.738	0
-2.737	0
-2.736	0
-2.735	0
-2.734	0
-2.733	0
-2.732	0
-2.731	0
-2.73	0
-2.729	0
-2.728	0
-2.727	0
-2.726	0
-2.725	0
-2.724	0
-2.723	0
-2.722	0
-2.721	0
-2.72	0
-2.719	0
-2.718	0
-2.717	0
-2.716	0
-2.715	0
-2.714	0
-2.713	0
-2.712	0
-2.711	0
-2.71	0
-2.709	0
-2.708	0
-2.707	0
-2.706	0
-2.705	0
-2.704	0
-2.703	0
-2.702	0
-2.701	0
-2.7	0
-2.699	0
-2.698	0
-2.697	0
-2.696	0
-2.695	0
-2.694	0
-2.693	0
-2.692	0
-2.691	0
-2.69	0
-2.689	0
-2.688	0
-2.687	0
-2.686	0
-2.685	0
-2.684	0
-2.683	0
-2.682	0
-2.681	0
-2.68	0
-2.679	0
-2.678	0
-2.677	0
-2.676	0
-2.675	0
-2.674	0
-2.673	0
-2.672	0
-2.671	0
-2.67	0
-2.669	0
-2.668	0
-2.667	0
-2.666	0
-2.665	0
-2.664	0
-2.663	0
-2.662	0
-2.661	0
-2.66	0
-2.659	0
-2.658	0
-2.657	0
-2.656	0
-2.655	0
-2.654	0
-2.653	0
-2.652	0
-2.651	0
-2.65	0
-2.649	0
-2.648	0
-2.647	0
-2.646	0
-2.645	0
-2.644	0
-2.643	0
-2.642	0
-2.641	0
-2.64	0
-2.639	0
-2.638	0
-2.637	0
-2.636	0
-2.635	0
-2.634	0
-2.633	0
-2.632	0
-2.631	0
-2.63	0
-2.629	0
-2.628	0
-2.627	0
-2.626	0
-2.625	0
-2.624	0
-2.623	0
-2.622	0
-2.621	0
-2.62	0
-2.619	0
-2.618	0
-2.617	0
-2.616	0
-2.615	0
-2.614	0
-2.613	0
-2.612	0
-2.611	0
-2.61	0
-2.609	0
-2.608	0
-2.607	0
-2.606	0
-2.605	0
-2.604	0
-2.603	0
-2.602	0
-2.601	0
-2.6	0
-2.599	0
-2.598	0
-2.597	0
-2.596	0
-2.595	0
-2.594	0
-2.593	0
-2.592	0
-2.591	0
-2.59	0
-2.589	0
-2.588	0
-2.587	0
-2.586	0
-2.585	0
-2.584	0
-2.583	0
-2.582	0
-2.581	0
-2.58	0
-2.579	0
-2.578	0
-2.577	0
-2.576	0
-2.575	0
-2.574	0
-2.573	0
-2.572	0
-2.571	0
-2.57	0
-2.569	0
-2.568	0
-2.567	0
-2.566	0
-2.565	0
-2.564	0
-2.563	0
-2.562	0
-2.561	0
-2.56	0
-2.559	0
-2.558	0
-2.557	0
-2.556	0
-2.555	0
-2.554	0
-2.553	0
-2.552	0
-2.551	0
-2.55	0
-2.549	0
-2.548	0
-2.547	0
-2.546	0
-2.545	0
-2.544	0
-2.543	0
-2.542	0
-2.541	0
-2.54	0
-2.539	0
-2.538	0
-2.537	0
-2.536	0
-2.535	0
-2.534	0
-2.533	0
-2.532	0
-2.531	0
-2.53	0
-2.529	0
-2.528	0
-2.527	0
-2.526	0
-2.525	0
-2.524	0
-2.523	0
-2.522	0
-2.521	0
-2.52	0
-2.519	0
-2.518	0
-2.517	0
-2.516	0
-2.515	0
-2.514	0
-2.513	0
-2.512	0
-2.511	0
-2.51	0
-2.509	0
-2.508	0
-2.507	0
-2.506	0
-2.505	0
-2.504	0
-2.503	0
-2.502	0
-2.501	0
-2.5	0
-2.499	0
-2.498	0
-2.497	0
-2.496	0
-2.495	0
-2.494	0
-2.493	0
-2.492	0
-2.491	0
-2.49	0
-2.489	0
-2.488	0
-2.487	0
-2.486	0
-2.485	0
-2.484	0
-2.483	0
-2.482	0
-2.481	0
-2.48	0
-2.479	0
-2.478	0
-2.477	0
-2.476	0
-2.475	0
-2.474	0
-2.473	0
-2.472	0
-2.471	0
-2.47	0
-2.469	0
-2.468	0
-2.467	0
-2.466	0
-2.465	0
-2.464	0
-2.463	0
-2.462	0
-2.461	0
-2.46	0
-2.459	0
-2.458	0
-2.457	0
-2.456	0
-2.455	0
-2.454	0
-2.453	0
-2.452	0
-2.451	0
-2.45	0
-2.449	0
-2.448	0
-2.447	0
-2.446	0
-2.445	0
-2.444	0
-2.443	0
-2.442	0
-2.441	0
-2.44	0
-2.439	0
-2.438	0
-2.437	0
-2.436	0
-2.435	0
-2.434	0
-2.433	0
-2.432	0
-2.431	0
-2.43	0
-2.429	0
-2.428	0
-2.427	0
-2.426	0
-2.425	0
-2.424	0
-2.423	0
-2.422	0
-2.421	0
-2.42	0
-2.419	0
-2.418	0
-2.417	0
-2.416	0
-2.415	0
-2.414	0
-2.413	0
-2.412	0
-2.411	0
-2.41	0
-2.409	0
-2.408	0
-2.407	0
-2.406	0
-2.405	0
-2.404	0
-2.403	0
-2.402	0
-2.401	0
-2.4	0
-2.399	0
-2.398	0
-2.397	0
-2.396	0
-2.395	0
-2.394	0
-2.393	0
-2.392	0
-2.391	0
-2.39	0
-2.389	0
-2.388	0
-2.387	0
-2.386	0
-2.385	0
-2.384	0
-2.383	0
-2.382	0
-2.381	0
-2.38	0
-2.379	0
-2.378	0
-2.377	0
-2.376	0
-2.375	0
-2.374	0
-2.373	0
-2.372	0
-2.371	0
-2.37	0
-2.369	0
-2.368	0
-2.367	0
-2.366	0
-2.365	0
-2.364	0
-2.363	0
-2.362	0
-2.361	0
-2.36	0
-2.359	0
-2.358	0
-2.357	0
-2.356	0
-2.355	0
-2.354	0
-2.353	0
-2.352	0
-2.351	0
-2.35	0
-2.349	0
-2.348	0
-2.347	0
-2.346	0
-2.345	0
-2.344	0
-2.343	0
-2.342	0
-2.341	0
-2.34	0
-2.339	0
-2.338	0
-2.337	0
-2.336	0
-2.335	0
-2.334	0
-2.333	0
-2.332	0
-2.331	0
-2.33	0
-2.329	0
-2.328	0
-2.327	0
-2.326	0
-2.325	0
-2.324	0
-2.323	0
-2.322	0
-2.321	0
-2.32	0
-2.319	0
-2.318	0
-2.317	0
-2.316	0
-2.315	0
-2.314	0
-2.313	0
-2.312	0
-2.311	0
-2.31	0
-2.309	0
-2.308	0
-2.307	0
-2.306	0
-2.305	0
-2.304	0
-2.303	0
-2.302	0
-2.301	0
-2.3	0
-2.299	0
-2.298	0
-2.297	0
-2.296	0
-2.295	0
-2.294	0
-2.293	0
-2.292	0
-2.291	0
-2.29	0
-2.289	0
-2.288	0
-2.287	0
-2.286	0
-2.285	0
-2.284	0
-2.283	0
-2.282	0
-2.281	0
-2.28	0
-2.279	0
-2.278	0
-2.277	0
-2.276	0
-2.275	0
-2.274	0
-2.273	0
-2.272	0
-2.271	0
-2.27	0
-2.269	0
-2.268	0
-2.267	0
-2.266	0
-2.265	0
-2.264	0
-2.263	0
-2.262	0
-2.261	0
-2.26	0
-2.259	0
-2.258	0
-2.257	0
-2.256	0
-2.255	0
-2.254	0
-2.253	0
-2.252	0
-2.251	0
-2.25	0
-2.249	0
-2.248	0
-2.247	0
-2.246	0
-2.245	0
-2.244	0
-2.243	0
-2.242	0
-2.241	0
-2.24	0
-2.239	0
-2.238	0
-2.237	0
-2.236	0
-2.235	0
-2.234	0
-2.233	0
-2.232	0
-2.231	0
-2.23	0
-2.229	0
-2.228	0
-2.227	0
-2.226	0
-2.225	0
-2.224	0
-2.223	0
-2.222	0
-2.221	0
-2.22	0
-2.219	0
-2.218	0
-2.217	0
-2.216	0
-2.215	0
-2.214	0
-2.213	0
-2.212	0
-2.211	0
-2.21	0
-2.209	0
-2.208	0
-2.207	0
-2.206	0
-2.205	0
-2.204	0
-2.203	0
-2.202	0
-2.201	0
-2.2	0
-2.199	0
-2.198	0
-2.197	0
-2.196	0
-2.195	0
-2.194	0
-2.193	0
-2.192	0
-2.191	0
-2.19	0
-2.189	0
-2.188	0
-2.187	0
-2.186	0
-2.185	0
-2.184	0
-2.183	0
-2.182	0
-2.181	0
-2.18	0
-2.179	0
-2.178	0
-2.177	0
-2.176	0
-2.175	0
-2.174	0
-2.173	0
-2.172	0
-2.171	0
-2.17	0
-2.169	0
-2.168	0
-2.167	0
-2.166	0
-2.165	0
-2.164	0
-2.163	0
-2.162	0
-2.161	0
-2.16	0
-2.159	0
-2.158	0
-2.157	0
-2.156	0
-2.155	0
-2.154	0
-2.153	0
-2.152	0
-2.151	0
-2.15	0
-2.149	0
-2.148	0
-2.147	0
-2.146	0
-2.145	0
-2.144	0
-2.143	0
-2.142	0
-2.141	0
-2.14	0
-2.139	0
-2.138	0
-2.137	0
-2.136	0
-2.135	0
-2.134	0
-2.133	0
-2.132	0
-2.131	0
-2.13	0
-2.129	0
-2.128	0
-2.127	0
-2.126	0
-2.125	0
-2.124	0
-2.123	0
-2.122	0
-2.121	0
-2.12	0
-2.119	0
-2.118	0
-2.117	0
-2.116	0
-2.115	0
-2.114	0
-2.113	0
-2.112	0
-2.111	0
-2.11	0
-2.109	0
-2.108	0
-2.107	0
-2.106	0
-2.105	0
-2.104	0
-2.103	0
-2.102	0
-2.101	0
-2.1	0
-2.099	0
-2.098	0
-2.097	0
-2.096	0
-2.095	0
-2.094	1.71191e-076
-2.093	7.24555e-076
-2.092	1.47283e-075
-2.091	2.51215e-075
-2.09	6.03399e-075
-2.089	1.97819e-074
-2.088	7.01797e-074
-2.087	2.42621e-073
-2.086	8.12834e-073
-2.085	2.67874e-072
-2.084	8.75628e-072
-2.083	2.84407e-071
-2.082	9.17277e-071
-2.081	2.93719e-070
-2.08	9.33489e-070
-2.079	2.94435e-069
-2.078	9.21668e-069
-2.077	2.86314e-068
-2.076	8.82625e-068
-2.075	2.69998e-067
-2.074	8.19549e-067
-2.073	2.4683e-066
-2.072	7.37585e-066
-2.071	2.18673e-065
-2.07	6.43171e-065
-2.069	1.87666e-064
-2.068	5.43192e-064
-2.067	1.55957e-063
-2.066	4.44139e-063
-2.065	1.25451e-062
-2.064	3.51436e-062
-2.063	9.76368e-062
-2.062	2.68999e-061
-2.061	7.34912e-061
-2.06	1.99087e-060
-2.059	5.34744e-060
-2.058	1.42404e-059
-2.057	3.75961e-059
-2.056	9.83976e-059
-2.055	2.55281e-058
-2.054	6.56472e-058
-2.053	1.67321e-057
-2.052	4.22664e-057
-2.051	1.05808e-056
-2.05	2.62476e-056
-2.049	6.45179e-056
-2.048	1.5713e-055
-2.047	3.79134e-055
-2.046	9.06255e-055
-2.045	2.14584e-054
-2.044	5.0327e-054
-2.043	1.16903e-053
-2.042	2.68927e-053
-2.041	6.12622e-053
-2.04	1.38185e-052
-2.039	3.08604e-052
-2.038	6.82301e-052
-2.037	1.49328e-051
-2.036	3.23488e-051
-2.035	6.93554e-051
-2.034	1.47152e-050
-2.033	3.08936e-050
-2.032	6.41714e-050
-2.031	1.31866e-049
-2.03	2.68039e-049
-2.029	5.38864e-049
-2.028	1.07133e-048
-2.027	2.10609e-048
-2.026	4.09335e-048
-2.025	7.86444e-048
-2.024	1.49341e-047
-2.023	2.80252e-047
-2.022	5.19641e-047
-2.021	9.51852e-047
-2.02	1.72214e-046
-2.019	3.07694e-046
-2.018	5.42787e-046
-2.017	9.45164e-046
-2.016	1.62424e-045
-2.015	2.75389e-045
-2.014	4.60553e-045
-2.013	7.59483e-045
-2.012	1.23458e-044
-2.011	1.97752e-044
-2.01	3.11995e-044
-2.009	4.84618e-044
-2.008	7.40712e-044
-2.007	1.11336e-043
-2.006	1.64457e-043
-2.005	2.38531e-043
-2.004	3.3938e-043
-2.003	4.73111e-043
-2.002	6.45273e-043
-2.001	8.59488e-043
-2	1.11544e-042
-1.999	1.40621e-042
-1.998	1.71514e-042
-1.997	2.01261e-042
-1.996	2.25392e-042
-1.995	2.3798e-042
-1.994	2.32274e-042
-1.993	2.02346e-042
-1.992	1.46418e-042
-1.991	7.28059e-043
-1.99	9.77209e-044
-1.989	2.10053e-043
-1.988	2.29019e-042
-1.987	8.49427e-042
-1.986	2.2399e-041
-1.985	4.96866e-041
-1.984	9.9086e-041
-1.983	1.83648e-040
-1.982	3.22453e-040
-1.981	5.42863e-040
-1.98	8.83485e-040
-1.979	1.39801e-039
-1.978	2.16019e-039
-1.977	3.27014e-039
-1.976	4.86244e-039
-1.975	7.11636e-039
-1.974	1.02686e-038
-1.973	1.46293e-038
-1.972	2.06018e-038
-1.971	2.87072e-038
-1.97	3.96143e-038
-1.969	5.4176e-038
-1.968	7.34741e-038
-1.967	9.88731e-038
-1.966	1.32085e-037
-1.965	1.75247e-037
-1.964	2.31016e-037
-1.963	3.02675e-037
-1.962	3.94274e-037
-1.961	5.10776e-037
-1.96	6.58249e-037
-1.959	8.44081e-037
-1.958	1.07723e-036
-1.957	1.36853e-036
-1.956	1.73104e-036
-1.955	2.18042e-036
-1.954	2.73543e-036
-1.953	3.41846e-036
-1.952	4.25615e-036
-1.951	5.2801e-036
-1.95	6.52768e-036
-1.949	8.043e-036
-1.948	9.87795e-036
-1.947	1.20934e-035
-1.946	1.47607e-035
-1.945	1.79631e-035
-1.944	2.17975e-035
-1.943	2.63767e-035
-1.942	3.18315e-035
-1.941	3.83131e-035
-1.94	4.59963e-035
-1.939	5.50824e-035
-1.938	6.58029e-035
-1.937	7.84233e-035
-1.936	9.3248e-035
-1.935	1.10625e-034
-1.934	1.3095e-034
-1.933	1.54675e-034
-1.932	1.82315e-034
-1.931	2.14451e-034
-1.93	2.51743e-034
-1.929	2.94936e-034
-1.928	3.44874e-034
-1.927	4.02503e-034
-1.926	4.68893e-034
-1.925	5.45239e-034
-1.924	6.32886e-034
-1.923	7.33338e-034
-1.922	8.48273e-034
-1.921	9.79566e-034
-1.92	1.12931e-033
-1.919	1.29982e-033
-1.918	1.49367e-033
-1.917	1.71374e-033
-1.916	1.96318e-033
-1.915	2.2455e-033
-1.914	2.56454e-033
-1.913	2.92458e-033
-1.912	3.33028e-033
-1.911	3.78679e-033
-1.91	4.29975e-033
-1.909	4.87533e-033
-1.908	5.52028e-033
-1.907	6.24199e-033
-1.906	7.04847e-033
-1.905	7.94847e-033
-1.904	8.95148e-033
-1.903	1.00678e-032
-1.902	1.13086e-032
-1.901	1.2686e-032
-1.9	1.42129e-032
-1.899	1.59035e-032
-1.898	1.77727e-032
-1.897	1.98369e-032
-1.896	2.21135e-032
-1.895	2.46211e-032
-1.894	2.73796e-032
-1.893	3.04102e-032
-1.892	3.37357e-032
-1.891	3.738e-032
-1.89	4.13686e-032
-1.889	4.57286e-032
-1.888	5.04886e-032
-1.887	5.56786e-032
-1.886	6.13305e-032
-1.885	6.74774e-032
-1.884	7.41543e-032
-1.883	8.13978e-032
-1.882	8.92461e-032
-1.881	9.77383e-032
-1.88	1.06916e-031
-1.879	1.16822e-031
-1.878	1.275e-031
-1.877	1.38995e-031
-1.876	1.51354e-031
-1.875	1.64625e-031
-1.874	1.78855e-031
-1.873	1.94095e-031
-1.872	2.10395e-031
-1.871	2.27804e-031
-1.87	2.46374e-031
-1.869	2.66155e-031
-1.868	2.87196e-031
-1.867	3.09549e-031
-1.866	3.33262e-031
-1.865	3.58381e-031
-1.864	3.84952e-031
-1.863	4.13021e-031
-1.862	4.42628e-031
-1.861	4.73812e-031
-1.86	5.06608e-031
-1.859	5.41049e-031
-1.858	5.77162e-031
-1.857	6.1497e-031
-1.856	6.54492e-031
-1.855	6.95742e-031
-1.854	7.38724e-031
-1.853	7.8344e-031
-1.852	8.29882e-031
-1.851	8.78039e-031
-1.85	9.27888e-031
-1.849	9.794e-031
-1.848	1.03254e-030
-1.847	1.08725e-030
-1.846	1.14349e-030
-1.845	1.20119e-030
-1.844	1.26027e-030
-1.843	1.32065e-030
-1.842	1.38224e-030
-1.841	1.44494e-030
-1.84	1.50864e-030
-1.839	1.57322e-030
-1.838	1.63855e-030
-1.837	1.7045e-030
-1.836	1.77092e-030
-1.835	1.83767e-030
-1.834	1.90459e-030
-1.833	1.97153e-030
-1.832	2.03833e-030
-1.831	2.10482e-030
-1.83	2.17084e-030
-1.829	2.23621e-030
-1.828	2.30079e-030
-1.827	2.3644e-030
-1.826	2.42691e-030
-1.825	2.48816e-030
-1.824	2.54801e-030
-1.823	2.60632e-030
-1.822	2.66299e-030
-1.821	2.7179e-030
-1.82	2.77098e-030
-1.819	2.82214e-030
-1.818	2.87133e-030
-1.817	2.91849e-030
-1.816	2.9636e-030
-1.815	3.00666e-030
-1.814	3.04768e-030
-1.813	3.08669e-030
-1.812	3.12374e-030
-1.811	3.15889e-030
-1.81	3.19217e-030
-1.809	3.22371e-030
-1.808	3.25357e-030
-1.807	3.28184e-030
-1.806	3.30862e-030
-1.805	3.33399e-030
-1.804	3.35799e-030
-1.803	3.38068e-030
-1.802	3.40209e-030
-1.801	3.42219e-030
-1.8	3.44094e-030
-1.799	3.45825e-030
-1.798	3.47395e-030
-1.797	3.48783e-030
-1.796	3.49963e-030
-1.795	3.50897e-030
-1.794	3.51544e-030
-1.793	3.51856e-030
-1.792	3.51772e-030
-1.791	3.5123e-030
-1.79	3.50156e-030
-1.789	3.48479e-030
-1.788	3.46115e-030
-1.787	3.42989e-030
-1.786	3.3902e-030
-1.785	3.34139e-030
-1.784	3.28285e-030
-1.783	3.21418e-030
-1.782	3.1352e-030
-1.781	3.04605e-030
-1.78	2.94737e-030
-1.779	2.84027e-030
-1.778	2.72664e-030
-1.777	2.60916e-030
-1.776	2.4916e-030
-1.775	2.37895e-030
-1.774	2.27769e-030
-1.773	2.19605e-030
-1.772	2.14423e-030
-1.771	2.1349e-030
-1.77	2.18338e-030
-1.769	2.30813e-030
-1.768	2.53115e-030
-1.767	2.87853e-030
-1.766	3.3808e-030
-1.765	4.07371e-030
-1.764	4.99868e-030
-1.763	6.20344e-030
-1.762	7.74294e-030
-1.761	9.67959e-030
-1.76	1.20847e-029
-1.759	1.50388e-029
-1.758	1.86325e-029
-1.757	2.29682e-029
-1.756	2.81592e-029
-1.755	3.43332e-029
-1.754	4.16311e-029
-1.753	5.02086e-029
-1.752	6.02381e-029
-1.751	7.19085e-029
-1.75	8.54274e-029
-1.749	1.0102e-028
-1.748	1.18935e-028
-1.747	1.39437e-028
-1.746	1.62816e-028
-1.745	1.89384e-028
-1.744	2.19476e-028
-1.743	2.53449e-028
-1.742	2.91688e-028
-1.741	3.346e-028
-1.74	3.82618e-028
-1.739	4.36199e-028
-1.738	4.95824e-028
-1.737	5.62001e-028
-1.736	6.35257e-028
-1.735	7.16143e-028
-1.734	8.05228e-028
-1.733	9.03107e-028
-1.732	1.01038e-027
-1.731	1.12768e-027
-1.73	1.25564e-027
-1.729	1.39488e-027
-1.728	1.54606e-027
-1.727	1.70982e-027
-1.726	1.8868e-027
-1.725	2.07763e-027
-1.724	2.28291e-027
-1.723	2.50324e-027
-1.722	2.73917e-027
-1.721	2.99123e-027
-1.72	3.25988e-027
-1.719	3.54556e-027
-1.718	3.84863e-027
-1.717	4.16936e-027
-1.716	4.50798e-027
-1.715	4.86459e-027
-1.714	5.23922e-027
-1.713	5.63177e-027
-1.712	6.04206e-027
-1.711	6.46974e-027
-1.71	6.91432e-027
-1.709	7.37523e-027
-1.708	7.8516e-027
-1.707	8.34261e-027
-1.706	8.84707e-027
-1.705	9.36379e-027
-1.704	9.89127e-027
-1.703	1.04279e-026
-1.702	1.09719e-026
-1.701	1.15214e-026
-1.7	1.20741e-026
-1.699	1.26279e-026
-1.698	1.31802e-026
-1.697	1.37285e-026
-1.696	1.42704e-026
-1.695	1.48029e-026
-1.694	1.53232e-026
-1.693	1.58286e-026
-1.692	1.63163e-026
-1.691	1.67835e-026
-1.69	1.72277e-026
-1.689	1.76464e-026
-1.688	1.80373e-026
-1.687	1.83986e-026
-1.686	1.87287e-026
-1.685	1.90265e-026
-1.684	1.92914e-026
-1.683	1.95234e-026
-1.682	1.97235e-026
-1.681	1.9893e-026
-1.68	2.00347e-026
-1.679	2.01521e-026
-1.678	2.02499e-026
-1.677	2.03342e-026
-1.676	2.04123e-026
-1.675	2.04934e-026
-1.674	2.05878e-026
-1.673	2.0708e-026
-1.672	2.08684e-026
-1.671	2.10849e-026
-1.67	2.1376e-026
-1.669	2.17622e-026
-1.668	2.22662e-026
-1.667	2.29132e-026
-1.666	2.37306e-026
-1.665	2.47485e-026
-1.664	2.59993e-026
-1.663	2.75176e-026
-1.662	2.93409e-026
-1.661	3.15088e-026
-1.66	3.40631e-026
-1.659	3.70477e-026
-1.658	4.05087e-026
-1.657	4.44936e-026
-1.656	4.90514e-026
-1.655	5.42329e-026
-1.654	6.0089e-026
-1.653	6.66715e-026
-1.652	7.40319e-026
-1.651	8.22215e-026
-1.65	9.12906e-026
-1.649	1.01287e-025
-1.648	1.12258e-025
-1.647	1.24247e-025
-1.646	1.37292e-025
-1.645	1.5143e-025
-1.644	1.66689e-025
-1.643	1.83095e-025
-1.642	2.00663e-025
-1.641	2.19403e-025
-1.64	2.39314e-025
-1.639	2.60388e-025
-1.638	2.82603e-025
-1.637	3.0593e-025
-1.636	3.30324e-025
-1.635	3.55731e-025
-1.634	3.8208e-025
-1.633	4.09288e-025
-1.632	4.3726e-025
-1.631	4.65884e-025
-1.63	4.95033e-025
-1.629	5.2457e-025
-1.628	5.54342e-025
-1.627	5.84181e-025
-1.626	6.13913e-025
-1.625	6.43349e-025
-1.624	6.72295e-025
-1.623	7.00549e-025
-1.622	7.27907e-025
-1.621	7.54166e-025
-1.62	7.79122e-025
-1.619	8.02585e-025
-1.618	8.24372e-025
-1.617	8.44326e-025
-1.616	8.62309e-025
-1.615	8.78211e-025
-1.614	8.91973e-025
-1.613	9.0357e-025
-1.612	9.13037e-025
-1.611	9.20479e-025
-1.61	9.26072e-025
-1.609	9.3008e-025
-1.608	9.32865e-025
-1.607	9.34901e-025
-1.606	9.36781e-025
-1.605	9.39239e-025
-1.604	9.43153e-025
-1.603	9.49574e-025
-1.602	9.59724e-025
-1.601	9.7502e-025
-1.6	9.97084e-025
-1.599	1.02777e-024
-1.598	1.06915e-024
-1.597	1.12356e-024
-1.596	1.19359e-024
-1.595	1.28212e-024
-1.594	1.39227e-024
-1.593	1.52752e-024
-1.592	1.6916e-024
-1.591	1.88857e-024
-1.59	2.12279e-024
-1.589	2.39896e-024
-1.588	2.72206e-024
-1.587	3.09741e-024
-1.586	3.53059e-024
-1.585	4.02752e-024
-1.584	4.59436e-024
-1.583	5.23753e-024
-1.582	5.96369e-024
-1.581	6.77969e-024
-1.58	7.69259e-024
-1.579	8.70951e-024
-1.578	9.83771e-024
-1.577	1.10845e-023
-1.576	1.24571e-023
-1.575	1.39627e-023
-1.574	1.56084e-023
-1.573	1.7401e-023
-1.572	1.9347e-023
-1.571	2.14525e-023
-1.57	2.37234e-023
-1.569	2.61647e-023
-1.568	2.87809e-023
-1.567	3.15758e-023
-1.566	3.45523e-023
-1.565	3.77123e-023
-1.564	4.10568e-023
-1.563	4.45856e-023
-1.562	4.82972e-023
-1.561	5.2189e-023
-1.56	5.62565e-023
-1.559	6.04942e-023
-1.558	6.48948e-023
-1.557	6.94495e-023
-1.556	7.41476e-023
-1.555	7.8977e-023
-1.554	8.39237e-023
-1.553	8.8972e-023
-1.552	9.41049e-023
-1.551	9.93031e-023
-1.55	1.04546e-022
-1.549	1.09813e-022
-1.548	1.1508e-022
-1.547	1.20323e-022
-1.546	1.25518e-022
-1.545	1.30638e-022
-1.544	1.3566e-022
-1.543	1.40557e-022
-1.542	1.45306e-022
-1.541	1.49881e-022
-1.54	1.54261e-022
-1.539	1.58428e-022
-1.538	1.62363e-022
-1.537	1.66053e-022
-1.536	1.6949e-022
-1.535	1.72669e-022
-1.534	1.75593e-022
-1.533	1.7827e-022
-1.532	1.80718e-022
-1.531	1.82962e-022
-1.53	1.85036e-022
-1.529	1.86988e-022
-1.528	1.88876e-022
-1.527	1.9077e-022
-1.526	1.92758e-022
-1.525	1.94938e-022
-1.524	1.97429e-022
-1.523	2.00366e-022
-1.522	2.039e-022
-1.521	2.08207e-022
-1.52	2.13476e-022
-1.519	2.19924e-022
-1.518	2.27786e-022
-1.517	2.3732e-022
-1.516	2.48807e-022
-1.515	2.62552e-022
-1.514	2.78883e-022
-1.513	2.98149e-022
-1.512	3.20724e-022
-1.511	3.47004e-022
-1.51	3.77406e-022
-1.509	4.12366e-022
-1.508	4.5234e-022
-1.507	4.97801e-022
-1.506	5.49238e-022
-1.505	6.07149e-022
-1.504	6.72045e-022
-1.503	7.4444e-022
-1.502	8.24856e-022
-1.501	9.13811e-022
-1.5	1.01182e-021
-1.499	1.11938e-021
-1.498	1.23698e-021
-1.497	1.3651e-021
-1.496	1.50417e-021
-1.495	1.65461e-021
-1.494	1.81678e-021
-1.493	1.99102e-021
-1.492	2.1776e-021
-1.491	2.37676e-021
-1.49	2.58863e-021
-1.489	2.81332e-021
-1.488	3.05083e-021
-1.487	3.30109e-021
-1.486	3.56393e-021
-1.485	3.83911e-021
-1.484	4.12628e-021
-1.483	4.42498e-021
-1.482	4.73464e-021
-1.481	5.0546e-021
-1.48	5.38408e-021
-1.479	5.7222e-021
-1.478	6.06796e-021
-1.477	6.42027e-021
-1.476	6.77792e-021
-1.475	7.13964e-021
-1.474	7.50405e-021
-1.473	7.8697e-021
-1.472	8.2351e-021
-1.471	8.59871e-021
-1.47	8.95895e-021
-1.469	9.31426e-021
-1.468	9.66311e-021
-1.467	1.0004e-020
-1.466	1.03355e-020
-1.465	1.06563e-020
-1.464	1.09653e-020
-1.463	1.12615e-020
-1.462	1.15442e-020
-1.461	1.1813e-020
-1.46	1.20678e-020
-1.459	1.23087e-020
-1.458	1.25367e-020
-1.457	1.27527e-020
-1.456	1.29587e-020
-1.455	1.31569e-020
-1.454	1.33504e-020
-1.453	1.35429e-020
-1.452	1.3739e-020
-1.451	1.39442e-020
-1.45	1.41648e-020
-1.449	1.44081e-020
-1.448	1.46824e-020
-1.447	1.49973e-020
-1.446	1.53632e-020
-1.445	1.57919e-020
-1.444	1.62965e-020
-1.443	1.68911e-020
-1.442	1.75913e-020
-1.441	1.84139e-020
-1.44	1.9377e-020
-1.439	2.05001e-020
-1.438	2.18037e-020
-1.437	2.33098e-020
-1.436	2.50415e-020
-1.435	2.70231e-020
-1.434	2.928e-020
-1.433	3.18383e-020
-1.432	3.47254e-020
-1.431	3.79691e-020
-1.43	4.15979e-020
-1.429	4.56408e-020
-1.428	5.01269e-020
-1.427	5.50855e-020
-1.426	6.05456e-020
-1.425	6.65359e-020
-1.424	7.30843e-020
-1.423	8.02181e-020
-1.422	8.79629e-020
-1.421	9.63432e-020
-1.42	1.05381e-019
-1.419	1.15098e-019
-1.418	1.25511e-019
-1.417	1.36635e-019
-1.416	1.48482e-019
-1.415	1.61061e-019
-1.414	1.74377e-019
-1.413	1.8843e-019
-1.412	2.03216e-019
-1.411	2.18728e-019
-1.41	2.34953e-019
-1.409	2.51871e-019
-1.408	2.6946e-019
-1.407	2.87691e-019
-1.406	3.0653e-019
-1.405	3.25938e-019
-1.404	3.45868e-019
-1.403	3.66272e-019
-1.402	3.87094e-019
-1.401	4.08274e-019
-1.4	4.29749e-019
-1.399	4.51449e-019
-1.398	4.73305e-019
-1.397	4.95241e-019
-1.396	5.17184e-019
-1.395	5.39056e-019
-1.394	5.60781e-019
-1.393	5.82287e-019
-1.392	6.03499e-019
-1.391	6.24353e-019
-1.39	6.44787e-019
-1.389	6.64746e-019
-1.388	6.84186e-019
-1.387	7.03076e-019
-1.386	7.21394e-019
-1.385	7.39138e-019
-1.384	7.56322e-019
-1.383	7.7298e-019
-1.382	7.8917e-019
-1.381	8.04975e-019
-1.38	8.20503e-019
-1.379	8.35895e-019
-1.378	8.51327e-019
-1.377	8.67004e-019
-1.376	8.83174e-019
-1.375	9.00123e-019
-1.374	9.1818e-019
-1.373	9.37716e-019
-1.372	9.59154e-019
-1.371	9.82958e-019
-1.37	1.00965e-018
-1.369	1.03979e-018
-1.368	1.074e-018
-1.367	1.11295e-018
-1.366	1.15736e-018
-1.365	1.20801e-018
-1.364	1.26573e-018
-1.363	1.33138e-018
-1.362	1.40588e-018
-1.361	1.49021e-018
-1.36	1.58537e-018
-1.359	1.69241e-018
-1.358	1.8124e-018
-1.357	1.94646e-018
-1.356	2.09571e-018
-1.355	2.2613e-018
-1.354	2.44438e-018
-1.353	2.64612e-018
-1.352	2.86767e-018
-1.351	3.11015e-018
-1.35	3.37468e-018
-1.349	3.66233e-018
-1.348	3.97414e-018
-1.347	4.31106e-018
-1.346	4.67401e-018
-1.345	5.06379e-018
-1.344	5.48115e-018
-1.343	5.92672e-018
-1.342	6.40099e-018
-1.341	6.90435e-018
-1.34	7.43708e-018
-1.339	7.99925e-018
-1.338	8.5908e-018
-1.337	9.21152e-018
-1.336	9.86103e-018
-1.335	1.05387e-017
-1.334	1.12439e-017
-1.333	1.19755e-017
-1.332	1.27325e-017
-1.331	1.35135e-017
-1.33	1.4317e-017
-1.329	1.51414e-017
-1.328	1.59847e-017
-1.327	1.68451e-017
-1.326	1.77202e-017
-1.325	1.86079e-017
-1.324	1.95057e-017
-1.323	2.04112e-017
-1.322	2.13218e-017
-1.321	2.22351e-017
-1.32	2.31486e-017
-1.319	2.40598e-017
-1.318	2.49664e-017
-1.317	2.58661e-017
-1.316	2.67572e-017
-1.315	2.76378e-017
-1.314	2.85066e-017
-1.313	2.93627e-017
-1.312	3.02056e-017
-1.311	3.10351e-017
-1.31	3.18521e-017
-1.309	3.26577e-017
-1.308	3.34541e-017
-1.307	3.4244e-017
-1.306	3.50314e-017
-1.305	3.58209e-017
-1.304	3.66184e-017
-1.303	3.74308e-017
-1.302	3.82663e-017
-1.301	3.91343e-017
-1.3	4.00455e-017
-1.299	4.1012e-017
-1.298	4.20476e-017
-1.297	4.31671e-017
-1.296	4.43871e-017
-1.295	4.57258e-017
-1.294	4.72028e-017
-1.293	4.88392e-017
-1.292	5.06577e-017
-1.291	5.26828e-017
-1.29	5.494e-017
-1.289	5.74565e-017
-1.288	6.02607e-017
-1.287	6.33825e-017
-1.286	6.68527e-017
-1.285	7.07031e-017
-1.284	7.49668e-017
-1.283	7.9677e-017
-1.282	8.4868e-017
-1.281	9.05742e-017
-1.28	9.68301e-017
-1.279	1.0367e-016
-1.278	1.11128e-016
-1.277	1.19238e-016
-1.276	1.28033e-016
-1.275	1.37543e-016
-1.274	1.47799e-016
-1.273	1.58828e-016
-1.272	1.70658e-016
-1.271	1.83312e-016
-1.27	1.9681e-016
-1.269	2.11171e-016
-1.268	2.2641e-016
-1.267	2.42537e-016
-1.266	2.59559e-016
-1.265	2.77481e-016
-1.264	2.963e-016
-1.263	3.1601e-016
-1.262	3.36602e-016
-1.261	3.5806e-016
-1.26	3.80363e-016
-1.259	4.03487e-016
-1.258	4.27403e-016
-1.257	4.52074e-016
-1.256	4.77462e-016
-1.255	5.03523e-016
-1.254	5.3021e-016
-1.253	5.57471e-016
-1.252	5.85252e-016
-1.251	6.13495e-016
-1.25	6.42141e-016
-1.249	6.7113e-016
-1.248	7.004e-016
-1.247	7.29892e-016
-1.246	7.59546e-016
-1.245	7.89306e-016
-1.244	8.1912e-016
-1.243	8.4894e-016
-1.242	8.78726e-016
-1.241	9.08445e-016
-1.24	9.38074e-016
-1.239	9.676e-016
-1.238	9.97023e-016
-1.237	1.02636e-015
-1.236	1.05564e-015
-1.235	1.08492e-015
-1.234	1.11426e-015
-1.233	1.14375e-015
-1.232	1.1735e-015
-1.231	1.20366e-015
-1.23	1.23439e-015
-1.229	1.26588e-015
-1.228	1.29836e-015
-1.227	1.33207e-015
-1.226	1.36731e-015
-1.225	1.40439e-015
-1.224	1.44367e-015
-1.223	1.48553e-015
-1.222	1.5304e-015
-1.221	1.57872e-015
-1.22	1.63101e-015
-1.219	1.68777e-015
-1.218	1.74959e-015
-1.217	1.81703e-015
-1.216	1.89075e-015
-1.215	1.97139e-015
-1.214	2.05963e-015
-1.213	2.15618e-015
-1.212	2.26178e-015
-1.211	2.37717e-015
-1.21	2.50313e-015
-1.209	2.64042e-015
-1.208	2.78984e-015
-1.207	2.95217e-015
-1.206	3.12821e-015
-1.205	3.31871e-015
-1.204	3.52445e-015
-1.203	3.74618e-015
-1.202	3.98461e-015
-1.201	4.24044e-015
-1.2	4.5143e-015
-1.199	4.80682e-015
-1.198	5.11855e-015
-1.197	5.44998e-015
-1.196	5.80155e-015
-1.195	6.17365e-015
-1.194	6.56655e-015
-1.193	6.9805e-015
-1.192	7.4156e-015
-1.191	7.87193e-015
-1.19	8.34943e-015
-1.189	8.84797e-015
-1.188	9.36731e-015
-1.187	9.90714e-015
-1.186	1.0467e-014
-1.185	1.10465e-014
-1.184	1.16449e-014
-1.183	1.22616e-014
-1.182	1.28958e-014
-1.181	1.35466e-014
-1.18	1.42133e-014
-1.179	1.48947e-014
-1.178	1.55899e-014
-1.177	1.62979e-014
-1.176	1.70177e-014
-1.175	1.77481e-014
-1.174	1.84882e-014
-1.173	1.92371e-014
-1.172	1.99937e-014
-1.171	2.07574e-014
-1.17	2.15274e-014
-1.169	2.23031e-014
-1.168	2.30841e-014
-1.167	2.38703e-014
-1.166	2.46616e-014
-1.165	2.54584e-014
-1.164	2.62613e-014
-1.163	2.70711e-014
-1.162	2.78892e-014
-1.161	2.8717e-014
-1.16	2.95567e-014
-1.159	3.04109e-014
-1.158	3.12823e-014
-1.157	3.21746e-014
-1.156	3.30916e-014
-1.155	3.40381e-014
-1.154	3.50189e-014
-1.153	3.60399e-014
-1.152	3.71074e-014
-1.151	3.82284e-014
-1.15	3.94102e-014
-1.149	4.06613e-014
-1.148	4.19902e-014
-1.147	4.34064e-014
-1.146	4.49201e-014
-1.145	4.65417e-014
-1.144	4.82825e-014
-1.143	5.01542e-014
-1.142	5.21689e-014
-1.141	5.43395e-014
-1.14	5.66789e-014
-1.139	5.92006e-014
-1.138	6.19184e-014
-1.137	6.48463e-014
-1.136	6.79984e-014
-1.135	7.13891e-014
-1.134	7.50324e-014
-1.133	7.89427e-014
-1.132	8.3134e-014
-1.131	8.76199e-014
-1.13	9.24141e-014
-1.129	9.75293e-014
-1.128	1.02978e-013
-1.127	1.08772e-013
-1.126	1.14922e-013
-1.125	1.21439e-013
-1.124	1.28331e-013
-1.123	1.35608e-013
-1.122	1.43275e-013
-1.121	1.51339e-013
-1.12	1.59806e-013
-1.119	1.68677e-013
-1.118	1.77956e-013
-1.117	1.87642e-013
-1.116	1.97736e-013
-1.115	2.08235e-013
-1.114	2.19136e-013
-1.113	2.30434e-013
-1.112	2.42122e-013
-1.111	2.54194e-013
-1.11	2.66641e-013
-1.109	2.79453e-013
-1.108	2.9262e-013
-1.107	3.06132e-013
-1.106	3.19976e-013
-1.105	3.34141e-013
-1.104	3.48614e-013
-1.103	3.63385e-013
-1.102	3.7844e-013
-1.101	3.93771e-013
-1.1	4.09367e-013
-1.099	4.25221e-013
-1.098	4.41326e-013
-1.097	4.57679e-013
-1.096	4.74278e-013
-1.095	4.91125e-013
-1.094	5.08226e-013
-1.093	5.25589e-013
-1.092	5.43229e-013
-1.091	5.61164e-013
-1.09	5.79418e-013
-1.089	5.9802e-013
-1.088	6.17005e-013
-1.087	6.36417e-013
-1.086	6.56305e-013
-1.085	6.76725e-013
-1.084	6.97741e-013
-1.083	7.19427e-013
-1.082	7.41862e-013
-1.081	7.65135e-013
-1.08	7.89346e-013
-1.079	8.14601e-013
-1.078	8.41015e-013
-1.077	8.68713e-013
-1.076	8.97831e-013
-1.075	9.28509e-013
-1.074	9.60899e-013
-1.073	9.95162e-013
-1.072	1.03146e-012
-1.071	1.06998e-012
-1.07	1.1109e-012
-1.069	1.1544e-012
-1.068	1.20068e-012
-1.067	1.24995e-012
-1.066	1.30241e-012
-1.065	1.35826e-012
-1.064	1.41772e-012
-1.063	1.48099e-012
-1.062	1.54831e-012
-1.061	1.61987e-012
-1.06	1.69589e-012
-1.059	1.77658e-012
-1.058	1.86214e-012
-1.057	1.95277e-012
-1.056	2.04867e-012
-1.055	2.15002e-012
-1.054	2.257e-012
-1.053	2.36977e-012
-1.052	2.4885e-012
-1.051	2.61332e-012
-1.05	2.74437e-012
-1.049	2.88177e-012
-1.048	3.02562e-012
-1.047	3.176e-012
-1.046	3.333e-012
-1.045	3.49667e-012
-1.044	3.66705e-012
-1.043	3.84417e-012
-1.042	4.02805e-012
-1.041	4.21868e-012
-1.04	4.41605e-012
-1.039	4.62012e-012
-1.038	4.83087e-012
-1.037	5.04824e-012
-1.036	5.27218e-012
-1.035	5.50263e-012
-1.034	5.73953e-012
-1.033	5.98282e-012
-1.032	6.23243e-012
-1.031	6.48831e-012
-1.03	6.75044e-012
-1.029	7.01877e-012
-1.028	7.29331e-012
-1.027	7.57406e-012
-1.026	7.86107e-012
-1.025	8.15441e-012
-1.024	8.4542e-012
-1.023	8.7606e-012
-1.022	9.07379e-012
-1.021	9.39405e-012
-1.02	9.72168e-012
-1.019	1.00571e-011
-1.018	1.04006e-011
-1.017	1.07529e-011
-1.016	1.11146e-011
-1.015	1.14862e-011
-1.014	1.18685e-011
-1.013	1.22625e-011
-1.012	1.26691e-011
-1.011	1.30893e-011
-1.01	1.35244e-011
-1.009	1.39754e-011
-1.008	1.44439e-011
-1.007	1.49314e-011
-1.006	1.54393e-011
-1.005	1.59694e-011
-1.004	1.65234e-011
-1.003	1.71034e-011
-1.002	1.77112e-011
-1.001	1.8349e-011
-1	1.90191e-011
-0.999	1.97236e-011
-0.998	2.04651e-011
-0.997	2.12458e-011
-0.996	2.20685e-011
-0.995	2.29357e-011
-0.994	2.385e-011
-0.993	2.48141e-011
-0.992	2.58308e-011
-0.991	2.69029e-011
-0.99	2.8033e-011
-0.989	2.92241e-011
-0.988	3.04789e-011
-0.987	3.18002e-011
-0.986	3.31906e-011
-0.985	3.4653e-011
-0.984	3.61899e-011
-0.983	3.78038e-011
-0.982	3.94974e-011
-0.981	4.12731e-011
-0.98	4.3133e-011
-0.979	4.50796e-011
-0.978	4.71148e-011
-0.977	4.92407e-011
-0.976	5.14592e-011
-0.975	5.37721e-011
-0.974	5.6181e-011
-0.973	5.86873e-011
-0.972	6.12926e-011
-0.971	6.39981e-011
-0.97	6.68051e-011
-0.969	6.97145e-011
-0.968	7.27275e-011
-0.967	7.5845e-011
-0.966	7.90679e-011
-0.965	8.2397e-011
-0.964	8.58333e-011
-0.963	8.93778e-011
-0.962	9.30313e-011
-0.961	9.67949e-011
-0.96	1.0067e-010
-0.959	1.04657e-010
-0.958	1.08759e-010
-0.957	1.12976e-010
-0.956	1.17312e-010
-0.955	1.21768e-010
-0.954	1.26347e-010
-0.953	1.31053e-010
-0.952	1.35888e-010
-0.951	1.40858e-010
-0.95	1.45967e-010
-0.949	1.5122e-010
-0.948	1.56625e-010
-0.947	1.62186e-010
-0.946	1.67913e-010
-0.945	1.73814e-010
-0.944	1.79897e-010
-0.943	1.86174e-010
-0.942	1.92656e-010
-0.941	1.99355e-010
-0.94	2.06283e-010
-0.939	2.13457e-010
-0.938	2.2089e-010
-0.937	2.28601e-010
-0.936	2.36606e-010
-0.935	2.44924e-010
-0.934	2.53575e-010
-0.933	2.62581e-010
-0.932	2.71963e-010
-0.931	2.81746e-010
-0.93	2.91953e-010
-0.929	3.02611e-010
-0.928	3.13745e-010
-0.927	3.25384e-010
-0.926	3.37555e-010
-0.925	3.50289e-010
-0.924	3.63615e-010
-0.923	3.77564e-010
-0.922	3.92168e-010
-0.921	4.07459e-010
-0.92	4.2347e-010
-0.919	4.40234e-010
-0.918	4.57784e-010
-0.917	4.76156e-010
-0.916	4.95382e-010
-0.915	5.15496e-010
-0.914	5.36533e-010
-0.913	5.58527e-010
-0.912	5.81511e-010
-0.911	6.05521e-010
-0.91	6.30588e-010
-0.909	6.56747e-010
-0.908	6.8403e-010
-0.907	7.12469e-010
-0.906	7.42098e-010
-0.905	7.72947e-010
-0.904	8.05046e-010
-0.903	8.38428e-010
-0.902	8.73123e-010
-0.901	9.09161e-010
-0.9	9.46572e-010
-0.899	9.85386e-010
-0.898	1.02563e-009
-0.897	1.06734e-009
-0.896	1.11054e-009
-0.895	1.15527e-009
-0.894	1.20155e-009
-0.893	1.24942e-009
-0.892	1.29891e-009
-0.891	1.35005e-009
-0.89	1.40289e-009
-0.889	1.45747e-009
-0.888	1.51382e-009
-0.887	1.57198e-009
-0.886	1.63201e-009
-0.885	1.69396e-009
-0.884	1.75789e-009
-0.883	1.82384e-009
-0.882	1.89189e-009
-0.881	1.96211e-009
-0.88	2.03457e-009
-0.879	2.10936e-009
-0.878	2.18655e-009
-0.877	2.26626e-009
-0.876	2.34857e-009
-0.875	2.4336e-009
-0.874	2.52148e-009
-0.873	2.61232e-009
-0.872	2.70627e-009
-0.871	2.80347e-009
-0.87	2.90408e-009
-0.869	3.00826e-009
-0.868	3.1162e-009
-0.867	3.22808e-009
-0.866	3.3441e-009
-0.865	3.46446e-009
-0.864	3.5894e-009
-0.863	3.71914e-009
-0.862	3.85392e-009
-0.861	3.99401e-009
-0.86	4.13966e-009
-0.859	4.29116e-009
-0.858	4.44879e-009
-0.857	4.61285e-009
-0.856	4.78366e-009
-0.855	4.96153e-009
-0.854	5.14679e-009
-0.853	5.33978e-009
-0.852	5.54086e-009
-0.851	5.75039e-009
-0.85	5.96873e-009
-0.849	6.19625e-009
-0.848	6.43336e-009
-0.847	6.68043e-009
-0.846	6.93786e-009
-0.845	7.20607e-009
-0.844	7.48546e-009
-0.843	7.77646e-009
-0.842	8.07949e-009
-0.841	8.39498e-009
-0.84	8.72338e-009
-0.839	9.06511e-009
-0.838	9.42065e-009
-0.837	9.79043e-009
-0.836	1.01749e-008
-0.835	1.05746e-008
-0.834	1.09899e-008
-0.833	1.14213e-008
-0.832	1.18693e-008
-0.831	1.23345e-008
-0.83	1.28172e-008
-0.829	1.33181e-008
-0.828	1.38377e-008
-0.827	1.43764e-008
-0.826	1.49349e-008
-0.825	1.55137e-008
-0.824	1.61135e-008
-0.823	1.67347e-008
-0.822	1.73781e-008
-0.821	1.80443e-008
-0.82	1.8734e-008
-0.819	1.9448e-008
-0.818	2.01869e-008
-0.817	2.09515e-008
-0.816	2.17427e-008
-0.815	2.25613e-008
-0.814	2.34083e-008
-0.813	2.42845e-008
-0.812	2.51911e-008
-0.811	2.6129e-008
-0.81	2.70994e-008
-0.809	2.81035e-008
-0.808	2.91425e-008
-0.807	3.02178e-008
-0.806	3.13307e-008
-0.805	3.24827e-008
-0.804	3.36755e-008
-0.803	3.49105e-008
-0.802	3.61895e-008
-0.801	3.75144e-008
-0.8	3.88871e-008
-0.799	4.03095e-008
-0.798	4.17838e-008
-0.797	4.33121e-008
-0.796	4.48969e-008
-0.795	4.65403e-008
-0.794	4.82452e-008
-0.793	5.0014e-008
-0.792	5.18495e-008
-0.791	5.37546e-008
-0.79	5.57323e-008
-0.789	5.77855e-008
-0.788	5.99176e-008
-0.787	6.21319e-008
-0.786	6.44318e-008
-0.785	6.68209e-008
-0.784	6.93029e-008
-0.783	7.18816e-008
-0.782	7.45609e-008
-0.781	7.73449e-008
-0.78	8.02378e-008
-0.779	8.32439e-008
-0.778	8.63676e-008
-0.777	8.96134e-008
-0.776	9.29861e-008
-0.775	9.64905e-008
-0.774	1.00131e-007
-0.773	1.03914e-007
-0.772	1.07844e-007
-0.771	1.11925e-007
-0.77	1.16165e-007
-0.769	1.20567e-007
-0.768	1.25139e-007
-0.767	1.29886e-007
-0.766	1.34815e-007
-0.765	1.3993e-007
-0.764	1.4524e-007
-0.763	1.5075e-007
-0.762	1.56468e-007
-0.761	1.62401e-007
-0.76	1.68555e-007
-0.759	1.74938e-007
-0.758	1.81559e-007
-0.757	1.88424e-007
-0.756	1.95544e-007
-0.755	2.02925e-007
-0.754	2.10577e-007
-0.753	2.18509e-007
-0.752	2.26731e-007
-0.751	2.35253e-007
-0.75	2.44084e-007
-0.749	2.53237e-007
-0.748	2.62722e-007
-0.747	2.72551e-007
-0.746	2.82735e-007
-0.745	2.93289e-007
-0.744	3.04224e-007
-0.743	3.15555e-007
-0.742	3.27297e-007
-0.741	3.39463e-007
-0.74	3.52071e-007
-0.739	3.65136e-007
-0.738	3.78675e-007
-0.737	3.92707e-007
-0.736	4.0725e-007
-0.735	4.22322e-007
-0.734	4.37946e-007
-0.733	4.54141e-007
-0.732	4.7093e-007
-0.731	4.88336e-007
-0.73	5.06382e-007
-0.729	5.25094e-007
-0.728	5.44497e-007
-0.727	5.64619e-007
-0.726	5.85486e-007
-0.725	6.07129e-007
-0.724	6.29578e-007
-0.723	6.52863e-007
-0.722	6.77018e-007
-0.721	7.02076e-007
-0.72	7.28072e-007
-0.719	7.55043e-007
-0.718	7.83026e-007
-0.717	8.1206e-007
-0.716	8.42185e-007
-0.715	8.73443e-007
-0.714	9.05878e-007
-0.713	9.39532e-007
-0.712	9.74455e-007
-0.711	1.01069e-006
-0.71	1.04829e-006
-0.709	1.08731e-006
-0.708	1.12779e-006
-0.707	1.1698e-006
-0.706	1.21338e-006
-0.705	1.2586e-006
-0.704	1.30552e-006
-0.703	1.3542e-006
-0.702	1.4047e-006
-0.701	1.45709e-006
-0.7	1.51144e-006
-0.699	1.56781e-006
-0.698	1.6263e-006
-0.697	1.68696e-006
-0.696	1.74987e-006
-0.695	1.81513e-006
-0.694	1.88281e-006
-0.693	1.95301e-006
-0.692	2.02581e-006
-0.691	2.1013e-006
-0.69	2.17959e-006
-0.689	2.26077e-006
-0.688	2.34495e-006
-0.687	2.43225e-006
-0.686	2.52276e-006
-0.685	2.61662e-006
-0.684	2.71394e-006
-0.683	2.81485e-006
-0.682	2.91948e-006
-0.681	3.02796e-006
-0.68	3.14046e-006
-0.679	3.25709e-006
-0.678	3.37803e-006
-0.677	3.50343e-006
-0.676	3.63346e-006
-0.675	3.76829e-006
-0.674	3.9081e-006
-0.673	4.05308e-006
-0.672	4.20342e-006
-0.671	4.35932e-006
-0.67	4.52099e-006
-0.669	4.68865e-006
-0.668	4.86253e-006
-0.667	5.04286e-006
-0.666	5.22987e-006
-0.665	5.42383e-006
-0.664	5.62499e-006
-0.663	5.83364e-006
-0.662	6.05004e-006
-0.661	6.27449e-006
-0.66	6.50731e-006
-0.659	6.74879e-006
-0.658	6.99926e-006
-0.657	7.25907e-006
-0.656	7.52856e-006
-0.655	7.8081e-006
-0.654	8.09805e-006
-0.653	8.3988e-006
-0.652	8.71077e-006
-0.651	9.03435e-006
-0.65	9.37e-006
-0.649	9.71815e-006
-0.648	1.00792e-005
-0.647	1.04538e-005
-0.646	1.08422e-005
-0.645	1.12452e-005
-0.644	1.1663e-005
-0.643	1.20964e-005
-0.642	1.25459e-005
-0.641	1.30121e-005
-0.64	1.34955e-005
-0.639	1.39968e-005
-0.638	1.45167e-005
-0.637	1.50559e-005
-0.636	1.56149e-005
-0.635	1.61946e-005
-0.634	1.67958e-005
-0.633	1.74191e-005
-0.632	1.80654e-005
-0.631	1.87355e-005
-0.63	1.94303e-005
-0.629	2.01508e-005
-0.628	2.08978e-005
-0.627	2.16722e-005
-0.626	2.24752e-005
-0.625	2.33078e-005
-0.624	2.4171e-005
-0.623	2.5066e-005
-0.622	2.59939e-005
-0.621	2.69561e-005
-0.62	2.79536e-005
-0.619	2.8988e-005
-0.618	3.00604e-005
-0.617	3.11724e-005
-0.616	3.23254e-005
-0.615	3.3521e-005
-0.614	3.47608e-005
-0.613	3.60464e-005
-0.612	3.73796e-005
-0.611	3.87621e-005
-0.61	4.01958e-005
-0.609	4.16827e-005
-0.608	4.32246e-005
-0.607	4.48239e-005
-0.606	4.64826e-005
-0.605	4.8203e-005
-0.604	4.99873e-005
-0.603	5.18381e-005
-0.602	5.37578e-005
-0.601	5.57491e-005
-0.6	5.78146e-005
-0.599	5.99573e-005
-0.598	6.21798e-005
-0.597	6.44855e-005
-0.596	6.68772e-005
-0.595	6.93583e-005
-0.594	7.19322e-005
-0.593	7.46023e-005
-0.592	7.73722e-005
-0.591	8.02455e-005
-0.59	8.32263e-005
-0.589	8.63184e-005
-0.588	8.95261e-005
-0.587	9.28536e-005
-0.586	9.63053e-005
-0.585	9.98858e-005
-0.584	0.0001036
-0.583	0.000107452
-0.582	0.000111448
-0.581	0.000115593
-0.58	0.000119892
-0.579	0.000124351
-0.578	0.000128975
-0.577	0.000133772
-0.576	0.000138746
-0.575	0.000143904
-0.574	0.000149253
-0.573	0.000154801
-0.572	0.000160553
-0.571	0.000166518
-0.57	0.000172703
-0.569	0.000179117
-0.568	0.000185767
-0.567	0.000192662
-0.566	0.000199811
-0.565	0.000207223
-0.564	0.000214908
-0.563	0.000222875
-0.562	0.000231136
-0.561	0.0002397
-0.56	0.000248579
-0.559	0.000257784
-0.558	0.000267328
-0.557	0.000277222
-0.556	0.000287479
-0.555	0.000298114
-0.554	0.00030914
-0.553	0.000320571
-0.552	0.000332423
-0.551	0.000344712
-0.55	0.000357453
-0.549	0.000370663
-0.548	0.000384361
-0.547	0.000398564
-0.546	0.000413291
-0.545	0.000428562
-0.544	0.000444398
-0.543	0.00046082
-0.542	0.00047785
-0.541	0.000495512
-0.54	0.000513828
-0.539	0.000532824
-0.538	0.000552526
-0.537	0.00057296
-0.536	0.000594155
-0.535	0.000616138
-0.534	0.00063894
-0.533	0.000662592
-0.532	0.000687126
-0.531	0.000712576
-0.53	0.000738975
-0.529	0.00076636
-0.528	0.000794768
-0.527	0.000824237
-0.526	0.000854807
-0.525	0.000886521
-0.524	0.00091942
-0.523	0.000953549
-0.522	0.000988952
-0.521	0.00102568
-0.52	0.00106378
-0.519	0.0011033
-0.518	0.0011443
-0.517	0.00118683
-0.516	0.00123094
-0.515	0.00127671
-0.514	0.00132417
-0.513	0.00137341
-0.512	0.00142448
-0.511	0.00147744
-0.51	0.00153238
-0.509	0.00158936
-0.508	0.00164846
-0.507	0.00170975
-0.506	0.00177331
-0.505	0.00183923
-0.504	0.00190759
-0.503	0.00197848
-0.502	0.00205199
-0.501	0.00212822
-0.5	0.00220727
-0.499	0.00228923
-0.498	0.00237422
-0.497	0.00246235
-0.496	0.00255372
-0.495	0.00264846
-0.494	0.0027467
-0.493	0.00284855
-0.492	0.00295416
-0.491	0.00306365
-0.49	0.00317718
-0.489	0.00329488
-0.488	0.00341693
-0.487	0.00354346
-0.486	0.00367466
-0.485	0.00381069
-0.484	0.00395173
-0.483	0.00409797
-0.482	0.0042496
-0.481	0.00440683
-0.48	0.00456986
-0.479	0.00473891
-0.478	0.0049142
-0.477	0.00509598
-0.476	0.00528447
-0.475	0.00547994
-0.474	0.00568265
-0.473	0.00589286
-0.472	0.00611087
-0.471	0.00633696
-0.47	0.00657144
-0.469	0.00681463
-0.468	0.00706685
-0.467	0.00732845
-0.466	0.00759977
-0.465	0.00788119
-0.464	0.00817309
-0.463	0.00847585
-0.462	0.0087899
-0.461	0.00911565
-0.46	0.00945354
-0.459	0.00980402
-0.458	0.0101676
-0.457	0.0105447
-0.456	0.0109359
-0.455	0.0113417
-0.454	0.0117626
-0.453	0.0121992
-0.452	0.0126521
-0.451	0.0131219
-0.45	0.0136092
-0.449	0.0141147
-0.448	0.014639
-0.447	0.0151829
-0.446	0.015747
-0.445	0.0163321
-0.444	0.016939
-0.443	0.0175685
-0.442	0.0182214
-0.441	0.0188986
-0.44	0.0196009
-0.439	0.0203294
-0.438	0.0210849
-0.437	0.0218684
-0.436	0.022681
-0.435	0.0235237
-0.434	0.0243977
-0.433	0.025304
-0.432	0.0262439
-0.431	0.0272186
-0.43	0.0282294
-0.429	0.0292775
-0.428	0.0303645
-0.427	0.0314916
-0.426	0.0326604
-0.425	0.0338723
-0.424	0.0351291
-0.423	0.0364323
-0.422	0.0377836
-0.421	0.0391848
-0.42	0.0406378
-0.419	0.0421445
-0.418	0.0437068
-0.417	0.0453268
-0.416	0.0470068
-0.415	0.0487487
-0.414	0.0505587
-0.413	0.0524402
-0.412	0.0543899
-0.411	0.0564039
-0.41	0.0584786
-0.409	0.0606098
-0.408	0.0627933
-0.407	0.0650249
-0.406	0.0672999
-0.405	0.069614
-0.404	0.0719628
-0.403	0.0743416
-0.402	0.076746
-0.401	0.0791718
-0.4	0.0816146
-0.399	0.0840703
-0.398	0.0865349
-0.397	0.0890048
-0.396	0.0914765
-0.395	0.0939466
-0.394	0.0964125
-0.393	0.0988714
-0.392	0.101321
-0.391	0.103759
-0.39	0.106185
-0.389	0.108597
-0.388	0.110994
-0.387	0.113377
-0.386	0.115745
-0.385	0.118098
-0.384	0.120439
-0.383	0.122768
-0.382	0.125087
-0.381	0.127399
-0.38	0.129706
-0.379	0.132012
-0.378	0.13432
-0.377	0.136634
-0.376	0.138958
-0.375	0.141298
-0.374	0.143659
-0.373	0.146045
-0.372	0.148463
-0.371	0.150918
-0.37	0.153417
-0.369	0.155966
-0.368	0.158572
-0.367	0.161241
-0.366	0.16398
-0.365	0.166796
-0.364	0.169742
-0.363	0.172865
-0.362	0.176151
-0.361	0.179587
-0.36	0.183161
-0.359	0.186855
-0.358	0.190657
-0.357	0.194549
-0.356	0.198517
-0.355	0.202543
-0.354	0.206611
-0.353	0.210704
-0.352	0.214804
-0.351	0.218896
-0.35	0.222961
-0.349	0.226984
-0.348	0.230946
-0.347	0.234833
-0.346	0.238628
-0.345	0.242315
-0.344	0.24588
-0.343	0.249308
-0.342	0.252585
-0.341	0.255697
-0.34	0.258634
-0.339	0.261382
-0.338	0.263932
-0.337	0.266275
-0.336	0.268399
-0.335	0.2703
-0.334	0.27197
-0.333	0.273402
-0.332	0.274594
-0.331	0.275542
-0.33	0.276243
-0.329	0.276697
-0.328	0.276903
-0.327	0.276864
-0.326	0.276581
-0.325	0.276059
-0.324	0.275302
-0.323	0.274317
-0.322	0.273109
-0.321	0.271687
-0.32	0.270061
-0.319	0.26824
-0.318	0.266236
-0.317	0.264059
-0.316	0.261723
-0.315	0.259241
-0.314	0.256627
-0.313	0.253896
-0.312	0.251062
-0.311	0.248143
-0.31	0.245153
-0.309	0.24211
-0.308	0.23903
-0.307	0.23593
-0.306	0.232826
-0.305	0.229737
-0.304	0.226679
-0.303	0.223669
-0.302	0.220723
-0.301	0.217858
-0.3	0.21509
-0.299	0.212433
-0.298	0.209905
-0.297	0.207517
-0.296	0.205285
-0.295	0.203221
-0.294	0.201338
-0.293	0.199647
-0.292	0.198158
-0.291	0.196881
-0.29	0.195824
-0.289	0.194996
-0.288	0.194402
-0.287	0.194048
-0.286	0.193938
-0.285	0.194075
-0.284	0.194461
-0.283	0.195097
-0.282	0.195983
-0.281	0.197117
-0.28	0.198496
-0.279	0.200117
-0.278	0.201973
-0.277	0.204061
-0.276	0.206372
-0.275	0.208898
-0.274	0.211629
-0.273	0.214557
-0.272	0.217669
-0.271	0.220954
-0.27	0.224399
-0.269	0.227991
-0.268	0.231715
-0.267	0.235556
-0.266	0.239501
-0.265	0.243531
-0.264	0.247631
-0.263	0.251786
-0.262	0.255978
-0.261	0.260189
-0.26	0.264404
-0.259	0.268605
-0.258	0.272775
-0.257	0.276898
-0.256	0.280956
-0.255	0.284933
-0.254	0.288814
-0.253	0.292583
-0.252	0.296226
-0.251	0.299728
-0.25	0.303075
-0.249	0.306254
-0.248	0.309254
-0.247	0.312063
-0.246	0.314671
-0.245	0.317068
-0.244	0.319246
-0.243	0.321198
-0.242	0.322917
-0.241	0.324398
-0.24	0.325638
-0.239	0.326632
-0.238	0.32738
-0.237	0.32788
-0.236	0.328134
-0.235	0.328143
-0.234	0.32791
-0.233	0.327439
-0.232	0.326734
-0.231	0.325804
-0.23	0.324653
-0.229	0.323292
-0.228	0.321729
-0.227	0.319975
-0.226	0.31804
-0.225	0.315938
-0.224	0.31368
-0.223	0.31128
-0.222	0.308753
-0.221	0.306114
-0.22	0.303377
-0.219	0.300559
-0.218	0.297677
-0.217	0.294746
-0.216	0.291783
-0.215	0.288805
-0.214	0.28583
-0.213	0.282875
-0.212	0.279956
-0.211	0.27709
-0.21	0.274294
-0.209	0.271583
-0.208	0.268975
-0.207	0.266484
-0.206	0.264124
-0.205	0.261911
-0.204	0.259858
-0.203	0.257977
-0.202	0.25628
-0.201	0.254779
-0.2	0.253485
-0.199	0.252405
-0.198	0.251548
-0.197	0.250923
-0.196	0.250533
-0.195	0.250386
-0.194	0.250484
-0.193	0.250831
-0.192	0.251428
-0.191	0.252275
-0.19	0.253372
-0.189	0.254717
-0.188	0.256307
-0.187	0.258138
-0.186	0.260204
-0.185	0.262498
-0.184	0.265015
-0.183	0.267744
-0.182	0.270677
-0.181	0.273803
-0.18	0.27711
-0.179	0.280587
-0.178	0.284221
-0.177	0.287997
-0.176	0.291902
-0.175	0.295921
-0.174	0.300037
-0.173	0.304236
-0.172	0.308499
-0.171	0.312813
-0.17	0.317158
-0.169	0.321519
-0.168	0.325878
-0.167	0.330218
-0.166	0.334522
-0.165	0.338775
-0.164	0.342957
-0.163	0.347055
-0.162	0.351051
-0.161	0.354932
-0.16	0.358681
-0.159	0.362285
-0.158	0.36573
-0.157	0.369005
-0.156	0.372096
-0.155	0.374993
-0.154	0.377685
-0.153	0.380164
-0.152	0.382422
-0.151	0.384452
-0.15	0.386247
-0.149	0.387802
-0.148	0.389115
-0.147	0.390181
-0.146	0.391001
-0.145	0.391573
-0.144	0.391899
-0.143	0.39198
-0.142	0.391821
-0.141	0.391424
-0.14	0.390796
-0.139	0.389944
-0.138	0.388874
-0.137	0.387596
-0.136	0.386119
-0.135	0.384455
-0.134	0.382614
-0.133	0.380608
-0.132	0.378452
-0.131	0.376158
-0.13	0.373741
-0.129	0.371217
-0.128	0.3686
-0.127	0.365908
-0.126	0.363156
-0.125	0.360361
-0.124	0.35754
-0.123	0.35471
-0.122	0.351888
-0.121	0.349091
-0.12	0.346336
-0.119	0.34364
-0.118	0.34102
-0.117	0.338491
-0.116	0.336069
-0.115	0.33377
-0.114	0.331608
-0.113	0.329598
-0.112	0.327751
-0.111	0.326082
-0.11	0.324602
-0.109	0.323321
-0.108	0.32225
-0.107	0.321399
-0.106	0.320773
-0.105	0.320381
-0.104	0.320229
-0.103	0.320321
-0.102	0.320661
-0.101	0.32125
-0.1	0.322091