-4	6.35092e-009
-3.999	6.36879e-009
-3.998	6.42287e-009
-3.997	6.38677e-009
-3.996	6.42047e-009
-3.995	6.42947e-009
-3.994	6.37555e-009
-3.993	6.42506e-009
-3.992	6.37815e-009
-3.991	6.36778e-009
-3.99	6.38863e-009
-3.989	6.38177e-009
-3.988	6.33527e-009
-3.987	6.36507e-009
-3.986	6.38333e-009
-3.985	6.31058e-009
-3.984	6.29162e-009
-3.983	6.33102e-009
-3.982	6.30043e-009
-3.981	6.29247e-009
-3.98	6.30181e-009
-3.979	6.32617e-009
-3.978	6.29931e-009
-3.977	6.20469e-009
-3.976	6.24469e-009
-3.975	6.25288e-009
-3.974	6.18877e-009
-3.973	6.20705e-009
-3.972	6.23082e-009
-3.971	6.22256e-009
-3.97	6.22381e-009
-3.969	6.1404e-009
-3.968	6.143e-009
-3.967	6.15002e-009
-3.966	6.1012e-009
-3.965	6.06629e-009
-3.964	6.01325e-009
-3.963	6.06063e-009
-3.962	6.00543e-009
-3.961	6.01493e-009
-3.96	6.00092e-009
-3.959	5.91688e-009
-3.958	5.99802e-009
-3.957	5.96845e-009
-3.956	5.9034e-009
-3.955	5.86652e-009
-3.954	5.86936e-009
-3.953	5.8513e-009
-3.952	5.75845e-009
-3.951	5.78928e-009
-3.95	5.82158e-009
-3.949	5.75935e-009
-3.948	5.74943e-009
-3.947	5.72222e-009
-3.946	5.69472e-009
-3.945	5.64349e-009
-3.944	5.62704e-009
-3.943	5.62572e-009
-3.942	5.57037e-009
-3.941	5.57006e-009
-3.94	5.51141e-009
-3.939	5.54011e-009
-3.938	5.53471e-009
-3.937	5.38789e-009
-3.936	5.41907e-009
-3.935	5.41747e-009
-3.934	5.33933e-009
-3.933	5.32328e-009
-3.932	5.30446e-009
-3.931	5.33669e-009
-3.93	5.26427e-009
-3.929	5.25563e-009
-3.928	5.19251e-009
-3.927	5.14061e-009
-3.926	5.19757e-009
-3.925	5.09106e-009
-3.924	5.05918e-009
-3.923	5.05622e-009
-3.922	5.00948e-009
-3.921	4.98371e-009
-3.92	4.97126e-009
-3.919	4.9302e-009
-3.918	4.90307e-009
-3.917	4.86803e-009
-3.916	4.8757e-009
-3.915	4.81214e-009
-3.914	4.78166e-009
-3.913	4.76371e-009
-3.912	4.701e-009
-3.911	4.70749e-009
-3.91	4.69171e-009
-3.909	4.68691e-009
-3.908	4.54319e-009
-3.907	4.57716e-009
-3.906	4.56238e-009
-3.905	4.46897e-009
-3.904	4.46456e-009
-3.903	4.47741e-009
-3.902	4.46514e-009
-3.901	4.39163e-009
-3.9	4.31957e-009
-3.899	4.31281e-009
-3.898	4.32544e-009
-3.897	4.2617e-009
-3.896	4.24903e-009
-3.895	4.19653e-009
-3.894	4.22072e-009
-3.893	4.13167e-009
-3.892	4.10728e-009
-3.891	4.11043e-009
-3.89	4.02515e-009
-3.889	4.03421e-009
-3.888	3.99366e-009
-3.887	3.92832e-009
-3.886	3.9569e-009
-3.885	3.93195e-009
-3.884	3.90938e-009
-3.883	3.90158e-009
-3.882	3.8441e-009
-3.881	3.82118e-009
-3.88	3.77037e-009
-3.879	3.77305e-009
-3.878	3.77177e-009
-3.877	3.7048e-009
-3.876	3.66097e-009
-3.875	3.69967e-009
-3.874	3.61899e-009
-3.873	3.57583e-009
-3.872	3.56172e-009
-3.871	3.53359e-009
-3.87	3.53798e-009
-3.869	3.52737e-009
-3.868	3.48805e-009
-3.867	3.4825e-009
-3.866	3.47175e-009
-3.865	3.42162e-009
-3.864	3.4164e-009
-3.863	3.36457e-009
-3.862	3.35158e-009
-3.861	3.29369e-009
-3.86	3.32361e-009
-3.859	3.30881e-009
-3.858	3.25632e-009
-3.857	3.24998e-009
-3.856	3.22967e-009
-3.855	3.19825e-009
-3.854	3.17466e-009
-3.853	3.20449e-009
-3.852	3.184e-009
-3.851	3.18445e-009
-3.85	3.12772e-009
-3.849	3.13574e-009
-3.848	3.09883e-009
-3.847	3.05986e-009
-3.846	3.08379e-009
-3.845	3.07991e-009
-3.844	3.06312e-009
-3.843	3.06126e-009
-3.842	3.00879e-009
-3.841	2.99118e-009
-3.84	3.02624e-009
-3.839	2.97437e-009
-3.838	2.99404e-009
-3.837	2.99171e-009
-3.836	2.96088e-009
-3.835	2.93668e-009
-3.834	2.93572e-009
-3.833	2.91863e-009
-3.832	2.91215e-009
-3.831	2.907e-009
-3.83	2.89793e-009
-3.829	2.88609e-009
-3.828	2.91984e-009
-3.827	2.90167e-009
-3.826	2.88199e-009
-3.825	2.92286e-009
-3.824	2.87347e-009
-3.823	2.85555e-009
-3.822	2.87209e-009
-3.821	2.89882e-009
-3.82	2.87825e-009
-3.819	2.87828e-009
-3.818	2.89803e-009
-3.817	2.86833e-009
-3.816	2.88072e-009
-3.815	2.88491e-009
-3.814	2.89007e-009
-3.813	2.91941e-009
-3.812	2.90325e-009
-3.811	2.90284e-009
-3.81	2.88335e-009
-3.809	2.88733e-009
-3.808	2.89879e-009
-3.807	2.87908e-009
-3.806	2.92665e-009
-3.805	2.92258e-009
-3.804	2.93671e-009
-3.803	2.95761e-009
-3.802	2.93937e-009
-3.801	2.94549e-009
-3.8	2.97367e-009
-3.799	2.98157e-009
-3.798	2.97039e-009
-3.797	2.98767e-009
-3.796	3.0129e-009
-3.795	3.02262e-009
-3.794	2.99957e-009
-3.793	3.0292e-009
-3.792	3.02308e-009
-3.791	3.07623e-009
-3.79	3.09781e-009
-3.789	3.11701e-009
-3.788	3.15246e-009
-3.787	3.15931e-009
-3.786	3.18019e-009
-3.785	3.1511e-009
-3.784	3.17705e-009
-3.783	3.19029e-009
-3.782	3.19978e-009
-3.781	3.23263e-009
-3.78	3.27963e-009
-3.779	3.29559e-009
-3.778	3.29659e-009
-3.777	3.28661e-009
-3.776	3.3203e-009
-3.775	3.34574e-009
-3.774	3.34972e-009
-3.773	3.40052e-009
-3.772	3.43281e-009
-3.771	3.44967e-009
-3.77	3.46478e-009
-3.769	3.47863e-009
-3.768	3.50027e-009
-3.767	3.5121e-009
-3.766	3.55585e-009
-3.765	3.59585e-009
-3.764	3.6053e-009
-3.763	3.65265e-009
-3.762	3.66101e-009
-3.761	3.70452e-009
-3.76	3.68099e-009
-3.759	3.69319e-009
-3.758	3.79529e-009
-3.757	3.80621e-009
-3.756	3.85099e-009
-3.755	3.87082e-009
-3.754	3.88659e-009
-3.753	3.89848e-009
-3.752	3.88308e-009
-3.751	3.92575e-009
-3.75	3.96747e-009
-3.749	4.01253e-009
-3.748	4.05544e-009
-3.747	4.04516e-009
-3.746	4.09546e-009
-3.745	4.10234e-009
-3.744	4.11302e-009
-3.743	4.17102e-009
-3.742	4.20513e-009
-3.741	4.27426e-009
-3.74	4.30797e-009
-3.739	4.32983e-009
-3.738	4.3513e-009
-3.737	4.40042e-009
-3.736	4.39828e-009
-3.735	4.38246e-009
-3.734	4.46402e-009
-3.733	4.45604e-009
-3.732	4.49625e-009
-3.731	4.59132e-009
-3.73	4.56248e-009
-3.729	4.63487e-009
-3.728	4.64981e-009
-3.727	4.66041e-009
-3.726	4.72169e-009
-3.725	4.67241e-009
-3.724	4.76436e-009
-3.723	4.8082e-009
-3.722	4.85427e-009
-3.721	4.90511e-009
-3.72	4.87263e-009
-3.719	4.92551e-009
-3.718	4.94636e-009
-3.717	4.96126e-009
-3.716	5.00834e-009
-3.715	5.05177e-009
-3.714	5.06355e-009
-3.713	5.09552e-009
-3.712	5.16804e-009
-3.711	5.19437e-009
-3.71	5.17443e-009
-3.709	5.26685e-009
-3.708	5.2506e-009
-3.707	5.22759e-009
-3.706	5.36156e-009
-3.705	5.34658e-009
-3.704	5.34807e-009
-3.703	5.43158e-009
-3.702	5.405e-009
-3.701	5.42773e-009
-3.7	5.48214e-009
-3.699	5.49833e-009
-3.698	5.56426e-009
-3.697	5.59107e-009
-3.696	5.61076e-009
-3.695	5.63416e-009
-3.694	5.64985e-009
-3.693	5.68462e-009
-3.692	5.69819e-009
-3.691	5.76966e-009
-3.69	5.76623e-009
-3.689	5.78018e-009
-3.688	5.78258e-009
-3.687	5.81549e-009
-3.686	5.8268e-009
-3.685	5.80138e-009
-3.684	5.8988e-009
-3.683	5.91815e-009
-3.682	5.92766e-009
-3.681	5.95002e-009
-3.68	6.00118e-009
-3.679	6.01046e-009
-3.678	5.97624e-009
-3.677	6.03238e-009
-3.676	6.08216e-009
-3.675	6.08346e-009
-3.674	6.16283e-009
-3.673	6.11989e-009
-3.672	6.16318e-009
-3.671	6.2348e-009
-3.67	6.16954e-009
-3.669	6.19606e-009
-3.668	6.23231e-009
-3.667	6.20595e-009
-3.666	6.24949e-009
-3.665	6.29025e-009
-3.664	6.29086e-009
-3.663	6.27586e-009
-3.662	6.30438e-009
-3.661	6.30164e-009
-3.66	6.29511e-009
-3.659	6.37059e-009
-3.658	6.36686e-009
-3.657	6.40784e-009
-3.656	6.42357e-009
-3.655	6.39755e-009
-3.654	6.41545e-009
-3.653	6.40464e-009
-3.652	6.43608e-009
-3.651	6.43672e-009
-3.65	6.3973e-009
-3.649	6.46808e-009
-3.648	6.47823e-009
-3.647	6.44759e-009
-3.646	6.49757e-009
-3.645	6.45539e-009
-3.644	6.46448e-009
-3.643	6.5209e-009
-3.642	6.45907e-009
-3.641	6.43655e-009
-3.64	6.48125e-009
-3.639	6.54153e-009
-3.638	6.44275e-009
-3.637	6.48289e-009
-3.636	6.56262e-009
-3.635	6.52001e-009
-3.634	6.56103e-009
-3.633	6.53671e-009
-3.632	6.55413e-009
-3.631	6.5625e-009
-3.63	6.50526e-009
-3.629	6.50206e-009
-3.628	6.47702e-009
-3.627	6.47209e-009
-3.626	6.42902e-009
-3.625	6.4301e-009
-3.624	6.50404e-009
-3.623	6.45901e-009
-3.622	6.47177e-009
-3.621	6.46625e-009
-3.62	6.43759e-009
-3.619	6.45645e-009
-3.618	6.3647e-009
-3.617	6.44687e-009
-3.616	6.35972e-009
-3.615	6.34776e-009
-3.614	6.41581e-009
-3.613	6.32027e-009
-3.612	6.40758e-009
-3.611	6.4262e-009
-3.61	6.34273e-009
-3.609	6.35388e-009
-3.608	6.35214e-009
-3.607	6.36929e-009
-3.606	6.29267e-009
-3.605	6.24519e-009
-3.604	6.33363e-009
-3.603	6.25549e-009
-3.602	6.28184e-009
-3.601	6.20512e-009
-3.6	6.21767e-009
-3.599	6.2186e-009
-3.598	6.12985e-009
-3.597	6.13648e-009
-3.596	6.1212e-009
-3.595	6.07821e-009
-3.594	6.04947e-009
-3.593	6.0481e-009
-3.592	6.0752e-009
-3.591	6.05936e-009
-3.59	6.00867e-009
-3.589	5.98372e-009
-3.588	5.962e-009
-3.587	5.96976e-009
-3.586	5.88023e-009
-3.585	5.89462e-009
-3.584	5.86962e-009
-3.583	5.86414e-009
-3.582	5.85378e-009
-3.581	5.76795e-009
-3.58	5.79899e-009
-3.579	5.75907e-009
-3.578	5.69289e-009
-3.577	5.682e-009
-3.576	5.71898e-009
-3.575	5.6503e-009
-3.574	5.62254e-009
-3.573	5.59365e-009
-3.572	5.60135e-009
-3.571	5.54657e-009
-3.57	5.5418e-009
-3.569	5.49289e-009
-3.568	5.46799e-009
-3.567	5.47058e-009
-3.566	5.36342e-009
-3.565	5.38103e-009
-3.564	5.34644e-009
-3.563	5.31233e-009
-3.562	5.29064e-009
-3.561	5.26128e-009
-3.56	5.23419e-009
-3.559	5.20388e-009
-3.558	5.13772e-009
-3.557	5.17044e-009
-3.556	5.10041e-009
-3.555	5.0824e-009
-3.554	5.07609e-009
-3.553	5.08221e-009
-3.552	5.03295e-009
-3.551	4.94912e-009
-3.55	4.96033e-009
-3.549	4.89141e-009
-3.548	4.89214e-009
-3.547	4.83985e-009
-3.546	4.78917e-009
-3.545	4.80553e-009
-3.544	4.72326e-009
-3.543	4.70736e-009
-3.542	4.69052e-009
-3.541	4.65081e-009
-3.54	4.63657e-009
-3.539	4.61212e-009
-3.538	4.59507e-009
-3.537	4.52708e-009
-3.536	4.51328e-009
-3.535	4.51047e-009
-3.534	4.45352e-009
-3.533	4.42516e-009
-3.532	4.38706e-009
-3.531	4.35049e-009
-3.53	4.32252e-009
-3.529	4.31501e-009
-3.528	4.25333e-009
-3.527	4.24731e-009
-3.526	4.23116e-009
-3.525	4.20758e-009
-3.524	4.14647e-009
-3.523	4.10792e-009
-3.522	4.10744e-009
-3.521	4.04989e-009
-3.52	4.02901e-009
-3.519	4.01801e-009
-3.518	4.00215e-009
-3.517	3.94654e-009
-3.516	3.93946e-009
-3.515	3.91931e-009
-3.514	3.92133e-009
-3.513	3.86876e-009
-3.512	3.83706e-009
-3.511	3.79828e-009
-3.51	3.77112e-009
-3.509	3.75455e-009
-3.508	3.69329e-009
-3.507	3.7117e-009
-3.506	3.65993e-009
-3.505	3.64308e-009
-3.504	3.64795e-009
-3.503	3.62025e-009
-3.502	3.57233e-009
-3.501	3.5461e-009
-3.5	3.56369e-009
-3.499	3.49389e-009
-3.498	3.50071e-009
-3.497	3.47255e-009
-3.496	3.46879e-009
-3.495	3.44961e-009
-3.494	3.41777e-009
-3.493	3.37538e-009
-3.492	3.3651e-009
-3.491	3.32492e-009
-3.49	3.34121e-009
-3.489	3.34455e-009
-3.488	3.30808e-009
-3.487	3.30702e-009
-3.486	3.24523e-009
-3.485	3.25954e-009
-3.484	3.25724e-009
-3.483	3.21421e-009
-3.482	3.22173e-009
-3.481	3.22143e-009
-3.48	3.15027e-009
-3.479	3.1455e-009
-3.478	3.16861e-009
-3.477	3.13563e-009
-3.476	3.10105e-009
-3.475	3.11927e-009
-3.474	3.10363e-009
-3.473	3.08239e-009
-3.472	3.09549e-009
-3.471	3.05204e-009
-3.47	3.0499e-009
-3.469	3.0644e-009
-3.468	3.02226e-009
-3.467	3.0023e-009
-3.466	3.0259e-009
-3.465	3.01718e-009
-3.464	3.01375e-009
-3.463	3.05237e-009
-3.462	3.043e-009
-3.461	3.02606e-009
-3.46	3.01574e-009
-3.459	2.99993e-009
-3.458	2.98239e-009
-3.457	2.97653e-009
-3.456	2.97611e-009
-3.455	2.99471e-009
-3.454	2.97663e-009
-3.453	2.99279e-009
-3.452	2.9546e-009
-3.451	2.95997e-009
-3.45	2.98713e-009
-3.449	3.00585e-009
-3.448	2.97851e-009
-3.447	3.0061e-009
-3.446	3.03342e-009
-3.445	3.02553e-009
-3.444	3.01624e-009
-3.443	3.01313e-009
-3.442	3.03352e-009
-3.441	3.00557e-009
-3.44	3.03948e-009
-3.439	3.00791e-009
-3.438	3.00423e-009
-3.437	3.04589e-009
-3.436	3.05962e-009
-3.435	3.06062e-009
-3.434	3.07513e-009
-3.433	3.04513e-009
-3.432	3.08685e-009
-3.431	3.13568e-009
-3.43	3.1146e-009
-3.429	3.16026e-009
-3.428	3.15232e-009
-3.427	3.18599e-009
-3.426	3.17285e-009
-3.425	3.16282e-009
-3.424	3.23255e-009
-3.423	3.23658e-009
-3.422	3.27748e-009
-3.421	3.25822e-009
-3.42	3.27652e-009
-3.419	3.29167e-009
-3.418	3.28328e-009
-3.417	3.31324e-009
-3.416	3.30878e-009
-3.415	3.33464e-009
-3.414	3.38559e-009
-3.413	3.37902e-009
-3.412	3.38958e-009
-3.411	3.41274e-009
-3.41	3.43248e-009
-3.409	3.46101e-009
-3.408	3.48352e-009
-3.407	3.51451e-009
-3.406	3.54416e-009
-3.405	3.5859e-009
-3.404	3.58323e-009
-3.403	3.58279e-009
-3.402	3.65055e-009
-3.401	3.63473e-009
-3.4	3.69485e-009
-3.399	3.73377e-009
-3.398	3.73218e-009
-3.397	3.78084e-009
-3.396	3.76772e-009
-3.395	3.78078e-009
-3.394	3.81085e-009
-3.393	3.84452e-009
-3.392	3.89033e-009
-3.391	3.92339e-009
-3.39	3.94005e-009
-3.389	3.95736e-009
-3.388	3.96745e-009
-3.387	4.00052e-009
-3.386	4.03602e-009
-3.385	4.10404e-009
-3.384	4.12657e-009
-3.383	4.1393e-009
-3.382	4.19201e-009
-3.381	4.18848e-009
-3.38	4.22764e-009
-3.379	4.23528e-009
-3.378	4.23927e-009
-3.377	4.30323e-009
-3.376	4.32982e-009
-3.375	4.36869e-009
-3.374	4.37715e-009
-3.373	4.42908e-009
-3.372	4.45265e-009
-3.371	4.4729e-009
-3.37	4.51607e-009
-3.369	4.55984e-009
-3.368	4.58837e-009
-3.367	4.63456e-009
-3.366	4.62397e-009
-3.365	4.70752e-009
-3.364	4.71538e-009
-3.363	4.6979e-009
-3.362	4.81035e-009
-3.361	4.81157e-009
-3.36	4.8474e-009
-3.359	4.85981e-009
-3.358	4.88041e-009
-3.357	4.93411e-009
-3.356	4.92571e-009
-3.355	4.96971e-009
-3.354	4.998e-009
-3.353	5.07615e-009
-3.352	5.10571e-009
-3.351	5.11177e-009
-3.35	5.15553e-009
-3.349	5.15609e-009
-3.348	5.14972e-009
-3.347	5.21446e-009
-3.346	5.24718e-009
-3.345	5.29682e-009
-3.344	5.33962e-009
-3.343	5.33543e-009
-3.342	5.36027e-009
-3.341	5.40691e-009
-3.34	5.50918e-009
-3.339	5.43638e-009
-3.338	5.49215e-009
-3.337	5.5593e-009
-3.336	5.58181e-009
-3.335	5.63154e-009
-3.334	5.59704e-009
-3.333	5.65658e-009
-3.332	5.66454e-009
-3.331	5.63394e-009
-3.33	5.72002e-009
-3.329	5.72307e-009
-3.328	5.71104e-009
-3.327	5.76353e-009
-3.326	5.79474e-009
-3.325	5.85838e-009
-3.324	5.90231e-009
-3.323	5.85753e-009
-3.322	5.92403e-009
-3.321	5.96642e-009
-3.32	5.96642e-009
-3.319	5.97139e-009
-3.318	6.03015e-009
-3.317	6.08463e-009
-3.316	6.07953e-009
-3.315	6.12871e-009
-3.314	6.11709e-009
-3.313	6.08916e-009
-3.312	6.13552e-009
-3.311	6.11068e-009
-3.31	6.15378e-009
-3.309	6.22224e-009
-3.308	6.26744e-009
-3.307	6.23403e-009
-3.306	6.23156e-009
-3.305	6.32458e-009
-3.304	6.30352e-009
-3.303	6.27564e-009
-3.302	6.34553e-009
-3.301	6.3565e-009
-3.3	6.40452e-009
-3.299	6.36608e-009
-3.298	6.39588e-009
-3.297	6.43467e-009
-3.296	6.4203e-009
-3.295	6.47213e-009
-3.294	6.35971e-009
-3.293	6.5314e-009
-3.292	6.50392e-009
-3.291	6.45605e-009
-3.29	6.50096e-009
-3.289	6.52155e-009
-3.288	6.54327e-009
-3.287	6.47409e-009
-3.286	6.52689e-009
-3.285	6.55275e-009
-3.284	6.57598e-009
-3.283	6.57203e-009
-3.282	6.51954e-009
-3.281	6.55538e-009
-3.28	6.66528e-009
-3.279	6.55571e-009
-3.278	6.61512e-009
-3.277	6.62668e-009
-3.276	6.61958e-009
-3.275	6.63655e-009
-3.274	6.55499e-009
-3.273	6.64425e-009
-3.272	6.57425e-009
-3.271	6.66215e-009
-3.27	6.64213e-009
-3.269	6.62977e-009
-3.268	6.67094e-009
-3.267	6.58475e-009
-3.266	6.57673e-009
-3.265	6.59921e-009
-3.264	6.56175e-009
-3.263	6.61192e-009
-3.262	6.55135e-009
-3.261	6.59696e-009
-3.26	6.60137e-009
-3.259	6.48841e-009
-3.258	6.64321e-009
-3.257	6.55938e-009
-3.256	6.56923e-009
-3.255	6.57103e-009
-3.254	6.56494e-009
-3.253	6.59292e-009
-3.252	6.5447e-009
-3.251	6.54782e-009
-3.25	6.52803e-009
-3.249	6.51275e-009
-3.248	6.54211e-009
-3.247	6.46209e-009
-3.246	6.47185e-009
-3.245	6.43479e-009
-3.244	6.43298e-009
-3.243	6.47576e-009
-3.242	6.40361e-009
-3.241	6.43029e-009
-3.24	6.40627e-009
-3.239	6.38413e-009
-3.238	6.35405e-009
-3.237	6.36681e-009
-3.236	6.34741e-009
-3.235	6.30018e-009
-3.234	6.33786e-009
-3.233	6.32586e-009
-3.232	6.23613e-009
-3.231	6.21582e-009
-3.23	6.21921e-009
-3.229	6.19508e-009
-3.228	6.2312e-009
-3.227	6.13971e-009
-3.226	6.19189e-009
-3.225	6.1352e-009
-3.224	6.08873e-009
-3.223	6.08446e-009
-3.222	6.02451e-009
-3.221	6.02501e-009
-3.22	6.00091e-009
-3.219	5.99885e-009
-3.218	5.95811e-009
-3.217	5.97633e-009
-3.216	5.92946e-009
-3.215	5.91747e-009
-3.214	5.89742e-009
-3.213	5.88344e-009
-3.212	5.83564e-009
-3.211	5.84236e-009
-3.21	5.77085e-009
-3.209	5.71542e-009
-3.208	5.73602e-009
-3.207	5.69155e-009
-3.206	5.66366e-009
-3.205	5.64478e-009
-3.204	5.62441e-009
-3.203	5.59582e-009
-3.202	5.55855e-009
-3.201	5.5184e-009
-3.2	5.49391e-009
-3.199	5.4401e-009
-3.198	5.39353e-009
-3.197	5.4514e-009
-3.196	5.34601e-009
-3.195	5.35179e-009
-3.194	5.35457e-009
-3.193	5.27254e-009
-3.192	5.26238e-009
-3.191	5.22513e-009
-3.19	5.19068e-009
-3.189	5.21612e-009
-3.188	5.16762e-009
-3.187	5.11134e-009
-3.186	5.14607e-009
-3.185	5.11975e-009
-3.184	5.0266e-009
-3.183	5.01531e-009
-3.182	5.03732e-009
-3.181	4.92695e-009
-3.18	4.868e-009
-3.179	4.88357e-009
-3.178	4.84437e-009
-3.177	4.79344e-009
-3.176	4.80896e-009
-3.175	4.768e-009
-3.174	4.73013e-009
-3.173	4.69057e-009
-3.172	4.6434e-009
-3.171	4.60748e-009
-3.17	4.66199e-009
-3.169	4.57142e-009
-3.168	4.53855e-009
-3.167	4.52561e-009
-3.166	4.46829e-009
-3.165	4.45044e-009
-3.164	4.41366e-009
-3.163	4.43229e-009
-3.162	4.3518e-009
-3.161	4.33584e-009
-3.16	4.31366e-009
-3.159	4.28304e-009
-3.158	4.24984e-009
-3.157	4.24372e-009
-3.156	4.1964e-009
-3.155	4.14946e-009
-3.154	4.16994e-009
-3.153	4.08703e-009
-3.152	4.05817e-009
-3.151	4.09636e-009
-3.15	4.07854e-009
-3.149	3.96249e-009
-3.148	3.99588e-009
-3.147	3.96417e-009
-3.146	3.92885e-009
-3.145	3.89298e-009
-3.144	3.86762e-009
-3.143	3.85548e-009
-3.142	3.82755e-009
-3.141	3.79182e-009
-3.14	3.72938e-009
-3.139	3.77141e-009
-3.138	3.69663e-009
-3.137	3.70669e-009
-3.136	3.712e-009
-3.135	3.64694e-009
-3.134	3.66939e-009
-3.133	3.63323e-009
-3.132	3.57443e-009
-3.131	3.60376e-009
-3.13	3.53663e-009
-3.129	3.54482e-009
-3.128	3.53075e-009
-3.127	3.47804e-009
-3.126	3.4754e-009
-3.125	3.47323e-009
-3.124	3.39587e-009
-3.123	3.4249e-009
-3.122	3.43815e-009
-3.121	3.36623e-009
-3.12	3.34802e-009
-3.119	3.33232e-009
-3.118	3.35374e-009
-3.117	3.32316e-009
-3.116	3.33159e-009
-3.115	3.27526e-009
-3.114	3.29465e-009
-3.113	3.28796e-009
-3.112	3.23468e-009
-3.111	3.23615e-009
-3.11	3.24796e-009
-3.109	3.24545e-009
-3.108	3.16899e-009
-3.107	3.21474e-009
-3.106	3.17332e-009
-3.105	3.1905e-009
-3.104	3.17298e-009
-3.103	3.13666e-009
-3.102	3.13907e-009
-3.101	3.12308e-009
-3.1	3.13433e-009
-3.099	3.14743e-009
-3.098	3.11438e-009
-3.097	3.11509e-009
-3.096	3.13778e-009
-3.095	3.0962e-009
-3.094	3.12528e-009
-3.093	3.13383e-009
-3.092	3.09697e-009
-3.091	3.10974e-009
-3.09	3.1142e-009
-3.089	3.03771e-009
-3.088	3.09734e-009
-3.087	3.10143e-009
-3.086	3.09721e-009
-3.085	3.09947e-009
-3.084	3.0831e-009
-3.083	3.10135e-009
-3.082	3.11467e-009
-3.081	3.131e-009
-3.08	3.09905e-009
-3.079	3.13767e-009
-3.078	3.16583e-009
-3.077	3.08863e-009
-3.076	3.12653e-009
-3.075	3.14326e-009
-3.074	3.12857e-009
-3.073	3.13872e-009
-3.072	3.14578e-009
-3.071	3.13502e-009
-3.07	3.17453e-009
-3.069	3.17923e-009
-3.068	3.19554e-009
-3.067	3.2243e-009
-3.066	3.24101e-009
-3.065	3.27827e-009
-3.064	3.28975e-009
-3.063	3.23987e-009
-3.062	3.24541e-009
-3.061	3.24709e-009
-3.06	3.27315e-009
-3.059	3.33055e-009
-3.058	3.34814e-009
-3.057	3.32739e-009
-3.056	3.3564e-009
-3.055	3.33984e-009
-3.054	3.35621e-009
-3.053	3.41625e-009
-3.052	3.40345e-009
-3.051	3.4432e-009
-3.05	3.43361e-009
-3.049	3.46335e-009
-3.048	3.49875e-009
-3.047	3.49217e-009
-3.046	3.54022e-009
-3.045	3.54765e-009
-3.044	3.55554e-009
-3.043	3.58055e-009
-3.042	3.65784e-009
-3.041	3.65481e-009
-3.04	3.76667e-009
-3.039	3.77405e-009
-3.038	3.78348e-009
-3.037	3.88647e-009
-3.036	3.86676e-009
-3.035	4.00094e-009
-3.034	3.98472e-009
-3.033	4.11539e-009
-3.032	4.21025e-009
-3.031	4.28016e-009
-3.03	4.44036e-009
-3.029	4.49588e-009
-3.028	4.66233e-009
-3.027	4.7529e-009
-3.026	4.88749e-009
-3.025	5.06758e-009
-3.024	5.20647e-009
-3.023	5.43138e-009
-3.022	5.44851e-009
-3.021	5.76868e-009
-3.02	5.96834e-009
-3.019	6.12465e-009
-3.018	6.38065e-009
-3.017	6.65421e-009
-3.016	6.87663e-009
-3.015	7.17094e-009
-3.014	7.40021e-009
-3.013	7.73693e-009
-3.012	7.97798e-009
-3.011	8.37333e-009
-3.01	8.73598e-009
-3.009	9.11045e-009
-3.008	9.61271e-009
-3.007	9.99547e-009
-3.006	1.05672e-008
-3.005	1.0939e-008
-3.004	1.15457e-008
-3.003	1.21113e-008
-3.002	1.26347e-008
-3.001	1.32891e-008
-3	1.38734e-008
-2.999	1.46443e-008
-2.998	1.52282e-008
-2.997	1.61085e-008
-2.996	1.67065e-008
-2.995	1.76908e-008
-2.994	1.86632e-008
-2.993	1.9394e-008
-2.992	2.06704e-008
-2.991	2.14081e-008
-2.99	2.27145e-008
-2.989	2.38043e-008
-2.988	2.48146e-008
-2.987	2.62853e-008
-2.986	2.74898e-008
-2.985	2.91402e-008
-2.984	3.04077e-008
-2.983	3.22017e-008
-2.982	3.39244e-008
-2.981	3.57459e-008
-2.98	3.73368e-008
-2.979	3.94851e-008
-2.978	4.14229e-008
-2.977	4.36185e-008
-2.976	4.60908e-008
-2.975	4.82717e-008
-2.974	5.10555e-008
-2.973	5.34562e-008
-2.972	5.6462e-008
-2.971	5.93241e-008
-2.97	6.20658e-008
-2.969	6.57549e-008
-2.968	6.8919e-008
-2.967	7.28731e-008
-2.966	7.64347e-008
-2.965	8.05456e-008
-2.964	8.44879e-008
-2.963	8.91482e-008
-2.962	9.36269e-008
-2.961	9.84581e-008
-2.96	1.03915e-007
-2.959	1.09126e-007
-2.958	1.15154e-007
-2.957	1.20429e-007
-2.956	1.27183e-007
-2.955	1.33718e-007
-2.954	1.40696e-007
-2.953	1.47995e-007
-2.952	1.55712e-007
-2.951	1.64166e-007
-2.95	1.72174e-007
-2.949	1.81664e-007
-2.948	1.90576e-007
-2.947	2.00852e-007
-2.946	2.11464e-007
-2.945	2.21636e-007
-2.944	2.34112e-007
-2.943	2.45619e-007
-2.942	2.58319e-007
-2.941	2.71864e-007
-2.94	2.86353e-007
-2.939	3.00278e-007
-2.938	3.16912e-007
-2.937	3.32328e-007
-2.936	3.50709e-007
-2.935	3.67669e-007
-2.934	3.87388e-007
-2.933	4.0783e-007
-2.932	4.28481e-007
-2.931	4.51462e-007
-2.93	4.73478e-007
-2.929	4.99316e-007
-2.928	5.23519e-007
-2.927	5.51803e-007
-2.926	5.80141e-007
-2.925	6.08739e-007
-2.924	6.41938e-007
-2.923	6.73749e-007
-2.922	7.08978e-007
-2.921	7.46309e-007
-2.92	7.84832e-007
-2.919	8.25284e-007
-2.918	8.67176e-007
-2.917	9.13653e-007
-2.916	9.59308e-007
-2.915	1.00944e-006
-2.914	1.0611e-006
-2.913	1.11603e-006
-2.912	1.17287e-006
-2.911	1.23474e-006
-2.91	1.29685e-006
-2.909	1.3646e-006
-2.908	1.43551e-006
-2.907	1.50904e-006
-2.906	1.58724e-006
-2.905	1.66797e-006
-2.904	1.75522e-006
-2.903	1.84386e-006
-2.902	1.94166e-006
-2.901	2.03978e-006
-2.9	2.14598e-006
-2.899	2.25685e-006
-2.898	2.3725e-006
-2.897	2.49498e-006
-2.896	2.6227e-006
-2.895	2.75923e-006
-2.894	2.8977e-006
-2.893	3.05019e-006
-2.892	3.20824e-006
-2.891	3.3719e-006
-2.89	3.54586e-006
-2.889	3.72872e-006
-2.888	3.92013e-006
-2.887	4.12205e-006
-2.886	4.33394e-006
-2.885	4.55874e-006
-2.884	4.79128e-006
-2.883	5.04094e-006
-2.882	5.29853e-006
-2.881	5.57415e-006
-2.88	5.85837e-006
-2.879	6.16252e-006
-2.878	6.47892e-006
-2.877	6.81228e-006
-2.876	7.16293e-006
-2.875	7.53215e-006
-2.874	7.91951e-006
-2.873	8.32886e-006
-2.872	8.76028e-006
-2.871	9.20607e-006
-2.87	9.6865e-006
-2.869	1.01779e-005
-2.868	1.07071e-005
-2.867	1.12552e-005
-2.866	1.18377e-005
-2.865	1.24495e-005
-2.864	1.30874e-005
-2.863	1.37661e-005
-2.862	1.44667e-005
-2.861	1.52126e-005
-2.86	1.59983e-005
-2.859	1.6817e-005
-2.858	1.76916e-005
-2.857	1.86008e-005
-2.856	1.95584e-005
-2.855	2.05654e-005
-2.854	2.1626e-005
-2.853	2.27386e-005
-2.852	2.39079e-005
-2.851	2.51427e-005
-2.85	2.64357e-005
-2.849	2.77996e-005
-2.848	2.92301e-005
-2.847	3.0736e-005
-2.846	3.23179e-005
-2.845	3.39866e-005
-2.844	3.57294e-005
-2.843	3.75744e-005
-2.842	3.95033e-005
-2.841	4.15396e-005
-2.84	4.36845e-005
-2.839	4.59247e-005
-2.838	4.8301e-005
-2.837	5.07803e-005
-2.836	5.34018e-005
-2.835	5.6151e-005
-2.834	5.90398e-005
-2.833	6.20826e-005
-2.832	6.52754e-005
-2.831	6.86426e-005
-2.83	7.21793e-005
-2.829	7.58957e-005
-2.828	7.98086e-005
-2.827	8.39025e-005
-2.826	8.82363e-005
-2.825	9.27688e-005
-2.824	9.75561e-005
-2.823	0.000102586
-2.822	0.000107852
-2.821	0.000113431
-2.82	0.000119256
-2.819	0.000125405
-2.818	0.000131869
-2.817	0.000138629
-2.816	0.000145807
-2.815	0.000153289
-2.814	0.000161204
-2.813	0.000169484
-2.812	0.000178234
-2.811	0.000187394
-2.81	0.000197054
-2.809	0.000207204
-2.808	0.000217874
-2.807	0.000229107
-2.806	0.000240894
-2.805	0.000253303
-2.804	0.000266368
-2.803	0.000280068
-2.802	0.000294508
-2.801	0.000309652
-2.8	0.000325602
-2.799	0.000342376
-2.798	0.000360019
-2.797	0.000378551
-2.796	0.000398048
-2.795	0.000418553
-2.794	0.000440096
-2.793	0.000462767
-2.792	0.000486605
-2.791	0.00051164
-2.79	0.000538031
-2.789	0.000565725
-2.788	0.00059487
-2.787	0.000625503
-2.786	0.00065773
-2.785	0.000691603
-2.784	0.000727192
-2.783	0.000764664
-2.782	0.000804033
-2.781	0.000845468
-2.78	0.000888985
-2.779	0.000934794
-2.778	0.000982941
-2.777	0.00103356
-2.776	0.00108681
-2.775	0.00114273
-2.774	0.00120159
-2.773	0.0012635
-2.772	0.00132855
-2.771	0.00139697
-2.77	0.00146892
-2.769	0.00154459
-2.768	0.00162417
-2.767	0.00170777
-2.766	0.00179577
-2.765	0.00188821
-2.764	0.00198547
-2.763	0.00208772
-2.762	0.00219525
-2.761	0.00230834
-2.76	0.00242723
-2.759	0.00255221
-2.758	0.00268368
-2.757	0.00282185
-2.756	0.00296719
-2.755	0.00312008
-2.754	0.00328071
-2.753	0.00344972
-2.752	0.00362735
-2.751	0.00381423
-2.75	0.00401058
-2.749	0.00421712
-2.748	0.00443436
-2.747	0.00466275
-2.746	0.00490287
-2.745	0.00515535
-2.744	0.00542096
-2.743	0.00570006
-2.742	0.00599366
-2.741	0.00630234
-2.74	0.00662692
-2.739	0.00696824
-2.738	0.00732721
-2.737	0.00770455
-2.736	0.00810132
-2.735	0.00851863
-2.734	0.00895726
-2.733	0.00941855
-2.732	0.00990359
-2.731	0.0104138
-2.73	0.0109501
-2.729	0.011514
-2.728	0.012107
-2.727	0.0127307
-2.726	0.0133863
-2.725	0.0140756
-2.724	0.0148007
-2.723	0.0155628
-2.722	0.0163645
-2.721	0.0172072
-2.72	0.0180934
-2.719	0.0190254
-2.718	0.0200049
-2.717	0.0210356
-2.716	0.0221187
-2.715	0.0232581
-2.714	0.0244558
-2.713	0.0256759
-2.712	0.0269167
-2.711	0.0281768
-2.71	0.0294545
-2.709	0.0307483
-2.708	0.0320568
-2.707	0.0333781
-2.706	0.0347106
-2.705	0.0360529
-2.704	0.0374033
-2.703	0.03876
-2.702	0.0401215
-2.701	0.0414859
-2.7	0.0428518
-2.699	0.0442174
-2.698	0.045581
-2.697	0.0469409
-2.696	0.0482957
-2.695	0.0496434
-2.694	0.0509824
-2.693	0.0523113
-2.692	0.0536282
-2.691	0.0549316
-2.69	0.0562201
-2.689	0.0574918
-2.688	0.0587452
-2.687	0.0599788
-2.686	0.0611914
-2.685	0.0623811
-2.684	0.0635465
-2.683	0.0646866
-2.682	0.0657994
-2.681	0.0668838
-2.68	0.0679386
-2.679	0.0689624
-2.678	0.0699539
-2.677	0.070912
-2.676	0.0718355
-2.675	0.0727233
-2.674	0.073574
-2.673	0.0743872
-2.672	0.0751614
-2.671	0.0758958
-2.67	0.0765895
-2.669	0.0772417
-2.668	0.0778517
-2.667	0.0784185
-2.666	0.0789416
-2.665	0.0794204
-2.664	0.0798543
-2.663	0.0802427
-2.662	0.0805853
-2.661	0.0808814
-2.66	0.0811308
-2.659	0.0813334
-2.658	0.081489
-2.657	0.081597
-2.656	0.0816575
-2.655	0.0816705
-2.654	0.081636
-2.653	0.0815542
-2.652	0.081425
-2.651	0.0812486
-2.65	0.081025
-2.649	0.0807551
-2.648	0.080439
-2.647	0.0800768
-2.646	0.0796694
-2.645	0.0792169
-2.644	0.0787203
-2.643	0.07818
-2.642	0.0775968
-2.641	0.0769712
-2.64	0.0763042
-2.639	0.0755968
-2.638	0.0748496
-2.637	0.0740637
-2.636	0.07324
-2.635	0.0723794
-2.634	0.0714836
-2.633	0.070553
-2.632	0.0695892
-2.631	0.0685932
-2.63	0.0675664
-2.629	0.0665101
-2.628	0.0654255
-2.627	0.0643141
-2.626	0.0631772
-2.625	0.0620161
-2.624	0.0608325
-2.623	0.0596278
-2.622	0.0584036
-2.621	0.0571612
-2.62	0.0559025
-2.619	0.0546287
-2.618	0.0533416
-2.617	0.0520428
-2.616	0.050734
-2.615	0.0494167
-2.614	0.0480927
-2.613	0.0467636
-2.612	0.0454309
-2.611	0.0440965
-2.61	0.0427619
-2.609	0.041429
-2.608	0.0400992
-2.607	0.0387744
-2.606	0.0374561
-2.605	0.036146
-2.604	0.0348459
-2.603	0.0335571
-2.602	0.0322816
-2.601	0.0310206
-2.6	0.0297759
-2.599	0.0285492
-2.598	0.0273419
-2.597	0.0261554
-2.596	0.0249914
-2.595	0.0238512
-2.594	0.0227362
-2.593	0.021648
-2.592	0.0205879
-2.591	0.0195571
-2.59	0.0185571
-2.589	0.0175889
-2.588	0.0166541
-2.587	0.0157535
-2.586	0.0148884
-2.585	0.01406
-2.584	0.0132691
-2.583	0.0125169
-2.582	0.0118042
-2.581	0.0111321
-2.58	0.0105013
-2.579	0.00991263
-2.578	0.00936692
-2.577	0.00886479
-2.576	0.00840694
-2.575	0.00799381
-2.574	0.00762611
-2.573	0.00730422
-2.572	0.0070286
-2.571	0.00679963
-2.57	0.00661762
-2.569	0.00648275
-2.568	0.00639525
-2.567	0.00635522
-2.566	0.00636279
-2.565	0.00641791
-2.564	0.00652061
-2.563	0.00667075
-2.562	0.00686807
-2.561	0.00711256
-2.56	0.00740376
-2.559	0.00774139
-2.558	0.00812506
-2.557	0.00855429
-2.556	0.00902856
-2.555	0.00954742
-2.554	0.0101101
-2.553	0.010716
-2.552	0.0113645
-2.551	0.0120546
-2.55	0.0127856
-2.549	0.0135566
-2.548	0.0143666
-2.547	0.0152147
-2.546	0.0160999
-2.545	0.0170211
-2.544	0.0179771
-2.543	0.0189668
-2.542	0.019989
-2.541	0.0210426
-2.54	0.022126
-2.539	0.0232381
-2.538	0.0243775
-2.537	0.0255429
-2.536	0.0267326
-2.535	0.0279455
-2.534	0.02918
-2.533	0.0304345
-2.532	0.0317075
-2.531	0.0329975
-2.53	0.034303
-2.529	0.0356222
-2.528	0.0369537
-2.527	0.0382957
-2.526	0.0396467
-2.525	0.0410049
-2.524	0.0423688
-2.523	0.0437366
-2.522	0.0451069
-2.521	0.0464776
-2.52	0.0478474
-2.519	0.0492144
-2.518	0.050577
-2.517	0.0519336
-2.516	0.0532825
-2.515	0.054622
-2.514	0.0559505
-2.513	0.0572665
-2.512	0.0585681
-2.511	0.0598541
-2.51	0.0611227
-2.509	0.0623722
-2.508	0.0636014
-2.507	0.0648086
-2.506	0.0659925
-2.505	0.0671515
-2.504	0.0682843
-2.503	0.0693894
-2.502	0.0704653
-2.501	0.0715111
-2.5	0.0725254
-2.499	0.073507
-2.498	0.0744545
-2.497	0.0753668
-2.496	0.076243
-2.495	0.0770819
-2.494	0.0778823
-2.493	0.0786436
-2.492	0.0793646
-2.491	0.0800447
-2.49	0.0806828
-2.489	0.0812784
-2.488	0.0818304
-2.487	0.0823384
-2.486	0.082802
-2.485	0.0832202
-2.484	0.0835931
-2.483	0.0839197
-2.482	0.0841997
-2.481	0.0844329
-2.48	0.0846192
-2.479	0.0847582
-2.478	0.0848498
-2.477	0.0848939
-2.476	0.0848903
-2.475	0.0848393
-2.474	0.0847411
-2.473	0.0845954
-2.472	0.0844026
-2.471	0.0841633
-2.47	0.0838772
-2.469	0.0835452
-2.468	0.0831675
-2.467	0.0827447
-2.466	0.0822773
-2.465	0.0817657
-2.464	0.0812109
-2.463	0.0806134
-2.462	0.0799741
-2.461	0.0792937
-2.46	0.0785732
-2.459	0.0778134
-2.458	0.0770152
-2.457	0.0761798
-2.456	0.0753081
-2.455	0.0744014
-2.454	0.0734607
-2.453	0.0724872
-2.452	0.0714822
-2.451	0.0704468
-2.45	0.0693826
-2.449	0.0682907
-2.448	0.0671726
-2.447	0.0660296
-2.446	0.0648633
-2.445	0.0636749
-2.444	0.0624662
-2.443	0.0612387
-2.442	0.0599937
-2.441	0.0587328
-2.44	0.0574579
-2.439	0.0561705
-2.438	0.054872
-2.437	0.0535641
-2.436	0.0522486
-2.435	0.0509272
-2.434	0.0496012
-2.433	0.0482725
-2.432	0.0469428
-2.431	0.0456138
-2.43	0.0442871
-2.429	0.0429644
-2.428	0.0416474
-2.427	0.0403377
-2.426	0.0390369
-2.425	0.0377467
-2.424	0.0364687
-2.423	0.0352046
-2.422	0.0339559
-2.421	0.0327243
-2.42	0.0315111
-2.419	0.030318
-2.418	0.0291466
-2.417	0.0279981
-2.416	0.0268742
-2.415	0.0257762
-2.414	0.0247055
-2.413	0.0236636
-2.412	0.0226515
-2.411	0.0216708
-2.41	0.0207226
-2.409	0.0198081
-2.408	0.0189285
-2.407	0.0180848
-2.406	0.0172783
-2.405	0.0165098
-2.404	0.0157805
-2.403	0.015091
-2.402	0.0144425
-2.401	0.0138358
-2.4	0.0132715
-2.399	0.0127504
-2.398	0.0122732
-2.397	0.0118406
-2.396	0.011453
-2.395	0.0111109
-2.394	0.010815
-2.393	0.0105655
-2.392	0.0103628
-2.391	0.0102071
-2.39	0.0100986
-2.389	0.0100376
-2.388	0.0100242
-2.387	0.0100584
-2.386	0.0101401
-2.385	0.0102693
-2.384	0.0104458
-2.383	0.0106696
-2.382	0.0109403
-2.381	0.0112576
-2.38	0.0116212
-2.379	0.0120306
-2.378	0.0124853
-2.377	0.012985
-2.376	0.0135287
-2.375	0.0141163
-2.374	0.0147465
-2.373	0.015419
-2.372	0.0161328
-2.371	0.016887
-2.37	0.017681
-2.369	0.0185134
-2.368	0.0193836
-2.367	0.0202903
-2.366	0.0212325
-2.365	0.022209
-2.364	0.0232187
-2.363	0.0242604
-2.362	0.0253327
-2.361	0.0264344
-2.36	0.0275642
-2.359	0.0287207
-2.358	0.0299024
-2.357	0.031108
-2.356	0.032336
-2.355	0.0335849
-2.354	0.0348531
-2.353	0.0361392
-2.352	0.0374416
-2.351	0.0387585
-2.35	0.0400887
-2.349	0.0414304
-2.348	0.0427819
-2.347	0.0441414
-2.346	0.0455078
-2.345	0.0468789
-2.344	0.0482531
-2.343	0.0496291
-2.342	0.0510048
-2.341	0.0523788
-2.34	0.0537493
-2.339	0.0551145
-2.338	0.0564731
-2.337	0.0578232
-2.336	0.0591633
-2.335	0.0604916
-2.334	0.0618064
-2.333	0.0631064
-2.332	0.06439
-2.331	0.0656556
-2.33	0.0669012
-2.329	0.068126
-2.328	0.0693282
-2.327	0.0705062
-2.326	0.0716588
-2.325	0.0727845
-2.324	0.0738821
-2.323	0.0749499
-2.322	0.0759867
-2.321	0.0769919
-2.32	0.0779635
-2.319	0.0789005
-2.318	0.0798019
-2.317	0.0806667
-2.316	0.0814936
-2.315	0.0822819
-2.314	0.0830304
-2.313	0.0837382
-2.312	0.0844049
-2.311	0.0850292
-2.31	0.0856104
-2.309	0.0861481
-2.308	0.0866414
-2.307	0.0870899
-2.306	0.0874931
-2.305	0.0878504
-2.304	0.0881614
-2.303	0.0884256
-2.302	0.088643
-2.301	0.0888133
-2.3	0.0889363
-2.299	0.0890118
-2.298	0.0890397
-2.297	0.0890201
-2.296	0.088953
-2.295	0.0888386
-2.294	0.0886771
-2.293	0.0884686
-2.292	0.0882136
-2.291	0.0879121
-2.29	0.0875647
-2.289	0.087172
-2.288	0.0867343
-2.287	0.0862522
-2.286	0.0857265
-2.285	0.0851577
-2.284	0.0845466
-2.283	0.083894
-2.282	0.0832007
-2.281	0.0824677
-2.28	0.0816959
-2.279	0.0808862
-2.278	0.0800396
-2.277	0.0791575
-2.276	0.0782406
-2.275	0.0772904
-2.274	0.0763078
-2.273	0.0752944
-2.272	0.0742511
-2.271	0.0731798
-2.27	0.0720811
-2.269	0.070957
-2.268	0.0698088
-2.267	0.0686378
-2.266	0.0674455
-2.265	0.0662335
-2.264	0.0650033
-2.263	0.0637563
-2.262	0.0624945
-2.261	0.0612191
-2.26	0.0599319
-2.259	0.0586344
-2.258	0.0573284
-2.257	0.0560152
-2.256	0.0546969
-2.255	0.0533751
-2.254	0.0520512
-2.253	0.0507271
-2.252	0.0494043
-2.251	0.0480848
-2.25	0.0467699
-2.249	0.0454613
-2.248	0.0441609
-2.247	0.0428702
-2.246	0.0415908
-2.245	0.0403243
-2.244	0.0390724
-2.243	0.0378367
-2.242	0.0366187
-2.241	0.0354198
-2.24	0.0342418
-2.239	0.033086
-2.238	0.0319539
-2.237	0.0308471
-2.236	0.0297668
-2.235	0.0287143
-2.234	0.0276912
-2.233	0.0266987
-2.232	0.025738
-2.231	0.0248104
-2.23	0.023917
-2.229	0.023059
-2.228	0.0222375
-2.227	0.0214535
-2.226	0.0207081
-2.225	0.0200021
-2.224	0.0193366
-2.223	0.0187123
-2.222	0.0181302
-2.221	0.0175908
-2.22	0.017095
-2.219	0.0166434
-2.218	0.0162366
-2.217	0.0158751
-2.216	0.0155594
-2.215	0.0152898
-2.214	0.015067
-2.213	0.014891
-2.212	0.0147622
-2.211	0.0146807
-2.21	0.0146467
-2.209	0.0146603
-2.208	0.0147214
-2.207	0.0148302
-2.206	0.0149864
-2.205	0.0151898
-2.204	0.0154404
-2.203	0.0157377
-2.202	0.0160816
-2.201	0.0164715
-2.2	0.016907
-2.199	0.0173876
-2.198	0.0179129
-2.197	0.0184821
-2.196	0.0190945
-2.195	0.0197495
-2.194	0.0204464
-2.193	0.0211842
-2.192	0.021962
-2.191	0.0227791
-2.19	0.0236343
-2.189	0.0245267
-2.188	0.0254552
-2.187	0.0264186
-2.186	0.0274159
-2.185	0.0284458
-2.184	0.0295071
-2.183	0.0305984
-2.182	0.0317186
-2.181	0.0328663
-2.18	0.0340399
-2.179	0.0352383
-2.178	0.0364598
-2.177	0.0377031
-2.176	0.0389664
-2.175	0.0402486
-2.174	0.041548
-2.173	0.0428629
-2.172	0.0441916
-2.171	0.0455329
-2.17	0.0468848
-2.169	0.0482458
-2.168	0.0496144
-2.167	0.0509886
-2.166	0.0523671
-2.165	0.0537481
-2.164	0.0551299
-2.163	0.0565107
-2.162	0.0578889
-2.161	0.0592631
-2.16	0.0606312
-2.159	0.0619918
-2.158	0.0633434
-2.157	0.064684
-2.156	0.0660122
-2.155	0.0673263
-2.154	0.0686249
-2.153	0.0699062
-2.152	0.0711687
-2.151	0.072411
-2.15	0.0736314
-2.149	0.0748286
-2.148	0.076001
-2.147	0.0771475
-2.146	0.0782664
-2.145	0.0793564
-2.144	0.0804163
-2.143	0.0814449
-2.142	0.0824407
-2.141	0.0834025
-2.14	0.0843295
-2.139	0.0852202
-2.138	0.0860737
-2.137	0.0868893
-2.136	0.0876655
-2.135	0.0884016
-2.134	0.0890967
-2.133	0.0897502
-2.132	0.0903611
-2.131	0.0909284
-2.13	0.0914522
-2.129	0.091931
-2.128	0.0923649
-2.127	0.0927532
-2.126	0.0930956
-2.125	0.0933914
-2.124	0.0936403
-2.123	0.0938424
-2.122	0.0939971
-2.121	0.0941045
-2.12	0.0941645
-2.119	0.0941769
-2.118	0.0941416
-2.117	0.0940592
-2.116	0.0939293
-2.115	0.0937524
-2.114	0.0935289
-2.113	0.0932586
-2.112	0.0929423
-2.111	0.0925802
-2.11	0.0921729
-2.109	0.091721
-2.108	0.0912252
-2.107	0.0906858
-2.106	0.0901037
-2.105	0.0894798
-2.104	0.0888145
-2.103	0.0881091
-2.102	0.0873645
-2.101	0.0865812
-2.1	0.0857607
-2.099	0.0849039
-2.098	0.0840119
-2.097	0.0830857
-2.096	0.0821266
-2.095	0.081136
-2.094	0.0801148
-2.093	0.0790646
-2.092	0.0779868
-2.091	0.0768824
-2.09	0.0757531
-2.089	0.0746003
-2.088	0.0734256
-2.087	0.0722301
-2.086	0.0710156
-2.085	0.0697836
-2.084	0.0685358
-2.083	0.0672735
-2.082	0.0659986
-2.081	0.0647125
-2.08	0.0634168
-2.079	0.0621134
-2.078	0.0608037
-2.077	0.0594896
-2.076	0.0581724
-2.075	0.0568544
-2.074	0.0555368
-2.073	0.0542212
-2.072	0.0529093
-2.071	0.0516031
-2.07	0.050304
-2.069	0.0490138
-2.068	0.047734
-2.067	0.0464662
-2.066	0.0452121
-2.065	0.0439732
-2.064	0.0427514
-2.063	0.0415478
-2.062	0.0403642
-2.061	0.039202
-2.06	0.0380628
-2.059	0.036948
-2.058	0.0358589
-2.057	0.0347971
-2.056	0.0337638
-2.055	0.0327603
-2.054	0.031788
-2.053	0.0308482
-2.052	0.0299419
-2.051	0.0290704
-2.05	0.0282347
-2.049	0.0274361
-2.048	0.0266754
-2.047	0.0259538
-2.046	0.0252721
-2.045	0.0246311
-2.044	0.0240319
-2.043	0.023475
-2.042	0.0229613
-2.041	0.0224914
-2.04	0.0220661
-2.039	0.0216857
-2.038	0.0213509
-2.037	0.0210621
-2.036	0.0208196
-2.035	0.020624
-2.034	0.0204754
-2.033	0.0203741
-2.032	0.0203202
-2.031	0.0203137
-2.03	0.020355
-2.029	0.0204437
-2.028	0.02058
-2.027	0.0207636
-2.026	0.0209946
-2.025	0.0212725
-2.024	0.0215969
-2.023	0.0219678
-2.022	0.0223845
-2.021	0.0228466
-2.02	0.0233536
-2.019	0.0239049
-2.018	0.0244999
-2.017	0.0251378
-2.016	0.0258181
-2.015	0.0265397
-2.014	0.0273018
-2.013	0.0281036
-2.012	0.0289443
-2.011	0.0298227
-2.01	0.0307376
-2.009	0.0316882
-2.008	0.0326733
-2.007	0.0336917
-2.006	0.0347421
-2.005	0.0358234
-2.004	0.0369341
-2.003	0.0380731
-2.002	0.0392389
-2.001	0.0404302
-2	0.0416454
-1.999	0.0428832
-1.998	0.044142
-1.997	0.0454203
-1.996	0.0467167
-1.995	0.0480294
-1.994	0.0493571
-1.993	0.0506979
-1.992	0.0520504
-1.991	0.053413
-1.99	0.0547839
-1.989	0.0561615
-1.988	0.0575442
-1.987	0.0589303
-1.986	0.0603181
-1.985	0.0617058
-1.984	0.0630921
-1.983	0.064475
-1.982	0.065853
-1.981	0.0672243
-1.98	0.0685872
-1.979	0.0699405
-1.978	0.0712819
-1.977	0.0726104
-1.976	0.0739239
-1.975	0.0752211
-1.974	0.0765006
-1.973	0.0777605
-1.972	0.0789996
-1.971	0.080216
-1.97	0.0814086
-1.969	0.0825758
-1.968	0.0837163
-1.967	0.0848287
-1.966	0.0859117
-1.965	0.086964
-1.964	0.0879842
-1.963	0.0889712
-1.962	0.0899238
-1.961	0.0908411
-1.96	0.0917216
-1.959	0.0925645
-1.958	0.0933687
-1.957	0.0941335
-1.956	0.0948575
-1.955	0.0955403
-1.954	0.096181
-1.953	0.0967789
-1.952	0.0973332
-1.951	0.097843
-1.95	0.0983083
-1.949	0.0987281
-1.948	0.0991021
-1.947	0.0994298
-1.946	0.0997111
-1.945	0.0999453
-1.944	0.100133
-1.943	0.100272
-1.942	0.100365
-1.941	0.10041
-1.94	0.100407
-1.939	0.100357
-1.938	0.10026
-1.937	0.100115
-1.936	0.0999235
-1.935	0.0996855
-1.934	0.0994009
-1.933	0.0990703
-1.932	0.0986943
-1.931	0.0982735
-1.93	0.0978081
-1.929	0.097299
-1.928	0.0967469
-1.927	0.0961523
-1.926	0.0955161
-1.925	0.0948393
-1.924	0.0941225
-1.923	0.0933669
-1.922	0.0925733
-1.921	0.091743
-1.92	0.0908767
-1.919	0.0899754
-1.918	0.0890409
-1.917	0.0880739
-1.916	0.0870759
-1.915	0.0860482
-1.914	0.0849919
-1.913	0.0839086
-1.912	0.0827993
-1.911	0.081666
-1.91	0.0805095
-1.909	0.0793318
-1.908	0.0781343
-1.907	0.0769183
-1.906	0.0756858
-1.905	0.0744376
-1.904	0.073176
-1.903	0.0719025
-1.902	0.0706184
-1.901	0.0693258
-1.9	0.068026
-1.899	0.0667207
-1.898	0.0654115
-1.897	0.0641006
-1.896	0.0627892
-1.895	0.0614788
-1.894	0.0601712
-1.893	0.0588684
-1.892	0.0575719
-1.891	0.0562833
-1.89	0.0550042
-1.889	0.0537364
-1.888	0.0524811
-1.887	0.0512404
-1.886	0.0500157
-1.885	0.0488084
-1.884	0.0476206
-1.883	0.046453
-1.882	0.0453077
-1.881	0.0441861
-1.88	0.0430894
-1.879	0.0420192
-1.878	0.0409766
-1.877	0.0399632
-1.876	0.0389806
-1.875	0.0380294
-1.874	0.0371112
-1.873	0.0362271
-1.872	0.0353786
-1.871	0.0345661
-1.87	0.0337912
-1.869	0.0330549
-1.868	0.0323578
-1.867	0.0317011
-1.866	0.0310856
-1.865	0.0305122
-1.864	0.0299812
-1.863	0.0294941
-1.862	0.029051
-1.861	0.0286527
-1.86	0.0282995
-1.859	0.0279922
-1.858	0.0277311
-1.857	0.0275165
-1.856	0.0273487
-1.855	0.0272283
-1.854	0.0271551
-1.853	0.0271294
-1.852	0.0271513
-1.851	0.0272208
-1.85	0.0273378
-1.849	0.0275023
-1.848	0.0277142
-1.847	0.0279731
-1.846	0.0282788
-1.845	0.0286312
-1.844	0.0290296
-1.843	0.0294738
-1.842	0.0299629
-1.841	0.030497
-1.84	0.031075
-1.839	0.0316963
-1.838	0.0323603
-1.837	0.0330662
-1.836	0.033813
-1.835	0.0346001
-1.834	0.0354265
-1.833	0.0362911
-1.832	0.037193
-1.831	0.0381312
-1.83	0.0391044
-1.829	0.0401116
-1.828	0.0411515
-1.827	0.042223
-1.826	0.0433247
-1.825	0.0444552
-1.824	0.0456134
-1.823	0.0467979
-1.822	0.0480071
-1.821	0.0492396
-1.82	0.0504941
-1.819	0.051769
-1.818	0.0530624
-1.817	0.0543733
-1.816	0.0557001
-1.815	0.0570409
-1.814	0.0583943
-1.813	0.0597586
-1.812	0.061132
-1.811	0.0625132
-1.81	0.0639006
-1.809	0.0652919
-1.808	0.066686
-1.807	0.0680811
-1.806	0.0694755
-1.805	0.0708673
-1.804	0.0722553
-1.803	0.0736376
-1.802	0.0750124
-1.801	0.0763781
-1.8	0.0777333
-1.799	0.0790763
-1.798	0.0804054
-1.797	0.0817189
-1.796	0.0830152
-1.795	0.0842932
-1.794	0.0855511
-1.793	0.0867872
-1.792	0.0880002
-1.791	0.0891885
-1.79	0.090351
-1.789	0.0914863
-1.788	0.0925926
-1.787	0.093669
-1.786	0.094714
-1.785	0.0957266
-1.784	0.0967054
-1.783	0.0976493
-1.782	0.0985572
-1.781	0.0994281
-1.78	0.100261
-1.779	0.101054
-1.778	0.101808
-1.777	0.102521
-1.776	0.103192
-1.775	0.103821
-1.774	0.104406
-1.773	0.104948
-1.772	0.105445
-1.771	0.105897
-1.77	0.106303
-1.769	0.106663
-1.768	0.106977
-1.767	0.107245
-1.766	0.107465
-1.765	0.107638
-1.764	0.107764
-1.763	0.107842
-1.762	0.107873
-1.761	0.107856
-1.76	0.107792
-1.759	0.10768
-1.758	0.107522
-1.757	0.107316
-1.756	0.107064
-1.755	0.106766
-1.754	0.106422
-1.753	0.106033
-1.752	0.105599
-1.751	0.105121
-1.75	0.1046
-1.749	0.104036
-1.748	0.10343
-1.747	0.102782
-1.746	0.102095
-1.745	0.101368
-1.744	0.100602
-1.743	0.099799
-1.742	0.0989593
-1.741	0.0980846
-1.74	0.0971755
-1.739	0.0962335
-1.738	0.0952598
-1.737	0.0942555
-1.736	0.0932221
-1.735	0.0921604
-1.734	0.0910727
-1.733	0.0899598
-1.732	0.088823
-1.731	0.0876641
-1.73	0.0864847
-1.729	0.085286
-1.728	0.0840696
-1.727	0.0828372
-1.726	0.0815902
-1.725	0.0803302
-1.724	0.0790591
-1.723	0.0777785
-1.722	0.0764898
-1.721	0.0751947
-1.72	0.0738949
-1.719	0.0725921
-1.718	0.071288
-1.717	0.0699842
-1.716	0.0686824
-1.715	0.0673842
-1.714	0.0660913
-1.713	0.0648056
-1.712	0.0635287
-1.711	0.0622617
-1.71	0.0610067
-1.709	0.0597655
-1.708	0.0585392
-1.707	0.0573296
-1.706	0.0561384
-1.705	0.0549669
-1.704	0.0538168
-1.703	0.0526894
-1.702	0.0515863
-1.701	0.0505087
-1.7	0.0494583
-1.699	0.0484365
-1.698	0.0474442
-1.697	0.046483
-1.696	0.0455543
-1.695	0.0446589
-1.694	0.0437981
-1.693	0.0429731
-1.692	0.0421851
-1.691	0.041435
-1.69	0.0407238
-1.689	0.0400524
-1.688	0.0394217
-1.687	0.0388327
-1.686	0.0382859
-1.685	0.0377824
-1.684	0.0373224
-1.683	0.0369071
-1.682	0.0365366
-1.681	0.0362118
-1.68	0.0359329
-1.679	0.0357001
-1.678	0.0355144
-1.677	0.0353757
-1.676	0.0352841
-1.675	0.03524
-1.674	0.0352434
-1.673	0.0352944
-1.672	0.035393
-1.671	0.0355391
-1.67	0.0357327
-1.669	0.0359735
-1.668	0.0362614
-1.667	0.0365959
-1.666	0.0369768
-1.665	0.0374036
-1.664	0.0378758
-1.663	0.0383931
-1.662	0.0389546
-1.661	0.0395601
-1.66	0.0402086
-1.659	0.0408993
-1.658	0.0416315
-1.657	0.0424044
-1.656	0.0432172
-1.655	0.0440686
-1.654	0.0449581
-1.653	0.0458842
-1.652	0.0468462
-1.651	0.0478426
-1.65	0.0488726
-1.649	0.0499348
-1.648	0.0510278
-1.647	0.0521508
-1.646	0.0533017
-1.645	0.0544798
-1.644	0.0556835
-1.643	0.0569112
-1.642	0.0581618
-1.641	0.0594335
-1.64	0.0607248
-1.639	0.0620344
-1.638	0.0633606
-1.637	0.0647017
-1.636	0.0660565
-1.635	0.0674229
-1.634	0.0687994
-1.633	0.0701844
-1.632	0.0715764
-1.631	0.0729739
-1.63	0.0743746
-1.629	0.0757774
-1.628	0.0771804
-1.627	0.0785817
-1.626	0.0799802
-1.625	0.0813737
-1.624	0.0827608
-1.623	0.0841397
-1.622	0.0855089
-1.621	0.0868668
-1.62	0.0882117
-1.619	0.0895421
-1.618	0.0908561
-1.617	0.0921524
-1.616	0.0934293
-1.615	0.0946858
-1.614	0.0959195
-1.613	0.0971297
-1.612	0.0983147
-1.611	0.0994728
-1.61	0.100604
-1.609	0.101705
-1.608	0.102775
-1.607	0.103814
-1.606	0.104819
-1.605	0.105791
-1.604	0.106726
-1.603	0.107626
-1.602	0.108488
-1.601	0.109311
-1.6	0.110095
-1.599	0.110838
-1.598	0.11154
-1.597	0.1122
-1.596	0.112817
-1.595	0.113391
-1.594	0.113921
-1.593	0.114406
-1.592	0.114845
-1.591	0.115239
-1.59	0.115587
-1.589	0.115888
-1.588	0.116142
-1.587	0.116349
-1.586	0.116509
-1.585	0.116621
-1.584	0.116686
-1.583	0.116703
-1.582	0.116673
-1.581	0.116596
-1.58	0.116471
-1.579	0.116299
-1.578	0.116081
-1.577	0.115816
-1.576	0.115505
-1.575	0.115149
-1.574	0.114748
-1.573	0.114303
-1.572	0.113813
-1.571	0.11328
-1.57	0.112705
-1.569	0.112088
-1.568	0.111431
-1.567	0.110733
-1.566	0.109997
-1.565	0.109222
-1.564	0.10841
-1.563	0.107563
-1.562	0.106681
-1.561	0.105765
-1.56	0.104816
-1.559	0.103837
-1.558	0.102827
-1.557	0.101789
-1.556	0.100724
-1.555	0.0996323
-1.554	0.0985165
-1.553	0.0973778
-1.552	0.0962176
-1.551	0.095037
-1.55	0.0938384
-1.549	0.0926229
-1.548	0.0913915
-1.547	0.0901468
-1.546	0.0888898
-1.545	0.0876224
-1.544	0.086346
-1.543	0.0850623
-1.542	0.0837732
-1.541	0.0824797
-1.54	0.0811844
-1.539	0.0798883
-1.538	0.0785936
-1.537	0.0773014
-1.536	0.0760137
-1.535	0.0747321
-1.534	0.0734581
-1.533	0.0721937
-1.532	0.0709404
-1.531	0.0696997
-1.53	0.0684731
-1.529	0.0672626
-1.528	0.0660695
-1.527	0.0648953
-1.526	0.0637413
-1.525	0.0626095
-1.524	0.0615016
-1.523	0.0604179
-1.522	0.0593608
-1.521	0.0583316
-1.52	0.0573313
-1.519	0.0563613
-1.518	0.0554231
-1.517	0.0545177
-1.516	0.053646
-1.515	0.0528099
-1.514	0.05201
-1.513	0.0512474
-1.512	0.0505233
-1.511	0.0498385
-1.51	0.0491938
-1.509	0.0485903
-1.508	0.0480289
-1.507	0.04751
-1.506	0.0470346
-1.505	0.0466036
-1.504	0.046217
-1.503	0.0458758
-1.502	0.04558
-1.501	0.0453307
-1.5	0.045128
-1.499	0.0449719
-1.498	0.0448632
-1.497	0.0448018
-1.496	0.0447879
-1.495	0.0448214
-1.494	0.0449027
-1.493	0.0450318
-1.492	0.0452081
-1.491	0.0454318
-1.49	0.0457026
-1.489	0.0460204
-1.488	0.0463847
-1.487	0.0467954
-1.486	0.0472517
-1.485	0.0477531
-1.484	0.0482995
-1.483	0.0488898
-1.482	0.0495238
-1.481	0.0502002
-1.48	0.0509187
-1.479	0.0516784
-1.478	0.0524784
-1.477	0.0533178
-1.476	0.0541955
-1.475	0.0551108
-1.474	0.0560624
-1.473	0.0570491
-1.472	0.0580699
-1.471	0.0591234
-1.47	0.0602088
-1.469	0.0613246
-1.468	0.0624694
-1.467	0.0636419
-1.466	0.0648408
-1.465	0.0660648
-1.464	0.0673121
-1.463	0.0685815
-1.462	0.0698715
-1.461	0.0711803
-1.46	0.0725066
-1.459	0.0738492
-1.458	0.0752057
-1.457	0.076575
-1.456	0.0779556
-1.455	0.0793452
-1.454	0.0807428
-1.453	0.0821466
-1.452	0.0835552
-1.451	0.0849661
-1.45	0.0863782
-1.449	0.0877898
-1.448	0.0891993
-1.447	0.090605
-1.446	0.092005
-1.445	0.0933979
-1.444	0.0947818
-1.443	0.0961554
-1.442	0.0975167
-1.441	0.0988643
-1.44	0.100197
-1.439	0.101512
-1.438	0.102809
-1.437	0.104086
-1.436	0.105342
-1.435	0.106575
-1.434	0.107782
-1.433	0.108965
-1.432	0.11012
-1.431	0.111246
-1.43	0.112343
-1.429	0.113408
-1.428	0.114441
-1.427	0.115441
-1.426	0.116405
-1.425	0.117334
-1.424	0.118226
-1.423	0.119079
-1.422	0.119894
-1.421	0.120669
-1.42	0.121402
-1.419	0.122095
-1.418	0.122745
-1.417	0.123352
-1.416	0.123914
-1.415	0.124433
-1.414	0.124907
-1.413	0.125334
-1.412	0.125716
-1.411	0.126052
-1.41	0.126341
-1.409	0.126583
-1.408	0.126778
-1.407	0.126925
-1.406	0.127025
-1.405	0.127077
-1.404	0.127082
-1.403	0.12704
-1.402	0.12695
-1.401	0.126813
-1.4	0.126629
-1.399	0.126398
-1.398	0.126121
-1.397	0.125799
-1.396	0.125431
-1.395	0.125019
-1.394	0.124562
-1.393	0.124062
-1.392	0.123519
-1.391	0.122934
-1.39	0.122307
-1.389	0.121641
-1.388	0.120934
-1.387	0.120189
-1.386	0.119407
-1.385	0.118587
-1.384	0.117733
-1.383	0.116844
-1.382	0.115922
-1.381	0.114968
-1.38	0.113984
-1.379	0.11297
-1.378	0.111928
-1.377	0.11086
-1.376	0.109766
-1.375	0.108649
-1.374	0.107509
-1.373	0.106348
-1.372	0.105168
-1.371	0.10397
-1.37	0.102757
-1.369	0.101528
-1.368	0.100286
-1.367	0.0990333
-1.366	0.0977703
-1.365	0.0964995
-1.364	0.0952221
-1.363	0.0939397
-1.362	0.0926544
-1.361	0.0913674
-1.36	0.0900807
-1.359	0.0887957
-1.358	0.0875146
-1.357	0.0862384
-1.356	0.0849691
-1.355	0.0837085
-1.354	0.0824579
-1.353	0.0812192
-1.352	0.0799939
-1.351	0.0787837
-1.35	0.0775897
-1.349	0.0764142
-1.348	0.0752581
-1.347	0.0741234
-1.346	0.0730115
-1.345	0.0719235
-1.344	0.0708613
-1.343	0.069826
-1.342	0.0688191
-1.341	0.0678417
-1.34	0.0668953
-1.339	0.065981
-1.338	0.0651004
-1.337	0.0642544
-1.336	0.0634439
-1.335	0.0626703
-1.334	0.0619346
-1.333	0.0612379
-1.332	0.0605808
-1.331	0.0599644
-1.33	0.0593896
-1.329	0.058857
-1.328	0.0583678
-1.327	0.0579221
-1.326	0.0575209
-1.325	0.0571648
-1.324	0.056854
-1.323	0.0565892
-1.322	0.0563707
-1.321	0.0561993
-1.32	0.0560748
-1.319	0.0559976
-1.318	0.0559677
-1.317	0.0559854
-1.316	0.0560509
-1.315	0.056164
-1.314	0.0563246
-1.313	0.0565327
-1.312	0.0567883
-1.311	0.0570907
-1.31	0.05744
-1.309	0.0578358
-1.308	0.0582775
-1.307	0.0587649
-1.306	0.0592973
-1.305	0.059874
-1.304	0.0604947
-1.303	0.0611585
-1.302	0.061865
-1.301	0.0626128
-1.3	0.0634015
-1.299	0.0642303
-1.298	0.0650977
-1.297	0.0660034
-1.296	0.0669457
-1.295	0.0679241
-1.294	0.0689372
-1.293	0.0699838
-1.292	0.0710628
-1.291	0.0721728
-1.29	0.073313
-1.289	0.0744812
-1.288	0.0756768
-1.287	0.0768979
-1.286	0.0781434
-1.285	0.0794118
-1.284	0.0807019
-1.283	0.0820113
-1.282	0.0833393
-1.281	0.0846841
-1.28	0.0860438
-1.279	0.0874175
-1.278	0.0888026
-1.277	0.0901984
-1.276	0.0916028
-1.275	0.0930144
-1.274	0.0944313
-1.273	0.0958519
-1.272	0.0972748
-1.271	0.0986978
-1.27	0.100119
-1.269	0.101538
-1.268	0.102952
-1.267	0.10436
-1.266	0.10576
-1.265	0.10715
-1.264	0.108529
-1.263	0.109895
-1.262	0.111246
-1.261	0.112582
-1.26	0.1139
-1.259	0.115199
-1.258	0.116477
-1.257	0.117733
-1.256	0.118965
-1.255	0.120172
-1.254	0.121353
-1.253	0.122506
-1.252	0.12363
-1.251	0.124723
-1.25	0.125784
-1.249	0.126812
-1.248	0.127806
-1.247	0.128765
-1.246	0.129688
-1.245	0.130572
-1.244	0.131419
-1.243	0.132225
-1.242	0.132992
-1.241	0.133717
-1.24	0.134401
-1.239	0.135041
-1.238	0.135638
-1.237	0.136191
-1.236	0.136699
-1.235	0.137162
-1.234	0.137579
-1.233	0.13795
-1.232	0.138275
-1.231	0.138552
-1.23	0.138782
-1.229	0.138965
-1.228	0.139101
-1.227	0.139189
-1.226	0.13923
-1.225	0.139223
-1.224	0.139168
-1.223	0.139066
-1.222	0.138918
-1.221	0.138723
-1.22	0.13848
-1.219	0.138193
-1.218	0.137859
-1.217	0.13748
-1.216	0.137057
-1.215	0.13659
-1.214	0.13608
-1.213	0.135527
-1.212	0.134932
-1.211	0.134297
-1.21	0.133622
-1.209	0.132907
-1.208	0.132154
-1.207	0.131364
-1.206	0.130538
-1.205	0.129677
-1.204	0.128783
-1.203	0.127855
-1.202	0.126897
-1.201	0.125908
-1.2	0.124891
-1.199	0.123846
-1.198	0.122776
-1.197	0.121681
-1.196	0.120562
-1.195	0.119422
-1.194	0.118262
-1.193	0.117083
-1.192	0.115887
-1.191	0.114676
-1.19	0.113451
-1.189	0.112213
-1.188	0.110965
-1.187	0.109708
-1.186	0.108444
-1.185	0.107173
-1.184	0.105899
-1.183	0.104623
-1.182	0.103345
-1.181	0.102069
-1.18	0.100795
-1.179	0.099526
-1.178	0.0982625
-1.177	0.0970069
-1.176	0.0957605
-1.175	0.094525
-1.174	0.0933023
-1.173	0.0920937
-1.172	0.0909008
-1.171	0.0897253
-1.17	0.0885687
-1.169	0.0874326
-1.168	0.0863183
-1.167	0.0852273
-1.166	0.0841616
-1.165	0.0831217
-1.164	0.0821097
-1.163	0.0811267
-1.162	0.0801739
-1.161	0.0792528
-1.16	0.0783645
-1.159	0.0775101
-1.158	0.0766912
-1.157	0.0759083
-1.156	0.0751629
-1.155	0.0744557
-1.154	0.0737879
-1.153	0.0731609
-1.152	0.0725746
-1.151	0.0720302
-1.15	0.0715285
-1.149	0.0710706
-1.148	0.0706566
-1.147	0.0702873
-1.146	0.0699634
-1.145	0.0696852
-1.144	0.0694534
-1.143	0.0692681
-1.142	0.0691298
-1.141	0.0690388
-1.14	0.0689951
-1.139	0.0689991
-1.138	0.0690506
-1.137	0.06915
-1.136	0.0692969
-1.135	0.0694915
-1.134	0.0697337
-1.133	0.070023
-1.132	0.0703594
-1.131	0.0707422
-1.13	0.0711717
-1.129	0.0716471
-1.128	0.0721674
-1.127	0.0727329
-1.126	0.0733426
-1.125	0.0739958
-1.124	0.0746919
-1.123	0.07543
-1.122	0.0762098
-1.121	0.0770297
-1.12	0.077889
-1.119	0.078787
-1.118	0.0797227
-1.117	0.0806947
-1.116	0.081702
-1.115	0.0827438
-1.114	0.0838183
-1.113	0.0849249
-1.112	0.0860618
-1.111	0.0872281
-1.11	0.0884222
-1.109	0.0896428
-1.108	0.0908886
-1.107	0.0921579
-1.106	0.0934495
-1.105	0.0947616
-1.104	0.0960931
-1.103	0.097442
-1.102	0.0988068
-1.101	0.100186
-1.1	0.101579
-1.099	0.102982
-1.098	0.104395
-1.097	0.105816
-1.096	0.107244
-1.095	0.108675
-1.094	0.11011
-1.093	0.111546
-1.092	0.112982
-1.091	0.114415
-1.09	0.115845
-1.089	0.117269
-1.088	0.118687
-1.087	0.120095
-1.086	0.121493
-1.085	0.122879
-1.084	0.124251
-1.083	0.125608
-1.082	0.126948
-1.081	0.128271
-1.08	0.129573
-1.079	0.130853
-1.078	0.132111
-1.077	0.133344
-1.076	0.134551
-1.075	0.135731
-1.074	0.136883
-1.073	0.138005
-1.072	0.139095
-1.071	0.140153
-1.07	0.141178
-1.069	0.142168
-1.068	0.143122
-1.067	0.144039
-1.066	0.144918
-1.065	0.145757
-1.064	0.146557
-1.063	0.147316
-1.062	0.148034
-1.061	0.148709
-1.06	0.149341
-1.059	0.149929
-1.058	0.150472
-1.057	0.150971
-1.056	0.151423
-1.055	0.15183
-1.054	0.15219
-1.053	0.152504
-1.052	0.152771
-1.051	0.15299
-1.05	0.153162
-1.049	0.153286
-1.048	0.153363
-1.047	0.153392
-1.046	0.153373
-1.045	0.153307
-1.044	0.153194
-1.043	0.153034
-1.042	0.152827
-1.041	0.152574
-1.04	0.152275
-1.039	0.151931
-1.038	0.151542
-1.037	0.151108
-1.036	0.150631
-1.035	0.150111
-1.034	0.149549
-1.033	0.148945
-1.032	0.1483
-1.031	0.147617
-1.03	0.146894
-1.029	0.146134
-1.028	0.145337
-1.027	0.144504
-1.026	0.143637
-1.025	0.142737
-1.024	0.141805
-1.023	0.140842
-1.022	0.13985
-1.021	0.138829
-1.02	0.137782
-1.019	0.13671
-1.018	0.135614
-1.017	0.134495
-1.016	0.133355
-1.015	0.132196
-1.014	0.131019
-1.013	0.129826
-1.012	0.128617
-1.011	0.127396
-1.01	0.126164
-1.009	0.124921
-1.008	0.12367
-1.007	0.122413
-1.006	0.121151
-1.005	0.119886
-1.004	0.118619
-1.003	0.117353
-1.002	0.116087
-1.001	0.114826
-1	0.11357
-0.999	0.112321
-0.998	0.11108
-0.997	0.109849
-0.996	0.108631
-0.995	0.107425
-0.994	0.106234
-0.993	0.10506
-0.992	0.103905
-0.991	0.102769
-0.99	0.101654
-0.989	0.100562
-0.988	0.0994939
-0.987	0.0984516
-0.986	0.0974364
-0.985	0.0964494
-0.984	0.0954922
-0.983	0.0945659
-0.982	0.0936721
-0.981	0.0928117
-0.98	0.0919861
-0.979	0.0911963
-0.978	0.0904433
-0.977	0.0897281
-0.976	0.0890521
-0.975	0.0884158
-0.974	0.0878203
-0.973	0.0872666
-0.972	0.0867552
-0.971	0.0862871
-0.97	0.0858628
-0.969	0.0854831
-0.968	0.0851486
-0.967	0.0848596
-0.966	0.0846167
-0.965	0.0844205
-0.964	0.0842709
-0.963	0.0841686
-0.962	0.0841139
-0.961	0.0841067
-0.96	0.0841471
-0.959	0.0842355
-0.958	0.0843717
-0.957	0.0845554
-0.956	0.0847868
-0.955	0.0850659
-0.954	0.0853921
-0.953	0.0857651
-0.952	0.0861849
-0.951	0.0866507
-0.95	0.0871625
-0.949	0.0877193
-0.948	0.0883208
-0.947	0.0889663
-0.946	0.0896551
-0.945	0.0903864
-0.944	0.0911596
-0.943	0.0919737
-0.942	0.0928277
-0.941	0.0937212
-0.94	0.0946526
-0.939	0.0956209
-0.938	0.0966258
-0.937	0.0976649
-0.936	0.098738
-0.935	0.0998436
-0.934	0.10098
-0.933	0.102147
-0.932	0.103342
-0.931	0.104565
-0.93	0.105814
-0.929	0.107086
-0.928	0.108382
-0.927	0.1097
-0.926	0.111037
-0.925	0.112393
-0.924	0.113765
-0.923	0.115153
-0.922	0.116554
-0.921	0.117968
-0.92	0.119392
-0.919	0.120825
-0.918	0.122265
-0.917	0.12371
-0.916	0.125159
-0.915	0.12661
-0.914	0.128061
-0.913	0.129512
-0.912	0.130959
-0.911	0.132402
-0.91	0.133838
-0.909	0.135267
-0.908	0.136685
-0.907	0.138093
-0.906	0.139488
-0.905	0.140868
-0.904	0.142232
-0.903	0.143579
-0.902	0.144906
-0.901	0.146213
-0.9	0.147497
-0.899	0.148757
-0.898	0.149993
-0.897	0.151202
-0.896	0.152383
-0.895	0.153535
-0.894	0.154656
-0.893	0.155745
-0.892	0.156801
-0.891	0.157823
-0.89	0.15881
-0.889	0.15976
-0.888	0.160672
-0.887	0.161546
-0.886	0.16238
-0.885	0.163174
-0.884	0.163926
-0.883	0.164636
-0.882	0.165303
-0.881	0.165927
-0.88	0.166507
-0.879	0.167041
-0.878	0.16753
-0.877	0.167973
-0.876	0.16837
-0.875	0.16872
-0.874	0.169024
-0.873	0.169279
-0.872	0.169488
-0.871	0.169648
-0.87	0.169761
-0.869	0.169827
-0.868	0.169844
-0.867	0.169815
-0.866	0.169737
-0.865	0.169613
-0.864	0.169441
-0.863	0.169224
-0.862	0.168959
-0.861	0.168649
-0.86	0.168294
-0.859	0.167894
-0.858	0.167451
-0.857	0.166964
-0.856	0.166434
-0.855	0.165862
-0.854	0.165249
-0.853	0.164596
-0.852	0.163904
-0.851	0.163173
-0.85	0.162406
-0.849	0.161602
-0.848	0.160763
-0.847	0.15989
-0.846	0.158985
-0.845	0.158048
-0.844	0.157081
-0.843	0.156086
-0.842	0.155062
-0.841	0.154013
-0.84	0.152939
-0.839	0.151842
-0.838	0.150723
-0.837	0.149584
-0.836	0.148427
-0.835	0.147252
-0.834	0.146062
-0.833	0.144858
-0.832	0.143642
-0.831	0.142415
-0.83	0.141179
-0.829	0.139935
-0.828	0.138686
-0.827	0.137433
-0.826	0.136178
-0.825	0.134922
-0.824	0.133667
-0.823	0.132415
-0.822	0.131167
-0.821	0.129925
-0.82	0.128691
-0.819	0.127467
-0.818	0.126253
-0.817	0.125052
-0.816	0.123866
-0.815	0.122695
-0.814	0.121542
-0.813	0.120408
-0.812	0.119294
-0.811	0.118203
-0.81	0.117134
-0.809	0.116091
-0.808	0.115075
-0.807	0.114086
-0.806	0.113127
-0.805	0.112198
-0.804	0.111301
-0.803	0.110436
-0.802	0.109606
-0.801	0.108812
-0.8	0.108053
-0.799	0.107333
-0.798	0.106651
-0.797	0.106008
-0.796	0.105406
-0.795	0.104846
-0.794	0.104327
-0.793	0.103852
-0.792	0.10342
-0.791	0.103033
-0.79	0.10269
-0.789	0.102393
-0.788	0.102143
-0.787	0.101938
-0.786	0.101781
-0.785	0.101671
-0.784	0.101608
-0.783	0.101592
-0.782	0.101625
-0.781	0.101705
-0.78	0.101834
-0.779	0.10201
-0.778	0.102234
-0.777	0.102506
-0.776	0.102825
-0.775	0.103192
-0.774	0.103605
-0.773	0.104065
-0.772	0.104571
-0.771	0.105122
-0.77	0.105719
-0.769	0.10636
-0.768	0.107045
-0.767	0.107773
-0.766	0.108543
-0.765	0.109354
-0.764	0.110206
-0.763	0.111098
-0.762	0.112029
-0.761	0.112997
-0.76	0.114002
-0.759	0.115042
-0.758	0.116117
-0.757	0.117225
-0.756	0.118365
-0.755	0.119535
-0.754	0.120734
-0.753	0.121962
-0.752	0.123216
-0.751	0.124496
-0.75	0.125799
-0.749	0.127125
-0.748	0.128471
-0.747	0.129836
-0.746	0.131219
-0.745	0.132618
-0.744	0.134032
-0.743	0.135458
-0.742	0.136895
-0.741	0.138342
-0.74	0.139797
-0.739	0.141259
-0.738	0.142724
-0.737	0.144193
-0.736	0.145663
-0.735	0.147132
-0.734	0.1486
-0.733	0.150063
-0.732	0.151521
-0.731	0.152971
-0.73	0.154413
-0.729	0.155844
-0.728	0.157263
-0.727	0.158669
-0.726	0.160058
-0.725	0.161431
-0.724	0.162786
-0.723	0.16412
-0.722	0.165433
-0.721	0.166723
-0.72	0.167988
-0.719	0.169227
-0.718	0.170439
-0.717	0.171622
-0.716	0.172775
-0.715	0.173896
-0.714	0.174985
-0.713	0.176041
-0.712	0.177061
-0.711	0.178045
-0.71	0.178992
-0.709	0.179901
-0.708	0.18077
-0.707	0.181599
-0.706	0.182387
-0.705	0.183134
-0.704	0.183837
-0.703	0.184497
-0.702	0.185113
-0.701	0.185685
-0.7	0.186211
-0.699	0.186691
-0.698	0.187125
-0.697	0.187513
-0.696	0.187853
-0.695	0.188146
-0.694	0.188391
-0.693	0.188589
-0.692	0.188739
-0.691	0.188842
-0.69	0.188896
-0.689	0.188903
-0.688	0.188862
-0.687	0.188774
-0.686	0.188638
-0.685	0.188456
-0.684	0.188227
-0.683	0.187952
-0.682	0.187632
-0.681	0.187266
-0.68	0.186856
-0.679	0.186402
-0.678	0.185905
-0.677	0.185366
-0.676	0.184785
-0.675	0.184164
-0.674	0.183503
-0.673	0.182803
-0.672	0.182065
-0.671	0.18129
-0.67	0.180481
-0.669	0.179636
-0.668	0.178758
-0.667	0.177848
-0.666	0.176907
-0.665	0.175937
-0.664	0.174938
-0.663	0.173913
-0.662	0.172863
-0.661	0.171788
-0.66	0.170691
-0.659	0.169574
-0.658	0.168437
-0.657	0.167281
-0.656	0.166111
-0.655	0.164925
-0.654	0.163726
-0.653	0.162515
-0.652	0.161295
-0.651	0.160068
-0.65	0.158832
-0.649	0.157593
-0.648	0.156351
-0.647	0.155107
-0.646	0.153864
-0.645	0.152622
-0.644	0.151384
-0.643	0.150152
-0.642	0.148926
-0.641	0.147709
-0.64	0.146503
-0.639	0.145309
-0.638	0.144128
-0.637	0.142962
-0.636	0.141813
-0.635	0.140683
-0.634	0.139573
-0.633	0.138484
-0.632	0.137418
-0.631	0.136377
-0.63	0.135361
-0.629	0.134373
-0.628	0.133413
-0.627	0.132484
-0.626	0.131585
-0.625	0.13072
-0.624	0.129888
-0.623	0.129091
-0.622	0.12833
-0.621	0.127606
-0.62	0.126921
-0.619	0.126275
-0.618	0.125669
-0.617	0.125105
-0.616	0.124582
-0.615	0.124102
-0.614	0.123665
-0.613	0.123274
-0.612	0.122926
-0.611	0.122624
-0.61	0.122368
-0.609	0.122159
-0.608	0.121996
-0.607	0.12188
-0.606	0.121812
-0.605	0.121792
-0.604	0.12182
-0.603	0.121895
-0.602	0.122019
-0.601	0.122191
-0.6	0.122411
-0.599	0.122679
-0.598	0.122994
-0.597	0.123357
-0.596	0.123767
-0.595	0.124224
-0.594	0.124728
-0.593	0.125278
-0.592	0.125872
-0.591	0.126512
-0.59	0.127196
-0.589	0.127923
-0.588	0.128693
-0.587	0.129506
-0.586	0.130359
-0.585	0.131253
-0.584	0.132185
-0.583	0.133157
-0.582	0.134165
-0.581	0.135209
-0.58	0.136289
-0.579	0.137402
-0.578	0.138548
-0.577	0.139724
-0.576	0.140932
-0.575	0.142168
-0.574	0.143431
-0.573	0.14472
-0.572	0.146033
-0.571	0.14737
-0.57	0.148727
-0.569	0.150105
-0.568	0.151501
-0.567	0.152914
-0.566	0.154342
-0.565	0.155784
-0.564	0.157238
-0.563	0.158702
-0.562	0.160175
-0.561	0.161655
-0.56	0.16314
-0.559	0.164628
-0.558	0.166119
-0.557	0.16761
-0.556	0.1691
-0.555	0.170586
-0.554	0.172068
-0.553	0.173543
-0.552	0.17501
-0.551	0.176467
-0.55	0.177912
-0.549	0.179345
-0.548	0.180763
-0.547	0.182165
-0.546	0.183548
-0.545	0.184912
-0.544	0.186256
-0.543	0.187576
-0.542	0.188873
-0.541	0.190144
-0.54	0.191389
-0.539	0.192605
-0.538	0.193792
-0.537	0.194947
-0.536	0.196071
-0.535	0.197161
-0.534	0.198217
-0.533	0.199237
-0.532	0.20022
-0.531	0.201165
-0.53	0.202071
-0.529	0.202938
-0.528	0.203763
-0.527	0.204547
-0.526	0.205289
-0.525	0.205987
-0.524	0.206641
-0.523	0.207251
-0.522	0.207815
-0.521	0.208334
-0.52	0.208807
-0.519	0.209233
-0.518	0.209612
-0.517	0.209944
-0.516	0.210228
-0.515	0.210464
-0.514	0.210652
-0.513	0.210793
-0.512	0.210886
-0.511	0.21093
-0.51	0.210927
-0.509	0.210877
-0.508	0.210778
-0.507	0.210633
-0.506	0.210441
-0.505	0.210202
-0.504	0.209918
-0.503	0.209588
-0.502	0.209213
-0.501	0.208795
-0.5	0.208331
-0.499	0.207826
-0.498	0.207279
-0.497	0.206691
-0.496	0.206062
-0.495	0.205394
-0.494	0.204687
-0.493	0.203944
-0.492	0.203164
-0.491	0.202349
-0.49	0.2015
-0.489	0.200619
-0.488	0.199706
-0.487	0.198762
-0.486	0.19779
-0.485	0.196791
-0.484	0.195766
-0.483	0.194716
-0.482	0.193643
-0.481	0.192548
-0.48	0.191433
-0.479	0.1903
-0.478	0.18915
-0.477	0.187984
-0.476	0.186804
-0.475	0.185613
-0.474	0.184411
-0.473	0.183199
-0.472	0.181982
-0.471	0.180758
-0.47	0.179531
-0.469	0.178301
-0.468	0.177071
-0.467	0.175843
-0.466	0.174617
-0.465	0.173396
-0.464	0.172181
-0.463	0.170975
-0.462	0.169777
-0.461	0.168592
-0.46	0.16742
-0.459	0.166261
-0.458	0.165119
-0.457	0.163996
-0.456	0.162891
-0.455	0.161807
-0.454	0.160746
-0.453	0.159708
-0.452	0.158696
-0.451	0.157711
-0.45	0.156754
-0.449	0.155826
-0.448	0.15493
-0.447	0.154065
-0.446	0.153234
-0.445	0.152437
-0.444	0.151677
-0.443	0.150953
-0.442	0.150267
-0.441	0.14962
-0.44	0.149013
-0.439	0.148447
-0.438	0.147922
-0.437	0.147441
-0.436	0.147002
-0.435	0.146608
-0.434	0.146258
-0.433	0.145954
-0.432	0.145696
-0.431	0.145483
-0.43	0.145318
-0.429	0.145201
-0.428	0.14513
-0.427	0.145107
-0.426	0.145133
-0.425	0.145207
-0.424	0.145328
-0.423	0.145498
-0.422	0.145717
-0.421	0.145983
-0.42	0.146297
-0.419	0.14666
-0.418	0.147069
-0.417	0.147526
-0.416	0.14803
-0.415	0.14858
-0.414	0.149197
-0.413	0.149903
-0.412	0.150698
-0.411	0.151583
-0.41	0.152559
-0.409	0.153623
-0.408	0.154778
-0.407	0.156022
-0.406	0.157356
-0.405	0.158778
-0.404	0.160291
-0.403	0.161891
-0.402	0.16358
-0.401	0.165357
-0.4	0.167221
-0.399	0.169173
-0.398	0.171211
-0.397	0.173334
-0.396	0.175543
-0.395	0.177836
-0.394	0.180213
-0.393	0.182672
-0.392	0.185212
-0.391	0.187834
-0.39	0.190536
-0.389	0.193316
-0.388	0.196173
-0.387	0.199108
-0.386	0.202117
-0.385	0.205201
-0.384	0.208357
-0.383	0.211584
-0.382	0.214882
-0.381	0.218248
-0.38	0.221681
-0.379	0.225179
-0.378	0.228742
-0.377	0.232367
-0.376	0.236053
-0.375	0.239797
-0.374	0.2436
-0.373	0.247457
-0.372	0.251369
-0.371	0.255332
-0.37	0.259346
-0.369	0.263408
-0.368	0.267517
-0.367	0.27167
-0.366	0.275865
-0.365	0.280101
-0.364	0.284389
-0.363	0.288739
-0.362	0.293153
-0.361	0.297625
-0.36	0.302154
-0.359	0.306739
-0.358	0.311377
-0.357	0.316067
-0.356	0.320805
-0.355	0.325591
-0.354	0.33042
-0.353	0.335293
-0.352	0.340205
-0.351	0.345155
-0.35	0.350141
-0.349	0.355161
-0.348	0.360212
-0.347	0.365292
-0.346	0.370398
-0.345	0.375528
-0.344	0.38068
-0.343	0.385851
-0.342	0.391039
-0.341	0.396243
-0.34	0.401459
-0.339	0.406685
-0.338	0.411918
-0.337	0.417155
-0.336	0.422397
-0.335	0.427637
-0.334	0.432876
-0.333	0.438111
-0.332	0.44334
-0.331	0.448557
-0.33	0.453765
-0.329	0.458958
-0.328	0.464134
-0.327	0.469293
-0.326	0.474429
-0.325	0.479542
-0.324	0.48463
-0.323	0.489689
-0.322	0.494718
-0.321	0.499714
-0.32	0.504675
-0.319	0.509599
-0.318	0.514484
-0.317	0.519325
-0.316	0.524123
-0.315	0.528876
-0.314	0.533579
-0.313	0.538233
-0.312	0.542833
-0.311	0.547378
-0.31	0.551868
-0.309	0.556297
-0.308	0.560667
-0.307	0.564974
-0.306	0.569214
-0.305	0.573389
-0.304	0.577495
-0.303	0.58153
-0.302	0.585493
-0.301	0.589382
-0.3	0.593194
-0.299	0.59693
-0.298	0.600585
-0.297	0.604159
-0.296	0.607651
-0.295	0.611058
-0.294	0.61438
-0.293	0.617615
-0.292	0.620759
-0.291	0.623814
-0.29	0.626779
-0.289	0.629649
-0.288	0.632425
-0.287	0.635106
-0.286	0.63769
-0.285	0.640176
-0.284	0.642564
-0.283	0.64485
-0.282	0.647036
-0.281	0.649119
-0.28	0.651101
-0.279	0.652978
-0.278	0.65475
-0.277	0.656417
-0.276	0.657977
-0.275	0.659431
-0.274	0.660776
-0.273	0.662015
-0.272	0.663143
-0.271	0.664162
-0.27	0.665074
-0.269	0.665873
-0.268	0.666563
-0.267	0.667142
-0.266	0.66761
-0.265	0.667967
-0.264	0.668214
-0.263	0.668348
-0.262	0.668373
-0.261	0.668285
-0.26	0.668085
-0.259	0.667776
-0.258	0.667354
-0.257	0.666823
-0.256	0.666182
-0.255	0.665429
-0.254	0.664568
-0.253	0.663598
-0.252	0.662518
-0.251	0.661331
-0.25	0.660036
-0.249	0.658634
-0.248	0.657127
-0.247	0.655513
-0.246	0.653794
-0.245	0.651973
-0.244	0.650046
-0.243	0.648018
-0.242	0.645891
-0.241	0.643662
-0.24	0.641336
-0.239	0.638911
-0.238	0.636388
-0.237	0.63377
-0.236	0.63106
-0.235	0.628254
-0.234	0.625359
-0.233	0.622373
-0.232	0.619297
-0.231	0.616135
-0.23	0.612886
-0.229	0.609555
-0.228	0.60614
-0.227	0.602643
-0.226	0.599068
-0.225	0.595414
-0.224	0.591685
-0.223	0.587882
-0.222	0.584007
-0.221	0.58006
-0.22	0.576046
-0.219	0.571964
-0.218	0.567818
-0.217	0.563609
-0.216	0.559339
-0.215	0.55501
-0.214	0.550625
-0.213	0.546184
-0.212	0.541692
-0.211	0.537149
-0.21	0.532557
-0.209	0.52792
-0.208	0.523238
-0.207	0.518515
-0.206	0.513751
-0.205	0.508951
-0.204	0.504116
-0.203	0.499248
-0.202	0.494351
-0.201	0.489425
-0.2	0.484472
-0.199	0.479497
-0.198	0.474501
-0.197	0.469485
-0.196	0.464454
-0.195	0.459409
-0.194	0.454351
-0.193	0.449287
-0.192	0.444213
-0.191	0.439136
-0.19	0.434057
-0.189	0.428977
-0.188	0.423902
-0.187	0.418832
-0.186	0.413767
-0.185	0.408716
-0.184	0.403674
-0.183	0.398647
-0.182	0.39364
-0.181	0.388651
-0.18	0.383682
-0.179	0.378741
-0.178	0.373823
-0.177	0.368936
-0.176	0.36408
-0.175	0.359255
-0.174	0.354469
-0.173	0.349721
-0.172	0.34501
-0.171	0.340345
-0.17	0.335723
-0.169	0.331147
-0.168	0.326623
-0.167	0.322147
-0.166	0.317727
-0.165	0.313363
-0.164	0.309052
-0.163	0.304806
-0.162	0.300618
-0.161	0.296493
-0.16	0.292436
-0.159	0.288445
-0.158	0.284523
-0.157	0.280674
-0.156	0.276896
-0.155	0.273193
-0.154	0.269569
-0.153	0.266021
-0.152	0.262553
-0.151	0.259167
-0.15	0.255864
-0.149	0.252647
-0.148	0.249515
-0.147	0.246471
-0.146	0.243518
-0.145	0.240653
-0.144	0.237882
-0.143	0.235203
-0.142	0.23262
-0.141	0.230133
-0.14	0.227742
-0.139	0.225449
-0.138	0.223257
-0.137	0.221164
-0.136	0.219174
-0.135	0.217285
-0.134	0.2155
-0.133	0.213819
-0.132	0.212244
-0.131	0.210772
-0.13	0.20941
-0.129	0.208152
-0.128	0.207003
-0.127	0.205964
-0.126	0.205032
-0.125	0.20421
-0.124	0.203499
-0.123	0.202895
-0.122	0.202404
-0.121	0.202024
-0.12	0.201752
-0.119	0.201596
-0.118	0.201547
-0.117	0.201611
-0.116	0.201787
-0.115	0.202072
-0.114	0.20247
-0.113	0.20298
-0.112	0.203598
-0.111	0.204329
-0.11	0.205169
-0.109	0.206119
-0.108	0.207179
-0.107	0.208349
-0.106	0.209625
-0.105	0.211012
-0.104	0.212504
-0.103	0.214103
-0.102	0.21581
-0.101	0.21762
-0.1	0.219536