-4	0
-3.999	0
-3.998	0
-3.997	0
-3.996	0
-3.995	0
-3.994	0
-3.993	0
-3.992	0
-3.991	0
-3.99	0
-3.989	0
-3.988	0
-3.987	0
-3.986	0
-3.985	0
-3.984	0
-3.983	0
-3.982	0
-3.981	0
-3.98	0
-3.979	0
-3.978	0
-3.977	0
-3.976	0
-3.975	0
-3.974	0
-3.973	0
-3.972	0
-3.971	0
-3.97	0
-3.969	0
-3.968	0
-3.967	0
-3.966	0
-3.965	0
-3.964	0
-3.963	0
-3.962	0
-3.961	0
-3.96	0
-3.959	0
-3.958	0
-3.957	0
-3.956	0
-3.955	0
-3.954	0
-3.953	0
-3.952	0
-3.951	0
-3.95	0
-3.949	0
-3.948	0
-3.947	0
-3.946	0
-3.945	0
-3.944	0
-3.943	0
-3.942	0
-3.941	0
-3.94	0
-3.939	0
-3.938	0
-3.937	0
-3.936	0
-3.935	0
-3.934	0
-3.933	0
-3.932	0
-3.931	0
-3.93	0
-3.929	0
-3.928	0
-3.927	0
-3.926	0
-3.925	0
-3.924	0
-3.923	0
-3.922	0
-3.921	0
-3.92	0
-3.919	0
-3.918	0
-3.917	0
-3.916	0
-3.915	0
-3.914	0
-3.913	0
-3.912	0
-3.911	0
-3.91	0
-3.909	0
-3.908	0
-3.907	0
-3.906	0
-3.905	0
-3.904	0
-3.903	0
-3.902	0
-3.901	0
-3.9	0
-3.899	0
-3.898	0
-3.897	0
-3.896	0
-3.895	0
-3.894	0
-3.893	0
-3.892	0
-3.891	0
-3.89	0
-3.889	0
-3.888	0
-3.887	0
-3.886	0
-3.885	0
-3.884	0
-3.883	0
-3.882	0
-3.881	0
-3.88	0
-3.879	0
-3.878	0
-3.877	0
-3.876	0
-3.875	0
-3.874	0
-3.873	0
-3.872	0
-3.871	0
-3.87	0
-3.869	0
-3.868	0
-3.867	0
-3.866	0
-3.865	0
-3.864	0
-3.863	0
-3.862	0
-3.861	0
-3.86	0
-3.859	0
-3.858	0
-3.857	0
-3.856	0
-3.855	0
-3.854	0
-3.853	0
-3.852	0
-3.851	0
-3.85	0
-3.849	0
-3.848	0
-3.847	0
-3.846	0
-3.845	0
-3.844	0
-3.843	0
-3.842	0
-3.841	0
-3.84	0
-3.839	0
-3.838	0
-3.837	0
-3.836	0
-3.835	0
-3.834	0
-3.833	0
-3.832	0
-3.831	0
-3.83	0
-3.829	0
-3.828	0
-3.827	0
-3.826	0
-3.825	0
-3.824	0
-3.823	0
-3.822	0
-3.821	0
-3.82	0
-3.819	0
-3.818	0
-3.817	0
-3.816	0
-3.815	0
-3.814	0
-3.813	0
-3.812	0
-3.811	0
-3.81	0
-3.809	0
-3.808	0
-3.807	0
-3.806	0
-3.805	0
-3.804	0
-3.803	0
-3.802	0
-3.801	0
-3.8	0
-3.799	0
-3.798	0
-3.797	0
-3.796	0
-3.795	0
-3.794	0
-3.793	0
-3.792	0
-3.791	0
-3.79	0
-3.789	0
-3.788	0
-3.787	0
-3.786	0
-3.785	0
-3.784	0
-3.783	0
-3.782	0
-3.781	0
-3.78	0
-3.779	0
-3.778	0
-3.777	0
-3.776	0
-3.775	0
-3.774	0
-3.773	0
-3.772	0
-3.771	0
-3.77	0
-3.769	0
-3.768	0
-3.767	0
-3.766	0
-3.765	0
-3.764	0
-3.763	0
-3.762	0
-3.761	0
-3.76	0
-3.759	0
-3.758	0
-3.757	0
-3.756	0
-3.755	0
-3.754	0
-3.753	0
-3.752	0
-3.751	0
-3.75	0
-3.749	0
-3.748	0
-3.747	0
-3.746	0
-3.745	0
-3.744	0
-3.743	0
-3.742	0
-3.741	0
-3.74	0
-3.739	0
-3.738	0
-3.737	0
-3.736	0
-3.735	0
-3.734	0
-3.733	0
-3.732	0
-3.731	0
-3.73	0
-3.729	0
-3.728	0
-3.727	0
-3.726	0
-3.725	0
-3.724	0
-3.723	0
-3.722	0
-3.721	0
-3.72	0
-3.719	0
-3.718	0
-3.717	0
-3.716	0
-3.715	0
-3.714	0
-3.713	0
-3.712	0
-3.711	0
-3.71	0
-3.709	0
-3.708	0
-3.707	0
-3.706	0
-3.705	0
-3.704	0
-3.703	0
-3.702	0
-3.701	0
-3.7	0
-3.699	0
-3.698	0
-3.697	0
-3.696	0
-3.695	0
-3.694	0
-3.693	0
-3.692	0
-3.691	0
-3.69	0
-3.689	0
-3.688	0
-3.687	0
-3.686	0
-3.685	0
-3.684	0
-3.683	0
-3.682	0
-3.681	0
-3.68	0
-3.679	0
-3.678	0
-3.677	0
-3.676	0
-3.675	0
-3.674	0
-3.673	0
-3.672	0
-3.671	0
-3.67	0
-3.669	0
-3.668	0
-3.667	0
-3.666	0
-3.665	0
-3.664	0
-3.663	0
-3.662	0
-3.661	0
-3.66	0
-3.659	0
-3.658	0
-3.657	0
-3.656	0
-3.655	0
-3.654	0
-3.653	0
-3.652	0
-3.651	0
-3.65	0
-3.649	0
-3.648	0
-3.647	0
-3.646	0
-3.645	0
-3.644	0
-3.643	0
-3.642	0
-3.641	0
-3.64	0
-3.639	0
-3.638	0
-3.637	0
-3.636	0
-3.635	0
-3.634	0
-3.633	0
-3.632	0
-3.631	0
-3.63	0
-3.629	0
-3.628	0
-3.627	0
-3.626	0
-3.625	0
-3.624	0
-3.623	0
-3.622	0
-3.621	0
-3.62	0
-3.619	0
-3.618	0
-3.617	0
-3.616	0
-3.615	0
-3.614	0
-3.613	0
-3.612	0
-3.611	0
-3.61	0
-3.609	0
-3.608	0
-3.607	0
-3.606	0
-3.605	0
-3.604	0
-3.603	0
-3.602	0
-3.601	0
-3.6	0
-3.599	0
-3.598	0
-3.597	0
-3.596	0
-3.595	0
-3.594	0
-3.593	0
-3.592	0
-3.591	0
-3.59	0
-3.589	0
-3.588	0
-3.587	0
-3.586	0
-3.585	0
-3.584	0
-3.583	0
-3.582	0
-3.581	0
-3.58	0
-3.579	0
-3.578	0
-3.577	0
-3.576	0
-3.575	0
-3.574	0
-3.573	0
-3.572	0
-3.571	0
-3.57	0
-3.569	0
-3.568	0
-3.567	0
-3.566	0
-3.565	0
-3.564	0
-3.563	0
-3.562	0
-3.561	0
-3.56	0
-3.559	0
-3.558	0
-3.557	0
-3.556	0
-3.555	0
-3.554	0
-3.553	0
-3.552	0
-3.551	0
-3.55	0
-3.549	0
-3.548	0
-3.547	0
-3.546	0
-3.545	0
-3.544	0
-3.543	0
-3.542	0
-3.541	0
-3.54	0
-3.539	0
-3.538	0
-3.537	0
-3.536	0
-3.535	0
-3.534	0
-3.533	0
-3.532	0
-3.531	0
-3.53	0
-3.529	0
-3.528	0
-3.527	0
-3.526	0
-3.525	0
-3.524	0
-3.523	0
-3.522	0
-3.521	0
-3.52	0
-3.519	0
-3.518	0
-3.517	0
-3.516	0
-3.515	0
-3.514	0
-3.513	0
-3.512	0
-3.511	0
-3.51	0
-3.509	0
-3.508	0
-3.507	0
-3.506	0
-3.505	0
-3.504	0
-3.503	0
-3.502	0
-3.501	0
-3.5	0
-3.499	0
-3.498	0
-3.497	0
-3.496	0
-3.495	0
-3.494	0
-3.493	0
-3.492	0
-3.491	0
-3.49	0
-3.489	0
-3.488	0
-3.487	0
-3.486	0
-3.485	0
-3.484	0
-3.483	0
-3.482	0
-3.481	0
-3.48	0
-3.479	0
-3.478	0
-3.477	0
-3.476	0
-3.475	0
-3.474	0
-3.473	0
-3.472	0
-3.471	0
-3.47	0
-3.469	0
-3.468	0
-3.467	0
-3.466	0
-3.465	0
-3.464	0
-3.463	0
-3.462	0
-3.461	0
-3.46	0
-3.459	0
-3.458	0
-3.457	0
-3.456	0
-3.455	0
-3.454	0
-3.453	0
-3.452	0
-3.451	0
-3.45	0
-3.449	0
-3.448	0
-3.447	0
-3.446	0
-3.445	0
-3.444	0
-3.443	0
-3.442	0
-3.441	0
-3.44	0
-3.439	0
-3.438	0
-3.437	0
-3.436	0
-3.435	0
-3.434	0
-3.433	0
-3.432	0
-3.431	0
-3.43	0
-3.429	0
-3.428	0
-3.427	0
-3.426	0
-3.425	0
-3.424	0
-3.423	0
-3.422	0
-3.421	0
-3.42	0
-3.419	0
-3.418	0
-3.417	0
-3.416	0
-3.415	0
-3.414	0
-3.413	0
-3.412	0
-3.411	0
-3.41	0
-3.409	0
-3.408	0
-3.407	0
-3.406	0
-3.405	0
-3.404	0
-3.403	0
-3.402	0
-3.401	0
-3.4	0
-3.399	0
-3.398	0
-3.397	0
-3.396	0
-3.395	0
-3.394	0
-3.393	0
-3.392	0
-3.391	0
-3.39	0
-3.389	0
-3.388	0
-3.387	0
-3.386	0
-3.385	0
-3.384	0
-3.383	0
-3.382	0
-3.381	0
-3.38	0
-3.379	0
-3.378	0
-3.377	0
-3.376	0
-3.375	0
-3.374	0
-3.373	0
-3.372	0
-3.371	0
-3.37	0
-3.369	0
-3.368	0
-3.367	0
-3.366	0
-3.365	0
-3.364	0
-3.363	0
-3.362	0
-3.361	0
-3.36	0
-3.359	0
-3.358	0
-3.357	0
-3.356	0
-3.355	0
-3.354	0
-3.353	0
-3.352	0
-3.351	0
-3.35	0
-3.349	0
-3.348	0
-3.347	0
-3.346	0
-3.345	0
-3.344	0
-3.343	0
-3.342	0
-3.341	0
-3.34	0
-3.339	0
-3.338	0
-3.337	0
-3.336	0
-3.335	0
-3.334	0
-3.333	0
-3.332	0
-3.331	0
-3.33	0
-3.329	0
-3.328	0
-3.327	0
-3.326	0
-3.325	0
-3.324	0
-3.323	0
-3.322	0
-3.321	0
-3.32	0
-3.319	0
-3.318	0
-3.317	0
-3.316	0
-3.315	0
-3.314	0
-3.313	0
-3.312	0
-3.311	0
-3.31	0
-3.309	0
-3.308	0
-3.307	0
-3.306	0
-3.305	0
-3.304	0
-3.303	0
-3.302	0
-3.301	0
-3.3	0
-3.299	0
-3.298	0
-3.297	0
-3.296	0
-3.295	0
-3.294	0
-3.293	0
-3.292	0
-3.291	0
-3.29	0
-3.289	0
-3.288	0
-3.287	0
-3.286	0
-3.285	0
-3.284	0
-3.283	0
-3.282	0
-3.281	0
-3.28	0
-3.279	0
-3.278	0
-3.277	0
-3.276	0
-3.275	0
-3.274	0
-3.273	0
-3.272	0
-3.271	0
-3.27	0
-3.269	0
-3.268	0
-3.267	0
-3.266	0
-3.265	0
-3.264	0
-3.263	0
-3.262	0
-3.261	0
-3.26	0
-3.259	0
-3.258	0
-3.257	0
-3.256	0
-3.255	0
-3.254	0
-3.253	0
-3.252	0
-3.251	0
-3.25	0
-3.249	0
-3.248	0
-3.247	0
-3.246	0
-3.245	0
-3.244	0
-3.243	0
-3.242	0
-3.241	0
-3.24	0
-3.239	0
-3.238	0
-3.237	0
-3.236	0
-3.235	0
-3.234	0
-3.233	0
-3.232	0
-3.231	0
-3.23	0
-3.229	0
-3.228	0
-3.227	0
-3.226	0
-3.225	0
-3.224	0
-3.223	0
-3.222	0
-3.221	0
-3.22	0
-3.219	0
-3.218	0
-3.217	0
-3.216	0
-3.215	0
-3.214	0
-3.213	0
-3.212	0
-3.211	0
-3.21	0
-3.209	0
-3.208	0
-3.207	0
-3.206	0
-3.205	0
-3.204	0
-3.203	0
-3.202	0
-3.201	0
-3.2	0
-3.199	0
-3.198	0
-3.197	0
-3.196	0
-3.195	0
-3.194	0
-3.193	0
-3.192	0
-3.191	0
-3.19	0
-3.189	0
-3.188	0
-3.187	0
-3.186	0
-3.185	0
-3.184	0
-3.183	0
-3.182	0
-3.181	0
-3.18	0
-3.179	0
-3.178	0
-3.177	0
-3.176	0
-3.175	0
-3.174	0
-3.173	0
-3.172	0
-3.171	0
-3.17	0
-3.169	0
-3.168	0
-3.167	0
-3.166	0
-3.165	0
-3.164	0
-3.163	0
-3.162	0
-3.161	0
-3.16	0
-3.159	0
-3.158	0
-3.157	0
-3.156	0
-3.155	0
-3.154	0
-3.153	0
-3.152	0
-3.151	0
-3.15	0
-3.149	0
-3.148	0
-3.147	0
-3.146	0
-3.145	0
-3.144	0
-3.143	0
-3.142	0
-3.141	0
-3.14	0
-3.139	0
-3.138	0
-3.137	0
-3.136	0
-3.135	0
-3.134	0
-3.133	0
-3.132	0
-3.131	0
-3.13	0
-3.129	0
-3.128	0
-3.127	0
-3.126	0
-3.125	0
-3.124	0
-3.123	0
-3.122	0
-3.121	0
-3.12	0
-3.119	0
-3.118	0
-3.117	0
-3.116	0
-3.115	0
-3.114	0
-3.113	0
-3.112	0
-3.111	0
-3.11	0
-3.109	0
-3.108	0
-3.107	0
-3.106	0
-3.105	0
-3.104	0
-3.103	0
-3.102	0
-3.101	0
-3.1	0
-3.099	0
-3.098	0
-3.097	0
-3.096	0
-3.095	0
-3.094	0
-3.093	0
-3.092	0
-3.091	0
-3.09	0
-3.089	0
-3.088	0
-3.087	0
-3.086	0
-3.085	0
-3.084	0
-3.083	0
-3.082	0
-3.081	0
-3.08	0
-3.079	0
-3.078	0
-3.077	0
-3.076	0
-3.075	0
-3.074	0
-3.073	0
-3.072	0
-3.071	0
-3.07	0
-3.069	0
-3.068	0
-3.067	0
-3.066	0
-3.065	0
-3.064	0
-3.063	0
-3.062	0
-3.061	0
-3.06	0
-3.059	0
-3.058	0
-3.057	0
-3.056	0
-3.055	0
-3.054	0
-3.053	0
-3.052	0
-3.051	0
-3.05	0
-3.049	0
-3.048	0
-3.047	0
-3.046	0
-3.045	0
-3.044	0
-3.043	0
-3.042	0
-3.041	0
-3.04	0
-3.039	0
-3.038	0
-3.037	0
-3.036	0
-3.035	0
-3.034	0
-3.033	0
-3.032	0
-3.031	0
-3.03	0
-3.029	0
-3.028	0
-3.027	0
-3.026	0
-3.025	0
-3.024	0
-3.023	0
-3.022	0
-3.021	0
-3.02	0
-3.019	0
-3.018	0
-3.017	0
-3.016	0
-3.015	0
-3.014	0
-3.013	0
-3.012	0
-3.011	0
-3.01	0
-3.009	0
-3.008	0
-3.007	0
-3.006	0
-3.005	0
-3.004	0
-3.003	0
-3.002	0
-3.001	0
-3	0
-2.999	0
-2.998	0
-2.997	0
-2.996	0
-2.995	0
-2.994	0
-2.993	0
-2.992	0
-2.991	0
-2.99	0
-2.989	0
-2.988	0
-2.987	0
-2.986	0
-2.985	0
-2.984	0
-2.983	0
-2.982	0
-2.981	0
-2.98	0
-2.979	0
-2.978	0
-2.977	0
-2.976	0
-2.975	0
-2.974	0
-2.973	0
-2.972	0
-2.971	0
-2.97	0
-2.969	0
-2.968	0
-2.967	0
-2.966	0
-2.965	0
-2.964	0
-2.963	0
-2.962	0
-2.961	0
-2.96	0
-2.959	0
-2.958	0
-2.957	0
-2.956	0
-2.955	0
-2.954	0
-2.953	0
-2.952	0
-2.951	0
-2.95	0
-2.949	0
-2.948	0
-2.947	0
-2.946	0
-2.945	0
-2.944	0
-2.943	0
-2.942	0
-2.941	0
-2.94	0
-2.939	0
-2.938	0
-2.937	0
-2.936	0
-2.935	0
-2.934	0
-2.933	0
-2.932	0
-2.931	0
-2.93	0
-2.929	0
-2.928	0
-2.927	0
-2.926	0
-2.925	0
-2.924	0
-2.923	0
-2.922	0
-2.921	0
-2.92	0
-2.919	0
-2.918	0
-2.917	0
-2.916	0
-2.915	0
-2.914	0
-2.913	0
-2.912	0
-2.911	0
-2.91	0
-2.909	0
-2.908	0
-2.907	0
-2.906	0
-2.905	0
-2.904	0
-2.903	0
-2.902	0
-2.901	0
-2.9	0
-2.899	0
-2.898	0
-2.897	0
-2.896	0
-2.895	0
-2.894	0
-2.893	0
-2.892	0
-2.891	0
-2.89	0
-2.889	0
-2.888	0
-2.887	0
-2.886	0
-2.885	0
-2.884	0
-2.883	0
-2.882	0
-2.881	0
-2.88	0
-2.879	0
-2.878	0
-2.877	0
-2.876	0
-2.875	0
-2.874	0
-2.873	0
-2.872	0
-2.871	0
-2.87	0
-2.869	0
-2.868	0
-2.867	0
-2.866	0
-2.865	0
-2.864	0
-2.863	0
-2.862	0
-2.861	0
-2.86	0
-2.859	0
-2.858	0
-2.857	0
-2.856	0
-2.855	0
-2.854	0
-2.853	0
-2.852	0
-2.851	0
-2.85	0
-2.849	0
-2.848	0
-2.847	0
-2.846	0
-2.845	0
-2.844	0
-2.843	0
-2.842	0
-2.841	0
-2.84	0
-2.839	0
-2.838	0
-2.837	0
-2.836	0
-2.835	0
-2.834	0
-2.833	0
-2.832	0
-2.831	0
-2.83	0
-2.829	0
-2.828	0
-2.827	0
-2.826	0
-2.825	0
-2.824	0
-2.823	0
-2.822	0
-2.821	0
-2.82	0
-2.819	0
-2.818	0
-2.817	0
-2.816	0
-2.815	0
-2.814	0
-2.813	0
-2.812	0
-2.811	0
-2.81	0
-2.809	0
-2.808	0
-2.807	0
-2.806	0
-2.805	0
-2.804	0
-2.803	0
-2.802	0
-2.801	0
-2.8	0
-2.799	0
-2.798	0
-2.797	0
-2.796	0
-2.795	0
-2.794	0
-2.793	0
-2.792	0
-2.791	0
-2.79	0
-2.789	0
-2.788	0
-2.787	0
-2.786	0
-2.785	0
-2.784	0
-2.783	0
-2.782	0
-2.781	0
-2.78	0
-2.779	0
-2.778	0
-2.777	0
-2.776	0
-2.775	0
-2.774	0
-2.773	0
-2.772	0
-2.771	0
-2.77	0
-2.769	0
-2.768	0
-2.767	0
-2.766	0
-2.765	0
-2.764	0
-2.763	0
-2.762	0
-2.761	0
-2.76	0
-2.759	0
-2.758	0
-2.757	0
-2.756	0
-2.755	0
-2.754	0
-2.753	0
-2.752	0
-2.751	0
-2.75	0
-2.749	0
-2.748	0
-2.747	0
-2.746	0
-2.745	0
-2.744	0
-2.743	0
-2.742	0
-2.741	0
-2.74	0
-2.739	0
-2.738	0
-2.737	0
-2.736	0
-2.735	0
-2.734	0
-2.733	0
-2.732	0
-2.731	0
-2.73	0
-2.729	0
-2.728	0
-2.727	0
-2.726	0
-2.725	0
-2.724	0
-2.723	0
-2.722	0
-2.721	0
-2.72	0
-2.719	0
-2.718	0
-2.717	0
-2.716	0
-2.715	0
-2.714	0
-2.713	0
-2.712	0
-2.711	0
-2.71	0
-2.709	0
-2.708	0
-2.707	0
-2.706	0
-2.705	0
-2.704	0
-2.703	0
-2.702	0
-2.701	0
-2.7	0
-2.699	0
-2.698	0
-2.697	0
-2.696	0
-2.695	0
-2.694	0
-2.693	0
-2.692	0
-2.691	0
-2.69	0
-2.689	0
-2.688	0
-2.687	0
-2.686	0
-2.685	0
-2.684	0
-2.683	0
-2.682	0
-2.681	0
-2.68	0
-2.679	0
-2.678	0
-2.677	0
-2.676	0
-2.675	0
-2.674	0
-2.673	0
-2.672	0
-2.671	0
-2.67	0
-2.669	0
-2.668	0
-2.667	0
-2.666	0
-2.665	0
-2.664	0
-2.663	0
-2.662	0
-2.661	0
-2.66	0
-2.659	0
-2.658	0
-2.657	0
-2.656	0
-2.655	0
-2.654	0
-2.653	0
-2.652	0
-2.651	0
-2.65	0
-2.649	0
-2.648	0
-2.647	0
-2.646	0
-2.645	0
-2.644	0
-2.643	0
-2.642	0
-2.641	0
-2.64	0
-2.639	0
-2.638	0
-2.637	0
-2.636	0
-2.635	0
-2.634	0
-2.633	0
-2.632	0
-2.631	0
-2.63	0
-2.629	0
-2.628	0
-2.627	0
-2.626	0
-2.625	0
-2.624	0
-2.623	0
-2.622	0
-2.621	0
-2.62	0
-2.619	0
-2.618	0
-2.617	0
-2.616	0
-2.615	0
-2.614	0
-2.613	0
-2.612	0
-2.611	0
-2.61	0
-2.609	0
-2.608	0
-2.607	0
-2.606	0
-2.605	0
-2.604	0
-2.603	0
-2.602	0
-2.601	0
-2.6	0
-2.599	0
-2.598	0
-2.597	0
-2.596	0
-2.595	0
-2.594	0
-2.593	0
-2.592	0
-2.591	0
-2.59	0
-2.589	0
-2.588	0
-2.587	0
-2.586	0
-2.585	0
-2.584	0
-2.583	0
-2.582	0
-2.581	0
-2.58	0
-2.579	0
-2.578	0
-2.577	0
-2.576	0
-2.575	0
-2.574	0
-2.573	0
-2.572	0
-2.571	0
-2.57	0
-2.569	0
-2.568	0
-2.567	0
-2.566	0
-2.565	0
-2.564	0
-2.563	0
-2.562	0
-2.561	0
-2.56	0
-2.559	0
-2.558	0
-2.557	0
-2.556	0
-2.555	0
-2.554	0
-2.553	0
-2.552	0
-2.551	0
-2.55	0
-2.549	0
-2.548	0
-2.547	0
-2.546	0
-2.545	0
-2.544	0
-2.543	0
-2.542	0
-2.541	0
-2.54	0
-2.539	0
-2.538	0
-2.537	0
-2.536	0
-2.535	0
-2.534	0
-2.533	0
-2.532	0
-2.531	0
-2.53	0
-2.529	0
-2.528	0
-2.527	0
-2.526	0
-2.525	0
-2.524	0
-2.523	0
-2.522	0
-2.521	0
-2.52	0
-2.519	0
-2.518	0
-2.517	0
-2.516	0
-2.515	0
-2.514	0
-2.513	0
-2.512	0
-2.511	0
-2.51	0
-2.509	0
-2.508	0
-2.507	0
-2.506	0
-2.505	0
-2.504	0
-2.503	0
-2.502	0
-2.501	0
-2.5	0
-2.499	0
-2.498	0
-2.497	0
-2.496	0
-2.495	0
-2.494	0
-2.493	0
-2.492	0
-2.491	0
-2.49	0
-2.489	0
-2.488	0
-2.487	0
-2.486	0
-2.485	0
-2.484	0
-2.483	0
-2.482	0
-2.481	0
-2.48	0
-2.479	0
-2.478	0
-2.477	0
-2.476	0
-2.475	0
-2.474	0
-2.473	0
-2.472	0
-2.471	0
-2.47	0
-2.469	0
-2.468	0
-2.467	0
-2.466	0
-2.465	0
-2.464	0
-2.463	0
-2.462	0
-2.461	0
-2.46	0
-2.459	0
-2.458	0
-2.457	0
-2.456	0
-2.455	0
-2.454	0
-2.453	0
-2.452	0
-2.451	0
-2.45	0
-2.449	0
-2.448	0
-2.447	0
-2.446	0
-2.445	0
-2.444	0
-2.443	0
-2.442	0
-2.441	0
-2.44	0
-2.439	0
-2.438	0
-2.437	0
-2.436	0
-2.435	0
-2.434	0
-2.433	0
-2.432	0
-2.431	0
-2.43	0
-2.429	0
-2.428	0
-2.427	0
-2.426	0
-2.425	0
-2.424	0
-2.423	0
-2.422	0
-2.421	0
-2.42	0
-2.419	0
-2.418	0
-2.417	0
-2.416	0
-2.415	0
-2.414	0
-2.413	0
-2.412	0
-2.411	0
-2.41	0
-2.409	0
-2.408	0
-2.407	0
-2.406	0
-2.405	0
-2.404	0
-2.403	0
-2.402	0
-2.401	0
-2.4	0
-2.399	0
-2.398	0
-2.397	0
-2.396	0
-2.395	0
-2.394	0
-2.393	0
-2.392	0
-2.391	0
-2.39	0
-2.389	0
-2.388	0
-2.387	0
-2.386	0
-2.385	0
-2.384	0
-2.383	0
-2.382	0
-2.381	0
-2.38	0
-2.379	0
-2.378	0
-2.377	0
-2.376	0
-2.375	0
-2.374	0
-2.373	0
-2.372	0
-2.371	0
-2.37	0
-2.369	0
-2.368	0
-2.367	0
-2.366	0
-2.365	0
-2.364	0
-2.363	0
-2.362	0
-2.361	0
-2.36	0
-2.359	0
-2.358	0
-2.357	0
-2.356	0
-2.355	0
-2.354	0
-2.353	0
-2.352	0
-2.351	0
-2.35	0
-2.349	0
-2.348	0
-2.347	0
-2.346	0
-2.345	0
-2.344	0
-2.343	0
-2.342	0
-2.341	0
-2.34	0
-2.339	0
-2.338	0
-2.337	0
-2.336	0
-2.335	0
-2.334	0
-2.333	0
-2.332	0
-2.331	0
-2.33	0
-2.329	0
-2.328	0
-2.327	0
-2.326	0
-2.325	0
-2.324	0
-2.323	0
-2.322	0
-2.321	0
-2.32	0
-2.319	0
-2.318	0
-2.317	0
-2.316	0
-2.315	0
-2.314	0
-2.313	0
-2.312	0
-2.311	0
-2.31	0
-2.309	0
-2.308	0
-2.307	0
-2.306	0
-2.305	0
-2.304	0
-2.303	0
-2.302	0
-2.301	0
-2.3	0
-2.299	0
-2.298	0
-2.297	0
-2.296	0
-2.295	0
-2.294	0
-2.293	0
-2.292	0
-2.291	0
-2.29	0
-2.289	0
-2.288	0
-2.287	0
-2.286	0
-2.285	0
-2.284	0
-2.283	0
-2.282	0
-2.281	0
-2.28	0
-2.279	0
-2.278	0
-2.277	0
-2.276	0
-2.275	0
-2.274	0
-2.273	0
-2.272	0
-2.271	0
-2.27	0
-2.269	0
-2.268	0
-2.267	0
-2.266	0
-2.265	0
-2.264	0
-2.263	0
-2.262	0
-2.261	0
-2.26	0
-2.259	0
-2.258	0
-2.257	0
-2.256	0
-2.255	0
-2.254	0
-2.253	0
-2.252	0
-2.251	0
-2.25	0
-2.249	0
-2.248	0
-2.247	0
-2.246	0
-2.245	0
-2.244	0
-2.243	0
-2.242	0
-2.241	0
-2.24	0
-2.239	0
-2.238	0
-2.237	0
-2.236	0
-2.235	0
-2.234	0
-2.233	0
-2.232	0
-2.231	0
-2.23	0
-2.229	0
-2.228	0
-2.227	0
-2.226	0
-2.225	0
-2.224	0
-2.223	0
-2.222	0
-2.221	0
-2.22	0
-2.219	0
-2.218	0
-2.217	0
-2.216	0
-2.215	0
-2.214	0
-2.213	0
-2.212	0
-2.211	0
-2.21	0
-2.209	0
-2.208	0
-2.207	0
-2.206	0
-2.205	0
-2.204	0
-2.203	0
-2.202	0
-2.201	0
-2.2	0
-2.199	0
-2.198	0
-2.197	0
-2.196	0
-2.195	0
-2.194	0
-2.193	0
-2.192	0
-2.191	0
-2.19	0
-2.189	0
-2.188	0
-2.187	0
-2.186	0
-2.185	0
-2.184	0
-2.183	0
-2.182	0
-2.181	0
-2.18	0
-2.179	0
-2.178	0
-2.177	0
-2.176	0
-2.175	0
-2.174	0
-2.173	0
-2.172	0
-2.171	0
-2.17	0
-2.169	0
-2.168	0
-2.167	0
-2.166	0
-2.165	0
-2.164	0
-2.163	0
-2.162	0
-2.161	0
-2.16	0
-2.159	0
-2.158	0
-2.157	0
-2.156	0
-2.155	0
-2.154	0
-2.153	0
-2.152	0
-2.151	0
-2.15	0
-2.149	0
-2.148	0
-2.147	0
-2.146	0
-2.145	0
-2.144	0
-2.143	0
-2.142	0
-2.141	0
-2.14	0
-2.139	0
-2.138	0
-2.137	0
-2.136	0
-2.135	0
-2.134	0
-2.133	0
-2.132	0
-2.131	0
-2.13	0
-2.129	0
-2.128	0
-2.127	0
-2.126	0
-2.125	0
-2.124	0
-2.123	0
-2.122	0
-2.121	0
-2.12	0
-2.119	0
-2.118	0
-2.117	0
-2.116	0
-2.115	0
-2.114	0
-2.113	0
-2.112	0
-2.111	0
-2.11	0
-2.109	0
-2.108	0
-2.107	0
-2.106	0
-2.105	0
-2.104	0
-2.103	0
-2.102	0
-2.101	0
-2.1	0
-2.099	0
-2.098	0
-2.097	0
-2.096	0
-2.095	0
-2.094	0
-2.093	0
-2.092	0
-2.091	0
-2.09	0
-2.089	0
-2.088	0
-2.087	0
-2.086	0
-2.085	1.2074e-076
-2.084	5.39056e-076
-2.083	1.17778e-075
-2.082	1.76484e-075
-2.081	3.43407e-075
-2.08	9.929e-075
-2.079	3.54627e-074
-2.078	1.25221e-073
-2.077	4.23215e-073
-2.076	1.39542e-072
-2.075	4.55153e-072
-2.074	1.47455e-071
-2.073	4.74939e-071
-2.072	1.51855e-070
-2.071	4.82e-070
-2.07	1.51838e-069
-2.069	4.74736e-069
-2.068	1.47309e-068
-2.067	4.53632e-068
-2.066	1.3863e-067
-2.065	4.20408e-067
-2.064	1.2651e-066
-2.063	3.77746e-066
-2.062	1.11912e-065
-2.061	3.28952e-065
-2.06	9.59292e-065
-2.059	2.77529e-064
-2.058	7.96498e-064
-2.057	2.26756e-063
-2.056	6.40334e-063
-2.055	1.79353e-062
-2.054	4.98241e-062
-2.053	1.37271e-061
-2.052	3.7506e-061
-2.051	1.01621e-060
-2.05	2.73024e-060
-2.049	7.27327e-060
-2.048	1.92107e-059
-2.047	5.03058e-059
-2.046	1.30595e-058
-2.045	3.36078e-058
-2.044	8.573e-058
-2.043	2.1676e-057
-2.042	5.43184e-057
-2.041	1.34899e-056
-2.04	3.31998e-056
-2.039	8.09649e-056
-2.038	1.95642e-055
-2.037	4.68379e-055
-2.036	1.11089e-054
-2.035	2.61008e-054
-2.034	6.07446e-054
-2.033	1.40023e-053
-2.032	3.19663e-053
-2.031	7.22689e-053
-2.03	1.61785e-052
-2.029	3.58604e-052
-2.028	7.86941e-052
-2.027	1.70954e-051
-2.026	3.67608e-051
-2.025	7.82376e-051
-2.024	1.64788e-050
-2.023	3.43458e-050
-2.022	7.08285e-050
-2.021	1.44505e-049
-2.02	2.91639e-049
-2.019	5.82164e-049
-2.018	1.14928e-048
-2.017	2.24355e-048
-2.016	4.33023e-048
-2.015	8.26213e-048
-2.014	1.55817e-047
-2.013	2.9041e-047
-2.012	5.34824e-047
-2.011	9.73059e-047
-2.01	1.74871e-046
-2.009	3.10355e-046
-2.008	5.43848e-046
-2.007	9.4075e-046
-2.006	1.60601e-045
-2.005	2.70511e-045
-2.004	4.49432e-045
-2.003	7.36296e-045
-2.002	1.18906e-044
-2.001	1.89213e-044
-2	2.96561e-044
-1.999	4.57599e-044
-1.998	6.94751e-044
-1.997	1.03722e-043
-1.996	1.52159e-043
-1.995	2.19145e-043
-1.994	3.09546e-043
-1.993	4.28287e-043
-1.992	5.7955e-043
-1.991	7.65506e-043
-1.99	9.84529e-043
-1.989	1.22889e-042
-1.988	1.48211e-042
-1.987	1.71655e-042
-1.986	1.89206e-042
-1.985	1.95751e-042
-1.984	1.85785e-042
-1.983	1.55082e-042
-1.982	1.03924e-042
-1.981	4.27289e-043
-1.98	1.22414e-044
-1.979	4.26922e-043
-1.978	2.85305e-042
-1.977	9.33147e-042
-1.976	2.32028e-041
-1.975	4.97206e-041
-1.974	9.68916e-041
-1.973	1.7661e-040
-1.972	3.06168e-040
-1.971	5.10258e-040
-1.97	8.23578e-040
-1.969	1.29423e-039
-1.968	1.98807e-039
-1.967	2.9943e-039
-1.966	4.43255e-039
-1.965	6.46182e-039
-1.964	9.29168e-039
-1.963	1.31963e-038
-1.962	1.85316e-038
-1.961	2.57569e-038
-1.96	3.54608e-038
-1.959	4.83932e-038
-1.958	6.55043e-038
-1.957	8.79909e-038
-1.956	1.17354e-037
-1.955	1.55464e-037
-1.954	2.04646e-037
-1.953	2.67773e-037
-1.952	3.48381e-037
-1.951	4.50806e-037
-1.95	5.80342e-037
-1.949	7.43436e-037
-1.948	9.47899e-037
-1.947	1.20317e-036
-1.946	1.52062e-036
-1.945	1.9139e-036
-1.944	2.39934e-036
-1.943	2.99643e-036
-1.942	3.72834e-036
-1.941	4.62255e-036
-1.94	5.71158e-036
-1.939	7.03378e-036
-1.938	8.63426e-036
-1.937	1.05659e-035
-1.936	1.28908e-035
-1.935	1.56812e-035
-1.934	1.90213e-035
-1.933	2.30093e-035
-1.932	2.77586e-035
-1.931	3.34009e-035
-1.93	4.00877e-035
-1.929	4.79941e-035
-1.928	5.73212e-035
-1.927	6.82999e-035
-1.926	8.11944e-035
-1.925	9.6307e-035
-1.924	1.13982e-034
-1.923	1.34613e-034
-1.922	1.58645e-034
-1.921	1.86586e-034
-1.92	2.19009e-034
-1.919	2.56561e-034
-1.918	2.99977e-034
-1.917	3.5008e-034
-1.916	4.07799e-034
-1.915	4.74175e-034
-1.914	5.5038e-034
-1.913	6.37719e-034
-1.912	7.37658e-034
-1.911	8.51829e-034
-1.91	9.82049e-034
-1.909	1.13034e-033
-1.908	1.29896e-033
-1.907	1.49039e-033
-1.906	1.70739e-033
-1.905	1.95302e-033
-1.904	2.23064e-033
-1.903	2.54397e-033
-1.902	2.89708e-033
-1.901	3.29448e-033
-1.9	3.74109e-033
-1.899	4.24229e-033
-1.898	4.804e-033
-1.897	5.43264e-033
-1.896	6.13525e-033
-1.895	6.91949e-033
-1.894	7.79366e-033
-1.893	8.76679e-033
-1.892	9.84865e-033
-1.891	1.10498e-032
-1.89	1.23817e-032
-1.889	1.38567e-032
-1.888	1.54879e-032
-1.887	1.72897e-032
-1.886	1.92774e-032
-1.885	2.14674e-032
-1.884	2.3877e-032
-1.883	2.65252e-032
-1.882	2.94317e-032
-1.881	3.26178e-032
-1.88	3.61059e-032
-1.879	3.99199e-032
-1.878	4.40852e-032
-1.877	4.8628e-032
-1.876	5.35768e-032
-1.875	5.89609e-032
-1.874	6.48111e-032
-1.873	7.11601e-032
-1.872	7.80411e-032
-1.871	8.549e-032
-1.87	9.35428e-032
-1.869	1.02238e-031
-1.868	1.11614e-031
-1.867	1.21713e-031
-1.866	1.32574e-031
-1.865	1.44241e-031
-1.864	1.56758e-031
-1.863	1.70169e-031
-1.862	1.84518e-031
-1.861	1.99852e-031
-1.86	2.16215e-031
-1.859	2.33653e-031
-1.858	2.52214e-031
-1.857	2.71939e-031
-1.856	2.92876e-031
-1.855	3.15067e-031
-1.854	3.38554e-031
-1.853	3.63378e-031
-1.852	3.89578e-031
-1.851	4.1719e-031
-1.85	4.46247e-031
-1.849	4.76781e-031
-1.848	5.08818e-031
-1.847	5.42381e-031
-1.846	5.77488e-031
-1.845	6.14156e-031
-1.844	6.52392e-031
-1.843	6.92201e-031
-1.842	7.33577e-031
-1.841	7.76515e-031
-1.84	8.21e-031
-1.839	8.67003e-031
-1.838	9.14501e-031
-1.837	9.63455e-031
-1.836	1.01382e-030
-1.835	1.06553e-030
-1.834	1.11854e-030
-1.833	1.17277e-030
-1.832	1.22815e-030
-1.831	1.28459e-030
-1.83	1.34199e-030
-1.829	1.40025e-030
-1.828	1.45925e-030
-1.827	1.5189e-030
-1.826	1.57905e-030
-1.825	1.63958e-030
-1.824	1.70035e-030
-1.823	1.76123e-030
-1.822	1.82207e-030
-1.821	1.88272e-030
-1.82	1.94304e-030
-1.819	2.00287e-030
-1.818	2.06208e-030
-1.817	2.12052e-030
-1.816	2.17805e-030
-1.815	2.23453e-030
-1.814	2.28982e-030
-1.813	2.34381e-030
-1.812	2.3964e-030
-1.811	2.44748e-030
-1.81	2.49696e-030
-1.809	2.54475e-030
-1.808	2.59082e-030
-1.807	2.63509e-030
-1.806	2.67755e-030
-1.805	2.71818e-030
-1.804	2.75696e-030
-1.803	2.79392e-030
-1.802	2.8291e-030
-1.801	2.86254e-030
-1.8	2.89427e-030
-1.799	2.92437e-030
-1.798	2.95292e-030
-1.797	2.97998e-030
-1.796	3.00561e-030
-1.795	3.0299e-030
-1.794	3.0529e-030
-1.793	3.07466e-030
-1.792	3.09521e-030
-1.791	3.11453e-030
-1.79	3.13258e-030
-1.789	3.1493e-030
-1.788	3.16458e-030
-1.787	3.17824e-030
-1.786	3.19004e-030
-1.785	3.19972e-030
-1.784	3.20692e-030
-1.783	3.21122e-030
-1.782	3.21213e-030
-1.781	3.20911e-030
-1.78	3.20159e-030
-1.779	3.18889e-030
-1.778	3.17035e-030
-1.777	3.14525e-030
-1.776	3.11296e-030
-1.775	3.07283e-030
-1.774	3.0243e-030
-1.773	2.96702e-030
-1.772	2.90075e-030
-1.771	2.82559e-030
-1.77	2.74198e-030
-1.769	2.65082e-030
-1.768	2.55363e-030
-1.767	2.45259e-030
-1.766	2.35079e-030
-1.765	2.25243e-030
-1.764	2.16287e-030
-1.763	2.08901e-030
-1.762	2.0395e-030
-1.761	2.02498e-030
-1.76	2.05845e-030
-1.759	2.15556e-030
-1.758	2.33507e-030
-1.757	2.61917e-030
-1.756	3.03406e-030
-1.755	3.61026e-030
-1.754	4.38327e-030
-1.753	5.39417e-030
-1.752	6.69009e-030
-1.751	8.32503e-030
-1.75	1.03604e-029
-1.749	1.28657e-029
-1.748	1.59198e-029
-1.747	1.9611e-029
-1.746	2.40381e-029
-1.745	2.93114e-029
-1.744	3.55539e-029
-1.743	4.29018e-029
-1.742	5.15051e-029
-1.741	6.15287e-029
-1.74	7.31547e-029
-1.739	8.65809e-029
-1.738	1.02024e-028
-1.737	1.19717e-028
-1.736	1.39917e-028
-1.735	1.62897e-028
-1.734	1.88952e-028
-1.733	2.18401e-028
-1.732	2.51582e-028
-1.731	2.88856e-028
-1.73	3.30607e-028
-1.729	3.77244e-028
-1.728	4.29194e-028
-1.727	4.86908e-028
-1.726	5.50862e-028
-1.725	6.21548e-028
-1.724	6.99478e-028
-1.723	7.85185e-028
-1.722	8.79216e-028
-1.721	9.82132e-028
-1.72	1.09451e-027
-1.719	1.21693e-027
-1.718	1.34998e-027
-1.717	1.49425e-027
-1.716	1.65032e-027
-1.715	1.81878e-027
-1.714	2.00021e-027
-1.713	2.19513e-027
-1.712	2.40409e-027
-1.711	2.62757e-027
-1.71	2.86604e-027
-1.709	3.11991e-027
-1.708	3.38954e-027
-1.707	3.67525e-027
-1.706	3.97724e-027
-1.705	4.29569e-027
-1.704	4.63066e-027
-1.703	4.98213e-027
-1.702	5.34996e-027
-1.701	5.73389e-027
-1.7	6.13361e-027
-1.699	6.54858e-027
-1.698	6.97818e-027
-1.697	7.42167e-027
-1.696	7.87809e-027
-1.695	8.34639e-027
-1.694	8.82533e-027
-1.693	9.31352e-027
-1.692	9.80941e-027
-1.691	1.03113e-026
-1.69	1.08173e-026
-1.689	1.13254e-026
-1.688	1.18336e-026
-1.687	1.23394e-026
-1.686	1.28405e-026
-1.685	1.33346e-026
-1.684	1.38189e-026
-1.683	1.42911e-026
-1.682	1.47485e-026
-1.681	1.51886e-026
-1.68	1.56089e-026
-1.679	1.60071e-026
-1.678	1.63809e-026
-1.677	1.67287e-026
-1.676	1.70486e-026
-1.675	1.73395e-026
-1.674	1.76006e-026
-1.673	1.78315e-026
-1.672	1.80326e-026
-1.671	1.8205e-026
-1.67	1.83505e-026
-1.669	1.84718e-026
-1.668	1.85728e-026
-1.667	1.86582e-026
-1.666	1.87342e-026
-1.665	1.88081e-026
-1.664	1.88889e-026
-1.663	1.8987e-026
-1.662	1.91144e-026
-1.661	1.92851e-026
-1.66	1.95147e-026
-1.659	1.98211e-026
-1.658	2.02238e-026
-1.657	2.07448e-026
-1.656	2.14081e-026
-1.655	2.224e-026
-1.654	2.32691e-026
-1.653	2.45259e-026
-1.652	2.60438e-026
-1.651	2.78578e-026
-1.65	3.00053e-026
-1.649	3.25256e-026
-1.648	3.54602e-026
-1.647	3.88519e-026
-1.646	4.27453e-026
-1.645	4.71862e-026
-1.644	5.22214e-026
-1.643	5.78984e-026
-1.642	6.42647e-026
-1.641	7.1368e-026
-1.64	7.92548e-026
-1.639	8.79717e-026
-1.638	9.75625e-026
-1.637	1.08068e-025
-1.636	1.19528e-025
-1.635	1.31977e-025
-1.634	1.45445e-025
-1.633	1.59959e-025
-1.632	1.75538e-025
-1.631	1.92194e-025
-1.63	2.09932e-025
-1.629	2.2875e-025
-1.628	2.48635e-025
-1.627	2.69565e-025
-1.626	2.91507e-025
-1.625	3.14415e-025
-1.624	3.38235e-025
-1.623	3.62897e-025
-1.622	3.88322e-025
-1.621	4.14412e-025
-1.62	4.41061e-025
-1.619	4.68148e-025
-1.618	4.95539e-025
-1.617	5.2309e-025
-1.616	5.50643e-025
-1.615	5.78032e-025
-1.614	6.05079e-025
-1.613	6.31602e-025
-1.612	6.57416e-025
-1.611	6.82329e-025
-1.61	7.06155e-025
-1.609	7.28711e-025
-1.608	7.49822e-025
-1.607	7.69329e-025
-1.606	7.87091e-025
-1.605	8.02996e-025
-1.604	8.16954e-025
-1.603	8.28922e-025
-1.602	8.38904e-025
-1.601	8.46955e-025
-1.6	8.53194e-025
-1.599	8.57818e-025
-1.598	8.61103e-025
-1.597	8.63428e-025
-1.596	8.6527e-025
-1.595	8.67234e-025
-1.594	8.70049e-025
-1.593	8.74593e-025
-1.592	8.81895e-025
-1.591	8.93165e-025
-1.59	9.0979e-025
-1.589	9.33356e-025
-1.588	9.65662e-025
-1.587	1.00873e-024
-1.586	1.06481e-024
-1.585	1.13642e-024
-1.584	1.22633e-024
-1.583	1.33756e-024
-1.582	1.47343e-024
-1.581	1.63753e-024
-1.58	1.83376e-024
-1.579	2.06628e-024
-1.578	2.33958e-024
-1.577	2.65842e-024
-1.576	3.02784e-024
-1.575	3.45318e-024
-1.574	3.94004e-024
-1.573	4.49425e-024
-1.572	5.12191e-024
-1.571	5.8293e-024
-1.57	6.62288e-024
-1.569	7.50929e-024
-1.568	8.49525e-024
-1.567	9.58757e-024
-1.566	1.0793e-023
-1.565	1.21185e-023
-1.564	1.35706e-023
-1.563	1.51559e-023
-1.562	1.68807e-023
-1.561	1.8751e-023
-1.56	2.07725e-023
-1.559	2.29504e-023
-1.558	2.52894e-023
-1.557	2.77934e-023
-1.556	3.04657e-023
-1.555	3.3309e-023
-1.554	3.63246e-023
-1.553	3.95132e-023
-1.552	4.28744e-023
-1.551	4.64063e-023
-1.55	5.0106e-023
-1.549	5.39692e-023
-1.548	5.79901e-023
-1.547	6.21616e-023
-1.546	6.64749e-023
-1.545	7.09198e-023
-1.544	7.5484e-023
-1.543	8.01543e-023
-1.542	8.49157e-023
-1.541	8.97512e-023
-1.54	9.4643e-023
-1.539	9.95716e-023
-1.538	1.04516e-022
-1.537	1.09455e-022
-1.536	1.14365e-022
-1.535	1.19224e-022
-1.534	1.24006e-022
-1.533	1.2869e-022
-1.532	1.3325e-022
-1.531	1.37664e-022
-1.53	1.41911e-022
-1.529	1.4597e-022
-1.528	1.49824e-022
-1.527	1.53458e-022
-1.526	1.56861e-022
-1.525	1.60024e-022
-1.524	1.62948e-022
-1.523	1.65634e-022
-1.522	1.68094e-022
-1.521	1.70347e-022
-1.52	1.72417e-022
-1.519	1.74342e-022
-1.518	1.76168e-022
-1.517	1.77955e-022
-1.516	1.79771e-022
-1.515	1.81704e-022
-1.514	1.8385e-022
-1.513	1.86327e-022
-1.512	1.89265e-022
-1.511	1.92814e-022
-1.51	1.97142e-022
-1.509	2.02437e-022
-1.508	2.08907e-022
-1.507	2.16779e-022
-1.506	2.26304e-022
-1.505	2.37753e-022
-1.504	2.51419e-022
-1.503	2.67619e-022
-1.502	2.86689e-022
-1.501	3.08988e-022
-1.5	3.34895e-022
-1.499	3.64811e-022
-1.498	3.99152e-022
-1.497	4.38356e-022
-1.496	4.82874e-022
-1.495	5.3317e-022
-1.494	5.89721e-022
-1.493	6.53013e-022
-1.492	7.23535e-022
-1.491	8.01781e-022
-1.49	8.8824e-022
-1.489	9.834e-022
-1.488	1.08773e-021
-1.487	1.2017e-021
-1.486	1.32574e-021
-1.485	1.46027e-021
-1.484	1.60567e-021
-1.483	1.76229e-021
-1.482	1.93042e-021
-1.481	2.11033e-021
-1.48	2.30221e-021
-1.479	2.5062e-021
-1.478	2.72236e-021
-1.477	2.9507e-021
-1.476	3.19112e-021
-1.475	3.44346e-021
-1.474	3.70746e-021
-1.473	3.98276e-021
-1.472	4.26892e-021
-1.471	4.56538e-021
-1.47	4.87148e-021
-1.469	5.18648e-021
-1.468	5.5095e-021
-1.467	5.83958e-021
-1.466	6.17568e-021
-1.465	6.51662e-021
-1.464	6.86118e-021
-1.463	7.20803e-021
-1.462	7.5558e-021
-1.461	7.90308e-021
-1.46	8.24836e-021
-1.459	8.59017e-021
-1.458	8.92703e-021
-1.457	9.25747e-021
-1.456	9.5801e-021
-1.455	9.8936e-021
-1.454	1.01968e-020
-1.453	1.04885e-020
-1.452	1.07681e-020
-1.451	1.10347e-020
-1.45	1.12882e-020
-1.449	1.15284e-020
-1.448	1.17557e-020
-1.447	1.19709e-020
-1.446	1.21752e-020
-1.445	1.23704e-020
-1.444	1.2559e-020
-1.443	1.27439e-020
-1.442	1.29289e-020
-1.441	1.31186e-020
-1.44	1.33182e-020
-1.439	1.3534e-020
-1.438	1.37733e-020
-1.437	1.40442e-020
-1.436	1.4356e-020
-1.435	1.4719e-020
-1.434	1.51446e-020
-1.433	1.56456e-020
-1.432	1.62359e-020
-1.431	1.69304e-020
-1.43	1.77456e-020
-1.429	1.8699e-020
-1.428	1.98095e-020
-1.427	2.10971e-020
-1.426	2.25831e-020
-1.425	2.42897e-020
-1.424	2.62406e-020
-1.423	2.84601e-020
-1.422	3.09736e-020
-1.421	3.38075e-020
-1.42	3.69886e-020
-1.419	4.05444e-020
-1.418	4.45027e-020
-1.417	4.88916e-020
-1.416	5.37392e-020
-1.415	5.90735e-020
-1.414	6.49219e-020
-1.413	7.13113e-020
-1.412	7.82673e-020
-1.411	8.5815e-020
-1.41	9.39773e-020
-1.409	1.02776e-019
-1.408	1.1223e-019
-1.407	1.22356e-019
-1.406	1.33169e-019
-1.405	1.44679e-019
-1.404	1.56895e-019
-1.403	1.69821e-019
-1.402	1.83456e-019
-1.401	1.97797e-019
-1.4	2.12835e-019
-1.399	2.28558e-019
-1.398	2.44946e-019
-1.397	2.61978e-019
-1.396	2.79624e-019
-1.395	2.97852e-019
-1.394	3.16623e-019
-1.393	3.35892e-019
-1.392	3.55611e-019
-1.391	3.75727e-019
-1.39	3.96181e-019
-1.389	4.16911e-019
-1.388	4.37852e-019
-1.387	4.58935e-019
-1.386	4.80089e-019
-1.385	5.01241e-019
-1.384	5.22317e-019
-1.383	5.43246e-019
-1.382	5.63955e-019
-1.381	5.84378e-019
-1.38	6.04449e-019
-1.379	6.24112e-019
-1.378	6.43314e-019
-1.377	6.62017e-019
-1.376	6.80189e-019
-1.375	6.97815e-019
-1.374	7.14893e-019
-1.373	7.31441e-019
-1.372	7.47494e-019
-1.371	7.63111e-019
-1.37	7.78376e-019
-1.369	7.934e-019
-1.368	8.08322e-019
-1.367	8.23316e-019
-1.366	8.38587e-019
-1.365	8.54379e-019
-1.364	8.70976e-019
-1.363	8.88702e-019
-1.362	9.07923e-019
-1.361	9.29053e-019
-1.36	9.52551e-019
-1.359	9.78924e-019
-1.358	1.00873e-018
-1.357	1.04257e-018
-1.356	1.08111e-018
-1.355	1.12506e-018
-1.354	1.17516e-018
-1.353	1.23223e-018
-1.352	1.29713e-018
-1.351	1.37076e-018
-1.35	1.45405e-018
-1.349	1.54799e-018
-1.348	1.65361e-018
-1.347	1.77196e-018
-1.346	1.90411e-018
-1.345	2.05118e-018
-1.344	2.21429e-018
-1.343	2.39455e-018
-1.342	2.5931e-018
-1.341	2.81105e-018
-1.34	3.04952e-018
-1.339	3.30958e-018
-1.338	3.59228e-018
-1.337	3.89863e-018
-1.336	4.22955e-018
-1.335	4.58592e-018
-1.334	4.96855e-018
-1.333	5.37815e-018
-1.332	5.81531e-018
-1.331	6.28054e-018
-1.33	6.77419e-018
-1.329	7.29652e-018
-1.328	7.84761e-018
-1.327	8.4274e-018
-1.326	9.03566e-018
-1.325	9.672e-018
-1.324	1.03359e-017
-1.323	1.10265e-017
-1.322	1.17429e-017
-1.321	1.24841e-017
-1.32	1.32487e-017
-1.319	1.40352e-017
-1.318	1.4842e-017
-1.317	1.56673e-017
-1.316	1.65091e-017
-1.315	1.73653e-017
-1.314	1.82337e-017
-1.313	1.91119e-017
-1.312	1.99976e-017
-1.311	2.08882e-017
-1.31	2.17814e-017
-1.309	2.26747e-017
-1.308	2.35658e-017
-1.307	2.44523e-017
-1.306	2.53322e-017
-1.305	2.62037e-017
-1.304	2.7065e-017
-1.303	2.79149e-017
-1.302	2.87525e-017
-1.301	2.95773e-017
-1.3	3.03894e-017
-1.299	3.11895e-017
-1.298	3.19789e-017
-1.297	3.27596e-017
-1.296	3.35347e-017
-1.295	3.43078e-017
-1.294	3.50838e-017
-1.293	3.58683e-017
-1.292	3.66684e-017
-1.291	3.74921e-017
-1.29	3.83487e-017
-1.289	3.9249e-017
-1.288	4.0205e-017
-1.287	4.123e-017
-1.286	4.2339e-017
-1.285	4.35484e-017
-1.284	4.48761e-017
-1.283	4.63415e-017
-1.282	4.79656e-017
-1.281	4.97708e-017
-1.28	5.17812e-017
-1.279	5.40221e-017
-1.278	5.65204e-017
-1.277	5.93043e-017
-1.276	6.24031e-017
-1.275	6.58475e-017
-1.274	6.96691e-017
-1.273	7.39e-017
-1.272	7.85736e-017
-1.271	8.37236e-017
-1.27	8.9384e-017
-1.269	9.5589e-017
-1.268	1.02373e-016
-1.267	1.09769e-016
-1.266	1.1781e-016
-1.265	1.2653e-016
-1.264	1.35958e-016
-1.263	1.46125e-016
-1.262	1.57059e-016
-1.261	1.68785e-016
-1.26	1.81327e-016
-1.259	1.94706e-016
-1.258	2.08939e-016
-1.257	2.24042e-016
-1.256	2.40025e-016
-1.255	2.56896e-016
-1.254	2.74656e-016
-1.253	2.93307e-016
-1.252	3.12841e-016
-1.251	3.33249e-016
-1.25	3.54516e-016
-1.249	3.76622e-016
-1.248	3.99542e-016
-1.247	4.23247e-016
-1.246	4.47702e-016
-1.245	4.72869e-016
-1.244	4.98705e-016
-1.243	5.25163e-016
-1.242	5.52191e-016
-1.241	5.79737e-016
-1.24	6.07744e-016
-1.239	6.36154e-016
-1.238	6.64906e-016
-1.237	6.9394e-016
-1.236	7.23197e-016
-1.235	7.52619e-016
-1.234	7.8215e-016
-1.233	8.1174e-016
-1.232	8.4134e-016
-1.231	8.70912e-016
-1.23	9.00424e-016
-1.229	9.2985e-016
-1.228	9.59182e-016
-1.227	9.88421e-016
-1.226	1.01758e-015
-1.225	1.04669e-015
-1.224	1.07581e-015
-1.223	1.105e-015
-1.222	1.13435e-015
-1.221	1.16397e-015
-1.22	1.19401e-015
-1.219	1.22463e-015
-1.218	1.25602e-015
-1.217	1.28841e-015
-1.216	1.32204e-015
-1.215	1.35721e-015
-1.214	1.39423e-015
-1.213	1.43345e-015
-1.212	1.47527e-015
-1.211	1.5201e-015
-1.21	1.56841e-015
-1.209	1.62068e-015
-1.208	1.67744e-015
-1.207	1.73925e-015
-1.206	1.80671e-015
-1.205	1.88045e-015
-1.204	1.96113e-015
-1.203	2.04941e-015
-1.202	2.14603e-015
-1.201	2.25171e-015
-1.2	2.3672e-015
-1.199	2.49327e-015
-1.198	2.6307e-015
-1.197	2.78028e-015
-1.196	2.94281e-015
-1.195	3.11906e-015
-1.194	3.30983e-015
-1.193	3.51587e-015
-1.192	3.73795e-015
-1.191	3.97678e-015
-1.19	4.23306e-015
-1.189	4.50744e-015
-1.188	4.80055e-015
-1.187	5.11294e-015
-1.186	5.44513e-015
-1.185	5.79755e-015
-1.184	6.17058e-015
-1.183	6.56454e-015
-1.182	6.97964e-015
-1.181	7.41603e-015
-1.18	7.87377e-015
-1.179	8.35282e-015
-1.178	8.85305e-015
-1.177	9.37425e-015
-1.176	9.91608e-015
-1.175	1.04782e-014
-1.174	1.106e-014
-1.173	1.16609e-014
-1.172	1.22803e-014
-1.171	1.29174e-014
-1.17	1.35713e-014
-1.169	1.42412e-014
-1.168	1.49261e-014
-1.167	1.5625e-014
-1.166	1.63369e-014
-1.165	1.70607e-014
-1.164	1.77954e-014
-1.163	1.854e-014
-1.162	1.92935e-014
-1.161	2.00551e-014
-1.16	2.08237e-014
-1.159	2.15989e-014
-1.158	2.238e-014
-1.157	2.31667e-014
-1.156	2.39586e-014
-1.155	2.47559e-014
-1.154	2.55589e-014
-1.153	2.63681e-014
-1.152	2.71844e-014
-1.151	2.80092e-014
-1.15	2.8844e-014
-1.149	2.96909e-014
-1.148	3.05524e-014
-1.147	3.14315e-014
-1.146	3.23318e-014
-1.145	3.32572e-014
-1.144	3.42123e-014
-1.143	3.52024e-014
-1.142	3.62331e-014
-1.141	3.73108e-014
-1.14	3.84427e-014
-1.139	3.96361e-014
-1.138	4.08997e-014
-1.137	4.2242e-014
-1.136	4.36728e-014
-1.135	4.52023e-014
-1.134	4.6841e-014
-1.133	4.86005e-014
-1.132	5.04925e-014
-1.131	5.25296e-014
-1.13	5.47246e-014
-1.129	5.70907e-014
-1.128	5.96419e-014
-1.127	6.23918e-014
-1.126	6.53551e-014
-1.125	6.85458e-014
-1.124	7.19787e-014
-1.123	7.56683e-014
-1.122	7.96292e-014
-1.121	8.38756e-014
-1.12	8.84215e-014
-1.119	9.32808e-014
-1.118	9.84668e-014
-1.117	1.03992e-013
-1.116	1.09869e-013
-1.115	1.16109e-013
-1.114	1.22722e-013
-1.113	1.29718e-013
-1.112	1.37105e-013
-1.111	1.44891e-013
-1.11	1.53082e-013
-1.109	1.61684e-013
-1.108	1.70699e-013
-1.107	1.8013e-013
-1.106	1.89978e-013
-1.105	2.00243e-013
-1.104	2.10922e-013
-1.103	2.22012e-013
-1.102	2.33509e-013
-1.101	2.45406e-013
-1.1	2.57697e-013
-1.099	2.70371e-013
-1.098	2.83421e-013
-1.097	2.96835e-013
-1.096	3.10603e-013
-1.095	3.24713e-013
-1.094	3.39151e-013
-1.093	3.53908e-013
-1.092	3.6897e-013
-1.091	3.84326e-013
-1.09	3.99965e-013
-1.089	4.15878e-013
-1.088	4.32057e-013
-1.087	4.48494e-013
-1.086	4.65186e-013
-1.085	4.82132e-013
-1.084	4.99334e-013
-1.083	5.16796e-013
-1.082	5.34528e-013
-1.081	5.52544e-013
-1.08	5.70864e-013
-1.079	5.8951e-013
-1.078	6.08514e-013
-1.077	6.27912e-013
-1.076	6.47745e-013
-1.075	6.68066e-013
-1.074	6.88933e-013
-1.073	7.10409e-013
-1.072	7.32571e-013
-1.071	7.55501e-013
-1.07	7.7929e-013
-1.069	8.04039e-013
-1.068	8.29858e-013
-1.067	8.56866e-013
-1.066	8.8519e-013
-1.065	9.14969e-013
-1.064	9.46351e-013
-1.063	9.7949e-013
-1.062	1.01455e-012
-1.061	1.05171e-012
-1.06	1.09114e-012
-1.059	1.13304e-012
-1.058	1.1776e-012
-1.057	1.22502e-012
-1.056	1.27551e-012
-1.055	1.32929e-012
-1.054	1.38656e-012
-1.053	1.44755e-012
-1.052	1.51248e-012
-1.051	1.58157e-012
-1.05	1.65504e-012
-1.049	1.73312e-012
-1.048	1.81601e-012
-1.047	1.90393e-012
-1.046	1.9971e-012
-1.045	2.09571e-012
-1.044	2.19996e-012
-1.043	2.31003e-012
-1.042	2.4261e-012
-1.041	2.54833e-012
-1.04	2.67687e-012
-1.039	2.81186e-012
-1.038	2.95343e-012
-1.037	3.10168e-012
-1.036	3.25672e-012
-1.035	3.41862e-012
-1.034	3.58743e-012
-1.033	3.76322e-012
-1.032	3.946e-012
-1.031	4.1358e-012
-1.03	4.33261e-012
-1.029	4.53642e-012
-1.028	4.7472e-012
-1.027	4.96491e-012
-1.026	5.18951e-012
-1.025	5.42094e-012
-1.024	5.65913e-012
-1.023	5.90403e-012
-1.022	6.15557e-012
-1.021	6.41369e-012
-1.02	6.67832e-012
-1.019	6.94943e-012
-1.018	7.227e-012
-1.017	7.51101e-012
-1.016	7.80148e-012
-1.015	8.09843e-012
-1.014	8.40197e-012
-1.013	8.7122e-012
-1.012	9.02926e-012
-1.011	9.35338e-012
-1.01	9.68483e-012
-1.009	1.00239e-011
-1.008	1.0371e-011
-1.007	1.07267e-011
-1.006	1.10913e-011
-1.005	1.14656e-011
-1.004	1.18503e-011
-1.003	1.22462e-011
-1.002	1.26541e-011
-1.001	1.30751e-011
-1	1.35102e-011
-0.999	1.39607e-011
-0.998	1.4428e-011
-0.997	1.49134e-011
-0.996	1.54184e-011
-0.995	1.59448e-011
-0.994	1.64943e-011
-0.993	1.70689e-011
-0.992	1.76704e-011
-0.991	1.83011e-011
-0.99	1.89631e-011
-0.989	1.96588e-011
-0.988	2.03906e-011
-0.987	2.11609e-011
-0.986	2.19725e-011
-0.985	2.28279e-011
-0.984	2.37299e-011
-0.983	2.46814e-011
-0.982	2.56851e-011
-0.981	2.6744e-011
-0.98	2.7861e-011
-0.979	2.9039e-011
-0.978	3.02811e-011
-0.977	3.15901e-011
-0.976	3.29689e-011
-0.975	3.44206e-011
-0.974	3.59478e-011
-0.973	3.75534e-011
-0.972	3.92402e-011
-0.971	4.10109e-011
-0.97	4.28679e-011
-0.969	4.48137e-011
-0.968	4.68507e-011
-0.967	4.89812e-011
-0.966	5.12072e-011
-0.965	5.35307e-011
-0.964	5.59536e-011
-0.963	5.84777e-011
-0.962	6.11046e-011
-0.961	6.38356e-011
-0.96	6.66723e-011
-0.959	6.96158e-011
-0.958	7.26672e-011
-0.957	7.58277e-011
-0.956	7.90981e-011
-0.955	8.24795e-011
-0.954	8.59727e-011
-0.953	8.95787e-011
-0.952	9.32982e-011
-0.951	9.71324e-011
-0.95	1.01082e-010
-0.949	1.05149e-010
-0.948	1.09334e-010
-0.947	1.13638e-010
-0.946	1.18065e-010
-0.945	1.22615e-010
-0.944	1.27291e-010
-0.943	1.32096e-010
-0.942	1.37034e-010
-0.941	1.42108e-010
-0.94	1.47323e-010
-0.939	1.52684e-010
-0.938	1.58196e-010
-0.937	1.63866e-010
-0.936	1.69702e-010
-0.935	1.75711e-010
-0.934	1.81903e-010
-0.933	1.88287e-010
-0.932	1.94875e-010
-0.931	2.01678e-010
-0.93	2.0871e-010
-0.929	2.15985e-010
-0.928	2.23518e-010
-0.927	2.31326e-010
-0.926	2.39428e-010
-0.925	2.47841e-010
-0.924	2.56586e-010
-0.923	2.65686e-010
-0.922	2.75161e-010
-0.921	2.85038e-010
-0.92	2.9534e-010
-0.919	3.06095e-010
-0.918	3.17329e-010
-0.917	3.29073e-010
-0.916	3.41354e-010
-0.915	3.54205e-010
-0.914	3.67656e-010
-0.913	3.81741e-010
-0.912	3.96494e-010
-0.911	4.11947e-010
-0.91	4.28136e-010
-0.909	4.45097e-010
-0.908	4.62865e-010
-0.907	4.81477e-010
-0.906	5.00969e-010
-0.905	5.21377e-010
-0.904	5.4274e-010
-0.903	5.65092e-010
-0.902	5.88472e-010
-0.901	6.12915e-010
-0.9	6.38458e-010
-0.899	6.65137e-010
-0.898	6.92987e-010
-0.897	7.22043e-010
-0.896	7.5234e-010
-0.895	7.83912e-010
-0.894	8.16793e-010
-0.893	8.51014e-010
-0.892	8.86611e-010
-0.891	9.23612e-010
-0.89	9.62051e-010
-0.889	1.00196e-009
-0.888	1.04337e-009
-0.887	1.08631e-009
-0.886	1.13081e-009
-0.885	1.1769e-009
-0.884	1.22462e-009
-0.883	1.274e-009
-0.882	1.32506e-009
-0.881	1.37786e-009
-0.88	1.43241e-009
-0.879	1.48877e-009
-0.878	1.54697e-009
-0.877	1.60705e-009
-0.876	1.66906e-009
-0.875	1.73306e-009
-0.874	1.79908e-009
-0.873	1.8672e-009
-0.872	1.93748e-009
-0.871	2.00998e-009
-0.87	2.08478e-009
-0.869	2.16196e-009
-0.868	2.2416e-009
-0.867	2.32381e-009
-0.866	2.40868e-009
-0.865	2.49633e-009
-0.864	2.58688e-009
-0.863	2.68046e-009
-0.862	2.77721e-009
-0.861	2.87727e-009
-0.86	2.98081e-009
-0.859	3.08801e-009
-0.858	3.19904e-009
-0.857	3.31411e-009
-0.856	3.43341e-009
-0.855	3.55718e-009
-0.854	3.68563e-009
-0.853	3.81903e-009
-0.852	3.95762e-009
-0.851	4.10167e-009
-0.85	4.25148e-009
-0.849	4.40733e-009
-0.848	4.56953e-009
-0.847	4.73841e-009
-0.846	4.9143e-009
-0.845	5.09755e-009
-0.844	5.2885e-009
-0.843	5.48753e-009
-0.842	5.69503e-009
-0.841	5.91137e-009
-0.84	6.13695e-009
-0.839	6.37219e-009
-0.838	6.6175e-009
-0.837	6.8733e-009
-0.836	7.14004e-009
-0.835	7.41815e-009
-0.834	7.70808e-009
-0.833	8.01028e-009
-0.832	8.32521e-009
-0.831	8.65335e-009
-0.83	8.99515e-009
-0.829	9.35109e-009
-0.828	9.72166e-009
-0.827	1.01073e-008
-0.826	1.05086e-008
-0.825	1.0926e-008
-0.824	1.13599e-008
-0.823	1.1811e-008
-0.822	1.22796e-008
-0.821	1.27664e-008
-0.82	1.32719e-008
-0.819	1.37965e-008
-0.818	1.43408e-008
-0.817	1.49054e-008
-0.816	1.54908e-008
-0.815	1.60977e-008
-0.814	1.67266e-008
-0.813	1.73781e-008
-0.812	1.80529e-008
-0.811	1.87517e-008
-0.81	1.94751e-008
-0.809	2.02238e-008
-0.808	2.09986e-008
-0.807	2.18003e-008
-0.806	2.26297e-008
-0.805	2.34877e-008
-0.804	2.43752e-008
-0.803	2.52932e-008
-0.802	2.62427e-008
-0.801	2.72248e-008
-0.8	2.82407e-008
-0.799	2.92915e-008
-0.798	3.03786e-008
-0.797	3.15033e-008
-0.796	3.26671e-008
-0.795	3.38716e-008
-0.794	3.51183e-008
-0.793	3.6409e-008
-0.792	3.77456e-008
-0.791	3.91299e-008
-0.79	4.0564e-008
-0.789	4.20501e-008
-0.788	4.35904e-008
-0.787	4.51874e-008
-0.786	4.68434e-008
-0.785	4.85612e-008
-0.784	5.03436e-008
-0.783	5.21933e-008
-0.782	5.41134e-008
-0.781	5.6107e-008
-0.78	5.81775e-008
-0.779	6.03283e-008
-0.778	6.25628e-008
-0.777	6.48849e-008
-0.776	6.72983e-008
-0.775	6.98069e-008
-0.774	7.24149e-008
-0.773	7.51265e-008
-0.772	7.79461e-008
-0.771	8.08782e-008
-0.77	8.39273e-008
-0.769	8.70983e-008
-0.768	9.03961e-008
-0.767	9.38256e-008
-0.766	9.73921e-008
-0.765	1.01101e-007
-0.764	1.04957e-007
-0.763	1.08967e-007
-0.762	1.13135e-007
-0.761	1.17468e-007
-0.76	1.21972e-007
-0.759	1.26652e-007
-0.758	1.31515e-007
-0.757	1.36567e-007
-0.756	1.41816e-007
-0.755	1.47266e-007
-0.754	1.52926e-007
-0.753	1.58803e-007
-0.752	1.64902e-007
-0.751	1.71233e-007
-0.75	1.77802e-007
-0.749	1.84617e-007
-0.748	1.91686e-007
-0.747	1.99018e-007
-0.746	2.06621e-007
-0.745	2.14504e-007
-0.744	2.22676e-007
-0.743	2.31146e-007
-0.742	2.39924e-007
-0.741	2.49021e-007
-0.74	2.58448e-007
-0.739	2.68214e-007
-0.738	2.78332e-007
-0.737	2.88814e-007
-0.736	2.99672e-007
-0.735	3.1092e-007
-0.734	3.22571e-007
-0.733	3.34639e-007
-0.732	3.4714e-007
-0.731	3.6009e-007
-0.73	3.73505e-007
-0.729	3.87401e-007
-0.728	4.01798e-007
-0.727	4.16715e-007
-0.726	4.32171e-007
-0.725	4.48188e-007
-0.724	4.64786e-007
-0.723	4.8199e-007
-0.722	4.99823e-007
-0.721	5.18311e-007
-0.72	5.37479e-007
-0.719	5.57355e-007
-0.718	5.77968e-007
-0.717	5.99348e-007
-0.716	6.21526e-007
-0.715	6.44535e-007
-0.714	6.68408e-007
-0.713	6.93181e-007
-0.712	7.18891e-007
-0.711	7.45577e-007
-0.71	7.73276e-007
-0.709	8.02032e-007
-0.708	8.31885e-007
-0.707	8.62882e-007
-0.706	8.95068e-007
-0.705	9.28489e-007
-0.704	9.63196e-007
-0.703	9.99238e-007
-0.702	1.03667e-006
-0.701	1.07554e-006
-0.7	1.11591e-006
-0.699	1.15784e-006
-0.698	1.20138e-006
-0.697	1.2466e-006
-0.696	1.29355e-006
-0.695	1.34231e-006
-0.694	1.39295e-006
-0.693	1.44552e-006
-0.692	1.5001e-006
-0.691	1.55677e-006
-0.69	1.6156e-006
-0.689	1.67666e-006
-0.688	1.74004e-006
-0.687	1.80582e-006
-0.686	1.87408e-006
-0.685	1.94492e-006
-0.684	2.01842e-006
-0.683	2.09467e-006
-0.682	2.17377e-006
-0.681	2.25583e-006
-0.68	2.34093e-006
-0.679	2.4292e-006
-0.678	2.52074e-006
-0.677	2.61567e-006
-0.676	2.71409e-006
-0.675	2.81615e-006
-0.674	2.92195e-006
-0.673	3.03165e-006
-0.672	3.14536e-006
-0.671	3.26324e-006
-0.67	3.38544e-006
-0.669	3.5121e-006
-0.668	3.64339e-006
-0.667	3.77949e-006
-0.666	3.92056e-006
-0.665	4.06678e-006
-0.664	4.21835e-006
-0.663	4.37546e-006
-0.662	4.53832e-006
-0.661	4.70715e-006
-0.66	4.88217e-006
-0.659	5.06362e-006
-0.658	5.25173e-006
-0.657	5.44677e-006
-0.656	5.649e-006
-0.655	5.85869e-006
-0.654	6.07615e-006
-0.653	6.30166e-006
-0.652	6.53554e-006
-0.651	6.77812e-006
-0.65	7.02974e-006
-0.649	7.29075e-006
-0.648	7.56152e-006
-0.647	7.84243e-006
-0.646	8.13387e-006
-0.645	8.43628e-006
-0.644	8.75006e-006
-0.643	9.07567e-006
-0.642	9.41356e-006
-0.641	9.76422e-006
-0.64	1.01282e-005
-0.639	1.05059e-005
-0.638	1.08979e-005
-0.637	1.13047e-005
-0.636	1.1727e-005
-0.635	1.21654e-005
-0.634	1.26203e-005
-0.633	1.30925e-005
-0.632	1.35827e-005
-0.631	1.40914e-005
-0.63	1.46194e-005
-0.629	1.51674e-005
-0.628	1.57362e-005
-0.627	1.63265e-005
-0.626	1.69391e-005
-0.625	1.75748e-005
-0.624	1.82346e-005
-0.623	1.89192e-005
-0.622	1.96295e-005
-0.621	2.03666e-005
-0.62	2.11313e-005
-0.619	2.19246e-005
-0.618	2.27477e-005
-0.617	2.36015e-005
-0.616	2.44872e-005
-0.615	2.54059e-005
-0.614	2.63587e-005
-0.613	2.7347e-005
-0.612	2.83719e-005
-0.611	2.94349e-005
-0.61	3.05372e-005
-0.609	3.16802e-005
-0.608	3.28655e-005
-0.607	3.40946e-005
-0.606	3.53689e-005
-0.605	3.66903e-005
-0.604	3.80603e-005
-0.603	3.94808e-005
-0.602	4.09536e-005
-0.601	4.24805e-005
-0.6	4.40637e-005
-0.599	4.57051e-005
-0.598	4.7407e-005
-0.597	4.91715e-005
-0.596	5.1001e-005
-0.595	5.28979e-005
-0.594	5.48648e-005
-0.593	5.69043e-005
-0.592	5.90191e-005
-0.591	6.1212e-005
-0.59	6.34861e-005
-0.589	6.58444e-005
-0.588	6.82902e-005
-0.587	7.08267e-005
-0.586	7.34575e-005
-0.585	7.61861e-005
-0.584	7.90164e-005
-0.583	8.19523e-005
-0.582	8.49977e-005
-0.581	8.81569e-005
-0.58	9.14344e-005
-0.579	9.48346e-005
-0.578	9.83623e-005
-0.577	0.000102022
-0.576	0.00010582
-0.575	0.000109761
-0.574	0.000113849
-0.573	0.000118092
-0.572	0.000122494
-0.571	0.000127062
-0.57	0.000131803
-0.569	0.000136722
-0.568	0.000141827
-0.567	0.000147124
-0.566	0.000152621
-0.565	0.000158326
-0.564	0.000164246
-0.563	0.000170388
-0.562	0.000176763
-0.561	0.000183377
-0.56	0.00019024
-0.559	0.000197362
-0.558	0.000204751
-0.557	0.000212418
-0.556	0.000220372
-0.555	0.000228625
-0.554	0.000237187
-0.553	0.000246069
-0.552	0.000255284
-0.551	0.000264843
-0.55	0.000274758
-0.549	0.000285044
-0.548	0.000295712
-0.547	0.000306777
-0.546	0.000318254
-0.545	0.000330157
-0.544	0.000342502
-0.543	0.000355304
-0.542	0.000368581
-0.541	0.00038235
-0.54	0.000396628
-0.539	0.000411434
-0.538	0.000426787
-0.537	0.000442708
-0.536	0.000459216
-0.535	0.000476334
-0.534	0.000494085
-0.533	0.00051249
-0.532	0.000531576
-0.531	0.000551366
-0.53	0.000571886
-0.529	0.000593165
-0.528	0.00061523
-0.527	0.000638111
-0.526	0.000661838
-0.525	0.000686443
-0.524	0.000711959
-0.523	0.000738421
-0.522	0.000765863
-0.521	0.000794324
-0.52	0.000823841
-0.519	0.000854456
-0.518	0.000886209
-0.517	0.000919144
-0.516	0.000953306
-0.515	0.000988742
-0.514	0.0010255
-0.513	0.00106363
-0.512	0.00110319
-0.511	0.00114422
-0.51	0.0011868
-0.509	0.00123096
-0.508	0.00127679
-0.507	0.00132432
-0.506	0.00137365
-0.505	0.00142483
-0.504	0.00147792
-0.503	0.00153302
-0.502	0.00159018
-0.501	0.00164949
-0.5	0.00171104
-0.499	0.00177489
-0.498	0.00184115
-0.497	0.00190989
-0.496	0.00198122
-0.495	0.00205523
-0.494	0.00213203
-0.493	0.0022117
-0.492	0.00229437
-0.491	0.00238013
-0.49	0.00246912
-0.489	0.00256144
-0.488	0.00265722
-0.487	0.00275658
-0.486	0.00285967
-0.485	0.00296661
-0.484	0.00307754
-0.483	0.00319262
-0.482	0.00331198
-0.481	0.00343581
-0.48	0.00356424
-0.479	0.00369746
-0.478	0.00383564
-0.477	0.00397895
-0.476	0.00412759
-0.475	0.00428175
-0.474	0.00444164
-0.473	0.00460746
-0.472	0.00477943
-0.471	0.00495777
-0.47	0.00514272
-0.469	0.00533452
-0.468	0.00553343
-0.467	0.00573971
-0.466	0.00595363
-0.465	0.00617546
-0.464	0.00640551
-0.463	0.00664407
-0.462	0.00689147
-0.461	0.00714804
-0.46	0.0074141
-0.459	0.00769002
-0.458	0.00797616
-0.457	0.00827292
-0.456	0.00858068
-0.455	0.00889986
-0.454	0.00923089
-0.453	0.00957422
-0.452	0.0099303
-0.451	0.0102996
-0.45	0.0106827
-0.449	0.01108
-0.448	0.0114921
-0.447	0.0119196
-0.446	0.012363
-0.445	0.0128229
-0.444	0.0133
-0.443	0.0137949
-0.442	0.0143083
-0.441	0.014841
-0.44	0.0153935
-0.439	0.0159667
-0.438	0.0165613
-0.437	0.0171782
-0.436	0.0178183
-0.435	0.0184823
-0.434	0.0191711
-0.433	0.0198858
-0.432	0.0206273
-0.431	0.0213966
-0.43	0.0221947
-0.429	0.0230228
-0.428	0.0238819
-0.427	0.0247731
-0.426	0.0256978
-0.425	0.0266572
-0.424	0.0276524
-0.423	0.028685
-0.422	0.0297562
-0.421	0.0308675
-0.42	0.0320205
-0.419	0.0332165
-0.418	0.0344572
-0.417	0.0357443
-0.416	0.0370795
-0.415	0.0384646
-0.414	0.0399008
-0.413	0.0413871
-0.412	0.0429206
-0.411	0.0444985
-0.41	0.0461174
-0.409	0.0477742
-0.408	0.0494654
-0.407	0.0511879
-0.406	0.052938
-0.405	0.0547125
-0.404	0.0565078
-0.403	0.0583208
-0.402	0.0601482
-0.401	0.0619868
-0.4	0.0638337
-0.399	0.065686
-0.398	0.0675411
-0.397	0.0693965
-0.396	0.0712501
-0.395	0.0730998
-0.394	0.0749441
-0.393	0.0767814
-0.392	0.0786109
-0.391	0.0804315
-0.39	0.0822428
-0.389	0.0840447
-0.388	0.0858376
-0.387	0.0876219
-0.386	0.0893987
-0.385	0.0911688
-0.384	0.0929344
-0.383	0.0946971
-0.382	0.0964594
-0.381	0.0982237
-0.38	0.0999932
-0.379	0.101771
-0.378	0.103561
-0.377	0.105366
-0.376	0.107192
-0.375	0.109041
-0.374	0.110919
-0.373	0.112831
-0.372	0.114781
-0.371	0.116774
-0.37	0.118816
-0.369	0.120912
-0.368	0.123068
-0.367	0.125288
-0.366	0.127578
-0.365	0.129944
-0.364	0.132419
-0.363	0.135031
-0.362	0.13777
-0.361	0.140623
-0.36	0.143578
-0.359	0.146623
-0.358	0.149743
-0.357	0.152925
-0.356	0.156156
-0.355	0.159421
-0.354	0.162705
-0.353	0.165994
-0.352	0.169274
-0.351	0.172529
-0.35	0.175746
-0.349	0.17891
-0.348	0.182008
-0.347	0.185026
-0.346	0.187951
-0.345	0.19077
-0.344	0.193471
-0.343	0.196044
-0.342	0.198477
-0.341	0.200761
-0.34	0.202885
-0.339	0.204843
-0.338	0.206626
-0.337	0.208228
-0.336	0.209643
-0.335	0.210868
-0.334	0.211898
-0.333	0.212731
-0.332	0.213365
-0.331	0.2138
-0.33	0.214038
-0.329	0.214079
-0.328	0.213926
-0.327	0.213583
-0.326	0.213055
-0.325	0.212348
-0.324	0.211468
-0.323	0.210424
-0.322	0.209222
-0.321	0.207874
-0.32	0.206389
-0.319	0.204778
-0.318	0.203053
-0.317	0.201225
-0.316	0.199308
-0.315	0.197315
-0.314	0.195258
-0.313	0.193154
-0.312	0.191014
-0.311	0.188854
-0.31	0.186689
-0.309	0.184533
-0.308	0.1824
-0.307	0.180305
-0.306	0.178263
-0.305	0.176286
-0.304	0.174389
-0.303	0.172586
-0.302	0.170888
-0.301	0.169308
-0.3	0.167857
-0.299	0.166547
-0.298	0.165388
-0.297	0.164388
-0.296	0.163558
-0.295	0.162903
-0.294	0.162432
-0.293	0.16215
-0.292	0.162061
-0.291	0.16217
-0.29	0.16248
-0.289	0.162992
-0.288	0.163707
-0.287	0.164625
-0.286	0.165744
-0.285	0.167061
-0.284	0.168574
-0.283	0.170278
-0.282	0.172168
-0.281	0.174236
-0.28	0.176476
-0.279	0.178879
-0.278	0.181436
-0.277	0.184138
-0.276	0.186973
-0.275	0.189931
-0.274	0.192998
-0.273	0.196164
-0.272	0.199414
-0.271	0.202736
-0.27	0.206115
-0.269	0.209536
-0.268	0.212987
-0.267	0.216453
-0.266	0.219918
-0.265	0.223368
-0.264	0.226789
-0.263	0.230167
-0.262	0.233487
-0.261	0.236736
-0.26	0.2399
-0.259	0.242968
-0.258	0.245924
-0.257	0.24876
-0.256	0.251462
-0.255	0.254022
-0.254	0.256428
-0.253	0.258673
-0.252	0.260749
-0.251	0.262647
-0.25	0.264363
-0.249	0.265891
-0.248	0.267227
-0.247	0.268368
-0.246	0.269311
-0.245	0.270057
-0.244	0.270604
-0.243	0.270953
-0.242	0.271108
-0.241	0.271071
-0.24	0.270846
-0.239	0.270439
-0.238	0.269856
-0.237	0.269103
-0.236	0.268189
-0.235	0.267123
-0.234	0.265915
-0.233	0.264574
-0.232	0.263112
-0.231	0.261541
-0.23	0.259874
-0.229	0.258122
-0.228	0.256301
-0.227	0.254422
-0.226	0.252501
-0.225	0.250552
-0.224	0.248589
-0.223	0.246627
-0.222	0.244681
-0.221	0.242764
-0.22	0.240891
-0.219	0.239077
-0.218	0.237336
-0.217	0.23568
-0.216	0.234123
-0.215	0.232677
-0.214	0.231354
-0.213	0.230167
-0.212	0.229125
-0.211	0.228238
-0.21	0.227515
-0.209	0.226965
-0.208	0.226595
-0.207	0.226411
-0.206	0.226419
-0.205	0.226624
-0.204	0.227028
-0.203	0.227635
-0.202	0.228444
-0.201	0.229458
-0.2	0.230675
-0.199	0.232093
-0.198	0.233709
-0.197	0.23552
-0.196	0.237521
-0.195	0.239705
-0.194	0.242066
-0.193	0.244597
-0.192	0.247288
-0.191	0.25013
-0.19	0.253113
-0.189	0.256226
-0.188	0.259458
-0.187	0.262795
-0.186	0.266226
-0.185	0.269738
-0.184	0.273315
-0.183	0.276945
-0.182	0.280613
-0.181	0.284306
-0.18	0.288007
-0.179	0.291703
-0.178	0.29538
-0.177	0.299022
-0.176	0.302616
-0.175	0.306147
-0.174	0.309602
-0.173	0.312969
-0.172	0.316233
-0.171	0.319384
-0.17	0.322409
-0.169	0.325298
-0.168	0.32804
-0.167	0.330626
-0.166	0.333049
-0.165	0.335299
-0.164	0.337371
-0.163	0.339258
-0.162	0.340957
-0.161	0.342463
-0.16	0.343774
-0.159	0.344886
-0.158	0.345803
-0.157	0.346521
-0.156	0.347044
-0.155	0.347373
-0.154	0.347513
-0.153	0.347468
-0.152	0.347244
-0.151	0.346847
-0.15	0.346285
-0.149	0.345566
-0.148	0.344699
-0.147	0.343694
-0.146	0.342564
-0.145	0.341317
-0.144	0.339967
-0.143	0.338526
-0.142	0.337008
-0.141	0.335426
-0.14	0.333793
-0.139	0.332125
-0.138	0.330435
-0.137	0.328738
-0.136	0.327049
-0.135	0.325382
-0.134	0.323753
-0.133	0.322173
-0.132	0.32066
-0.131	0.319224
-0.13	0.317881
-0.129	0.316643
-0.128	0.315522
-0.127	0.31453
-0.126	0.313678
-0.125	0.312978
-0.124	0.312436
-0.123	0.312064
-0.122	0.311868
-0.121	0.311857
-0.12	0.312035
-0.119	0.312407
-0.118	0.312979
-0.117	0.313752
-0.116	0.314729
-0.115	0.315911
-0.114	0.317298
-0.113	0.318888
-0.112	0.320679
-0.111	0.322668
-0.11	0.324851
-0.109	0.327222
-0.108	0.329775
-0.107	0.332503
-0.106	0.335397
-0.105	0.338449
-0.104	0.34165
-0.103	0.344988
-0.102	0.348452
-0.101	0.35203
-0.1	0.35571
