-4	3.90763e-017
-3.999	3.88988e-017
-3.998	3.87141e-017
-3.997	3.85225e-017
-3.996	3.83241e-017
-3.995	3.81192e-017
-3.994	3.7908e-017
-3.993	3.76906e-017
-3.992	3.74677e-017
-3.991	3.72392e-017
-3.99	3.70055e-017
-3.989	3.67669e-017
-3.988	3.65236e-017
-3.987	3.6276e-017
-3.986	3.60244e-017
-3.985	3.57691e-017
-3.984	3.55104e-017
-3.983	3.52486e-017
-3.982	3.49842e-017
-3.981	3.47173e-017
-3.98	3.44485e-017
-3.979	3.41779e-017
-3.978	3.39061e-017
-3.977	3.36333e-017
-3.976	3.336e-017
-3.975	3.30865e-017
-3.974	3.28131e-017
-3.973	3.25403e-017
-3.972	3.22685e-017
-3.971	3.19981e-017
-3.97	3.17294e-017
-3.969	3.14629e-017
-3.968	3.1199e-017
-3.967	3.09381e-017
-3.966	3.06807e-017
-3.965	3.04271e-017
-3.964	3.01777e-017
-3.963	2.99331e-017
-3.962	2.96936e-017
-3.961	2.94597e-017
-3.96	2.92317e-017
-3.959	2.90103e-017
-3.958	2.87958e-017
-3.957	2.85886e-017
-3.956	2.83891e-017
-3.955	2.81979e-017
-3.954	2.80154e-017
-3.953	2.7842e-017
-3.952	2.76781e-017
-3.951	2.75243e-017
-3.95	2.7381e-017
-3.949	2.72486e-017
-3.948	2.71276e-017
-3.947	2.70184e-017
-3.946	2.69215e-017
-3.945	2.68373e-017
-3.944	2.67662e-017
-3.943	2.67087e-017
-3.942	2.66653e-017
-3.941	2.66364e-017
-3.94	2.66224e-017
-3.939	2.66237e-017
-3.938	2.66408e-017
-3.937	2.66741e-017
-3.936	2.67241e-017
-3.935	2.6791e-017
-3.934	2.68754e-017
-3.933	2.69777e-017
-3.932	2.70983e-017
-3.931	2.72374e-017
-3.93	2.73957e-017
-3.929	2.75734e-017
-3.928	2.77709e-017
-3.927	2.79886e-017
-3.926	2.82269e-017
-3.925	2.84861e-017
-3.924	2.87665e-017
-3.923	2.90686e-017
-3.922	2.93927e-017
-3.921	2.9739e-017
-3.92	3.01079e-017
-3.919	3.04998e-017
-3.918	3.09148e-017
-3.917	3.13534e-017
-3.916	3.18159e-017
-3.915	3.23024e-017
-3.914	3.28132e-017
-3.913	3.33486e-017
-3.912	3.3909e-017
-3.911	3.44943e-017
-3.91	3.5105e-017
-3.909	3.57412e-017
-3.908	3.64031e-017
-3.907	3.70909e-017
-3.906	3.78048e-017
-3.905	3.85449e-017
-3.904	3.93115e-017
-3.903	4.01046e-017
-3.902	4.09244e-017
-3.901	4.1771e-017
-3.9	4.26445e-017
-3.899	4.3545e-017
-3.898	4.44723e-017
-3.897	4.5427e-017
-3.896	4.64087e-017
-3.895	4.74178e-017
-3.894	4.8454e-017
-3.893	4.95175e-017
-3.892	5.06082e-017
-3.891	5.1726e-017
-3.89	5.28709e-017
-3.889	5.40432e-017
-3.888	5.52422e-017
-3.887	5.64683e-017
-3.886	5.77213e-017
-3.885	5.9001e-017
-3.884	6.03074e-017
-3.883	6.16403e-017
-3.882	6.29994e-017
-3.881	6.43848e-017
-3.88	6.57959e-017
-3.879	6.72329e-017
-3.878	6.86955e-017
-3.877	7.01832e-017
-3.876	7.1696e-017
-3.875	7.32337e-017
-3.874	7.47957e-017
-3.873	7.63821e-017
-3.872	7.79922e-017
-3.871	7.9626e-017
-3.87	8.12829e-017
-3.869	8.29628e-017
-3.868	8.46652e-017
-3.867	8.63894e-017
-3.866	8.81354e-017
-3.865	8.99025e-017
-3.864	9.16906e-017
-3.863	9.34988e-017
-3.862	9.53273e-017
-3.861	9.7175e-017
-3.86	9.90414e-017
-3.859	1.00926e-016
-3.858	1.02829e-016
-3.857	1.04749e-016
-3.856	1.06686e-016
-3.855	1.08639e-016
-3.854	1.10608e-016
-3.853	1.12592e-016
-3.852	1.14591e-016
-3.851	1.16603e-016
-3.85	1.18628e-016
-3.849	1.20666e-016
-3.848	1.22715e-016
-3.847	1.24776e-016
-3.846	1.26847e-016
-3.845	1.28929e-016
-3.844	1.31019e-016
-3.843	1.33118e-016
-3.842	1.35224e-016
-3.841	1.37338e-016
-3.84	1.39457e-016
-3.839	1.41582e-016
-3.838	1.43712e-016
-3.837	1.45846e-016
-3.836	1.47983e-016
-3.835	1.50122e-016
-3.834	1.52263e-016
-3.833	1.54404e-016
-3.832	1.56546e-016
-3.831	1.58686e-016
-3.83	1.60825e-016
-3.829	1.62962e-016
-3.828	1.65095e-016
-3.827	1.67224e-016
-3.826	1.69347e-016
-3.825	1.71465e-016
-3.824	1.73577e-016
-3.823	1.7568e-016
-3.822	1.77776e-016
-3.821	1.79862e-016
-3.82	1.81938e-016
-3.819	1.84002e-016
-3.818	1.86055e-016
-3.817	1.88096e-016
-3.816	1.90123e-016
-3.815	1.92135e-016
-3.814	1.94132e-016
-3.813	1.96113e-016
-3.812	1.98077e-016
-3.811	2.00023e-016
-3.81	2.01951e-016
-3.809	2.03859e-016
-3.808	2.05747e-016
-3.807	2.07613e-016
-3.806	2.09458e-016
-3.805	2.1128e-016
-3.804	2.13079e-016
-3.803	2.14853e-016
-3.802	2.16601e-016
-3.801	2.18324e-016
-3.8	2.20021e-016
-3.799	2.21689e-016
-3.798	2.23329e-016
-3.797	2.24941e-016
-3.796	2.26523e-016
-3.795	2.28075e-016
-3.794	2.29595e-016
-3.793	2.31083e-016
-3.792	2.32539e-016
-3.791	2.33962e-016
-3.79	2.35352e-016
-3.789	2.36706e-016
-3.788	2.38027e-016
-3.787	2.39311e-016
-3.786	2.40559e-016
-3.785	2.4177e-016
-3.784	2.42944e-016
-3.783	2.44081e-016
-3.782	2.45178e-016
-3.781	2.46237e-016
-3.78	2.47257e-016
-3.779	2.48238e-016
-3.778	2.49178e-016
-3.777	2.50078e-016
-3.776	2.50937e-016
-3.775	2.51754e-016
-3.774	2.5253e-016
-3.773	2.53265e-016
-3.772	2.53957e-016
-3.771	2.54607e-016
-3.77	2.55214e-016
-3.769	2.55778e-016
-3.768	2.563e-016
-3.767	2.56778e-016
-3.766	2.57213e-016
-3.765	2.57605e-016
-3.764	2.57953e-016
-3.763	2.58259e-016
-3.762	2.58521e-016
-3.761	2.58738e-016
-3.76	2.58913e-016
-3.759	2.59044e-016
-3.758	2.59133e-016
-3.757	2.59178e-016
-3.756	2.59181e-016
-3.755	2.59141e-016
-3.754	2.59058e-016
-3.753	2.58933e-016
-3.752	2.58766e-016
-3.751	2.58559e-016
-3.75	2.5831e-016
-3.749	2.58019e-016
-3.748	2.57689e-016
-3.747	2.57319e-016
-3.746	2.56909e-016
-3.745	2.5646e-016
-3.744	2.55974e-016
-3.743	2.55448e-016
-3.742	2.54887e-016
-3.741	2.54289e-016
-3.74	2.53655e-016
-3.739	2.52986e-016
-3.738	2.52283e-016
-3.737	2.51546e-016
-3.736	2.50776e-016
-3.735	2.49975e-016
-3.734	2.49143e-016
-3.733	2.48281e-016
-3.732	2.4739e-016
-3.731	2.4647e-016
-3.73	2.45523e-016
-3.729	2.44551e-016
-3.728	2.43553e-016
-3.727	2.42532e-016
-3.726	2.41488e-016
-3.725	2.40422e-016
-3.724	2.39337e-016
-3.723	2.38232e-016
-3.722	2.37109e-016
-3.721	2.35969e-016
-3.72	2.34815e-016
-3.719	2.33647e-016
-3.718	2.32466e-016
-3.717	2.31273e-016
-3.716	2.30072e-016
-3.715	2.28862e-016
-3.714	2.27646e-016
-3.713	2.26424e-016
-3.712	2.25199e-016
-3.711	2.23972e-016
-3.71	2.22744e-016
-3.709	2.21518e-016
-3.708	2.20294e-016
-3.707	2.19075e-016
-3.706	2.17862e-016
-3.705	2.16656e-016
-3.704	2.15461e-016
-3.703	2.14277e-016
-3.702	2.13105e-016
-3.701	2.11949e-016
-3.7	2.1081e-016
-3.699	2.09689e-016
-3.698	2.08588e-016
-3.697	2.0751e-016
-3.696	2.06455e-016
-3.695	2.05427e-016
-3.694	2.04426e-016
-3.693	2.03455e-016
-3.692	2.02516e-016
-3.691	2.0161e-016
-3.69	2.0074e-016
-3.689	1.99908e-016
-3.688	1.99114e-016
-3.687	1.98363e-016
-3.686	1.97654e-016
-3.685	1.96991e-016
-3.684	1.96375e-016
-3.683	1.95808e-016
-3.682	1.95293e-016
-3.681	1.94831e-016
-3.68	1.94424e-016
-3.679	1.94074e-016
-3.678	1.93783e-016
-3.677	1.93554e-016
-3.676	1.93387e-016
-3.675	1.93285e-016
-3.674	1.9325e-016
-3.673	1.93284e-016
-3.672	1.93389e-016
-3.671	1.93566e-016
-3.67	1.93819e-016
-3.669	1.94147e-016
-3.668	1.94554e-016
-3.667	1.95041e-016
-3.666	1.95611e-016
-3.665	1.96264e-016
-3.664	1.97003e-016
-3.663	1.97829e-016
-3.662	1.98746e-016
-3.661	1.99752e-016
-3.66	2.00852e-016
-3.659	2.02046e-016
-3.658	2.03336e-016
-3.657	2.04723e-016
-3.656	2.06211e-016
-3.655	2.07799e-016
-3.654	2.09489e-016
-3.653	2.11283e-016
-3.652	2.13183e-016
-3.651	2.1519e-016
-3.65	2.17305e-016
-3.649	2.19531e-016
-3.648	2.21866e-016
-3.647	2.24315e-016
-3.646	2.26877e-016
-3.645	2.29554e-016
-3.644	2.32346e-016
-3.643	2.35257e-016
-3.642	2.38285e-016
-3.641	2.41433e-016
-3.64	2.44701e-016
-3.639	2.48091e-016
-3.638	2.51602e-016
-3.637	2.55237e-016
-3.636	2.58995e-016
-3.635	2.62879e-016
-3.634	2.66888e-016
-3.633	2.71022e-016
-3.632	2.75284e-016
-3.631	2.79671e-016
-3.63	2.84187e-016
-3.629	2.88832e-016
-3.628	2.93604e-016
-3.627	2.98505e-016
-3.626	3.03535e-016
-3.625	3.08694e-016
-3.624	3.13983e-016
-3.623	3.19402e-016
-3.622	3.24949e-016
-3.621	3.30626e-016
-3.62	3.36432e-016
-3.619	3.42368e-016
-3.618	3.48432e-016
-3.617	3.54625e-016
-3.616	3.60946e-016
-3.615	3.67396e-016
-3.614	3.73971e-016
-3.613	3.80675e-016
-3.612	3.87503e-016
-3.611	3.94459e-016
-3.61	4.0154e-016
-3.609	4.08742e-016
-3.608	4.16068e-016
-3.607	4.23516e-016
-3.606	4.31086e-016
-3.605	4.38776e-016
-3.604	4.46584e-016
-3.603	4.54509e-016
-3.602	4.6255e-016
-3.601	4.70707e-016
-3.6	4.78978e-016
-3.599	4.87359e-016
-3.598	4.95851e-016
-3.597	5.04452e-016
-3.596	5.13161e-016
-3.595	5.21974e-016
-3.594	5.30891e-016
-3.593	5.39909e-016
-3.592	5.49026e-016
-3.591	5.58241e-016
-3.59	5.67552e-016
-3.589	5.76956e-016
-3.588	5.86451e-016
-3.587	5.96034e-016
-3.586	6.05705e-016
-3.585	6.15459e-016
-3.584	6.25295e-016
-3.583	6.35209e-016
-3.582	6.45201e-016
-3.581	6.55265e-016
-3.58	6.654e-016
-3.579	6.75603e-016
-3.578	6.85874e-016
-3.577	6.96207e-016
-3.576	7.06598e-016
-3.575	7.17045e-016
-3.574	7.27547e-016
-3.573	7.38099e-016
-3.572	7.48698e-016
-3.571	7.59345e-016
-3.57	7.7003e-016
-3.569	7.80753e-016
-3.568	7.9151e-016
-3.567	8.02299e-016
-3.566	8.13114e-016
-3.565	8.23955e-016
-3.564	8.34814e-016
-3.563	8.45693e-016
-3.562	8.56585e-016
-3.561	8.67489e-016
-3.56	8.78398e-016
-3.559	8.89308e-016
-3.558	9.00218e-016
-3.557	9.11125e-016
-3.556	9.22023e-016
-3.555	9.32909e-016
-3.554	9.4378e-016
-3.553	9.54631e-016
-3.552	9.65457e-016
-3.551	9.76258e-016
-3.55	9.87027e-016
-3.549	9.97762e-016
-3.548	1.00846e-015
-3.547	1.01911e-015
-3.546	1.02972e-015
-3.545	1.04027e-015
-3.544	1.05078e-015
-3.543	1.06123e-015
-3.542	1.07161e-015
-3.541	1.08192e-015
-3.54	1.09217e-015
-3.539	1.10235e-015
-3.538	1.11244e-015
-3.537	1.12246e-015
-3.536	1.13239e-015
-3.535	1.14223e-015
-3.534	1.15199e-015
-3.533	1.16164e-015
-3.532	1.17119e-015
-3.531	1.18065e-015
-3.53	1.18999e-015
-3.529	1.19922e-015
-3.528	1.20834e-015
-3.527	1.21735e-015
-3.526	1.22623e-015
-3.525	1.23498e-015
-3.524	1.24361e-015
-3.523	1.25211e-015
-3.522	1.26047e-015
-3.521	1.26869e-015
-3.52	1.27677e-015
-3.519	1.28471e-015
-3.518	1.2925e-015
-3.517	1.30014e-015
-3.516	1.30763e-015
-3.515	1.31495e-015
-3.514	1.32213e-015
-3.513	1.32913e-015
-3.512	1.33598e-015
-3.511	1.34265e-015
-3.51	1.34916e-015
-3.509	1.35549e-015
-3.508	1.36165e-015
-3.507	1.36763e-015
-3.506	1.37343e-015
-3.505	1.37905e-015
-3.504	1.38449e-015
-3.503	1.38975e-015
-3.502	1.39481e-015
-3.501	1.39969e-015
-3.5	1.40437e-015
-3.499	1.40886e-015
-3.498	1.41317e-015
-3.497	1.41727e-015
-3.496	1.42118e-015
-3.495	1.42489e-015
-3.494	1.4284e-015
-3.493	1.43171e-015
-3.492	1.43483e-015
-3.491	1.43774e-015
-3.49	1.44045e-015
-3.489	1.44296e-015
-3.488	1.44526e-015
-3.487	1.44737e-015
-3.486	1.44927e-015
-3.485	1.45097e-015
-3.484	1.45246e-015
-3.483	1.45375e-015
-3.482	1.45485e-015
-3.481	1.45574e-015
-3.48	1.45643e-015
-3.479	1.45691e-015
-3.478	1.4572e-015
-3.477	1.4573e-015
-3.476	1.45719e-015
-3.475	1.45689e-015
-3.474	1.45639e-015
-3.473	1.45571e-015
-3.472	1.45483e-015
-3.471	1.45376e-015
-3.47	1.4525e-015
-3.469	1.45106e-015
-3.468	1.44944e-015
-3.467	1.44763e-015
-3.466	1.44565e-015
-3.465	1.44349e-015
-3.464	1.44116e-015
-3.463	1.43866e-015
-3.462	1.43599e-015
-3.461	1.43316e-015
-3.46	1.43016e-015
-3.459	1.42702e-015
-3.458	1.42371e-015
-3.457	1.42026e-015
-3.456	1.41666e-015
-3.455	1.41292e-015
-3.454	1.40904e-015
-3.453	1.40503e-015
-3.452	1.40088e-015
-3.451	1.39662e-015
-3.45	1.39223e-015
-3.449	1.38772e-015
-3.448	1.38311e-015
-3.447	1.37839e-015
-3.446	1.37356e-015
-3.445	1.36864e-015
-3.444	1.36363e-015
-3.443	1.35854e-015
-3.442	1.35337e-015
-3.441	1.34812e-015
-3.44	1.34281e-015
-3.439	1.33743e-015
-3.438	1.33199e-015
-3.437	1.32651e-015
-3.436	1.32098e-015
-3.435	1.31541e-015
-3.434	1.30981e-015
-3.433	1.30419e-015
-3.432	1.29855e-015
-3.431	1.29289e-015
-3.43	1.28723e-015
-3.429	1.28157e-015
-3.428	1.27592e-015
-3.427	1.27029e-015
-3.426	1.26468e-015
-3.425	1.25909e-015
-3.424	1.25355e-015
-3.423	1.24805e-015
-3.422	1.2426e-015
-3.421	1.23721e-015
-3.42	1.23188e-015
-3.419	1.22663e-015
-3.418	1.22146e-015
-3.417	1.21638e-015
-3.416	1.21139e-015
-3.415	1.20651e-015
-3.414	1.20174e-015
-3.413	1.19709e-015
-3.412	1.19256e-015
-3.411	1.18818e-015
-3.41	1.18393e-015
-3.409	1.17983e-015
-3.408	1.17589e-015
-3.407	1.17212e-015
-3.406	1.16852e-015
-3.405	1.1651e-015
-3.404	1.16188e-015
-3.403	1.15885e-015
-3.402	1.15602e-015
-3.401	1.15341e-015
-3.4	1.15102e-015
-3.399	1.14885e-015
-3.398	1.14692e-015
-3.397	1.14524e-015
-3.396	1.1438e-015
-3.395	1.14263e-015
-3.394	1.14172e-015
-3.393	1.14108e-015
-3.392	1.14073e-015
-3.391	1.14067e-015
-3.39	1.1409e-015
-3.389	1.14143e-015
-3.388	1.14227e-015
-3.387	1.14344e-015
-3.386	1.14492e-015
-3.385	1.14674e-015
-3.384	1.14889e-015
-3.383	1.15139e-015
-3.382	1.15424e-015
-3.381	1.15745e-015
-3.38	1.16103e-015
-3.379	1.16497e-015
-3.378	1.16929e-015
-3.377	1.17399e-015
-3.376	1.17909e-015
-3.375	1.18457e-015
-3.374	1.19046e-015
-3.373	1.19675e-015
-3.372	1.20346e-015
-3.371	1.21058e-015
-3.37	1.21812e-015
-3.369	1.22609e-015
-3.368	1.23449e-015
-3.367	1.24332e-015
-3.366	1.2526e-015
-3.365	1.26232e-015
-3.364	1.27249e-015
-3.363	1.28311e-015
-3.362	1.29419e-015
-3.361	1.30573e-015
-3.36	1.31773e-015
-3.359	1.33019e-015
-3.358	1.34313e-015
-3.357	1.35654e-015
-3.356	1.37042e-015
-3.355	1.38479e-015
-3.354	1.39963e-015
-3.353	1.41495e-015
-3.352	1.43076e-015
-3.351	1.44705e-015
-3.35	1.46383e-015
-3.349	1.48109e-015
-3.348	1.49884e-015
-3.347	1.51709e-015
-3.346	1.53582e-015
-3.345	1.55504e-015
-3.344	1.57476e-015
-3.343	1.59495e-015
-3.342	1.61565e-015
-3.341	1.63682e-015
-3.34	1.65849e-015
-3.339	1.68065e-015
-3.338	1.70328e-015
-3.337	1.7264e-015
-3.336	1.75e-015
-3.335	1.77408e-015
-3.334	1.79864e-015
-3.333	1.82367e-015
-3.332	1.84918e-015
-3.331	1.87514e-015
-3.33	1.90158e-015
-3.329	1.92848e-015
-3.328	1.95583e-015
-3.327	1.98364e-015
-3.326	2.0119e-015
-3.325	2.0406e-015
-3.324	2.06975e-015
-3.323	2.09932e-015
-3.322	2.12932e-015
-3.321	2.15975e-015
-3.32	2.1906e-015
-3.319	2.22186e-015
-3.318	2.25353e-015
-3.317	2.28559e-015
-3.316	2.31804e-015
-3.315	2.35088e-015
-3.314	2.38411e-015
-3.313	2.4177e-015
-3.312	2.45165e-015
-3.311	2.48595e-015
-3.31	2.52062e-015
-3.309	2.55561e-015
-3.308	2.59094e-015
-3.307	2.62659e-015
-3.306	2.66254e-015
-3.305	2.69881e-015
-3.304	2.73536e-015
-3.303	2.7722e-015
-3.302	2.80931e-015
-3.301	2.8467e-015
-3.3	2.88434e-015
-3.299	2.92221e-015
-3.298	2.96032e-015
-3.297	2.99866e-015
-3.296	3.03721e-015
-3.295	3.07595e-015
-3.294	3.11489e-015
-3.293	3.154e-015
-3.292	3.19329e-015
-3.291	3.23272e-015
-3.29	3.27231e-015
-3.289	3.31202e-015
-3.288	3.35185e-015
-3.287	3.39178e-015
-3.286	3.43181e-015
-3.285	3.47194e-015
-3.284	3.51212e-015
-3.283	3.55235e-015
-3.282	3.59264e-015
-3.281	3.63295e-015
-3.28	3.67329e-015
-3.279	3.71363e-015
-3.278	3.75395e-015
-3.277	3.79425e-015
-3.276	3.83452e-015
-3.275	3.87474e-015
-3.274	3.91491e-015
-3.273	3.955e-015
-3.272	3.99499e-015
-3.271	4.03489e-015
-3.27	4.07467e-015
-3.269	4.11431e-015
-3.268	4.15382e-015
-3.267	4.19318e-015
-3.266	4.23236e-015
-3.265	4.27135e-015
-3.264	4.31015e-015
-3.263	4.34875e-015
-3.262	4.38711e-015
-3.261	4.42524e-015
-3.26	4.46311e-015
-3.259	4.50073e-015
-3.258	4.53806e-015
-3.257	4.57512e-015
-3.256	4.61185e-015
-3.255	4.64828e-015
-3.254	4.68437e-015
-3.253	4.72012e-015
-3.252	4.75552e-015
-3.251	4.79056e-015
-3.25	4.8252e-015
-3.249	4.85946e-015
-3.248	4.89331e-015
-3.247	4.92675e-015
-3.246	4.95976e-015
-3.245	4.99233e-015
-3.244	5.02444e-015
-3.243	5.05609e-015
-3.242	5.08727e-015
-3.241	5.11796e-015
-3.24	5.14816e-015
-3.239	5.17785e-015
-3.238	5.20701e-015
-3.237	5.23566e-015
-3.236	5.26377e-015
-3.235	5.29134e-015
-3.234	5.31834e-015
-3.233	5.34478e-015
-3.232	5.37064e-015
-3.231	5.39592e-015
-3.23	5.42061e-015
-3.229	5.4447e-015
-3.228	5.46819e-015
-3.227	5.49106e-015
-3.226	5.5133e-015
-3.225	5.53492e-015
-3.224	5.5559e-015
-3.223	5.57624e-015
-3.222	5.59594e-015
-3.221	5.61496e-015
-3.22	5.63335e-015
-3.219	5.65106e-015
-3.218	5.66811e-015
-3.217	5.68448e-015
-3.216	5.70018e-015
-3.215	5.7152e-015
-3.214	5.72954e-015
-3.213	5.74317e-015
-3.212	5.75612e-015
-3.211	5.7684e-015
-3.21	5.77996e-015
-3.209	5.79084e-015
-3.208	5.80102e-015
-3.207	5.8105e-015
-3.206	5.81929e-015
-3.205	5.82738e-015
-3.204	5.83478e-015
-3.203	5.84147e-015
-3.202	5.84748e-015
-3.201	5.85279e-015
-3.2	5.85743e-015
-3.199	5.86135e-015
-3.198	5.86461e-015
-3.197	5.8672e-015
-3.196	5.86908e-015
-3.195	5.87032e-015
-3.194	5.87087e-015
-3.193	5.87076e-015
-3.192	5.87001e-015
-3.191	5.8686e-015
-3.19	5.86653e-015
-3.189	5.86384e-015
-3.188	5.86051e-015
-3.187	5.85656e-015
-3.186	5.85199e-015
-3.185	5.84682e-015
-3.184	5.84104e-015
-3.183	5.83469e-015
-3.182	5.82774e-015
-3.181	5.82023e-015
-3.18	5.81217e-015
-3.179	5.80354e-015
-3.178	5.79439e-015
-3.177	5.78471e-015
-3.176	5.7745e-015
-3.175	5.76381e-015
-3.174	5.75263e-015
-3.173	5.74096e-015
-3.172	5.72885e-015
-3.171	5.71627e-015
-3.17	5.70327e-015
-3.169	5.68985e-015
-3.168	5.67602e-015
-3.167	5.66181e-015
-3.166	5.64721e-015
-3.165	5.63227e-015
-3.164	5.61698e-015
-3.163	5.60138e-015
-3.162	5.58546e-015
-3.161	5.56926e-015
-3.16	5.55277e-015
-3.159	5.53604e-015
-3.158	5.51908e-015
-3.157	5.5019e-015
-3.156	5.48451e-015
-3.155	5.46696e-015
-3.154	5.44923e-015
-3.153	5.43138e-015
-3.152	5.41338e-015
-3.151	5.39531e-015
-3.15	5.37714e-015
-3.149	5.35891e-015
-3.148	5.34066e-015
-3.147	5.32237e-015
-3.146	5.3041e-015
-3.145	5.28584e-015
-3.144	5.26764e-015
-3.143	5.24949e-015
-3.142	5.23145e-015
-3.141	5.21351e-015
-3.14	5.19572e-015
-3.139	5.17806e-015
-3.138	5.1606e-015
-3.137	5.14332e-015
-3.136	5.12628e-015
-3.135	5.10947e-015
-3.134	5.09295e-015
-3.133	5.0767e-015
-3.132	5.06077e-015
-3.131	5.04518e-015
-3.13	5.02994e-015
-3.129	5.01509e-015
-3.128	5.00066e-015
-3.127	4.98663e-015
-3.126	4.97307e-015
-3.125	4.95996e-015
-3.124	4.94736e-015
-3.123	4.93528e-015
-3.122	4.92375e-015
-3.121	4.91277e-015
-3.12	4.90237e-015
-3.119	4.89259e-015
-3.118	4.88344e-015
-3.117	4.87494e-015
-3.116	4.86712e-015
-3.115	4.85998e-015
-3.114	4.85357e-015
-3.113	4.8479e-015
-3.112	4.84298e-015
-3.111	4.83884e-015
-3.11	4.83551e-015
-3.109	4.83299e-015
-3.108	4.83132e-015
-3.107	4.83053e-015
-3.106	4.83059e-015
-3.105	4.83156e-015
-3.104	4.83347e-015
-3.103	4.83631e-015
-3.102	4.84009e-015
-3.101	4.84486e-015
-3.1	4.85062e-015
-3.099	4.85738e-015
-3.098	4.86519e-015
-3.097	4.87403e-015
-3.096	4.88394e-015
-3.095	4.89493e-015
-3.094	4.90699e-015
-3.093	4.92018e-015
-3.092	4.93448e-015
-3.091	4.94993e-015
-3.09	4.96653e-015
-3.089	4.98428e-015
-3.088	5.00322e-015
-3.087	5.02334e-015
-3.086	5.04468e-015
-3.085	5.0672e-015
-3.084	5.09096e-015
-3.083	5.11597e-015
-3.082	5.1422e-015
-3.081	5.1697e-015
-3.08	5.19845e-015
-3.079	5.22849e-015
-3.078	5.2598e-015
-3.077	5.29237e-015
-3.076	5.32627e-015
-3.075	5.36144e-015
-3.074	5.39793e-015
-3.073	5.43572e-015
-3.072	5.47483e-015
-3.071	5.51526e-015
-3.07	5.557e-015
-3.069	5.60007e-015
-3.068	5.64445e-015
-3.067	5.69017e-015
-3.066	5.73721e-015
-3.065	5.78558e-015
-3.064	5.83527e-015
-3.063	5.88629e-015
-3.062	5.93863e-015
-3.061	5.99229e-015
-3.06	6.04727e-015
-3.059	6.10355e-015
-3.058	6.16115e-015
-3.057	6.22005e-015
-3.056	6.28024e-015
-3.055	6.34173e-015
-3.054	6.4045e-015
-3.053	6.46855e-015
-3.052	6.53385e-015
-3.051	6.60044e-015
-3.05	6.66824e-015
-3.049	6.7373e-015
-3.048	6.80759e-015
-3.047	6.87909e-015
-3.046	6.9518e-015
-3.045	7.02569e-015
-3.044	7.10545e-015
-3.043	7.19637e-015
-3.042	7.29943e-015
-3.041	7.41559e-015
-3.04	7.54597e-015
-3.039	7.69174e-015
-3.038	7.85414e-015
-3.037	8.03456e-015
-3.036	8.23444e-015
-3.035	8.45528e-015
-3.034	8.69872e-015
-3.033	8.9664e-015
-3.032	9.26007e-015
-3.031	9.58171e-015
-3.03	9.93302e-015
-3.029	1.03162e-014
-3.028	1.07332e-014
-3.027	1.11862e-014
-3.026	1.16774e-014
-3.025	1.22089e-014
-3.024	1.27833e-014
-3.023	1.34028e-014
-3.022	1.40698e-014
-3.021	1.4787e-014
-3.02	1.55567e-014
-3.019	1.63816e-014
-3.018	1.72643e-014
-3.017	1.82075e-014
-3.016	1.92137e-014
-3.015	2.02859e-014
-3.014	2.14265e-014
-3.013	2.26386e-014
-3.012	2.39247e-014
-3.011	2.52879e-014
-3.01	2.67308e-014
-3.009	2.82562e-014
-3.008	2.98669e-014
-3.007	3.15659e-014
-3.006	3.33558e-014
-3.005	3.52395e-014
-3.004	3.72198e-014
-3.003	3.92995e-014
-3.002	4.14814e-014
-3.001	4.37683e-014
-3	4.61629e-014
-2.999	4.86679e-014
-2.998	5.12864e-014
-2.997	5.40207e-014
-2.996	5.68739e-014
-2.995	5.98489e-014
-2.994	6.29483e-014
-2.993	6.61751e-014
-2.992	6.95323e-014
-2.991	7.30227e-014
-2.99	7.66498e-014
-2.989	8.04166e-014
-2.988	8.43265e-014
-2.987	8.83833e-014
-2.986	9.25905e-014
-2.985	9.69524e-014
-2.984	1.01473e-013
-2.983	1.06157e-013
-2.982	1.11011e-013
-2.981	1.16038e-013
-2.98	1.21246e-013
-2.979	1.26642e-013
-2.978	1.32231e-013
-2.977	1.38024e-013
-2.976	1.44028e-013
-2.975	1.50255e-013
-2.974	1.56715e-013
-2.973	1.6342e-013
-2.972	1.70385e-013
-2.971	1.77624e-013
-2.97	1.85156e-013
-2.969	1.92998e-013
-2.968	2.01171e-013
-2.967	2.097e-013
-2.966	2.1861e-013
-2.965	2.27927e-013
-2.964	2.37685e-013
-2.963	2.47917e-013
-2.962	2.58663e-013
-2.961	2.69963e-013
-2.96	2.81864e-013
-2.959	2.94416e-013
-2.958	3.07674e-013
-2.957	3.217e-013
-2.956	3.36559e-013
-2.955	3.52324e-013
-2.954	3.69071e-013
-2.953	3.86891e-013
-2.952	4.05869e-013
-2.951	4.26113e-013
-2.95	4.47731e-013
-2.949	4.7084e-013
-2.948	4.9557e-013
-2.947	5.22058e-013
-2.946	5.50455e-013
-2.945	5.80921e-013
-2.944	6.13629e-013
-2.943	6.48767e-013
-2.942	6.86536e-013
-2.941	7.27148e-013
-2.94	7.70834e-013
-2.939	8.1784e-013
-2.938	8.68432e-013
-2.937	9.22885e-013
-2.936	9.81502e-013
-2.935	1.0446e-012
-2.934	1.11252e-012
-2.933	1.18562e-012
-2.932	1.26429e-012
-2.931	1.34894e-012
-2.93	1.43998e-012
-2.929	1.53788e-012
-2.928	1.64312e-012
-2.927	1.7562e-012
-2.926	1.87768e-012
-2.925	2.00809e-012
-2.924	2.14806e-012
-2.923	2.29819e-012
-2.922	2.45915e-012
-2.921	2.63163e-012
-2.92	2.81634e-012
-2.919	3.01404e-012
-2.918	3.22554e-012
-2.917	3.45166e-012
-2.916	3.69324e-012
-2.915	3.9512e-012
-2.914	4.22649e-012
-2.913	4.52006e-012
-2.912	4.83294e-012
-2.911	5.16616e-012
-2.91	5.52084e-012
-2.909	5.89808e-012
-2.908	6.29909e-012
-2.907	6.72502e-012
-2.906	7.17718e-012
-2.905	7.65681e-012
-2.904	8.16527e-012
-2.903	8.70389e-012
-2.902	9.2741e-012
-2.901	9.87734e-012
-2.9	1.0515e-011
-2.899	1.11888e-011
-2.898	1.19e-011
-2.897	1.26504e-011
-2.896	1.34416e-011
-2.895	1.42752e-011
-2.894	1.51528e-011
-2.893	1.60763e-011
-2.892	1.70473e-011
-2.891	1.80676e-011
-2.89	1.9139e-011
-2.889	2.02633e-011
-2.888	2.14424e-011
-2.887	2.26782e-011
-2.886	2.39725e-011
-2.885	2.53273e-011
-2.884	2.67446e-011
-2.883	2.82263e-011
-2.882	2.97743e-011
-2.881	3.13909e-011
-2.88	3.30781e-011
-2.879	3.48377e-011
-2.878	3.66722e-011
-2.877	3.85835e-011
-2.876	4.05741e-011
-2.875	4.2646e-011
-2.874	4.48017e-011
-2.873	4.70434e-011
-2.872	4.93738e-011
-2.871	5.17952e-011
-2.87	5.43105e-011
-2.869	5.69223e-011
-2.868	5.96337e-011
-2.867	6.24474e-011
-2.866	6.53669e-011
-2.865	6.83957e-011
-2.864	7.15372e-011
-2.863	7.47956e-011
-2.862	7.81746e-011
-2.861	8.16796e-011
-2.86	8.53146e-011
-2.859	8.90852e-011
-2.858	9.29976e-011
-2.857	9.70577e-011
-2.856	1.01273e-010
-2.855	1.05649e-010
-2.854	1.10197e-010
-2.853	1.14924e-010
-2.852	1.1984e-010
-2.851	1.24957e-010
-2.85	1.30287e-010
-2.849	1.35842e-010
-2.848	1.41637e-010
-2.847	1.47688e-010
-2.846	1.54012e-010
-2.845	1.60629e-010
-2.844	1.6756e-010
-2.843	1.74827e-010
-2.842	1.82457e-010
-2.841	1.90475e-010
-2.84	1.98913e-010
-2.839	2.07803e-010
-2.838	2.17182e-010
-2.837	2.27088e-010
-2.836	2.37564e-010
-2.835	2.48657e-010
-2.834	2.60415e-010
-2.833	2.72896e-010
-2.832	2.86157e-010
-2.831	3.00262e-010
-2.83	3.15281e-010
-2.829	3.3129e-010
-2.828	3.48369e-010
-2.827	3.66604e-010
-2.826	3.86089e-010
-2.825	4.06928e-010
-2.824	4.29227e-010
-2.823	4.53103e-010
-2.822	4.7868e-010
-2.821	5.06095e-010
-2.82	5.35489e-010
-2.819	5.67015e-010
-2.818	6.00837e-010
-2.817	6.37131e-010
-2.816	6.7608e-010
-2.815	7.17883e-010
-2.814	7.6275e-010
-2.813	8.10906e-010
-2.812	8.62587e-010
-2.811	9.18045e-010
-2.81	9.77543e-010
-2.809	1.04137e-009
-2.808	1.10981e-009
-2.807	1.18319e-009
-2.806	1.26184e-009
-2.805	1.34609e-009
-2.804	1.43633e-009
-2.803	1.53294e-009
-2.802	1.63633e-009
-2.801	1.7469e-009
-2.8	1.86512e-009
-2.799	1.99145e-009
-2.798	2.12638e-009
-2.797	2.27042e-009
-2.796	2.42409e-009
-2.795	2.58796e-009
-2.794	2.7626e-009
-2.793	2.94861e-009
-2.792	3.14663e-009
-2.791	3.35728e-009
-2.79	3.58126e-009
-2.789	3.81927e-009
-2.788	4.07201e-009
-2.787	4.34026e-009
-2.786	4.62476e-009
-2.785	4.92633e-009
-2.784	5.24576e-009
-2.783	5.58397e-009
-2.782	5.94175e-009
-2.781	6.32005e-009
-2.78	6.71977e-009
-2.779	7.14187e-009
-2.778	7.58731e-009
-2.777	8.05709e-009
-2.776	8.55224e-009
-2.775	9.07378e-009
-2.774	9.62281e-009
-2.773	1.02004e-008
-2.772	1.08076e-008
-2.771	1.14457e-008
-2.77	1.21157e-008
-2.769	1.28188e-008
-2.768	1.35564e-008
-2.767	1.43295e-008
-2.766	1.51395e-008
-2.765	1.59876e-008
-2.764	1.6875e-008
-2.763	1.78033e-008
-2.762	1.87737e-008
-2.761	1.97876e-008
-2.76	2.08464e-008
-2.759	2.19516e-008
-2.758	2.31047e-008
-2.757	2.43073e-008
-2.756	2.55609e-008
-2.755	2.68672e-008
-2.754	2.82278e-008
-2.753	2.96445e-008
-2.752	3.11193e-008
-2.751	3.26539e-008
-2.75	3.42504e-008
-2.749	3.59109e-008
-2.748	3.76377e-008
-2.747	3.94331e-008
-2.746	4.12996e-008
-2.745	4.32399e-008
-2.744	4.52568e-008
-2.743	4.73535e-008
-2.742	4.95329e-008
-2.741	5.17991e-008
-2.74	5.41554e-008
-2.739	5.66061e-008
-2.738	5.91557e-008
-2.737	6.18089e-008
-2.736	6.45712e-008
-2.735	6.74482e-008
-2.734	7.04462e-008
-2.733	7.35718e-008
-2.732	7.68326e-008
-2.731	8.02363e-008
-2.73	8.37925e-008
-2.729	8.75101e-008
-2.728	9.13998e-008
-2.727	9.5473e-008
-2.726	9.97422e-008
-2.725	1.04221e-007
-2.724	1.08924e-007
-2.723	1.13868e-007
-2.722	1.19069e-007
-2.721	1.24548e-007
-2.72	1.30324e-007
-2.719	1.3642e-007
-2.718	1.42861e-007
-2.717	1.49673e-007
-2.716	1.56885e-007
-2.715	1.64526e-007
-2.714	1.72556e-007
-2.713	1.80901e-007
-2.712	1.8955e-007
-2.711	1.98491e-007
-2.71	2.0771e-007
-2.709	2.17195e-007
-2.708	2.26933e-007
-2.707	2.36909e-007
-2.706	2.4711e-007
-2.705	2.5752e-007
-2.704	2.68125e-007
-2.703	2.78909e-007
-2.702	2.89858e-007
-2.701	3.00955e-007
-2.7	3.12185e-007
-2.699	3.23533e-007
-2.698	3.34982e-007
-2.697	3.46516e-007
-2.696	3.58119e-007
-2.695	3.69775e-007
-2.694	3.81468e-007
-2.693	3.93182e-007
-2.692	4.04901e-007
-2.691	4.1661e-007
-2.69	4.28292e-007
-2.689	4.39933e-007
-2.688	4.51516e-007
-2.687	4.63028e-007
-2.686	4.74453e-007
-2.685	4.85777e-007
-2.684	4.96987e-007
-2.683	5.08068e-007
-2.682	5.19007e-007
-2.681	5.29791e-007
-2.68	5.40407e-007
-2.679	5.50845e-007
-2.678	5.61091e-007
-2.677	5.71136e-007
-2.676	5.80967e-007
-2.675	5.90577e-007
-2.674	5.99954e-007
-2.673	6.09091e-007
-2.672	6.17978e-007
-2.671	6.26609e-007
-2.67	6.34975e-007
-2.669	6.43072e-007
-2.668	6.50891e-007
-2.667	6.58428e-007
-2.666	6.65679e-007
-2.665	6.7264e-007
-2.664	6.79307e-007
-2.663	6.85678e-007
-2.662	6.9175e-007
-2.661	6.97522e-007
-2.66	7.02992e-007
-2.659	7.08162e-007
-2.658	7.13032e-007
-2.657	7.17602e-007
-2.656	7.21875e-007
-2.655	7.25852e-007
-2.654	7.29538e-007
-2.653	7.32935e-007
-2.652	7.36047e-007
-2.651	7.3888e-007
-2.65	7.4144e-007
-2.649	7.43729e-007
-2.648	7.45758e-007
-2.647	7.4753e-007
-2.646	7.49055e-007
-2.645	7.50341e-007
-2.644	7.51396e-007
-2.643	7.52228e-007
-2.642	7.52846e-007
-2.641	7.53261e-007
-2.64	7.53482e-007
-2.639	7.53521e-007
-2.638	7.53387e-007
-2.637	7.53091e-007
-2.636	7.52646e-007
-2.635	7.52063e-007
-2.634	7.51352e-007
-2.633	7.50528e-007
-2.632	7.49602e-007
-2.631	7.48588e-007
-2.63	7.47497e-007
-2.629	7.46342e-007
-2.628	7.45137e-007
-2.627	7.43894e-007
-2.626	7.42626e-007
-2.625	7.41346e-007
-2.624	7.40068e-007
-2.623	7.38805e-007
-2.622	7.37569e-007
-2.621	7.36376e-007
-2.62	7.35237e-007
-2.619	7.34165e-007
-2.618	7.33173e-007
-2.617	7.32274e-007
-2.616	7.3148e-007
-2.615	7.30804e-007
-2.614	7.30257e-007
-2.613	7.29852e-007
-2.612	7.296e-007
-2.611	7.29514e-007
-2.61	7.29605e-007
-2.609	7.29882e-007
-2.608	7.30357e-007
-2.607	7.31041e-007
-2.606	7.31944e-007
-2.605	7.33075e-007
-2.604	7.34444e-007
-2.603	7.36059e-007
-2.602	7.37929e-007
-2.601	7.40063e-007
-2.6	7.42469e-007
-2.599	7.45154e-007
-2.598	7.48128e-007
-2.597	7.51393e-007
-2.596	7.54957e-007
-2.595	7.58827e-007
-2.594	7.6301e-007
-2.593	7.67509e-007
-2.592	7.72328e-007
-2.591	7.77473e-007
-2.59	7.82945e-007
-2.589	7.88751e-007
-2.588	7.94892e-007
-2.587	8.01371e-007
-2.586	8.0819e-007
-2.585	8.15351e-007
-2.584	8.22857e-007
-2.583	8.30704e-007
-2.582	8.38896e-007
-2.581	8.47433e-007
-2.58	8.56315e-007
-2.579	8.65538e-007
-2.578	8.75104e-007
-2.577	8.8501e-007
-2.576	8.95255e-007
-2.575	9.05837e-007
-2.574	9.16753e-007
-2.573	9.27999e-007
-2.572	9.39572e-007
-2.571	9.51469e-007
-2.57	9.63682e-007
-2.569	9.76211e-007
-2.568	9.89052e-007
-2.567	1.0022e-006
-2.566	1.01564e-006
-2.565	1.02938e-006
-2.564	1.0434e-006
-2.563	1.05771e-006
-2.562	1.0723e-006
-2.561	1.08715e-006
-2.56	1.10226e-006
-2.559	1.11763e-006
-2.558	1.13324e-006
-2.557	1.14909e-006
-2.556	1.16518e-006
-2.555	1.18148e-006
-2.554	1.198e-006
-2.553	1.21473e-006
-2.552	1.23166e-006
-2.551	1.24878e-006
-2.55	1.26608e-006
-2.549	1.28354e-006
-2.548	1.30117e-006
-2.547	1.31896e-006
-2.546	1.33689e-006
-2.545	1.35495e-006
-2.544	1.37313e-006
-2.543	1.39144e-006
-2.542	1.40985e-006
-2.541	1.42835e-006
-2.54	1.44695e-006
-2.539	1.46562e-006
-2.538	1.48436e-006
-2.537	1.50316e-006
-2.536	1.522e-006
-2.535	1.54089e-006
-2.534	1.55981e-006
-2.533	1.57874e-006
-2.532	1.59769e-006
-2.531	1.61664e-006
-2.53	1.63558e-006
-2.529	1.6545e-006
-2.528	1.6734e-006
-2.527	1.69226e-006
-2.526	1.71108e-006
-2.525	1.72985e-006
-2.524	1.74856e-006
-2.523	1.7672e-006
-2.522	1.78576e-006
-2.521	1.80423e-006
-2.52	1.82261e-006
-2.519	1.8409e-006
-2.518	1.85907e-006
-2.517	1.87713e-006
-2.516	1.89507e-006
-2.515	1.91288e-006
-2.514	1.93055e-006
-2.513	1.94809e-006
-2.512	1.96548e-006
-2.511	1.98271e-006
-2.51	1.99979e-006
-2.509	2.01671e-006
-2.508	2.03345e-006
-2.507	2.05003e-006
-2.506	2.06643e-006
-2.505	2.08265e-006
-2.504	2.09869e-006
-2.503	2.11455e-006
-2.502	2.13021e-006
-2.501	2.14569e-006
-2.5	2.16097e-006
-2.499	2.17606e-006
-2.498	2.19096e-006
-2.497	2.20567e-006
-2.496	2.22018e-006
-2.495	2.2345e-006
-2.494	2.24862e-006
-2.493	2.26255e-006
-2.492	2.27629e-006
-2.491	2.28985e-006
-2.49	2.30321e-006
-2.489	2.31639e-006
-2.488	2.3294e-006
-2.487	2.34223e-006
-2.486	2.35489e-006
-2.485	2.36739e-006
-2.484	2.37973e-006
-2.483	2.39191e-006
-2.482	2.40394e-006
-2.481	2.41583e-006
-2.48	2.42759e-006
-2.479	2.43922e-006
-2.478	2.45073e-006
-2.477	2.46214e-006
-2.476	2.47344e-006
-2.475	2.48465e-006
-2.474	2.49579e-006
-2.473	2.50685e-006
-2.472	2.51785e-006
-2.471	2.5288e-006
-2.47	2.53972e-006
-2.469	2.55061e-006
-2.468	2.56149e-006
-2.467	2.57237e-006
-2.466	2.58326e-006
-2.465	2.59418e-006
-2.464	2.60514e-006
-2.463	2.61615e-006
-2.462	2.62723e-006
-2.461	2.6384e-006
-2.46	2.64967e-006
-2.459	2.66104e-006
-2.458	2.67255e-006
-2.457	2.6842e-006
-2.456	2.69601e-006
-2.455	2.70799e-006
-2.454	2.72016e-006
-2.453	2.73254e-006
-2.452	2.74514e-006
-2.451	2.75798e-006
-2.45	2.77108e-006
-2.449	2.78444e-006
-2.448	2.79809e-006
-2.447	2.81204e-006
-2.446	2.82632e-006
-2.445	2.84092e-006
-2.444	2.85588e-006
-2.443	2.87119e-006
-2.442	2.88689e-006
-2.441	2.90298e-006
-2.44	2.91948e-006
-2.439	2.93641e-006
-2.438	2.95376e-006
-2.437	2.97157e-006
-2.436	2.98985e-006
-2.435	3.0086e-006
-2.434	3.02783e-006
-2.433	3.04758e-006
-2.432	3.06783e-006
-2.431	3.0886e-006
-2.43	3.1099e-006
-2.429	3.13174e-006
-2.428	3.15415e-006
-2.427	3.1771e-006
-2.426	3.20062e-006
-2.425	3.22472e-006
-2.424	3.24939e-006
-2.423	3.27466e-006
-2.422	3.30052e-006
-2.421	3.32696e-006
-2.42	3.35401e-006
-2.419	3.38166e-006
-2.418	3.40991e-006
-2.417	3.43877e-006
-2.416	3.46823e-006
-2.415	3.49829e-006
-2.414	3.52896e-006
-2.413	3.56022e-006
-2.412	3.59208e-006
-2.411	3.62453e-006
-2.41	3.65757e-006
-2.409	3.69119e-006
-2.408	3.72538e-006
-2.407	3.76014e-006
-2.406	3.79547e-006
-2.405	3.83134e-006
-2.404	3.86775e-006
-2.403	3.90468e-006
-2.402	3.94214e-006
-2.401	3.9801e-006
-2.4	4.01854e-006
-2.399	4.05747e-006
-2.398	4.09686e-006
-2.397	4.1367e-006
-2.396	4.17697e-006
-2.395	4.21765e-006
-2.394	4.25874e-006
-2.393	4.3002e-006
-2.392	4.34202e-006
-2.391	4.38418e-006
-2.39	4.42666e-006
-2.389	4.46945e-006
-2.388	4.51252e-006
-2.387	4.55584e-006
-2.386	4.5994e-006
-2.385	4.64319e-006
-2.384	4.68718e-006
-2.383	4.73132e-006
-2.382	4.77563e-006
-2.381	4.82007e-006
-2.38	4.86461e-006
-2.379	4.90923e-006
-2.378	4.95392e-006
-2.377	4.99864e-006
-2.376	5.04338e-006
-2.375	5.08811e-006
-2.374	5.13282e-006
-2.373	5.17748e-006
-2.372	5.22206e-006
-2.371	5.26656e-006
-2.37	5.31093e-006
-2.369	5.35518e-006
-2.368	5.39927e-006
-2.367	5.44319e-006
-2.366	5.48692e-006
-2.365	5.53044e-006
-2.364	5.57373e-006
-2.363	5.61678e-006
-2.362	5.65955e-006
-2.361	5.70207e-006
-2.36	5.74429e-006
-2.359	5.78621e-006
-2.358	5.82782e-006
-2.357	5.8691e-006
-2.356	5.91004e-006
-2.355	5.95063e-006
-2.354	5.99087e-006
-2.353	6.03075e-006
-2.352	6.07026e-006
-2.351	6.10939e-006
-2.35	6.14816e-006
-2.349	6.18653e-006
-2.348	6.22453e-006
-2.347	6.26215e-006
-2.346	6.29938e-006
-2.345	6.33624e-006
-2.344	6.37271e-006
-2.343	6.40883e-006
-2.342	6.44458e-006
-2.341	6.47997e-006
-2.34	6.51502e-006
-2.339	6.54972e-006
-2.338	6.5841e-006
-2.337	6.61817e-006
-2.336	6.65194e-006
-2.335	6.68541e-006
-2.334	6.71862e-006
-2.333	6.75158e-006
-2.332	6.78431e-006
-2.331	6.81681e-006
-2.33	6.84914e-006
-2.329	6.88128e-006
-2.328	6.91328e-006
-2.327	6.94516e-006
-2.326	6.97694e-006
-2.325	7.00864e-006
-2.324	7.04029e-006
-2.323	7.07192e-006
-2.322	7.10356e-006
-2.321	7.13524e-006
-2.32	7.16698e-006
-2.319	7.19882e-006
-2.318	7.23079e-006
-2.317	7.26292e-006
-2.316	7.29525e-006
-2.315	7.32781e-006
-2.314	7.3606e-006
-2.313	7.3937e-006
-2.312	7.42712e-006
-2.311	7.46088e-006
-2.31	7.49504e-006
-2.309	7.52961e-006
-2.308	7.56465e-006
-2.307	7.60017e-006
-2.306	7.63621e-006
-2.305	7.67281e-006
-2.304	7.70999e-006
-2.303	7.74779e-006
-2.302	7.78624e-006
-2.301	7.82537e-006
-2.3	7.8652e-006
-2.299	7.90578e-006
-2.298	7.94713e-006
-2.297	7.98927e-006
-2.296	8.03222e-006
-2.295	8.07604e-006
-2.294	8.12073e-006
-2.293	8.16631e-006
-2.292	8.21282e-006
-2.291	8.26026e-006
-2.29	8.30867e-006
-2.289	8.35808e-006
-2.288	8.40849e-006
-2.287	8.45991e-006
-2.286	8.51235e-006
-2.285	8.56584e-006
-2.284	8.62041e-006
-2.283	8.67604e-006
-2.282	8.73277e-006
-2.281	8.79058e-006
-2.28	8.84947e-006
-2.279	8.90948e-006
-2.278	8.97059e-006
-2.277	9.03283e-006
-2.276	9.09614e-006
-2.275	9.16057e-006
-2.274	9.22612e-006
-2.273	9.29274e-006
-2.272	9.36046e-006
-2.271	9.42927e-006
-2.27	9.49916e-006
-2.269	9.5701e-006
-2.268	9.64208e-006
-2.267	9.71511e-006
-2.266	9.78915e-006
-2.265	9.86419e-006
-2.264	9.94022e-006
-2.263	1.00172e-005
-2.262	1.00951e-005
-2.261	1.0174e-005
-2.26	1.02537e-005
-2.259	1.03343e-005
-2.258	1.04158e-005
-2.257	1.04981e-005
-2.256	1.05811e-005
-2.255	1.06649e-005
-2.254	1.07494e-005
-2.253	1.08346e-005
-2.252	1.09205e-005
-2.251	1.1007e-005
-2.25	1.10941e-005
-2.249	1.11818e-005
-2.248	1.12699e-005
-2.247	1.13586e-005
-2.246	1.14477e-005
-2.245	1.15372e-005
-2.244	1.16271e-005
-2.243	1.17173e-005
-2.242	1.18078e-005
-2.241	1.18986e-005
-2.24	1.19896e-005
-2.239	1.20808e-005
-2.238	1.21722e-005
-2.237	1.22637e-005
-2.236	1.23553e-005
-2.235	1.24469e-005
-2.234	1.25385e-005
-2.233	1.26301e-005
-2.232	1.27217e-005
-2.231	1.28132e-005
-2.23	1.29045e-005
-2.229	1.29958e-005
-2.228	1.30868e-005
-2.227	1.31777e-005
-2.226	1.32683e-005
-2.225	1.33586e-005
-2.224	1.34488e-005
-2.223	1.35386e-005
-2.222	1.3628e-005
-2.221	1.37172e-005
-2.22	1.3806e-005
-2.219	1.38944e-005
-2.218	1.39824e-005
-2.217	1.407e-005
-2.216	1.41572e-005
-2.215	1.4244e-005
-2.214	1.43304e-005
-2.213	1.44163e-005
-2.212	1.45018e-005
-2.211	1.45869e-005
-2.21	1.46715e-005
-2.209	1.47557e-005
-2.208	1.48394e-005
-2.207	1.49228e-005
-2.206	1.50057e-005
-2.205	1.50882e-005
-2.204	1.51703e-005
-2.203	1.5252e-005
-2.202	1.53334e-005
-2.201	1.54144e-005
-2.2	1.54951e-005
-2.199	1.55755e-005
-2.198	1.56556e-005
-2.197	1.57355e-005
-2.196	1.58151e-005
-2.195	1.58945e-005
-2.194	1.59737e-005
-2.193	1.60529e-005
-2.192	1.61318e-005
-2.191	1.62108e-005
-2.19	1.62896e-005
-2.189	1.63685e-005
-2.188	1.64475e-005
-2.187	1.65265e-005
-2.186	1.66056e-005
-2.185	1.66848e-005
-2.184	1.67643e-005
-2.183	1.6844e-005
-2.182	1.69241e-005
-2.181	1.70044e-005
-2.18	1.70851e-005
-2.179	1.71663e-005
-2.178	1.72479e-005
-2.177	1.73301e-005
-2.176	1.74128e-005
-2.175	1.74962e-005
-2.174	1.75802e-005
-2.173	1.76649e-005
-2.172	1.77503e-005
-2.171	1.78366e-005
-2.17	1.79237e-005
-2.169	1.80117e-005
-2.168	1.81007e-005
-2.167	1.81906e-005
-2.166	1.82815e-005
-2.165	1.83736e-005
-2.164	1.84667e-005
-2.163	1.8561e-005
-2.162	1.86565e-005
-2.161	1.87532e-005
-2.16	1.88512e-005
-2.159	1.89505e-005
-2.158	1.90511e-005
-2.157	1.91531e-005
-2.156	1.92566e-005
-2.155	1.93614e-005
-2.154	1.94677e-005
-2.153	1.95755e-005
-2.152	1.96849e-005
-2.151	1.97957e-005
-2.15	1.99082e-005
-2.149	2.00222e-005
-2.148	2.01378e-005
-2.147	2.0255e-005
-2.146	2.03739e-005
-2.145	2.04943e-005
-2.144	2.06165e-005
-2.143	2.07403e-005
-2.142	2.08657e-005
-2.141	2.09928e-005
-2.14	2.11216e-005
-2.139	2.1252e-005
-2.138	2.13841e-005
-2.137	2.15178e-005
-2.136	2.16532e-005
-2.135	2.17902e-005
-2.134	2.19289e-005
-2.133	2.20691e-005
-2.132	2.22109e-005
-2.131	2.23543e-005
-2.13	2.24993e-005
-2.129	2.26457e-005
-2.128	2.27937e-005
-2.127	2.29432e-005
-2.126	2.30941e-005
-2.125	2.32465e-005
-2.124	2.34002e-005
-2.123	2.35554e-005
-2.122	2.37118e-005
-2.121	2.38696e-005
-2.12	2.40286e-005
-2.119	2.41888e-005
-2.118	2.43502e-005
-2.117	2.45128e-005
-2.116	2.46765e-005
-2.115	2.48412e-005
-2.114	2.5007e-005
-2.113	2.51738e-005
-2.112	2.53415e-005
-2.111	2.55101e-005
-2.11	2.56795e-005
-2.109	2.58498e-005
-2.108	2.60209e-005
-2.107	2.61926e-005
-2.106	2.63651e-005
-2.105	2.65382e-005
-2.104	2.67119e-005
-2.103	2.68861e-005
-2.102	2.70609e-005
-2.101	2.72361e-005
-2.1	2.74117e-005
-2.099	2.75878e-005
-2.098	2.77641e-005
-2.097	2.79409e-005
-2.096	2.81179e-005
-2.095	2.82951e-005
-2.094	2.84725e-005
-2.093	2.86501e-005
-2.092	2.88279e-005
-2.091	2.90058e-005
-2.09	2.91837e-005
-2.089	2.93617e-005
-2.088	2.95398e-005
-2.087	2.97178e-005
-2.086	2.98958e-005
-2.085	3.00738e-005
-2.084	3.02518e-005
-2.083	3.04297e-005
-2.082	3.06075e-005
-2.081	3.07852e-005
-2.08	3.09629e-005
-2.079	3.11405e-005
-2.078	3.13179e-005
-2.077	3.14952e-005
-2.076	3.16724e-005
-2.075	3.18495e-005
-2.074	3.20266e-005
-2.073	3.22035e-005
-2.072	3.23803e-005
-2.071	3.2557e-005
-2.07	3.27338e-005
-2.069	3.29104e-005
-2.068	3.3087e-005
-2.067	3.32636e-005
-2.066	3.34403e-005
-2.065	3.3617e-005
-2.064	3.37937e-005
-2.063	3.39706e-005
-2.062	3.41476e-005
-2.061	3.43247e-005
-2.06	3.45021e-005
-2.059	3.46797e-005
-2.058	3.48575e-005
-2.057	3.50356e-005
-2.056	3.52142e-005
-2.055	3.53931e-005
-2.054	3.55725e-005
-2.053	3.57523e-005
-2.052	3.59327e-005
-2.051	3.61136e-005
-2.05	3.62952e-005
-2.049	3.64775e-005
-2.048	3.66605e-005
-2.047	3.68443e-005
-2.046	3.70289e-005
-2.045	3.72144e-005
-2.044	3.74009e-005
-2.043	3.75884e-005
-2.042	3.7777e-005
-2.041	3.79666e-005
-2.04	3.81574e-005
-2.039	3.83494e-005
-2.038	3.85427e-005
-2.037	3.87374e-005
-2.036	3.89334e-005
-2.035	3.91309e-005
-2.034	3.93298e-005
-2.033	3.95303e-005
-2.032	3.97324e-005
-2.031	3.99362e-005
-2.03	4.01416e-005
-2.029	4.03487e-005
-2.028	4.05577e-005
-2.027	4.07684e-005
-2.026	4.09811e-005
-2.025	4.11957e-005
-2.024	4.14123e-005
-2.023	4.16308e-005
-2.022	4.18514e-005
-2.021	4.20741e-005
-2.02	4.22989e-005
-2.019	4.25259e-005
-2.018	4.2755e-005
-2.017	4.29863e-005
-2.016	4.32199e-005
-2.015	4.34558e-005
-2.014	4.36939e-005
-2.013	4.39343e-005
-2.012	4.41771e-005
-2.011	4.44222e-005
-2.01	4.46696e-005
-2.009	4.49194e-005
-2.008	4.51717e-005
-2.007	4.54262e-005
-2.006	4.56831e-005
-2.005	4.59425e-005
-2.004	4.62043e-005
-2.003	4.64685e-005
-2.002	4.6735e-005
-2.001	4.70039e-005
-2	4.72753e-005
-1.999	4.75489e-005
-1.998	4.78249e-005
-1.997	4.81033e-005
-1.996	4.8384e-005
-1.995	4.8667e-005
-1.994	4.89523e-005
-1.993	4.92399e-005
-1.992	4.95296e-005
-1.991	4.98216e-005
-1.99	5.01158e-005
-1.989	5.04122e-005
-1.988	5.07107e-005
-1.987	5.10112e-005
-1.986	5.13139e-005
-1.985	5.16186e-005
-1.984	5.19253e-005
-1.983	5.2234e-005
-1.982	5.25445e-005
-1.981	5.2857e-005
-1.98	5.31713e-005
-1.979	5.34874e-005
-1.978	5.38053e-005
-1.977	5.4125e-005
-1.976	5.44464e-005
-1.975	5.47693e-005
-1.974	5.5094e-005
-1.973	5.54201e-005
-1.972	5.57478e-005
-1.971	5.6077e-005
-1.97	5.64076e-005
-1.969	5.67397e-005
-1.968	5.70731e-005
-1.967	5.74079e-005
-1.966	5.7744e-005
-1.965	5.80813e-005
-1.964	5.84199e-005
-1.963	5.87597e-005
-1.962	5.91007e-005
-1.961	5.94427e-005
-1.96	5.97859e-005
-1.959	6.01301e-005
-1.958	6.04755e-005
-1.957	6.08218e-005
-1.956	6.11691e-005
-1.955	6.15174e-005
-1.954	6.18666e-005
-1.953	6.22167e-005
-1.952	6.25678e-005
-1.951	6.29198e-005
-1.95	6.32726e-005
-1.949	6.36263e-005
-1.948	6.3981e-005
-1.947	6.43364e-005
-1.946	6.46927e-005
-1.945	6.50499e-005
-1.944	6.5408e-005
-1.943	6.57668e-005
-1.942	6.61265e-005
-1.941	6.64871e-005
-1.94	6.68485e-005
-1.939	6.7211e-005
-1.938	6.75742e-005
-1.937	6.79384e-005
-1.936	6.83035e-005
-1.935	6.86695e-005
-1.934	6.90366e-005
-1.933	6.94047e-005
-1.932	6.97737e-005
-1.931	7.01438e-005
-1.93	7.05151e-005
-1.929	7.08874e-005
-1.928	7.12609e-005
-1.927	7.16355e-005
-1.926	7.20114e-005
-1.925	7.23886e-005
-1.924	7.27672e-005
-1.923	7.3147e-005
-1.922	7.35282e-005
-1.921	7.3911e-005
-1.92	7.42952e-005
-1.919	7.46811e-005
-1.918	7.50683e-005
-1.917	7.54574e-005
-1.916	7.5848e-005
-1.915	7.62406e-005
-1.914	7.66349e-005
-1.913	7.7031e-005
-1.912	7.74291e-005
-1.911	7.78291e-005
-1.91	7.82313e-005
-1.909	7.86355e-005
-1.908	7.90419e-005
-1.907	7.94506e-005
-1.906	7.98615e-005
-1.905	8.02746e-005
-1.904	8.06902e-005
-1.903	8.11083e-005
-1.902	8.15288e-005
-1.901	8.1952e-005
-1.9	8.23776e-005
-1.899	8.28061e-005
-1.898	8.32373e-005
-1.897	8.36713e-005
-1.896	8.41081e-005
-1.895	8.45477e-005
-1.894	8.49904e-005
-1.893	8.5436e-005
-1.892	8.58846e-005
-1.891	8.63363e-005
-1.89	8.67912e-005
-1.889	8.72493e-005
-1.888	8.77107e-005
-1.887	8.81753e-005
-1.886	8.86432e-005
-1.885	8.91144e-005
-1.884	8.95891e-005
-1.883	9.00671e-005
-1.882	9.05486e-005
-1.881	9.10337e-005
-1.88	9.15222e-005
-1.879	9.20143e-005
-1.878	9.25099e-005
-1.877	9.30092e-005
-1.876	9.3512e-005
-1.875	9.40185e-005
-1.874	9.45287e-005
-1.873	9.50425e-005
-1.872	9.55599e-005
-1.871	9.60811e-005
-1.87	9.66061e-005
-1.869	9.71346e-005
-1.868	9.76669e-005
-1.867	9.82029e-005
-1.866	9.87427e-005
-1.865	9.92862e-005
-1.864	9.98334e-005
-1.863	0.000100384
-1.862	0.000100939
-1.861	0.000101497
-1.86	0.000102059
-1.859	0.000102625
-1.858	0.000103194
-1.857	0.000103767
-1.856	0.000104344
-1.855	0.000104924
-1.854	0.000105508
-1.853	0.000106095
-1.852	0.000106686
-1.851	0.00010728
-1.85	0.000107878
-1.849	0.00010848
-1.848	0.000109085
-1.847	0.000109693
-1.846	0.000110305
-1.845	0.00011092
-1.844	0.000111539
-1.843	0.00011216
-1.842	0.000112786
-1.841	0.000113414
-1.84	0.000114046
-1.839	0.000114681
-1.838	0.000115319
-1.837	0.00011596
-1.836	0.000116605
-1.835	0.000117253
-1.834	0.000117903
-1.833	0.000118557
-1.832	0.000119214
-1.831	0.000119874
-1.83	0.000120537
-1.829	0.000121203
-1.828	0.000121872
-1.827	0.000122543
-1.826	0.000123218
-1.825	0.000123896
-1.824	0.000124576
-1.823	0.00012526
-1.822	0.000125946
-1.821	0.000126635
-1.82	0.000127328
-1.819	0.000128023
-1.818	0.000128721
-1.817	0.000129421
-1.816	0.000130125
-1.815	0.000130831
-1.814	0.00013154
-1.813	0.000132252
-1.812	0.000132967
-1.811	0.000133685
-1.81	0.000134406
-1.809	0.000135129
-1.808	0.000135856
-1.807	0.000136585
-1.806	0.000137317
-1.805	0.000138053
-1.804	0.000138791
-1.803	0.000139532
-1.802	0.000140276
-1.801	0.000141024
-1.8	0.000141775
-1.799	0.000142528
-1.798	0.000143285
-1.797	0.000144045
-1.796	0.000144809
-1.795	0.000145575
-1.794	0.000146345
-1.793	0.000147119
-1.792	0.000147895
-1.791	0.000148675
-1.79	0.000149459
-1.789	0.000150247
-1.788	0.000151038
-1.787	0.000151832
-1.786	0.000152631
-1.785	0.000153433
-1.784	0.000154239
-1.783	0.000155049
-1.782	0.000155863
-1.781	0.00015668
-1.78	0.000157503
-1.779	0.000158329
-1.778	0.000159159
-1.777	0.000159994
-1.776	0.000160833
-1.775	0.000161676
-1.774	0.000162524
-1.773	0.000163376
-1.772	0.000164233
-1.771	0.000165095
-1.77	0.000165961
-1.769	0.000166832
-1.768	0.000167708
-1.767	0.000168589
-1.766	0.000169475
-1.765	0.000170366
-1.764	0.000171262
-1.763	0.000172163
-1.762	0.00017307
-1.761	0.000173981
-1.76	0.000174898
-1.759	0.000175821
-1.758	0.000176749
-1.757	0.000177682
-1.756	0.000178621
-1.755	0.000179566
-1.754	0.000180516
-1.753	0.000181472
-1.752	0.000182434
-1.751	0.000183401
-1.75	0.000184375
-1.749	0.000185354
-1.748	0.00018634
-1.747	0.000187331
-1.746	0.000188329
-1.745	0.000189332
-1.744	0.000190342
-1.743	0.000191357
-1.742	0.00019238
-1.741	0.000193408
-1.74	0.000194442
-1.739	0.000195483
-1.738	0.00019653
-1.737	0.000197584
-1.736	0.000198643
-1.735	0.00019971
-1.734	0.000200782
-1.733	0.000201861
-1.732	0.000202946
-1.731	0.000204038
-1.73	0.000205137
-1.729	0.000206242
-1.728	0.000207353
-1.727	0.000208471
-1.726	0.000209596
-1.725	0.000210727
-1.724	0.000211864
-1.723	0.000213008
-1.722	0.000214159
-1.721	0.000215316
-1.72	0.00021648
-1.719	0.000217651
-1.718	0.000218828
-1.717	0.000220011
-1.716	0.000221202
-1.715	0.000222398
-1.714	0.000223602
-1.713	0.000224811
-1.712	0.000226028
-1.711	0.000227251
-1.71	0.000228481
-1.709	0.000229717
-1.708	0.00023096
-1.707	0.000232209
-1.706	0.000233465
-1.705	0.000234727
-1.704	0.000235996
-1.703	0.000237272
-1.702	0.000238554
-1.701	0.000239843
-1.7	0.000241138
-1.699	0.00024244
-1.698	0.000243748
-1.697	0.000245063
-1.696	0.000246385
-1.695	0.000247713
-1.694	0.000249048
-1.693	0.000250389
-1.692	0.000251737
-1.691	0.000253091
-1.69	0.000254452
-1.689	0.00025582
-1.688	0.000257194
-1.687	0.000258575
-1.686	0.000259963
-1.685	0.000261357
-1.684	0.000262759
-1.683	0.000264166
-1.682	0.000265581
-1.681	0.000267003
-1.68	0.000268431
-1.679	0.000269865
-1.678	0.000271307
-1.677	0.000272756
-1.676	0.000274212
-1.675	0.000275674
-1.674	0.000277144
-1.673	0.000278621
-1.672	0.000280105
-1.671	0.000281596
-1.67	0.000283093
-1.669	0.000284599
-1.668	0.000286111
-1.667	0.000287631
-1.666	0.000289158
-1.665	0.000290693
-1.664	0.000292235
-1.663	0.000293784
-1.662	0.000295341
-1.661	0.000296906
-1.66	0.000298479
-1.659	0.000300059
-1.658	0.000301647
-1.657	0.000303243
-1.656	0.000304847
-1.655	0.000306459
-1.654	0.000308078
-1.653	0.000309706
-1.652	0.000311343
-1.651	0.000312988
-1.65	0.000314641
-1.649	0.000316302
-1.648	0.000317972
-1.647	0.000319651
-1.646	0.000321339
-1.645	0.000323035
-1.644	0.00032474
-1.643	0.000326454
-1.642	0.000328177
-1.641	0.000329909
-1.64	0.00033165
-1.639	0.000333401
-1.638	0.00033516
-1.637	0.000336929
-1.636	0.000338708
-1.635	0.000340496
-1.634	0.000342294
-1.633	0.000344102
-1.632	0.00034592
-1.631	0.000347747
-1.63	0.000349585
-1.629	0.000351432
-1.628	0.00035329
-1.627	0.000355158
-1.626	0.000357036
-1.625	0.000358924
-1.624	0.000360823
-1.623	0.000362732
-1.622	0.000364653
-1.621	0.000366584
-1.62	0.000368525
-1.619	0.000370478
-1.618	0.000372442
-1.617	0.000374416
-1.616	0.000376401
-1.615	0.000378398
-1.614	0.000380406
-1.613	0.000382425
-1.612	0.000384455
-1.611	0.000386497
-1.61	0.00038855
-1.609	0.000390614
-1.608	0.000392691
-1.607	0.000394779
-1.606	0.000396879
-1.605	0.00039899
-1.604	0.000401113
-1.603	0.000403249
-1.602	0.000405396
-1.601	0.000407555
-1.6	0.000409726
-1.599	0.000411909
-1.598	0.000414104
-1.597	0.000416312
-1.596	0.000418532
-1.595	0.000420764
-1.594	0.000423009
-1.593	0.000425266
-1.592	0.000427535
-1.591	0.000429817
-1.59	0.000432111
-1.589	0.000434418
-1.588	0.000436737
-1.587	0.00043907
-1.586	0.000441415
-1.585	0.000443773
-1.584	0.000446143
-1.583	0.000448527
-1.582	0.000450923
-1.581	0.000453332
-1.58	0.000455754
-1.579	0.000458189
-1.578	0.000460637
-1.577	0.000463098
-1.576	0.000465572
-1.575	0.00046806
-1.574	0.00047056
-1.573	0.000473073
-1.572	0.000475601
-1.571	0.000478141
-1.57	0.000480695
-1.569	0.000483262
-1.568	0.000485843
-1.567	0.000488436
-1.566	0.000491044
-1.565	0.000493665
-1.564	0.0004963
-1.563	0.000498949
-1.562	0.000501611
-1.561	0.000504287
-1.56	0.000506977
-1.559	0.00050968
-1.558	0.000512398
-1.557	0.00051513
-1.556	0.000517876
-1.555	0.000520635
-1.554	0.000523409
-1.553	0.000526198
-1.552	0.000529
-1.551	0.000531816
-1.55	0.000534648
-1.549	0.000537494
-1.548	0.000540354
-1.547	0.000543228
-1.546	0.000546117
-1.545	0.000549021
-1.544	0.00055194
-1.543	0.000554874
-1.542	0.000557823
-1.541	0.000560787
-1.54	0.000563765
-1.539	0.00056676
-1.538	0.00056977
-1.537	0.000572794
-1.536	0.000575835
-1.535	0.000578891
-1.534	0.000581962
-1.533	0.000585049
-1.532	0.000588152
-1.531	0.000591271
-1.53	0.000594406
-1.529	0.000597557
-1.528	0.000600724
-1.527	0.000603908
-1.526	0.000607108
-1.525	0.000610325
-1.524	0.000613558
-1.523	0.000616808
-1.522	0.000620074
-1.521	0.000623358
-1.52	0.000626659
-1.519	0.000629976
-1.518	0.000633311
-1.517	0.000636665
-1.516	0.000640035
-1.515	0.000643422
-1.514	0.000646828
-1.513	0.000650251
-1.512	0.000653693
-1.511	0.000657152
-1.51	0.00066063
-1.509	0.000664126
-1.508	0.000667641
-1.507	0.000671175
-1.506	0.000674726
-1.505	0.000678297
-1.504	0.000681887
-1.503	0.000685495
-1.502	0.000689123
-1.501	0.000692771
-1.5	0.000696438
-1.499	0.000700124
-1.498	0.00070383
-1.497	0.000707556
-1.496	0.000711302
-1.495	0.000715068
-1.494	0.000718854
-1.493	0.000722661
-1.492	0.000726488
-1.491	0.000730336
-1.49	0.000734204
-1.489	0.000738094
-1.488	0.000742004
-1.487	0.000745935
-1.486	0.000749888
-1.485	0.000753863
-1.484	0.000757859
-1.483	0.000761876
-1.482	0.000765914
-1.481	0.000769974
-1.48	0.000774058
-1.479	0.000778163
-1.478	0.00078229
-1.477	0.00078644
-1.476	0.000790612
-1.475	0.000794807
-1.474	0.000799025
-1.473	0.000803266
-1.472	0.000807529
-1.471	0.000811814
-1.47	0.000816124
-1.469	0.000820457
-1.468	0.000824812
-1.467	0.000829193
-1.466	0.000833596
-1.465	0.000838024
-1.464	0.000842475
-1.463	0.000846951
-1.462	0.00085145
-1.461	0.000855974
-1.46	0.000860523
-1.459	0.000865095
-1.458	0.000869691
-1.457	0.000874313
-1.456	0.000878962
-1.455	0.000883633
-1.454	0.000888328
-1.453	0.000893051
-1.452	0.000897798
-1.451	0.00090257
-1.45	0.000907368
-1.449	0.000912193
-1.448	0.000917044
-1.447	0.000921919
-1.446	0.000926819
-1.445	0.000931747
-1.444	0.000936701
-1.443	0.00094168
-1.442	0.000946687
-1.441	0.00095172
-1.44	0.000956779
-1.439	0.000961866
-1.438	0.000966979
-1.437	0.000972121
-1.436	0.000977288
-1.435	0.000982483
-1.434	0.000987705
-1.433	0.000992956
-1.432	0.000998233
-1.431	0.00100354
-1.43	0.00100887
-1.429	0.00101423
-1.428	0.00101962
-1.427	0.00102504
-1.426	0.00103049
-1.425	0.00103596
-1.424	0.00104147
-1.423	0.001047
-1.422	0.00105256
-1.421	0.00105815
-1.42	0.00106377
-1.419	0.00106942
-1.418	0.0010751
-1.417	0.00108081
-1.416	0.00108654
-1.415	0.00109231
-1.414	0.00109811
-1.413	0.00110394
-1.412	0.0011098
-1.411	0.00111569
-1.41	0.00112161
-1.409	0.00112756
-1.408	0.00113354
-1.407	0.00113956
-1.406	0.0011456
-1.405	0.00115168
-1.404	0.00115779
-1.403	0.00116393
-1.402	0.0011701
-1.401	0.0011763
-1.4	0.00118254
-1.399	0.00118881
-1.398	0.00119512
-1.397	0.00120145
-1.396	0.00120782
-1.395	0.00121423
-1.394	0.00122066
-1.393	0.00122713
-1.392	0.00123363
-1.391	0.00124017
-1.39	0.00124674
-1.389	0.00125335
-1.388	0.00125999
-1.387	0.00126667
-1.386	0.00127338
-1.385	0.00128013
-1.384	0.00128691
-1.383	0.00129373
-1.382	0.00130058
-1.381	0.00130747
-1.38	0.0013144
-1.379	0.00132137
-1.378	0.00132837
-1.377	0.0013354
-1.376	0.00134248
-1.375	0.00134959
-1.374	0.00135674
-1.373	0.00136393
-1.372	0.00137115
-1.371	0.00137842
-1.37	0.00138572
-1.369	0.00139306
-1.368	0.00140044
-1.367	0.00140786
-1.366	0.00141532
-1.365	0.00142282
-1.364	0.00143035
-1.363	0.00143793
-1.362	0.00144555
-1.361	0.00145321
-1.36	0.00146091
-1.359	0.00146865
-1.358	0.00147644
-1.357	0.00148426
-1.356	0.00149213
-1.355	0.00150004
-1.354	0.00150798
-1.353	0.00151598
-1.352	0.00152401
-1.351	0.00153209
-1.35	0.00154021
-1.349	0.00154838
-1.348	0.00155659
-1.347	0.00156484
-1.346	0.00157313
-1.345	0.00158148
-1.344	0.00158986
-1.343	0.00159829
-1.342	0.00160677
-1.341	0.00161529
-1.34	0.00162385
-1.339	0.00163247
-1.338	0.00164112
-1.337	0.00164983
-1.336	0.00165858
-1.335	0.00166737
-1.334	0.00167622
-1.333	0.00168511
-1.332	0.00169405
-1.331	0.00170304
-1.33	0.00171207
-1.329	0.00172115
-1.328	0.00173028
-1.327	0.00173946
-1.326	0.00174869
-1.325	0.00175797
-1.324	0.0017673
-1.323	0.00177667
-1.322	0.0017861
-1.321	0.00179558
-1.32	0.00180511
-1.319	0.00181469
-1.318	0.00182432
-1.317	0.001834
-1.316	0.00184373
-1.315	0.00185352
-1.314	0.00186335
-1.313	0.00187324
-1.312	0.00188318
-1.311	0.00189317
-1.31	0.00190322
-1.309	0.00191332
-1.308	0.00192347
-1.307	0.00193368
-1.306	0.00194394
-1.305	0.00195426
-1.304	0.00196463
-1.303	0.00197505
-1.302	0.00198553
-1.301	0.00199607
-1.3	0.00200666
-1.299	0.00201731
-1.298	0.00202802
-1.297	0.00203877
-1.296	0.00204959
-1.295	0.00206047
-1.294	0.0020714
-1.293	0.00208239
-1.292	0.00209344
-1.291	0.00210455
-1.29	0.00211571
-1.289	0.00212694
-1.288	0.00213822
-1.287	0.00214956
-1.286	0.00216097
-1.285	0.00217243
-1.284	0.00218395
-1.283	0.00219554
-1.282	0.00220718
-1.281	0.00221889
-1.28	0.00223066
-1.279	0.00224249
-1.278	0.00225438
-1.277	0.00226633
-1.276	0.00227836
-1.275	0.00229044
-1.274	0.00230258
-1.273	0.00231479
-1.272	0.00232707
-1.271	0.00233941
-1.27	0.00235181
-1.269	0.00236428
-1.268	0.00237681
-1.267	0.00238942
-1.266	0.00240209
-1.265	0.00241482
-1.264	0.00242762
-1.263	0.00244049
-1.262	0.00245343
-1.261	0.00246644
-1.26	0.00247951
-1.259	0.00249265
-1.258	0.00250587
-1.257	0.00251915
-1.256	0.0025325
-1.255	0.00254592
-1.254	0.00255942
-1.253	0.00257298
-1.252	0.00258662
-1.251	0.00260033
-1.25	0.00261411
-1.249	0.00262797
-1.248	0.00264189
-1.247	0.0026559
-1.246	0.00266997
-1.245	0.00268412
-1.244	0.00269835
-1.243	0.00271264
-1.242	0.00272702
-1.241	0.00274147
-1.24	0.002756
-1.239	0.00277061
-1.238	0.0027853
-1.237	0.00280006
-1.236	0.0028149
-1.235	0.00282982
-1.234	0.00284481
-1.233	0.00285989
-1.232	0.00287505
-1.231	0.00289029
-1.23	0.0029056
-1.229	0.002921
-1.228	0.00293648
-1.227	0.00295205
-1.226	0.0029677
-1.225	0.00298343
-1.224	0.00299924
-1.223	0.00301514
-1.222	0.00303112
-1.221	0.00304719
-1.22	0.00306334
-1.219	0.00307958
-1.218	0.0030959
-1.217	0.00311231
-1.216	0.00312881
-1.215	0.0031454
-1.214	0.00316207
-1.213	0.00317884
-1.212	0.00319569
-1.211	0.00321264
-1.21	0.00322967
-1.209	0.00324679
-1.208	0.003264
-1.207	0.00328131
-1.206	0.00329871
-1.205	0.0033162
-1.204	0.00333378
-1.203	0.00335145
-1.202	0.00336923
-1.201	0.0033871
-1.2	0.00340505
-1.199	0.00342311
-1.198	0.00344126
-1.197	0.00345951
-1.196	0.00347785
-1.195	0.00349629
-1.194	0.00351484
-1.193	0.00353348
-1.192	0.00355222
-1.191	0.00357105
-1.19	0.00358999
-1.189	0.00360903
-1.188	0.00362817
-1.187	0.00364741
-1.186	0.00366675
-1.185	0.0036862
-1.184	0.00370575
-1.183	0.0037254
-1.182	0.00374516
-1.181	0.00376501
-1.18	0.00378498
-1.179	0.00380506
-1.178	0.00382524
-1.177	0.00384552
-1.176	0.00386591
-1.175	0.00388642
-1.174	0.00390703
-1.173	0.00392775
-1.172	0.00394858
-1.171	0.00396951
-1.17	0.00399057
-1.169	0.00401173
-1.168	0.004033
-1.167	0.00405439
-1.166	0.00407589
-1.165	0.0040975
-1.164	0.00411923
-1.163	0.00414107
-1.162	0.00416303
-1.161	0.00418511
-1.16	0.0042073
-1.159	0.00422961
-1.158	0.00425204
-1.157	0.00427459
-1.156	0.00429726
-1.155	0.00432004
-1.154	0.00434295
-1.153	0.00436597
-1.152	0.00438912
-1.151	0.0044124
-1.15	0.00443579
-1.149	0.00445931
-1.148	0.00448296
-1.147	0.00450672
-1.146	0.00453062
-1.145	0.00455465
-1.144	0.00457879
-1.143	0.00460307
-1.142	0.00462748
-1.141	0.00465201
-1.14	0.00467667
-1.139	0.00470146
-1.138	0.00472639
-1.137	0.00475145
-1.136	0.00477664
-1.135	0.00480197
-1.134	0.00482742
-1.133	0.00485301
-1.132	0.00487874
-1.131	0.00490461
-1.13	0.00493061
-1.129	0.00495675
-1.128	0.00498302
-1.127	0.00500944
-1.126	0.005036
-1.125	0.00506269
-1.124	0.00508953
-1.123	0.00511652
-1.122	0.00514364
-1.121	0.0051709
-1.12	0.00519831
-1.119	0.00522587
-1.118	0.00525357
-1.117	0.00528142
-1.116	0.00530942
-1.115	0.00533757
-1.114	0.00536587
-1.113	0.00539431
-1.112	0.0054229
-1.111	0.00545165
-1.11	0.00548055
-1.109	0.0055096
-1.108	0.0055388
-1.107	0.00556817
-1.106	0.00559768
-1.105	0.00562736
-1.104	0.00565718
-1.103	0.00568717
-1.102	0.00571732
-1.101	0.00574762
-1.1	0.0057781
-1.099	0.00580872
-1.098	0.00583951
-1.097	0.00587047
-1.096	0.00590158
-1.095	0.00593286
-1.094	0.00596432
-1.093	0.00599593
-1.092	0.00602772
-1.091	0.00605968
-1.09	0.00609179
-1.089	0.00612408
-1.088	0.00615654
-1.087	0.00618918
-1.086	0.00622199
-1.085	0.00625497
-1.084	0.00628812
-1.083	0.00632146
-1.082	0.00635497
-1.081	0.00638866
-1.08	0.00642253
-1.079	0.00645658
-1.078	0.00649081
-1.077	0.00652522
-1.076	0.00655981
-1.075	0.00659458
-1.074	0.00662955
-1.073	0.00666468
-1.072	0.00670002
-1.071	0.00673554
-1.07	0.00677124
-1.069	0.00680715
-1.068	0.00684323
-1.067	0.00687953
-1.066	0.00691599
-1.065	0.00695266
-1.064	0.00698952
-1.063	0.00702658
-1.062	0.00706383
-1.061	0.00710128
-1.06	0.00713894
-1.059	0.00717678
-1.058	0.00721483
-1.057	0.00725308
-1.056	0.00729154
-1.055	0.0073302
-1.054	0.00736908
-1.053	0.00740813
-1.052	0.00744742
-1.051	0.0074869
-1.05	0.0075266
-1.049	0.00756651
-1.048	0.00760662
-1.047	0.00764696
-1.046	0.0076875
-1.045	0.00772827
-1.044	0.00776924
-1.043	0.00781044
-1.042	0.00785184
-1.041	0.00789347
-1.04	0.00793532
-1.039	0.00797741
-1.038	0.00801972
-1.037	0.00806223
-1.036	0.00810498
-1.035	0.00814795
-1.034	0.00819116
-1.033	0.00823458
-1.032	0.00827825
-1.031	0.00832214
-1.03	0.00836627
-1.029	0.00841063
-1.028	0.00845523
-1.027	0.00850005
-1.026	0.00854512
-1.025	0.00859042
-1.024	0.00863597
-1.023	0.00868176
-1.022	0.00872779
-1.021	0.00877406
-1.02	0.00882057
-1.019	0.00886734
-1.018	0.00891435
-1.017	0.00896161
-1.016	0.00900913
-1.015	0.00905689
-1.014	0.0091049
-1.013	0.00915318
-1.012	0.0092017
-1.011	0.00925047
-1.01	0.00929952
-1.009	0.00934882
-1.008	0.00939838
-1.007	0.0094482
-1.006	0.0094983
-1.005	0.00954864
-1.004	0.00959927
-1.003	0.00965016
-1.002	0.00970132
-1.001	0.00975276
-1	0.00980445
-0.999	0.00985642
-0.998	0.00990869
-0.997	0.00996121
-0.996	0.010014
-0.995	0.0100671
-0.994	0.0101205
-0.993	0.0101741
-0.992	0.010228
-0.991	0.0102823
-0.99	0.0103368
-0.989	0.0103916
-0.988	0.0104467
-0.987	0.010502
-0.986	0.0105577
-0.985	0.0106137
-0.984	0.01067
-0.983	0.0107265
-0.982	0.0107834
-0.981	0.0108405
-0.98	0.010898
-0.979	0.0109558
-0.978	0.0110139
-0.977	0.0110722
-0.976	0.0111309
-0.975	0.01119
-0.974	0.0112493
-0.973	0.0113089
-0.972	0.0113689
-0.971	0.0114291
-0.97	0.0114897
-0.969	0.0115506
-0.968	0.0116119
-0.967	0.0116734
-0.966	0.0117353
-0.965	0.0117975
-0.964	0.01186
-0.963	0.0119229
-0.962	0.0119861
-0.961	0.0120497
-0.96	0.0121136
-0.959	0.0121778
-0.958	0.0122423
-0.957	0.0123072
-0.956	0.0123725
-0.955	0.0124381
-0.954	0.012504
-0.953	0.0125703
-0.952	0.0126369
-0.951	0.0127039
-0.95	0.0127713
-0.949	0.012839
-0.948	0.0129071
-0.947	0.0129755
-0.946	0.0130443
-0.945	0.0131134
-0.944	0.0131829
-0.943	0.0132528
-0.942	0.0133231
-0.941	0.0133937
-0.94	0.0134647
-0.939	0.0135361
-0.938	0.0136079
-0.937	0.01368
-0.936	0.0137525
-0.935	0.0138254
-0.934	0.0138987
-0.933	0.0139724
-0.932	0.0140465
-0.931	0.014121
-0.93	0.0141958
-0.929	0.0142711
-0.928	0.0143467
-0.927	0.0144228
-0.926	0.0144993
-0.925	0.0145761
-0.924	0.0146534
-0.923	0.0147311
-0.922	0.0148092
-0.921	0.0148877
-0.92	0.0149666
-0.919	0.015046
-0.918	0.0151257
-0.917	0.0152059
-0.916	0.0152865
-0.915	0.0153676
-0.914	0.015449
-0.913	0.0155309
-0.912	0.0156132
-0.911	0.015696
-0.91	0.0157793
-0.909	0.0158629
-0.908	0.015947
-0.907	0.0160316
-0.906	0.0161166
-0.905	0.016202
-0.904	0.0162879
-0.903	0.0163742
-0.902	0.016461
-0.901	0.0165483
-0.9	0.0166361
-0.899	0.0167243
-0.898	0.0168129
-0.897	0.0169021
-0.896	0.0169917
-0.895	0.0170818
-0.894	0.0171723
-0.893	0.0172634
-0.892	0.0173549
-0.891	0.0174469
-0.89	0.0175394
-0.889	0.0176324
-0.888	0.0177258
-0.887	0.0178198
-0.886	0.0179143
-0.885	0.0180093
-0.884	0.0181048
-0.883	0.0182008
-0.882	0.0182973
-0.881	0.0183943
-0.88	0.0184918
-0.879	0.0185898
-0.878	0.0186884
-0.877	0.0187874
-0.876	0.018887
-0.875	0.0189872
-0.874	0.0190879
-0.873	0.019189
-0.872	0.0192908
-0.871	0.0193931
-0.87	0.0194959
-0.869	0.0195992
-0.868	0.0197031
-0.867	0.0198076
-0.866	0.0199126
-0.865	0.0200182
-0.864	0.0201243
-0.863	0.020231
-0.862	0.0203382
-0.861	0.020446
-0.86	0.0205544
-0.859	0.0206634
-0.858	0.0207729
-0.857	0.0208831
-0.856	0.0209938
-0.855	0.0211051
-0.854	0.0212169
-0.853	0.0213294
-0.852	0.0214425
-0.851	0.0215561
-0.85	0.0216704
-0.849	0.0217853
-0.848	0.0219008
-0.847	0.0220169
-0.846	0.0221336
-0.845	0.0222509
-0.844	0.0223689
-0.843	0.0224875
-0.842	0.0226067
-0.841	0.0227265
-0.84	0.022847
-0.839	0.0229681
-0.838	0.0230898
-0.837	0.0232123
-0.836	0.0233353
-0.835	0.023459
-0.834	0.0235834
-0.833	0.0237084
-0.832	0.0238341
-0.831	0.0239604
-0.83	0.0240875
-0.829	0.0242152
-0.828	0.0243435
-0.827	0.0244726
-0.826	0.0246023
-0.825	0.0247327
-0.824	0.0248638
-0.823	0.0249957
-0.822	0.0251282
-0.821	0.0252614
-0.82	0.0253953
-0.819	0.0255299
-0.818	0.0256653
-0.817	0.0258014
-0.816	0.0259381
-0.815	0.0260756
-0.814	0.0262139
-0.813	0.0263529
-0.812	0.0264926
-0.811	0.026633
-0.81	0.0267742
-0.809	0.0269161
-0.808	0.0270588
-0.807	0.0272023
-0.806	0.0273465
-0.805	0.0274915
-0.804	0.0276373
-0.803	0.0277838
-0.802	0.0279311
-0.801	0.0280791
-0.8	0.028228
-0.799	0.0283777
-0.798	0.0285281
-0.797	0.0286794
-0.796	0.0288314
-0.795	0.0289843
-0.794	0.0291379
-0.793	0.0292924
-0.792	0.0294477
-0.791	0.0296038
-0.79	0.0297608
-0.789	0.0299185
-0.788	0.0300772
-0.787	0.0302366
-0.786	0.0303969
-0.785	0.0305581
-0.784	0.0307201
-0.783	0.0308829
-0.782	0.0310466
-0.781	0.0312112
-0.78	0.0313767
-0.779	0.0315431
-0.778	0.0317103
-0.777	0.0318784
-0.776	0.0320474
-0.775	0.0322173
-0.774	0.032388
-0.773	0.0325598
-0.772	0.0327323
-0.771	0.0329059
-0.77	0.0330803
-0.769	0.0332557
-0.768	0.033432
-0.767	0.0336092
-0.766	0.0337874
-0.765	0.0339666
-0.764	0.0341466
-0.763	0.0343276
-0.762	0.0345096
-0.761	0.0346926
-0.76	0.0348765
-0.759	0.0350613
-0.758	0.0352472
-0.757	0.0354341
-0.756	0.0356219
-0.755	0.0358108
-0.754	0.0360006
-0.753	0.0361915
-0.752	0.0363834
-0.751	0.0365762
-0.75	0.0367701
-0.749	0.0369651
-0.748	0.037161
-0.747	0.037358
-0.746	0.0375561
-0.745	0.0377552
-0.744	0.0379553
-0.743	0.0381565
-0.742	0.0383588
-0.741	0.0385622
-0.74	0.0387666
-0.739	0.0389721
-0.738	0.0391787
-0.737	0.0393865
-0.736	0.0395953
-0.735	0.0398052
-0.734	0.0400162
-0.733	0.0402284
-0.732	0.0404416
-0.731	0.040656
-0.73	0.0408715
-0.729	0.0410882
-0.728	0.0413061
-0.727	0.041525
-0.726	0.0417452
-0.725	0.0419665
-0.724	0.0421891
-0.723	0.0424126
-0.722	0.0426375
-0.721	0.0428636
-0.72	0.0430908
-0.719	0.0433193
-0.718	0.0435489
-0.717	0.0437798
-0.716	0.0440119
-0.715	0.0442452
-0.714	0.0444798
-0.713	0.0447156
-0.712	0.0449527
-0.711	0.045191
-0.71	0.0454306
-0.709	0.0456714
-0.708	0.0459135
-0.707	0.0461569
-0.706	0.0464016
-0.705	0.0466476
-0.704	0.0468949
-0.703	0.0471435
-0.702	0.0473935
-0.701	0.0476447
-0.7	0.0478973
-0.699	0.0481512
-0.698	0.0484064
-0.697	0.0486631
-0.696	0.048921
-0.695	0.0491804
-0.694	0.0494411
-0.693	0.0497032
-0.692	0.0499667
-0.691	0.0502316
-0.69	0.0504979
-0.689	0.0507656
-0.688	0.0510347
-0.687	0.0513052
-0.686	0.0515772
-0.685	0.0518506
-0.684	0.0521255
-0.683	0.0524019
-0.682	0.0526796
-0.681	0.0529589
-0.68	0.0532396
-0.679	0.0535219
-0.678	0.0538056
-0.677	0.0540908
-0.676	0.0543776
-0.675	0.0546659
-0.674	0.0549557
-0.673	0.055247
-0.672	0.0555399
-0.671	0.0558343
-0.67	0.0561302
-0.669	0.0564279
-0.668	0.056727
-0.667	0.0570277
-0.666	0.0573301
-0.665	0.057634
-0.664	0.0579395
-0.663	0.0582467
-0.662	0.0585555
-0.661	0.0588659
-0.66	0.059178
-0.659	0.0594918
-0.658	0.0598072
-0.657	0.0601242
-0.656	0.0604429
-0.655	0.0607634
-0.654	0.0610855
-0.653	0.0614094
-0.652	0.0617349
-0.651	0.0620622
-0.65	0.0623912
-0.649	0.062722
-0.648	0.0630546
-0.647	0.0633888
-0.646	0.063725
-0.645	0.0640628
-0.644	0.0644024
-0.643	0.0647438
-0.642	0.065087
-0.641	0.0654322
-0.64	0.065779
-0.639	0.0661277
-0.638	0.0664783
-0.637	0.0668308
-0.636	0.0671851
-0.635	0.0675413
-0.634	0.0678993
-0.633	0.0682594
-0.632	0.0686212
-0.631	0.068985
-0.63	0.0693508
-0.629	0.0697184
-0.628	0.070088
-0.627	0.0704596
-0.626	0.0708331
-0.625	0.0712086
-0.624	0.0715862
-0.623	0.0719656
-0.622	0.0723472
-0.621	0.0727307
-0.62	0.0731163
-0.619	0.0735039
-0.618	0.0738935
-0.617	0.0742853
-0.616	0.074679
-0.615	0.075075
-0.614	0.075473
-0.613	0.0758731
-0.612	0.0762753
-0.611	0.0766797
-0.61	0.0770861
-0.609	0.0774948
-0.608	0.0779056
-0.607	0.0783186
-0.606	0.0787338
-0.605	0.0791512
-0.604	0.0795709
-0.603	0.0799926
-0.602	0.0804166
-0.601	0.0808429
-0.6	0.0812715
-0.599	0.0817023
-0.598	0.0821355
-0.597	0.0825709
-0.596	0.0830086
-0.595	0.0834487
-0.594	0.083891
-0.593	0.0843358
-0.592	0.0847829
-0.591	0.0852324
-0.59	0.0856842
-0.589	0.0861385
-0.588	0.0865951
-0.587	0.0870541
-0.586	0.0875156
-0.585	0.0879796
-0.584	0.088446
-0.583	0.0889149
-0.582	0.0893863
-0.581	0.0898602
-0.58	0.0903366
-0.579	0.0908156
-0.578	0.091297
-0.577	0.091781
-0.576	0.0922675
-0.575	0.0927567
-0.574	0.0932484
-0.573	0.0937428
-0.572	0.0942398
-0.571	0.0947394
-0.57	0.0952417
-0.569	0.0957466
-0.568	0.0962542
-0.567	0.0967645
-0.566	0.0972775
-0.565	0.0977932
-0.564	0.0983117
-0.563	0.0988329
-0.562	0.0993569
-0.561	0.0998835
-0.56	0.100413
-0.559	0.100946
-0.558	0.101481
-0.557	0.102019
-0.556	0.10256
-0.555	0.103103
-0.554	0.10365
-0.553	0.104199
-0.552	0.104752
-0.551	0.105307
-0.55	0.105865
-0.549	0.106427
-0.548	0.106991
-0.547	0.107558
-0.546	0.108128
-0.545	0.108701
-0.544	0.109278
-0.543	0.109857
-0.542	0.11044
-0.541	0.111025
-0.54	0.111614
-0.539	0.112205
-0.538	0.1128
-0.537	0.113398
-0.536	0.113999
-0.535	0.114604
-0.534	0.115211
-0.533	0.115822
-0.532	0.116436
-0.531	0.117053
-0.53	0.117674
-0.529	0.118297
-0.528	0.118925
-0.527	0.119555
-0.526	0.120189
-0.525	0.120826
-0.524	0.121467
-0.523	0.12211
-0.522	0.122758
-0.521	0.123408
-0.52	0.124063
-0.519	0.12472
-0.518	0.125382
-0.517	0.126046
-0.516	0.126714
-0.515	0.127386
-0.514	0.128062
-0.513	0.12874
-0.512	0.129423
-0.511	0.130109
-0.51	0.130799
-0.509	0.131492
-0.508	0.132189
-0.507	0.13289
-0.506	0.133594
-0.505	0.134303
-0.504	0.135015
-0.503	0.135731
-0.502	0.13645
-0.501	0.137174
-0.5	0.137901
-0.499	0.138632
-0.498	0.139367
-0.497	0.140106
-0.496	0.140848
-0.495	0.141595
-0.494	0.142346
-0.493	0.1431
-0.492	0.143859
-0.491	0.144622
-0.49	0.145389
-0.489	0.146159
-0.488	0.146934
-0.487	0.147713
-0.486	0.148496
-0.485	0.149283
-0.484	0.150075
-0.483	0.150871
-0.482	0.15167
-0.481	0.152475
-0.48	0.153283
-0.479	0.154096
-0.478	0.154912
-0.477	0.155734
-0.476	0.156559
-0.475	0.157389
-0.474	0.158224
-0.473	0.159063
-0.472	0.159906
-0.471	0.160754
-0.47	0.161606
-0.469	0.162463
-0.468	0.163324
-0.467	0.16419
-0.466	0.16506
-0.465	0.165935
-0.464	0.166815
-0.463	0.167699
-0.462	0.168588
-0.461	0.169482
-0.46	0.170381
-0.459	0.171284
-0.458	0.172192
-0.457	0.173105
-0.456	0.174022
-0.455	0.174945
-0.454	0.175872
-0.453	0.176805
-0.452	0.177742
-0.451	0.178684
-0.45	0.179631
-0.449	0.180584
-0.448	0.181541
-0.447	0.182503
-0.446	0.183471
-0.445	0.184443
-0.444	0.185421
-0.443	0.186404
-0.442	0.187392
-0.441	0.188386
-0.44	0.189384
-0.439	0.190388
-0.438	0.191398
-0.437	0.192412
-0.436	0.193432
-0.435	0.194458
-0.434	0.195489
-0.433	0.196525
-0.432	0.197567
-0.431	0.198614
-0.43	0.199667
-0.429	0.200726
-0.428	0.20179
-0.427	0.202859
-0.426	0.203935
-0.425	0.205016
-0.424	0.206103
-0.423	0.207196
-0.422	0.208294
-0.421	0.209398
-0.42	0.210508
-0.419	0.211625
-0.418	0.212746
-0.417	0.213874
-0.416	0.215008
-0.415	0.216148
-0.414	0.21734
-0.413	0.218631
-0.412	0.220024
-0.411	0.221517
-0.41	0.223113
-0.409	0.22481
-0.408	0.22661
-0.407	0.228513
-0.406	0.230519
-0.405	0.232627
-0.404	0.234838
-0.403	0.237151
-0.402	0.239565
-0.401	0.242082
-0.4	0.244698
-0.399	0.247415
-0.398	0.250231
-0.397	0.253145
-0.396	0.256156
-0.395	0.259264
-0.394	0.262466
-0.393	0.265761
-0.392	0.269148
-0.391	0.272626
-0.39	0.276193
-0.389	0.279846
-0.388	0.283585
-0.387	0.287407
-0.386	0.29131
-0.385	0.295292
-0.384	0.299351
-0.383	0.303485
-0.382	0.307691
-0.381	0.311967
-0.38	0.316311
-0.379	0.32072
-0.378	0.325191
-0.377	0.329721
-0.376	0.334309
-0.375	0.338951
-0.374	0.343644
-0.373	0.348386
-0.372	0.353174
-0.371	0.358004
-0.37	0.362875
-0.369	0.367782
-0.368	0.372722
-0.367	0.377693
-0.366	0.382693
-0.365	0.387716
-0.364	0.392795
-0.363	0.397962
-0.362	0.403214
-0.361	0.408543
-0.36	0.413949
-0.359	0.419425
-0.358	0.424966
-0.357	0.430569
-0.356	0.436228
-0.355	0.44194
-0.354	0.447698
-0.353	0.4535
-0.352	0.459338
-0.351	0.465209
-0.35	0.471108
-0.349	0.477031
-0.348	0.482972
-0.347	0.488925
-0.346	0.494887
-0.345	0.500852
-0.344	0.506815
-0.343	0.512772
-0.342	0.518718
-0.341	0.524646
-0.34	0.530553
-0.339	0.536434
-0.338	0.542283
-0.337	0.548098
-0.336	0.553869
-0.335	0.559596
-0.334	0.565272
-0.333	0.570894
-0.332	0.576454
-0.331	0.581951
-0.33	0.58738
-0.329	0.592734
-0.328	0.59801
-0.327	0.603204
-0.326	0.608312
-0.325	0.613328
-0.324	0.61825
-0.323	0.623073
-0.322	0.627792
-0.321	0.632406
-0.32	0.636908
-0.319	0.641295
-0.318	0.645565
-0.317	0.649713
-0.316	0.653737
-0.315	0.657631
-0.314	0.661395
-0.313	0.665023
-0.312	0.668516
-0.311	0.671867
-0.31	0.675076
-0.309	0.678137
-0.308	0.681052
-0.307	0.683816
-0.306	0.686427
-0.305	0.688886
-0.304	0.691184
-0.303	0.693327
-0.302	0.695307
-0.301	0.697128
-0.3	0.698783
-0.299	0.700274
-0.298	0.701601
-0.297	0.70276
-0.296	0.703752
-0.295	0.704576
-0.294	0.705231
-0.293	0.705717
-0.292	0.706032
-0.291	0.706179
-0.29	0.706156
-0.289	0.705964
-0.288	0.705602
-0.287	0.705073
-0.286	0.704373
-0.285	0.703508
-0.284	0.702476
-0.283	0.701278
-0.282	0.699916
-0.281	0.69839
-0.28	0.696705
-0.279	0.694858
-0.278	0.692853
-0.277	0.690691
-0.276	0.688375
-0.275	0.685907
-0.274	0.683289
-0.273	0.680522
-0.272	0.67761
-0.271	0.674557
-0.27	0.671362
-0.269	0.668031
-0.268	0.664565
-0.267	0.660969
-0.266	0.657245
-0.265	0.653395
-0.264	0.649427
-0.263	0.64534
-0.262	0.641138
-0.261	0.636827
-0.26	0.63241
-0.259	0.627888
-0.258	0.62327
-0.257	0.618557
-0.256	0.613753
-0.255	0.608865
-0.254	0.603892
-0.253	0.598845
-0.252	0.593723
-0.251	0.588534
-0.25	0.58328
-0.249	0.577966
-0.248	0.5726
-0.247	0.567182
-0.246	0.56172
-0.245	0.556217
-0.244	0.550679
-0.243	0.54511
-0.242	0.539516
-0.241	0.533901
-0.24	0.528269
-0.239	0.522628
-0.238	0.51698
-0.237	0.511331
-0.236	0.505686
-0.235	0.50005
-0.234	0.494427
-0.233	0.488824
-0.232	0.483244
-0.231	0.477692
-0.23	0.472175
-0.229	0.466694
-0.228	0.461258
-0.227	0.455869
-0.226	0.450533
-0.225	0.445254
-0.224	0.440037
-0.223	0.434887
-0.222	0.429807
-0.221	0.424803
-0.22	0.419879
-0.219	0.41504
-0.218	0.410288
-0.217	0.40563
-0.216	0.401068
-0.215	0.396608
-0.214	0.392251
-0.213	0.388004
-0.212	0.383869
-0.211	0.379851
-0.21	0.375951
-0.209	0.372175
-0.208	0.368526
-0.207	0.365005
-0.206	0.361618
-0.205	0.358367
-0.204	0.355255
-0.203	0.352284
-0.202	0.349457
-0.201	0.346777
-0.2	0.344247
-0.199	0.341868
-0.198	0.339642
-0.197	0.337573
-0.196	0.335662
-0.195	0.333908
-0.194	0.332318
-0.193	0.330888
-0.192	0.329624
-0.191	0.328524
-0.19	0.32759
-0.189	0.326824
-0.188	0.326225
-0.187	0.325795
-0.186	0.325534
-0.185	0.325443
-0.184	0.325521
-0.183	0.325769
-0.182	0.326186
-0.181	0.326774
-0.18	0.327529
-0.179	0.328455
-0.178	0.329547
-0.177	0.330807
-0.176	0.332233
-0.175	0.333825
-0.174	0.33558
-0.173	0.337497
-0.172	0.339576
-0.171	0.341813
-0.17	0.34421
-0.169	0.346761
-0.168	0.349466
-0.167	0.352324
-0.166	0.35533
-0.165	0.358483
-0.164	0.36178
-0.163	0.365219
-0.162	0.368798
-0.161	0.37251
-0.16	0.376358
-0.159	0.380334
-0.158	0.384437
-0.157	0.388662
-0.156	0.393009
-0.155	0.39747
-0.154	0.402046
-0.153	0.406728
-0.152	0.411516
-0.151	0.416405
-0.15	0.42139
-0.149	0.426469
-0.148	0.431635
-0.147	0.436889
-0.146	0.442218
-0.145	0.447626
-0.144	0.453104
-0.143	0.458649
-0.142	0.464255
-0.141	0.469919
-0.14	0.475636
-0.139	0.481401
-0.138	0.487209
-0.137	0.493055
-0.136	0.498934
-0.135	0.504842
-0.134	0.510775
-0.133	0.516725
-0.132	0.52269
-0.131	0.528663
-0.13	0.534642
-0.129	0.540618
-0.128	0.546589
-0.127	0.552549
-0.126	0.558493
-0.125	0.564417
-0.124	0.570315
-0.123	0.576181
-0.122	0.582014
-0.121	0.587805
-0.12	0.593552
-0.119	0.599248
-0.118	0.604892
-0.117	0.610475
-0.116	0.615994
-0.115	0.621446
-0.114	0.626823
-0.113	0.632126
-0.112	0.637343
-0.111	0.642478
-0.11	0.647521
-0.109	0.65247
-0.108	0.65732
-0.107	0.662068
-0.106	0.666711
-0.105	0.671242
-0.104	0.67566
-0.103	0.679959
-0.102	0.684139
-0.101	0.688194
-0.1	0.69212
