-4	2.11754e-017
-3.999	2.12553e-017
-3.998	2.13309e-017
-3.997	2.14023e-017
-3.996	2.14694e-017
-3.995	2.15322e-017
-3.994	2.15906e-017
-3.993	2.16447e-017
-3.992	2.16943e-017
-3.991	2.17394e-017
-3.99	2.17801e-017
-3.989	2.18163e-017
-3.988	2.1848e-017
-3.987	2.18751e-017
-3.986	2.18978e-017
-3.985	2.19158e-017
-3.984	2.19293e-017
-3.983	2.19382e-017
-3.982	2.19425e-017
-3.981	2.19422e-017
-3.98	2.19375e-017
-3.979	2.1928e-017
-3.978	2.1914e-017
-3.977	2.18954e-017
-3.976	2.18722e-017
-3.975	2.18445e-017
-3.974	2.18123e-017
-3.973	2.17755e-017
-3.972	2.17343e-017
-3.971	2.16885e-017
-3.97	2.16383e-017
-3.969	2.15837e-017
-3.968	2.15247e-017
-3.967	2.14613e-017
-3.966	2.13937e-017
-3.965	2.13217e-017
-3.964	2.12455e-017
-3.963	2.11651e-017
-3.962	2.10805e-017
-3.961	2.09918e-017
-3.96	2.08991e-017
-3.959	2.08025e-017
-3.958	2.07019e-017
-3.957	2.05974e-017
-3.956	2.04892e-017
-3.955	2.03772e-017
-3.954	2.02616e-017
-3.953	2.01423e-017
-3.952	2.00196e-017
-3.951	1.98934e-017
-3.95	1.97639e-017
-3.949	1.96311e-017
-3.948	1.94952e-017
-3.947	1.93562e-017
-3.946	1.92142e-017
-3.945	1.90693e-017
-3.944	1.89216e-017
-3.943	1.87713e-017
-3.942	1.86183e-017
-3.941	1.84629e-017
-3.94	1.83052e-017
-3.939	1.81451e-017
-3.938	1.7983e-017
-3.937	1.78189e-017
-3.936	1.76529e-017
-3.935	1.74851e-017
-3.934	1.73157e-017
-3.933	1.71448e-017
-3.932	1.69724e-017
-3.931	1.67989e-017
-3.93	1.66242e-017
-3.929	1.64486e-017
-3.928	1.62722e-017
-3.927	1.60951e-017
-3.926	1.59175e-017
-3.925	1.57395e-017
-3.924	1.55613e-017
-3.923	1.5383e-017
-3.922	1.52048e-017
-3.921	1.50269e-017
-3.92	1.48493e-017
-3.919	1.46723e-017
-3.918	1.44961e-017
-3.917	1.43207e-017
-3.916	1.41464e-017
-3.915	1.39733e-017
-3.914	1.38017e-017
-3.913	1.36316e-017
-3.912	1.34633e-017
-3.911	1.32968e-017
-3.91	1.31326e-017
-3.909	1.29706e-017
-3.908	1.2811e-017
-3.907	1.26541e-017
-3.906	1.25e-017
-3.905	1.2349e-017
-3.904	1.22012e-017
-3.903	1.20567e-017
-3.902	1.19158e-017
-3.901	1.17787e-017
-3.9	1.16455e-017
-3.899	1.15164e-017
-3.898	1.13917e-017
-3.897	1.12715e-017
-3.896	1.1156e-017
-3.895	1.10454e-017
-3.894	1.09399e-017
-3.893	1.08397e-017
-3.892	1.07449e-017
-3.891	1.06558e-017
-3.89	1.05725e-017
-3.889	1.04953e-017
-3.888	1.04243e-017
-3.887	1.03597e-017
-3.886	1.03018e-017
-3.885	1.02506e-017
-3.884	1.02065e-017
-3.883	1.01695e-017
-3.882	1.01399e-017
-3.881	1.01178e-017
-3.88	1.01034e-017
-3.879	1.0097e-017
-3.878	1.00986e-017
-3.877	1.01085e-017
-3.876	1.01269e-017
-3.875	1.01539e-017
-3.874	1.01896e-017
-3.873	1.02344e-017
-3.872	1.02883e-017
-3.871	1.03515e-017
-3.87	1.04242e-017
-3.869	1.05066e-017
-3.868	1.05987e-017
-3.867	1.07009e-017
-3.866	1.08131e-017
-3.865	1.09356e-017
-3.864	1.10685e-017
-3.863	1.1212e-017
-3.862	1.13663e-017
-3.861	1.15314e-017
-3.86	1.17074e-017
-3.859	1.18947e-017
-3.858	1.20932e-017
-3.857	1.23031e-017
-3.856	1.25245e-017
-3.855	1.27575e-017
-3.854	1.30023e-017
-3.853	1.3259e-017
-3.852	1.35276e-017
-3.851	1.38084e-017
-3.85	1.41013e-017
-3.849	1.44065e-017
-3.848	1.4724e-017
-3.847	1.5054e-017
-3.846	1.53966e-017
-3.845	1.57518e-017
-3.844	1.61196e-017
-3.843	1.65002e-017
-3.842	1.68936e-017
-3.841	1.73e-017
-3.84	1.77192e-017
-3.839	1.81513e-017
-3.838	1.85966e-017
-3.837	1.90549e-017
-3.836	1.95262e-017
-3.835	2.00106e-017
-3.834	2.05082e-017
-3.833	2.10189e-017
-3.832	2.15427e-017
-3.831	2.20797e-017
-3.83	2.26298e-017
-3.829	2.31931e-017
-3.828	2.37694e-017
-3.827	2.43589e-017
-3.826	2.49613e-017
-3.825	2.55769e-017
-3.824	2.62054e-017
-3.823	2.68467e-017
-3.822	2.7501e-017
-3.821	2.81681e-017
-3.82	2.8848e-017
-3.819	2.95406e-017
-3.818	3.02457e-017
-3.817	3.09633e-017
-3.816	3.16934e-017
-3.815	3.24357e-017
-3.814	3.31902e-017
-3.813	3.39568e-017
-3.812	3.47353e-017
-3.811	3.55257e-017
-3.81	3.63278e-017
-3.809	3.71415e-017
-3.808	3.79665e-017
-3.807	3.88029e-017
-3.806	3.96502e-017
-3.805	4.05086e-017
-3.804	4.13776e-017
-3.803	4.22572e-017
-3.802	4.31472e-017
-3.801	4.40473e-017
-3.8	4.49575e-017
-3.799	4.58775e-017
-3.798	4.68068e-017
-3.797	4.77457e-017
-3.796	4.86936e-017
-3.795	4.96504e-017
-3.794	5.06157e-017
-3.793	5.15894e-017
-3.792	5.25714e-017
-3.791	5.35611e-017
-3.79	5.45583e-017
-3.789	5.55629e-017
-3.788	5.65746e-017
-3.787	5.7593e-017
-3.786	5.86179e-017
-3.785	5.9649e-017
-3.784	6.0686e-017
-3.783	6.17286e-017
-3.782	6.27762e-017
-3.781	6.38288e-017
-3.78	6.48862e-017
-3.779	6.59477e-017
-3.778	6.70132e-017
-3.777	6.80824e-017
-3.776	6.91547e-017
-3.775	7.02301e-017
-3.774	7.13079e-017
-3.773	7.23879e-017
-3.772	7.34698e-017
-3.771	7.45532e-017
-3.77	7.56377e-017
-3.769	7.6723e-017
-3.768	7.78087e-017
-3.767	7.88943e-017
-3.766	7.99794e-017
-3.765	8.10638e-017
-3.764	8.21471e-017
-3.763	8.32286e-017
-3.762	8.43085e-017
-3.761	8.5386e-017
-3.76	8.64606e-017
-3.759	8.7532e-017
-3.758	8.86e-017
-3.757	8.9664e-017
-3.756	9.07237e-017
-3.755	9.17787e-017
-3.754	9.28285e-017
-3.753	9.38725e-017
-3.752	9.49108e-017
-3.751	9.59428e-017
-3.75	9.69677e-017
-3.749	9.79853e-017
-3.748	9.89957e-017
-3.747	9.99977e-017
-3.746	1.00991e-016
-3.745	1.01977e-016
-3.744	1.02952e-016
-3.743	1.03918e-016
-3.742	1.04874e-016
-3.741	1.0582e-016
-3.74	1.06755e-016
-3.739	1.07679e-016
-3.738	1.08591e-016
-3.737	1.0949e-016
-3.736	1.10378e-016
-3.735	1.11253e-016
-3.734	1.12115e-016
-3.733	1.12963e-016
-3.732	1.13798e-016
-3.731	1.14618e-016
-3.73	1.15423e-016
-3.729	1.16214e-016
-3.728	1.1699e-016
-3.727	1.1775e-016
-3.726	1.18494e-016
-3.725	1.19221e-016
-3.724	1.19932e-016
-3.723	1.20626e-016
-3.722	1.21303e-016
-3.721	1.21963e-016
-3.72	1.22604e-016
-3.719	1.23228e-016
-3.718	1.23833e-016
-3.717	1.24419e-016
-3.716	1.24987e-016
-3.715	1.25535e-016
-3.714	1.26065e-016
-3.713	1.26574e-016
-3.712	1.27063e-016
-3.711	1.27533e-016
-3.71	1.27982e-016
-3.709	1.28411e-016
-3.708	1.28819e-016
-3.707	1.29207e-016
-3.706	1.29573e-016
-3.705	1.29918e-016
-3.704	1.30242e-016
-3.703	1.30545e-016
-3.702	1.30826e-016
-3.701	1.31085e-016
-3.7	1.31323e-016
-3.699	1.31539e-016
-3.698	1.31734e-016
-3.697	1.31906e-016
-3.696	1.32057e-016
-3.695	1.32185e-016
-3.694	1.32292e-016
-3.693	1.32377e-016
-3.692	1.32439e-016
-3.691	1.3248e-016
-3.69	1.325e-016
-3.689	1.32497e-016
-3.688	1.32472e-016
-3.687	1.32426e-016
-3.686	1.32358e-016
-3.685	1.32269e-016
-3.684	1.32159e-016
-3.683	1.32028e-016
-3.682	1.31875e-016
-3.681	1.31702e-016
-3.68	1.31509e-016
-3.679	1.31295e-016
-3.678	1.31061e-016
-3.677	1.30807e-016
-3.676	1.30533e-016
-3.675	1.3024e-016
-3.674	1.29928e-016
-3.673	1.29597e-016
-3.672	1.29248e-016
-3.671	1.2888e-016
-3.67	1.28495e-016
-3.669	1.28093e-016
-3.668	1.27673e-016
-3.667	1.27237e-016
-3.666	1.26785e-016
-3.665	1.26317e-016
-3.664	1.25834e-016
-3.663	1.25336e-016
-3.662	1.24823e-016
-3.661	1.24297e-016
-3.66	1.23757e-016
-3.659	1.23205e-016
-3.658	1.2264e-016
-3.657	1.22064e-016
-3.656	1.21477e-016
-3.655	1.20879e-016
-3.654	1.2027e-016
-3.653	1.19653e-016
-3.652	1.19028e-016
-3.651	1.18394e-016
-3.65	1.17752e-016
-3.649	1.17104e-016
-3.648	1.16451e-016
-3.647	1.15792e-016
-3.646	1.15128e-016
-3.645	1.1446e-016
-3.644	1.1379e-016
-3.643	1.13117e-016
-3.642	1.12443e-016
-3.641	1.11767e-016
-3.64	1.11092e-016
-3.639	1.10418e-016
-3.638	1.09745e-016
-3.637	1.09075e-016
-3.636	1.08409e-016
-3.635	1.07746e-016
-3.634	1.07089e-016
-3.633	1.06437e-016
-3.632	1.05792e-016
-3.631	1.05156e-016
-3.63	1.04527e-016
-3.629	1.03909e-016
-3.628	1.033e-016
-3.627	1.02703e-016
-3.626	1.02119e-016
-3.625	1.01547e-016
-3.624	1.0099e-016
-3.623	1.00448e-016
-3.622	9.99219e-017
-3.621	9.9413e-017
-3.62	9.89222e-017
-3.619	9.84506e-017
-3.618	9.79988e-017
-3.617	9.75682e-017
-3.616	9.71593e-017
-3.615	9.67734e-017
-3.614	9.64113e-017
-3.613	9.60743e-017
-3.612	9.57632e-017
-3.611	9.5479e-017
-3.61	9.52227e-017
-3.609	9.49955e-017
-3.608	9.47978e-017
-3.607	9.46311e-017
-3.606	9.44963e-017
-3.605	9.43942e-017
-3.604	9.43262e-017
-3.603	9.42926e-017
-3.602	9.4295e-017
-3.601	9.43341e-017
-3.6	9.4411e-017
-3.599	9.45263e-017
-3.598	9.46813e-017
-3.597	9.48767e-017
-3.596	9.51136e-017
-3.595	9.53928e-017
-3.594	9.57154e-017
-3.593	9.60819e-017
-3.592	9.64937e-017
-3.591	9.69515e-017
-3.59	9.74561e-017
-3.589	9.80085e-017
-3.588	9.86092e-017
-3.587	9.92594e-017
-3.586	9.99596e-017
-3.585	1.00711e-016
-3.584	1.01514e-016
-3.583	1.0237e-016
-3.582	1.03279e-016
-3.581	1.04242e-016
-3.58	1.05259e-016
-3.579	1.06333e-016
-3.578	1.07462e-016
-3.577	1.08648e-016
-3.576	1.09892e-016
-3.575	1.11194e-016
-3.574	1.12554e-016
-3.573	1.13974e-016
-3.572	1.15454e-016
-3.571	1.16994e-016
-3.57	1.18595e-016
-3.569	1.20258e-016
-3.568	1.21982e-016
-3.567	1.23769e-016
-3.566	1.25618e-016
-3.565	1.27531e-016
-3.564	1.29507e-016
-3.563	1.31547e-016
-3.562	1.33651e-016
-3.561	1.3582e-016
-3.56	1.38054e-016
-3.559	1.40352e-016
-3.558	1.42715e-016
-3.557	1.45144e-016
-3.556	1.47639e-016
-3.555	1.502e-016
-3.554	1.52826e-016
-3.553	1.55518e-016
-3.552	1.58275e-016
-3.551	1.61098e-016
-3.55	1.63987e-016
-3.549	1.66942e-016
-3.548	1.69963e-016
-3.547	1.73049e-016
-3.546	1.76201e-016
-3.545	1.79417e-016
-3.544	1.82698e-016
-3.543	1.86044e-016
-3.542	1.89455e-016
-3.541	1.92929e-016
-3.54	1.96468e-016
-3.539	2.00069e-016
-3.538	2.03733e-016
-3.537	2.07459e-016
-3.536	2.11247e-016
-3.535	2.15097e-016
-3.534	2.19008e-016
-3.533	2.22978e-016
-3.532	2.27009e-016
-3.531	2.31098e-016
-3.53	2.35245e-016
-3.529	2.3945e-016
-3.528	2.43711e-016
-3.527	2.48028e-016
-3.526	2.524e-016
-3.525	2.56827e-016
-3.524	2.61305e-016
-3.523	2.65837e-016
-3.522	2.7042e-016
-3.521	2.75054e-016
-3.52	2.79736e-016
-3.519	2.84466e-016
-3.518	2.89245e-016
-3.517	2.94067e-016
-3.516	2.98936e-016
-3.515	3.03848e-016
-3.514	3.08802e-016
-3.513	3.13797e-016
-3.512	3.18831e-016
-3.511	3.23904e-016
-3.51	3.29015e-016
-3.509	3.3416e-016
-3.508	3.3934e-016
-3.507	3.44554e-016
-3.506	3.49798e-016
-3.505	3.55071e-016
-3.504	3.60373e-016
-3.503	3.65702e-016
-3.502	3.71056e-016
-3.501	3.76433e-016
-3.5	3.81832e-016
-3.499	3.87252e-016
-3.498	3.92691e-016
-3.497	3.98146e-016
-3.496	4.03617e-016
-3.495	4.091e-016
-3.494	4.14597e-016
-3.493	4.20102e-016
-3.492	4.25614e-016
-3.491	4.31134e-016
-3.49	4.36659e-016
-3.489	4.42186e-016
-3.488	4.47714e-016
-3.487	4.5324e-016
-3.486	4.58762e-016
-3.485	4.64281e-016
-3.484	4.69793e-016
-3.483	4.75296e-016
-3.482	4.80788e-016
-3.481	4.86268e-016
-3.48	4.91732e-016
-3.479	4.9718e-016
-3.478	5.02611e-016
-3.477	5.0802e-016
-3.476	5.13406e-016
-3.475	5.18769e-016
-3.474	5.24105e-016
-3.473	5.29413e-016
-3.472	5.34691e-016
-3.471	5.39936e-016
-3.47	5.45146e-016
-3.469	5.50321e-016
-3.468	5.55457e-016
-3.467	5.60553e-016
-3.466	5.65608e-016
-3.465	5.70618e-016
-3.464	5.75582e-016
-3.463	5.80497e-016
-3.462	5.85365e-016
-3.461	5.90179e-016
-3.46	5.9494e-016
-3.459	5.99646e-016
-3.458	6.04295e-016
-3.457	6.08884e-016
-3.456	6.13413e-016
-3.455	6.17879e-016
-3.454	6.22281e-016
-3.453	6.26617e-016
-3.452	6.30884e-016
-3.451	6.35082e-016
-3.45	6.3921e-016
-3.449	6.43264e-016
-3.448	6.47244e-016
-3.447	6.51148e-016
-3.446	6.54975e-016
-3.445	6.58722e-016
-3.444	6.62388e-016
-3.443	6.65974e-016
-3.442	6.69476e-016
-3.441	6.72892e-016
-3.44	6.76224e-016
-3.439	6.79467e-016
-3.438	6.82622e-016
-3.437	6.85688e-016
-3.436	6.88663e-016
-3.435	6.91546e-016
-3.434	6.94335e-016
-3.433	6.9703e-016
-3.432	6.99632e-016
-3.431	7.02136e-016
-3.43	7.04544e-016
-3.429	7.06854e-016
-3.428	7.09065e-016
-3.427	7.11177e-016
-3.426	7.13191e-016
-3.425	7.15104e-016
-3.424	7.16914e-016
-3.423	7.18624e-016
-3.422	7.20233e-016
-3.421	7.21737e-016
-3.42	7.23139e-016
-3.419	7.2444e-016
-3.418	7.25637e-016
-3.417	7.2673e-016
-3.416	7.27721e-016
-3.415	7.28607e-016
-3.414	7.29391e-016
-3.413	7.30072e-016
-3.412	7.30649e-016
-3.411	7.31124e-016
-3.41	7.31494e-016
-3.409	7.31765e-016
-3.408	7.31935e-016
-3.407	7.31999e-016
-3.406	7.31967e-016
-3.405	7.31833e-016
-3.404	7.316e-016
-3.403	7.31267e-016
-3.402	7.30838e-016
-3.401	7.30311e-016
-3.4	7.29689e-016
-3.399	7.28973e-016
-3.398	7.28162e-016
-3.397	7.27258e-016
-3.396	7.26265e-016
-3.395	7.2518e-016
-3.394	7.24007e-016
-3.393	7.22747e-016
-3.392	7.21401e-016
-3.391	7.19971e-016
-3.39	7.18459e-016
-3.389	7.16868e-016
-3.388	7.15195e-016
-3.387	7.13448e-016
-3.386	7.11624e-016
-3.385	7.09728e-016
-3.384	7.07761e-016
-3.383	7.05726e-016
-3.382	7.03624e-016
-3.381	7.01456e-016
-3.38	6.99227e-016
-3.379	6.96939e-016
-3.378	6.94594e-016
-3.377	6.92194e-016
-3.376	6.89743e-016
-3.375	6.8724e-016
-3.374	6.84694e-016
-3.373	6.82102e-016
-3.372	6.7947e-016
-3.371	6.76799e-016
-3.37	6.74092e-016
-3.369	6.71355e-016
-3.368	6.68586e-016
-3.367	6.65792e-016
-3.366	6.62977e-016
-3.365	6.60141e-016
-3.364	6.57288e-016
-3.363	6.54422e-016
-3.362	6.51548e-016
-3.361	6.48666e-016
-3.36	6.45781e-016
-3.359	6.42897e-016
-3.358	6.40016e-016
-3.357	6.37143e-016
-3.356	6.34282e-016
-3.355	6.31437e-016
-3.354	6.28609e-016
-3.353	6.25804e-016
-3.352	6.23025e-016
-3.351	6.20275e-016
-3.35	6.17558e-016
-3.349	6.14879e-016
-3.348	6.12241e-016
-3.347	6.0965e-016
-3.346	6.07107e-016
-3.345	6.04617e-016
-3.344	6.02186e-016
-3.343	5.99812e-016
-3.342	5.97505e-016
-3.341	5.95267e-016
-3.34	5.93101e-016
-3.339	5.91013e-016
-3.338	5.89006e-016
-3.337	5.87083e-016
-3.336	5.8525e-016
-3.335	5.8351e-016
-3.334	5.81864e-016
-3.333	5.80321e-016
-3.332	5.78883e-016
-3.331	5.77553e-016
-3.33	5.76335e-016
-3.329	5.75236e-016
-3.328	5.74257e-016
-3.327	5.73403e-016
-3.326	5.72677e-016
-3.325	5.72084e-016
-3.324	5.71627e-016
-3.323	5.7131e-016
-3.322	5.71137e-016
-3.321	5.71112e-016
-3.32	5.71238e-016
-3.319	5.7152e-016
-3.318	5.7196e-016
-3.317	5.72562e-016
-3.316	5.73331e-016
-3.315	5.74268e-016
-3.314	5.7538e-016
-3.313	5.76669e-016
-3.312	5.78136e-016
-3.311	5.79786e-016
-3.31	5.81623e-016
-3.309	5.8365e-016
-3.308	5.85868e-016
-3.307	5.88284e-016
-3.306	5.90899e-016
-3.305	5.93715e-016
-3.304	5.96735e-016
-3.303	5.99964e-016
-3.302	6.03402e-016
-3.301	6.07052e-016
-3.3	6.10921e-016
-3.299	6.15004e-016
-3.298	6.19309e-016
-3.297	6.23837e-016
-3.296	6.2859e-016
-3.295	6.33571e-016
-3.294	6.38779e-016
-3.293	6.44219e-016
-3.292	6.49892e-016
-3.291	6.55801e-016
-3.29	6.61945e-016
-3.289	6.68328e-016
-3.288	6.7495e-016
-3.287	6.81814e-016
-3.286	6.88919e-016
-3.285	6.96267e-016
-3.284	7.0386e-016
-3.283	7.117e-016
-3.282	7.19784e-016
-3.281	7.28117e-016
-3.28	7.36695e-016
-3.279	7.45523e-016
-3.278	7.546e-016
-3.277	7.63925e-016
-3.276	7.73498e-016
-3.275	7.83321e-016
-3.274	7.93393e-016
-3.273	8.03714e-016
-3.272	8.14284e-016
-3.271	8.25099e-016
-3.27	8.36164e-016
-3.269	8.47476e-016
-3.268	8.59032e-016
-3.267	8.70835e-016
-3.266	8.82878e-016
-3.265	8.95169e-016
-3.264	9.07698e-016
-3.263	9.20468e-016
-3.262	9.33477e-016
-3.261	9.46721e-016
-3.26	9.60201e-016
-3.259	9.73913e-016
-3.258	9.87856e-016
-3.257	1.00203e-015
-3.256	1.01643e-015
-3.255	1.03105e-015
-3.254	1.04589e-015
-3.253	1.06095e-015
-3.252	1.07623e-015
-3.251	1.09172e-015
-3.25	1.10742e-015
-3.249	1.12333e-015
-3.248	1.13944e-015
-3.247	1.15575e-015
-3.246	1.17225e-015
-3.245	1.18895e-015
-3.244	1.20584e-015
-3.243	1.22291e-015
-3.242	1.24016e-015
-3.241	1.25759e-015
-3.24	1.27519e-015
-3.239	1.29296e-015
-3.238	1.31088e-015
-3.237	1.32897e-015
-3.236	1.34722e-015
-3.235	1.36561e-015
-3.234	1.38415e-015
-3.233	1.40283e-015
-3.232	1.42164e-015
-3.231	1.44058e-015
-3.23	1.45964e-015
-3.229	1.47882e-015
-3.228	1.49811e-015
-3.227	1.51751e-015
-3.226	1.53702e-015
-3.225	1.55661e-015
-3.224	1.5763e-015
-3.223	1.59607e-015
-3.222	1.61592e-015
-3.221	1.63584e-015
-3.22	1.65582e-015
-3.219	1.67587e-015
-3.218	1.69596e-015
-3.217	1.71611e-015
-3.216	1.73629e-015
-3.215	1.75651e-015
-3.214	1.77675e-015
-3.213	1.79701e-015
-3.212	1.81729e-015
-3.211	1.83758e-015
-3.21	1.85787e-015
-3.209	1.87815e-015
-3.208	1.89841e-015
-3.207	1.91866e-015
-3.206	1.93888e-015
-3.205	1.95906e-015
-3.204	1.97921e-015
-3.203	1.99931e-015
-3.202	2.01935e-015
-3.201	2.03933e-015
-3.2	2.05925e-015
-3.199	2.07908e-015
-3.198	2.09884e-015
-3.197	2.1185e-015
-3.196	2.13808e-015
-3.195	2.15754e-015
-3.194	2.1769e-015
-3.193	2.19614e-015
-3.192	2.21525e-015
-3.191	2.23424e-015
-3.19	2.25309e-015
-3.189	2.27179e-015
-3.188	2.29034e-015
-3.187	2.30873e-015
-3.186	2.32697e-015
-3.185	2.34502e-015
-3.184	2.3629e-015
-3.183	2.38061e-015
-3.182	2.39811e-015
-3.181	2.41542e-015
-3.18	2.43253e-015
-3.179	2.44943e-015
-3.178	2.46611e-015
-3.177	2.48257e-015
-3.176	2.4988e-015
-3.175	2.5148e-015
-3.174	2.53057e-015
-3.173	2.54608e-015
-3.172	2.56135e-015
-3.171	2.57636e-015
-3.17	2.59111e-015
-3.169	2.6056e-015
-3.168	2.61981e-015
-3.167	2.63375e-015
-3.166	2.6474e-015
-3.165	2.66077e-015
-3.164	2.67385e-015
-3.163	2.68663e-015
-3.162	2.69912e-015
-3.161	2.7113e-015
-3.16	2.72317e-015
-3.159	2.73474e-015
-3.158	2.74598e-015
-3.157	2.75691e-015
-3.156	2.76752e-015
-3.155	2.77779e-015
-3.154	2.78774e-015
-3.153	2.79737e-015
-3.152	2.80665e-015
-3.151	2.8156e-015
-3.15	2.82421e-015
-3.149	2.83248e-015
-3.148	2.8404e-015
-3.147	2.84798e-015
-3.146	2.85521e-015
-3.145	2.8621e-015
-3.144	2.86863e-015
-3.143	2.87482e-015
-3.142	2.88065e-015
-3.141	2.88613e-015
-3.14	2.89125e-015
-3.139	2.89602e-015
-3.138	2.90044e-015
-3.137	2.9045e-015
-3.136	2.90822e-015
-3.135	2.91158e-015
-3.134	2.91458e-015
-3.133	2.91724e-015
-3.132	2.91955e-015
-3.131	2.92151e-015
-3.13	2.92312e-015
-3.129	2.92439e-015
-3.128	2.92531e-015
-3.127	2.9259e-015
-3.126	2.92614e-015
-3.125	2.92605e-015
-3.124	2.92562e-015
-3.123	2.92487e-015
-3.122	2.92379e-015
-3.121	2.92238e-015
-3.12	2.92066e-015
-3.119	2.91862e-015
-3.118	2.91627e-015
-3.117	2.91361e-015
-3.116	2.91065e-015
-3.115	2.9074e-015
-3.114	2.90384e-015
-3.113	2.90001e-015
-3.112	2.89588e-015
-3.111	2.89149e-015
-3.11	2.88682e-015
-3.109	2.88189e-015
-3.108	2.8767e-015
-3.107	2.87125e-015
-3.106	2.86557e-015
-3.105	2.85964e-015
-3.104	2.85348e-015
-3.103	2.8471e-015
-3.102	2.8405e-015
-3.101	2.83369e-015
-3.1	2.82668e-015
-3.099	2.81948e-015
-3.098	2.81209e-015
-3.097	2.80452e-015
-3.096	2.79678e-015
-3.095	2.78888e-015
-3.094	2.78084e-015
-3.093	2.77264e-015
-3.092	2.76432e-015
-3.091	2.75587e-015
-3.09	2.74731e-015
-3.089	2.73864e-015
-3.088	2.72988e-015
-3.087	2.72103e-015
-3.086	2.71211e-015
-3.085	2.70311e-015
-3.084	2.69406e-015
-3.083	2.68498e-015
-3.082	2.67585e-015
-3.081	2.6667e-015
-3.08	2.65754e-015
-3.079	2.64837e-015
-3.078	2.63922e-015
-3.077	2.63008e-015
-3.076	2.62098e-015
-3.075	2.61191e-015
-3.074	2.6029e-015
-3.073	2.59395e-015
-3.072	2.58508e-015
-3.071	2.57629e-015
-3.07	2.56761e-015
-3.069	2.55903e-015
-3.068	2.55057e-015
-3.067	2.54225e-015
-3.066	2.53407e-015
-3.065	2.52605e-015
-3.064	2.5182e-015
-3.063	2.51051e-015
-3.062	2.50303e-015
-3.061	2.49575e-015
-3.06	2.48868e-015
-3.059	2.48184e-015
-3.058	2.47525e-015
-3.057	2.46889e-015
-3.056	2.46279e-015
-3.055	2.45697e-015
-3.054	2.45144e-015
-3.053	2.4462e-015
-3.052	2.44127e-015
-3.051	2.43665e-015
-3.05	2.43236e-015
-3.049	2.42842e-015
-3.048	2.42482e-015
-3.047	2.42159e-015
-3.046	2.41873e-015
-3.045	2.41626e-015
-3.044	2.41414e-015
-3.043	2.41255e-015
-3.042	2.41185e-015
-3.041	2.41247e-015
-3.04	2.41485e-015
-3.039	2.41952e-015
-3.038	2.42701e-015
-3.037	2.43794e-015
-3.036	2.45293e-015
-3.035	2.47271e-015
-3.034	2.49802e-015
-3.033	2.52965e-015
-3.032	2.56849e-015
-3.031	2.61543e-015
-3.03	2.67148e-015
-3.029	2.73764e-015
-3.028	2.81504e-015
-3.027	2.90482e-015
-3.026	3.00823e-015
-3.025	3.12657e-015
-3.024	3.26121e-015
-3.023	3.41358e-015
-3.022	3.58522e-015
-3.021	3.77771e-015
-3.02	3.99275e-015
-3.019	4.23208e-015
-3.018	4.49753e-015
-3.017	4.79105e-015
-3.016	5.11462e-015
-3.015	5.47037e-015
-3.014	5.86048e-015
-3.013	6.28724e-015
-3.012	6.75301e-015
-3.011	7.26025e-015
-3.01	7.81158e-015
-3.009	8.4096e-015
-3.008	9.05712e-015
-3.007	9.75699e-015
-3.006	1.05122e-014
-3.005	1.13257e-014
-3.004	1.22007e-014
-3.003	1.31406e-014
-3.002	1.41485e-014
-3.001	1.5228e-014
-3	1.63827e-014
-2.999	1.76161e-014
-2.998	1.89319e-014
-2.997	2.03341e-014
-2.996	2.18265e-014
-2.995	2.34131e-014
-2.994	2.5098e-014
-2.993	2.68852e-014
-2.992	2.8779e-014
-2.991	3.07838e-014
-2.99	3.29039e-014
-2.989	3.51435e-014
-2.988	3.75074e-014
-2.987	3.99998e-014
-2.986	4.26253e-014
-2.985	4.53887e-014
-2.984	4.82945e-014
-2.983	5.13472e-014
-2.982	5.45516e-014
-2.981	5.79124e-014
-2.98	6.14341e-014
-2.979	6.51217e-014
-2.978	6.89795e-014
-2.977	7.30126e-014
-2.976	7.72256e-014
-2.975	8.1623e-014
-2.974	8.62097e-014
-2.973	9.09902e-014
-2.972	9.59694e-014
-2.971	1.01152e-013
-2.97	1.06543e-013
-2.969	1.12146e-013
-2.968	1.17968e-013
-2.967	1.24012e-013
-2.966	1.30284e-013
-2.965	1.3679e-013
-2.964	1.43533e-013
-2.963	1.5052e-013
-2.962	1.57757e-013
-2.961	1.65251e-013
-2.96	1.73006e-013
-2.959	1.81031e-013
-2.958	1.89333e-013
-2.957	1.97921e-013
-2.956	2.06802e-013
-2.955	2.15987e-013
-2.954	2.25487e-013
-2.953	2.35312e-013
-2.952	2.45478e-013
-2.951	2.55997e-013
-2.95	2.66887e-013
-2.949	2.78164e-013
-2.948	2.8985e-013
-2.947	3.01966e-013
-2.946	3.14538e-013
-2.945	3.27594e-013
-2.944	3.41163e-013
-2.943	3.55284e-013
-2.942	3.6999e-013
-2.941	3.85328e-013
-2.94	4.01345e-013
-2.939	4.18093e-013
-2.938	4.3563e-013
-2.937	4.54023e-013
-2.936	4.73341e-013
-2.935	4.93668e-013
-2.934	5.15086e-013
-2.933	5.37693e-013
-2.932	5.61596e-013
-2.931	5.86909e-013
-2.93	6.13762e-013
-2.929	6.42289e-013
-2.928	6.72651e-013
-2.927	7.05004e-013
-2.926	7.39533e-013
-2.925	7.76436e-013
-2.924	8.15926e-013
-2.923	8.58234e-013
-2.922	9.03614e-013
-2.921	9.52339e-013
-2.92	1.0047e-012
-2.919	1.06102e-012
-2.918	1.12164e-012
-2.917	1.18693e-012
-2.916	1.25729e-012
-2.915	1.33314e-012
-2.914	1.41495e-012
-2.913	1.5032e-012
-2.912	1.59842e-012
-2.911	1.70118e-012
-2.91	1.81207e-012
-2.909	1.93174e-012
-2.908	2.06087e-012
-2.907	2.20018e-012
-2.906	2.35045e-012
-2.905	2.5125e-012
-2.904	2.68721e-012
-2.903	2.87547e-012
-2.902	3.07829e-012
-2.901	3.29669e-012
-2.9	3.53174e-012
-2.899	3.78462e-012
-2.898	4.05651e-012
-2.897	4.3487e-012
-2.896	4.66252e-012
-2.895	4.99938e-012
-2.894	5.36075e-012
-2.893	5.74814e-012
-2.892	6.16322e-012
-2.891	6.60762e-012
-2.89	7.08315e-012
-2.889	7.5916e-012
-2.888	8.13491e-012
-2.887	8.71506e-012
-2.886	9.33406e-012
-2.885	9.99419e-012
-2.884	1.06975e-011
-2.883	1.14464e-011
-2.882	1.22433e-011
-2.881	1.30905e-011
-2.88	1.39907e-011
-2.879	1.49464e-011
-2.878	1.59603e-011
-2.877	1.70352e-011
-2.876	1.81739e-011
-2.875	1.93794e-011
-2.874	2.06545e-011
-2.873	2.20024e-011
-2.872	2.34262e-011
-2.871	2.4929e-011
-2.87	2.65141e-011
-2.869	2.81847e-011
-2.868	2.99444e-011
-2.867	3.17964e-011
-2.866	3.37441e-011
-2.865	3.57912e-011
-2.864	3.79411e-011
-2.863	4.01976e-011
-2.862	4.25642e-011
-2.861	4.50447e-011
-2.86	4.76428e-011
-2.859	5.03622e-011
-2.858	5.32069e-011
-2.857	5.61806e-011
-2.856	5.92872e-011
-2.855	6.25309e-011
-2.854	6.59156e-011
-2.853	6.94452e-011
-2.852	7.31241e-011
-2.851	7.69566e-011
-2.85	8.09469e-011
-2.849	8.50997e-011
-2.848	8.94189e-011
-2.847	9.39102e-011
-2.846	9.85778e-011
-2.845	1.03427e-010
-2.844	1.08464e-010
-2.843	1.13693e-010
-2.842	1.19121e-010
-2.841	1.24754e-010
-2.84	1.30599e-010
-2.839	1.36664e-010
-2.838	1.42955e-010
-2.837	1.49482e-010
-2.836	1.56253e-010
-2.835	1.6328e-010
-2.834	1.70572e-010
-2.833	1.78141e-010
-2.832	1.86002e-010
-2.831	1.94168e-010
-2.83	2.02656e-010
-2.829	2.11482e-010
-2.828	2.20667e-010
-2.827	2.3023e-010
-2.826	2.40198e-010
-2.825	2.50594e-010
-2.824	2.61448e-010
-2.823	2.7279e-010
-2.822	2.84657e-010
-2.821	2.97086e-010
-2.82	3.10118e-010
-2.819	3.23802e-010
-2.818	3.38187e-010
-2.817	3.53328e-010
-2.816	3.69287e-010
-2.815	3.86132e-010
-2.814	4.03934e-010
-2.813	4.22773e-010
-2.812	4.42739e-010
-2.811	4.63923e-010
-2.81	4.86432e-010
-2.809	5.10375e-010
-2.808	5.35878e-010
-2.807	5.63069e-010
-2.806	5.92095e-010
-2.805	6.2311e-010
-2.804	6.56279e-010
-2.803	6.91788e-010
-2.802	7.29829e-010
-2.801	7.70613e-010
-2.8	8.14366e-010
-2.799	8.61333e-010
-2.798	9.1177e-010
-2.797	9.65962e-010
-2.796	1.0242e-009
-2.795	1.08682e-009
-2.794	1.15415e-009
-2.793	1.22656e-009
-2.792	1.30443e-009
-2.791	1.38819e-009
-2.79	1.47827e-009
-2.789	1.57514e-009
-2.788	1.6793e-009
-2.787	1.79127e-009
-2.786	1.91161e-009
-2.785	2.04091e-009
-2.784	2.17979e-009
-2.783	2.32892e-009
-2.782	2.48897e-009
-2.781	2.66068e-009
-2.78	2.84482e-009
-2.779	3.0422e-009
-2.778	3.25365e-009
-2.777	3.48007e-009
-2.776	3.72239e-009
-2.775	3.98157e-009
-2.774	4.25862e-009
-2.773	4.55464e-009
-2.772	4.87069e-009
-2.771	5.20793e-009
-2.77	5.56756e-009
-2.769	5.95084e-009
-2.768	6.35906e-009
-2.767	6.79353e-009
-2.766	7.25567e-009
-2.765	7.74689e-009
-2.764	8.26869e-009
-2.763	8.82263e-009
-2.762	9.41023e-009
-2.761	1.00331e-008
-2.76	1.06931e-008
-2.759	1.13917e-008
-2.758	1.21308e-008
-2.757	1.29122e-008
-2.756	1.37378e-008
-2.755	1.46095e-008
-2.754	1.55292e-008
-2.753	1.64989e-008
-2.752	1.75206e-008
-2.751	1.85966e-008
-2.75	1.97288e-008
-2.749	2.09194e-008
-2.748	2.21707e-008
-2.747	2.34848e-008
-2.746	2.48642e-008
-2.745	2.6311e-008
-2.744	2.78277e-008
-2.743	2.94168e-008
-2.742	3.10806e-008
-2.741	3.28217e-008
-2.74	3.46427e-008
-2.739	3.65462e-008
-2.738	3.85348e-008
-2.737	4.06114e-008
-2.736	4.27787e-008
-2.735	4.50396e-008
-2.734	4.73973e-008
-2.733	4.98547e-008
-2.732	5.2415e-008
-2.731	5.50817e-008
-2.73	5.7858e-008
-2.729	6.0748e-008
-2.728	6.37552e-008
-2.727	6.68836e-008
-2.726	7.01379e-008
-2.725	7.35222e-008
-2.724	7.70417e-008
-2.723	8.07013e-008
-2.722	8.4507e-008
-2.721	8.84643e-008
-2.72	9.25804e-008
-2.719	9.68618e-008
-2.718	1.01316e-007
-2.717	1.05952e-007
-2.716	1.10778e-007
-2.715	1.15805e-007
-2.714	1.21004e-007
-2.713	1.26334e-007
-2.712	1.31786e-007
-2.711	1.37351e-007
-2.71	1.43019e-007
-2.709	1.48781e-007
-2.708	1.54627e-007
-2.707	1.60548e-007
-2.706	1.66534e-007
-2.705	1.72574e-007
-2.704	1.78658e-007
-2.703	1.84778e-007
-2.702	1.90922e-007
-2.701	1.97081e-007
-2.7	2.03244e-007
-2.699	2.09403e-007
-2.698	2.15548e-007
-2.697	2.21668e-007
-2.696	2.27755e-007
-2.695	2.338e-007
-2.694	2.39793e-007
-2.693	2.45727e-007
-2.692	2.51592e-007
-2.691	2.5738e-007
-2.69	2.63083e-007
-2.689	2.68695e-007
-2.688	2.74207e-007
-2.687	2.79613e-007
-2.686	2.84906e-007
-2.685	2.90079e-007
-2.684	2.95129e-007
-2.683	3.00048e-007
-2.682	3.04832e-007
-2.681	3.09476e-007
-2.68	3.13977e-007
-2.679	3.18331e-007
-2.678	3.22534e-007
-2.677	3.26583e-007
-2.676	3.30477e-007
-2.675	3.34215e-007
-2.674	3.37793e-007
-2.673	3.41213e-007
-2.672	3.44472e-007
-2.671	3.47571e-007
-2.67	3.50512e-007
-2.669	3.53294e-007
-2.668	3.5592e-007
-2.667	3.5839e-007
-2.666	3.60708e-007
-2.665	3.62877e-007
-2.664	3.64899e-007
-2.663	3.66779e-007
-2.662	3.68521e-007
-2.661	3.70128e-007
-2.66	3.71605e-007
-2.659	3.72958e-007
-2.658	3.74193e-007
-2.657	3.75315e-007
-2.656	3.76331e-007
-2.655	3.77247e-007
-2.654	3.7807e-007
-2.653	3.78806e-007
-2.652	3.79463e-007
-2.651	3.80048e-007
-2.65	3.8057e-007
-2.649	3.81035e-007
-2.648	3.81453e-007
-2.647	3.81832e-007
-2.646	3.82178e-007
-2.645	3.82502e-007
-2.644	3.8281e-007
-2.643	3.83112e-007
-2.642	3.83417e-007
-2.641	3.83732e-007
-2.64	3.84066e-007
-2.639	3.84427e-007
-2.638	3.84824e-007
-2.637	3.85265e-007
-2.636	3.85759e-007
-2.635	3.86312e-007
-2.634	3.86932e-007
-2.633	3.8763e-007
-2.632	3.88409e-007
-2.631	3.89278e-007
-2.63	3.90245e-007
-2.629	3.91316e-007
-2.628	3.92497e-007
-2.627	3.93794e-007
-2.626	3.95215e-007
-2.625	3.96763e-007
-2.624	3.98446e-007
-2.623	4.00265e-007
-2.622	4.02228e-007
-2.621	4.04338e-007
-2.62	4.066e-007
-2.619	4.09016e-007
-2.618	4.11589e-007
-2.617	4.14322e-007
-2.616	4.17218e-007
-2.615	4.20278e-007
-2.614	4.23505e-007
-2.613	4.26899e-007
-2.612	4.30461e-007
-2.611	4.34191e-007
-2.61	4.38091e-007
-2.609	4.42157e-007
-2.608	4.4639e-007
-2.607	4.5079e-007
-2.606	4.55354e-007
-2.605	4.60081e-007
-2.604	4.64967e-007
-2.603	4.70011e-007
-2.602	4.75209e-007
-2.601	4.80559e-007
-2.6	4.86057e-007
-2.599	4.91698e-007
-2.598	4.97479e-007
-2.597	5.03395e-007
-2.596	5.09443e-007
-2.595	5.15615e-007
-2.594	5.21908e-007
-2.593	5.28316e-007
-2.592	5.34836e-007
-2.591	5.41457e-007
-2.59	5.48178e-007
-2.589	5.54992e-007
-2.588	5.61892e-007
-2.587	5.68872e-007
-2.586	5.75928e-007
-2.585	5.83051e-007
-2.584	5.90238e-007
-2.583	5.97478e-007
-2.582	6.04769e-007
-2.581	6.12105e-007
-2.58	6.19479e-007
-2.579	6.26884e-007
-2.578	6.34316e-007
-2.577	6.41769e-007
-2.576	6.49236e-007
-2.575	6.56713e-007
-2.574	6.64194e-007
-2.573	6.71676e-007
-2.572	6.79152e-007
-2.571	6.86618e-007
-2.57	6.94072e-007
-2.569	7.01507e-007
-2.568	7.08922e-007
-2.567	7.16311e-007
-2.566	7.23672e-007
-2.565	7.31005e-007
-2.564	7.38303e-007
-2.563	7.45565e-007
-2.562	7.52791e-007
-2.561	7.59979e-007
-2.56	7.67128e-007
-2.559	7.74236e-007
-2.558	7.81305e-007
-2.557	7.88334e-007
-2.556	7.95324e-007
-2.555	8.02274e-007
-2.554	8.09185e-007
-2.553	8.16061e-007
-2.552	8.22902e-007
-2.551	8.29712e-007
-2.55	8.36492e-007
-2.549	8.43245e-007
-2.548	8.49975e-007
-2.547	8.56685e-007
-2.546	8.6338e-007
-2.545	8.70064e-007
-2.544	8.76739e-007
-2.543	8.83413e-007
-2.542	8.9009e-007
-2.541	8.96774e-007
-2.54	9.03472e-007
-2.539	9.10188e-007
-2.538	9.1693e-007
-2.537	9.23705e-007
-2.536	9.30516e-007
-2.535	9.37371e-007
-2.534	9.44277e-007
-2.533	9.5124e-007
-2.532	9.58266e-007
-2.531	9.65364e-007
-2.53	9.72539e-007
-2.529	9.79799e-007
-2.528	9.87149e-007
-2.527	9.94597e-007
-2.526	1.00215e-006
-2.525	1.00981e-006
-2.524	1.0176e-006
-2.523	1.0255e-006
-2.522	1.03354e-006
-2.521	1.04171e-006
-2.52	1.05002e-006
-2.519	1.05849e-006
-2.518	1.0671e-006
-2.517	1.07588e-006
-2.516	1.08482e-006
-2.515	1.09393e-006
-2.514	1.1032e-006
-2.513	1.11266e-006
-2.512	1.1223e-006
-2.511	1.13212e-006
-2.51	1.14213e-006
-2.509	1.15233e-006
-2.508	1.16272e-006
-2.507	1.1733e-006
-2.506	1.18408e-006
-2.505	1.19506e-006
-2.504	1.20623e-006
-2.503	1.2176e-006
-2.502	1.22916e-006
-2.501	1.24093e-006
-2.5	1.25289e-006
-2.499	1.26504e-006
-2.498	1.27738e-006
-2.497	1.28991e-006
-2.496	1.30263e-006
-2.495	1.31553e-006
-2.494	1.3286e-006
-2.493	1.34186e-006
-2.492	1.35528e-006
-2.491	1.36887e-006
-2.49	1.38262e-006
-2.489	1.39652e-006
-2.488	1.41058e-006
-2.487	1.42477e-006
-2.486	1.4391e-006
-2.485	1.45356e-006
-2.484	1.46814e-006
-2.483	1.48282e-006
-2.482	1.49762e-006
-2.481	1.51252e-006
-2.48	1.5275e-006
-2.479	1.54256e-006
-2.478	1.55769e-006
-2.477	1.57289e-006
-2.476	1.58814e-006
-2.475	1.60344e-006
-2.474	1.61877e-006
-2.473	1.63413e-006
-2.472	1.64951e-006
-2.471	1.6649e-006
-2.47	1.68029e-006
-2.469	1.69566e-006
-2.468	1.71103e-006
-2.467	1.72637e-006
-2.466	1.74167e-006
-2.465	1.75693e-006
-2.464	1.77214e-006
-2.463	1.78729e-006
-2.462	1.80237e-006
-2.461	1.81739e-006
-2.46	1.83232e-006
-2.459	1.84717e-006
-2.458	1.86193e-006
-2.457	1.87659e-006
-2.456	1.89114e-006
-2.455	1.90559e-006
-2.454	1.91993e-006
-2.453	1.93415e-006
-2.452	1.94826e-006
-2.451	1.96225e-006
-2.45	1.97611e-006
-2.449	1.98984e-006
-2.448	2.00346e-006
-2.447	2.01694e-006
-2.446	2.0303e-006
-2.445	2.04354e-006
-2.444	2.05665e-006
-2.443	2.06964e-006
-2.442	2.08251e-006
-2.441	2.09527e-006
-2.44	2.10792e-006
-2.439	2.12046e-006
-2.438	2.1329e-006
-2.437	2.14524e-006
-2.436	2.1575e-006
-2.435	2.16967e-006
-2.434	2.18178e-006
-2.433	2.19382e-006
-2.432	2.20579e-006
-2.431	2.21773e-006
-2.43	2.22962e-006
-2.429	2.24149e-006
-2.428	2.25335e-006
-2.427	2.2652e-006
-2.426	2.27706e-006
-2.425	2.28895e-006
-2.424	2.30086e-006
-2.423	2.31283e-006
-2.422	2.32485e-006
-2.421	2.33696e-006
-2.42	2.34914e-006
-2.419	2.36144e-006
-2.418	2.37385e-006
-2.417	2.3864e-006
-2.416	2.39909e-006
-2.415	2.41196e-006
-2.414	2.425e-006
-2.413	2.43823e-006
-2.412	2.45168e-006
-2.411	2.46535e-006
-2.41	2.47927e-006
-2.409	2.49344e-006
-2.408	2.50789e-006
-2.407	2.52262e-006
-2.406	2.53765e-006
-2.405	2.55301e-006
-2.404	2.56869e-006
-2.403	2.58472e-006
-2.402	2.6011e-006
-2.401	2.61786e-006
-2.4	2.635e-006
-2.399	2.65254e-006
-2.398	2.67049e-006
-2.397	2.68886e-006
-2.396	2.70766e-006
-2.395	2.72689e-006
-2.394	2.74658e-006
-2.393	2.76673e-006
-2.392	2.78734e-006
-2.391	2.80843e-006
-2.39	2.83e-006
-2.389	2.85205e-006
-2.388	2.8746e-006
-2.387	2.89764e-006
-2.386	2.92118e-006
-2.385	2.94522e-006
-2.384	2.96976e-006
-2.383	2.99481e-006
-2.382	3.02036e-006
-2.381	3.04641e-006
-2.38	3.07297e-006
-2.379	3.10002e-006
-2.378	3.12757e-006
-2.377	3.15561e-006
-2.376	3.18413e-006
-2.375	3.21313e-006
-2.374	3.2426e-006
-2.373	3.27254e-006
-2.372	3.30293e-006
-2.371	3.33377e-006
-2.37	3.36503e-006
-2.369	3.39672e-006
-2.368	3.42883e-006
-2.367	3.46133e-006
-2.366	3.49421e-006
-2.365	3.52747e-006
-2.364	3.56108e-006
-2.363	3.59503e-006
-2.362	3.6293e-006
-2.361	3.66388e-006
-2.36	3.69875e-006
-2.359	3.73389e-006
-2.358	3.76929e-006
-2.357	3.80492e-006
-2.356	3.84077e-006
-2.355	3.87681e-006
-2.354	3.91303e-006
-2.353	3.94941e-006
-2.352	3.98593e-006
-2.351	4.02257e-006
-2.35	4.0593e-006
-2.349	4.0961e-006
-2.348	4.13297e-006
-2.347	4.16988e-006
-2.346	4.2068e-006
-2.345	4.24372e-006
-2.344	4.28062e-006
-2.343	4.31748e-006
-2.342	4.35427e-006
-2.341	4.39099e-006
-2.34	4.42761e-006
-2.339	4.46412e-006
-2.338	4.50049e-006
-2.337	4.53672e-006
-2.336	4.57278e-006
-2.335	4.60867e-006
-2.334	4.64436e-006
-2.333	4.67985e-006
-2.332	4.71512e-006
-2.331	4.75015e-006
-2.33	4.78494e-006
-2.329	4.81948e-006
-2.328	4.85375e-006
-2.327	4.88776e-006
-2.326	4.92147e-006
-2.325	4.95492e-006
-2.324	4.98807e-006
-2.323	5.02093e-006
-2.322	5.05348e-006
-2.321	5.08575e-006
-2.32	5.11771e-006
-2.319	5.14937e-006
-2.318	5.18073e-006
-2.317	5.2118e-006
-2.316	5.24257e-006
-2.315	5.27306e-006
-2.314	5.30328e-006
-2.313	5.33322e-006
-2.312	5.3629e-006
-2.311	5.39232e-006
-2.31	5.4215e-006
-2.309	5.45045e-006
-2.308	5.47918e-006
-2.307	5.50772e-006
-2.306	5.53606e-006
-2.305	5.56422e-006
-2.304	5.59225e-006
-2.303	5.62013e-006
-2.302	5.6479e-006
-2.301	5.67556e-006
-2.3	5.70316e-006
-2.299	5.73071e-006
-2.298	5.75823e-006
-2.297	5.78574e-006
-2.296	5.81328e-006
-2.295	5.84086e-006
-2.294	5.86851e-006
-2.293	5.89626e-006
-2.292	5.92412e-006
-2.291	5.95214e-006
-2.29	5.98034e-006
-2.289	6.00874e-006
-2.288	6.03738e-006
-2.287	6.06627e-006
-2.286	6.09546e-006
-2.285	6.12497e-006
-2.284	6.15482e-006
-2.283	6.18505e-006
-2.282	6.21569e-006
-2.281	6.24677e-006
-2.28	6.27829e-006
-2.279	6.31031e-006
-2.278	6.34285e-006
-2.277	6.37594e-006
-2.276	6.40958e-006
-2.275	6.44382e-006
-2.274	6.47869e-006
-2.273	6.5142e-006
-2.272	6.55037e-006
-2.271	6.58724e-006
-2.27	6.62483e-006
-2.269	6.66315e-006
-2.268	6.70224e-006
-2.267	6.74209e-006
-2.266	6.78273e-006
-2.265	6.8242e-006
-2.264	6.86649e-006
-2.263	6.90962e-006
-2.262	6.9536e-006
-2.261	6.99845e-006
-2.26	7.04419e-006
-2.259	7.09081e-006
-2.258	7.13833e-006
-2.257	7.18676e-006
-2.256	7.2361e-006
-2.255	7.28635e-006
-2.254	7.33753e-006
-2.253	7.38962e-006
-2.252	7.44264e-006
-2.251	7.49657e-006
-2.25	7.55142e-006
-2.249	7.60719e-006
-2.248	7.66386e-006
-2.247	7.72142e-006
-2.246	7.77988e-006
-2.245	7.83923e-006
-2.244	7.89945e-006
-2.243	7.96051e-006
-2.242	8.02243e-006
-2.241	8.08516e-006
-2.24	8.14872e-006
-2.239	8.21306e-006
-2.238	8.27819e-006
-2.237	8.34406e-006
-2.236	8.41067e-006
-2.235	8.47801e-006
-2.234	8.54603e-006
-2.233	8.61471e-006
-2.232	8.68401e-006
-2.231	8.75394e-006
-2.23	8.82447e-006
-2.229	8.89554e-006
-2.228	8.96715e-006
-2.227	9.03927e-006
-2.226	9.11184e-006
-2.225	9.18486e-006
-2.224	9.2583e-006
-2.223	9.33212e-006
-2.222	9.40628e-006
-2.221	9.48077e-006
-2.22	9.55555e-006
-2.219	9.6306e-006
-2.218	9.70588e-006
-2.217	9.78135e-006
-2.216	9.85698e-006
-2.215	9.93274e-006
-2.214	1.00086e-005
-2.213	1.00846e-005
-2.212	1.01606e-005
-2.211	1.02366e-005
-2.21	1.03126e-005
-2.209	1.03886e-005
-2.208	1.04645e-005
-2.207	1.05403e-005
-2.206	1.0616e-005
-2.205	1.06916e-005
-2.204	1.0767e-005
-2.203	1.08423e-005
-2.202	1.09173e-005
-2.201	1.09921e-005
-2.2	1.10667e-005
-2.199	1.1141e-005
-2.198	1.12151e-005
-2.197	1.12889e-005
-2.196	1.13623e-005
-2.195	1.14355e-005
-2.194	1.15084e-005
-2.193	1.15809e-005
-2.192	1.16531e-005
-2.191	1.1725e-005
-2.19	1.17965e-005
-2.189	1.18678e-005
-2.188	1.19386e-005
-2.187	1.20092e-005
-2.186	1.20794e-005
-2.185	1.21493e-005
-2.184	1.22188e-005
-2.183	1.22881e-005
-2.182	1.2357e-005
-2.181	1.24257e-005
-2.18	1.24942e-005
-2.179	1.25623e-005
-2.178	1.26302e-005
-2.177	1.26979e-005
-2.176	1.27654e-005
-2.175	1.28328e-005
-2.174	1.28999e-005
-2.173	1.2967e-005
-2.172	1.30339e-005
-2.171	1.31007e-005
-2.17	1.31676e-005
-2.169	1.32343e-005
-2.168	1.33012e-005
-2.167	1.3368e-005
-2.166	1.3435e-005
-2.165	1.3502e-005
-2.164	1.35692e-005
-2.163	1.36366e-005
-2.162	1.37042e-005
-2.161	1.3772e-005
-2.16	1.38402e-005
-2.159	1.39087e-005
-2.158	1.39776e-005
-2.157	1.40468e-005
-2.156	1.41165e-005
-2.155	1.41868e-005
-2.154	1.42575e-005
-2.153	1.43288e-005
-2.152	1.44008e-005
-2.151	1.44733e-005
-2.15	1.45466e-005
-2.149	1.46206e-005
-2.148	1.46954e-005
-2.147	1.47709e-005
-2.146	1.48473e-005
-2.145	1.49246e-005
-2.144	1.50028e-005
-2.143	1.50819e-005
-2.142	1.51621e-005
-2.141	1.52432e-005
-2.14	1.53254e-005
-2.139	1.54087e-005
-2.138	1.54931e-005
-2.137	1.55787e-005
-2.136	1.56654e-005
-2.135	1.57533e-005
-2.134	1.58425e-005
-2.133	1.59328e-005
-2.132	1.60245e-005
-2.131	1.61174e-005
-2.13	1.62117e-005
-2.129	1.63072e-005
-2.128	1.64041e-005
-2.127	1.65024e-005
-2.126	1.6602e-005
-2.125	1.67031e-005
-2.124	1.68055e-005
-2.123	1.69092e-005
-2.122	1.70144e-005
-2.121	1.7121e-005
-2.12	1.7229e-005
-2.119	1.73384e-005
-2.118	1.74492e-005
-2.117	1.75614e-005
-2.116	1.7675e-005
-2.115	1.77899e-005
-2.114	1.79062e-005
-2.113	1.80239e-005
-2.112	1.8143e-005
-2.111	1.82634e-005
-2.11	1.83851e-005
-2.109	1.85081e-005
-2.108	1.86324e-005
-2.107	1.87579e-005
-2.106	1.88847e-005
-2.105	1.90127e-005
-2.104	1.91419e-005
-2.103	1.92723e-005
-2.102	1.94037e-005
-2.101	1.95364e-005
-2.1	1.967e-005
-2.099	1.98048e-005
-2.098	1.99405e-005
-2.097	2.00772e-005
-2.096	2.02149e-005
-2.095	2.03535e-005
-2.094	2.0493e-005
-2.093	2.06333e-005
-2.092	2.07744e-005
-2.091	2.09164e-005
-2.09	2.10591e-005
-2.089	2.12024e-005
-2.088	2.13465e-005
-2.087	2.14911e-005
-2.086	2.16363e-005
-2.085	2.17822e-005
-2.084	2.19285e-005
-2.083	2.20753e-005
-2.082	2.22226e-005
-2.081	2.23703e-005
-2.08	2.25184e-005
-2.079	2.26668e-005
-2.078	2.28156e-005
-2.077	2.29646e-005
-2.076	2.31139e-005
-2.075	2.32635e-005
-2.074	2.34132e-005
-2.073	2.35631e-005
-2.072	2.37132e-005
-2.071	2.38634e-005
-2.07	2.40137e-005
-2.069	2.4164e-005
-2.068	2.43144e-005
-2.067	2.44649e-005
-2.066	2.46154e-005
-2.065	2.47659e-005
-2.064	2.49164e-005
-2.063	2.50668e-005
-2.062	2.52173e-005
-2.061	2.53677e-005
-2.06	2.55181e-005
-2.059	2.56684e-005
-2.058	2.58187e-005
-2.057	2.5969e-005
-2.056	2.61192e-005
-2.055	2.62694e-005
-2.054	2.64195e-005
-2.053	2.65696e-005
-2.052	2.67197e-005
-2.051	2.68698e-005
-2.05	2.70198e-005
-2.049	2.717e-005
-2.048	2.73201e-005
-2.047	2.74703e-005
-2.046	2.76206e-005
-2.045	2.7771e-005
-2.044	2.79215e-005
-2.043	2.80722e-005
-2.042	2.8223e-005
-2.041	2.83741e-005
-2.04	2.85254e-005
-2.039	2.86769e-005
-2.038	2.88288e-005
-2.037	2.89811e-005
-2.036	2.91336e-005
-2.035	2.92867e-005
-2.034	2.94401e-005
-2.033	2.95941e-005
-2.032	2.97487e-005
-2.031	2.99037e-005
-2.03	3.00595e-005
-2.029	3.02158e-005
-2.028	3.03729e-005
-2.027	3.05308e-005
-2.026	3.06894e-005
-2.025	3.08489e-005
-2.024	3.10093e-005
-2.023	3.11706e-005
-2.022	3.1333e-005
-2.021	3.14963e-005
-2.02	3.16608e-005
-2.019	3.18264e-005
-2.018	3.1993e-005
-2.017	3.2161e-005
-2.016	3.23302e-005
-2.015	3.25007e-005
-2.014	3.26727e-005
-2.013	3.28459e-005
-2.012	3.30207e-005
-2.011	3.31969e-005
-2.01	3.33747e-005
-2.009	3.35539e-005
-2.008	3.37348e-005
-2.007	3.39174e-005
-2.006	3.41016e-005
-2.005	3.42876e-005
-2.004	3.44753e-005
-2.003	3.46647e-005
-2.002	3.48561e-005
-2.001	3.50492e-005
-2	3.52442e-005
-1.999	3.54411e-005
-1.998	3.56399e-005
-1.997	3.58407e-005
-1.996	3.60434e-005
-1.995	3.62482e-005
-1.994	3.64549e-005
-1.993	3.66637e-005
-1.992	3.68745e-005
-1.991	3.70872e-005
-1.99	3.73021e-005
-1.989	3.75191e-005
-1.988	3.7738e-005
-1.987	3.79591e-005
-1.986	3.81822e-005
-1.985	3.84075e-005
-1.984	3.86348e-005
-1.983	3.88641e-005
-1.982	3.90956e-005
-1.981	3.93291e-005
-1.98	3.95646e-005
-1.979	3.98022e-005
-1.978	4.00418e-005
-1.977	4.02834e-005
-1.976	4.0527e-005
-1.975	4.07725e-005
-1.974	4.10201e-005
-1.973	4.12696e-005
-1.972	4.1521e-005
-1.971	4.17742e-005
-1.97	4.20294e-005
-1.969	4.22864e-005
-1.968	4.25452e-005
-1.967	4.28058e-005
-1.966	4.30681e-005
-1.965	4.33322e-005
-1.964	4.3598e-005
-1.963	4.38655e-005
-1.962	4.41346e-005
-1.961	4.44053e-005
-1.96	4.46775e-005
-1.959	4.49513e-005
-1.958	4.52266e-005
-1.957	4.55035e-005
-1.956	4.57817e-005
-1.955	4.60613e-005
-1.954	4.63423e-005
-1.953	4.66246e-005
-1.952	4.69083e-005
-1.951	4.71932e-005
-1.95	4.74794e-005
-1.949	4.77667e-005
-1.948	4.80552e-005
-1.947	4.83449e-005
-1.946	4.86358e-005
-1.945	4.89276e-005
-1.944	4.92206e-005
-1.943	4.95146e-005
-1.942	4.98096e-005
-1.941	5.01055e-005
-1.94	5.04025e-005
-1.939	5.07003e-005
-1.938	5.09991e-005
-1.937	5.12988e-005
-1.936	5.15994e-005
-1.935	5.19009e-005
-1.934	5.22032e-005
-1.933	5.25064e-005
-1.932	5.28104e-005
-1.931	5.31152e-005
-1.93	5.34208e-005
-1.929	5.37273e-005
-1.928	5.40345e-005
-1.927	5.43426e-005
-1.926	5.46514e-005
-1.925	5.49611e-005
-1.924	5.52716e-005
-1.923	5.55829e-005
-1.922	5.58951e-005
-1.921	5.62081e-005
-1.92	5.65219e-005
-1.919	5.68367e-005
-1.918	5.71523e-005
-1.917	5.74688e-005
-1.916	5.77863e-005
-1.915	5.81047e-005
-1.914	5.84241e-005
-1.913	5.87444e-005
-1.912	5.90658e-005
-1.911	5.93882e-005
-1.91	5.97117e-005
-1.909	6.00364e-005
-1.908	6.03621e-005
-1.907	6.06891e-005
-1.906	6.10173e-005
-1.905	6.13468e-005
-1.904	6.16777e-005
-1.903	6.20098e-005
-1.902	6.23434e-005
-1.901	6.26784e-005
-1.9	6.30148e-005
-1.899	6.33527e-005
-1.898	6.36922e-005
-1.897	6.40334e-005
-1.896	6.43762e-005
-1.895	6.47208e-005
-1.894	6.50671e-005
-1.893	6.54153e-005
-1.892	6.57652e-005
-1.891	6.61171e-005
-1.89	6.64709e-005
-1.889	6.68269e-005
-1.888	6.71849e-005
-1.887	6.7545e-005
-1.886	6.79073e-005
-1.885	6.82717e-005
-1.884	6.86385e-005
-1.883	6.90075e-005
-1.882	6.9379e-005
-1.881	6.97529e-005
-1.88	7.01292e-005
-1.879	7.0508e-005
-1.878	7.08894e-005
-1.877	7.12735e-005
-1.876	7.16603e-005
-1.875	7.20496e-005
-1.874	7.24418e-005
-1.873	7.28367e-005
-1.872	7.32345e-005
-1.871	7.3635e-005
-1.87	7.40385e-005
-1.869	7.44449e-005
-1.868	7.48544e-005
-1.867	7.52667e-005
-1.866	7.56823e-005
-1.865	7.61008e-005
-1.864	7.65224e-005
-1.863	7.69471e-005
-1.862	7.7375e-005
-1.861	7.78059e-005
-1.86	7.82402e-005
-1.859	7.86777e-005
-1.858	7.91184e-005
-1.857	7.95623e-005
-1.856	8.00095e-005
-1.855	8.04599e-005
-1.854	8.09137e-005
-1.853	8.13709e-005
-1.852	8.18312e-005
-1.851	8.22948e-005
-1.85	8.27617e-005
-1.849	8.32321e-005
-1.848	8.37056e-005
-1.847	8.41825e-005
-1.846	8.46628e-005
-1.845	8.51464e-005
-1.844	8.56331e-005
-1.843	8.61233e-005
-1.842	8.66167e-005
-1.841	8.71135e-005
-1.84	8.76135e-005
-1.839	8.81168e-005
-1.838	8.86232e-005
-1.837	8.9133e-005
-1.836	8.96458e-005
-1.835	9.0162e-005
-1.834	9.06812e-005
-1.833	9.12037e-005
-1.832	9.17292e-005
-1.831	9.22579e-005
-1.83	9.27897e-005
-1.829	9.33247e-005
-1.828	9.38625e-005
-1.827	9.44036e-005
-1.826	9.49476e-005
-1.825	9.54948e-005
-1.824	9.60446e-005
-1.823	9.65976e-005
-1.822	9.71534e-005
-1.821	9.77122e-005
-1.82	9.82737e-005
-1.819	9.88384e-005
-1.818	9.94057e-005
-1.817	9.99759e-005
-1.816	0.000100549
-1.815	0.000101124
-1.814	0.000101703
-1.813	0.000102284
-1.812	0.000102868
-1.811	0.000103455
-1.81	0.000104044
-1.809	0.000104637
-1.808	0.000105231
-1.807	0.000105829
-1.806	0.000106429
-1.805	0.000107032
-1.804	0.000107637
-1.803	0.000108245
-1.802	0.000108856
-1.801	0.000109469
-1.8	0.000110085
-1.799	0.000110703
-1.798	0.000111324
-1.797	0.000111948
-1.796	0.000112575
-1.795	0.000113204
-1.794	0.000113835
-1.793	0.00011447
-1.792	0.000115107
-1.791	0.000115746
-1.79	0.000116389
-1.789	0.000117034
-1.788	0.000117682
-1.787	0.000118333
-1.786	0.000118986
-1.785	0.000119643
-1.784	0.000120302
-1.783	0.000120964
-1.782	0.000121629
-1.781	0.000122297
-1.78	0.000122968
-1.779	0.000123642
-1.778	0.000124319
-1.777	0.000124999
-1.776	0.000125682
-1.775	0.000126368
-1.774	0.000127058
-1.773	0.00012775
-1.772	0.000128447
-1.771	0.000129146
-1.77	0.000129849
-1.769	0.000130555
-1.768	0.000131265
-1.767	0.000131979
-1.766	0.000132696
-1.765	0.000133416
-1.764	0.000134141
-1.763	0.000134869
-1.762	0.000135601
-1.761	0.000136337
-1.76	0.000137077
-1.759	0.000137821
-1.758	0.000138569
-1.757	0.000139321
-1.756	0.000140078
-1.755	0.000140838
-1.754	0.000141603
-1.753	0.000142372
-1.752	0.000143145
-1.751	0.000143923
-1.75	0.000144706
-1.749	0.000145493
-1.748	0.000146285
-1.747	0.000147081
-1.746	0.000147883
-1.745	0.000148689
-1.744	0.0001495
-1.743	0.000150316
-1.742	0.000151136
-1.741	0.000151962
-1.74	0.000152793
-1.739	0.000153629
-1.738	0.00015447
-1.737	0.000155316
-1.736	0.000156168
-1.735	0.000157025
-1.734	0.000157887
-1.733	0.000158755
-1.732	0.000159628
-1.731	0.000160506
-1.73	0.00016139
-1.729	0.00016228
-1.728	0.000163175
-1.727	0.000164076
-1.726	0.000164982
-1.725	0.000165894
-1.724	0.000166812
-1.723	0.000167736
-1.722	0.000168665
-1.721	0.0001696
-1.72	0.000170541
-1.719	0.000171488
-1.718	0.000172441
-1.717	0.000173399
-1.716	0.000174364
-1.715	0.000175334
-1.714	0.000176311
-1.713	0.000177293
-1.712	0.000178281
-1.711	0.000179275
-1.71	0.000180276
-1.709	0.000181282
-1.708	0.000182294
-1.707	0.000183312
-1.706	0.000184336
-1.705	0.000185367
-1.704	0.000186403
-1.703	0.000187445
-1.702	0.000188494
-1.701	0.000189548
-1.7	0.000190609
-1.699	0.000191676
-1.698	0.000192748
-1.697	0.000193827
-1.696	0.000194912
-1.695	0.000196002
-1.694	0.0001971
-1.693	0.000198202
-1.692	0.000199311
-1.691	0.000200426
-1.69	0.000201547
-1.689	0.000202675
-1.688	0.000203808
-1.687	0.000204947
-1.686	0.000206093
-1.685	0.000207244
-1.684	0.000208402
-1.683	0.000209566
-1.682	0.000210735
-1.681	0.000211911
-1.68	0.000213093
-1.679	0.000214281
-1.678	0.000215475
-1.677	0.000216675
-1.676	0.000217882
-1.675	0.000219094
-1.674	0.000220313
-1.673	0.000221538
-1.672	0.000222769
-1.671	0.000224006
-1.67	0.00022525
-1.669	0.000226499
-1.668	0.000227755
-1.667	0.000229018
-1.666	0.000230286
-1.665	0.000231561
-1.664	0.000232842
-1.663	0.00023413
-1.662	0.000235423
-1.661	0.000236724
-1.66	0.000238031
-1.659	0.000239344
-1.658	0.000240664
-1.657	0.00024199
-1.656	0.000243323
-1.655	0.000244663
-1.654	0.000246009
-1.653	0.000247363
-1.652	0.000248722
-1.651	0.000250089
-1.65	0.000251463
-1.649	0.000252843
-1.648	0.000254231
-1.647	0.000255625
-1.646	0.000257026
-1.645	0.000258436
-1.644	0.000259851
-1.643	0.000261275
-1.642	0.000262705
-1.641	0.000264143
-1.64	0.000265588
-1.639	0.000267041
-1.638	0.000268502
-1.637	0.00026997
-1.636	0.000271446
-1.635	0.000272929
-1.634	0.00027442
-1.633	0.00027592
-1.632	0.000277427
-1.631	0.000278943
-1.63	0.000280466
-1.629	0.000281998
-1.628	0.000283538
-1.627	0.000285086
-1.626	0.000286643
-1.625	0.000288208
-1.624	0.000289782
-1.623	0.000291365
-1.622	0.000292956
-1.621	0.000294556
-1.62	0.000296165
-1.619	0.000297783
-1.618	0.00029941
-1.617	0.000301047
-1.616	0.000302691
-1.615	0.000304346
-1.614	0.00030601
-1.613	0.000307683
-1.612	0.000309366
-1.611	0.000311059
-1.61	0.000312761
-1.609	0.000314473
-1.608	0.000316194
-1.607	0.000317926
-1.606	0.000319668
-1.605	0.00032142
-1.604	0.000323182
-1.603	0.000324953
-1.602	0.000326735
-1.601	0.000328527
-1.6	0.00033033
-1.599	0.000332143
-1.598	0.000333966
-1.597	0.000335801
-1.596	0.000337646
-1.595	0.000339501
-1.594	0.000341367
-1.593	0.000343244
-1.592	0.000345132
-1.591	0.000347031
-1.59	0.000348941
-1.589	0.000350862
-1.588	0.000352794
-1.587	0.000354737
-1.586	0.000356692
-1.585	0.000358657
-1.584	0.000360634
-1.583	0.000362623
-1.582	0.000364622
-1.581	0.000366633
-1.58	0.000368656
-1.579	0.00037069
-1.578	0.000372736
-1.577	0.000374794
-1.576	0.000376863
-1.575	0.000378944
-1.574	0.000381037
-1.573	0.000383142
-1.572	0.000385258
-1.571	0.000387387
-1.57	0.000389527
-1.569	0.000391679
-1.568	0.000393843
-1.567	0.00039602
-1.566	0.000398209
-1.565	0.00040041
-1.564	0.000402623
-1.563	0.000404848
-1.562	0.000407086
-1.561	0.000409336
-1.56	0.000411598
-1.559	0.000413873
-1.558	0.00041616
-1.557	0.00041846
-1.556	0.000420772
-1.555	0.000423097
-1.554	0.000425435
-1.553	0.000427785
-1.552	0.000430147
-1.551	0.000432523
-1.55	0.000434912
-1.549	0.000437313
-1.548	0.000439728
-1.547	0.000442155
-1.546	0.000444595
-1.545	0.000447049
-1.544	0.000449514
-1.543	0.000451994
-1.542	0.000454487
-1.541	0.000456993
-1.54	0.000459512
-1.539	0.000462046
-1.538	0.000464592
-1.537	0.000467151
-1.536	0.000469725
-1.535	0.000472312
-1.534	0.000474912
-1.533	0.000477526
-1.532	0.000480154
-1.531	0.000482797
-1.53	0.000485453
-1.529	0.000488123
-1.528	0.000490808
-1.527	0.000493507
-1.526	0.000496219
-1.525	0.000498946
-1.524	0.000501687
-1.523	0.000504443
-1.522	0.000507214
-1.521	0.000509999
-1.52	0.0005128
-1.519	0.000515614
-1.518	0.000518443
-1.517	0.000521288
-1.516	0.000524148
-1.515	0.000527024
-1.514	0.000529914
-1.513	0.00053282
-1.512	0.000535742
-1.511	0.000538679
-1.51	0.000541631
-1.509	0.0005446
-1.508	0.000547584
-1.507	0.000550585
-1.506	0.000553601
-1.505	0.000556634
-1.504	0.000559683
-1.503	0.000562749
-1.502	0.00056583
-1.501	0.000568929
-1.5	0.000572045
-1.499	0.000575177
-1.498	0.000578327
-1.497	0.000581494
-1.496	0.000584677
-1.495	0.000587879
-1.494	0.000591097
-1.493	0.000594333
-1.492	0.000597587
-1.491	0.000600859
-1.49	0.000604149
-1.489	0.000607456
-1.488	0.000610783
-1.487	0.000614127
-1.486	0.00061749
-1.485	0.000620871
-1.484	0.000624271
-1.483	0.000627689
-1.482	0.000631128
-1.481	0.000634585
-1.48	0.00063806
-1.479	0.000641556
-1.478	0.000645071
-1.477	0.000648605
-1.476	0.00065216
-1.475	0.000655733
-1.474	0.000659327
-1.473	0.00066294
-1.472	0.000666575
-1.471	0.000670229
-1.47	0.000673903
-1.469	0.000677598
-1.468	0.000681315
-1.467	0.000685052
-1.466	0.000688809
-1.465	0.000692588
-1.464	0.000696388
-1.463	0.000700209
-1.462	0.000704051
-1.461	0.000707916
-1.46	0.000711801
-1.459	0.000715709
-1.458	0.000719638
-1.457	0.000723589
-1.456	0.000727563
-1.455	0.000731558
-1.454	0.000735576
-1.453	0.000739617
-1.452	0.00074368
-1.451	0.000747767
-1.45	0.000751875
-1.449	0.000756007
-1.448	0.000760162
-1.447	0.000764339
-1.446	0.000768541
-1.445	0.000772766
-1.444	0.000777014
-1.443	0.000781285
-1.442	0.000785581
-1.441	0.000789899
-1.44	0.000794243
-1.439	0.00079861
-1.438	0.000803001
-1.437	0.000807418
-1.436	0.000811857
-1.435	0.000816323
-1.434	0.000820813
-1.433	0.000825327
-1.432	0.000829867
-1.431	0.000834432
-1.43	0.000839021
-1.429	0.000843635
-1.428	0.000848276
-1.427	0.000852941
-1.426	0.000857632
-1.425	0.000862349
-1.424	0.000867092
-1.423	0.00087186
-1.422	0.000876655
-1.421	0.000881476
-1.42	0.000886324
-1.419	0.000891197
-1.418	0.000896098
-1.417	0.000901025
-1.416	0.000905979
-1.415	0.000910959
-1.414	0.000915967
-1.413	0.000921002
-1.412	0.000926065
-1.411	0.000931155
-1.41	0.000936273
-1.409	0.000941419
-1.408	0.000946592
-1.407	0.000951793
-1.406	0.000957022
-1.405	0.00096228
-1.404	0.000967567
-1.403	0.000972882
-1.402	0.000978226
-1.401	0.000983599
-1.4	0.000989
-1.399	0.000994431
-1.398	0.000999892
-1.397	0.00100538
-1.396	0.0010109
-1.395	0.00101645
-1.394	0.00102203
-1.393	0.00102764
-1.392	0.00103328
-1.391	0.00103895
-1.39	0.00104465
-1.389	0.00105038
-1.388	0.00105615
-1.387	0.00106194
-1.386	0.00106777
-1.385	0.00107362
-1.384	0.00107951
-1.383	0.00108543
-1.382	0.00109139
-1.381	0.00109737
-1.38	0.00110339
-1.379	0.00110944
-1.378	0.00111552
-1.377	0.00112164
-1.376	0.00112779
-1.375	0.00113397
-1.374	0.00114019
-1.373	0.00114644
-1.372	0.00115272
-1.371	0.00115904
-1.37	0.00116539
-1.369	0.00117178
-1.368	0.0011782
-1.367	0.00118466
-1.366	0.00119115
-1.365	0.00119768
-1.364	0.00120425
-1.363	0.00121085
-1.362	0.00121748
-1.361	0.00122415
-1.36	0.00123086
-1.359	0.00123761
-1.358	0.00124439
-1.357	0.00125121
-1.356	0.00125807
-1.355	0.00126497
-1.354	0.0012719
-1.353	0.00127887
-1.352	0.00128588
-1.351	0.00129293
-1.35	0.00130001
-1.349	0.00130714
-1.348	0.0013143
-1.347	0.00132151
-1.346	0.00132875
-1.345	0.00133604
-1.344	0.00134336
-1.343	0.00135073
-1.342	0.00135813
-1.341	0.00136558
-1.34	0.00137306
-1.339	0.00138059
-1.338	0.00138816
-1.337	0.00139577
-1.336	0.00140343
-1.335	0.00141113
-1.334	0.00141886
-1.333	0.00142665
-1.332	0.00143447
-1.331	0.00144234
-1.33	0.00145025
-1.329	0.0014582
-1.328	0.0014662
-1.327	0.00147425
-1.326	0.00148233
-1.325	0.00149047
-1.324	0.00149864
-1.323	0.00150687
-1.322	0.00151513
-1.321	0.00152344
-1.32	0.00153181
-1.319	0.00154021
-1.318	0.00154866
-1.317	0.00155716
-1.316	0.00156571
-1.315	0.0015743
-1.314	0.00158294
-1.313	0.00159163
-1.312	0.00160036
-1.311	0.00160915
-1.31	0.00161798
-1.309	0.00162686
-1.308	0.00163579
-1.307	0.00164477
-1.306	0.0016538
-1.305	0.00166288
-1.304	0.00167201
-1.303	0.00168119
-1.302	0.00169041
-1.301	0.00169969
-1.3	0.00170902
-1.299	0.00171841
-1.298	0.00172784
-1.297	0.00173732
-1.296	0.00174686
-1.295	0.00175645
-1.294	0.00176609
-1.293	0.00177579
-1.292	0.00178554
-1.291	0.00179534
-1.29	0.0018052
-1.289	0.00181511
-1.288	0.00182507
-1.287	0.00183509
-1.286	0.00184516
-1.285	0.00185529
-1.284	0.00186548
-1.283	0.00187572
-1.282	0.00188601
-1.281	0.00189636
-1.28	0.00190677
-1.279	0.00191724
-1.278	0.00192776
-1.277	0.00193834
-1.276	0.00194898
-1.275	0.00195968
-1.274	0.00197043
-1.273	0.00198125
-1.272	0.00199212
-1.271	0.00200305
-1.27	0.00201404
-1.269	0.00202509
-1.268	0.00203621
-1.267	0.00204738
-1.266	0.00205861
-1.265	0.00206991
-1.264	0.00208127
-1.263	0.00209269
-1.262	0.00210416
-1.261	0.00211571
-1.26	0.00212731
-1.259	0.00213898
-1.258	0.00215071
-1.257	0.00216251
-1.256	0.00217438
-1.255	0.0021863
-1.254	0.00219829
-1.253	0.00221035
-1.252	0.00222247
-1.251	0.00223466
-1.25	0.00224692
-1.249	0.00225924
-1.248	0.00227163
-1.247	0.00228408
-1.246	0.00229661
-1.245	0.0023092
-1.244	0.00232187
-1.243	0.0023346
-1.242	0.0023474
-1.241	0.00236027
-1.24	0.00237321
-1.239	0.00238622
-1.238	0.00239931
-1.237	0.00241246
-1.236	0.00242569
-1.235	0.00243899
-1.234	0.00245236
-1.233	0.0024658
-1.232	0.00247932
-1.231	0.00249292
-1.23	0.00250658
-1.229	0.00252033
-1.228	0.00253414
-1.227	0.00254804
-1.226	0.00256201
-1.225	0.00257606
-1.224	0.00259018
-1.223	0.00260437
-1.222	0.00261865
-1.221	0.00263301
-1.22	0.00264745
-1.219	0.00266196
-1.218	0.00267656
-1.217	0.00269123
-1.216	0.00270599
-1.215	0.00272083
-1.214	0.00273574
-1.213	0.00275075
-1.212	0.00276583
-1.211	0.00278099
-1.21	0.00279624
-1.209	0.00281157
-1.208	0.00282699
-1.207	0.00284249
-1.206	0.00285808
-1.205	0.00287375
-1.204	0.00288951
-1.203	0.00290536
-1.202	0.00292129
-1.201	0.00293731
-1.2	0.00295342
-1.199	0.00296962
-1.198	0.0029859
-1.197	0.00300228
-1.196	0.00301875
-1.195	0.0030353
-1.194	0.00305195
-1.193	0.00306869
-1.192	0.00308552
-1.191	0.00310245
-1.19	0.00311946
-1.189	0.00313657
-1.188	0.00315378
-1.187	0.00317108
-1.186	0.00318848
-1.185	0.00320596
-1.184	0.00322355
-1.183	0.00324123
-1.182	0.00325901
-1.181	0.00327689
-1.18	0.00329487
-1.179	0.00331294
-1.178	0.00333112
-1.177	0.00334939
-1.176	0.00336776
-1.175	0.00338624
-1.174	0.00340482
-1.173	0.00342349
-1.172	0.00344227
-1.171	0.00346116
-1.17	0.00348015
-1.169	0.00349924
-1.168	0.00351844
-1.167	0.00353774
-1.166	0.00355715
-1.165	0.00357666
-1.164	0.00359628
-1.163	0.00361601
-1.162	0.00363585
-1.161	0.0036558
-1.16	0.00367585
-1.159	0.00369601
-1.158	0.00371629
-1.157	0.00373668
-1.156	0.00375718
-1.155	0.00377779
-1.154	0.00379851
-1.153	0.00381935
-1.152	0.0038403
-1.151	0.00386137
-1.15	0.00388255
-1.149	0.00390385
-1.148	0.00392527
-1.147	0.0039468
-1.146	0.00396845
-1.145	0.00399022
-1.144	0.0040121
-1.143	0.00403411
-1.142	0.00405624
-1.141	0.00407849
-1.14	0.00410086
-1.139	0.00412335
-1.138	0.00414597
-1.137	0.00416871
-1.136	0.00419158
-1.135	0.00421457
-1.134	0.00423768
-1.133	0.00426094
-1.132	0.0042843
-1.131	0.0043078
-1.13	0.00433143
-1.129	0.00435518
-1.128	0.00437907
-1.127	0.00440309
-1.126	0.00442724
-1.125	0.00445151
-1.124	0.00447593
-1.123	0.00450048
-1.122	0.00452516
-1.121	0.00454998
-1.12	0.00457493
-1.119	0.00460003
-1.118	0.00462525
-1.117	0.00465062
-1.116	0.00467613
-1.115	0.00470177
-1.114	0.00472755
-1.113	0.00475348
-1.112	0.00477955
-1.111	0.00480576
-1.11	0.00483211
-1.109	0.00485861
-1.108	0.00488526
-1.107	0.00491205
-1.106	0.00493898
-1.105	0.00496607
-1.104	0.0049933
-1.103	0.00502068
-1.102	0.00504822
-1.101	0.0050759
-1.1	0.00510373
-1.099	0.00513172
-1.098	0.00515986
-1.097	0.00518815
-1.096	0.0052166
-1.095	0.0052452
-1.094	0.00527397
-1.093	0.00530289
-1.092	0.00533197
-1.091	0.00536121
-1.09	0.0053906
-1.089	0.00542016
-1.088	0.00544988
-1.087	0.00547976
-1.086	0.00550982
-1.085	0.00554003
-1.084	0.00557041
-1.083	0.00560096
-1.082	0.00563167
-1.081	0.00566255
-1.08	0.0056936
-1.079	0.00572482
-1.078	0.00575621
-1.077	0.00578777
-1.076	0.0058195
-1.075	0.00585142
-1.074	0.00588351
-1.073	0.00591578
-1.072	0.00594822
-1.071	0.00598083
-1.07	0.00601363
-1.069	0.00604661
-1.068	0.00607977
-1.067	0.00611311
-1.066	0.00614662
-1.065	0.00618033
-1.064	0.00621423
-1.063	0.00624831
-1.062	0.00628257
-1.061	0.00631703
-1.06	0.00635167
-1.059	0.00638651
-1.058	0.00642153
-1.057	0.00645674
-1.056	0.00649216
-1.055	0.00652776
-1.054	0.00656356
-1.053	0.00659956
-1.052	0.00663576
-1.051	0.00667215
-1.05	0.00670874
-1.049	0.00674553
-1.048	0.00678253
-1.047	0.00681973
-1.046	0.00685714
-1.045	0.00689474
-1.044	0.00693256
-1.043	0.00697059
-1.042	0.00700882
-1.041	0.00704727
-1.04	0.00708592
-1.039	0.00712478
-1.038	0.00716386
-1.037	0.00720316
-1.036	0.00724266
-1.035	0.00728238
-1.034	0.00732233
-1.033	0.00736249
-1.032	0.00740287
-1.031	0.00744348
-1.03	0.00748431
-1.029	0.00752536
-1.028	0.00756663
-1.027	0.00760813
-1.026	0.00764987
-1.025	0.00769183
-1.024	0.00773402
-1.023	0.00777644
-1.022	0.0078191
-1.021	0.00786198
-1.02	0.00790509
-1.019	0.00794845
-1.018	0.00799204
-1.017	0.00803589
-1.016	0.00807996
-1.015	0.00812427
-1.014	0.00816884
-1.013	0.00821364
-1.012	0.00825869
-1.011	0.00830398
-1.01	0.00834952
-1.009	0.00839531
-1.008	0.00844136
-1.007	0.00848765
-1.006	0.00853421
-1.005	0.00858102
-1.004	0.00862808
-1.003	0.00867539
-1.002	0.00872297
-1.001	0.00877081
-1	0.00881891
-0.999	0.00886728
-0.998	0.0089159
-0.997	0.0089648
-0.996	0.00901396
-0.995	0.0090634
-0.994	0.00911311
-0.993	0.00916308
-0.992	0.00921333
-0.991	0.00926385
-0.99	0.00931465
-0.989	0.00936574
-0.988	0.0094171
-0.987	0.00946873
-0.986	0.00952066
-0.985	0.00957288
-0.984	0.00962536
-0.983	0.00967816
-0.982	0.00973123
-0.981	0.0097846
-0.98	0.00983825
-0.979	0.0098922
-0.978	0.00994645
-0.977	0.010001
-0.976	0.0100558
-0.975	0.010111
-0.974	0.0101664
-0.973	0.0102222
-0.972	0.0102782
-0.971	0.0103346
-0.97	0.0103913
-0.969	0.0104483
-0.968	0.0105056
-0.967	0.0105632
-0.966	0.0106211
-0.965	0.0106793
-0.964	0.0107379
-0.963	0.0107968
-0.962	0.010856
-0.961	0.0109155
-0.96	0.0109754
-0.959	0.0110356
-0.958	0.0110961
-0.957	0.011157
-0.956	0.0112181
-0.955	0.0112797
-0.954	0.0113415
-0.953	0.0114037
-0.952	0.0114663
-0.951	0.0115291
-0.95	0.0115924
-0.949	0.0116559
-0.948	0.0117199
-0.947	0.0117841
-0.946	0.0118488
-0.945	0.0119137
-0.944	0.0119791
-0.943	0.0120448
-0.942	0.0121108
-0.941	0.0121772
-0.94	0.012244
-0.939	0.0123112
-0.938	0.0123787
-0.937	0.0124466
-0.936	0.0125148
-0.935	0.0125835
-0.934	0.0126525
-0.933	0.0127218
-0.932	0.0127916
-0.931	0.0128618
-0.93	0.0129323
-0.929	0.0130032
-0.928	0.0130745
-0.927	0.0131462
-0.926	0.0132183
-0.925	0.0132908
-0.924	0.0133637
-0.923	0.013437
-0.922	0.0135107
-0.921	0.0135848
-0.92	0.0136593
-0.919	0.0137342
-0.918	0.0138095
-0.917	0.0138852
-0.916	0.0139614
-0.915	0.0140379
-0.914	0.0141149
-0.913	0.0141923
-0.912	0.0142702
-0.911	0.0143484
-0.91	0.0144271
-0.909	0.0145062
-0.908	0.0145858
-0.907	0.0146658
-0.906	0.0147462
-0.905	0.0148271
-0.904	0.0149084
-0.903	0.0149901
-0.902	0.0150724
-0.901	0.015155
-0.9	0.0152381
-0.899	0.0153217
-0.898	0.0154057
-0.897	0.0154902
-0.896	0.0155752
-0.895	0.0156606
-0.894	0.0157465
-0.893	0.0158328
-0.892	0.0159196
-0.891	0.016007
-0.89	0.0160947
-0.889	0.016183
-0.888	0.0162718
-0.887	0.016361
-0.886	0.0164507
-0.885	0.016541
-0.884	0.0166317
-0.883	0.0167229
-0.882	0.0168146
-0.881	0.0169068
-0.88	0.0169996
-0.879	0.0170928
-0.878	0.0171865
-0.877	0.0172808
-0.876	0.0173756
-0.875	0.0174709
-0.874	0.0175667
-0.873	0.017663
-0.872	0.0177599
-0.871	0.0178573
-0.87	0.0179552
-0.869	0.0180537
-0.868	0.0181527
-0.867	0.0182523
-0.866	0.0183524
-0.865	0.018453
-0.864	0.0185542
-0.863	0.018656
-0.862	0.0187583
-0.861	0.0188611
-0.86	0.0189646
-0.859	0.0190686
-0.858	0.0191732
-0.857	0.0192783
-0.856	0.019384
-0.855	0.0194903
-0.854	0.0195972
-0.853	0.0197047
-0.852	0.0198128
-0.851	0.0199214
-0.85	0.0200307
-0.849	0.0201405
-0.848	0.020251
-0.847	0.020362
-0.846	0.0204737
-0.845	0.020586
-0.844	0.0206988
-0.843	0.0208124
-0.842	0.0209265
-0.841	0.0210412
-0.84	0.0211566
-0.839	0.0212727
-0.838	0.0213893
-0.837	0.0215066
-0.836	0.0216245
-0.835	0.0217431
-0.834	0.0218623
-0.833	0.0219822
-0.832	0.0221028
-0.831	0.022224
-0.83	0.0223458
-0.829	0.0224684
-0.828	0.0225916
-0.827	0.0227155
-0.826	0.02284
-0.825	0.0229653
-0.824	0.0230913
-0.823	0.0232179
-0.822	0.0233452
-0.821	0.0234732
-0.82	0.023602
-0.819	0.0237314
-0.818	0.0238615
-0.817	0.0239924
-0.816	0.024124
-0.815	0.0242563
-0.814	0.0243893
-0.813	0.024523
-0.812	0.0246575
-0.811	0.0247927
-0.81	0.0249287
-0.809	0.0250654
-0.808	0.0252029
-0.807	0.0253411
-0.806	0.0254801
-0.805	0.0256198
-0.804	0.0257603
-0.803	0.0259016
-0.802	0.0260436
-0.801	0.0261865
-0.8	0.0263301
-0.799	0.0264745
-0.798	0.0266196
-0.797	0.0267656
-0.796	0.0269124
-0.795	0.02706
-0.794	0.0272084
-0.793	0.0273577
-0.792	0.0275077
-0.791	0.0276586
-0.79	0.0278102
-0.789	0.0279627
-0.788	0.0281161
-0.787	0.0282703
-0.786	0.0284253
-0.785	0.0285812
-0.784	0.028738
-0.783	0.0288956
-0.782	0.029054
-0.781	0.0292134
-0.78	0.0293736
-0.779	0.0295347
-0.778	0.0296966
-0.777	0.0298595
-0.776	0.0300232
-0.775	0.0301879
-0.774	0.0303535
-0.773	0.0305199
-0.772	0.0306873
-0.771	0.0308556
-0.77	0.0310248
-0.769	0.0311949
-0.768	0.031366
-0.767	0.031538
-0.766	0.031711
-0.765	0.0318849
-0.764	0.0320597
-0.763	0.0322355
-0.762	0.0324123
-0.761	0.0325901
-0.76	0.0327688
-0.759	0.0329485
-0.758	0.0331292
-0.757	0.0333109
-0.756	0.0334935
-0.755	0.0336772
-0.754	0.0338619
-0.753	0.0340476
-0.752	0.0342343
-0.751	0.034422
-0.75	0.0346108
-0.749	0.0348006
-0.748	0.0349914
-0.747	0.0351833
-0.746	0.0353763
-0.745	0.0355703
-0.744	0.0357654
-0.743	0.0359615
-0.742	0.0361587
-0.741	0.036357
-0.74	0.0365564
-0.739	0.0367569
-0.738	0.0369584
-0.737	0.0371611
-0.736	0.0373649
-0.735	0.0375698
-0.734	0.0377759
-0.733	0.037983
-0.732	0.0381914
-0.731	0.0384008
-0.73	0.0386114
-0.729	0.0388231
-0.728	0.0390361
-0.727	0.0392501
-0.726	0.0394654
-0.725	0.0396819
-0.724	0.0398994
-0.723	0.0401183
-0.722	0.0403383
-0.721	0.0405595
-0.72	0.0407819
-0.719	0.0410056
-0.718	0.0412305
-0.717	0.0414566
-0.716	0.041684
-0.715	0.0419126
-0.714	0.0421424
-0.713	0.0423736
-0.712	0.0426059
-0.711	0.0428396
-0.71	0.0430745
-0.709	0.0433107
-0.708	0.0435482
-0.707	0.0437871
-0.706	0.0440272
-0.705	0.0442687
-0.704	0.0445115
-0.703	0.0447555
-0.702	0.045001
-0.701	0.0452478
-0.7	0.0454959
-0.699	0.0457454
-0.698	0.0459963
-0.697	0.0462485
-0.696	0.0465021
-0.695	0.0467572
-0.694	0.0470136
-0.693	0.0472714
-0.692	0.0475306
-0.691	0.0477913
-0.69	0.0480534
-0.689	0.0483169
-0.688	0.0485818
-0.687	0.0488482
-0.686	0.0491161
-0.685	0.0493855
-0.684	0.0496563
-0.683	0.0499286
-0.682	0.0502024
-0.681	0.0504777
-0.68	0.0507545
-0.679	0.0510328
-0.678	0.0513127
-0.677	0.0515941
-0.676	0.051877
-0.675	0.0521615
-0.674	0.0524475
-0.673	0.0527351
-0.672	0.0530244
-0.671	0.0533151
-0.67	0.0536075
-0.669	0.0539015
-0.668	0.0541971
-0.667	0.0544942
-0.666	0.0547931
-0.665	0.0550936
-0.664	0.0553958
-0.663	0.0556996
-0.662	0.056005
-0.661	0.0563121
-0.66	0.0566209
-0.659	0.0569314
-0.658	0.0572437
-0.657	0.0575576
-0.656	0.0578732
-0.655	0.0581906
-0.654	0.0585097
-0.653	0.0588306
-0.652	0.0591533
-0.651	0.0594777
-0.65	0.0598038
-0.649	0.0601319
-0.648	0.0604617
-0.647	0.0607932
-0.646	0.0611266
-0.645	0.0614618
-0.644	0.0617989
-0.643	0.0621378
-0.642	0.0624786
-0.641	0.0628212
-0.64	0.0631658
-0.639	0.0635122
-0.638	0.0638605
-0.637	0.0642108
-0.636	0.0645629
-0.635	0.064917
-0.634	0.065273
-0.633	0.0656309
-0.632	0.0659909
-0.631	0.0663528
-0.63	0.0667166
-0.629	0.0670826
-0.628	0.0674505
-0.627	0.0678204
-0.626	0.0681923
-0.625	0.0685662
-0.624	0.0689423
-0.623	0.0693204
-0.622	0.0697005
-0.621	0.0700828
-0.62	0.0704671
-0.619	0.0708536
-0.618	0.0712421
-0.617	0.0716328
-0.616	0.0720257
-0.615	0.0724207
-0.614	0.0728179
-0.613	0.0732172
-0.612	0.0736186
-0.611	0.0740223
-0.61	0.0744282
-0.609	0.0748365
-0.608	0.0752469
-0.607	0.0756594
-0.606	0.0760743
-0.605	0.0764916
-0.604	0.0769111
-0.603	0.0773329
-0.602	0.0777569
-0.601	0.0781834
-0.6	0.078612
-0.599	0.0790431
-0.598	0.0794766
-0.597	0.0799124
-0.596	0.0803507
-0.595	0.0807913
-0.594	0.0812343
-0.593	0.0816799
-0.592	0.0821277
-0.591	0.082578
-0.59	0.0830309
-0.589	0.0834863
-0.588	0.0839441
-0.587	0.0844046
-0.586	0.0848674
-0.585	0.0853328
-0.584	0.0858008
-0.583	0.0862712
-0.582	0.0867443
-0.581	0.0872202
-0.58	0.0876985
-0.579	0.0881794
-0.578	0.0886629
-0.577	0.0891492
-0.576	0.0896381
-0.575	0.0901296
-0.574	0.0906239
-0.573	0.091121
-0.572	0.0916207
-0.571	0.0921232
-0.57	0.0926284
-0.569	0.0931364
-0.568	0.0936472
-0.567	0.0941607
-0.566	0.0946771
-0.565	0.0951963
-0.564	0.0957183
-0.563	0.0962433
-0.562	0.0967712
-0.561	0.0973019
-0.56	0.0978355
-0.559	0.0983721
-0.558	0.0989115
-0.557	0.0994541
-0.556	0.0999994
-0.555	0.100548
-0.554	0.101099
-0.553	0.101654
-0.552	0.102211
-0.551	0.102772
-0.55	0.103335
-0.549	0.103902
-0.548	0.104472
-0.547	0.105045
-0.546	0.105621
-0.545	0.1062
-0.544	0.106782
-0.543	0.107368
-0.542	0.107957
-0.541	0.108549
-0.54	0.109144
-0.539	0.109743
-0.538	0.110345
-0.537	0.11095
-0.536	0.111558
-0.535	0.11217
-0.534	0.112785
-0.533	0.113404
-0.532	0.114025
-0.531	0.114651
-0.53	0.115279
-0.529	0.115912
-0.528	0.116547
-0.527	0.117186
-0.526	0.117829
-0.525	0.118475
-0.524	0.119125
-0.523	0.119778
-0.522	0.120435
-0.521	0.121095
-0.52	0.121759
-0.519	0.122427
-0.518	0.123099
-0.517	0.123774
-0.516	0.124452
-0.515	0.125135
-0.514	0.125821
-0.513	0.126511
-0.512	0.127205
-0.511	0.127902
-0.51	0.128604
-0.509	0.129309
-0.508	0.130018
-0.507	0.130731
-0.506	0.131448
-0.505	0.132169
-0.504	0.132894
-0.503	0.133623
-0.502	0.134355
-0.501	0.135092
-0.5	0.135833
-0.499	0.136578
-0.498	0.137327
-0.497	0.13808
-0.496	0.138837
-0.495	0.139599
-0.494	0.140364
-0.493	0.141134
-0.492	0.141908
-0.491	0.142687
-0.49	0.143469
-0.489	0.144256
-0.488	0.145047
-0.487	0.145842
-0.486	0.146642
-0.485	0.147446
-0.484	0.148255
-0.483	0.149068
-0.482	0.149886
-0.481	0.150708
-0.48	0.151534
-0.479	0.152365
-0.478	0.153201
-0.477	0.154041
-0.476	0.154886
-0.475	0.155735
-0.474	0.156589
-0.473	0.157448
-0.472	0.158311
-0.471	0.15918
-0.47	0.160053
-0.469	0.16093
-0.468	0.161813
-0.467	0.1627
-0.466	0.163593
-0.465	0.16449
-0.464	0.165392
-0.463	0.166299
-0.462	0.167211
-0.461	0.168128
-0.46	0.16905
-0.459	0.169977
-0.458	0.170909
-0.457	0.171846
-0.456	0.172789
-0.455	0.173736
-0.454	0.174689
-0.453	0.175647
-0.452	0.17661
-0.451	0.177579
-0.45	0.178553
-0.449	0.179532
-0.448	0.180516
-0.447	0.181506
-0.446	0.182502
-0.445	0.183502
-0.444	0.184509
-0.443	0.18552
-0.442	0.186538
-0.441	0.187561
-0.44	0.18859
-0.439	0.189623
-0.438	0.190663
-0.437	0.191709
-0.436	0.19276
-0.435	0.193817
-0.434	0.19488
-0.433	0.195949
-0.432	0.197023
-0.431	0.198104
-0.43	0.19919
-0.429	0.200283
-0.428	0.201381
-0.427	0.202485
-0.426	0.203596
-0.425	0.204712
-0.424	0.205835
-0.423	0.206964
-0.422	0.208099
-0.421	0.20924
-0.42	0.210387
-0.419	0.211541
-0.418	0.212701
-0.417	0.213868
-0.416	0.215041
-0.415	0.21622
-0.414	0.217452
-0.413	0.218785
-0.412	0.22022
-0.411	0.221758
-0.41	0.223399
-0.409	0.225143
-0.408	0.226991
-0.407	0.228943
-0.406	0.231
-0.405	0.23316
-0.404	0.235424
-0.403	0.237791
-0.402	0.240261
-0.401	0.242834
-0.4	0.245508
-0.399	0.248284
-0.398	0.251159
-0.397	0.254134
-0.396	0.257207
-0.395	0.260377
-0.394	0.263642
-0.393	0.267001
-0.392	0.270453
-0.391	0.273995
-0.39	0.277628
-0.389	0.281347
-0.388	0.285152
-0.387	0.289041
-0.386	0.293011
-0.385	0.297061
-0.384	0.301186
-0.383	0.305387
-0.382	0.309661
-0.381	0.314003
-0.38	0.318413
-0.379	0.322888
-0.378	0.327425
-0.377	0.33202
-0.376	0.336673
-0.375	0.341378
-0.374	0.346134
-0.373	0.350939
-0.372	0.355787
-0.371	0.360677
-0.37	0.365606
-0.369	0.37057
-0.368	0.375567
-0.367	0.380593
-0.366	0.385646
-0.365	0.390721
-0.364	0.395851
-0.363	0.401071
-0.362	0.406374
-0.361	0.411757
-0.36	0.417215
-0.359	0.422744
-0.358	0.428338
-0.357	0.433994
-0.356	0.439705
-0.355	0.445469
-0.354	0.451279
-0.353	0.457128
-0.352	0.463016
-0.351	0.468934
-0.35	0.474881
-0.349	0.480847
-0.348	0.48683
-0.347	0.492825
-0.346	0.498824
-0.345	0.504827
-0.344	0.510824
-0.343	0.516812
-0.342	0.522786
-0.341	0.52874
-0.34	0.53467
-0.339	0.54057
-0.338	0.546436
-0.337	0.552263
-0.336	0.558044
-0.335	0.563777
-0.334	0.569455
-0.333	0.575074
-0.332	0.580629
-0.331	0.586114
-0.33	0.591529
-0.329	0.596864
-0.328	0.602116
-0.327	0.607283
-0.326	0.612357
-0.325	0.617337
-0.324	0.622216
-0.323	0.626992
-0.322	0.631659
-0.321	0.636215
-0.32	0.640656
-0.319	0.644975
-0.318	0.649174
-0.317	0.653243
-0.316	0.657185
-0.315	0.660991
-0.314	0.664663
-0.313	0.668194
-0.312	0.671581
-0.311	0.674827
-0.31	0.677921
-0.309	0.680865
-0.308	0.683657
-0.307	0.686293
-0.306	0.688772
-0.305	0.691091
-0.304	0.693247
-0.303	0.695243
-0.302	0.697071
-0.301	0.698735
-0.3	0.700231
-0.299	0.701556
-0.298	0.702714
-0.297	0.703699
-0.296	0.704515
-0.295	0.705157
-0.294	0.705628
-0.293	0.705926
-0.292	0.706051
-0.291	0.706005
-0.29	0.705783
-0.289	0.705391
-0.288	0.704828
-0.287	0.704093
-0.286	0.703187
-0.285	0.702112
-0.284	0.70087
-0.283	0.69946
-0.282	0.697884
-0.281	0.696145
-0.28	0.694242
-0.279	0.692179
-0.278	0.689958
-0.277	0.68758
-0.276	0.685047
-0.275	0.682362
-0.274	0.679528
-0.273	0.676547
-0.272	0.673422
-0.271	0.670156
-0.27	0.666751
-0.269	0.66321
-0.268	0.659539
-0.267	0.655738
-0.266	0.651813
-0.265	0.647765
-0.264	0.643602
-0.263	0.63932
-0.262	0.634933
-0.261	0.630437
-0.26	0.62584
-0.259	0.621145
-0.258	0.616355
-0.257	0.611478
-0.256	0.606514
-0.255	0.601471
-0.254	0.596352
-0.253	0.591161
-0.252	0.585904
-0.251	0.580586
-0.25	0.575209
-0.249	0.569782
-0.248	0.564306
-0.247	0.558788
-0.246	0.553233
-0.245	0.547646
-0.244	0.542032
-0.243	0.536394
-0.242	0.53074
-0.241	0.525074
-0.24	0.519401
-0.239	0.513727
-0.238	0.508055
-0.237	0.502392
-0.236	0.496742
-0.235	0.491111
-0.234	0.485504
-0.233	0.479924
-0.232	0.47438
-0.231	0.468873
-0.23	0.463411
-0.229	0.457996
-0.228	0.452637
-0.227	0.447333
-0.226	0.442094
-0.225	0.436923
-0.224	0.431825
-0.223	0.426804
-0.222	0.421863
-0.221	0.41701
-0.22	0.412246
-0.219	0.407579
-0.218	0.403009
-0.217	0.398543
-0.216	0.394185
-0.215	0.389937
-0.214	0.385806
-0.213	0.381792
-0.212	0.377902
-0.211	0.374136
-0.21	0.370502
-0.209	0.366999
-0.208	0.363634
-0.207	0.360406
-0.206	0.357321
-0.205	0.354382
-0.204	0.35159
-0.203	0.348948
-0.202	0.346459
-0.201	0.344125
-0.2	0.341949
-0.199	0.339932
-0.198	0.338076
-0.197	0.336383
-0.196	0.334854
-0.195	0.333492
-0.194	0.332298
-0.193	0.331272
-0.192	0.330415
-0.191	0.32973
-0.19	0.329216
-0.189	0.328873
-0.188	0.328704
-0.187	0.328707
-0.186	0.328883
-0.185	0.329231
-0.184	0.329753
-0.183	0.330447
-0.182	0.331313
-0.181	0.332349
-0.18	0.333558
-0.179	0.334934
-0.178	0.33648
-0.177	0.338193
-0.176	0.340073
-0.175	0.342117
-0.174	0.344323
-0.173	0.346692
-0.172	0.349219
-0.171	0.351903
-0.17	0.354743
-0.169	0.357734
-0.168	0.360876
-0.167	0.364166
-0.166	0.3676
-0.165	0.371177
-0.164	0.374892
-0.163	0.378744
-0.162	0.382727
-0.161	0.386841
-0.16	0.391081
-0.159	0.395441
-0.158	0.399922
-0.157	0.404516
-0.156	0.409223
-0.155	0.414035
-0.154	0.418952
-0.153	0.423966
-0.152	0.429076
-0.151	0.434275
-0.15	0.439562
-0.149	0.444928
-0.148	0.450372
-0.147	0.455888
-0.146	0.461472
-0.145	0.467117
-0.144	0.472822
-0.143	0.478581
-0.142	0.484384
-0.141	0.490235
-0.14	0.496122
-0.139	0.502044
-0.138	0.507992
-0.137	0.513965
-0.136	0.519957
-0.135	0.52596
-0.134	0.531973
-0.133	0.537988
-0.132	0.544001
-0.131	0.550007
-0.13	0.556
-0.129	0.561975
-0.128	0.567929
-0.127	0.573854
-0.126	0.579747
-0.125	0.585602
-0.124	0.591415
-0.123	0.59718
-0.122	0.602892
-0.121	0.608547
-0.12	0.61414
-0.119	0.619667
-0.118	0.625121
-0.117	0.6305
-0.116	0.635797
-0.115	0.64101
-0.114	0.646135
-0.113	0.651163
-0.112	0.656094
-0.111	0.660923
-0.11	0.665644
-0.109	0.670257
-0.108	0.674753
-0.107	0.679134
-0.106	0.68339
-0.105	0.687523
-0.104	0.691527
-0.103	0.695398
-0.102	0.699135
-0.101	0.702732
-0.1	0.706188
