-4	4.55742e-009
-3.999	4.55629e-009
-3.998	4.59602e-009
-3.997	4.53755e-009
-3.996	4.55094e-009
-3.995	4.56754e-009
-3.994	4.54868e-009
-3.993	4.52361e-009
-3.992	4.53187e-009
-3.991	4.54383e-009
-3.99	4.5737e-009
-3.989	4.5361e-009
-3.988	4.51139e-009
-3.987	4.53397e-009
-3.986	4.50033e-009
-3.985	4.54372e-009
-3.984	4.5009e-009
-3.983	4.51817e-009
-3.982	4.50943e-009
-3.981	4.49648e-009
-3.98	4.52281e-009
-3.979	4.43235e-009
-3.978	4.50307e-009
-3.977	4.49545e-009
-3.976	4.40633e-009
-3.975	4.41519e-009
-3.974	4.44223e-009
-3.973	4.41465e-009
-3.972	4.38802e-009
-3.971	4.44922e-009
-3.97	4.42332e-009
-3.969	4.38148e-009
-3.968	4.394e-009
-3.967	4.35874e-009
-3.966	4.31757e-009
-3.965	4.33558e-009
-3.964	4.33553e-009
-3.963	4.29141e-009
-3.962	4.30327e-009
-3.961	4.32584e-009
-3.96	4.28418e-009
-3.959	4.23258e-009
-3.958	4.24537e-009
-3.957	4.23422e-009
-3.956	4.2055e-009
-3.955	4.22621e-009
-3.954	4.19613e-009
-3.953	4.15368e-009
-3.952	4.1653e-009
-3.951	4.17359e-009
-3.95	4.10686e-009
-3.949	4.08003e-009
-3.948	4.11972e-009
-3.947	4.077e-009
-3.946	4.02178e-009
-3.945	4.05463e-009
-3.944	4.03452e-009
-3.943	3.97363e-009
-3.942	3.99188e-009
-3.941	3.946e-009
-3.94	3.91761e-009
-3.939	3.93601e-009
-3.938	3.89207e-009
-3.937	3.8684e-009
-3.936	3.85195e-009
-3.935	3.85835e-009
-3.934	3.80246e-009
-3.933	3.78397e-009
-3.932	3.82041e-009
-3.931	3.72701e-009
-3.93	3.72471e-009
-3.929	3.73961e-009
-3.928	3.68475e-009
-3.927	3.67404e-009
-3.926	3.6747e-009
-3.925	3.63092e-009
-3.924	3.59533e-009
-3.923	3.61558e-009
-3.922	3.544e-009
-3.921	3.53188e-009
-3.92	3.55079e-009
-3.919	3.49721e-009
-3.918	3.49001e-009
-3.917	3.46895e-009
-3.916	3.43924e-009
-3.915	3.38247e-009
-3.914	3.40432e-009
-3.913	3.38614e-009
-3.912	3.32916e-009
-3.911	3.36374e-009
-3.91	3.31897e-009
-3.909	3.30806e-009
-3.908	3.25523e-009
-3.907	3.24512e-009
-3.906	3.23489e-009
-3.905	3.17242e-009
-3.904	3.20471e-009
-3.903	3.18025e-009
-3.902	3.14059e-009
-3.901	3.10481e-009
-3.9	3.07994e-009
-3.899	3.04296e-009
-3.898	3.02886e-009
-3.897	3.03144e-009
-3.896	3.00842e-009
-3.895	2.98057e-009
-3.894	2.97503e-009
-3.893	2.94627e-009
-3.892	2.91964e-009
-3.891	2.89874e-009
-3.89	2.85189e-009
-3.889	2.87244e-009
-3.888	2.86791e-009
-3.887	2.82483e-009
-3.886	2.78106e-009
-3.885	2.79093e-009
-3.884	2.74814e-009
-3.883	2.71234e-009
-3.882	2.71999e-009
-3.881	2.69099e-009
-3.88	2.66546e-009
-3.879	2.66122e-009
-3.878	2.67454e-009
-3.877	2.60149e-009
-3.876	2.61732e-009
-3.875	2.6297e-009
-3.874	2.57641e-009
-3.873	2.57531e-009
-3.872	2.52695e-009
-3.871	2.51385e-009
-3.87	2.51465e-009
-3.869	2.45948e-009
-3.868	2.46567e-009
-3.867	2.44711e-009
-3.866	2.43371e-009
-3.865	2.41999e-009
-3.864	2.40212e-009
-3.863	2.43373e-009
-3.862	2.38145e-009
-3.861	2.36775e-009
-3.86	2.37322e-009
-3.859	2.3438e-009
-3.858	2.31698e-009
-3.857	2.3089e-009
-3.856	2.28877e-009
-3.855	2.26751e-009
-3.854	2.27892e-009
-3.853	2.27584e-009
-3.852	2.24958e-009
-3.851	2.24108e-009
-3.85	2.22291e-009
-3.849	2.20917e-009
-3.848	2.20457e-009
-3.847	2.20364e-009
-3.846	2.17973e-009
-3.845	2.15552e-009
-3.844	2.19404e-009
-3.843	2.16114e-009
-3.842	2.15367e-009
-3.841	2.128e-009
-3.84	2.12609e-009
-3.839	2.13705e-009
-3.838	2.12247e-009
-3.837	2.10848e-009
-3.836	2.08591e-009
-3.835	2.11439e-009
-3.834	2.09667e-009
-3.833	2.05542e-009
-3.832	2.07861e-009
-3.831	2.09132e-009
-3.83	2.06845e-009
-3.829	2.06594e-009
-3.828	2.05368e-009
-3.827	2.05946e-009
-3.826	2.04647e-009
-3.825	2.0751e-009
-3.824	2.04536e-009
-3.823	2.04733e-009
-3.822	2.07755e-009
-3.821	2.05531e-009
-3.82	2.05848e-009
-3.819	2.06597e-009
-3.818	2.0597e-009
-3.817	2.06033e-009
-3.816	2.08623e-009
-3.815	2.04698e-009
-3.814	2.05127e-009
-3.813	2.08702e-009
-3.812	2.06659e-009
-3.811	2.04485e-009
-3.81	2.06119e-009
-3.809	2.08239e-009
-3.808	2.10434e-009
-3.807	2.09157e-009
-3.806	2.10817e-009
-3.805	2.09552e-009
-3.804	2.10527e-009
-3.803	2.10904e-009
-3.802	2.09213e-009
-3.801	2.12436e-009
-3.8	2.12591e-009
-3.799	2.1596e-009
-3.798	2.17044e-009
-3.797	2.17913e-009
-3.796	2.18173e-009
-3.795	2.16941e-009
-3.794	2.16117e-009
-3.793	2.19983e-009
-3.792	2.21168e-009
-3.791	2.21664e-009
-3.79	2.25069e-009
-3.789	2.23133e-009
-3.788	2.22553e-009
-3.787	2.27514e-009
-3.786	2.26619e-009
-3.785	2.26509e-009
-3.784	2.3095e-009
-3.783	2.3159e-009
-3.782	2.33971e-009
-3.781	2.33971e-009
-3.78	2.37069e-009
-3.779	2.34462e-009
-3.778	2.3575e-009
-3.777	2.39564e-009
-3.776	2.40988e-009
-3.775	2.44144e-009
-3.774	2.45501e-009
-3.773	2.47619e-009
-3.772	2.44714e-009
-3.771	2.48012e-009
-3.77	2.50545e-009
-3.769	2.49692e-009
-3.768	2.51186e-009
-3.767	2.58363e-009
-3.766	2.59206e-009
-3.765	2.60035e-009
-3.764	2.63531e-009
-3.763	2.63561e-009
-3.762	2.65028e-009
-3.761	2.66075e-009
-3.76	2.71257e-009
-3.759	2.72472e-009
-3.758	2.72748e-009
-3.757	2.76434e-009
-3.756	2.8006e-009
-3.755	2.78734e-009
-3.754	2.81205e-009
-3.753	2.8314e-009
-3.752	2.82906e-009
-3.751	2.87461e-009
-3.75	2.9074e-009
-3.749	2.89021e-009
-3.748	2.92516e-009
-3.747	2.98425e-009
-3.746	2.98121e-009
-3.745	3.00899e-009
-3.744	3.03853e-009
-3.743	3.05324e-009
-3.742	3.08814e-009
-3.741	3.07262e-009
-3.74	3.11777e-009
-3.739	3.1672e-009
-3.738	3.12637e-009
-3.737	3.19116e-009
-3.736	3.20404e-009
-3.735	3.20925e-009
-3.734	3.22003e-009
-3.733	3.26996e-009
-3.732	3.27197e-009
-3.731	3.25582e-009
-3.73	3.36141e-009
-3.729	3.34608e-009
-3.728	3.34675e-009
-3.727	3.41925e-009
-3.726	3.4249e-009
-3.725	3.41577e-009
-3.724	3.49277e-009
-3.723	3.53169e-009
-3.722	3.51913e-009
-3.721	3.52716e-009
-3.72	3.56616e-009
-3.719	3.57759e-009
-3.718	3.57503e-009
-3.717	3.60728e-009
-3.716	3.64318e-009
-3.715	3.63159e-009
-3.714	3.67949e-009
-3.713	3.72467e-009
-3.712	3.71086e-009
-3.711	3.73206e-009
-3.71	3.78672e-009
-3.709	3.83114e-009
-3.708	3.80325e-009
-3.707	3.8511e-009
-3.706	3.82856e-009
-3.705	3.85341e-009
-3.704	3.91311e-009
-3.703	3.94834e-009
-3.702	3.9421e-009
-3.701	3.94967e-009
-3.7	4.01238e-009
-3.699	3.96742e-009
-3.698	3.98754e-009
-3.697	4.03417e-009
-3.696	4.0336e-009
-3.695	4.05504e-009
-3.694	4.14623e-009
-3.693	4.12653e-009
-3.692	4.09624e-009
-3.691	4.14639e-009
-3.69	4.16084e-009
-3.689	4.14622e-009
-3.688	4.18017e-009
-3.687	4.20977e-009
-3.686	4.20557e-009
-3.685	4.26317e-009
-3.684	4.27692e-009
-3.683	4.24552e-009
-3.682	4.31043e-009
-3.681	4.32267e-009
-3.68	4.28991e-009
-3.679	4.35463e-009
-3.678	4.34124e-009
-3.677	4.33172e-009
-3.676	4.37947e-009
-3.675	4.38605e-009
-3.674	4.37986e-009
-3.673	4.40344e-009
-3.672	4.43033e-009
-3.671	4.45663e-009
-3.67	4.44043e-009
-3.669	4.49186e-009
-3.668	4.50207e-009
-3.667	4.48379e-009
-3.666	4.49524e-009
-3.665	4.49212e-009
-3.664	4.54208e-009
-3.663	4.49742e-009
-3.662	4.54858e-009
-3.661	4.55223e-009
-3.66	4.52068e-009
-3.659	4.60086e-009
-3.658	4.58437e-009
-3.657	4.56135e-009
-3.656	4.57926e-009
-3.655	4.60163e-009
-3.654	4.60987e-009
-3.653	4.5856e-009
-3.652	4.62115e-009
-3.651	4.6122e-009
-3.65	4.62878e-009
-3.649	4.65097e-009
-3.648	4.59777e-009
-3.647	4.62679e-009
-3.646	4.64167e-009
-3.645	4.64448e-009
-3.644	4.63657e-009
-3.643	4.65093e-009
-3.642	4.64817e-009
-3.641	4.66482e-009
-3.64	4.62843e-009
-3.639	4.61807e-009
-3.638	4.68586e-009
-3.637	4.65397e-009
-3.636	4.6349e-009
-3.635	4.6692e-009
-3.634	4.688e-009
-3.633	4.62725e-009
-3.632	4.63761e-009
-3.631	4.65436e-009
-3.63	4.6357e-009
-3.629	4.61979e-009
-3.628	4.62115e-009
-3.627	4.59846e-009
-3.626	4.59106e-009
-3.625	4.61934e-009
-3.624	4.58726e-009
-3.623	4.58512e-009
-3.622	4.59555e-009
-3.621	4.60594e-009
-3.62	4.55599e-009
-3.619	4.58956e-009
-3.618	4.6206e-009
-3.617	4.53031e-009
-3.616	4.56349e-009
-3.615	4.57367e-009
-3.614	4.54451e-009
-3.613	4.50642e-009
-3.612	4.50316e-009
-3.611	4.52159e-009
-3.61	4.46127e-009
-3.609	4.4937e-009
-3.608	4.45374e-009
-3.607	4.46446e-009
-3.606	4.46834e-009
-3.605	4.48248e-009
-3.604	4.46735e-009
-3.603	4.37727e-009
-3.602	4.42005e-009
-3.601	4.35871e-009
-3.6	4.39553e-009
-3.599	4.38506e-009
-3.598	4.33309e-009
-3.597	4.34584e-009
-3.596	4.30321e-009
-3.595	4.27152e-009
-3.594	4.25721e-009
-3.593	4.26402e-009
-3.592	4.24247e-009
-3.591	4.25209e-009
-3.59	4.25749e-009
-3.589	4.20781e-009
-3.588	4.19132e-009
-3.587	4.2095e-009
-3.586	4.18285e-009
-3.585	4.15591e-009
-3.584	4.14326e-009
-3.583	4.10354e-009
-3.582	4.08311e-009
-3.581	4.07994e-009
-3.58	4.0335e-009
-3.579	4.03264e-009
-3.578	4.03257e-009
-3.577	4.02851e-009
-3.576	3.97205e-009
-3.575	3.93643e-009
-3.574	3.93457e-009
-3.573	3.86898e-009
-3.572	3.85314e-009
-3.571	3.89638e-009
-3.57	3.86857e-009
-3.569	3.81122e-009
-3.568	3.85949e-009
-3.567	3.79354e-009
-3.566	3.74882e-009
-3.565	3.76075e-009
-3.564	3.74643e-009
-3.563	3.6861e-009
-3.562	3.67729e-009
-3.561	3.71406e-009
-3.56	3.61027e-009
-3.559	3.61997e-009
-3.558	3.61679e-009
-3.557	3.56105e-009
-3.556	3.56163e-009
-3.555	3.53656e-009
-3.554	3.5383e-009
-3.553	3.49795e-009
-3.552	3.4969e-009
-3.551	3.47948e-009
-3.55	3.39269e-009
-3.549	3.38639e-009
-3.548	3.37249e-009
-3.547	3.39053e-009
-3.546	3.34351e-009
-3.545	3.33072e-009
-3.544	3.31236e-009
-3.543	3.26758e-009
-3.542	3.28466e-009
-3.541	3.22654e-009
-3.54	3.21469e-009
-3.539	3.18993e-009
-3.538	3.1866e-009
-3.537	3.16372e-009
-3.536	3.13154e-009
-3.535	3.12243e-009
-3.534	3.08262e-009
-3.533	3.08008e-009
-3.532	3.05651e-009
-3.531	3.00964e-009
-3.53	3.00342e-009
-3.529	2.95809e-009
-3.528	2.963e-009
-3.527	2.94878e-009
-3.526	2.91499e-009
-3.525	2.93359e-009
-3.524	2.8846e-009
-3.523	2.87718e-009
-3.522	2.80733e-009
-3.521	2.80028e-009
-3.52	2.8059e-009
-3.519	2.74174e-009
-3.518	2.77315e-009
-3.517	2.75122e-009
-3.516	2.70613e-009
-3.515	2.67747e-009
-3.514	2.68188e-009
-3.513	2.6745e-009
-3.512	2.62231e-009
-3.511	2.65328e-009
-3.51	2.63609e-009
-3.509	2.58609e-009
-3.508	2.59086e-009
-3.507	2.56507e-009
-3.506	2.53331e-009
-3.505	2.52903e-009
-3.504	2.51868e-009
-3.503	2.47591e-009
-3.502	2.52143e-009
-3.501	2.48104e-009
-3.5	2.4209e-009
-3.499	2.45036e-009
-3.498	2.40841e-009
-3.497	2.40831e-009
-3.496	2.38904e-009
-3.495	2.38854e-009
-3.494	2.38716e-009
-3.493	2.37895e-009
-3.492	2.37645e-009
-3.491	2.33232e-009
-3.49	2.32696e-009
-3.489	2.32532e-009
-3.488	2.29343e-009
-3.487	2.28341e-009
-3.486	2.28296e-009
-3.485	2.27586e-009
-3.484	2.27206e-009
-3.483	2.25236e-009
-3.482	2.23703e-009
-3.481	2.215e-009
-3.48	2.22547e-009
-3.479	2.2219e-009
-3.478	2.20481e-009
-3.477	2.1986e-009
-3.476	2.192e-009
-3.475	2.19293e-009
-3.474	2.19332e-009
-3.473	2.16819e-009
-3.472	2.16825e-009
-3.471	2.176e-009
-3.47	2.17066e-009
-3.469	2.15351e-009
-3.468	2.13964e-009
-3.467	2.13736e-009
-3.466	2.14355e-009
-3.465	2.12796e-009
-3.464	2.13986e-009
-3.463	2.153e-009
-3.462	2.12543e-009
-3.461	2.17698e-009
-3.46	2.13038e-009
-3.459	2.13291e-009
-3.458	2.15859e-009
-3.457	2.13264e-009
-3.456	2.13621e-009
-3.455	2.13051e-009
-3.454	2.13642e-009
-3.453	2.13677e-009
-3.452	2.14556e-009
-3.451	2.16187e-009
-3.45	2.14e-009
-3.449	2.15942e-009
-3.448	2.18117e-009
-3.447	2.16455e-009
-3.446	2.17649e-009
-3.445	2.16519e-009
-3.444	2.17971e-009
-3.443	2.17673e-009
-3.442	2.19269e-009
-3.441	2.18996e-009
-3.44	2.19459e-009
-3.439	2.21739e-009
-3.438	2.21912e-009
-3.437	2.23668e-009
-3.436	2.24892e-009
-3.435	2.24193e-009
-3.434	2.24565e-009
-3.433	2.26372e-009
-3.432	2.27435e-009
-3.431	2.28541e-009
-3.43	2.30436e-009
-3.429	2.30602e-009
-3.428	2.3091e-009
-3.427	2.32313e-009
-3.426	2.33229e-009
-3.425	2.36053e-009
-3.424	2.35142e-009
-3.423	2.37216e-009
-3.422	2.38353e-009
-3.421	2.40394e-009
-3.42	2.43144e-009
-3.419	2.4227e-009
-3.418	2.43603e-009
-3.417	2.41901e-009
-3.416	2.47086e-009
-3.415	2.46194e-009
-3.414	2.51305e-009
-3.413	2.53794e-009
-3.412	2.487e-009
-3.411	2.54604e-009
-3.41	2.54204e-009
-3.409	2.55816e-009
-3.408	2.60011e-009
-3.407	2.62949e-009
-3.406	2.64516e-009
-3.405	2.65308e-009
-3.404	2.68628e-009
-3.403	2.68556e-009
-3.402	2.68497e-009
-3.401	2.71567e-009
-3.4	2.73496e-009
-3.399	2.75192e-009
-3.398	2.77658e-009
-3.397	2.82406e-009
-3.396	2.82386e-009
-3.395	2.83031e-009
-3.394	2.87217e-009
-3.393	2.87637e-009
-3.392	2.85392e-009
-3.391	2.92215e-009
-3.39	2.95027e-009
-3.389	2.96132e-009
-3.388	2.97979e-009
-3.387	3.00765e-009
-3.386	3.03254e-009
-3.385	3.00117e-009
-3.384	3.07139e-009
-3.383	3.08937e-009
-3.382	3.12081e-009
-3.381	3.15494e-009
-3.38	3.15214e-009
-3.379	3.1676e-009
-3.378	3.18859e-009
-3.377	3.21083e-009
-3.376	3.22568e-009
-3.375	3.26965e-009
-3.374	3.3061e-009
-3.373	3.3261e-009
-3.372	3.32696e-009
-3.371	3.37791e-009
-3.37	3.36019e-009
-3.369	3.3564e-009
-3.368	3.43099e-009
-3.367	3.43124e-009
-3.366	3.42957e-009
-3.365	3.47926e-009
-3.364	3.51123e-009
-3.363	3.55121e-009
-3.362	3.54788e-009
-3.361	3.56964e-009
-3.36	3.60126e-009
-3.359	3.61649e-009
-3.358	3.64881e-009
-3.357	3.6727e-009
-3.356	3.67213e-009
-3.355	3.6539e-009
-3.354	3.75933e-009
-3.353	3.75695e-009
-3.352	3.76462e-009
-3.351	3.78736e-009
-3.35	3.81493e-009
-3.349	3.82492e-009
-3.348	3.85053e-009
-3.347	3.86871e-009
-3.346	3.86151e-009
-3.345	3.94e-009
-3.344	3.96453e-009
-3.343	3.97659e-009
-3.342	3.96841e-009
-3.341	4.02164e-009
-3.34	4.04685e-009
-3.339	4.02436e-009
-3.338	4.05679e-009
-3.337	4.09444e-009
-3.336	4.09989e-009
-3.335	4.09702e-009
-3.334	4.13029e-009
-3.333	4.18815e-009
-3.332	4.15119e-009
-3.331	4.2066e-009
-3.33	4.24983e-009
-3.329	4.22369e-009
-3.328	4.25237e-009
-3.327	4.29344e-009
-3.326	4.26656e-009
-3.325	4.26791e-009
-3.324	4.35905e-009
-3.323	4.35728e-009
-3.322	4.32011e-009
-3.321	4.35493e-009
-3.32	4.41669e-009
-3.319	4.37658e-009
-3.318	4.41043e-009
-3.317	4.42602e-009
-3.316	4.43559e-009
-3.315	4.43811e-009
-3.314	4.47395e-009
-3.313	4.48065e-009
-3.312	4.42733e-009
-3.311	4.52635e-009
-3.31	4.55582e-009
-3.309	4.52477e-009
-3.308	4.53183e-009
-3.307	4.56291e-009
-3.306	4.56532e-009
-3.305	4.56347e-009
-3.304	4.60601e-009
-3.303	4.58467e-009
-3.302	4.58424e-009
-3.301	4.63659e-009
-3.3	4.61506e-009
-3.299	4.60987e-009
-3.298	4.64896e-009
-3.297	4.64457e-009
-3.296	4.61938e-009
-3.295	4.64711e-009
-3.294	4.67899e-009
-3.293	4.66403e-009
-3.292	4.69881e-009
-3.291	4.69905e-009
-3.29	4.73708e-009
-3.289	4.67912e-009
-3.288	4.7093e-009
-3.287	4.70379e-009
-3.286	4.70061e-009
-3.285	4.73987e-009
-3.284	4.6999e-009
-3.283	4.75004e-009
-3.282	4.713e-009
-3.281	4.73818e-009
-3.28	4.72509e-009
-3.279	4.73391e-009
-3.278	4.74593e-009
-3.277	4.71294e-009
-3.276	4.71908e-009
-3.275	4.72613e-009
-3.274	4.68487e-009
-3.273	4.72486e-009
-3.272	4.72212e-009
-3.271	4.67491e-009
-3.27	4.76758e-009
-3.269	4.7527e-009
-3.268	4.6918e-009
-3.267	4.74209e-009
-3.266	4.73372e-009
-3.265	4.6736e-009
-3.264	4.68505e-009
-3.263	4.71942e-009
-3.262	4.66278e-009
-3.261	4.64929e-009
-3.26	4.67994e-009
-3.259	4.64873e-009
-3.258	4.64818e-009
-3.257	4.6832e-009
-3.256	4.64518e-009
-3.255	4.61325e-009
-3.254	4.68963e-009
-3.253	4.64275e-009
-3.252	4.60775e-009
-3.251	4.61653e-009
-3.25	4.60695e-009
-3.249	4.61888e-009
-3.248	4.55361e-009
-3.247	4.57379e-009
-3.246	4.52682e-009
-3.245	4.54527e-009
-3.244	4.52598e-009
-3.243	4.50496e-009
-3.242	4.54008e-009
-3.241	4.48364e-009
-3.24	4.537e-009
-3.239	4.47814e-009
-3.238	4.44245e-009
-3.237	4.43821e-009
-3.236	4.43547e-009
-3.235	4.44505e-009
-3.234	4.39996e-009
-3.233	4.40931e-009
-3.232	4.3902e-009
-3.231	4.35355e-009
-3.23	4.32125e-009
-3.229	4.31141e-009
-3.228	4.32845e-009
-3.227	4.28846e-009
-3.226	4.29078e-009
-3.225	4.24747e-009
-3.224	4.21194e-009
-3.223	4.22444e-009
-3.222	4.22023e-009
-3.221	4.20359e-009
-3.22	4.16703e-009
-3.219	4.20987e-009
-3.218	4.13981e-009
-3.217	4.08308e-009
-3.216	4.12314e-009
-3.215	4.08093e-009
-3.214	4.04737e-009
-3.213	4.08196e-009
-3.212	3.98361e-009
-3.211	3.96093e-009
-3.21	3.98376e-009
-3.209	3.94478e-009
-3.208	3.89255e-009
-3.207	3.89885e-009
-3.206	3.939e-009
-3.205	3.8463e-009
-3.204	3.8601e-009
-3.203	3.84384e-009
-3.202	3.81498e-009
-3.201	3.81015e-009
-3.2	3.77089e-009
-3.199	3.75456e-009
-3.198	3.70732e-009
-3.197	3.72963e-009
-3.196	3.69239e-009
-3.195	3.63442e-009
-3.194	3.63081e-009
-3.193	3.61214e-009
-3.192	3.60256e-009
-3.191	3.58282e-009
-3.19	3.56321e-009
-3.189	3.51872e-009
-3.188	3.51061e-009
-3.187	3.54277e-009
-3.186	3.46101e-009
-3.185	3.45869e-009
-3.184	3.42549e-009
-3.183	3.39691e-009
-3.182	3.38198e-009
-3.181	3.32989e-009
-3.18	3.32114e-009
-3.179	3.24701e-009
-3.178	3.278e-009
-3.177	3.28468e-009
-3.176	3.25169e-009
-3.175	3.23046e-009
-3.174	3.24781e-009
-3.173	3.19286e-009
-3.172	3.13626e-009
-3.171	3.12901e-009
-3.17	3.11953e-009
-3.169	3.12037e-009
-3.168	3.12235e-009
-3.167	3.03791e-009
-3.166	3.04977e-009
-3.165	3.05611e-009
-3.164	2.95635e-009
-3.163	2.95992e-009
-3.162	2.9652e-009
-3.161	2.93759e-009
-3.16	2.9053e-009
-3.159	2.91607e-009
-3.158	2.86356e-009
-3.157	2.82927e-009
-3.156	2.86131e-009
-3.155	2.79133e-009
-3.154	2.78691e-009
-3.153	2.79832e-009
-3.152	2.78705e-009
-3.151	2.75955e-009
-3.15	2.67947e-009
-3.149	2.72446e-009
-3.148	2.69231e-009
-3.147	2.68471e-009
-3.146	2.65498e-009
-3.145	2.60924e-009
-3.144	2.63599e-009
-3.143	2.61592e-009
-3.142	2.62457e-009
-3.141	2.57791e-009
-3.14	2.56189e-009
-3.139	2.55303e-009
-3.138	2.53594e-009
-3.137	2.50757e-009
-3.136	2.47177e-009
-3.135	2.49851e-009
-3.134	2.5056e-009
-3.133	2.4811e-009
-3.132	2.447e-009
-3.131	2.43661e-009
-3.13	2.43643e-009
-3.129	2.40814e-009
-3.128	2.40603e-009
-3.127	2.37442e-009
-3.126	2.3931e-009
-3.125	2.38922e-009
-3.124	2.3567e-009
-3.123	2.38845e-009
-3.122	2.34522e-009
-3.121	2.33165e-009
-3.12	2.31973e-009
-3.119	2.31342e-009
-3.118	2.33913e-009
-3.117	2.30001e-009
-3.116	2.3079e-009
-3.115	2.30496e-009
-3.114	2.27901e-009
-3.113	2.27107e-009
-3.112	2.25079e-009
-3.111	2.25883e-009
-3.11	2.25e-009
-3.109	2.2441e-009
-3.108	2.27314e-009
-3.107	2.2121e-009
-3.106	2.23933e-009
-3.105	2.24025e-009
-3.104	2.22165e-009
-3.103	2.22849e-009
-3.102	2.22403e-009
-3.101	2.22636e-009
-3.1	2.21233e-009
-3.099	2.23321e-009
-3.098	2.20617e-009
-3.097	2.22392e-009
-3.096	2.21768e-009
-3.095	2.21775e-009
-3.094	2.22457e-009
-3.093	2.23682e-009
-3.092	2.21737e-009
-3.091	2.19849e-009
-3.09	2.21666e-009
-3.089	2.22242e-009
-3.088	2.22467e-009
-3.087	2.24295e-009
-3.086	2.25717e-009
-3.085	2.24457e-009
-3.084	2.23625e-009
-3.083	2.28456e-009
-3.082	2.24842e-009
-3.081	2.23498e-009
-3.08	2.30301e-009
-3.079	2.27926e-009
-3.078	2.28558e-009
-3.077	2.31849e-009
-3.076	2.31485e-009
-3.075	2.32336e-009
-3.074	2.30023e-009
-3.073	2.31867e-009
-3.072	2.33501e-009
-3.071	2.32711e-009
-3.07	2.36784e-009
-3.069	2.37245e-009
-3.068	2.37152e-009
-3.067	2.38523e-009
-3.066	2.39148e-009
-3.065	2.40852e-009
-3.064	2.39684e-009
-3.063	2.46415e-009
-3.062	2.43031e-009
-3.061	2.42845e-009
-3.06	2.4826e-009
-3.059	2.49096e-009
-3.058	2.49584e-009
-3.057	2.50653e-009
-3.056	2.52316e-009
-3.055	2.52078e-009
-3.054	2.57389e-009
-3.053	2.55677e-009
-3.052	2.58179e-009
-3.051	2.59911e-009
-3.05	2.59837e-009
-3.049	2.64135e-009
-3.048	2.62481e-009
-3.047	2.66361e-009
-3.046	2.66239e-009
-3.045	2.71627e-009
-3.044	2.67582e-009
-3.043	2.78679e-009
-3.042	2.7207e-009
-3.041	2.80722e-009
-3.04	2.79275e-009
-3.039	2.87331e-009
-3.038	2.90813e-009
-3.037	2.9184e-009
-3.036	3.0679e-009
-3.035	2.99911e-009
-3.034	3.10403e-009
-3.033	3.15122e-009
-3.032	3.19622e-009
-3.031	3.29387e-009
-3.03	3.36869e-009
-3.029	3.44228e-009
-3.028	3.56339e-009
-3.027	3.60944e-009
-3.026	3.77023e-009
-3.025	3.81429e-009
-3.024	3.96998e-009
-3.023	4.0922e-009
-3.022	4.20686e-009
-3.021	4.40417e-009
-3.02	4.54199e-009
-3.019	4.71179e-009
-3.018	4.83293e-009
-3.017	5.05253e-009
-3.016	5.2762e-009
-3.015	5.43973e-009
-3.014	5.71604e-009
-3.013	5.8638e-009
-3.012	6.17072e-009
-3.011	6.41764e-009
-3.01	6.69149e-009
-3.009	6.99447e-009
-3.008	7.29206e-009
-3.007	7.68647e-009
-3.006	7.9851e-009
-3.005	8.38931e-009
-3.004	8.73201e-009
-3.003	9.11192e-009
-3.002	9.60483e-009
-3.001	1.00697e-008
-3	1.05396e-008
-2.999	1.10727e-008
-2.998	1.15728e-008
-2.997	1.21747e-008
-2.996	1.27313e-008
-2.995	1.34073e-008
-2.994	1.40649e-008
-2.993	1.48551e-008
-2.992	1.55239e-008
-2.991	1.62854e-008
-2.99	1.71966e-008
-2.989	1.79808e-008
-2.988	1.89332e-008
-2.987	1.98602e-008
-2.986	2.09712e-008
-2.985	2.19614e-008
-2.984	2.32725e-008
-2.983	2.44339e-008
-2.982	2.56449e-008
-2.981	2.70609e-008
-2.98	2.82365e-008
-2.979	3.00333e-008
-2.978	3.13988e-008
-2.977	3.30869e-008
-2.976	3.47909e-008
-2.975	3.66104e-008
-2.974	3.86414e-008
-2.973	4.04085e-008
-2.972	4.26928e-008
-2.971	4.4608e-008
-2.97	4.72186e-008
-2.969	4.95982e-008
-2.968	5.23391e-008
-2.967	5.49835e-008
-2.966	5.76531e-008
-2.965	6.11324e-008
-2.964	6.40767e-008
-2.963	6.73385e-008
-2.962	7.06538e-008
-2.961	7.4861e-008
-2.96	7.8475e-008
-2.959	8.233e-008
-2.958	8.71765e-008
-2.957	9.14628e-008
-2.956	9.64009e-008
-2.955	1.01063e-007
-2.954	1.06835e-007
-2.953	1.12127e-007
-2.952	1.17977e-007
-2.951	1.24206e-007
-2.95	1.30517e-007
-2.949	1.37269e-007
-2.948	1.44308e-007
-2.947	1.52159e-007
-2.946	1.59877e-007
-2.945	1.68074e-007
-2.944	1.76745e-007
-2.943	1.86379e-007
-2.942	1.95299e-007
-2.941	2.05916e-007
-2.94	2.16884e-007
-2.939	2.27529e-007
-2.938	2.39603e-007
-2.937	2.51665e-007
-2.936	2.65202e-007
-2.935	2.78468e-007
-2.934	2.93256e-007
-2.933	3.08094e-007
-2.932	3.24081e-007
-2.931	3.41124e-007
-2.93	3.58592e-007
-2.929	3.78038e-007
-2.928	3.95795e-007
-2.927	4.1798e-007
-2.926	4.38529e-007
-2.925	4.61441e-007
-2.924	4.85528e-007
-2.923	5.09731e-007
-2.922	5.37296e-007
-2.921	5.6404e-007
-2.92	5.93984e-007
-2.919	6.23684e-007
-2.918	6.57426e-007
-2.917	6.89802e-007
-2.916	7.26424e-007
-2.915	7.63794e-007
-2.914	8.02146e-007
-2.913	8.45039e-007
-2.912	8.87774e-007
-2.911	9.34695e-007
-2.91	9.81054e-007
-2.909	1.03304e-006
-2.908	1.08592e-006
-2.907	1.14187e-006
-2.906	1.1999e-006
-2.905	1.26269e-006
-2.904	1.32823e-006
-2.903	1.39595e-006
-2.902	1.46913e-006
-2.901	1.54316e-006
-2.9	1.6238e-006
-2.899	1.70614e-006
-2.898	1.79556e-006
-2.897	1.8866e-006
-2.896	1.98382e-006
-2.895	2.08777e-006
-2.894	2.1938e-006
-2.893	2.30939e-006
-2.892	2.42493e-006
-2.891	2.55269e-006
-2.89	2.68201e-006
-2.889	2.8204e-006
-2.888	2.96704e-006
-2.887	3.11679e-006
-2.886	3.28149e-006
-2.885	3.44656e-006
-2.884	3.62885e-006
-2.883	3.81294e-006
-2.882	4.00989e-006
-2.881	4.21618e-006
-2.88	4.43147e-006
-2.879	4.66309e-006
-2.878	4.89822e-006
-2.877	5.15575e-006
-2.876	5.41641e-006
-2.875	5.70117e-006
-2.874	5.99271e-006
-2.873	6.29989e-006
-2.872	6.62439e-006
-2.871	6.9681e-006
-2.87	7.3242e-006
-2.869	7.70489e-006
-2.868	8.0962e-006
-2.867	8.5179e-006
-2.866	8.95551e-006
-2.865	9.41399e-006
-2.864	9.90199e-006
-2.863	1.04085e-005
-2.862	1.09467e-005
-2.861	1.15084e-005
-2.86	1.21053e-005
-2.859	1.2724e-005
-2.858	1.33799e-005
-2.857	1.40725e-005
-2.856	1.4793e-005
-2.855	1.55591e-005
-2.854	1.63535e-005
-2.853	1.7196e-005
-2.852	1.80897e-005
-2.851	1.90115e-005
-2.85	2.00014e-005
-2.849	2.10204e-005
-2.848	2.21116e-005
-2.847	2.3246e-005
-2.846	2.44442e-005
-2.845	2.57053e-005
-2.844	2.7021e-005
-2.843	2.84202e-005
-2.842	2.98779e-005
-2.841	3.14203e-005
-2.84	3.30387e-005
-2.839	3.47377e-005
-2.838	3.65298e-005
-2.837	3.84064e-005
-2.836	4.03864e-005
-2.835	4.24634e-005
-2.834	4.46503e-005
-2.833	4.69509e-005
-2.832	4.93647e-005
-2.831	5.19168e-005
-2.83	5.45819e-005
-2.829	5.73918e-005
-2.828	6.03479e-005
-2.827	6.34533e-005
-2.826	6.67242e-005
-2.825	7.01586e-005
-2.824	7.37746e-005
-2.823	7.75783e-005
-2.822	8.1558e-005
-2.821	8.5771e-005
-2.82	9.01748e-005
-2.819	9.48298e-005
-2.818	9.9706e-005
-2.817	0.000104841
-2.816	0.000110249
-2.815	0.000115916
-2.814	0.000121898
-2.813	0.000128153
-2.812	0.000134771
-2.811	0.000141704
-2.81	0.000149
-2.809	0.000156686
-2.808	0.00016474
-2.807	0.000173233
-2.806	0.000182139
-2.805	0.000191524
-2.804	0.000201388
-2.803	0.000211742
-2.802	0.00022267
-2.801	0.000234131
-2.8	0.000246189
-2.799	0.000258864
-2.798	0.000272202
-2.797	0.000286224
-2.796	0.000300943
-2.795	0.000316454
-2.794	0.000332738
-2.793	0.00034988
-2.792	0.00036792
-2.791	0.000386837
-2.79	0.000406785
-2.789	0.000427701
-2.788	0.000449743
-2.787	0.000472901
-2.786	0.00049726
-2.785	0.000522858
-2.784	0.00054978
-2.783	0.000578134
-2.782	0.00060789
-2.781	0.000639186
-2.78	0.000672111
-2.779	0.000706731
-2.778	0.000743121
-2.777	0.000781382
-2.776	0.000821642
-2.775	0.000863944
-2.774	0.000908426
-2.773	0.000955237
-2.772	0.00100443
-2.771	0.00105615
-2.77	0.00111052
-2.769	0.00116773
-2.768	0.00122788
-2.767	0.00129107
-2.766	0.00135762
-2.765	0.00142752
-2.764	0.00150103
-2.763	0.00157835
-2.762	0.00165963
-2.761	0.00174518
-2.76	0.00183496
-2.759	0.00192953
-2.758	0.00202887
-2.757	0.00213338
-2.756	0.00224321
-2.755	0.00235874
-2.754	0.00248028
-2.753	0.00260792
-2.752	0.00274228
-2.751	0.00288352
-2.75	0.00303205
-2.749	0.00318815
-2.748	0.00335243
-2.747	0.00352507
-2.746	0.00370662
-2.745	0.00389751
-2.744	0.00409827
-2.743	0.00430936
-2.742	0.00453122
-2.741	0.00476466
-2.74	0.00501002
-2.739	0.00526804
-2.738	0.00553936
-2.737	0.00582467
-2.736	0.00612467
-2.735	0.0064401
-2.734	0.00677184
-2.733	0.00712052
-2.732	0.0074873
-2.731	0.00787282
-2.73	0.00827839
-2.729	0.00870476
-2.728	0.00915304
-2.727	0.00962457
-2.726	0.0101201
-2.725	0.0106414
-2.724	0.0111895
-2.723	0.0117658
-2.722	0.0123717
-2.721	0.0130089
-2.72	0.0136789
-2.719	0.0143833
-2.718	0.0151242
-2.717	0.015903
-2.716	0.0167222
-2.715	0.0175833
-2.714	0.018489
-2.713	0.0194114
-2.712	0.0203496
-2.711	0.0213024
-2.71	0.0222686
-2.709	0.023247
-2.708	0.0242364
-2.707	0.0252356
-2.706	0.0262432
-2.705	0.0272582
-2.704	0.0282792
-2.703	0.0293048
-2.702	0.030334
-2.701	0.0313653
-2.7	0.0323976
-2.699	0.0334294
-2.698	0.0344597
-2.697	0.0354869
-2.696	0.03651
-2.695	0.0375276
-2.694	0.0385385
-2.693	0.0395414
-2.692	0.040535
-2.691	0.0415181
-2.69	0.0424897
-2.689	0.0434482
-2.688	0.0443926
-2.687	0.0453218
-2.686	0.0462347
-2.685	0.04713
-2.684	0.0480066
-2.683	0.0488635
-2.682	0.0496997
-2.681	0.0505139
-2.68	0.0513054
-2.679	0.0520731
-2.678	0.0528158
-2.677	0.0535331
-2.676	0.0542237
-2.675	0.0548869
-2.674	0.0555219
-2.673	0.056128
-2.672	0.0567042
-2.671	0.0572499
-2.67	0.0577646
-2.669	0.0582475
-2.668	0.058698
-2.667	0.0591156
-2.666	0.0594998
-2.665	0.0598502
-2.664	0.0601662
-2.663	0.0604476
-2.662	0.060694
-2.661	0.060905
-2.66	0.0610806
-2.659	0.0612203
-2.658	0.0613242
-2.657	0.0613921
-2.656	0.0614238
-2.655	0.0614195
-2.654	0.061379
-2.653	0.0613025
-2.652	0.0611901
-2.651	0.061042
-2.65	0.0608583
-2.649	0.0606394
-2.648	0.0603855
-2.647	0.0600969
-2.646	0.0597739
-2.645	0.0594173
-2.644	0.0590271
-2.643	0.0586041
-2.642	0.0581488
-2.641	0.0576618
-2.64	0.0571437
-2.639	0.056595
-2.638	0.0560167
-2.637	0.0554095
-2.636	0.054774
-2.635	0.0541111
-2.634	0.0534217
-2.633	0.0527067
-2.632	0.051967
-2.631	0.0512034
-2.63	0.0504172
-2.629	0.049609
-2.628	0.0487801
-2.627	0.0479316
-2.626	0.0470645
-2.625	0.0461799
-2.624	0.0452789
-2.623	0.0443627
-2.622	0.0434326
-2.621	0.0424894
-2.62	0.0415348
-2.619	0.0405697
-2.618	0.0395953
-2.617	0.0386131
-2.616	0.0376242
-2.615	0.0366299
-2.614	0.0356313
-2.613	0.03463
-2.612	0.033627
-2.611	0.0326237
-2.61	0.0316214
-2.609	0.0306212
-2.608	0.0296247
-2.607	0.0286329
-2.606	0.0276472
-2.605	0.0266688
-2.604	0.025699
-2.603	0.024739
-2.602	0.0237901
-2.601	0.0228534
-2.6	0.0219301
-2.599	0.0210215
-2.598	0.0201287
-2.597	0.0192528
-2.596	0.018395
-2.595	0.0175564
-2.594	0.016738
-2.593	0.0159408
-2.592	0.015166
-2.591	0.0144145
-2.59	0.0136873
-2.589	0.0129852
-2.588	0.0123093
-2.587	0.0116603
-2.586	0.0110392
-2.585	0.0104467
-2.584	0.00988355
-2.583	0.00935055
-2.582	0.00884834
-2.581	0.00837759
-2.58	0.0079389
-2.579	0.00753288
-2.578	0.00716001
-2.577	0.00682079
-2.576	0.00651573
-2.575	0.00624515
-2.574	0.00600947
-2.573	0.00580897
-2.572	0.00564395
-2.571	0.00551465
-2.57	0.00542118
-2.569	0.00536377
-2.568	0.00534246
-2.567	0.00535734
-2.566	0.00540837
-2.565	0.0054955
-2.564	0.00561864
-2.563	0.00577776
-2.562	0.00597258
-2.561	0.00620288
-2.56	0.00646842
-2.559	0.00676889
-2.558	0.0071039
-2.557	0.0074731
-2.556	0.00787603
-2.555	0.00831213
-2.554	0.00878099
-2.553	0.00928198
-2.552	0.00981452
-2.551	0.010378
-2.55	0.0109715
-2.549	0.0115946
-2.548	0.0122464
-2.547	0.0129262
-2.546	0.013633
-2.545	0.014366
-2.544	0.0151243
-2.543	0.015907
-2.542	0.0167132
-2.541	0.0175418
-2.54	0.0183918
-2.539	0.0192621
-2.538	0.0201518
-2.537	0.0210596
-2.536	0.0219845
-2.535	0.0229254
-2.534	0.023881
-2.533	0.0248502
-2.532	0.0258318
-2.531	0.0268247
-2.53	0.0278274
-2.529	0.0288389
-2.528	0.0298579
-2.527	0.0308831
-2.526	0.0319132
-2.525	0.032947
-2.524	0.0339833
-2.523	0.0350205
-2.522	0.0360577
-2.521	0.0370934
-2.52	0.0381264
-2.519	0.0391554
-2.518	0.0401791
-2.517	0.0411963
-2.516	0.0422057
-2.515	0.0432061
-2.514	0.0441961
-2.513	0.0451747
-2.512	0.0461406
-2.511	0.0470926
-2.51	0.0480295
-2.509	0.0489501
-2.508	0.0498534
-2.507	0.0507384
-2.506	0.0516036
-2.505	0.0524483
-2.504	0.0532713
-2.503	0.0540716
-2.502	0.0548484
-2.501	0.0556004
-2.5	0.056327
-2.499	0.0570271
-2.498	0.0576998
-2.497	0.0583446
-2.496	0.0589605
-2.495	0.0595466
-2.494	0.0601025
-2.493	0.0606273
-2.492	0.0611204
-2.491	0.0615813
-2.49	0.0620094
-2.489	0.0624041
-2.488	0.0627651
-2.487	0.0630918
-2.486	0.0633838
-2.485	0.0636409
-2.484	0.0638629
-2.483	0.0640492
-2.482	0.0641998
-2.481	0.0643146
-2.48	0.0643933
-2.479	0.064436
-2.478	0.0644425
-2.477	0.0644128
-2.476	0.0643473
-2.475	0.0642458
-2.474	0.0641085
-2.473	0.0639356
-2.472	0.0637274
-2.471	0.0634841
-2.47	0.0632062
-2.469	0.0628938
-2.468	0.0625476
-2.467	0.0621679
-2.466	0.0617552
-2.465	0.0613102
-2.464	0.0608333
-2.463	0.0603252
-2.462	0.0597865
-2.461	0.0592179
-2.46	0.0586203
-2.459	0.0579944
-2.458	0.0573411
-2.457	0.0566609
-2.456	0.055955
-2.455	0.0552243
-2.454	0.0544697
-2.453	0.053692
-2.452	0.0528925
-2.451	0.052072
-2.45	0.0512317
-2.449	0.0503726
-2.448	0.0494959
-2.447	0.0486026
-2.446	0.0476939
-2.445	0.046771
-2.444	0.0458351
-2.443	0.0448874
-2.442	0.043929
-2.441	0.0429613
-2.44	0.0419854
-2.439	0.0410027
-2.438	0.0400143
-2.437	0.0390216
-2.436	0.0380259
-2.435	0.0370283
-2.434	0.0360302
-2.433	0.0350329
-2.432	0.0340377
-2.431	0.0330457
-2.43	0.0320585
-2.429	0.031077
-2.428	0.0301026
-2.427	0.0291367
-2.426	0.0281804
-2.425	0.027235
-2.424	0.0263016
-2.423	0.0253815
-2.422	0.0244759
-2.421	0.0235859
-2.42	0.0227126
-2.419	0.0218573
-2.418	0.021021
-2.417	0.0202048
-2.416	0.0194096
-2.415	0.0186367
-2.414	0.017887
-2.413	0.0171612
-2.412	0.0164607
-2.411	0.0157861
-2.41	0.0151384
-2.409	0.0145183
-2.408	0.0139267
-2.407	0.0133645
-2.406	0.0128322
-2.405	0.0123307
-2.404	0.0118606
-2.403	0.0114223
-2.402	0.0110168
-2.401	0.0106443
-2.4	0.0103054
-2.399	0.0100005
-2.398	0.00973015
-2.397	0.00949459
-2.396	0.00929423
-2.395	0.00912931
-2.394	0.00900007
-2.393	0.00890666
-2.392	0.00884926
-2.391	0.00882801
-2.39	0.00884293
-2.389	0.00889401
-2.388	0.00898123
-2.387	0.00910449
-2.386	0.00926372
-2.385	0.00945872
-2.384	0.00968925
-2.383	0.00995505
-2.382	0.0102558
-2.381	0.0105913
-2.38	0.010961
-2.379	0.0113644
-2.378	0.0118012
-2.377	0.0122707
-2.376	0.0127725
-2.375	0.013306
-2.374	0.0138705
-2.373	0.0144652
-2.372	0.0150895
-2.371	0.0157427
-2.37	0.016424
-2.369	0.0171324
-2.368	0.0178672
-2.367	0.0186275
-2.366	0.0194123
-2.365	0.0202206
-2.364	0.0210516
-2.363	0.0219041
-2.362	0.0227772
-2.361	0.0236697
-2.36	0.0245805
-2.359	0.0255087
-2.358	0.0264529
-2.357	0.0274121
-2.356	0.0283851
-2.355	0.0293707
-2.354	0.0303675
-2.353	0.0313746
-2.352	0.0323906
-2.351	0.0334142
-2.35	0.0344442
-2.349	0.0354794
-2.348	0.0365184
-2.347	0.03756
-2.346	0.0386029
-2.345	0.0396459
-2.344	0.0406876
-2.343	0.0417267
-2.342	0.0427621
-2.341	0.0437923
-2.34	0.0448163
-2.339	0.0458326
-2.338	0.04684
-2.337	0.0478373
-2.336	0.0488233
-2.335	0.0497968
-2.334	0.0507566
-2.333	0.0517015
-2.332	0.0526302
-2.331	0.0535419
-2.33	0.0544352
-2.329	0.0553091
-2.328	0.0561625
-2.327	0.0569944
-2.326	0.0578037
-2.325	0.0585895
-2.324	0.0593509
-2.323	0.0600868
-2.322	0.0607965
-2.321	0.0614789
-2.32	0.0621334
-2.319	0.0627592
-2.318	0.0633554
-2.317	0.0639213
-2.316	0.0644562
-2.315	0.0649596
-2.314	0.0654308
-2.313	0.0658693
-2.312	0.0662745
-2.311	0.0666459
-2.31	0.0669833
-2.309	0.067286
-2.308	0.0675537
-2.307	0.0677863
-2.306	0.0679834
-2.305	0.0681447
-2.304	0.0682702
-2.303	0.0683598
-2.302	0.0684132
-2.301	0.0684304
-2.3	0.0684117
-2.299	0.0683567
-2.298	0.068266
-2.297	0.0681394
-2.296	0.0679772
-2.295	0.0677795
-2.294	0.0675468
-2.293	0.0672794
-2.292	0.0669775
-2.291	0.0666417
-2.29	0.0662723
-2.289	0.0658699
-2.288	0.065435
-2.287	0.0649681
-2.286	0.0644699
-2.285	0.0639412
-2.284	0.0633824
-2.283	0.0627945
-2.282	0.062178
-2.281	0.0615342
-2.28	0.0608634
-2.279	0.0601666
-2.278	0.059445
-2.277	0.0586993
-2.276	0.0579305
-2.275	0.0571396
-2.274	0.0563277
-2.273	0.0554957
-2.272	0.0546449
-2.271	0.0537761
-2.27	0.0528908
-2.269	0.0519899
-2.268	0.0510747
-2.267	0.0501461
-2.266	0.0492057
-2.265	0.0482545
-2.264	0.0472937
-2.263	0.0463247
-2.262	0.0453485
-2.261	0.0443666
-2.26	0.0433802
-2.259	0.0423905
-2.258	0.0413989
-2.257	0.0404066
-2.256	0.0394149
-2.255	0.0384251
-2.254	0.0374384
-2.253	0.0364563
-2.252	0.0354798
-2.251	0.0345102
-2.25	0.033549
-2.249	0.0325972
-2.248	0.031656
-2.247	0.0307268
-2.246	0.0298108
-2.245	0.028909
-2.244	0.0280227
-2.243	0.0271531
-2.242	0.0263013
-2.241	0.0254682
-2.24	0.0246551
-2.239	0.0238631
-2.238	0.0230931
-2.237	0.0223461
-2.236	0.0216231
-2.235	0.0209251
-2.234	0.020253
-2.233	0.0196077
-2.232	0.0189899
-2.231	0.0184006
-2.23	0.0178404
-2.229	0.0173102
-2.228	0.0168106
-2.227	0.0163423
-2.226	0.015906
-2.225	0.0155021
-2.224	0.0151313
-2.223	0.0147941
-2.222	0.0144908
-2.221	0.014222
-2.22	0.013988
-2.219	0.0137891
-2.218	0.0136257
-2.217	0.0134979
-2.216	0.013406
-2.215	0.0133501
-2.214	0.0133303
-2.213	0.0133467
-2.212	0.0133992
-2.211	0.013488
-2.21	0.0136128
-2.209	0.0137736
-2.208	0.0139702
-2.207	0.0142023
-2.206	0.0144698
-2.205	0.0147724
-2.204	0.0151096
-2.203	0.0154811
-2.202	0.0158864
-2.201	0.0163252
-2.2	0.0167969
-2.199	0.0173009
-2.198	0.0178366
-2.197	0.0184034
-2.196	0.0190005
-2.195	0.0196275
-2.194	0.0202833
-2.193	0.0209672
-2.192	0.0216786
-2.191	0.0224164
-2.19	0.0231797
-2.189	0.0239678
-2.188	0.0247796
-2.187	0.0256139
-2.186	0.0264701
-2.185	0.0273469
-2.184	0.0282433
-2.183	0.0291583
-2.182	0.0300906
-2.181	0.0310392
-2.18	0.0320028
-2.179	0.0329804
-2.178	0.0339708
-2.177	0.0349726
-2.176	0.0359848
-2.175	0.037006
-2.174	0.0380351
-2.173	0.0390707
-2.172	0.0401115
-2.171	0.0411564
-2.17	0.0422041
-2.169	0.0432533
-2.168	0.0443025
-2.167	0.0453508
-2.166	0.0463966
-2.165	0.0474388
-2.164	0.0484761
-2.163	0.0495071
-2.162	0.0505307
-2.161	0.0515456
-2.16	0.0525504
-2.159	0.0535442
-2.158	0.0545256
-2.157	0.0554934
-2.156	0.0564464
-2.155	0.0573835
-2.154	0.0583035
-2.153	0.0592053
-2.152	0.060088
-2.151	0.0609502
-2.15	0.061791
-2.149	0.0626094
-2.148	0.0634044
-2.147	0.064175
-2.146	0.0649204
-2.145	0.0656395
-2.144	0.0663314
-2.143	0.0669956
-2.142	0.0676312
-2.141	0.0682371
-2.14	0.068813
-2.139	0.0693579
-2.138	0.0698714
-2.137	0.0703527
-2.136	0.0708014
-2.135	0.0712168
-2.134	0.0715986
-2.133	0.0719463
-2.132	0.0722593
-2.131	0.0725375
-2.13	0.0727805
-2.129	0.0729881
-2.128	0.07316
-2.127	0.073296
-2.126	0.073396
-2.125	0.07346
-2.124	0.0734878
-2.123	0.0734795
-2.122	0.073435
-2.121	0.0733548
-2.12	0.0732387
-2.119	0.0730869
-2.118	0.0728996
-2.117	0.0726773
-2.116	0.0724202
-2.115	0.0721286
-2.114	0.071803
-2.113	0.0714439
-2.112	0.0710516
-2.111	0.0706266
-2.11	0.0701699
-2.109	0.0696816
-2.108	0.0691627
-2.107	0.0686138
-2.106	0.0680355
-2.105	0.0674288
-2.104	0.0667942
-2.103	0.0661329
-2.102	0.0654456
-2.101	0.0647331
-2.1	0.0639964
-2.099	0.0632366
-2.098	0.0624546
-2.097	0.0616515
-2.096	0.0608281
-2.095	0.0599859
-2.094	0.0591255
-2.093	0.0582485
-2.092	0.0573557
-2.091	0.0564485
-2.09	0.0555279
-2.089	0.0545953
-2.088	0.0536518
-2.087	0.0526984
-2.086	0.0517368
-2.085	0.0507679
-2.084	0.0497931
-2.083	0.0488136
-2.082	0.0478309
-2.081	0.046846
-2.08	0.0458602
-2.079	0.044875
-2.078	0.0438915
-2.077	0.0429111
-2.076	0.041935
-2.075	0.0409643
-2.074	0.0400007
-2.073	0.0390451
-2.072	0.0380988
-2.071	0.037163
-2.07	0.0362392
-2.069	0.0353283
-2.068	0.0344316
-2.067	0.0335503
-2.066	0.0326855
-2.065	0.0318384
-2.064	0.03101
-2.063	0.0302014
-2.062	0.0294138
-2.061	0.0286481
-2.06	0.0279054
-2.059	0.0271865
-2.058	0.0264926
-2.057	0.0258244
-2.056	0.0251829
-2.055	0.024569
-2.054	0.0239833
-2.053	0.0234268
-2.052	0.0229002
-2.051	0.0224041
-2.05	0.0219393
-2.049	0.0215064
-2.048	0.0211059
-2.047	0.0207384
-2.046	0.0204045
-2.045	0.0201044
-2.044	0.0198388
-2.043	0.019608
-2.042	0.0194123
-2.041	0.019252
-2.04	0.0191274
-2.039	0.0190385
-2.038	0.0189858
-2.037	0.0189691
-2.036	0.0189886
-2.035	0.0190443
-2.034	0.0191362
-2.033	0.0192642
-2.032	0.0194282
-2.031	0.0196281
-2.03	0.0198634
-2.029	0.0201343
-2.028	0.0204401
-2.027	0.0207807
-2.026	0.0211557
-2.025	0.0215646
-2.024	0.0220069
-2.023	0.0224822
-2.022	0.0229899
-2.021	0.0235293
-2.02	0.0240999
-2.019	0.024701
-2.018	0.0253319
-2.017	0.0259919
-2.016	0.02668
-2.015	0.0273956
-2.014	0.0281377
-2.013	0.0289055
-2.012	0.0296981
-2.011	0.0305144
-2.01	0.0313537
-2.009	0.0322147
-2.008	0.0330964
-2.007	0.0339981
-2.006	0.0349181
-2.005	0.0358558
-2.004	0.0368098
-2.003	0.037779
-2.002	0.0387623
-2.001	0.0397584
-2	0.0407662
-1.999	0.0417844
-1.998	0.0428119
-1.997	0.0438472
-1.996	0.0448892
-1.995	0.0459366
-1.994	0.0469882
-1.993	0.0480427
-1.992	0.0490988
-1.991	0.0501551
-1.99	0.0512106
-1.989	0.0522637
-1.988	0.0533133
-1.987	0.0543581
-1.986	0.0553969
-1.985	0.0564283
-1.984	0.0574511
-1.983	0.058464
-1.982	0.059466
-1.981	0.0604556
-1.98	0.0614317
-1.979	0.0623933
-1.978	0.063339
-1.977	0.0642677
-1.976	0.0651784
-1.975	0.0660701
-1.974	0.0669413
-1.973	0.0677913
-1.972	0.0686189
-1.971	0.0694231
-1.97	0.0702032
-1.969	0.0709582
-1.968	0.0716868
-1.967	0.0723886
-1.966	0.0730625
-1.965	0.0737078
-1.964	0.0743236
-1.963	0.0749096
-1.962	0.0754646
-1.961	0.0759881
-1.96	0.0764796
-1.959	0.0769384
-1.958	0.0773642
-1.957	0.0777563
-1.956	0.0781142
-1.955	0.0784376
-1.954	0.0787263
-1.953	0.0789797
-1.952	0.0791977
-1.951	0.0793801
-1.95	0.0795267
-1.949	0.0796371
-1.948	0.0797117
-1.947	0.07975
-1.946	0.0797522
-1.945	0.0797184
-1.944	0.0796486
-1.943	0.0795429
-1.942	0.0794016
-1.941	0.0792249
-1.94	0.0790131
-1.939	0.0787662
-1.938	0.0784851
-1.937	0.0781699
-1.936	0.0778211
-1.935	0.077439
-1.934	0.0770244
-1.933	0.0765777
-1.932	0.0760996
-1.931	0.0755907
-1.93	0.0750518
-1.929	0.0744837
-1.928	0.0738866
-1.927	0.0732619
-1.926	0.0726104
-1.925	0.0719327
-1.924	0.0712299
-1.923	0.0705028
-1.922	0.0697523
-1.921	0.0689797
-1.92	0.0681858
-1.919	0.0673717
-1.918	0.0665385
-1.917	0.0656873
-1.916	0.064819
-1.915	0.0639351
-1.914	0.0630365
-1.913	0.0621246
-1.912	0.0612005
-1.911	0.0602653
-1.91	0.0593203
-1.909	0.0583669
-1.908	0.0574062
-1.907	0.0564393
-1.906	0.0554678
-1.905	0.0544929
-1.904	0.0535156
-1.903	0.0525375
-1.902	0.0515598
-1.901	0.0505837
-1.9	0.0496105
-1.899	0.0486415
-1.898	0.0476781
-1.897	0.0467213
-1.896	0.0457725
-1.895	0.044833
-1.894	0.043904
-1.893	0.0429867
-1.892	0.0420823
-1.891	0.0411919
-1.89	0.040317
-1.889	0.0394584
-1.888	0.0386173
-1.887	0.0377948
-1.886	0.0369923
-1.885	0.0362105
-1.884	0.0354505
-1.883	0.0347135
-1.882	0.0340003
-1.881	0.0333118
-1.88	0.0326491
-1.879	0.032013
-1.878	0.0314044
-1.877	0.030824
-1.876	0.0302728
-1.875	0.0297513
-1.874	0.0292604
-1.873	0.0288006
-1.872	0.0283727
-1.871	0.0279771
-1.87	0.0276146
-1.869	0.0272856
-1.868	0.0269903
-1.867	0.0267297
-1.866	0.0265036
-1.865	0.0263128
-1.864	0.0261572
-1.863	0.0260373
-1.862	0.0259533
-1.861	0.0259053
-1.86	0.0258933
-1.859	0.0259176
-1.858	0.0259781
-1.857	0.0260747
-1.856	0.0262075
-1.855	0.0263763
-1.854	0.0265809
-1.853	0.0268211
-1.852	0.0270968
-1.851	0.0274076
-1.85	0.0277532
-1.849	0.0281331
-1.848	0.028547
-1.847	0.0289944
-1.846	0.0294747
-1.845	0.0299876
-1.844	0.0305323
-1.843	0.0311082
-1.842	0.0317145
-1.841	0.0323508
-1.84	0.0330163
-1.839	0.03371
-1.838	0.0344311
-1.837	0.035179
-1.836	0.0359525
-1.835	0.0367509
-1.834	0.0375733
-1.833	0.0384185
-1.832	0.0392857
-1.831	0.0401737
-1.83	0.0410814
-1.829	0.042008
-1.828	0.0429521
-1.827	0.0439127
-1.826	0.0448886
-1.825	0.0458787
-1.824	0.0468818
-1.823	0.0478964
-1.822	0.0489219
-1.821	0.0499564
-1.82	0.0509992
-1.819	0.0520485
-1.818	0.0531035
-1.817	0.0541629
-1.816	0.055225
-1.815	0.056289
-1.814	0.0573533
-1.813	0.0584168
-1.812	0.0594782
-1.811	0.0605359
-1.81	0.0615893
-1.809	0.0626364
-1.808	0.0636765
-1.807	0.064708
-1.806	0.06573
-1.805	0.0667408
-1.804	0.0677394
-1.803	0.0687248
-1.802	0.0696956
-1.801	0.0706506
-1.8	0.0715888
-1.799	0.0725091
-1.798	0.0734102
-1.797	0.0742913
-1.796	0.0751511
-1.795	0.0759885
-1.794	0.0768029
-1.793	0.077593
-1.792	0.078358
-1.791	0.0790969
-1.79	0.0798091
-1.789	0.0804933
-1.788	0.081149
-1.787	0.0817754
-1.786	0.0823719
-1.785	0.0829376
-1.784	0.0834718
-1.783	0.083974
-1.782	0.0844437
-1.781	0.0848803
-1.78	0.0852831
-1.779	0.0856521
-1.778	0.0859864
-1.777	0.0862861
-1.776	0.0865506
-1.775	0.0867797
-1.774	0.0869731
-1.773	0.0871306
-1.772	0.0872524
-1.771	0.087338
-1.77	0.0873874
-1.769	0.0874009
-1.768	0.0873781
-1.767	0.0873196
-1.766	0.087225
-1.765	0.0870949
-1.764	0.0869293
-1.763	0.0867285
-1.762	0.0864929
-1.761	0.0862227
-1.76	0.0859187
-1.759	0.0855808
-1.758	0.0852098
-1.757	0.0848061
-1.756	0.0843704
-1.755	0.0839031
-1.754	0.083405
-1.753	0.082877
-1.752	0.0823194
-1.751	0.0817331
-1.75	0.0811192
-1.749	0.0804781
-1.748	0.079811
-1.747	0.0791186
-1.746	0.0784018
-1.745	0.0776618
-1.744	0.0768994
-1.743	0.0761156
-1.742	0.0753115
-1.741	0.0744884
-1.74	0.0736472
-1.739	0.0727887
-1.738	0.0719147
-1.737	0.0710258
-1.736	0.0701234
-1.735	0.069209
-1.734	0.0682831
-1.733	0.0673474
-1.732	0.0664033
-1.731	0.0654517
-1.73	0.064494
-1.729	0.0635315
-1.728	0.0625654
-1.727	0.0615969
-1.726	0.0606275
-1.725	0.0596585
-1.724	0.0586908
-1.723	0.057726
-1.722	0.0567655
-1.721	0.0558103
-1.72	0.0548616
-1.719	0.053921
-1.718	0.0529895
-1.717	0.0520683
-1.716	0.0511588
-1.715	0.0502621
-1.714	0.0493795
-1.713	0.048512
-1.712	0.0476608
-1.711	0.0468271
-1.71	0.046012
-1.709	0.0452166
-1.708	0.0444419
-1.707	0.0436891
-1.706	0.042959
-1.705	0.0422529
-1.704	0.0415713
-1.703	0.0409153
-1.702	0.040286
-1.701	0.039684
-1.7	0.0391103
-1.699	0.0385657
-1.698	0.0380507
-1.697	0.0375662
-1.696	0.0371128
-1.695	0.0366912
-1.694	0.036302
-1.693	0.0359458
-1.692	0.035623
-1.691	0.0353341
-1.69	0.0350796
-1.689	0.0348597
-1.688	0.0346749
-1.687	0.0345256
-1.686	0.0344119
-1.685	0.0343339
-1.684	0.034292
-1.683	0.0342862
-1.682	0.0343165
-1.681	0.0343831
-1.68	0.0344858
-1.679	0.0346247
-1.678	0.0347995
-1.677	0.0350104
-1.676	0.0352569
-1.675	0.0355387
-1.674	0.0358557
-1.673	0.0362074
-1.672	0.0365938
-1.671	0.0370139
-1.67	0.0374676
-1.669	0.0379545
-1.668	0.0384738
-1.667	0.039025
-1.666	0.0396074
-1.665	0.0402205
-1.664	0.0408634
-1.663	0.0415355
-1.662	0.042236
-1.661	0.0429641
-1.66	0.0437189
-1.659	0.0444995
-1.658	0.0453052
-1.657	0.0461346
-1.656	0.0469871
-1.655	0.0478616
-1.654	0.048757
-1.653	0.0496724
-1.652	0.0506065
-1.651	0.0515583
-1.65	0.0525267
-1.649	0.0535107
-1.648	0.0545087
-1.647	0.0555198
-1.646	0.0565429
-1.645	0.0575766
-1.644	0.0586195
-1.643	0.0596707
-1.642	0.0607288
-1.641	0.0617925
-1.64	0.0628606
-1.639	0.0639318
-1.638	0.0650049
-1.637	0.0660784
-1.636	0.0671511
-1.635	0.0682219
-1.634	0.0692893
-1.633	0.0703521
-1.632	0.0714091
-1.631	0.072459
-1.63	0.0735004
-1.629	0.0745324
-1.628	0.0755533
-1.627	0.0765624
-1.626	0.077558
-1.625	0.0785392
-1.624	0.079505
-1.623	0.0804538
-1.622	0.0813849
-1.621	0.0822969
-1.62	0.0831889
-1.619	0.0840597
-1.618	0.0849085
-1.617	0.0857341
-1.616	0.0865355
-1.615	0.087312
-1.614	0.0880625
-1.613	0.0887861
-1.612	0.0894819
-1.611	0.0901494
-1.61	0.0907877
-1.609	0.0913959
-1.608	0.0919736
-1.607	0.0925199
-1.606	0.0930342
-1.605	0.093516
-1.604	0.0939646
-1.603	0.0943799
-1.602	0.0947611
-1.601	0.0951078
-1.6	0.0954199
-1.599	0.0956968
-1.598	0.0959383
-1.597	0.0961441
-1.596	0.0963142
-1.595	0.0964486
-1.594	0.0965464
-1.593	0.0966087
-1.592	0.0966346
-1.591	0.0966245
-1.59	0.0965783
-1.589	0.0964964
-1.588	0.0963788
-1.587	0.0962259
-1.586	0.0960377
-1.585	0.0958145
-1.584	0.0955569
-1.583	0.0952652
-1.582	0.0949398
-1.581	0.0945812
-1.58	0.0941899
-1.579	0.0937665
-1.578	0.0933116
-1.577	0.092826
-1.576	0.0923098
-1.575	0.0917645
-1.574	0.0911905
-1.573	0.0905884
-1.572	0.0899594
-1.571	0.0893041
-1.57	0.0886235
-1.569	0.0879187
-1.568	0.0871905
-1.567	0.0864397
-1.566	0.0856673
-1.565	0.084875
-1.564	0.0840631
-1.563	0.0832331
-1.562	0.082386
-1.561	0.081523
-1.56	0.0806453
-1.559	0.0797539
-1.558	0.0788502
-1.557	0.0779354
-1.556	0.0770104
-1.555	0.0760768
-1.554	0.0751356
-1.553	0.0741884
-1.552	0.0732363
-1.551	0.0722802
-1.55	0.0713218
-1.549	0.0703626
-1.548	0.0694034
-1.547	0.0684455
-1.546	0.0674906
-1.545	0.0665396
-1.544	0.0655938
-1.543	0.0646546
-1.542	0.0637233
-1.541	0.0628009
-1.54	0.0618889
-1.539	0.0609883
-1.538	0.0601007
-1.537	0.0592267
-1.536	0.058368
-1.535	0.0575254
-1.534	0.0567004
-1.533	0.0558937
-1.532	0.0551066
-1.531	0.0543404
-1.53	0.0535956
-1.529	0.0528738
-1.528	0.0521756
-1.527	0.0515019
-1.526	0.0508538
-1.525	0.0502325
-1.524	0.0496382
-1.523	0.0490721
-1.522	0.0485351
-1.521	0.0480277
-1.52	0.0475508
-1.519	0.0471049
-1.518	0.0466907
-1.517	0.046309
-1.516	0.0459601
-1.515	0.0456446
-1.514	0.045363
-1.513	0.0451157
-1.512	0.0449031
-1.511	0.0447254
-1.51	0.0445834
-1.509	0.0444767
-1.508	0.0444059
-1.507	0.0443711
-1.506	0.0443725
-1.505	0.0444099
-1.504	0.0444836
-1.503	0.0445935
-1.502	0.0447396
-1.501	0.0449218
-1.5	0.0451398
-1.499	0.0453935
-1.498	0.0456826
-1.497	0.0460069
-1.496	0.046366
-1.495	0.0467596
-1.494	0.0471872
-1.493	0.0476485
-1.492	0.0481428
-1.491	0.0486697
-1.49	0.0492285
-1.489	0.0498186
-1.488	0.0504395
-1.487	0.0510904
-1.486	0.0517703
-1.485	0.0524789
-1.484	0.053215
-1.483	0.053978
-1.482	0.0547669
-1.481	0.0555808
-1.48	0.0564187
-1.479	0.0572797
-1.478	0.0581627
-1.477	0.0590671
-1.476	0.0599912
-1.475	0.0609342
-1.474	0.061895
-1.473	0.0628727
-1.472	0.0638659
-1.471	0.0648732
-1.47	0.065894
-1.469	0.0669265
-1.468	0.0679699
-1.467	0.0690228
-1.466	0.070084
-1.465	0.0711522
-1.464	0.0722262
-1.463	0.0733046
-1.462	0.0743863
-1.461	0.0754699
-1.46	0.0765542
-1.459	0.0776377
-1.458	0.0787196
-1.457	0.0797981
-1.456	0.0808722
-1.455	0.0819405
-1.454	0.083002
-1.453	0.084055
-1.452	0.0850985
-1.451	0.0861317
-1.45	0.0871525
-1.449	0.0881604
-1.448	0.0891539
-1.447	0.0901319
-1.446	0.0910933
-1.445	0.092037
-1.444	0.0929617
-1.443	0.0938664
-1.442	0.0947503
-1.441	0.0956122
-1.44	0.0964506
-1.439	0.0972655
-1.438	0.0980553
-1.437	0.0988191
-1.436	0.0995563
-1.435	0.100266
-1.434	0.100947
-1.433	0.101599
-1.432	0.102221
-1.431	0.102813
-1.43	0.103373
-1.429	0.103902
-1.428	0.104398
-1.427	0.10486
-1.426	0.10529
-1.425	0.105685
-1.424	0.106047
-1.423	0.106373
-1.422	0.106665
-1.421	0.10692
-1.42	0.107141
-1.419	0.107326
-1.418	0.107474
-1.417	0.107587
-1.416	0.107664
-1.415	0.107705
-1.414	0.107709
-1.413	0.107678
-1.412	0.10761
-1.411	0.107508
-1.41	0.107369
-1.409	0.107195
-1.408	0.106987
-1.407	0.106744
-1.406	0.106467
-1.405	0.106156
-1.404	0.105812
-1.403	0.105435
-1.402	0.105026
-1.401	0.104586
-1.4	0.104114
-1.399	0.103613
-1.398	0.103081
-1.397	0.102521
-1.396	0.101933
-1.395	0.101318
-1.394	0.100677
-1.393	0.10001
-1.392	0.0993191
-1.391	0.0986045
-1.39	0.0978672
-1.389	0.0971085
-1.388	0.0963295
-1.387	0.0955309
-1.386	0.0947142
-1.385	0.0938801
-1.384	0.0930301
-1.383	0.0921652
-1.382	0.0912867
-1.381	0.0903955
-1.38	0.0894931
-1.379	0.0885807
-1.378	0.0876591
-1.377	0.0867306
-1.376	0.0857953
-1.375	0.0848549
-1.374	0.0839109
-1.373	0.0829641
-1.372	0.0820164
-1.371	0.0810684
-1.37	0.0801222
-1.369	0.0791782
-1.368	0.0782384
-1.367	0.0773035
-1.366	0.0763753
-1.365	0.0754546
-1.364	0.0745429
-1.363	0.0736412
-1.362	0.072751
-1.361	0.0718736
-1.36	0.0710097
-1.359	0.070161
-1.358	0.0693284
-1.357	0.0685131
-1.356	0.0677161
-1.355	0.0669388
-1.354	0.0661818
-1.353	0.0654465
-1.352	0.0647339
-1.351	0.0640448
-1.35	0.0633803
-1.349	0.0627412
-1.348	0.0621287
-1.347	0.0615434
-1.346	0.060986
-1.345	0.0604577
-1.344	0.0599588
-1.343	0.0594905
-1.342	0.0590531
-1.341	0.0586474
-1.34	0.0582739
-1.339	0.0579334
-1.338	0.0576262
-1.337	0.0573528
-1.336	0.0571136
-1.335	0.0569091
-1.334	0.0567398
-1.333	0.0566056
-1.332	0.0565073
-1.331	0.0564445
-1.33	0.0564179
-1.329	0.0564272
-1.328	0.0564728
-1.327	0.0565546
-1.326	0.0566725
-1.325	0.0568267
-1.324	0.0570171
-1.323	0.0572432
-1.322	0.057505
-1.321	0.0578025
-1.32	0.0581351
-1.319	0.0585025
-1.318	0.0589044
-1.317	0.0593405
-1.316	0.0598104
-1.315	0.0603133
-1.314	0.0608487
-1.313	0.0614163
-1.312	0.0620152
-1.311	0.0626449
-1.31	0.0633048
-1.309	0.0639939
-1.308	0.0647116
-1.307	0.065457
-1.306	0.0662292
-1.305	0.0670277
-1.304	0.0678512
-1.303	0.0686988
-1.302	0.0695696
-1.301	0.0704629
-1.3	0.0713771
-1.299	0.0723115
-1.298	0.0732649
-1.297	0.0742364
-1.296	0.0752246
-1.295	0.0762284
-1.294	0.077247
-1.293	0.0782787
-1.292	0.0793224
-1.291	0.0803772
-1.29	0.0814416
-1.289	0.0825144
-1.288	0.0835944
-1.287	0.0846804
-1.286	0.0857709
-1.285	0.0868649
-1.284	0.0879611
-1.283	0.0890579
-1.282	0.0901542
-1.281	0.091249
-1.28	0.0923407
-1.279	0.0934279
-1.278	0.0945097
-1.277	0.0955846
-1.276	0.0966515
-1.275	0.0977088
-1.274	0.0987559
-1.273	0.099791
-1.272	0.100813
-1.271	0.101821
-1.27	0.102814
-1.269	0.10379
-1.268	0.104748
-1.267	0.105688
-1.266	0.106608
-1.265	0.107507
-1.264	0.108384
-1.263	0.109238
-1.262	0.110069
-1.261	0.110874
-1.26	0.111654
-1.259	0.112407
-1.258	0.113133
-1.257	0.113831
-1.256	0.114499
-1.255	0.115137
-1.254	0.115746
-1.253	0.116323
-1.252	0.116868
-1.251	0.11738
-1.25	0.11786
-1.249	0.118307
-1.248	0.118719
-1.247	0.119097
-1.246	0.119441
-1.245	0.119749
-1.244	0.120022
-1.243	0.12026
-1.242	0.120462
-1.241	0.120628
-1.24	0.120758
-1.239	0.120852
-1.238	0.12091
-1.237	0.120932
-1.236	0.120918
-1.235	0.120868
-1.234	0.120782
-1.233	0.120661
-1.232	0.120505
-1.231	0.120314
-1.23	0.120088
-1.229	0.119828
-1.228	0.119534
-1.227	0.119207
-1.226	0.118847
-1.225	0.118455
-1.224	0.118032
-1.223	0.117577
-1.222	0.117092
-1.221	0.116577
-1.22	0.116034
-1.219	0.115463
-1.218	0.114864
-1.217	0.114239
-1.216	0.113589
-1.215	0.112914
-1.214	0.112215
-1.213	0.111494
-1.212	0.110751
-1.211	0.109987
-1.21	0.109205
-1.209	0.108403
-1.208	0.107584
-1.207	0.10675
-1.206	0.1059
-1.205	0.105036
-1.204	0.10416
-1.203	0.103272
-1.202	0.102374
-1.201	0.101467
-1.2	0.100552
-1.199	0.0996309
-1.198	0.0987046
-1.197	0.0977744
-1.196	0.0968414
-1.195	0.0959069
-1.194	0.0949727
-1.193	0.0940394
-1.192	0.0931086
-1.191	0.0921813
-1.19	0.0912595
-1.189	0.0903436
-1.188	0.0894354
-1.187	0.0885359
-1.186	0.0876466
-1.185	0.0867683
-1.184	0.0859028
-1.183	0.0850506
-1.182	0.0842136
-1.181	0.0833923
-1.18	0.0825882
-1.179	0.0818026
-1.178	0.0810361
-1.177	0.0802902
-1.176	0.0795657
-1.175	0.078864
-1.174	0.0781853
-1.173	0.0775312
-1.172	0.0769026
-1.171	0.0763004
-1.17	0.075725
-1.169	0.0751779
-1.168	0.0746594
-1.167	0.0741707
-1.166	0.0737119
-1.165	0.0732844
-1.164	0.0728884
-1.163	0.0725245
-1.162	0.0721936
-1.161	0.0718957
-1.16	0.0716318
-1.159	0.0714019
-1.158	0.0712069
-1.157	0.0710469
-1.156	0.070922
-1.155	0.0708328
-1.154	0.0707796
-1.153	0.0707618
-1.152	0.0707806
-1.151	0.0708354
-1.15	0.0709265
-1.149	0.0710538
-1.148	0.0712174
-1.147	0.0714168
-1.146	0.0716525
-1.145	0.0719237
-1.144	0.0722306
-1.143	0.0725726
-1.142	0.0729497
-1.141	0.0733613
-1.14	0.0738071
-1.139	0.0742867
-1.138	0.0747992
-1.137	0.0753447
-1.136	0.0759222
-1.135	0.0765314
-1.134	0.0771711
-1.133	0.0778415
-1.132	0.0785411
-1.131	0.0792693
-1.13	0.0800254
-1.129	0.0808085
-1.128	0.0816179
-1.127	0.0824524
-1.126	0.0833112
-1.125	0.0841936
-1.124	0.0850983
-1.123	0.0860241
-1.122	0.0869704
-1.121	0.0879359
-1.12	0.0889193
-1.119	0.0899199
-1.118	0.0909363
-1.117	0.0919674
-1.116	0.0930119
-1.115	0.0940688
-1.114	0.0951367
-1.113	0.0962145
-1.112	0.097301
-1.111	0.0983948
-1.11	0.0994946
-1.109	0.100599
-1.108	0.101708
-1.107	0.102818
-1.106	0.10393
-1.105	0.105041
-1.104	0.106151
-1.103	0.107258
-1.102	0.10836
-1.101	0.109458
-1.1	0.110549
-1.099	0.111632
-1.098	0.112705
-1.097	0.113769
-1.096	0.11482
-1.095	0.115859
-1.094	0.116884
-1.093	0.117894
-1.092	0.118887
-1.091	0.119863
-1.09	0.120821
-1.089	0.121758
-1.088	0.122675
-1.087	0.123571
-1.086	0.124443
-1.085	0.125292
-1.084	0.126116
-1.083	0.126914
-1.082	0.127686
-1.081	0.128431
-1.08	0.129148
-1.079	0.129835
-1.078	0.130493
-1.077	0.131121
-1.076	0.131717
-1.075	0.132282
-1.074	0.132814
-1.073	0.133314
-1.072	0.13378
-1.071	0.134213
-1.07	0.134611
-1.069	0.134974
-1.068	0.135303
-1.067	0.135596
-1.066	0.135854
-1.065	0.136076
-1.064	0.136263
-1.063	0.136413
-1.062	0.136528
-1.061	0.136606
-1.06	0.136648
-1.059	0.136654
-1.058	0.136625
-1.057	0.136559
-1.056	0.136459
-1.055	0.136322
-1.054	0.136151
-1.053	0.135946
-1.052	0.135706
-1.051	0.135432
-1.05	0.135125
-1.049	0.134786
-1.048	0.134413
-1.047	0.13401
-1.046	0.133575
-1.045	0.13311
-1.044	0.132615
-1.043	0.132091
-1.042	0.131539
-1.041	0.130959
-1.04	0.130354
-1.039	0.129722
-1.038	0.129066
-1.037	0.128386
-1.036	0.127683
-1.035	0.126959
-1.034	0.126214
-1.033	0.125449
-1.032	0.124666
-1.031	0.123865
-1.03	0.123048
-1.029	0.122216
-1.028	0.12137
-1.027	0.120511
-1.026	0.11964
-1.025	0.118759
-1.024	0.117869
-1.023	0.116971
-1.022	0.116066
-1.021	0.115156
-1.02	0.114242
-1.019	0.113325
-1.018	0.112406
-1.017	0.111487
-1.016	0.11057
-1.015	0.109654
-1.014	0.108742
-1.013	0.107835
-1.012	0.106934
-1.011	0.10604
-1.01	0.105155
-1.009	0.10428
-1.008	0.103416
-1.007	0.102564
-1.006	0.101726
-1.005	0.100903
-1.004	0.100095
-1.003	0.0993039
-1.002	0.098531
-1.001	0.0977778
-1	0.0970445
-0.999	0.096333
-0.998	0.0956434
-0.997	0.0949774
-0.996	0.0943355
-0.995	0.0937191
-0.994	0.0931289
-0.993	0.0925658
-0.992	0.0920304
-0.991	0.0915239
-0.99	0.0910465
-0.989	0.0905993
-0.988	0.0901833
-0.987	0.0897987
-0.986	0.0894462
-0.985	0.0891264
-0.984	0.0888399
-0.983	0.0885868
-0.982	0.0883686
-0.981	0.0881843
-0.98	0.0880352
-0.979	0.0879215
-0.978	0.0878434
-0.977	0.0878006
-0.976	0.0877942
-0.975	0.0878239
-0.974	0.0878897
-0.973	0.0879916
-0.972	0.08813
-0.971	0.0883046
-0.97	0.0885149
-0.969	0.0887617
-0.968	0.089044
-0.967	0.089362
-0.966	0.0897151
-0.965	0.0901036
-0.964	0.0905267
-0.963	0.0909839
-0.962	0.0914747
-0.961	0.091999
-0.96	0.0925564
-0.959	0.0931457
-0.958	0.0937668
-0.957	0.0944187
-0.956	0.095101
-0.955	0.0958129
-0.954	0.0965534
-0.953	0.0973223
-0.952	0.0981181
-0.951	0.0989402
-0.95	0.0997879
-0.949	0.10066
-0.948	0.101556
-0.947	0.102474
-0.946	0.103413
-0.945	0.104373
-0.944	0.105353
-0.943	0.106351
-0.942	0.107366
-0.941	0.108397
-0.94	0.109443
-0.939	0.110502
-0.938	0.111574
-0.937	0.112658
-0.936	0.113751
-0.935	0.114853
-0.934	0.115963
-0.933	0.117079
-0.932	0.118201
-0.931	0.119326
-0.93	0.120453
-0.929	0.121582
-0.928	0.12271
-0.927	0.123838
-0.926	0.124962
-0.925	0.126083
-0.924	0.127199
-0.923	0.128308
-0.922	0.129409
-0.921	0.130502
-0.92	0.131584
-0.919	0.132655
-0.918	0.133713
-0.917	0.134758
-0.916	0.135788
-0.915	0.136801
-0.914	0.137797
-0.913	0.138775
-0.912	0.139733
-0.911	0.140671
-0.91	0.141587
-0.909	0.142481
-0.908	0.143351
-0.907	0.144197
-0.906	0.145017
-0.905	0.145811
-0.904	0.146578
-0.903	0.147316
-0.902	0.148026
-0.901	0.148706
-0.9	0.149356
-0.899	0.149975
-0.898	0.150562
-0.897	0.151118
-0.896	0.15164
-0.895	0.15213
-0.894	0.152585
-0.893	0.153006
-0.892	0.153394
-0.891	0.153745
-0.89	0.154062
-0.889	0.154343
-0.888	0.15459
-0.887	0.154799
-0.886	0.154973
-0.885	0.155111
-0.884	0.155213
-0.883	0.155279
-0.882	0.155309
-0.881	0.155303
-0.88	0.155261
-0.879	0.155184
-0.878	0.155071
-0.877	0.154924
-0.876	0.154742
-0.875	0.154525
-0.874	0.154275
-0.873	0.153992
-0.872	0.153675
-0.871	0.153326
-0.87	0.152946
-0.869	0.152534
-0.868	0.152091
-0.867	0.151619
-0.866	0.151118
-0.865	0.150588
-0.864	0.150031
-0.863	0.149448
-0.862	0.148839
-0.861	0.148205
-0.86	0.147547
-0.859	0.146866
-0.858	0.146163
-0.857	0.145439
-0.856	0.144696
-0.855	0.143934
-0.854	0.143154
-0.853	0.142358
-0.852	0.141546
-0.851	0.14072
-0.85	0.139882
-0.849	0.139031
-0.848	0.13817
-0.847	0.1373
-0.846	0.136421
-0.845	0.135536
-0.844	0.134645
-0.843	0.13375
-0.842	0.132851
-0.841	0.131952
-0.84	0.131051
-0.839	0.130151
-0.838	0.129254
-0.837	0.12836
-0.836	0.12747
-0.835	0.126586
-0.834	0.12571
-0.833	0.124842
-0.832	0.123984
-0.831	0.123136
-0.83	0.122301
-0.829	0.121479
-0.828	0.120671
-0.827	0.11988
-0.826	0.119105
-0.825	0.118348
-0.824	0.11761
-0.823	0.116892
-0.822	0.116195
-0.821	0.115521
-0.82	0.11487
-0.819	0.114243
-0.818	0.113641
-0.817	0.113065
-0.816	0.112516
-0.815	0.111995
-0.814	0.111502
-0.813	0.111039
-0.812	0.110606
-0.811	0.110204
-0.81	0.109833
-0.809	0.109494
-0.808	0.109188
-0.807	0.108915
-0.806	0.108675
-0.805	0.10847
-0.804	0.108299
-0.803	0.108164
-0.802	0.108063
-0.801	0.107998
-0.8	0.107969
-0.799	0.107975
-0.798	0.108018
-0.797	0.108097
-0.796	0.108213
-0.795	0.108364
-0.794	0.108552
-0.793	0.108776
-0.792	0.109036
-0.791	0.109332
-0.79	0.109663
-0.789	0.11003
-0.788	0.110432
-0.787	0.110869
-0.786	0.11134
-0.785	0.111844
-0.784	0.112383
-0.783	0.112954
-0.782	0.113558
-0.781	0.114193
-0.78	0.11486
-0.779	0.115557
-0.778	0.116283
-0.777	0.117039
-0.776	0.117822
-0.775	0.118634
-0.774	0.119471
-0.773	0.120334
-0.772	0.121222
-0.771	0.122134
-0.77	0.123068
-0.769	0.124024
-0.768	0.125
-0.767	0.125997
-0.766	0.127011
-0.765	0.128043
-0.764	0.129092
-0.763	0.130155
-0.762	0.131232
-0.761	0.132322
-0.76	0.133424
-0.759	0.134536
-0.758	0.135657
-0.757	0.136785
-0.756	0.137921
-0.755	0.139061
-0.754	0.140206
-0.753	0.141353
-0.752	0.142502
-0.751	0.143651
-0.75	0.144798
-0.749	0.145944
-0.748	0.147086
-0.747	0.148222
-0.746	0.149353
-0.745	0.150476
-0.744	0.15159
-0.743	0.152695
-0.742	0.153788
-0.741	0.154869
-0.74	0.155936
-0.739	0.156989
-0.738	0.158026
-0.737	0.159045
-0.736	0.160046
-0.735	0.161029
-0.734	0.16199
-0.733	0.162931
-0.732	0.163849
-0.731	0.164744
-0.73	0.165614
-0.729	0.166459
-0.728	0.167278
-0.727	0.16807
-0.726	0.168834
-0.725	0.169569
-0.724	0.170275
-0.723	0.170951
-0.722	0.171596
-0.721	0.172209
-0.72	0.172791
-0.719	0.173339
-0.718	0.173855
-0.717	0.174338
-0.716	0.174786
-0.715	0.175199
-0.714	0.175578
-0.713	0.175921
-0.712	0.17623
-0.711	0.176502
-0.71	0.176739
-0.709	0.17694
-0.708	0.177105
-0.707	0.177234
-0.706	0.177327
-0.705	0.177384
-0.704	0.177405
-0.703	0.17739
-0.702	0.17734
-0.701	0.177255
-0.7	0.177134
-0.699	0.176979
-0.698	0.17679
-0.697	0.176567
-0.696	0.176309
-0.695	0.17602
-0.694	0.175697
-0.693	0.175344
-0.692	0.174958
-0.691	0.174542
-0.69	0.174096
-0.689	0.173621
-0.688	0.173118
-0.687	0.172587
-0.686	0.172029
-0.685	0.171446
-0.684	0.170837
-0.683	0.170205
-0.682	0.169549
-0.681	0.168871
-0.68	0.168173
-0.679	0.167454
-0.678	0.166717
-0.677	0.165961
-0.676	0.165189
-0.675	0.164402
-0.674	0.1636
-0.673	0.162785
-0.672	0.161958
-0.671	0.16112
-0.67	0.160273
-0.669	0.159417
-0.668	0.158554
-0.667	0.157686
-0.666	0.156813
-0.665	0.155937
-0.664	0.155059
-0.663	0.15418
-0.662	0.153302
-0.661	0.152426
-0.66	0.151553
-0.659	0.150684
-0.658	0.149821
-0.657	0.148965
-0.656	0.148117
-0.655	0.14728
-0.654	0.146452
-0.653	0.145636
-0.652	0.144834
-0.651	0.144046
-0.65	0.143273
-0.649	0.142517
-0.648	0.141778
-0.647	0.14106
-0.646	0.14036
-0.645	0.139682
-0.644	0.139026
-0.643	0.138392
-0.642	0.137783
-0.641	0.137199
-0.64	0.13664
-0.639	0.136109
-0.638	0.135605
-0.637	0.13513
-0.636	0.134684
-0.635	0.134267
-0.634	0.133882
-0.633	0.133528
-0.632	0.133205
-0.631	0.132916
-0.63	0.13266
-0.629	0.132436
-0.628	0.132248
-0.627	0.132093
-0.626	0.131974
-0.625	0.13189
-0.624	0.131841
-0.623	0.131828
-0.622	0.131851
-0.621	0.13191
-0.62	0.132005
-0.619	0.132137
-0.618	0.132304
-0.617	0.132508
-0.616	0.132749
-0.615	0.133025
-0.614	0.133337
-0.613	0.133685
-0.612	0.134069
-0.611	0.134487
-0.61	0.13494
-0.609	0.135428
-0.608	0.13595
-0.607	0.136506
-0.606	0.137094
-0.605	0.137715
-0.604	0.138368
-0.603	0.139052
-0.602	0.139766
-0.601	0.140511
-0.6	0.141284
-0.599	0.142086
-0.598	0.142916
-0.597	0.143772
-0.596	0.144654
-0.595	0.14556
-0.594	0.146491
-0.593	0.147445
-0.592	0.14842
-0.591	0.149416
-0.59	0.150432
-0.589	0.151467
-0.588	0.15252
-0.587	0.153589
-0.586	0.154673
-0.585	0.155771
-0.584	0.156883
-0.583	0.158006
-0.582	0.159139
-0.581	0.160282
-0.58	0.161433
-0.579	0.162591
-0.578	0.163754
-0.577	0.164921
-0.576	0.166092
-0.575	0.167264
-0.574	0.168437
-0.573	0.169608
-0.572	0.170778
-0.571	0.171944
-0.57	0.173106
-0.569	0.174261
-0.568	0.17541
-0.567	0.176549
-0.566	0.17768
-0.565	0.178799
-0.564	0.179906
-0.563	0.180999
-0.562	0.182079
-0.561	0.183142
-0.56	0.184189
-0.559	0.185217
-0.558	0.186227
-0.557	0.187217
-0.556	0.188185
-0.555	0.189131
-0.554	0.190054
-0.553	0.190953
-0.552	0.191826
-0.551	0.192674
-0.55	0.193495
-0.549	0.194288
-0.548	0.195053
-0.547	0.195788
-0.546	0.196493
-0.545	0.197169
-0.544	0.197812
-0.543	0.198423
-0.542	0.199002
-0.541	0.199548
-0.54	0.200061
-0.539	0.200539
-0.538	0.200983
-0.537	0.201392
-0.536	0.201767
-0.535	0.202106
-0.534	0.202409
-0.533	0.202677
-0.532	0.202909
-0.531	0.203105
-0.53	0.203264
-0.529	0.203389
-0.528	0.203476
-0.527	0.203529
-0.526	0.203545
-0.525	0.203525
-0.524	0.203471
-0.523	0.203382
-0.522	0.203257
-0.521	0.203099
-0.52	0.202906
-0.519	0.20268
-0.518	0.202421
-0.517	0.202129
-0.516	0.201805
-0.515	0.20145
-0.514	0.201064
-0.513	0.200649
-0.512	0.200204
-0.511	0.199731
-0.51	0.199229
-0.509	0.198701
-0.508	0.198147
-0.507	0.197568
-0.506	0.196965
-0.505	0.196338
-0.504	0.19569
-0.503	0.19502
-0.502	0.19433
-0.501	0.193621
-0.5	0.192894
-0.499	0.19215
-0.498	0.19139
-0.497	0.190616
-0.496	0.189829
-0.495	0.189029
-0.494	0.188218
-0.493	0.187398
-0.492	0.186569
-0.491	0.185733
-0.49	0.184891
-0.489	0.184045
-0.488	0.183194
-0.487	0.182342
-0.486	0.181489
-0.485	0.180636
-0.484	0.179785
-0.483	0.178937
-0.482	0.178093
-0.481	0.177255
-0.48	0.176423
-0.479	0.175599
-0.478	0.174785
-0.477	0.173982
-0.476	0.173189
-0.475	0.17241
-0.474	0.171645
-0.473	0.170896
-0.472	0.170163
-0.471	0.169447
-0.47	0.16875
-0.469	0.168073
-0.468	0.167417
-0.467	0.166783
-0.466	0.166172
-0.465	0.165584
-0.464	0.165021
-0.463	0.164484
-0.462	0.163974
-0.461	0.163491
-0.46	0.163037
-0.459	0.162612
-0.458	0.162216
-0.457	0.161852
-0.456	0.161518
-0.455	0.161216
-0.454	0.160947
-0.453	0.160711
-0.452	0.160508
-0.451	0.16034
-0.45	0.160205
-0.449	0.160106
-0.448	0.160042
-0.447	0.160013
-0.446	0.160021
-0.445	0.160063
-0.444	0.160143
-0.443	0.160258
-0.442	0.160409
-0.441	0.160597
-0.44	0.160821
-0.439	0.161082
-0.438	0.161378
-0.437	0.161711
-0.436	0.162079
-0.435	0.162483
-0.434	0.162922
-0.433	0.163396
-0.432	0.163905
-0.431	0.164447
-0.43	0.165023
-0.429	0.165633
-0.428	0.166275
-0.427	0.166949
-0.426	0.167654
-0.425	0.16839
-0.424	0.169156
-0.423	0.169952
-0.422	0.170776
-0.421	0.171628
-0.42	0.172506
-0.419	0.173411
-0.418	0.17434
-0.417	0.175293
-0.416	0.17627
-0.415	0.177269
-0.414	0.178315
-0.413	0.179433
-0.412	0.180625
-0.411	0.18189
-0.41	0.183228
-0.409	0.184639
-0.408	0.186122
-0.407	0.187678
-0.406	0.189305
-0.405	0.191005
-0.404	0.192776
-0.403	0.194618
-0.402	0.19653
-0.401	0.198512
-0.4	0.200564
-0.399	0.202684
-0.398	0.204872
-0.397	0.207128
-0.396	0.20945
-0.395	0.211839
-0.394	0.214292
-0.393	0.21681
-0.392	0.21939
-0.391	0.222033
-0.39	0.224738
-0.389	0.227503
-0.388	0.230327
-0.387	0.233209
-0.386	0.236148
-0.385	0.239143
-0.384	0.242193
-0.383	0.245296
-0.382	0.248451
-0.381	0.251658
-0.38	0.254913
-0.379	0.258217
-0.378	0.261568
-0.377	0.264964
-0.376	0.268404
-0.375	0.271886
-0.374	0.275409
-0.373	0.278972
-0.372	0.282572
-0.371	0.286209
-0.37	0.28988
-0.369	0.293584
-0.368	0.297321
-0.367	0.301086
-0.366	0.30488
-0.365	0.3087
-0.364	0.31256
-0.363	0.316472
-0.362	0.320437
-0.361	0.324451
-0.36	0.328511
-0.359	0.332619
-0.358	0.336772
-0.357	0.340964
-0.356	0.345197
-0.355	0.349469
-0.354	0.353777
-0.353	0.358118
-0.352	0.362492
-0.351	0.366893
-0.35	0.371328
-0.349	0.375783
-0.348	0.380266
-0.347	0.384768
-0.346	0.389292
-0.345	0.393829
-0.344	0.398387
-0.343	0.402955
-0.342	0.407534
-0.341	0.412125
-0.34	0.416719
-0.339	0.42132
-0.338	0.425925
-0.337	0.430526
-0.336	0.435131
-0.335	0.439728
-0.334	0.444321
-0.333	0.448904
-0.332	0.453479
-0.331	0.458038
-0.33	0.462588
-0.329	0.467118
-0.328	0.471628
-0.327	0.476121
-0.326	0.480589
-0.325	0.485031
-0.324	0.48945
-0.323	0.493833
-0.322	0.498193
-0.321	0.502513
-0.32	0.506801
-0.319	0.511052
-0.318	0.515261
-0.317	0.519433
-0.316	0.523558
-0.315	0.527644
-0.314	0.531675
-0.313	0.535664
-0.312	0.539599
-0.311	0.543482
-0.31	0.547314
-0.309	0.551083
-0.308	0.554802
-0.307	0.558457
-0.306	0.562051
-0.305	0.565584
-0.304	0.569051
-0.303	0.572454
-0.302	0.575786
-0.301	0.579054
-0.3	0.582245
-0.299	0.585368
-0.298	0.588415
-0.297	0.591389
-0.296	0.594285
-0.295	0.597106
-0.294	0.599842
-0.293	0.602507
-0.292	0.60508
-0.291	0.60758
-0.29	0.609989
-0.289	0.612317
-0.288	0.614556
-0.287	0.616711
-0.286	0.618777
-0.285	0.620751
-0.284	0.622639
-0.283	0.624435
-0.282	0.626139
-0.281	0.627753
-0.28	0.629269
-0.279	0.630699
-0.278	0.632025
-0.277	0.633265
-0.276	0.634403
-0.275	0.635449
-0.274	0.636395
-0.273	0.637249
-0.272	0.638003
-0.271	0.638658
-0.27	0.639217
-0.269	0.639677
-0.268	0.640039
-0.267	0.640305
-0.266	0.640468
-0.265	0.640536
-0.264	0.640506
-0.263	0.640372
-0.262	0.640147
-0.261	0.639818
-0.26	0.639394
-0.259	0.638872
-0.258	0.638252
-0.257	0.637533
-0.256	0.636722
-0.255	0.635809
-0.254	0.634803
-0.253	0.633702
-0.252	0.632504
-0.251	0.631214
-0.25	0.62983
-0.249	0.628352
-0.248	0.626783
-0.247	0.625121
-0.246	0.623368
-0.245	0.621529
-0.244	0.6196
-0.243	0.617578
-0.242	0.615479
-0.241	0.613282
-0.24	0.611011
-0.239	0.60865
-0.238	0.60621
-0.237	0.603685
-0.236	0.601084
-0.235	0.598401
-0.234	0.595642
-0.233	0.592808
-0.232	0.589896
-0.231	0.586914
-0.23	0.583858
-0.229	0.580731
-0.228	0.577539
-0.227	0.574276
-0.226	0.570947
-0.225	0.567557
-0.224	0.564102
-0.223	0.560586
-0.222	0.557012
-0.221	0.553379
-0.22	0.549692
-0.219	0.54595
-0.218	0.542157
-0.217	0.538311
-0.216	0.534421
-0.215	0.53048
-0.214	0.526498
-0.213	0.522473
-0.212	0.518403
-0.211	0.514301
-0.21	0.510154
-0.209	0.505981
-0.208	0.501767
-0.207	0.497528
-0.206	0.493258
-0.205	0.488961
-0.204	0.484642
-0.203	0.480296
-0.202	0.475934
-0.201	0.471551
-0.2	0.467151
-0.199	0.462741
-0.198	0.458315
-0.197	0.453881
-0.196	0.449439
-0.195	0.444991
-0.194	0.44054
-0.193	0.436087
-0.192	0.431637
-0.191	0.427187
-0.19	0.422744
-0.189	0.418308
-0.188	0.413881
-0.187	0.409467
-0.186	0.405063
-0.185	0.400681
-0.184	0.39631
-0.183	0.391963
-0.182	0.387638
-0.181	0.383336
-0.18	0.379062
-0.179	0.374813
-0.178	0.370599
-0.177	0.366414
-0.176	0.362265
-0.175	0.35815
-0.174	0.354076
-0.173	0.350042
-0.172	0.346049
-0.171	0.342101
-0.17	0.3382
-0.169	0.334346
-0.168	0.330542
-0.167	0.32679
-0.166	0.323091
-0.165	0.319449
-0.164	0.315861
-0.163	0.312335
-0.162	0.308868
-0.161	0.305463
-0.16	0.302122
-0.159	0.298847
-0.158	0.29564
-0.157	0.292499
-0.156	0.289431
-0.155	0.286432
-0.154	0.283508
-0.153	0.280656
-0.152	0.277883
-0.151	0.275186
-0.15	0.272567
-0.149	0.270029
-0.148	0.267571
-0.147	0.265196
-0.146	0.262903
-0.145	0.260697
-0.144	0.258575
-0.143	0.25654
-0.142	0.254592
-0.141	0.252734
-0.14	0.250964
-0.139	0.249286
-0.138	0.247698
-0.137	0.246203
-0.136	0.2448
-0.135	0.24349
-0.134	0.242276
-0.133	0.241155
-0.132	0.240131
-0.131	0.239201
-0.13	0.238369
-0.129	0.237633
-0.128	0.236993
-0.127	0.236453
-0.126	0.236008
-0.125	0.235663
-0.124	0.235416
-0.123	0.235267
-0.122	0.235217
-0.121	0.235265
-0.12	0.235411
-0.119	0.235656
-0.118	0.236
-0.117	0.236442
-0.116	0.236982
-0.115	0.23762
-0.114	0.238354
-0.113	0.239188
-0.112	0.240119
-0.111	0.241144
-0.11	0.242268
-0.109	0.243486
-0.108	0.244799
-0.107	0.246208
-0.106	0.247709
-0.105	0.249305
-0.104	0.250993
-0.103	0.252771
-0.102	0.254643
-0.101	0.256603
-0.1	0.258652
