-4	0
-3.999	0
-3.998	0
-3.997	0
-3.996	0
-3.995	0
-3.994	0
-3.993	0
-3.992	0
-3.991	0
-3.99	0
-3.989	0
-3.988	0
-3.987	0
-3.986	0
-3.985	0
-3.984	0
-3.983	0
-3.982	0
-3.981	0
-3.98	0
-3.979	0
-3.978	0
-3.977	0
-3.976	0
-3.975	0
-3.974	0
-3.973	0
-3.972	0
-3.971	0
-3.97	0
-3.969	0
-3.968	0
-3.967	0
-3.966	0
-3.965	0
-3.964	0
-3.963	0
-3.962	0
-3.961	0
-3.96	0
-3.959	0
-3.958	0
-3.957	0
-3.956	0
-3.955	0
-3.954	0
-3.953	0
-3.952	0
-3.951	0
-3.95	0
-3.949	0
-3.948	0
-3.947	0
-3.946	0
-3.945	0
-3.944	0
-3.943	0
-3.942	0
-3.941	0
-3.94	0
-3.939	0
-3.938	0
-3.937	0
-3.936	0
-3.935	0
-3.934	0
-3.933	0
-3.932	0
-3.931	0
-3.93	0
-3.929	0
-3.928	0
-3.927	0
-3.926	0
-3.925	0
-3.924	0
-3.923	0
-3.922	0
-3.921	0
-3.92	0
-3.919	0
-3.918	0
-3.917	0
-3.916	0
-3.915	0
-3.914	0
-3.913	0
-3.912	0
-3.911	0
-3.91	0
-3.909	0
-3.908	0
-3.907	0
-3.906	0
-3.905	0
-3.904	0
-3.903	0
-3.902	0
-3.901	0
-3.9	0
-3.899	0
-3.898	0
-3.897	0
-3.896	0
-3.895	0
-3.894	0
-3.893	0
-3.892	0
-3.891	0
-3.89	0
-3.889	0
-3.888	0
-3.887	0
-3.886	0
-3.885	0
-3.884	0
-3.883	0
-3.882	0
-3.881	0
-3.88	0
-3.879	0
-3.878	0
-3.877	0
-3.876	0
-3.875	0
-3.874	0
-3.873	0
-3.872	0
-3.871	0
-3.87	0
-3.869	0
-3.868	0
-3.867	0
-3.866	0
-3.865	0
-3.864	0
-3.863	0
-3.862	0
-3.861	0
-3.86	0
-3.859	0
-3.858	0
-3.857	0
-3.856	0
-3.855	0
-3.854	0
-3.853	0
-3.852	0
-3.851	0
-3.85	0
-3.849	0
-3.848	0
-3.847	0
-3.846	0
-3.845	0
-3.844	0
-3.843	0
-3.842	0
-3.841	0
-3.84	0
-3.839	0
-3.838	0
-3.837	0
-3.836	0
-3.835	0
-3.834	0
-3.833	0
-3.832	0
-3.831	0
-3.83	0
-3.829	0
-3.828	0
-3.827	0
-3.826	0
-3.825	0
-3.824	0
-3.823	0
-3.822	0
-3.821	0
-3.82	0
-3.819	0
-3.818	0
-3.817	0
-3.816	0
-3.815	0
-3.814	0
-3.813	0
-3.812	0
-3.811	0
-3.81	0
-3.809	0
-3.808	0
-3.807	0
-3.806	0
-3.805	0
-3.804	0
-3.803	0
-3.802	0
-3.801	0
-3.8	0
-3.799	0
-3.798	0
-3.797	0
-3.796	0
-3.795	0
-3.794	0
-3.793	0
-3.792	0
-3.791	0
-3.79	0
-3.789	0
-3.788	0
-3.787	0
-3.786	0
-3.785	0
-3.784	0
-3.783	0
-3.782	0
-3.781	0
-3.78	0
-3.779	0
-3.778	0
-3.777	0
-3.776	0
-3.775	0
-3.774	0
-3.773	0
-3.772	0
-3.771	0
-3.77	0
-3.769	0
-3.768	0
-3.767	0
-3.766	0
-3.765	0
-3.764	0
-3.763	0
-3.762	0
-3.761	0
-3.76	0
-3.759	0
-3.758	0
-3.757	0
-3.756	0
-3.755	0
-3.754	0
-3.753	0
-3.752	0
-3.751	0
-3.75	0
-3.749	0
-3.748	0
-3.747	0
-3.746	0
-3.745	0
-3.744	0
-3.743	0
-3.742	0
-3.741	0
-3.74	0
-3.739	0
-3.738	0
-3.737	0
-3.736	0
-3.735	0
-3.734	0
-3.733	0
-3.732	0
-3.731	0
-3.73	0
-3.729	0
-3.728	0
-3.727	0
-3.726	0
-3.725	0
-3.724	0
-3.723	0
-3.722	0
-3.721	0
-3.72	0
-3.719	0
-3.718	0
-3.717	0
-3.716	0
-3.715	0
-3.714	0
-3.713	0
-3.712	0
-3.711	0
-3.71	0
-3.709	0
-3.708	0
-3.707	0
-3.706	0
-3.705	0
-3.704	0
-3.703	0
-3.702	0
-3.701	0
-3.7	0
-3.699	0
-3.698	0
-3.697	0
-3.696	0
-3.695	0
-3.694	0
-3.693	0
-3.692	0
-3.691	0
-3.69	0
-3.689	0
-3.688	0
-3.687	0
-3.686	0
-3.685	0
-3.684	0
-3.683	0
-3.682	0
-3.681	0
-3.68	0
-3.679	0
-3.678	0
-3.677	0
-3.676	0
-3.675	0
-3.674	0
-3.673	0
-3.672	0
-3.671	0
-3.67	0
-3.669	0
-3.668	0
-3.667	0
-3.666	0
-3.665	0
-3.664	0
-3.663	0
-3.662	0
-3.661	0
-3.66	0
-3.659	0
-3.658	0
-3.657	0
-3.656	0
-3.655	0
-3.654	0
-3.653	0
-3.652	0
-3.651	0
-3.65	0
-3.649	0
-3.648	0
-3.647	0
-3.646	0
-3.645	0
-3.644	0
-3.643	0
-3.642	0
-3.641	0
-3.64	0
-3.639	0
-3.638	0
-3.637	0
-3.636	0
-3.635	0
-3.634	0
-3.633	0
-3.632	0
-3.631	0
-3.63	0
-3.629	0
-3.628	0
-3.627	0
-3.626	0
-3.625	0
-3.624	0
-3.623	0
-3.622	0
-3.621	0
-3.62	0
-3.619	0
-3.618	0
-3.617	0
-3.616	0
-3.615	0
-3.614	0
-3.613	0
-3.612	0
-3.611	0
-3.61	0
-3.609	0
-3.608	0
-3.607	0
-3.606	0
-3.605	0
-3.604	0
-3.603	0
-3.602	0
-3.601	0
-3.6	0
-3.599	0
-3.598	0
-3.597	0
-3.596	0
-3.595	0
-3.594	0
-3.593	0
-3.592	0
-3.591	0
-3.59	0
-3.589	0
-3.588	0
-3.587	0
-3.586	0
-3.585	0
-3.584	0
-3.583	0
-3.582	0
-3.581	0
-3.58	0
-3.579	0
-3.578	0
-3.577	0
-3.576	0
-3.575	0
-3.574	0
-3.573	0
-3.572	0
-3.571	0
-3.57	0
-3.569	0
-3.568	0
-3.567	0
-3.566	0
-3.565	0
-3.564	0
-3.563	0
-3.562	0
-3.561	0
-3.56	0
-3.559	0
-3.558	0
-3.557	0
-3.556	0
-3.555	0
-3.554	0
-3.553	0
-3.552	0
-3.551	0
-3.55	0
-3.549	0
-3.548	0
-3.547	0
-3.546	0
-3.545	0
-3.544	0
-3.543	0
-3.542	0
-3.541	0
-3.54	0
-3.539	0
-3.538	0
-3.537	0
-3.536	0
-3.535	0
-3.534	0
-3.533	0
-3.532	0
-3.531	0
-3.53	0
-3.529	0
-3.528	0
-3.527	0
-3.526	0
-3.525	0
-3.524	0
-3.523	0
-3.522	0
-3.521	0
-3.52	0
-3.519	0
-3.518	0
-3.517	0
-3.516	0
-3.515	0
-3.514	0
-3.513	0
-3.512	0
-3.511	0
-3.51	0
-3.509	0
-3.508	0
-3.507	0
-3.506	0
-3.505	0
-3.504	0
-3.503	0
-3.502	0
-3.501	0
-3.5	0
-3.499	0
-3.498	0
-3.497	0
-3.496	0
-3.495	0
-3.494	0
-3.493	0
-3.492	0
-3.491	0
-3.49	0
-3.489	0
-3.488	0
-3.487	0
-3.486	0
-3.485	0
-3.484	0
-3.483	0
-3.482	0
-3.481	0
-3.48	0
-3.479	0
-3.478	0
-3.477	0
-3.476	0
-3.475	0
-3.474	0
-3.473	0
-3.472	0
-3.471	0
-3.47	0
-3.469	0
-3.468	0
-3.467	0
-3.466	0
-3.465	0
-3.464	0
-3.463	0
-3.462	0
-3.461	0
-3.46	0
-3.459	0
-3.458	0
-3.457	0
-3.456	0
-3.455	0
-3.454	0
-3.453	0
-3.452	0
-3.451	0
-3.45	0
-3.449	0
-3.448	0
-3.447	0
-3.446	0
-3.445	0
-3.444	0
-3.443	0
-3.442	0
-3.441	0
-3.44	0
-3.439	0
-3.438	0
-3.437	0
-3.436	0
-3.435	0
-3.434	0
-3.433	0
-3.432	0
-3.431	0
-3.43	0
-3.429	0
-3.428	0
-3.427	0
-3.426	0
-3.425	0
-3.424	0
-3.423	0
-3.422	0
-3.421	0
-3.42	0
-3.419	0
-3.418	0
-3.417	0
-3.416	0
-3.415	0
-3.414	0
-3.413	0
-3.412	0
-3.411	0
-3.41	0
-3.409	0
-3.408	0
-3.407	0
-3.406	0
-3.405	0
-3.404	0
-3.403	0
-3.402	0
-3.401	0
-3.4	0
-3.399	0
-3.398	0
-3.397	0
-3.396	0
-3.395	0
-3.394	0
-3.393	0
-3.392	0
-3.391	0
-3.39	0
-3.389	0
-3.388	0
-3.387	0
-3.386	0
-3.385	0
-3.384	0
-3.383	0
-3.382	0
-3.381	0
-3.38	0
-3.379	0
-3.378	0
-3.377	0
-3.376	0
-3.375	0
-3.374	0
-3.373	0
-3.372	0
-3.371	0
-3.37	0
-3.369	0
-3.368	0
-3.367	0
-3.366	0
-3.365	0
-3.364	0
-3.363	0
-3.362	0
-3.361	0
-3.36	0
-3.359	0
-3.358	0
-3.357	0
-3.356	0
-3.355	0
-3.354	0
-3.353	0
-3.352	0
-3.351	0
-3.35	0
-3.349	0
-3.348	0
-3.347	0
-3.346	0
-3.345	0
-3.344	0
-3.343	0
-3.342	0
-3.341	0
-3.34	0
-3.339	0
-3.338	0
-3.337	0
-3.336	0
-3.335	0
-3.334	0
-3.333	0
-3.332	0
-3.331	0
-3.33	0
-3.329	0
-3.328	0
-3.327	0
-3.326	0
-3.325	0
-3.324	0
-3.323	0
-3.322	0
-3.321	0
-3.32	0
-3.319	0
-3.318	0
-3.317	0
-3.316	0
-3.315	0
-3.314	0
-3.313	0
-3.312	0
-3.311	0
-3.31	0
-3.309	0
-3.308	0
-3.307	0
-3.306	0
-3.305	0
-3.304	0
-3.303	0
-3.302	0
-3.301	0
-3.3	0
-3.299	0
-3.298	0
-3.297	0
-3.296	0
-3.295	0
-3.294	0
-3.293	0
-3.292	0
-3.291	0
-3.29	0
-3.289	0
-3.288	0
-3.287	0
-3.286	0
-3.285	0
-3.284	0
-3.283	0
-3.282	0
-3.281	0
-3.28	0
-3.279	0
-3.278	0
-3.277	0
-3.276	0
-3.275	0
-3.274	0
-3.273	0
-3.272	0
-3.271	0
-3.27	0
-3.269	0
-3.268	0
-3.267	0
-3.266	0
-3.265	0
-3.264	0
-3.263	0
-3.262	0
-3.261	0
-3.26	0
-3.259	0
-3.258	0
-3.257	0
-3.256	0
-3.255	0
-3.254	0
-3.253	0
-3.252	0
-3.251	0
-3.25	0
-3.249	0
-3.248	0
-3.247	0
-3.246	0
-3.245	0
-3.244	0
-3.243	0
-3.242	0
-3.241	0
-3.24	0
-3.239	0
-3.238	0
-3.237	0
-3.236	0
-3.235	0
-3.234	0
-3.233	0
-3.232	0
-3.231	0
-3.23	0
-3.229	0
-3.228	0
-3.227	0
-3.226	0
-3.225	0
-3.224	0
-3.223	0
-3.222	0
-3.221	0
-3.22	0
-3.219	0
-3.218	0
-3.217	0
-3.216	0
-3.215	0
-3.214	0
-3.213	0
-3.212	0
-3.211	0
-3.21	0
-3.209	0
-3.208	0
-3.207	0
-3.206	0
-3.205	0
-3.204	0
-3.203	0
-3.202	0
-3.201	0
-3.2	0
-3.199	0
-3.198	0
-3.197	0
-3.196	0
-3.195	0
-3.194	0
-3.193	0
-3.192	0
-3.191	0
-3.19	0
-3.189	0
-3.188	0
-3.187	0
-3.186	0
-3.185	0
-3.184	0
-3.183	0
-3.182	0
-3.181	0
-3.18	0
-3.179	0
-3.178	0
-3.177	0
-3.176	0
-3.175	0
-3.174	0
-3.173	0
-3.172	0
-3.171	0
-3.17	0
-3.169	0
-3.168	0
-3.167	0
-3.166	0
-3.165	0
-3.164	0
-3.163	0
-3.162	0
-3.161	0
-3.16	0
-3.159	0
-3.158	0
-3.157	0
-3.156	0
-3.155	0
-3.154	0
-3.153	0
-3.152	0
-3.151	0
-3.15	0
-3.149	0
-3.148	0
-3.147	0
-3.146	0
-3.145	0
-3.144	0
-3.143	0
-3.142	0
-3.141	0
-3.14	0
-3.139	0
-3.138	0
-3.137	0
-3.136	0
-3.135	0
-3.134	0
-3.133	0
-3.132	0
-3.131	0
-3.13	0
-3.129	0
-3.128	0
-3.127	0
-3.126	0
-3.125	0
-3.124	0
-3.123	0
-3.122	0
-3.121	0
-3.12	0
-3.119	0
-3.118	0
-3.117	0
-3.116	0
-3.115	0
-3.114	0
-3.113	0
-3.112	0
-3.111	0
-3.11	0
-3.109	0
-3.108	0
-3.107	0
-3.106	0
-3.105	0
-3.104	0
-3.103	0
-3.102	0
-3.101	0
-3.1	0
-3.099	0
-3.098	0
-3.097	0
-3.096	0
-3.095	0
-3.094	0
-3.093	0
-3.092	0
-3.091	0
-3.09	0
-3.089	0
-3.088	0
-3.087	0
-3.086	0
-3.085	0
-3.084	0
-3.083	0
-3.082	0
-3.081	0
-3.08	0
-3.079	0
-3.078	0
-3.077	0
-3.076	0
-3.075	0
-3.074	0
-3.073	0
-3.072	0
-3.071	0
-3.07	0
-3.069	0
-3.068	0
-3.067	0
-3.066	0
-3.065	0
-3.064	0
-3.063	0
-3.062	0
-3.061	0
-3.06	0
-3.059	0
-3.058	0
-3.057	0
-3.056	0
-3.055	0
-3.054	0
-3.053	0
-3.052	0
-3.051	0
-3.05	0
-3.049	0
-3.048	0
-3.047	0
-3.046	0
-3.045	0
-3.044	0
-3.043	0
-3.042	0
-3.041	0
-3.04	0
-3.039	0
-3.038	0
-3.037	0
-3.036	0
-3.035	0
-3.034	0
-3.033	0
-3.032	0
-3.031	0
-3.03	0
-3.029	0
-3.028	0
-3.027	0
-3.026	0
-3.025	0
-3.024	0
-3.023	0
-3.022	0
-3.021	0
-3.02	0
-3.019	0
-3.018	0
-3.017	0
-3.016	0
-3.015	0
-3.014	0
-3.013	0
-3.012	0
-3.011	0
-3.01	0
-3.009	0
-3.008	0
-3.007	0
-3.006	0
-3.005	0
-3.004	0
-3.003	0
-3.002	0
-3.001	0
-3	0
-2.999	0
-2.998	0
-2.997	0
-2.996	0
-2.995	0
-2.994	0
-2.993	0
-2.992	0
-2.991	0
-2.99	0
-2.989	0
-2.988	0
-2.987	0
-2.986	0
-2.985	0
-2.984	0
-2.983	0
-2.982	0
-2.981	0
-2.98	0
-2.979	0
-2.978	0
-2.977	0
-2.976	0
-2.975	0
-2.974	0
-2.973	0
-2.972	0
-2.971	0
-2.97	0
-2.969	0
-2.968	0
-2.967	0
-2.966	0
-2.965	0
-2.964	0
-2.963	0
-2.962	0
-2.961	0
-2.96	0
-2.959	0
-2.958	0
-2.957	0
-2.956	0
-2.955	0
-2.954	0
-2.953	0
-2.952	0
-2.951	0
-2.95	0
-2.949	0
-2.948	0
-2.947	0
-2.946	0
-2.945	0
-2.944	0
-2.943	0
-2.942	0
-2.941	0
-2.94	0
-2.939	0
-2.938	0
-2.937	0
-2.936	0
-2.935	0
-2.934	0
-2.933	0
-2.932	0
-2.931	0
-2.93	0
-2.929	0
-2.928	0
-2.927	0
-2.926	0
-2.925	0
-2.924	0
-2.923	0
-2.922	0
-2.921	0
-2.92	0
-2.919	0
-2.918	0
-2.917	0
-2.916	0
-2.915	0
-2.914	0
-2.913	0
-2.912	0
-2.911	0
-2.91	0
-2.909	0
-2.908	0
-2.907	0
-2.906	0
-2.905	0
-2.904	0
-2.903	0
-2.902	0
-2.901	0
-2.9	0
-2.899	0
-2.898	0
-2.897	0
-2.896	0
-2.895	0
-2.894	0
-2.893	0
-2.892	0
-2.891	0
-2.89	0
-2.889	0
-2.888	0
-2.887	0
-2.886	0
-2.885	0
-2.884	0
-2.883	0
-2.882	0
-2.881	0
-2.88	0
-2.879	0
-2.878	0
-2.877	0
-2.876	0
-2.875	0
-2.874	0
-2.873	0
-2.872	0
-2.871	0
-2.87	0
-2.869	0
-2.868	0
-2.867	0
-2.866	0
-2.865	0
-2.864	0
-2.863	0
-2.862	0
-2.861	0
-2.86	0
-2.859	0
-2.858	0
-2.857	0
-2.856	0
-2.855	0
-2.854	0
-2.853	0
-2.852	0
-2.851	0
-2.85	0
-2.849	0
-2.848	0
-2.847	0
-2.846	0
-2.845	0
-2.844	0
-2.843	0
-2.842	0
-2.841	0
-2.84	0
-2.839	0
-2.838	0
-2.837	0
-2.836	0
-2.835	0
-2.834	0
-2.833	0
-2.832	0
-2.831	0
-2.83	0
-2.829	0
-2.828	0
-2.827	0
-2.826	0
-2.825	0
-2.824	0
-2.823	0
-2.822	0
-2.821	0
-2.82	0
-2.819	0
-2.818	0
-2.817	0
-2.816	0
-2.815	0
-2.814	0
-2.813	0
-2.812	0
-2.811	0
-2.81	0
-2.809	0
-2.808	0
-2.807	0
-2.806	0
-2.805	0
-2.804	0
-2.803	0
-2.802	0
-2.801	0
-2.8	0
-2.799	0
-2.798	0
-2.797	0
-2.796	0
-2.795	0
-2.794	0
-2.793	0
-2.792	0
-2.791	0
-2.79	0
-2.789	0
-2.788	0
-2.787	0
-2.786	0
-2.785	0
-2.784	0
-2.783	0
-2.782	0
-2.781	0
-2.78	0
-2.779	0
-2.778	0
-2.777	0
-2.776	0
-2.775	0
-2.774	0
-2.773	0
-2.772	0
-2.771	0
-2.77	0
-2.769	0
-2.768	0
-2.767	0
-2.766	0
-2.765	0
-2.764	0
-2.763	0
-2.762	0
-2.761	0
-2.76	0
-2.759	0
-2.758	0
-2.757	0
-2.756	0
-2.755	0
-2.754	0
-2.753	0
-2.752	0
-2.751	0
-2.75	0
-2.749	0
-2.748	0
-2.747	0
-2.746	0
-2.745	0
-2.744	0
-2.743	0
-2.742	0
-2.741	0
-2.74	0
-2.739	0
-2.738	0
-2.737	0
-2.736	0
-2.735	0
-2.734	0
-2.733	0
-2.732	0
-2.731	0
-2.73	0
-2.729	0
-2.728	0
-2.727	0
-2.726	0
-2.725	0
-2.724	0
-2.723	0
-2.722	0
-2.721	0
-2.72	0
-2.719	0
-2.718	0
-2.717	0
-2.716	0
-2.715	0
-2.714	0
-2.713	0
-2.712	0
-2.711	0
-2.71	0
-2.709	0
-2.708	0
-2.707	0
-2.706	0
-2.705	0
-2.704	0
-2.703	0
-2.702	0
-2.701	0
-2.7	0
-2.699	0
-2.698	0
-2.697	0
-2.696	0
-2.695	0
-2.694	0
-2.693	0
-2.692	0
-2.691	0
-2.69	0
-2.689	0
-2.688	0
-2.687	0
-2.686	0
-2.685	0
-2.684	0
-2.683	0
-2.682	0
-2.681	0
-2.68	0
-2.679	0
-2.678	0
-2.677	0
-2.676	0
-2.675	0
-2.674	0
-2.673	0
-2.672	0
-2.671	0
-2.67	0
-2.669	0
-2.668	0
-2.667	0
-2.666	0
-2.665	0
-2.664	0
-2.663	0
-2.662	0
-2.661	0
-2.66	0
-2.659	0
-2.658	0
-2.657	0
-2.656	0
-2.655	0
-2.654	0
-2.653	0
-2.652	0
-2.651	0
-2.65	0
-2.649	0
-2.648	0
-2.647	0
-2.646	0
-2.645	0
-2.644	0
-2.643	0
-2.642	0
-2.641	0
-2.64	0
-2.639	0
-2.638	0
-2.637	0
-2.636	0
-2.635	0
-2.634	0
-2.633	0
-2.632	0
-2.631	0
-2.63	0
-2.629	0
-2.628	0
-2.627	0
-2.626	0
-2.625	0
-2.624	0
-2.623	0
-2.622	0
-2.621	0
-2.62	0
-2.619	0
-2.618	0
-2.617	0
-2.616	0
-2.615	0
-2.614	0
-2.613	0
-2.612	0
-2.611	0
-2.61	0
-2.609	0
-2.608	0
-2.607	0
-2.606	0
-2.605	0
-2.604	0
-2.603	0
-2.602	0
-2.601	0
-2.6	0
-2.599	0
-2.598	0
-2.597	0
-2.596	0
-2.595	0
-2.594	0
-2.593	0
-2.592	0
-2.591	0
-2.59	0
-2.589	0
-2.588	0
-2.587	0
-2.586	0
-2.585	0
-2.584	0
-2.583	0
-2.582	0
-2.581	0
-2.58	0
-2.579	0
-2.578	0
-2.577	0
-2.576	0
-2.575	0
-2.574	0
-2.573	0
-2.572	0
-2.571	0
-2.57	0
-2.569	0
-2.568	0
-2.567	0
-2.566	0
-2.565	0
-2.564	0
-2.563	0
-2.562	0
-2.561	0
-2.56	0
-2.559	0
-2.558	0
-2.557	0
-2.556	0
-2.555	0
-2.554	0
-2.553	0
-2.552	0
-2.551	0
-2.55	0
-2.549	0
-2.548	0
-2.547	0
-2.546	0
-2.545	0
-2.544	0
-2.543	0
-2.542	0
-2.541	0
-2.54	0
-2.539	0
-2.538	0
-2.537	0
-2.536	0
-2.535	0
-2.534	0
-2.533	0
-2.532	0
-2.531	0
-2.53	0
-2.529	0
-2.528	0
-2.527	0
-2.526	0
-2.525	0
-2.524	0
-2.523	0
-2.522	0
-2.521	0
-2.52	0
-2.519	0
-2.518	0
-2.517	0
-2.516	0
-2.515	0
-2.514	0
-2.513	0
-2.512	0
-2.511	0
-2.51	0
-2.509	0
-2.508	0
-2.507	0
-2.506	0
-2.505	0
-2.504	0
-2.503	0
-2.502	0
-2.501	0
-2.5	0
-2.499	0
-2.498	0
-2.497	0
-2.496	0
-2.495	0
-2.494	0
-2.493	0
-2.492	0
-2.491	0
-2.49	0
-2.489	0
-2.488	0
-2.487	0
-2.486	0
-2.485	0
-2.484	0
-2.483	0
-2.482	0
-2.481	0
-2.48	0
-2.479	0
-2.478	0
-2.477	0
-2.476	0
-2.475	0
-2.474	0
-2.473	0
-2.472	0
-2.471	0
-2.47	0
-2.469	0
-2.468	0
-2.467	0
-2.466	0
-2.465	0
-2.464	0
-2.463	0
-2.462	0
-2.461	0
-2.46	0
-2.459	0
-2.458	0
-2.457	0
-2.456	0
-2.455	0
-2.454	0
-2.453	0
-2.452	0
-2.451	0
-2.45	0
-2.449	0
-2.448	0
-2.447	0
-2.446	0
-2.445	0
-2.444	0
-2.443	0
-2.442	0
-2.441	0
-2.44	0
-2.439	0
-2.438	0
-2.437	0
-2.436	0
-2.435	0
-2.434	0
-2.433	0
-2.432	0
-2.431	0
-2.43	0
-2.429	0
-2.428	0
-2.427	0
-2.426	0
-2.425	0
-2.424	0
-2.423	0
-2.422	0
-2.421	0
-2.42	0
-2.419	0
-2.418	0
-2.417	0
-2.416	0
-2.415	0
-2.414	0
-2.413	0
-2.412	0
-2.411	0
-2.41	0
-2.409	0
-2.408	0
-2.407	0
-2.406	0
-2.405	0
-2.404	0
-2.403	4.77342e-077
-2.402	5.49216e-076
-2.401	2.58703e-075
-2.4	9.1146e-075
-2.399	2.90081e-074
-2.398	9.80829e-074
-2.397	3.56212e-073
-2.396	1.33222e-072
-2.395	5.02242e-072
-2.394	1.89098e-071
-2.393	7.08474e-071
-2.392	2.63876e-070
-2.391	9.76897e-070
-2.39	3.59419e-069
-2.389	1.31424e-068
-2.388	4.77593e-068
-2.387	1.72481e-067
-2.386	6.19034e-067
-2.385	2.20782e-066
-2.384	7.82486e-066
-2.383	2.75577e-065
-2.382	9.64378e-065
-2.381	3.35334e-064
-2.38	1.15857e-063
-2.379	3.9771e-063
-2.378	1.35643e-062
-2.377	4.59623e-062
-2.376	1.54727e-061
-2.375	5.17457e-061
-2.374	1.71915e-060
-2.373	5.67376e-060
-2.372	1.86007e-059
-2.371	6.05727e-059
-2.37	1.95928e-058
-2.369	6.29467e-058
-2.368	2.00859e-057
-2.367	6.36556e-057
-2.366	2.00351e-056
-2.365	6.2624e-056
-2.364	1.94388e-055
-2.363	5.99179e-055
-2.362	1.83396e-054
-2.361	5.57378e-054
-2.36	1.68197e-053
-2.359	5.03942e-053
-2.358	1.49905e-052
-2.357	4.42698e-052
-2.356	1.29788e-051
-2.355	3.7773e-051
-2.354	1.09125e-050
-2.353	3.12932e-050
-2.352	8.90702e-050
-2.351	2.51625e-049
-2.35	7.05495e-049
-2.349	1.96305e-048
-2.348	5.42054e-048
-2.347	1.48528e-047
-2.346	4.03838e-047
-2.345	1.08946e-046
-2.344	2.91611e-046
-2.343	7.74387e-046
-2.342	2.04009e-045
-2.341	5.33156e-045
-2.34	1.38213e-044
-2.339	3.55388e-044
-2.338	9.06349e-044
-2.337	2.29244e-043
-2.336	5.75018e-043
-2.335	1.43028e-042
-2.334	3.52764e-042
-2.333	8.62672e-042
-2.332	2.09158e-041
-2.331	5.02734e-041
-2.33	1.19786e-040
-2.329	2.8291e-040
-2.328	6.62263e-040
-2.327	1.53645e-039
-2.326	3.53245e-039
-2.325	8.04767e-039
-2.324	1.81662e-038
-2.323	4.06273e-038
-2.322	9.00108e-038
-2.321	1.97539e-037
-2.32	4.29393e-037
-2.319	9.24389e-037
-2.318	1.97066e-036
-2.317	4.15984e-036
-2.316	8.69374e-036
-2.315	1.79867e-035
-2.314	3.68351e-035
-2.313	7.46598e-035
-2.312	1.49751e-034
-2.311	2.97207e-034
-2.31	5.8357e-034
-2.309	1.13347e-033
-2.308	2.17747e-033
-2.307	4.13665e-033
-2.306	7.77019e-033
-2.305	1.44287e-032
-2.304	2.64826e-032
-2.303	4.80342e-032
-2.302	8.60816e-032
-2.301	1.52388e-031
-2.3	2.66425e-031
-2.299	4.5992e-031
-2.298	7.83717e-031
-2.297	1.31792e-030
-2.296	2.18649e-030
-2.295	3.57759e-030
-2.294	5.77126e-030
-2.293	9.1753e-030
-2.292	1.437e-029
-2.291	2.21604e-029
-2.29	3.36321e-029
-2.289	5.02027e-029
-2.288	7.36554e-029
-2.287	1.06132e-028
-2.286	1.50058e-028
-2.285	2.07958e-028
-2.284	2.82122e-028
-2.283	3.74079e-028
-2.282	4.83857e-028
-2.281	6.09021e-028
-2.28	7.43592e-028
-2.279	8.76987e-028
-2.278	9.93319e-028
-2.277	1.07155e-027
-2.276	1.0872e-027
-2.275	1.01663e-027
-2.274	8.45001e-028
-2.273	5.79382e-028
-2.272	2.68368e-028
-2.271	2.96925e-029
-2.27	8.69464e-029
-2.269	8.16195e-028
-2.268	2.80268e-027
-2.267	6.9071e-027
-2.266	1.43404e-026
-2.265	2.67456e-026
-2.264	4.6284e-026
-2.263	7.57257e-026
-2.262	1.18542e-025
-2.261	1.78997e-025
-2.26	2.6225e-025
-2.259	3.74453e-025
-2.258	5.22863e-025
-2.257	7.15966e-025
-2.256	9.63616e-025
-2.255	1.27718e-024
-2.254	1.66972e-024
-2.253	2.15617e-024
-2.252	2.75353e-024
-2.251	3.48103e-024
-2.25	4.36034e-024
-2.249	5.4157e-024
-2.248	6.67404e-024
-2.247	8.16508e-024
-2.246	9.92135e-024
-2.245	1.19782e-023
-2.244	1.43738e-023
-2.243	1.7149e-023
-2.242	2.03476e-023
-2.241	2.40159e-023
-2.24	2.8203e-023
-2.239	3.29605e-023
-2.238	3.83429e-023
-2.237	4.44071e-023
-2.236	5.12124e-023
-2.235	5.88205e-023
-2.234	6.7295e-023
-2.233	7.67008e-023
-2.232	8.71039e-023
-2.231	9.85702e-023
-2.23	1.11165e-022
-2.229	1.24953e-022
-2.228	1.39995e-022
-2.227	1.56351e-022
-2.226	1.74075e-022
-2.225	1.93217e-022
-2.224	2.13822e-022
-2.223	2.35928e-022
-2.222	2.59568e-022
-2.221	2.84766e-022
-2.22	3.11534e-022
-2.219	3.3988e-022
-2.218	3.69797e-022
-2.217	4.01269e-022
-2.216	4.34266e-022
-2.215	4.68745e-022
-2.214	5.04652e-022
-2.213	5.41914e-022
-2.212	5.80448e-022
-2.211	6.20154e-022
-2.21	6.60921e-022
-2.209	7.02618e-022
-2.208	7.45102e-022
-2.207	7.88216e-022
-2.206	8.31785e-022
-2.205	8.75625e-022
-2.204	9.19533e-022
-2.203	9.63298e-022
-2.202	1.0067e-021
-2.201	1.04949e-021
-2.2	1.09144e-021
-2.199	1.1323e-021
-2.198	1.1718e-021
-2.197	1.2097e-021
-2.196	1.24572e-021
-2.195	1.27961e-021
-2.194	1.3111e-021
-2.193	1.33995e-021
-2.192	1.36592e-021
-2.191	1.38876e-021
-2.19	1.40825e-021
-2.189	1.42419e-021
-2.188	1.4364e-021
-2.187	1.44471e-021
-2.186	1.44898e-021
-2.185	1.44911e-021
-2.184	1.44503e-021
-2.183	1.43671e-021
-2.182	1.42417e-021
-2.181	1.40747e-021
-2.18	1.38675e-021
-2.179	1.36219e-021
-2.178	1.33407e-021
-2.177	1.30274e-021
-2.176	1.26863e-021
-2.175	1.23229e-021
-2.174	1.19437e-021
-2.173	1.15564e-021
-2.172	1.11699e-021
-2.171	1.07947e-021
-2.17	1.04425e-021
-2.169	1.01267e-021
-2.168	9.86245e-022
-2.167	9.66645e-022
-2.166	9.55748e-022
-2.165	9.55614e-022
-2.164	9.68509e-022
-2.163	9.96916e-022
-2.162	1.04354e-021
-2.161	1.11129e-021
-2.16	1.20334e-021
-2.159	1.32307e-021
-2.158	1.4741e-021
-2.157	1.66026e-021
-2.156	1.88562e-021
-2.155	2.15447e-021
-2.154	2.4713e-021
-2.153	2.84083e-021
-2.152	3.26792e-021
-2.151	3.75768e-021
-2.15	4.31535e-021
-2.149	4.94632e-021
-2.148	5.65611e-021
-2.147	6.45035e-021
-2.146	7.33474e-021
-2.145	8.31499e-021
-2.144	9.39682e-021
-2.143	1.05859e-020
-2.142	1.18877e-020
-2.141	1.33077e-020
-2.14	1.48509e-020
-2.139	1.65224e-020
-2.138	1.83266e-020
-2.137	2.02676e-020
-2.136	2.23492e-020
-2.135	2.45743e-020
-2.134	2.69455e-020
-2.133	2.94646e-020
-2.132	3.21327e-020
-2.131	3.49497e-020
-2.13	3.79149e-020
-2.129	4.10265e-020
-2.128	4.42813e-020
-2.127	4.76753e-020
-2.126	5.12028e-020
-2.125	5.48571e-020
-2.124	5.86298e-020
-2.123	6.25114e-020
-2.122	6.64905e-020
-2.121	7.05545e-020
-2.12	7.46892e-020
-2.119	7.88785e-020
-2.118	8.31053e-020
-2.117	8.73505e-020
-2.116	9.1594e-020
-2.115	9.58139e-020
-2.114	9.99874e-020
-2.113	1.0409e-019
-2.112	1.08097e-019
-2.111	1.11982e-019
-2.11	1.15717e-019
-2.109	1.19277e-019
-2.108	1.22633e-019
-2.107	1.25758e-019
-2.106	1.28625e-019
-2.105	1.31206e-019
-2.104	1.33477e-019
-2.103	1.35413e-019
-2.102	1.36992e-019
-2.101	1.38193e-019
-2.1	1.38999e-019
-2.099	1.39395e-019
-2.098	1.39372e-019
-2.097	1.38923e-019
-2.096	1.38047e-019
-2.095	1.36749e-019
-2.094	1.35038e-019
-2.093	1.32935e-019
-2.092	1.30462e-019
-2.091	1.27654e-019
-2.09	1.24554e-019
-2.089	1.21212e-019
-2.088	1.17692e-019
-2.087	1.14065e-019
-2.086	1.10417e-019
-2.085	1.06845e-019
-2.084	1.03457e-019
-2.083	1.00378e-019
-2.082	9.77443e-020
-2.081	9.57075e-020
-2.08	9.4434e-020
-2.079	9.41063e-020
-2.078	9.49219e-020
-2.077	9.70943e-020
-2.076	1.00853e-019
-2.075	1.06445e-019
-2.074	1.1413e-019
-2.073	1.24188e-019
-2.072	1.36911e-019
-2.071	1.52608e-019
-2.07	1.71601e-019
-2.069	1.94227e-019
-2.068	2.20836e-019
-2.067	2.51787e-019
-2.066	2.87454e-019
-2.065	3.28214e-019
-2.064	3.74456e-019
-2.063	4.26572e-019
-2.062	4.84959e-019
-2.061	5.50012e-019
-2.06	6.22126e-019
-2.059	7.01693e-019
-2.058	7.89093e-019
-2.057	8.84701e-019
-2.056	9.88871e-019
-2.055	1.10194e-018
-2.054	1.22424e-018
-2.053	1.35605e-018
-2.052	1.49764e-018
-2.051	1.64923e-018
-2.05	1.81102e-018
-2.049	1.98316e-018
-2.048	2.16575e-018
-2.047	2.35884e-018
-2.046	2.56243e-018
-2.045	2.77646e-018
-2.044	3.00079e-018
-2.043	3.23523e-018
-2.042	3.4795e-018
-2.041	3.73325e-018
-2.04	3.99606e-018
-2.039	4.26742e-018
-2.038	4.54672e-018
-2.037	4.83327e-018
-2.036	5.12631e-018
-2.035	5.42495e-018
-2.034	5.72823e-018
-2.033	6.0351e-018
-2.032	6.34442e-018
-2.031	6.65494e-018
-2.03	6.96535e-018
-2.029	7.27425e-018
-2.028	7.58017e-018
-2.027	7.88154e-018
-2.026	8.17675e-018
-2.025	8.46415e-018
-2.024	8.74205e-018
-2.023	9.0087e-018
-2.022	9.26236e-018
-2.021	9.50132e-018
-2.02	9.72382e-018
-2.019	9.92819e-018
-2.018	1.01128e-017
-2.017	1.02761e-017
-2.016	1.04166e-017
-2.015	1.05332e-017
-2.014	1.06245e-017
-2.013	1.06896e-017
-2.012	1.07279e-017
-2.011	1.07388e-017
-2.01	1.07221e-017
-2.009	1.0678e-017
-2.008	1.06069e-017
-2.007	1.05096e-017
-2.006	1.03875e-017
-2.005	1.02424e-017
-2.004	1.00764e-017
-2.003	9.89241e-018
-2.002	9.6937e-018
-2.001	9.4843e-018
-2	9.26882e-018
-1.999	9.05258e-018
-1.998	8.84153e-018
-1.997	8.64243e-018
-1.996	8.46277e-018
-1.995	8.31086e-018
-1.994	8.1958e-018
-1.993	8.12749e-018
-1.992	8.1167e-018
-1.991	8.17501e-018
-1.99	8.31485e-018
-1.989	8.54947e-018
-1.988	8.89295e-018
-1.987	9.36018e-018
-1.986	9.96679e-018
-1.985	1.07292e-017
-1.984	1.16644e-017
-1.983	1.27903e-017
-1.982	1.41251e-017
-1.981	1.56877e-017
-1.98	1.74973e-017
-1.979	1.95736e-017
-1.978	2.19364e-017
-1.977	2.46059e-017
-1.976	2.76019e-017
-1.975	3.09445e-017
-1.974	3.46532e-017
-1.973	3.87477e-017
-1.972	4.32464e-017
-1.971	4.81674e-017
-1.97	5.35279e-017
-1.969	5.93441e-017
-1.968	6.56306e-017
-1.967	7.2401e-017
-1.966	7.96668e-017
-1.965	8.74379e-017
-1.964	9.57223e-017
-1.963	1.04525e-016
-1.962	1.1385e-016
-1.961	1.23697e-016
-1.96	1.34063e-016
-1.959	1.44944e-016
-1.958	1.5633e-016
-1.957	1.6821e-016
-1.956	1.80566e-016
-1.955	1.9338e-016
-1.954	2.06629e-016
-1.953	2.20284e-016
-1.952	2.34315e-016
-1.951	2.48686e-016
-1.95	2.63357e-016
-1.949	2.78285e-016
-1.948	2.93421e-016
-1.947	3.08713e-016
-1.946	3.24105e-016
-1.945	3.39539e-016
-1.944	3.5495e-016
-1.943	3.70273e-016
-1.942	3.85437e-016
-1.941	4.00371e-016
-1.94	4.15e-016
-1.939	4.29249e-016
-1.938	4.43039e-016
-1.937	4.56292e-016
-1.936	4.68932e-016
-1.935	4.80879e-016
-1.934	4.92059e-016
-1.933	5.02398e-016
-1.932	5.11825e-016
-1.931	5.20276e-016
-1.93	5.27688e-016
-1.929	5.34007e-016
-1.928	5.39185e-016
-1.927	5.43186e-016
-1.926	5.45978e-016
-1.925	5.47545e-016
-1.924	5.4788e-016
-1.923	5.46993e-016
-1.922	5.44905e-016
-1.921	5.41656e-016
-1.92	5.37306e-016
-1.919	5.31926e-016
-1.918	5.25618e-016
-1.917	5.18499e-016
-1.916	5.10709e-016
-1.915	5.02414e-016
-1.914	4.93806e-016
-1.913	4.851e-016
-1.912	4.76542e-016
-1.911	4.68406e-016
-1.91	4.60994e-016
-1.909	4.54635e-016
-1.908	4.49694e-016
-1.907	4.46562e-016
-1.906	4.45661e-016
-1.905	4.47443e-016
-1.904	4.52392e-016
-1.903	4.61018e-016
-1.902	4.73863e-016
-1.901	4.91495e-016
-1.9	5.14506e-016
-1.899	5.43516e-016
-1.898	5.79166e-016
-1.897	6.22117e-016
-1.896	6.73047e-016
-1.895	7.32649e-016
-1.894	8.0163e-016
-1.893	8.80702e-016
-1.892	9.70583e-016
-1.891	1.07199e-015
-1.89	1.18563e-015
-1.889	1.31221e-015
-1.888	1.45243e-015
-1.887	1.60693e-015
-1.886	1.77637e-015
-1.885	1.96137e-015
-1.884	2.16248e-015
-1.883	2.38025e-015
-1.882	2.61513e-015
-1.881	2.86756e-015
-1.88	3.1379e-015
-1.879	3.42642e-015
-1.878	3.73333e-015
-1.877	4.05876e-015
-1.876	4.40274e-015
-1.875	4.76519e-015
-1.874	5.14595e-015
-1.873	5.54476e-015
-1.872	5.96119e-015
-1.871	6.39475e-015
-1.87	6.84481e-015
-1.869	7.31059e-015
-1.868	7.7912e-015
-1.867	8.28562e-015
-1.866	8.79269e-015
-1.865	9.31108e-015
-1.864	9.8394e-015
-1.863	1.03761e-014
-1.862	1.09194e-014
-1.861	1.14675e-014
-1.86	1.20185e-014
-1.859	1.25704e-014
-1.858	1.31209e-014
-1.857	1.36678e-014
-1.856	1.42088e-014
-1.855	1.47415e-014
-1.854	1.52634e-014
-1.853	1.57719e-014
-1.852	1.62646e-014
-1.851	1.6739e-014
-1.85	1.71924e-014
-1.849	1.76225e-014
-1.848	1.80269e-014
-1.847	1.84032e-014
-1.846	1.87492e-014
-1.845	1.9063e-014
-1.844	1.93426e-014
-1.843	1.95864e-014
-1.842	1.97932e-014
-1.841	1.99617e-014
-1.84	2.00911e-014
-1.839	2.01811e-014
-1.838	2.02316e-014
-1.837	2.02429e-014
-1.836	2.0216e-014
-1.835	2.01523e-014
-1.834	2.00535e-014
-1.833	1.9922e-014
-1.832	1.97611e-014
-1.831	1.95744e-014
-1.83	1.93662e-014
-1.829	1.91416e-014
-1.828	1.89064e-014
-1.827	1.86671e-014
-1.826	1.8431e-014
-1.825	1.82061e-014
-1.824	1.80013e-014
-1.823	1.78263e-014
-1.822	1.76914e-014
-1.821	1.76079e-014
-1.82	1.75879e-014
-1.819	1.76442e-014
-1.818	1.77902e-014
-1.817	1.80404e-014
-1.816	1.84097e-014
-1.815	1.89137e-014
-1.814	1.95687e-014
-1.813	2.03914e-014
-1.812	2.13991e-014
-1.811	2.26096e-014
-1.81	2.40408e-014
-1.809	2.57111e-014
-1.808	2.76388e-014
-1.807	2.98424e-014
-1.806	3.23404e-014
-1.805	3.51511e-014
-1.804	3.82923e-014
-1.803	4.17816e-014
-1.802	4.5636e-014
-1.801	4.98718e-014
-1.8	5.45043e-014
-1.799	5.95479e-014
-1.798	6.5016e-014
-1.797	7.09204e-014
-1.796	7.72714e-014
-1.795	8.40781e-014
-1.794	9.13475e-014
-1.793	9.90847e-014
-1.792	1.07293e-013
-1.791	1.15972e-013
-1.79	1.25121e-013
-1.789	1.34736e-013
-1.788	1.4481e-013
-1.787	1.55333e-013
-1.786	1.66293e-013
-1.785	1.77674e-013
-1.784	1.89458e-013
-1.783	2.01623e-013
-1.782	2.14146e-013
-1.781	2.26997e-013
-1.78	2.40146e-013
-1.779	2.53558e-013
-1.778	2.67198e-013
-1.777	2.81024e-013
-1.776	2.94993e-013
-1.775	3.09061e-013
-1.774	3.23178e-013
-1.773	3.37293e-013
-1.772	3.51355e-013
-1.771	3.65309e-013
-1.77	3.79097e-013
-1.769	3.92664e-013
-1.768	4.0595e-013
-1.767	4.18897e-013
-1.766	4.31447e-013
-1.765	4.43541e-013
-1.764	4.55121e-013
-1.763	4.66133e-013
-1.762	4.76523e-013
-1.761	4.8624e-013
-1.76	4.95237e-013
-1.759	5.03469e-013
-1.758	5.10899e-013
-1.757	5.17492e-013
-1.756	5.23222e-013
-1.755	5.28067e-013
-1.754	5.32014e-013
-1.753	5.35059e-013
-1.752	5.37204e-013
-1.751	5.38465e-013
-1.75	5.38864e-013
-1.749	5.38435e-013
-1.748	5.37227e-013
-1.747	5.35297e-013
-1.746	5.32718e-013
-1.745	5.29573e-013
-1.744	5.25963e-013
-1.743	5.22001e-013
-1.742	5.17814e-013
-1.741	5.13546e-013
-1.74	5.09355e-013
-1.739	5.05415e-013
-1.738	5.01914e-013
-1.737	4.99056e-013
-1.736	4.97062e-013
-1.735	4.96165e-013
-1.734	4.96614e-013
-1.733	4.98673e-013
-1.732	5.02617e-013
-1.731	5.08735e-013
-1.73	5.17328e-013
-1.729	5.28708e-013
-1.728	5.43194e-013
-1.727	5.61117e-013
-1.726	5.8281e-013
-1.725	6.08618e-013
-1.724	6.38883e-013
-1.723	6.73952e-013
-1.722	7.1417e-013
-1.721	7.59881e-013
-1.72	8.11425e-013
-1.719	8.69134e-013
-1.718	9.33329e-013
-1.717	1.00432e-012
-1.716	1.08241e-012
-1.715	1.16788e-012
-1.714	1.26098e-012
-1.713	1.36195e-012
-1.712	1.471e-012
-1.711	1.58833e-012
-1.71	1.71408e-012
-1.709	1.84838e-012
-1.708	1.9913e-012
-1.707	2.1429e-012
-1.706	2.30318e-012
-1.705	2.47211e-012
-1.704	2.6496e-012
-1.703	2.83552e-012
-1.702	3.0297e-012
-1.701	3.23191e-012
-1.7	3.44186e-012
-1.699	3.65922e-012
-1.698	3.88361e-012
-1.697	4.11459e-012
-1.696	4.35167e-012
-1.695	4.59429e-012
-1.694	4.84187e-012
-1.693	5.09376e-012
-1.692	5.34924e-012
-1.691	5.6076e-012
-1.69	5.86802e-012
-1.689	6.12969e-012
-1.688	6.39174e-012
-1.687	6.65326e-012
-1.686	6.91333e-012
-1.685	7.17099e-012
-1.684	7.42528e-012
-1.683	7.67522e-012
-1.682	7.91982e-012
-1.681	8.15811e-012
-1.68	8.3891e-012
-1.679	8.61185e-012
-1.678	8.82544e-012
-1.677	9.02896e-012
-1.676	9.22159e-012
-1.675	9.40253e-012
-1.674	9.57105e-012
-1.673	9.72653e-012
-1.672	9.86837e-012
-1.671	9.99612e-012
-1.67	1.01094e-011
-1.669	1.02081e-011
-1.668	1.02919e-011
-1.667	1.0361e-011
-1.666	1.04155e-011
-1.665	1.04557e-011
-1.664	1.04821e-011
-1.663	1.04954e-011
-1.662	1.04965e-011
-1.661	1.04864e-011
-1.66	1.04663e-011
-1.659	1.04377e-011
-1.658	1.04023e-011
-1.657	1.03618e-011
-1.656	1.03185e-011
-1.655	1.02747e-011
-1.654	1.02327e-011
-1.653	1.01954e-011
-1.652	1.01658e-011
-1.651	1.01469e-011
-1.65	1.01421e-011
-1.649	1.01551e-011
-1.648	1.01895e-011
-1.647	1.02493e-011
-1.646	1.03385e-011
-1.645	1.04615e-011
-1.644	1.06225e-011
-1.643	1.08261e-011
-1.642	1.10768e-011
-1.641	1.13794e-011
-1.64	1.17385e-011
-1.639	1.2159e-011
-1.638	1.26454e-011
-1.637	1.32026e-011
-1.636	1.38352e-011
-1.635	1.45478e-011
-1.634	1.5345e-011
-1.633	1.62308e-011
-1.632	1.72097e-011
-1.631	1.82853e-011
-1.63	1.94615e-011
-1.629	2.07416e-011
-1.628	2.21287e-011
-1.627	2.36254e-011
-1.626	2.52342e-011
-1.625	2.69568e-011
-1.624	2.87947e-011
-1.623	3.0749e-011
-1.622	3.282e-011
-1.621	3.50076e-011
-1.62	3.73112e-011
-1.619	3.97295e-011
-1.618	4.22607e-011
-1.617	4.49021e-011
-1.616	4.76508e-011
-1.615	5.05028e-011
-1.614	5.34536e-011
-1.613	5.64983e-011
-1.612	5.96309e-011
-1.611	6.2845e-011
-1.61	6.61334e-011
-1.609	6.94884e-011
-1.608	7.29017e-011
-1.607	7.63643e-011
-1.606	7.98669e-011
-1.605	8.33992e-011
-1.604	8.6951e-011
-1.603	9.05112e-011
-1.602	9.40686e-011
-1.601	9.76117e-011
-1.6	1.01128e-010
-1.599	1.04607e-010
-1.598	1.08036e-010
-1.597	1.11403e-010
-1.596	1.14695e-010
-1.595	1.17901e-010
-1.594	1.2101e-010
-1.593	1.2401e-010
-1.592	1.26891e-010
-1.591	1.29643e-010
-1.59	1.32256e-010
-1.589	1.34722e-010
-1.588	1.37032e-010
-1.587	1.39181e-010
-1.586	1.41163e-010
-1.585	1.42974e-010
-1.584	1.4461e-010
-1.583	1.46071e-010
-1.582	1.47357e-010
-1.581	1.4847e-010
-1.58	1.49412e-010
-1.579	1.50191e-010
-1.578	1.50814e-010
-1.577	1.51289e-010
-1.576	1.51629e-010
-1.575	1.51848e-010
-1.574	1.51961e-010
-1.573	1.51987e-010
-1.572	1.51945e-010
-1.571	1.51861e-010
-1.57	1.51757e-010
-1.569	1.51661e-010
-1.568	1.51604e-010
-1.567	1.51617e-010
-1.566	1.51733e-010
-1.565	1.51988e-010
-1.564	1.52421e-010
-1.563	1.53071e-010
-1.562	1.53978e-010
-1.561	1.55187e-010
-1.56	1.56741e-010
-1.559	1.58686e-010
-1.558	1.61068e-010
-1.557	1.63935e-010
-1.556	1.67333e-010
-1.555	1.71312e-010
-1.554	1.75919e-010
-1.553	1.81202e-010
-1.552	1.87209e-010
-1.551	1.93985e-010
-1.55	2.01578e-010
-1.549	2.10029e-010
-1.548	2.19382e-010
-1.547	2.29677e-010
-1.546	2.40951e-010
-1.545	2.53239e-010
-1.544	2.66574e-010
-1.543	2.80983e-010
-1.542	2.96493e-010
-1.541	3.13123e-010
-1.54	3.30889e-010
-1.539	3.49805e-010
-1.538	3.69876e-010
-1.537	3.91105e-010
-1.536	4.13488e-010
-1.535	4.37017e-010
-1.534	4.61675e-010
-1.533	4.87444e-010
-1.532	5.14296e-010
-1.531	5.42199e-010
-1.53	5.71115e-010
-1.529	6.00996e-010
-1.528	6.31794e-010
-1.527	6.63449e-010
-1.526	6.959e-010
-1.525	7.29077e-010
-1.524	7.62907e-010
-1.523	7.97308e-010
-1.522	8.32196e-010
-1.521	8.67482e-010
-1.52	9.03073e-010
-1.519	9.38869e-010
-1.518	9.7477e-010
-1.517	1.01067e-009
-1.516	1.04647e-009
-1.515	1.08206e-009
-1.514	1.11732e-009
-1.513	1.15215e-009
-1.512	1.18645e-009
-1.511	1.2201e-009
-1.51	1.253e-009
-1.509	1.28505e-009
-1.508	1.31615e-009
-1.507	1.34621e-009
-1.506	1.37514e-009
-1.505	1.40286e-009
-1.504	1.42929e-009
-1.503	1.45437e-009
-1.502	1.47805e-009
-1.501	1.50028e-009
-1.5	1.52103e-009
-1.499	1.54027e-009
-1.498	1.55799e-009
-1.497	1.5742e-009
-1.496	1.58893e-009
-1.495	1.60219e-009
-1.494	1.61405e-009
-1.493	1.62456e-009
-1.492	1.63381e-009
-1.491	1.6419e-009
-1.49	1.64894e-009
-1.489	1.65508e-009
-1.488	1.66046e-009
-1.487	1.66525e-009
-1.486	1.66964e-009
-1.485	1.67384e-009
-1.484	1.67806e-009
-1.483	1.68256e-009
-1.482	1.68758e-009
-1.481	1.6934e-009
-1.48	1.70031e-009
-1.479	1.7086e-009
-1.478	1.71858e-009
-1.477	1.73059e-009
-1.476	1.74495e-009
-1.475	1.76202e-009
-1.474	1.78214e-009
-1.473	1.80567e-009
-1.472	1.83297e-009
-1.471	1.86441e-009
-1.47	1.90035e-009
-1.469	1.94115e-009
-1.468	1.98717e-009
-1.467	2.03876e-009
-1.466	2.09627e-009
-1.465	2.16002e-009
-1.464	2.23034e-009
-1.463	2.30753e-009
-1.462	2.39188e-009
-1.461	2.48365e-009
-1.46	2.58309e-009
-1.459	2.69042e-009
-1.458	2.80583e-009
-1.457	2.92949e-009
-1.456	3.06152e-009
-1.455	3.20203e-009
-1.454	3.35109e-009
-1.453	3.50872e-009
-1.452	3.67493e-009
-1.451	3.84964e-009
-1.45	4.03279e-009
-1.449	4.22424e-009
-1.448	4.42382e-009
-1.447	4.63133e-009
-1.446	4.8465e-009
-1.445	5.06903e-009
-1.444	5.29858e-009
-1.443	5.53478e-009
-1.442	5.7772e-009
-1.441	6.02538e-009
-1.44	6.27882e-009
-1.439	6.53698e-009
-1.438	6.79931e-009
-1.437	7.06518e-009
-1.436	7.33397e-009
-1.435	7.60503e-009
-1.434	7.87767e-009
-1.433	8.15121e-009
-1.432	8.42493e-009
-1.431	8.69811e-009
-1.43	8.97002e-009
-1.429	9.23992e-009
-1.428	9.50709e-009
-1.427	9.77081e-009
-1.426	1.00304e-008
-1.425	1.02851e-008
-1.424	1.05343e-008
-1.423	1.07774e-008
-1.422	1.10138e-008
-1.421	1.12428e-008
-1.42	1.14641e-008
-1.419	1.16772e-008
-1.418	1.18816e-008
-1.417	1.2077e-008
-1.416	1.22632e-008
-1.415	1.244e-008
-1.414	1.26072e-008
-1.413	1.27649e-008
-1.412	1.2913e-008
-1.411	1.30519e-008
-1.41	1.31816e-008
-1.409	1.33026e-008
-1.408	1.34153e-008
-1.407	1.35203e-008
-1.406	1.36181e-008
-1.405	1.37096e-008
-1.404	1.37957e-008
-1.403	1.38773e-008
-1.402	1.39554e-008
-1.401	1.40313e-008
-1.4	1.41063e-008
-1.399	1.41817e-008
-1.398	1.4259e-008
-1.397	1.43398e-008
-1.396	1.44257e-008
-1.395	1.45185e-008
-1.394	1.46199e-008
-1.393	1.47318e-008
-1.392	1.48562e-008
-1.391	1.4995e-008
-1.39	1.51503e-008
-1.389	1.53241e-008
-1.388	1.55184e-008
-1.387	1.57354e-008
-1.386	1.59771e-008
-1.385	1.62456e-008
-1.384	1.65429e-008
-1.383	1.68711e-008
-1.382	1.7232e-008
-1.381	1.76277e-008
-1.38	1.80599e-008
-1.379	1.85303e-008
-1.378	1.90406e-008
-1.377	1.95923e-008
-1.376	2.01869e-008
-1.375	2.08254e-008
-1.374	2.15092e-008
-1.373	2.22391e-008
-1.372	2.3016e-008
-1.371	2.38404e-008
-1.37	2.47128e-008
-1.369	2.56334e-008
-1.368	2.66022e-008
-1.367	2.7619e-008
-1.366	2.86835e-008
-1.365	2.9795e-008
-1.364	3.09526e-008
-1.363	3.21554e-008
-1.362	3.3402e-008
-1.361	3.4691e-008
-1.36	3.60206e-008
-1.359	3.73888e-008
-1.358	3.87935e-008
-1.357	4.02325e-008
-1.356	4.1703e-008
-1.355	4.32024e-008
-1.354	4.47279e-008
-1.353	4.62762e-008
-1.352	4.78442e-008
-1.351	4.94287e-008
-1.35	5.10261e-008
-1.349	5.2633e-008
-1.348	5.42456e-008
-1.347	5.58604e-008
-1.346	5.74736e-008
-1.345	5.90816e-008
-1.344	6.06806e-008
-1.343	6.22671e-008
-1.342	6.38375e-008
-1.341	6.53884e-008
-1.34	6.69164e-008
-1.339	6.84182e-008
-1.338	6.98909e-008
-1.337	7.13317e-008
-1.336	7.2738e-008
-1.335	7.41075e-008
-1.334	7.54381e-008
-1.333	7.67281e-008
-1.332	7.79759e-008
-1.331	7.91808e-008
-1.33	8.0342e-008
-1.329	8.1459e-008
-1.328	8.25322e-008
-1.327	8.3562e-008
-1.326	8.45495e-008
-1.325	8.54962e-008
-1.324	8.64039e-008
-1.323	8.7275e-008
-1.322	8.81124e-008
-1.321	8.89196e-008
-1.32	8.97003e-008
-1.319	9.04588e-008
-1.318	9.12e-008
-1.317	9.19291e-008
-1.316	9.26518e-008
-1.315	9.33743e-008
-1.314	9.41032e-008
-1.313	9.48454e-008
-1.312	9.56083e-008
-1.311	9.63993e-008
-1.31	9.72268e-008
-1.309	9.80988e-008
-1.308	9.90239e-008
-1.307	1.00011e-007
-1.306	1.01069e-007
-1.305	1.02206e-007
-1.304	1.03433e-007
-1.303	1.04757e-007
-1.302	1.06188e-007
-1.301	1.07736e-007
-1.3	1.09409e-007
-1.299	1.11215e-007
-1.298	1.13164e-007
-1.297	1.15264e-007
-1.296	1.17522e-007
-1.295	1.19946e-007
-1.294	1.22544e-007
-1.293	1.25321e-007
-1.292	1.28285e-007
-1.291	1.3144e-007
-1.29	1.34791e-007
-1.289	1.38343e-007
-1.288	1.42099e-007
-1.287	1.46062e-007
-1.286	1.50234e-007
-1.285	1.54616e-007
-1.284	1.59208e-007
-1.283	1.6401e-007
-1.282	1.69021e-007
-1.281	1.74238e-007
-1.28	1.79658e-007
-1.279	1.85277e-007
-1.278	1.9109e-007
-1.277	1.97092e-007
-1.276	2.03274e-007
-1.275	2.09631e-007
-1.274	2.16153e-007
-1.273	2.22831e-007
-1.272	2.29656e-007
-1.271	2.36616e-007
-1.27	2.43701e-007
-1.269	2.50898e-007
-1.268	2.58195e-007
-1.267	2.65579e-007
-1.266	2.73036e-007
-1.265	2.80554e-007
-1.264	2.88117e-007
-1.263	2.95713e-007
-1.262	3.03326e-007
-1.261	3.10942e-007
-1.26	3.18548e-007
-1.259	3.26129e-007
-1.258	3.33672e-007
-1.257	3.41163e-007
-1.256	3.4859e-007
-1.255	3.55941e-007
-1.254	3.63203e-007
-1.253	3.70368e-007
-1.252	3.77424e-007
-1.251	3.84363e-007
-1.25	3.91177e-007
-1.249	3.97859e-007
-1.248	4.04404e-007
-1.247	4.10809e-007
-1.246	4.17069e-007
-1.245	4.23185e-007
-1.244	4.29156e-007
-1.243	4.34984e-007
-1.242	4.40673e-007
-1.241	4.46229e-007
-1.24	4.51655e-007
-1.239	4.56964e-007
-1.238	4.62164e-007
-1.237	4.67266e-007
-1.236	4.72286e-007
-1.235	4.77238e-007
-1.234	4.82138e-007
-1.233	4.87007e-007
-1.232	4.91862e-007
-1.231	4.96727e-007
-1.23	5.01624e-007
-1.229	5.06577e-007
-1.228	5.11613e-007
-1.227	5.16758e-007
-1.226	5.22039e-007
-1.225	5.27486e-007
-1.224	5.33128e-007
-1.223	5.38996e-007
-1.222	5.45119e-007
-1.221	5.51529e-007
-1.22	5.58257e-007
-1.219	5.65334e-007
-1.218	5.72793e-007
-1.217	5.80663e-007
-1.216	5.88974e-007
-1.215	5.97759e-007
-1.214	6.07043e-007
-1.213	6.16857e-007
-1.212	6.27226e-007
-1.211	6.38177e-007
-1.21	6.49734e-007
-1.209	6.61919e-007
-1.208	6.74751e-007
-1.207	6.88251e-007
-1.206	7.02435e-007
-1.205	7.17318e-007
-1.204	7.32911e-007
-1.203	7.49225e-007
-1.202	7.66265e-007
-1.201	7.84038e-007
-1.2	8.02544e-007
-1.199	8.21783e-007
-1.198	8.41751e-007
-1.197	8.62442e-007
-1.196	8.83845e-007
-1.195	9.05951e-007
-1.194	9.28742e-007
-1.193	9.52202e-007
-1.192	9.76309e-007
-1.191	1.00104e-006
-1.19	1.02638e-006
-1.189	1.05228e-006
-1.188	1.07873e-006
-1.187	1.10568e-006
-1.186	1.13312e-006
-1.185	1.16099e-006
-1.184	1.18926e-006
-1.183	1.2179e-006
-1.182	1.24686e-006
-1.181	1.2761e-006
-1.18	1.30559e-006
-1.179	1.33527e-006
-1.178	1.36511e-006
-1.177	1.39506e-006
-1.176	1.42509e-006
-1.175	1.45515e-006
-1.174	1.4852e-006
-1.173	1.51521e-006
-1.172	1.54513e-006
-1.171	1.57494e-006
-1.17	1.60459e-006
-1.169	1.63407e-006
-1.168	1.66333e-006
-1.167	1.69237e-006
-1.166	1.72114e-006
-1.165	1.74964e-006
-1.164	1.77786e-006
-1.163	1.80577e-006
-1.162	1.83338e-006
-1.161	1.86069e-006
-1.16	1.88768e-006
-1.159	1.91438e-006
-1.158	1.94079e-006
-1.157	1.96693e-006
-1.156	1.99281e-006
-1.155	2.01847e-006
-1.154	2.04393e-006
-1.153	2.06924e-006
-1.152	2.09442e-006
-1.151	2.11952e-006
-1.15	2.1446e-006
-1.149	2.1697e-006
-1.148	2.19488e-006
-1.147	2.22021e-006
-1.146	2.24574e-006
-1.145	2.27156e-006
-1.144	2.29772e-006
-1.143	2.32431e-006
-1.142	2.35141e-006
-1.141	2.37908e-006
-1.14	2.40742e-006
-1.139	2.43651e-006
-1.138	2.46643e-006
-1.137	2.49728e-006
-1.136	2.52912e-006
-1.135	2.56206e-006
-1.134	2.59618e-006
-1.133	2.63155e-006
-1.132	2.66827e-006
-1.131	2.70641e-006
-1.13	2.74605e-006
-1.129	2.78727e-006
-1.128	2.83015e-006
-1.127	2.87474e-006
-1.126	2.92113e-006
-1.125	2.96935e-006
-1.124	3.01948e-006
-1.123	3.07156e-006
-1.122	3.12564e-006
-1.121	3.18175e-006
-1.12	3.23993e-006
-1.119	3.30022e-006
-1.118	3.36261e-006
-1.117	3.42714e-006
-1.116	3.49381e-006
-1.115	3.56261e-006
-1.114	3.63355e-006
-1.113	3.7066e-006
-1.112	3.78175e-006
-1.111	3.85897e-006
-1.11	3.93822e-006
-1.109	4.01946e-006
-1.108	4.10264e-006
-1.107	4.18771e-006
-1.106	4.27461e-006
-1.105	4.36328e-006
-1.104	4.45365e-006
-1.103	4.54563e-006
-1.102	4.63914e-006
-1.101	4.73411e-006
-1.1	4.83045e-006
-1.099	4.92806e-006
-1.098	5.02686e-006
-1.097	5.12674e-006
-1.096	5.22762e-006
-1.095	5.3294e-006
-1.094	5.43198e-006
-1.093	5.53527e-006
-1.092	5.63918e-006
-1.091	5.7436e-006
-1.09	5.84846e-006
-1.089	5.95368e-006
-1.088	6.05917e-006
-1.087	6.16486e-006
-1.086	6.27067e-006
-1.085	6.37655e-006
-1.084	6.48243e-006
-1.083	6.58827e-006
-1.082	6.69403e-006
-1.081	6.79966e-006
-1.08	6.90516e-006
-1.079	7.01049e-006
-1.078	7.11567e-006
-1.077	7.22069e-006
-1.076	7.32558e-006
-1.075	7.43034e-006
-1.074	7.53501e-006
-1.073	7.63967e-006
-1.072	7.74433e-006
-1.071	7.8491e-006
-1.07	7.95404e-006
-1.069	8.05924e-006
-1.068	8.1648e-006
-1.067	8.27084e-006
-1.066	8.37748e-006
-1.065	8.48483e-006
-1.064	8.59306e-006
-1.063	8.7023e-006
-1.062	8.81271e-006
-1.061	8.92445e-006
-1.06	9.03768e-006
-1.059	9.1526e-006
-1.058	9.26937e-006
-1.057	9.38819e-006
-1.056	9.50924e-006
-1.055	9.63273e-006
-1.054	9.75883e-006
-1.053	9.88774e-006
-1.052	1.00197e-005
-1.051	1.01548e-005
-1.05	1.02934e-005
-1.049	1.04355e-005
-1.048	1.05814e-005
-1.047	1.07312e-005
-1.046	1.08852e-005
-1.045	1.10435e-005
-1.044	1.12062e-005
-1.043	1.13736e-005
-1.042	1.15457e-005
-1.041	1.17227e-005
-1.04	1.19048e-005
-1.039	1.2092e-005
-1.038	1.22844e-005
-1.037	1.24821e-005
-1.036	1.26852e-005
-1.035	1.28938e-005
-1.034	1.31079e-005
-1.033	1.33276e-005
-1.032	1.35528e-005
-1.031	1.37836e-005
-1.03	1.40199e-005
-1.029	1.42619e-005
-1.028	1.45093e-005
-1.027	1.47622e-005
-1.026	1.50205e-005
-1.025	1.52842e-005
-1.024	1.55531e-005
-1.023	1.58271e-005
-1.022	1.61062e-005
-1.021	1.63903e-005
-1.02	1.66791e-005
-1.019	1.69726e-005
-1.018	1.72706e-005
-1.017	1.7573e-005
-1.016	1.78796e-005
-1.015	1.81903e-005
-1.014	1.8505e-005
-1.013	1.88233e-005
-1.012	1.91452e-005
-1.011	1.94705e-005
-1.01	1.97991e-005
-1.009	2.01308e-005
-1.008	2.04654e-005
-1.007	2.08028e-005
-1.006	2.11429e-005
-1.005	2.14855e-005
-1.004	2.18305e-005
-1.003	2.21779e-005
-1.002	2.25275e-005
-1.001	2.28791e-005
-1	2.32329e-005
-0.999	2.35886e-005
-0.998	2.39464e-005
-0.997	2.43061e-005
-0.996	2.46677e-005
-0.995	2.50313e-005
-0.994	2.5397e-005
-0.993	2.57647e-005
-0.992	2.61346e-005
-0.991	2.65067e-005
-0.99	2.68812e-005
-0.989	2.72581e-005
-0.988	2.76378e-005
-0.987	2.80203e-005
-0.986	2.84059e-005
-0.985	2.87947e-005
-0.984	2.9187e-005
-0.983	2.95831e-005
-0.982	2.99832e-005
-0.981	3.03877e-005
-0.98	3.07968e-005
-0.979	3.12108e-005
-0.978	3.16301e-005
-0.977	3.20551e-005
-0.976	3.24861e-005
-0.975	3.29234e-005
-0.974	3.33675e-005
-0.973	3.38187e-005
-0.972	3.42774e-005
-0.971	3.4744e-005
-0.97	3.52189e-005
-0.969	3.57025e-005
-0.968	3.61951e-005
-0.967	3.66972e-005
-0.966	3.72091e-005
-0.965	3.77313e-005
-0.964	3.8264e-005
-0.963	3.88076e-005
-0.962	3.93625e-005
-0.961	3.99291e-005
-0.96	4.05075e-005
-0.959	4.10982e-005
-0.958	4.17013e-005
-0.957	4.23172e-005
-0.956	4.29462e-005
-0.955	4.35883e-005
-0.954	4.4244e-005
-0.953	4.49132e-005
-0.952	4.55962e-005
-0.951	4.62932e-005
-0.95	4.70042e-005
-0.949	4.77293e-005
-0.948	4.84686e-005
-0.947	4.92222e-005
-0.946	4.99901e-005
-0.945	5.07722e-005
-0.944	5.15686e-005
-0.943	5.23792e-005
-0.942	5.32039e-005
-0.941	5.40428e-005
-0.94	5.48956e-005
-0.939	5.57623e-005
-0.938	5.66428e-005
-0.937	5.75369e-005
-0.936	5.84444e-005
-0.935	5.93653e-005
-0.934	6.02993e-005
-0.933	6.12463e-005
-0.932	6.2206e-005
-0.931	6.31784e-005
-0.93	6.41632e-005
-0.929	6.51603e-005
-0.928	6.61694e-005
-0.927	6.71905e-005
-0.926	6.82234e-005
-0.925	6.92679e-005
-0.924	7.03239e-005
-0.923	7.13913e-005
-0.922	7.247e-005
-0.921	7.356e-005
-0.92	7.46611e-005
-0.919	7.57734e-005
-0.918	7.68968e-005
-0.917	7.80314e-005
-0.916	7.91772e-005
-0.915	8.03343e-005
-0.914	8.15029e-005
-0.913	8.26829e-005
-0.912	8.38748e-005
-0.911	8.50786e-005
-0.91	8.62945e-005
-0.909	8.75228e-005
-0.908	8.87641e-005
-0.907	9.00183e-005
-0.906	9.12861e-005
-0.905	9.25679e-005
-0.904	9.3864e-005
-0.903	9.51749e-005
-0.902	9.65012e-005
-0.901	9.78433e-005
-0.9	9.9202e-005
-0.899	0.000100578
-0.898	0.000101971
-0.897	0.000103383
-0.896	0.000104814
-0.895	0.000106264
-0.894	0.000107735
-0.893	0.000109227
-0.892	0.000110741
-0.891	0.000112278
-0.89	0.000113838
-0.889	0.000115422
-0.888	0.000117031
-0.887	0.000118666
-0.886	0.000120327
-0.885	0.000122016
-0.884	0.000123732
-0.883	0.000125477
-0.882	0.000127252
-0.881	0.000129057
-0.88	0.000130892
-0.879	0.000132759
-0.878	0.000134659
-0.877	0.000136591
-0.876	0.000138557
-0.875	0.000140557
-0.874	0.000142591
-0.873	0.00014466
-0.872	0.000146766
-0.871	0.000148907
-0.87	0.000151085
-0.869	0.0001533
-0.868	0.000155552
-0.867	0.000157842
-0.866	0.00016017
-0.865	0.000162536
-0.864	0.00016494
-0.863	0.000167384
-0.862	0.000169866
-0.861	0.000172388
-0.86	0.000174948
-0.859	0.000177549
-0.858	0.000180188
-0.857	0.000182868
-0.856	0.000185586
-0.855	0.000188345
-0.854	0.000191143
-0.853	0.000193981
-0.852	0.000196859
-0.851	0.000199777
-0.85	0.000202735
-0.849	0.000205733
-0.848	0.00020877
-0.847	0.000211848
-0.846	0.000214966
-0.845	0.000218124
-0.844	0.000221323
-0.843	0.000224561
-0.842	0.000227841
-0.841	0.000231161
-0.84	0.000234523
-0.839	0.000237926
-0.838	0.000241371
-0.837	0.000244858
-0.836	0.000248387
-0.835	0.000251959
-0.834	0.000255575
-0.833	0.000259235
-0.832	0.000262939
-0.831	0.000266689
-0.83	0.000270485
-0.829	0.000274327
-0.828	0.000278217
-0.827	0.000282156
-0.826	0.000286144
-0.825	0.000290183
-0.824	0.000294273
-0.823	0.000298416
-0.822	0.000302613
-0.821	0.000306865
-0.82	0.000311173
-0.819	0.000315539
-0.818	0.000319964
-0.817	0.000324449
-0.816	0.000328996
-0.815	0.000333607
-0.814	0.000338282
-0.813	0.000343024
-0.812	0.000347833
-0.811	0.000352713
-0.81	0.000357664
-0.809	0.000362687
-0.808	0.000367785
-0.807	0.000372959
-0.806	0.000378212
-0.805	0.000383543
-0.804	0.000388956
-0.803	0.000394452
-0.802	0.000400032
-0.801	0.000405699
-0.8	0.000411453
-0.799	0.000417297
-0.798	0.000423232
-0.797	0.000429259
-0.796	0.000435381
-0.795	0.000441598
-0.794	0.000447913
-0.793	0.000454326
-0.792	0.000460839
-0.791	0.000467453
-0.79	0.00047417
-0.789	0.000480991
-0.788	0.000487917
-0.787	0.000494951
-0.786	0.000502091
-0.785	0.00050934
-0.784	0.0005167
-0.783	0.000524171
-0.782	0.000531753
-0.781	0.000539449
-0.78	0.000547259
-0.779	0.000555184
-0.778	0.000563225
-0.777	0.000571383
-0.776	0.00057966
-0.775	0.000588055
-0.774	0.00059657
-0.773	0.000605206
-0.772	0.000613963
-0.771	0.000622843
-0.77	0.000631846
-0.769	0.000640975
-0.768	0.000650229
-0.767	0.00065961
-0.766	0.000669118
-0.765	0.000678755
-0.764	0.000688523
-0.763	0.000698421
-0.762	0.000708451
-0.761	0.000718616
-0.76	0.000728916
-0.759	0.000739352
-0.758	0.000749927
-0.757	0.000760641
-0.756	0.000771498
-0.755	0.000782496
-0.754	0.000793641
-0.753	0.000804933
-0.752	0.000816374
-0.751	0.000827966
-0.75	0.000839713
-0.749	0.000851615
-0.748	0.000863676
-0.747	0.000875899
-0.746	0.000888285
-0.745	0.000900838
-0.744	0.00091356
-0.743	0.000926455
-0.742	0.000939526
-0.741	0.000952776
-0.74	0.000966207
-0.739	0.000979824
-0.738	0.000993631
-0.737	0.00100763
-0.736	0.00102183
-0.735	0.00103622
-0.734	0.00105082
-0.733	0.00106562
-0.732	0.00108064
-0.731	0.00109588
-0.73	0.00111133
-0.729	0.001127
-0.728	0.00114291
-0.727	0.00115904
-0.726	0.00117542
-0.725	0.00119203
-0.724	0.00120888
-0.723	0.00122599
-0.722	0.00124335
-0.721	0.00126096
-0.72	0.00127884
-0.719	0.00129698
-0.718	0.0013154
-0.717	0.00133408
-0.716	0.00135305
-0.715	0.0013723
-0.714	0.00139184
-0.713	0.00141166
-0.712	0.00143179
-0.711	0.00145221
-0.71	0.00147294
-0.709	0.00149397
-0.708	0.00151532
-0.707	0.00153698
-0.706	0.00155896
-0.705	0.00158126
-0.704	0.0016039
-0.703	0.00162686
-0.702	0.00165016
-0.701	0.0016738
-0.7	0.00169779
-0.699	0.00172212
-0.698	0.0017468
-0.697	0.00177184
-0.696	0.00179723
-0.695	0.00182299
-0.694	0.00184912
-0.693	0.00187562
-0.692	0.00190249
-0.691	0.00192975
-0.69	0.00195738
-0.689	0.00198541
-0.688	0.00201382
-0.687	0.00204264
-0.686	0.00207185
-0.685	0.00210147
-0.684	0.0021315
-0.683	0.00216195
-0.682	0.00219281
-0.681	0.0022241
-0.68	0.00225582
-0.679	0.00228798
-0.678	0.00232058
-0.677	0.00235363
-0.676	0.00238713
-0.675	0.00242109
-0.674	0.00245551
-0.673	0.00249041
-0.672	0.00252578
-0.671	0.00256164
-0.67	0.002598
-0.669	0.00263485
-0.668	0.00267221
-0.667	0.00271009
-0.666	0.00274848
-0.665	0.00278741
-0.664	0.00282688
-0.663	0.00286689
-0.662	0.00290746
-0.661	0.0029486
-0.66	0.00299031
-0.659	0.0030326
-0.658	0.00307549
-0.657	0.00311898
-0.656	0.00316307
-0.655	0.0032078
-0.654	0.00325316
-0.653	0.00329916
-0.652	0.00334581
-0.651	0.00339313
-0.65	0.00344113
-0.649	0.0034898
-0.648	0.00353918
-0.647	0.00358927
-0.646	0.00364008
-0.645	0.00369163
-0.644	0.00374391
-0.643	0.00379695
-0.642	0.00385076
-0.641	0.00390535
-0.64	0.00396074
-0.639	0.00401693
-0.638	0.00407393
-0.637	0.00413176
-0.636	0.00419043
-0.635	0.00424996
-0.634	0.00431036
-0.633	0.00437163
-0.632	0.00443379
-0.631	0.00449686
-0.63	0.00456084
-0.629	0.00462576
-0.628	0.00469162
-0.627	0.00475843
-0.626	0.00482622
-0.625	0.00489499
-0.624	0.00496474
-0.623	0.00503551
-0.622	0.0051073
-0.621	0.00518013
-0.62	0.005254
-0.619	0.00532894
-0.618	0.00540495
-0.617	0.00548205
-0.616	0.00556025
-0.615	0.00563957
-0.614	0.00572003
-0.613	0.00580163
-0.612	0.00588439
-0.611	0.00596832
-0.61	0.00605345
-0.609	0.00613977
-0.608	0.00622732
-0.607	0.00631611
-0.606	0.00640615
-0.605	0.00649745
-0.604	0.00659005
-0.603	0.00668394
-0.602	0.00677915
-0.601	0.00687569
-0.6	0.00697359
-0.599	0.00707286
-0.598	0.00717353
-0.597	0.0072756
-0.596	0.0073791
-0.595	0.00748405
-0.594	0.00759046
-0.593	0.00769836
-0.592	0.00780777
-0.591	0.00791871
-0.59	0.0080312
-0.589	0.00814527
-0.588	0.00826094
-0.587	0.00837823
-0.586	0.00849715
-0.585	0.00861775
-0.584	0.00874004
-0.583	0.00886405
-0.582	0.00898979
-0.581	0.00911732
-0.58	0.00924663
-0.579	0.00937777
-0.578	0.00951077
-0.577	0.00964563
-0.576	0.0097824
-0.575	0.00992111
-0.574	0.0100618
-0.573	0.0102044
-0.572	0.0103491
-0.571	0.0104959
-0.57	0.0106447
-0.569	0.0107957
-0.568	0.0109488
-0.567	0.0111041
-0.566	0.0112616
-0.565	0.0114214
-0.564	0.0115834
-0.563	0.0117478
-0.562	0.0119145
-0.561	0.0120836
-0.56	0.0122551
-0.559	0.0124291
-0.558	0.0126056
-0.557	0.0127846
-0.556	0.0129662
-0.555	0.0131504
-0.554	0.0133372
-0.553	0.0135267
-0.552	0.013719
-0.551	0.013914
-0.55	0.0141118
-0.549	0.0143124
-0.548	0.0145159
-0.547	0.0147223
-0.546	0.0149317
-0.545	0.0151441
-0.544	0.0153596
-0.543	0.0155781
-0.542	0.0157997
-0.541	0.0160245
-0.54	0.0162526
-0.539	0.0164839
-0.538	0.0167185
-0.537	0.0169564
-0.536	0.0171977
-0.535	0.0174425
-0.534	0.0176908
-0.533	0.0179426
-0.532	0.018198
-0.531	0.018457
-0.53	0.0187197
-0.529	0.0189861
-0.528	0.0192564
-0.527	0.0195304
-0.526	0.0198083
-0.525	0.0200902
-0.524	0.020376
-0.523	0.0206659
-0.522	0.02096
-0.521	0.0212581
-0.52	0.0215605
-0.519	0.0218672
-0.518	0.0221782
-0.517	0.0224936
-0.516	0.0228134
-0.515	0.0231378
-0.514	0.0234668
-0.513	0.0238004
-0.512	0.0241387
-0.511	0.0244818
-0.51	0.0248297
-0.509	0.0251825
-0.508	0.0255404
-0.507	0.0259033
-0.506	0.0262713
-0.505	0.0266445
-0.504	0.027023
-0.503	0.0274069
-0.502	0.0277962
-0.501	0.028191
-0.5	0.0285914
-0.499	0.0289974
-0.498	0.0294093
-0.497	0.0298269
-0.496	0.0302505
-0.495	0.0306801
-0.494	0.0311158
-0.493	0.0315576
-0.492	0.0320058
-0.491	0.0324603
-0.49	0.0329213
-0.489	0.0333888
-0.488	0.0338631
-0.487	0.034344
-0.486	0.0348318
-0.485	0.0353265
-0.484	0.0358283
-0.483	0.0363373
-0.482	0.0368535
-0.481	0.037377
-0.48	0.037908
-0.479	0.0384467
-0.478	0.0389929
-0.477	0.039547
-0.476	0.040109
-0.475	0.040679
-0.474	0.0412572
-0.473	0.0418436
-0.472	0.0424383
-0.471	0.0430416
-0.47	0.0436534
-0.469	0.044274
-0.468	0.0449035
-0.467	0.0455419
-0.466	0.0461894
-0.465	0.0468463
-0.464	0.0475124
-0.463	0.048188
-0.462	0.0488732
-0.461	0.0495682
-0.46	0.0502731
-0.459	0.0509881
-0.458	0.0517132
-0.457	0.0524487
-0.456	0.0531946
-0.455	0.0539511
-0.454	0.0547185
-0.453	0.0554966
-0.452	0.0562859
-0.451	0.0570863
-0.45	0.0578982
-0.449	0.0587216
-0.448	0.0595567
-0.447	0.0604036
-0.446	0.0612625
-0.445	0.0621337
-0.444	0.0630171
-0.443	0.0639131
-0.442	0.0648219
-0.441	0.0657435
-0.44	0.0666782
-0.439	0.0676262
-0.438	0.0685876
-0.437	0.0695626
-0.436	0.0705514
-0.435	0.0715543
-0.434	0.0725714
-0.433	0.0736028
-0.432	0.074649
-0.431	0.07571
-0.43	0.076786
-0.429	0.0778773
-0.428	0.078984
-0.427	0.0801065
-0.426	0.0812449
-0.425	0.0823994
-0.424	0.0835703
-0.423	0.0847578
-0.422	0.0859622
-0.421	0.0871836
-0.42	0.0884224
-0.419	0.0896789
-0.418	0.0909532
-0.417	0.0922456
-0.416	0.0935563
-0.415	0.0948857
-0.414	0.0962646
-0.413	0.0977265
-0.412	0.0992731
-0.411	0.100906
-0.41	0.102626
-0.409	0.104434
-0.408	0.106332
-0.407	0.108319
-0.406	0.110397
-0.405	0.112564
-0.404	0.114822
-0.403	0.117169
-0.402	0.119605
-0.401	0.122129
-0.4	0.124741
-0.399	0.127438
-0.398	0.13022
-0.397	0.133085
-0.396	0.136031
-0.395	0.139057
-0.394	0.142159
-0.393	0.145336
-0.392	0.148586
-0.391	0.151905
-0.39	0.155292
-0.389	0.158743
-0.388	0.162256
-0.387	0.165828
-0.386	0.169455
-0.385	0.173135
-0.384	0.176866
-0.383	0.180643
-0.382	0.184463
-0.381	0.188325
-0.38	0.192225
-0.379	0.196159
-0.378	0.200126
-0.377	0.204122
-0.376	0.208146
-0.375	0.212193
-0.374	0.216263
-0.373	0.220351
-0.372	0.224458
-0.371	0.22858
-0.37	0.232717
-0.369	0.236865
-0.368	0.241024
-0.367	0.245194
-0.366	0.249372
-0.365	0.253558
-0.364	0.257844
-0.363	0.262327
-0.362	0.266994
-0.361	0.271836
-0.36	0.276844
-0.359	0.282005
-0.358	0.287309
-0.357	0.292745
-0.356	0.298299
-0.355	0.303962
-0.354	0.30972
-0.353	0.31556
-0.352	0.321471
-0.351	0.327437
-0.35	0.333449
-0.349	0.339492
-0.348	0.345553
-0.347	0.351617
-0.346	0.357674
-0.345	0.363709
-0.344	0.369708
-0.343	0.37566
-0.342	0.381551
-0.341	0.387368
-0.34	0.393099
-0.339	0.398731
-0.338	0.404252
-0.337	0.409649
-0.336	0.414912
-0.335	0.420028
-0.334	0.424988
-0.333	0.42978
-0.332	0.434394
-0.331	0.438819
-0.33	0.443047
-0.329	0.447069
-0.328	0.450876
-0.327	0.454459
-0.326	0.457813
-0.325	0.460929
-0.324	0.4638
-0.323	0.466422
-0.322	0.468789
-0.321	0.470896
-0.32	0.472738
-0.319	0.474314
-0.318	0.475619
-0.317	0.47665
-0.316	0.477409
-0.315	0.477891
-0.314	0.478097
-0.313	0.478028
-0.312	0.477685
-0.311	0.477068
-0.31	0.476179
-0.309	0.475022
-0.308	0.473601
-0.307	0.471918
-0.306	0.469979
-0.305	0.467789
-0.304	0.465352
-0.303	0.462677
-0.302	0.45977
-0.301	0.456636
-0.3	0.453286
-0.299	0.449727
-0.298	0.445969
-0.297	0.442019
-0.296	0.437889
-0.295	0.433588
-0.294	0.429127
-0.293	0.424517
-0.292	0.419769
-0.291	0.414895
-0.29	0.409906
-0.289	0.404816
-0.288	0.399635
-0.287	0.394378
-0.286	0.389055
-0.285	0.383682
-0.284	0.37827
-0.283	0.372832
-0.282	0.367384
-0.281	0.361934
-0.28	0.356501
-0.279	0.351094
-0.278	0.345728
-0.277	0.340415
-0.276	0.335169
-0.275	0.330002
-0.274	0.324927
-0.273	0.319957
-0.272	0.315102
-0.271	0.310376
-0.27	0.30579
-0.269	0.301355
-0.268	0.297081
-0.267	0.29298
-0.266	0.289062
-0.265	0.285335
-0.264	0.281811
-0.263	0.278497
-0.262	0.275401
-0.261	0.272532
-0.26	0.269898
-0.259	0.267503
-0.258	0.265356
-0.257	0.26346
-0.256	0.261823
-0.255	0.260448
-0.254	0.259339
-0.253	0.2585
-0.252	0.257931
-0.251	0.257638
-0.25	0.25762
-0.249	0.257877
-0.248	0.258412
-0.247	0.259223
-0.246	0.260307
-0.245	0.261666
-0.244	0.263295
-0.243	0.265192
-0.242	0.267353
-0.241	0.269774
-0.24	0.272451
-0.239	0.275376
-0.238	0.278546
-0.237	0.281953
-0.236	0.285591
-0.235	0.28945
-0.234	0.293526
-0.233	0.297807
-0.232	0.302284
-0.231	0.30695
-0.23	0.311793
-0.229	0.316803
-0.228	0.321969
-0.227	0.327282
-0.226	0.332728
-0.225	0.338296
-0.224	0.343975
-0.223	0.349752
-0.222	0.355614
-0.221	0.36155
-0.22	0.367545
-0.219	0.373588
-0.218	0.379665
-0.217	0.385762
-0.216	0.391867
-0.215	0.397967
-0.214	0.404048
-0.213	0.410097
-0.212	0.416101
-0.211	0.422047
-0.21	0.427923
-0.209	0.433714
-0.208	0.43941
-0.207	0.444998
-0.206	0.450465
-0.205	0.4558
-0.204	0.460991
-0.203	0.466028
-0.202	0.4709
-0.201	0.475595
-0.2	0.480106
-0.199	0.484421
-0.198	0.48853
-0.197	0.492428
-0.196	0.496105
-0.195	0.499551
-0.194	0.502764
-0.193	0.505733
-0.192	0.508453
-0.191	0.510919
-0.19	0.513127
-0.189	0.515071
-0.188	0.51675
-0.187	0.518157
-0.186	0.519293
-0.185	0.520155
-0.184	0.520741
-0.183	0.521052
-0.182	0.521086
-0.181	0.520847
-0.18	0.520334
-0.179	0.519549
-0.178	0.518494
-0.177	0.517175
-0.176	0.515593
-0.175	0.513753
-0.174	0.511662
-0.173	0.509322
-0.172	0.506743
-0.171	0.503929
-0.17	0.500888
-0.169	0.497629
-0.168	0.494159
-0.167	0.490487
-0.166	0.486622
-0.165	0.482574
-0.164	0.478354
-0.163	0.47397
-0.162	0.469435
-0.161	0.46476
-0.16	0.459956
-0.159	0.455035
-0.158	0.450009
-0.157	0.44489
-0.156	0.439691
-0.155	0.434426
-0.154	0.429105
-0.153	0.423743
-0.152	0.418353
-0.151	0.412948
-0.15	0.407541
-0.149	0.402145
-0.148	0.396774
-0.147	0.39144
-0.146	0.386158
-0.145	0.380939
-0.144	0.375796
-0.143	0.370742
-0.142	0.36579
-0.141	0.360951
-0.14	0.356239
-0.139	0.351663
-0.138	0.347235
-0.137	0.342968
-0.136	0.338871
-0.135	0.334954
-0.134	0.331227
-0.133	0.3277
-0.132	0.324381
-0.131	0.32128
-0.13	0.318402
-0.129	0.315758
-0.128	0.313353
-0.127	0.311193
-0.126	0.309284
-0.125	0.307632
-0.124	0.306243
-0.123	0.305117
-0.122	0.30426
-0.121	0.303676
-0.12	0.303363
-0.119	0.303328
-0.118	0.303568
-0.117	0.304084
-0.116	0.304877
-0.115	0.305945
-0.114	0.307286
-0.113	0.3089
-0.112	0.310781
-0.111	0.312928
-0.11	0.315335
-0.109	0.317999
-0.108	0.320914
-0.107	0.324074
-0.106	0.327473
-0.105	0.331105
-0.104	0.33496
-0.103	0.339032
-0.102	0.343313
-0.101	0.347792
-0.1	0.35246
