-4	0
-3.999	0
-3.998	0
-3.997	0
-3.996	0
-3.995	0
-3.994	0
-3.993	0
-3.992	0
-3.991	0
-3.99	0
-3.989	0
-3.988	0
-3.987	0
-3.986	0
-3.985	0
-3.984	0
-3.983	0
-3.982	0
-3.981	0
-3.98	0
-3.979	0
-3.978	0
-3.977	0
-3.976	0
-3.975	0
-3.974	0
-3.973	0
-3.972	0
-3.971	0
-3.97	0
-3.969	0
-3.968	0
-3.967	0
-3.966	0
-3.965	0
-3.964	0
-3.963	0
-3.962	0
-3.961	0
-3.96	0
-3.959	0
-3.958	0
-3.957	0
-3.956	0
-3.955	0
-3.954	0
-3.953	0
-3.952	0
-3.951	0
-3.95	0
-3.949	0
-3.948	0
-3.947	0
-3.946	0
-3.945	0
-3.944	0
-3.943	0
-3.942	0
-3.941	0
-3.94	0
-3.939	0
-3.938	0
-3.937	0
-3.936	0
-3.935	0
-3.934	0
-3.933	0
-3.932	0
-3.931	0
-3.93	0
-3.929	0
-3.928	0
-3.927	0
-3.926	0
-3.925	0
-3.924	0
-3.923	0
-3.922	0
-3.921	0
-3.92	0
-3.919	0
-3.918	0
-3.917	0
-3.916	0
-3.915	0
-3.914	0
-3.913	0
-3.912	0
-3.911	0
-3.91	0
-3.909	0
-3.908	0
-3.907	0
-3.906	0
-3.905	0
-3.904	0
-3.903	0
-3.902	0
-3.901	0
-3.9	0
-3.899	0
-3.898	0
-3.897	0
-3.896	0
-3.895	0
-3.894	0
-3.893	0
-3.892	0
-3.891	0
-3.89	0
-3.889	0
-3.888	0
-3.887	0
-3.886	0
-3.885	0
-3.884	0
-3.883	0
-3.882	0
-3.881	0
-3.88	0
-3.879	0
-3.878	0
-3.877	0
-3.876	0
-3.875	0
-3.874	0
-3.873	0
-3.872	0
-3.871	0
-3.87	0
-3.869	0
-3.868	0
-3.867	0
-3.866	0
-3.865	0
-3.864	0
-3.863	0
-3.862	0
-3.861	0
-3.86	0
-3.859	0
-3.858	0
-3.857	0
-3.856	0
-3.855	0
-3.854	0
-3.853	0
-3.852	0
-3.851	0
-3.85	0
-3.849	0
-3.848	0
-3.847	0
-3.846	0
-3.845	0
-3.844	0
-3.843	0
-3.842	0
-3.841	0
-3.84	0
-3.839	0
-3.838	0
-3.837	0
-3.836	0
-3.835	0
-3.834	0
-3.833	0
-3.832	0
-3.831	0
-3.83	0
-3.829	0
-3.828	0
-3.827	0
-3.826	0
-3.825	0
-3.824	0
-3.823	0
-3.822	0
-3.821	0
-3.82	0
-3.819	0
-3.818	0
-3.817	0
-3.816	0
-3.815	0
-3.814	0
-3.813	0
-3.812	0
-3.811	0
-3.81	0
-3.809	0
-3.808	0
-3.807	0
-3.806	0
-3.805	0
-3.804	0
-3.803	0
-3.802	0
-3.801	0
-3.8	0
-3.799	0
-3.798	0
-3.797	0
-3.796	0
-3.795	0
-3.794	0
-3.793	0
-3.792	0
-3.791	0
-3.79	0
-3.789	0
-3.788	0
-3.787	0
-3.786	0
-3.785	0
-3.784	0
-3.783	0
-3.782	0
-3.781	0
-3.78	0
-3.779	0
-3.778	0
-3.777	0
-3.776	0
-3.775	0
-3.774	0
-3.773	0
-3.772	0
-3.771	0
-3.77	0
-3.769	0
-3.768	0
-3.767	0
-3.766	0
-3.765	0
-3.764	0
-3.763	0
-3.762	0
-3.761	0
-3.76	0
-3.759	0
-3.758	0
-3.757	0
-3.756	0
-3.755	0
-3.754	0
-3.753	0
-3.752	0
-3.751	0
-3.75	0
-3.749	0
-3.748	0
-3.747	0
-3.746	0
-3.745	0
-3.744	0
-3.743	0
-3.742	0
-3.741	0
-3.74	0
-3.739	0
-3.738	0
-3.737	0
-3.736	0
-3.735	0
-3.734	0
-3.733	0
-3.732	0
-3.731	0
-3.73	0
-3.729	0
-3.728	0
-3.727	0
-3.726	0
-3.725	0
-3.724	0
-3.723	0
-3.722	0
-3.721	0
-3.72	0
-3.719	0
-3.718	0
-3.717	0
-3.716	0
-3.715	0
-3.714	0
-3.713	0
-3.712	0
-3.711	0
-3.71	0
-3.709	0
-3.708	0
-3.707	0
-3.706	0
-3.705	0
-3.704	0
-3.703	0
-3.702	0
-3.701	0
-3.7	0
-3.699	0
-3.698	0
-3.697	0
-3.696	0
-3.695	0
-3.694	0
-3.693	0
-3.692	0
-3.691	0
-3.69	0
-3.689	0
-3.688	0
-3.687	0
-3.686	0
-3.685	0
-3.684	0
-3.683	0
-3.682	0
-3.681	0
-3.68	0
-3.679	0
-3.678	0
-3.677	0
-3.676	0
-3.675	0
-3.674	0
-3.673	0
-3.672	0
-3.671	0
-3.67	0
-3.669	0
-3.668	0
-3.667	0
-3.666	0
-3.665	0
-3.664	0
-3.663	0
-3.662	0
-3.661	0
-3.66	0
-3.659	0
-3.658	0
-3.657	0
-3.656	0
-3.655	0
-3.654	0
-3.653	0
-3.652	0
-3.651	0
-3.65	0
-3.649	0
-3.648	0
-3.647	0
-3.646	0
-3.645	0
-3.644	0
-3.643	0
-3.642	0
-3.641	0
-3.64	0
-3.639	0
-3.638	0
-3.637	0
-3.636	0
-3.635	0
-3.634	0
-3.633	0
-3.632	0
-3.631	0
-3.63	0
-3.629	0
-3.628	0
-3.627	0
-3.626	0
-3.625	0
-3.624	0
-3.623	0
-3.622	0
-3.621	0
-3.62	0
-3.619	0
-3.618	0
-3.617	0
-3.616	0
-3.615	0
-3.614	0
-3.613	0
-3.612	0
-3.611	0
-3.61	0
-3.609	0
-3.608	0
-3.607	0
-3.606	0
-3.605	0
-3.604	0
-3.603	0
-3.602	0
-3.601	0
-3.6	0
-3.599	0
-3.598	0
-3.597	0
-3.596	0
-3.595	0
-3.594	0
-3.593	0
-3.592	0
-3.591	0
-3.59	0
-3.589	0
-3.588	0
-3.587	0
-3.586	0
-3.585	0
-3.584	0
-3.583	0
-3.582	0
-3.581	0
-3.58	0
-3.579	0
-3.578	0
-3.577	0
-3.576	0
-3.575	0
-3.574	0
-3.573	0
-3.572	0
-3.571	0
-3.57	0
-3.569	0
-3.568	0
-3.567	0
-3.566	0
-3.565	0
-3.564	0
-3.563	0
-3.562	0
-3.561	0
-3.56	0
-3.559	0
-3.558	0
-3.557	0
-3.556	0
-3.555	0
-3.554	0
-3.553	0
-3.552	0
-3.551	0
-3.55	0
-3.549	0
-3.548	0
-3.547	0
-3.546	0
-3.545	0
-3.544	0
-3.543	0
-3.542	0
-3.541	0
-3.54	0
-3.539	0
-3.538	0
-3.537	0
-3.536	0
-3.535	0
-3.534	0
-3.533	0
-3.532	0
-3.531	0
-3.53	0
-3.529	0
-3.528	0
-3.527	0
-3.526	0
-3.525	0
-3.524	0
-3.523	0
-3.522	0
-3.521	0
-3.52	0
-3.519	0
-3.518	0
-3.517	0
-3.516	0
-3.515	0
-3.514	0
-3.513	0
-3.512	0
-3.511	0
-3.51	0
-3.509	0
-3.508	0
-3.507	0
-3.506	0
-3.505	0
-3.504	0
-3.503	0
-3.502	0
-3.501	0
-3.5	0
-3.499	0
-3.498	0
-3.497	0
-3.496	0
-3.495	0
-3.494	0
-3.493	0
-3.492	0
-3.491	0
-3.49	0
-3.489	0
-3.488	0
-3.487	0
-3.486	0
-3.485	0
-3.484	0
-3.483	0
-3.482	0
-3.481	0
-3.48	0
-3.479	0
-3.478	0
-3.477	0
-3.476	0
-3.475	0
-3.474	0
-3.473	0
-3.472	0
-3.471	0
-3.47	0
-3.469	0
-3.468	0
-3.467	0
-3.466	0
-3.465	0
-3.464	0
-3.463	0
-3.462	0
-3.461	0
-3.46	0
-3.459	0
-3.458	0
-3.457	0
-3.456	0
-3.455	0
-3.454	0
-3.453	0
-3.452	0
-3.451	0
-3.45	0
-3.449	0
-3.448	0
-3.447	0
-3.446	0
-3.445	0
-3.444	0
-3.443	0
-3.442	0
-3.441	0
-3.44	0
-3.439	0
-3.438	0
-3.437	0
-3.436	0
-3.435	0
-3.434	0
-3.433	0
-3.432	0
-3.431	0
-3.43	0
-3.429	0
-3.428	0
-3.427	0
-3.426	0
-3.425	0
-3.424	0
-3.423	0
-3.422	0
-3.421	0
-3.42	0
-3.419	0
-3.418	0
-3.417	0
-3.416	0
-3.415	0
-3.414	0
-3.413	0
-3.412	0
-3.411	0
-3.41	0
-3.409	0
-3.408	0
-3.407	0
-3.406	0
-3.405	0
-3.404	0
-3.403	0
-3.402	0
-3.401	0
-3.4	0
-3.399	0
-3.398	0
-3.397	0
-3.396	0
-3.395	0
-3.394	0
-3.393	0
-3.392	0
-3.391	0
-3.39	0
-3.389	0
-3.388	0
-3.387	0
-3.386	0
-3.385	0
-3.384	0
-3.383	0
-3.382	0
-3.381	0
-3.38	0
-3.379	0
-3.378	0
-3.377	0
-3.376	0
-3.375	0
-3.374	0
-3.373	0
-3.372	0
-3.371	0
-3.37	0
-3.369	0
-3.368	0
-3.367	0
-3.366	0
-3.365	0
-3.364	0
-3.363	0
-3.362	0
-3.361	0
-3.36	0
-3.359	0
-3.358	0
-3.357	0
-3.356	0
-3.355	0
-3.354	0
-3.353	0
-3.352	0
-3.351	0
-3.35	0
-3.349	0
-3.348	0
-3.347	0
-3.346	0
-3.345	0
-3.344	0
-3.343	0
-3.342	0
-3.341	0
-3.34	0
-3.339	0
-3.338	0
-3.337	0
-3.336	0
-3.335	0
-3.334	0
-3.333	0
-3.332	0
-3.331	0
-3.33	0
-3.329	0
-3.328	0
-3.327	0
-3.326	0
-3.325	0
-3.324	0
-3.323	0
-3.322	0
-3.321	0
-3.32	0
-3.319	0
-3.318	0
-3.317	0
-3.316	0
-3.315	0
-3.314	0
-3.313	0
-3.312	0
-3.311	0
-3.31	0
-3.309	0
-3.308	0
-3.307	0
-3.306	0
-3.305	0
-3.304	0
-3.303	0
-3.302	0
-3.301	0
-3.3	0
-3.299	0
-3.298	0
-3.297	0
-3.296	0
-3.295	0
-3.294	0
-3.293	0
-3.292	0
-3.291	0
-3.29	0
-3.289	0
-3.288	0
-3.287	0
-3.286	0
-3.285	0
-3.284	0
-3.283	0
-3.282	0
-3.281	0
-3.28	0
-3.279	0
-3.278	0
-3.277	0
-3.276	0
-3.275	0
-3.274	0
-3.273	0
-3.272	0
-3.271	0
-3.27	0
-3.269	0
-3.268	0
-3.267	0
-3.266	0
-3.265	0
-3.264	0
-3.263	0
-3.262	0
-3.261	0
-3.26	0
-3.259	0
-3.258	0
-3.257	0
-3.256	0
-3.255	0
-3.254	0
-3.253	0
-3.252	0
-3.251	0
-3.25	0
-3.249	0
-3.248	0
-3.247	0
-3.246	0
-3.245	0
-3.244	0
-3.243	0
-3.242	0
-3.241	0
-3.24	0
-3.239	0
-3.238	0
-3.237	0
-3.236	0
-3.235	0
-3.234	0
-3.233	0
-3.232	0
-3.231	0
-3.23	0
-3.229	0
-3.228	0
-3.227	0
-3.226	0
-3.225	0
-3.224	0
-3.223	0
-3.222	0
-3.221	0
-3.22	0
-3.219	0
-3.218	0
-3.217	0
-3.216	0
-3.215	0
-3.214	0
-3.213	0
-3.212	0
-3.211	0
-3.21	0
-3.209	0
-3.208	0
-3.207	0
-3.206	0
-3.205	0
-3.204	0
-3.203	0
-3.202	0
-3.201	0
-3.2	0
-3.199	0
-3.198	0
-3.197	0
-3.196	0
-3.195	0
-3.194	0
-3.193	0
-3.192	0
-3.191	0
-3.19	0
-3.189	0
-3.188	0
-3.187	0
-3.186	0
-3.185	0
-3.184	0
-3.183	0
-3.182	0
-3.181	0
-3.18	0
-3.179	0
-3.178	0
-3.177	0
-3.176	0
-3.175	0
-3.174	0
-3.173	0
-3.172	0
-3.171	0
-3.17	0
-3.169	5.87908e-077
-3.168	4.38825e-077
-3.167	0
-3.166	0
-3.165	0
-3.164	1.28425e-077
-3.163	2.27362e-077
-3.162	0
-3.161	0
-3.16	3.66872e-077
-3.159	3.78649e-077
-3.158	8.84606e-078
-3.157	0
-3.156	0
-3.155	3.39077e-077
-3.154	1.76728e-077
-3.153	0
-3.152	2.11627e-077
-3.151	2.22431e-077
-3.15	9.93889e-078
-3.149	0
-3.148	6.10446e-078
-3.147	5.58875e-078
-3.146	8.79613e-077
-3.145	0
-3.144	3.24377e-077
-3.143	0
-3.142	2.20919e-076
-3.141	4.5172e-077
-3.14	2.65841e-077
-3.139	0
-3.138	0
-3.137	6.52164e-077
-3.136	1.24336e-077
-3.135	5.89285e-077
-3.134	5.11561e-077
-3.133	0
-3.132	0
-3.131	0
-3.13	0
-3.129	1.55582e-077
-3.128	0
-3.127	1.21496e-077
-3.126	4.23056e-077
-3.125	5.21397e-078
-3.124	7.30861e-078
-3.123	3.73229e-077
-3.122	7.71308e-077
-3.121	3.11323e-077
-3.12	7.04534e-076
-3.119	1.82656e-076
-3.118	4.2027e-077
-3.117	1.14636e-075
-3.116	8.10883e-076
-3.115	1.31712e-075
-3.114	2.93032e-075
-3.113	7.20802e-075
-3.112	1.46232e-074
-3.111	2.41905e-074
-3.11	3.37719e-074
-3.109	6.69525e-074
-3.108	1.15398e-073
-3.107	1.94459e-073
-3.106	3.27923e-073
-3.105	5.66018e-073
-3.104	9.7631e-073
-3.103	1.61843e-072
-3.102	2.78904e-072
-3.101	4.69203e-072
-3.1	7.93939e-072
-3.099	1.34681e-071
-3.098	2.25732e-071
-3.097	3.81082e-071
-3.096	6.38694e-071
-3.095	1.06954e-070
-3.094	1.78684e-070
-3.093	2.9746e-070
-3.092	4.95735e-070
-3.091	8.25465e-070
-3.09	1.37383e-069
-3.089	2.28144e-069
-3.088	3.78119e-069
-3.087	6.25343e-069
-3.086	1.03277e-068
-3.085	1.70258e-068
-3.084	2.80153e-068
-3.083	4.60297e-068
-3.082	7.54877e-068
-3.081	1.23579e-067
-3.08	2.01956e-067
-3.079	3.29463e-067
-3.078	5.36537e-067
-3.077	8.72208e-067
-3.076	1.41541e-066
-3.075	2.29283e-066
-3.074	3.70762e-066
-3.073	5.98482e-066
-3.072	9.64347e-066
-3.071	1.55111e-065
-3.07	2.49045e-065
-3.069	3.99154e-065
-3.068	6.38597e-065
-3.067	1.01985e-064
-3.066	1.62579e-064
-3.065	2.5871e-064
-3.064	4.10944e-064
-3.063	6.5158e-064
-3.062	1.03126e-063
-3.061	1.62924e-063
-3.06	2.5693e-063
-3.059	4.04442e-063
-3.058	6.3549e-063
-3.057	9.96714e-063
-3.056	1.56042e-062
-3.055	2.43847e-062
-3.054	3.80365e-062
-3.053	5.92225e-062
-3.052	9.20399e-062
-3.051	1.4278e-061
-3.05	2.21085e-061
-3.049	3.41703e-061
-3.048	5.27153e-061
-3.047	8.11747e-061
-3.046	1.24767e-060
-3.045	1.91414e-060
-3.044	2.97299e-060
-3.043	4.71985e-060
-3.042	7.59295e-060
-3.041	1.2309e-059
-3.04	2.00376e-059
-3.039	3.26853e-059
-3.038	5.3354e-059
-3.037	8.7085e-059
-3.036	1.4206e-058
-3.035	2.3154e-058
-3.034	3.76986e-058
-3.033	6.1309e-058
-3.032	9.95848e-058
-3.031	1.61552e-057
-3.03	2.61742e-057
-3.029	4.23513e-057
-3.028	6.84364e-057
-3.027	1.10441e-056
-3.026	1.7799e-056
-3.025	2.86469e-056
-3.024	4.60442e-056
-3.023	7.39073e-056
-3.022	1.18471e-055
-3.021	1.89647e-055
-3.02	3.03172e-055
-3.019	4.83992e-055
-3.018	7.71601e-055
-3.017	1.22843e-054
-3.016	1.95303e-054
-3.015	3.10076e-054
-3.014	4.91614e-054
-3.013	7.78354e-054
-3.012	1.23062e-053
-3.011	1.94295e-053
-3.01	3.06331e-053
-3.009	4.8229e-053
-3.008	7.58252e-053
-3.007	1.19043e-052
-3.006	1.86627e-052
-3.005	2.92164e-052
-3.004	4.56729e-052
-3.003	7.12963e-052
-3.002	1.11135e-051
-3.001	1.72984e-051
-3	2.68865e-051
-2.999	4.17282e-051
-2.998	6.46685e-051
-2.997	1.00074e-050
-2.996	1.54636e-050
-2.995	2.38594e-050
-2.994	3.67594e-050
-2.993	5.655e-050
-2.992	8.68663e-050
-2.991	1.33236e-049
-2.99	2.04052e-049
-2.989	3.12038e-049
-2.988	4.76453e-049
-2.987	7.26398e-049
-2.986	1.10578e-048
-2.985	1.68075e-048
-2.984	2.55077e-048
-2.983	3.86522e-048
-2.982	5.84799e-048
-2.981	8.83422e-048
-2.98	1.33246e-047
-2.979	2.00663e-047
-2.978	3.01716e-047
-2.977	4.5295e-047
-2.976	6.78917e-047
-2.975	1.01601e-046
-2.974	1.51806e-046
-2.973	2.26457e-046
-2.972	3.3728e-046
-2.971	5.01532e-046
-2.97	7.44571e-046
-2.969	1.1036e-045
-2.968	1.63309e-045
-2.967	2.41269e-045
-2.966	3.55862e-045
-2.965	5.2402e-045
-2.964	7.70366e-045
-2.963	1.13065e-044
-2.962	1.65666e-044
-2.961	2.42334e-044
-2.96	3.53889e-044
-2.959	5.15924e-044
-2.958	7.50882e-044
-2.957	1.09098e-043
-2.956	1.58243e-043
-2.955	2.29131e-043
-2.954	3.31204e-043
-2.953	4.77922e-043
-2.952	6.88435e-043
-2.951	9.89944e-043
-2.95	1.42101e-042
-2.949	2.03619e-042
-2.948	2.91252e-042
-2.947	4.15861e-042
-2.946	5.92723e-042
-2.945	8.43285e-042
-2.944	1.1976e-041
-2.943	1.69771e-041
-2.942	2.40228e-041
-2.941	3.39303e-041
-2.94	4.78356e-041
-2.939	6.73148e-041
-2.938	9.45499e-041
-2.937	1.32556e-040
-2.936	1.8549e-040
-2.935	2.59071e-040
-2.934	3.61153e-040
-2.933	5.02496e-040
-2.932	6.97812e-040
-2.931	9.67168e-040
-2.93	1.33789e-039
-2.929	1.84709e-039
-2.928	2.54506e-039
-2.927	3.49983e-039
-2.926	4.80316e-039
-2.925	6.57861e-039
-2.924	8.99212e-039
-2.923	1.22661e-038
-2.922	1.66977e-038
-2.921	2.26834e-038
-2.92	3.07508e-038
-2.919	4.15999e-038
-2.918	5.61577e-038
-2.917	7.56484e-038
-2.916	1.01685e-037
-2.915	1.36386e-037
-2.914	1.82531e-037
-2.913	2.43749e-037
-2.912	3.24774e-037
-2.911	4.3176e-037
-2.91	5.72688e-037
-2.909	7.57872e-037
-2.908	1.00061e-036
-2.907	1.31801e-036
-2.906	1.73197e-036
-2.905	2.2705e-036
-2.904	2.96924e-036
-2.903	3.87349e-036
-2.902	5.04051e-036
-2.901	6.54258e-036
-2.9	8.47049e-036
-2.899	1.0938e-035
-2.898	1.40869e-035
-2.897	1.80936e-035
-2.896	2.31763e-035
-2.895	2.96041e-035
-2.894	3.77073e-035
-2.893	4.78892e-035
-2.892	6.06405e-035
-2.891	7.65543e-035
-2.89	9.63445e-035
-2.889	1.20865e-034
-2.888	1.51131e-034
-2.887	1.88341e-034
-2.886	2.339e-034
-2.885	2.89442e-034
-2.884	3.56848e-034
-2.883	4.38264e-034
-2.882	5.36115e-034
-2.881	6.53092e-034
-2.88	7.92146e-034
-2.879	9.56444e-034
-2.878	1.14931e-033
-2.877	1.37412e-033
-2.876	1.63415e-033
-2.875	1.93238e-033
-2.874	2.27119e-033
-2.873	2.65207e-033
-2.872	3.07507e-033
-2.871	3.53836e-033
-2.87	4.03748e-033
-2.869	4.56462e-033
-2.868	5.1078e-033
-2.867	5.64998e-033
-2.866	6.16823e-033
-2.865	6.63304e-033
-2.864	7.00819e-033
-2.863	7.25087e-033
-2.862	7.31333e-033
-2.861	7.14596e-033
-2.86	6.70315e-033
-2.859	5.95266e-033
-2.858	4.89041e-033
-2.857	3.56321e-033
-2.856	2.10155e-033
-2.855	7.67119e-034
-2.854	1.99681e-035
-2.853	6.12252e-034
-2.852	3.71738e-033
-2.851	1.11061e-032
-2.85	2.53853e-032
-2.849	5.03167e-032
-2.848	9.12441e-032
-2.847	1.55654e-031
-2.846	2.53922e-031
-2.845	4.00274e-031
-2.844	6.14052e-031
-2.843	9.21352e-031
-2.842	1.35712e-030
-2.841	1.96786e-030
-2.84	2.8151e-030
-2.839	3.97979e-030
-2.838	5.5679e-030
-2.837	7.71747e-030
-2.836	1.06076e-029
-2.835	1.44696e-029
-2.834	1.9601e-029
-2.833	2.63832e-029
-2.832	3.53035e-029
-2.831	4.69817e-029
-2.83	6.22047e-029
-2.829	8.19672e-029
-2.828	1.07524e-028
-2.827	1.40451e-028
-2.826	1.82726e-028
-2.825	2.36822e-028
-2.824	3.0582e-028
-2.823	3.93556e-028
-2.822	5.04787e-028
-2.821	6.45403e-028
-2.82	8.22677e-028
-2.819	1.04557e-027
-2.818	1.3251e-027
-2.817	1.67477e-027
-2.816	2.11113e-027
-2.815	2.65439e-027
-2.814	3.32917e-027
-2.813	4.16544e-027
-2.812	5.19959e-027
-2.811	6.47569e-027
-2.81	8.04709e-027
-2.809	9.97817e-027
-2.808	1.23465e-026
-2.807	1.52455e-026
-2.806	1.87871e-026
-2.805	2.31057e-026
-2.804	2.83621e-026
-2.803	3.47481e-026
-2.802	4.24929e-026
-2.801	5.18689e-026
-2.8	6.32003e-026
-2.799	7.68716e-026
-2.798	9.3338e-026
-2.797	1.13138e-025
-2.796	1.36909e-025
-2.795	1.65399e-025
-2.794	1.99493e-025
-2.793	2.40228e-025
-2.792	2.88823e-025
-2.791	3.46704e-025
-2.79	4.15542e-025
-2.789	4.97291e-025
-2.788	5.94222e-025
-2.787	7.08987e-025
-2.786	8.44676e-025
-2.785	1.00486e-024
-2.784	1.19371e-024
-2.783	1.41601e-024
-2.782	1.67734e-024
-2.781	1.98412e-024
-2.78	2.34374e-024
-2.779	2.76473e-024
-2.778	3.25687e-024
-2.777	3.83143e-024
-2.776	4.50127e-024
-2.775	5.28118e-024
-2.774	6.18798e-024
-2.773	7.24092e-024
-2.772	8.46194e-024
-2.771	9.8759e-024
-2.77	1.15113e-023
-2.769	1.34001e-023
-2.768	1.55789e-023
-2.767	1.80888e-023
-2.766	2.09763e-023
-2.765	2.42939e-023
-2.764	2.81007e-023
-2.763	3.24631e-023
-2.762	3.74555e-023
-2.761	4.31615e-023
-2.76	4.96745e-023
-2.759	5.70991e-023
-2.758	6.55513e-023
-2.757	7.51605e-023
-2.756	8.60715e-023
-2.755	9.84426e-023
-2.754	1.12452e-022
-2.753	1.28295e-022
-2.752	1.46187e-022
-2.751	1.66365e-022
-2.75	1.89091e-022
-2.749	2.1465e-022
-2.748	2.43357e-022
-2.747	2.75555e-022
-2.746	3.11613e-022
-2.745	3.51943e-022
-2.744	3.96982e-022
-2.743	4.47206e-022
-2.742	5.03132e-022
-2.741	5.65314e-022
-2.74	6.34346e-022
-2.739	7.10866e-022
-2.738	7.95555e-022
-2.737	8.89134e-022
-2.736	9.92377e-022
-2.735	1.10609e-021
-2.734	1.23114e-021
-2.733	1.36839e-021
-2.732	1.51883e-021
-2.731	1.68337e-021
-2.73	1.86305e-021
-2.729	2.05889e-021
-2.728	2.27195e-021
-2.727	2.50328e-021
-2.726	2.75396e-021
-2.725	3.02504e-021
-2.724	3.31757e-021
-2.723	3.63258e-021
-2.722	3.971e-021
-2.721	4.33377e-021
-2.72	4.72168e-021
-2.719	5.13544e-021
-2.718	5.57561e-021
-2.717	6.0427e-021
-2.716	6.53681e-021
-2.715	7.05803e-021
-2.714	7.59562e-021
-2.713	8.13657e-021
-2.712	8.67795e-021
-2.711	9.21681e-021
-2.71	9.75005e-021
-2.709	1.02746e-020
-2.708	1.07873e-020
-2.707	1.12851e-020
-2.706	1.17649e-020
-2.705	1.22238e-020
-2.704	1.26588e-020
-2.703	1.30672e-020
-2.702	1.34463e-020
-2.701	1.37935e-020
-2.7	1.41064e-020
-2.699	1.4383e-020
-2.698	1.46214e-020
-2.697	1.48198e-020
-2.696	1.49768e-020
-2.695	1.50915e-020
-2.694	1.5163e-020
-2.693	1.51909e-020
-2.692	1.5175e-020
-2.691	1.51159e-020
-2.69	1.5014e-020
-2.689	1.48705e-020
-2.688	1.46869e-020
-2.687	1.44653e-020
-2.686	1.42085e-020
-2.685	1.39195e-020
-2.684	1.36022e-020
-2.683	1.32614e-020
-2.682	1.2902e-020
-2.681	1.25303e-020
-2.68	1.21529e-020
-2.679	1.17775e-020
-2.678	1.14126e-020
-2.677	1.10675e-020
-2.676	1.07525e-020
-2.675	1.04788e-020
-2.674	1.02586e-020
-2.673	1.01053e-020
-2.672	1.00332e-020
-2.671	1.00577e-020
-2.67	1.01957e-020
-2.669	1.04648e-020
-2.668	1.08844e-020
-2.667	1.14747e-020
-2.666	1.22574e-020
-2.665	1.32555e-020
-2.664	1.44932e-020
-2.663	1.59959e-020
-2.662	1.77904e-020
-2.661	1.99046e-020
-2.66	2.23675e-020
-2.659	2.52094e-020
-2.658	2.84616e-020
-2.657	3.21563e-020
-2.656	3.63267e-020
-2.655	4.10071e-020
-2.654	4.62321e-020
-2.653	5.20375e-020
-2.652	5.84594e-020
-2.651	6.55345e-020
-2.65	7.33e-020
-2.649	8.17934e-020
-2.648	9.10519e-020
-2.647	1.01113e-019
-2.646	1.12014e-019
-2.645	1.23791e-019
-2.644	1.36479e-019
-2.643	1.50113e-019
-2.642	1.64726e-019
-2.641	1.80349e-019
-2.64	1.97011e-019
-2.639	2.14741e-019
-2.638	2.33563e-019
-2.637	2.535e-019
-2.636	2.74571e-019
-2.635	2.96794e-019
-2.634	3.2018e-019
-2.633	3.44737e-019
-2.632	3.70471e-019
-2.631	3.97379e-019
-2.63	4.25456e-019
-2.629	4.54688e-019
-2.628	4.85058e-019
-2.627	5.16539e-019
-2.626	5.49101e-019
-2.625	5.82704e-019
-2.624	6.173e-019
-2.623	6.52838e-019
-2.622	6.89254e-019
-2.621	7.26479e-019
-2.62	7.64435e-019
-2.619	8.03033e-019
-2.618	8.4218e-019
-2.617	8.81769e-019
-2.616	9.21688e-019
-2.615	9.61814e-019
-2.614	1.00201e-018
-2.613	1.04215e-018
-2.612	1.08208e-018
-2.611	1.12165e-018
-2.61	1.16069e-018
-2.609	1.19903e-018
-2.608	1.23652e-018
-2.607	1.27296e-018
-2.606	1.30818e-018
-2.605	1.342e-018
-2.604	1.37423e-018
-2.603	1.40469e-018
-2.602	1.43319e-018
-2.601	1.45955e-018
-2.6	1.48361e-018
-2.599	1.50519e-018
-2.598	1.52412e-018
-2.597	1.54025e-018
-2.596	1.55345e-018
-2.595	1.56358e-018
-2.594	1.57053e-018
-2.593	1.5742e-018
-2.592	1.57452e-018
-2.591	1.57142e-018
-2.59	1.5649e-018
-2.589	1.55494e-018
-2.588	1.54159e-018
-2.587	1.5249e-018
-2.586	1.50499e-018
-2.585	1.48199e-018
-2.584	1.4561e-018
-2.583	1.42753e-018
-2.582	1.39658e-018
-2.581	1.36356e-018
-2.58	1.32887e-018
-2.579	1.29294e-018
-2.578	1.25627e-018
-2.577	1.21942e-018
-2.576	1.18301e-018
-2.575	1.14772e-018
-2.574	1.11433e-018
-2.573	1.08365e-018
-2.572	1.05658e-018
-2.571	1.03409e-018
-2.57	1.01723e-018
-2.569	1.00712e-018
-2.568	1.00496e-018
-2.567	1.01201e-018
-2.566	1.02964e-018
-2.565	1.05927e-018
-2.564	1.1024e-018
-2.563	1.16063e-018
-2.562	1.23559e-018
-2.561	1.32902e-018
-2.56	1.44271e-018
-2.559	1.57853e-018
-2.558	1.7384e-018
-2.557	1.9243e-018
-2.556	2.13826e-018
-2.555	2.38238e-018
-2.554	2.65876e-018
-2.553	2.96957e-018
-2.552	3.317e-018
-2.551	3.70326e-018
-2.55	4.13057e-018
-2.549	4.60114e-018
-2.548	5.11721e-018
-2.547	5.68096e-018
-2.546	6.29458e-018
-2.545	6.96019e-018
-2.544	7.67985e-018
-2.543	8.45561e-018
-2.542	9.28934e-018
-2.541	1.01829e-017
-2.54	1.1138e-017
-2.539	1.21562e-017
-2.538	1.3239e-017
-2.537	1.43877e-017
-2.536	1.56033e-017
-2.535	1.68868e-017
-2.534	1.82389e-017
-2.533	1.96601e-017
-2.532	2.11506e-017
-2.531	2.27104e-017
-2.53	2.43391e-017
-2.529	2.60363e-017
-2.528	2.7801e-017
-2.527	2.9632e-017
-2.526	3.15278e-017
-2.525	3.34863e-017
-2.524	3.55055e-017
-2.523	3.75825e-017
-2.522	3.97143e-017
-2.521	4.18975e-017
-2.52	4.41282e-017
-2.519	4.64021e-017
-2.518	4.87147e-017
-2.517	5.10607e-017
-2.516	5.34347e-017
-2.515	5.58307e-017
-2.514	5.82425e-017
-2.513	6.06634e-017
-2.512	6.30863e-017
-2.511	6.55035e-017
-2.51	6.79073e-017
-2.509	7.02896e-017
-2.508	7.26419e-017
-2.507	7.49552e-017
-2.506	7.72209e-017
-2.505	7.94295e-017
-2.504	8.15718e-017
-2.503	8.36383e-017
-2.502	8.56196e-017
-2.501	8.7506e-017
-2.5	8.92884e-017
-2.499	9.09572e-017
-2.498	9.25037e-017
-2.497	9.39186e-017
-2.496	9.51939e-017
-2.495	9.63213e-017
-2.494	9.72937e-017
-2.493	9.81042e-017
-2.492	9.87469e-017
-2.491	9.92165e-017
-2.49	9.95088e-017
-2.489	9.9621e-017
-2.488	9.95511e-017
-2.487	9.92986e-017
-2.486	9.88644e-017
-2.485	9.82507e-017
-2.484	9.74623e-017
-2.483	9.6505e-017
-2.482	9.53865e-017
-2.481	9.41177e-017
-2.48	9.27104e-017
-2.479	9.11795e-017
-2.478	8.95423e-017
-2.477	8.78182e-017
-2.476	8.60298e-017
-2.475	8.42025e-017
-2.474	8.23643e-017
-2.473	8.05465e-017
-2.472	7.87831e-017
-2.471	7.71119e-017
-2.47	7.55734e-017
-2.469	7.42117e-017
-2.468	7.30743e-017
-2.467	7.2212e-017
-2.466	7.16791e-017
-2.465	7.15331e-017
-2.464	7.18352e-017
-2.463	7.26498e-017
-2.462	7.40444e-017
-2.461	7.60901e-017
-2.46	7.8861e-017
-2.459	8.24341e-017
-2.458	8.68895e-017
-2.457	9.231e-017
-2.456	9.87809e-017
-2.455	1.0639e-016
-2.454	1.15226e-016
-2.453	1.25382e-016
-2.452	1.36951e-016
-2.451	1.50025e-016
-2.45	1.64702e-016
-2.449	1.81075e-016
-2.448	1.99242e-016
-2.447	2.19297e-016
-2.446	2.41335e-016
-2.445	2.65449e-016
-2.444	2.9173e-016
-2.443	3.20268e-016
-2.442	3.51149e-016
-2.441	3.84456e-016
-2.44	4.20268e-016
-2.439	4.58658e-016
-2.438	4.99695e-016
-2.437	5.43443e-016
-2.436	5.89957e-016
-2.435	6.39286e-016
-2.434	6.91472e-016
-2.433	7.46545e-016
-2.432	8.04531e-016
-2.431	8.65442e-016
-2.43	9.29279e-016
-2.429	9.96035e-016
-2.428	1.06569e-015
-2.427	1.13821e-015
-2.426	1.21355e-015
-2.425	1.29164e-015
-2.424	1.37242e-015
-2.423	1.4558e-015
-2.422	1.54167e-015
-2.421	1.62991e-015
-2.42	1.7204e-015
-2.419	1.81297e-015
-2.418	1.90747e-015
-2.417	2.00371e-015
-2.416	2.10149e-015
-2.415	2.2006e-015
-2.414	2.30081e-015
-2.413	2.40188e-015
-2.412	2.50353e-015
-2.411	2.6055e-015
-2.41	2.7075e-015
-2.409	2.80923e-015
-2.408	2.91036e-015
-2.407	3.01059e-015
-2.406	3.10956e-015
-2.405	3.20694e-015
-2.404	3.30238e-015
-2.403	3.39551e-015
-2.402	3.48598e-015
-2.401	3.57343e-015
-2.4	3.65749e-015
-2.399	3.7378e-015
-2.398	3.814e-015
-2.397	3.88577e-015
-2.396	3.95274e-015
-2.395	4.0146e-015
-2.394	4.07104e-015
-2.393	4.12178e-015
-2.392	4.16652e-015
-2.391	4.20506e-015
-2.39	4.23715e-015
-2.389	4.26264e-015
-2.388	4.28136e-015
-2.387	4.29322e-015
-2.386	4.29816e-015
-2.385	4.29616e-015
-2.384	4.28727e-015
-2.383	4.27158e-015
-2.382	4.24924e-015
-2.381	4.22048e-015
-2.38	4.18559e-015
-2.379	4.14492e-015
-2.378	4.09889e-015
-2.377	4.04804e-015
-2.376	3.99295e-015
-2.375	3.9343e-015
-2.374	3.87287e-015
-2.373	3.80952e-015
-2.372	3.74521e-015
-2.371	3.68099e-015
-2.37	3.61801e-015
-2.369	3.55753e-015
-2.368	3.50092e-015
-2.367	3.44963e-015
-2.366	3.40524e-015
-2.365	3.36941e-015
-2.364	3.34392e-015
-2.363	3.33066e-015
-2.362	3.3316e-015
-2.361	3.34884e-015
-2.36	3.38454e-015
-2.359	3.441e-015
-2.358	3.52056e-015
-2.357	3.62568e-015
-2.356	3.7589e-015
-2.355	3.92282e-015
-2.354	4.1201e-015
-2.353	4.35349e-015
-2.352	4.62577e-015
-2.351	4.93978e-015
-2.35	5.29836e-015
-2.349	5.70441e-015
-2.348	6.16082e-015
-2.347	6.67049e-015
-2.346	7.2363e-015
-2.345	7.86111e-015
-2.344	8.54771e-015
-2.343	9.2989e-015
-2.342	1.01173e-014
-2.341	1.10056e-014
-2.34	1.19661e-014
-2.339	1.30014e-014
-2.338	1.41137e-014
-2.337	1.53049e-014
-2.336	1.65771e-014
-2.335	1.79319e-014
-2.334	1.93707e-014
-2.333	2.08949e-014
-2.332	2.25055e-014
-2.331	2.42032e-014
-2.33	2.59885e-014
-2.329	2.78615e-014
-2.328	2.98221e-014
-2.327	3.18697e-014
-2.326	3.40034e-014
-2.325	3.62221e-014
-2.324	3.85241e-014
-2.323	4.09073e-014
-2.322	4.33695e-014
-2.321	4.59077e-014
-2.32	4.85186e-014
-2.319	5.11985e-014
-2.318	5.39433e-014
-2.317	5.67485e-014
-2.316	5.9609e-014
-2.315	6.25191e-014
-2.314	6.54731e-014
-2.313	6.84647e-014
-2.312	7.14869e-014
-2.311	7.45328e-014
-2.31	7.75948e-014
-2.309	8.06646e-014
-2.308	8.37343e-014
-2.307	8.6795e-014
-2.306	8.98378e-014
-2.305	9.28535e-014
-2.304	9.58328e-014
-2.303	9.8766e-014
-2.302	1.01643e-013
-2.301	1.04454e-013
-2.3	1.0719e-013
-2.299	1.09839e-013
-2.298	1.12393e-013
-2.297	1.14842e-013
-2.296	1.17175e-013
-2.295	1.19384e-013
-2.294	1.2146e-013
-2.293	1.23393e-013
-2.292	1.25176e-013
-2.291	1.26801e-013
-2.29	1.28261e-013
-2.289	1.2955e-013
-2.288	1.30662e-013
-2.287	1.31593e-013
-2.286	1.32339e-013
-2.285	1.32897e-013
-2.284	1.33267e-013
-2.283	1.33448e-013
-2.282	1.33441e-013
-2.281	1.33249e-013
-2.28	1.32876e-013
-2.279	1.32328e-013
-2.278	1.31613e-013
-2.277	1.3074e-013
-2.276	1.29719e-013
-2.275	1.28565e-013
-2.274	1.27292e-013
-2.273	1.25917e-013
-2.272	1.2446e-013
-2.271	1.22942e-013
-2.27	1.21387e-013
-2.269	1.19822e-013
-2.268	1.18273e-013
-2.267	1.16773e-013
-2.266	1.15354e-013
-2.265	1.14051e-013
-2.264	1.12903e-013
-2.263	1.11949e-013
-2.262	1.11231e-013
-2.261	1.10794e-013
-2.26	1.10685e-013
-2.259	1.10953e-013
-2.258	1.11648e-013
-2.257	1.12824e-013
-2.256	1.14535e-013
-2.255	1.16837e-013
-2.254	1.19788e-013
-2.253	1.23448e-013
-2.252	1.27877e-013
-2.251	1.33137e-013
-2.25	1.39289e-013
-2.249	1.46397e-013
-2.248	1.54524e-013
-2.247	1.63733e-013
-2.246	1.74088e-013
-2.245	1.8565e-013
-2.244	1.98484e-013
-2.243	2.12648e-013
-2.242	2.28204e-013
-2.241	2.45207e-013
-2.24	2.63716e-013
-2.239	2.83784e-013
-2.238	3.0546e-013
-2.237	3.28793e-013
-2.236	3.53828e-013
-2.235	3.80603e-013
-2.234	4.09156e-013
-2.233	4.39518e-013
-2.232	4.71717e-013
-2.231	5.05773e-013
-2.23	5.41701e-013
-2.229	5.79512e-013
-2.228	6.1921e-013
-2.227	6.6079e-013
-2.226	7.04242e-013
-2.225	7.49547e-013
-2.224	7.96682e-013
-2.223	8.45612e-013
-2.222	8.96297e-013
-2.221	9.48688e-013
-2.22	1.00272e-012
-2.219	1.05834e-012
-2.218	1.11546e-012
-2.217	1.17401e-012
-2.216	1.23388e-012
-2.215	1.29497e-012
-2.214	1.35719e-012
-2.213	1.4204e-012
-2.212	1.48448e-012
-2.211	1.54929e-012
-2.21	1.61469e-012
-2.209	1.68054e-012
-2.208	1.74667e-012
-2.207	1.81291e-012
-2.206	1.8791e-012
-2.205	1.94506e-012
-2.204	2.0106e-012
-2.203	2.07555e-012
-2.202	2.1397e-012
-2.201	2.20287e-012
-2.2	2.26486e-012
-2.199	2.32548e-012
-2.198	2.38452e-012
-2.197	2.44181e-012
-2.196	2.49713e-012
-2.195	2.55031e-012
-2.194	2.60117e-012
-2.193	2.64951e-012
-2.192	2.69518e-012
-2.191	2.738e-012
-2.19	2.77783e-012
-2.189	2.81453e-012
-2.188	2.84796e-012
-2.187	2.87802e-012
-2.186	2.90461e-012
-2.185	2.92764e-012
-2.184	2.94706e-012
-2.183	2.96284e-012
-2.182	2.97494e-012
-2.181	2.98338e-012
-2.18	2.98818e-012
-2.179	2.98942e-012
-2.178	2.98716e-012
-2.177	2.98154e-012
-2.176	2.97269e-012
-2.175	2.96079e-012
-2.174	2.94606e-012
-2.173	2.92875e-012
-2.172	2.90913e-012
-2.171	2.88752e-012
-2.17	2.86428e-012
-2.169	2.8398e-012
-2.168	2.8145e-012
-2.167	2.78886e-012
-2.166	2.76338e-012
-2.165	2.73861e-012
-2.164	2.71514e-012
-2.163	2.69358e-012
-2.162	2.67459e-012
-2.161	2.65886e-012
-2.16	2.64714e-012
-2.159	2.64018e-012
-2.158	2.63879e-012
-2.157	2.64379e-012
-2.156	2.65605e-012
-2.155	2.67645e-012
-2.154	2.70591e-012
-2.153	2.74537e-012
-2.152	2.79578e-012
-2.151	2.85812e-012
-2.15	2.93337e-012
-2.149	3.02253e-012
-2.148	3.12662e-012
-2.147	3.24663e-012
-2.146	3.38358e-012
-2.145	3.53847e-012
-2.144	3.71229e-012
-2.143	3.90602e-012
-2.142	4.12062e-012
-2.141	4.35702e-012
-2.14	4.61613e-012
-2.139	4.89882e-012
-2.138	5.20592e-012
-2.137	5.53822e-012
-2.136	5.89645e-012
-2.135	6.2813e-012
-2.134	6.69337e-012
-2.133	7.13322e-012
-2.132	7.60133e-012
-2.131	8.09811e-012
-2.13	8.62385e-012
-2.129	9.1788e-012
-2.128	9.76309e-012
-2.127	1.03768e-011
-2.126	1.10198e-011
-2.125	1.16919e-011
-2.124	1.23929e-011
-2.123	1.31224e-011
-2.122	1.38798e-011
-2.121	1.46646e-011
-2.12	1.5476e-011
-2.119	1.6313e-011
-2.118	1.71748e-011
-2.117	1.80601e-011
-2.116	1.89677e-011
-2.115	1.98962e-011
-2.114	2.08442e-011
-2.113	2.18099e-011
-2.112	2.27917e-011
-2.111	2.37876e-011
-2.11	2.47957e-011
-2.109	2.58138e-011
-2.108	2.68399e-011
-2.107	2.78714e-011
-2.106	2.89062e-011
-2.105	2.99417e-011
-2.104	3.09753e-011
-2.103	3.20044e-011
-2.102	3.30264e-011
-2.101	3.40385e-011
-2.1	3.50379e-011
-2.099	3.60219e-011
-2.098	3.69876e-011
-2.097	3.79324e-011
-2.096	3.88534e-011
-2.095	3.97479e-011
-2.094	4.06133e-011
-2.093	4.14469e-011
-2.092	4.22461e-011
-2.091	4.30087e-011
-2.09	4.37322e-011
-2.089	4.44147e-011
-2.088	4.50539e-011
-2.087	4.5648e-011
-2.086	4.61956e-011
-2.085	4.6695e-011
-2.084	4.71452e-011
-2.083	4.75453e-011
-2.082	4.78945e-011
-2.081	4.81926e-011
-2.08	4.84393e-011
-2.079	4.86352e-011
-2.078	4.87806e-011
-2.077	4.88766e-011
-2.076	4.89247e-011
-2.075	4.89264e-011
-2.074	4.88839e-011
-2.073	4.87999e-011
-2.072	4.86772e-011
-2.071	4.85194e-011
-2.07	4.83302e-011
-2.069	4.81141e-011
-2.068	4.78757e-011
-2.067	4.76205e-011
-2.066	4.73541e-011
-2.065	4.70825e-011
-2.064	4.68126e-011
-2.063	4.65513e-011
-2.062	4.63061e-011
-2.061	4.60852e-011
-2.06	4.58969e-011
-2.059	4.575e-011
-2.058	4.56537e-011
-2.057	4.56175e-011
-2.056	4.56516e-011
-2.055	4.57661e-011
-2.054	4.59717e-011
-2.053	4.62791e-011
-2.052	4.66995e-011
-2.051	4.72442e-011
-2.05	4.79246e-011
-2.049	4.87524e-011
-2.048	4.97394e-011
-2.047	5.08972e-011
-2.046	5.22375e-011
-2.045	5.37722e-011
-2.044	5.55128e-011
-2.043	5.74706e-011
-2.042	5.9657e-011
-2.041	6.2083e-011
-2.04	6.47592e-011
-2.039	6.76957e-011
-2.038	7.09028e-011
-2.037	7.43894e-011
-2.036	7.81646e-011
-2.035	8.22366e-011
-2.034	8.66129e-011
-2.033	9.13004e-011
-2.032	9.63048e-011
-2.031	1.01632e-010
-2.03	1.07285e-010
-2.029	1.13269e-010
-2.028	1.19584e-010
-2.027	1.26234e-010
-2.026	1.33216e-010
-2.025	1.40532e-010
-2.024	1.48179e-010
-2.023	1.56152e-010
-2.022	1.64449e-010
-2.021	1.73062e-010
-2.02	1.81984e-010
-2.019	1.91208e-010
-2.018	2.00723e-010
-2.017	2.10518e-010
-2.016	2.20581e-010
-2.015	2.30897e-010
-2.014	2.41452e-010
-2.013	2.52229e-010
-2.012	2.63209e-010
-2.011	2.74375e-010
-2.01	2.85705e-010
-2.009	2.97179e-010
-2.008	3.08774e-010
-2.007	3.20466e-010
-2.006	3.32231e-010
-2.005	3.44043e-010
-2.004	3.55876e-010
-2.003	3.67703e-010
-2.002	3.79496e-010
-2.001	3.91228e-010
-2	4.02869e-010
-1.999	4.1439e-010
-1.998	4.25764e-010
-1.997	4.3696e-010
-1.996	4.47951e-010
-1.995	4.58707e-010
-1.994	4.692e-010
-1.993	4.79402e-010
-1.992	4.89287e-010
-1.991	4.98829e-010
-1.99	5.08004e-010
-1.989	5.16787e-010
-1.988	5.25157e-010
-1.987	5.33092e-010
-1.986	5.40574e-010
-1.985	5.47588e-010
-1.984	5.54117e-010
-1.983	5.6015e-010
-1.982	5.65677e-010
-1.981	5.70689e-010
-1.98	5.75184e-010
-1.979	5.79161e-010
-1.978	5.8262e-010
-1.977	5.85567e-010
-1.976	5.88011e-010
-1.975	5.89963e-010
-1.974	5.91439e-010
-1.973	5.92459e-010
-1.972	5.93046e-010
-1.971	5.93227e-010
-1.97	5.93033e-010
-1.969	5.925e-010
-1.968	5.91667e-010
-1.967	5.9058e-010
-1.966	5.89283e-010
-1.965	5.8783e-010
-1.964	5.86276e-010
-1.963	5.8468e-010
-1.962	5.83108e-010
-1.961	5.81628e-010
-1.96	5.80311e-010
-1.959	5.79231e-010
-1.958	5.78468e-010
-1.957	5.78104e-010
-1.956	5.78223e-010
-1.955	5.78914e-010
-1.954	5.80268e-010
-1.953	5.82377e-010
-1.952	5.85336e-010
-1.951	5.89243e-010
-1.95	5.94198e-010
-1.949	6.00298e-010
-1.948	6.07645e-010
-1.947	6.16338e-010
-1.946	6.2648e-010
-1.945	6.38171e-010
-1.944	6.5151e-010
-1.943	6.66598e-010
-1.942	6.83528e-010
-1.941	7.02399e-010
-1.94	7.23301e-010
-1.939	7.46324e-010
-1.938	7.71553e-010
-1.937	7.9907e-010
-1.936	8.2895e-010
-1.935	8.61269e-010
-1.934	8.96092e-010
-1.933	9.3348e-010
-1.932	9.73489e-010
-1.931	1.01616e-009
-1.93	1.06155e-009
-1.929	1.10967e-009
-1.928	1.16056e-009
-1.927	1.21423e-009
-1.926	1.2707e-009
-1.925	1.32995e-009
-1.924	1.39198e-009
-1.923	1.45677e-009
-1.922	1.52428e-009
-1.921	1.59448e-009
-1.92	1.66731e-009
-1.919	1.74272e-009
-1.918	1.82063e-009
-1.917	1.90097e-009
-1.916	1.98363e-009
-1.915	2.06851e-009
-1.914	2.15551e-009
-1.913	2.24449e-009
-1.912	2.33533e-009
-1.911	2.42787e-009
-1.91	2.52198e-009
-1.909	2.61748e-009
-1.908	2.7142e-009
-1.907	2.81197e-009
-1.906	2.9106e-009
-1.905	3.00989e-009
-1.904	3.10965e-009
-1.903	3.20968e-009
-1.902	3.30975e-009
-1.901	3.40966e-009
-1.9	3.50918e-009
-1.899	3.60811e-009
-1.898	3.70621e-009
-1.897	3.80326e-009
-1.896	3.89905e-009
-1.895	3.99335e-009
-1.894	4.08595e-009
-1.893	4.17663e-009
-1.892	4.26519e-009
-1.891	4.35142e-009
-1.89	4.43513e-009
-1.889	4.51613e-009
-1.888	4.59425e-009
-1.887	4.66933e-009
-1.886	4.7412e-009
-1.885	4.80974e-009
-1.884	4.87482e-009
-1.883	4.93632e-009
-1.882	4.99416e-009
-1.881	5.04827e-009
-1.88	5.09859e-009
-1.879	5.14509e-009
-1.878	5.18776e-009
-1.877	5.22661e-009
-1.876	5.26167e-009
-1.875	5.293e-009
-1.874	5.32068e-009
-1.873	5.34484e-009
-1.872	5.36558e-009
-1.871	5.38308e-009
-1.87	5.39752e-009
-1.869	5.40913e-009
-1.868	5.41814e-009
-1.867	5.42483e-009
-1.866	5.42948e-009
-1.865	5.43243e-009
-1.864	5.43402e-009
-1.863	5.43465e-009
-1.862	5.43471e-009
-1.861	5.43463e-009
-1.86	5.43487e-009
-1.859	5.4359e-009
-1.858	5.43825e-009
-1.857	5.44241e-009
-1.856	5.44894e-009
-1.855	5.4584e-009
-1.854	5.47136e-009
-1.853	5.48843e-009
-1.852	5.51023e-009
-1.851	5.53735e-009
-1.85	5.57044e-009
-1.849	5.61013e-009
-1.848	5.65707e-009
-1.847	5.71191e-009
-1.846	5.77529e-009
-1.845	5.84785e-009
-1.844	5.93023e-009
-1.843	6.02307e-009
-1.842	6.12699e-009
-1.841	6.2426e-009
-1.84	6.37049e-009
-1.839	6.51123e-009
-1.838	6.66537e-009
-1.837	6.83345e-009
-1.836	7.01596e-009
-1.835	7.21339e-009
-1.834	7.42615e-009
-1.833	7.65466e-009
-1.832	7.89927e-009
-1.831	8.16032e-009
-1.83	8.43806e-009
-1.829	8.73274e-009
-1.828	9.04455e-009
-1.827	9.37362e-009
-1.826	9.72003e-009
-1.825	1.00838e-008
-1.824	1.04649e-008
-1.823	1.08632e-008
-1.822	1.12787e-008
-1.821	1.1711e-008
-1.82	1.216e-008
-1.819	1.26252e-008
-1.818	1.31064e-008
-1.817	1.36031e-008
-1.816	1.41146e-008
-1.815	1.46406e-008
-1.814	1.51803e-008
-1.813	1.57331e-008
-1.812	1.62982e-008
-1.811	1.68747e-008
-1.81	1.74619e-008
-1.809	1.80588e-008
-1.808	1.86644e-008
-1.807	1.92778e-008
-1.806	1.98979e-008
-1.805	2.05235e-008
-1.804	2.11537e-008
-1.803	2.17871e-008
-1.802	2.24226e-008
-1.801	2.3059e-008
-1.8	2.36951e-008
-1.799	2.43296e-008
-1.798	2.49612e-008
-1.797	2.55887e-008
-1.796	2.62109e-008
-1.795	2.68264e-008
-1.794	2.7434e-008
-1.793	2.80325e-008
-1.792	2.86207e-008
-1.791	2.91975e-008
-1.79	2.97617e-008
-1.789	3.03124e-008
-1.788	3.08483e-008
-1.787	3.13686e-008
-1.786	3.18723e-008
-1.785	3.23587e-008
-1.784	3.2827e-008
-1.783	3.32764e-008
-1.782	3.37065e-008
-1.781	3.41168e-008
-1.78	3.45067e-008
-1.779	3.48761e-008
-1.778	3.52248e-008
-1.777	3.55528e-008
-1.776	3.58601e-008
-1.775	3.61468e-008
-1.774	3.64133e-008
-1.773	3.66601e-008
-1.772	3.68876e-008
-1.771	3.70967e-008
-1.77	3.72882e-008
-1.769	3.7463e-008
-1.768	3.76222e-008
-1.767	3.77672e-008
-1.766	3.78993e-008
-1.765	3.80201e-008
-1.764	3.81312e-008
-1.763	3.82345e-008
-1.762	3.83319e-008
-1.761	3.84253e-008
-1.76	3.85171e-008
-1.759	3.86095e-008
-1.758	3.87049e-008
-1.757	3.88059e-008
-1.756	3.89151e-008
-1.755	3.90352e-008
-1.754	3.91689e-008
-1.753	3.93192e-008
-1.752	3.94889e-008
-1.751	3.96811e-008
-1.75	3.98988e-008
-1.749	4.01452e-008
-1.748	4.04232e-008
-1.747	4.07359e-008
-1.746	4.10867e-008
-1.745	4.14785e-008
-1.744	4.19143e-008
-1.743	4.23974e-008
-1.742	4.29306e-008
-1.741	4.35169e-008
-1.74	4.41592e-008
-1.739	4.48604e-008
-1.738	4.56229e-008
-1.737	4.64494e-008
-1.736	4.73424e-008
-1.735	4.83041e-008
-1.734	4.93367e-008
-1.733	5.04422e-008
-1.732	5.16224e-008
-1.731	5.28789e-008
-1.73	5.4213e-008
-1.729	5.56261e-008
-1.728	5.71192e-008
-1.727	5.86929e-008
-1.726	6.03479e-008
-1.725	6.20843e-008
-1.724	6.39022e-008
-1.723	6.58015e-008
-1.722	6.77814e-008
-1.721	6.98415e-008
-1.72	7.19805e-008
-1.719	7.41972e-008
-1.718	7.64901e-008
-1.717	7.88572e-008
-1.716	8.12965e-008
-1.715	8.38055e-008
-1.714	8.63817e-008
-1.713	8.90223e-008
-1.712	9.17238e-008
-1.711	9.44829e-008
-1.71	9.7296e-008
-1.709	1.00159e-007
-1.708	1.03068e-007
-1.707	1.06019e-007
-1.706	1.09008e-007
-1.705	1.12028e-007
-1.704	1.15077e-007
-1.703	1.18148e-007
-1.702	1.21238e-007
-1.701	1.24339e-007
-1.7	1.27448e-007
-1.699	1.30559e-007
-1.698	1.33666e-007
-1.697	1.36765e-007
-1.696	1.39849e-007
-1.695	1.42914e-007
-1.694	1.45954e-007
-1.693	1.48964e-007
-1.692	1.51938e-007
-1.691	1.54872e-007
-1.69	1.57761e-007
-1.689	1.60601e-007
-1.688	1.63386e-007
-1.687	1.66112e-007
-1.686	1.68777e-007
-1.685	1.71375e-007
-1.684	1.73903e-007
-1.683	1.76359e-007
-1.682	1.7874e-007
-1.681	1.81044e-007
-1.68	1.83268e-007
-1.679	1.85411e-007
-1.678	1.87471e-007
-1.677	1.89449e-007
-1.676	1.91344e-007
-1.675	1.93157e-007
-1.674	1.94888e-007
-1.673	1.96538e-007
-1.672	1.9811e-007
-1.671	1.99605e-007
-1.67	2.01027e-007
-1.669	2.02378e-007
-1.668	2.03664e-007
-1.667	2.04888e-007
-1.666	2.06056e-007
-1.665	2.07172e-007
-1.664	2.08243e-007
-1.663	2.09276e-007
-1.662	2.10277e-007
-1.661	2.11254e-007
-1.66	2.12215e-007
-1.659	2.13169e-007
-1.658	2.14123e-007
-1.657	2.15088e-007
-1.656	2.16073e-007
-1.655	2.17088e-007
-1.654	2.18143e-007
-1.653	2.19249e-007
-1.652	2.20416e-007
-1.651	2.21656e-007
-1.65	2.22979e-007
-1.649	2.24397e-007
-1.648	2.25922e-007
-1.647	2.27565e-007
-1.646	2.29336e-007
-1.645	2.31249e-007
-1.644	2.33314e-007
-1.643	2.35542e-007
-1.642	2.37944e-007
-1.641	2.40532e-007
-1.64	2.43315e-007
-1.639	2.46304e-007
-1.638	2.4951e-007
-1.637	2.5294e-007
-1.636	2.56606e-007
-1.635	2.60515e-007
-1.634	2.64675e-007
-1.633	2.69093e-007
-1.632	2.73777e-007
-1.631	2.78733e-007
-1.63	2.83967e-007
-1.629	2.89482e-007
-1.628	2.95283e-007
-1.627	3.01374e-007
-1.626	3.07757e-007
-1.625	3.14433e-007
-1.624	3.21404e-007
-1.623	3.28668e-007
-1.622	3.36225e-007
-1.621	3.44073e-007
-1.62	3.52209e-007
-1.619	3.6063e-007
-1.618	3.69331e-007
-1.617	3.78306e-007
-1.616	3.87548e-007
-1.615	3.97049e-007
-1.614	4.06804e-007
-1.613	4.168e-007
-1.612	4.27028e-007
-1.611	4.37478e-007
-1.61	4.48138e-007
-1.609	4.58995e-007
-1.608	4.70037e-007
-1.607	4.8125e-007
-1.606	4.92618e-007
-1.605	5.04127e-007
-1.604	5.15762e-007
-1.603	5.27507e-007
-1.602	5.39344e-007
-1.601	5.51258e-007
-1.6	5.63231e-007
-1.599	5.75246e-007
-1.598	5.87285e-007
-1.597	5.99332e-007
-1.596	6.11367e-007
-1.595	6.23376e-007
-1.594	6.35338e-007
-1.593	6.47239e-007
-1.592	6.5906e-007
-1.591	6.70787e-007
-1.59	6.82402e-007
-1.589	6.93892e-007
-1.588	7.05239e-007
-1.587	7.16433e-007
-1.586	7.27458e-007
-1.585	7.38302e-007
-1.584	7.48955e-007
-1.583	7.59405e-007
-1.582	7.69644e-007
-1.581	7.79662e-007
-1.58	7.89453e-007
-1.579	7.99014e-007
-1.578	8.08335e-007
-1.577	8.17417e-007
-1.576	8.26257e-007
-1.575	8.34855e-007
-1.574	8.43212e-007
-1.573	8.51332e-007
-1.572	8.59217e-007
-1.571	8.66874e-007
-1.57	8.7431e-007
-1.569	8.81534e-007
-1.568	8.88557e-007
-1.567	8.95391e-007
-1.566	9.0205e-007
-1.565	9.08549e-007
-1.564	9.14903e-007
-1.563	9.21133e-007
-1.562	9.27256e-007
-1.561	9.33295e-007
-1.56	9.39271e-007
-1.559	9.45209e-007
-1.558	9.51133e-007
-1.557	9.5707e-007
-1.556	9.63044e-007
-1.555	9.69086e-007
-1.554	9.75225e-007
-1.553	9.8149e-007
-1.552	9.87911e-007
-1.551	9.94521e-007
-1.55	1.00135e-006
-1.549	1.00843e-006
-1.548	1.0158e-006
-1.547	1.02348e-006
-1.546	1.03151e-006
-1.545	1.03992e-006
-1.544	1.04875e-006
-1.543	1.05802e-006
-1.542	1.06777e-006
-1.541	1.07803e-006
-1.54	1.08883e-006
-1.539	1.10019e-006
-1.538	1.11216e-006
-1.537	1.12474e-006
-1.536	1.13798e-006
-1.535	1.1519e-006
-1.534	1.16651e-006
-1.533	1.18184e-006
-1.532	1.19792e-006
-1.531	1.21476e-006
-1.53	1.23237e-006
-1.529	1.25077e-006
-1.528	1.26998e-006
-1.527	1.29001e-006
-1.526	1.31086e-006
-1.525	1.33254e-006
-1.524	1.35505e-006
-1.523	1.3784e-006
-1.522	1.40259e-006
-1.521	1.42761e-006
-1.52	1.45346e-006
-1.519	1.48012e-006
-1.518	1.5076e-006
-1.517	1.53587e-006
-1.516	1.56493e-006
-1.515	1.59475e-006
-1.514	1.62531e-006
-1.513	1.6566e-006
-1.512	1.68859e-006
-1.511	1.72125e-006
-1.51	1.75456e-006
-1.509	1.78848e-006
-1.508	1.82299e-006
-1.507	1.85804e-006
-1.506	1.89361e-006
-1.505	1.92965e-006
-1.504	1.96613e-006
-1.503	2.00302e-006
-1.502	2.04026e-006
-1.501	2.07782e-006
-1.5	2.11565e-006
-1.499	2.15372e-006
-1.498	2.19197e-006
-1.497	2.23038e-006
-1.496	2.26888e-006
-1.495	2.30744e-006
-1.494	2.34602e-006
-1.493	2.38458e-006
-1.492	2.42306e-006
-1.491	2.46144e-006
-1.49	2.49967e-006
-1.489	2.53771e-006
-1.488	2.57552e-006
-1.487	2.61308e-006
-1.486	2.65035e-006
-1.485	2.68729e-006
-1.484	2.72388e-006
-1.483	2.76008e-006
-1.482	2.79589e-006
-1.481	2.83126e-006
-1.48	2.86619e-006
-1.479	2.90066e-006
-1.478	2.93465e-006
-1.477	2.96816e-006
-1.476	3.00117e-006
-1.475	3.03369e-006
-1.474	3.06572e-006
-1.473	3.09725e-006
-1.472	3.12831e-006
-1.471	3.15888e-006
-1.47	3.189e-006
-1.469	3.21868e-006
-1.468	3.24794e-006
-1.467	3.2768e-006
-1.466	3.30531e-006
-1.465	3.33348e-006
-1.464	3.36135e-006
-1.463	3.38896e-006
-1.462	3.41636e-006
-1.461	3.44359e-006
-1.46	3.4707e-006
-1.459	3.49775e-006
-1.458	3.52478e-006
-1.457	3.55185e-006
-1.456	3.57903e-006
-1.455	3.60637e-006
-1.454	3.63394e-006
-1.453	3.66181e-006
-1.452	3.69004e-006
-1.451	3.7187e-006
-1.45	3.74787e-006
-1.449	3.77761e-006
-1.448	3.808e-006
-1.447	3.83911e-006
-1.446	3.87101e-006
-1.445	3.90377e-006
-1.444	3.93747e-006
-1.443	3.97218e-006
-1.442	4.00797e-006
-1.441	4.04492e-006
-1.44	4.08308e-006
-1.439	4.12252e-006
-1.438	4.16332e-006
-1.437	4.20553e-006
-1.436	4.24922e-006
-1.435	4.29443e-006
-1.434	4.34124e-006
-1.433	4.38967e-006
-1.432	4.4398e-006
-1.431	4.49165e-006
-1.43	4.54528e-006
-1.429	4.60072e-006
-1.428	4.65799e-006
-1.427	4.71714e-006
-1.426	4.77818e-006
-1.425	4.84114e-006
-1.424	4.90602e-006
-1.423	4.97284e-006
-1.422	5.04161e-006
-1.421	5.11232e-006
-1.42	5.18498e-006
-1.419	5.25956e-006
-1.418	5.33606e-006
-1.417	5.41446e-006
-1.416	5.49473e-006
-1.415	5.57684e-006
-1.414	5.66077e-006
-1.413	5.74648e-006
-1.412	5.83392e-006
-1.411	5.92304e-006
-1.41	6.01379e-006
-1.409	6.10613e-006
-1.408	6.19999e-006
-1.407	6.29531e-006
-1.406	6.39202e-006
-1.405	6.49006e-006
-1.404	6.58935e-006
-1.403	6.68982e-006
-1.402	6.7914e-006
-1.401	6.89401e-006
-1.4	6.99756e-006
-1.399	7.10198e-006
-1.398	7.20718e-006
-1.397	7.31309e-006
-1.396	7.41962e-006
-1.395	7.5267e-006
-1.394	7.63421e-006
-1.393	7.74212e-006
-1.392	7.85031e-006
-1.391	7.95872e-006
-1.39	8.06727e-006
-1.389	8.1759e-006
-1.388	8.28451e-006
-1.387	8.39305e-006
-1.386	8.50146e-006
-1.385	8.60966e-006
-1.384	8.71762e-006
-1.383	8.82527e-006
-1.382	8.93254e-006
-1.381	9.03943e-006
-1.38	9.14586e-006
-1.379	9.25183e-006
-1.378	9.35729e-006
-1.377	9.46223e-006
-1.376	9.56663e-006
-1.375	9.67046e-006
-1.374	9.77375e-006
-1.373	9.87647e-006
-1.372	9.97866e-006
-1.371	1.00803e-005
-1.37	1.01815e-005
-1.369	1.02822e-005
-1.368	1.03824e-005
-1.367	1.04822e-005
-1.366	1.05817e-005
-1.365	1.06809e-005
-1.364	1.07798e-005
-1.363	1.08786e-005
-1.362	1.09773e-005
-1.361	1.10759e-005
-1.36	1.11747e-005
-1.359	1.12735e-005
-1.358	1.13727e-005
-1.357	1.14721e-005
-1.356	1.15721e-005
-1.355	1.16726e-005
-1.354	1.17738e-005
-1.353	1.18757e-005
-1.352	1.19786e-005
-1.351	1.20826e-005
-1.35	1.21876e-005
-1.349	1.2294e-005
-1.348	1.24018e-005
-1.347	1.25111e-005
-1.346	1.26221e-005
-1.345	1.2735e-005
-1.344	1.28497e-005
-1.343	1.29665e-005
-1.342	1.30855e-005
-1.341	1.32069e-005
-1.34	1.33306e-005
-1.339	1.3457e-005
-1.338	1.3586e-005
-1.337	1.37178e-005
-1.336	1.38526e-005
-1.335	1.39904e-005
-1.334	1.41313e-005
-1.333	1.42754e-005
-1.332	1.44229e-005
-1.331	1.45737e-005
-1.33	1.4728e-005
-1.329	1.4886e-005
-1.328	1.50475e-005
-1.327	1.52128e-005
-1.326	1.53817e-005
-1.325	1.55546e-005
-1.324	1.57312e-005
-1.323	1.59117e-005
-1.322	1.60961e-005
-1.321	1.62845e-005
-1.32	1.64768e-005
-1.319	1.6673e-005
-1.318	1.68731e-005
-1.317	1.70772e-005
-1.316	1.72851e-005
-1.315	1.7497e-005
-1.314	1.77126e-005
-1.313	1.79321e-005
-1.312	1.81553e-005
-1.311	1.83821e-005
-1.31	1.86126e-005
-1.309	1.88467e-005
-1.308	1.90842e-005
-1.307	1.93251e-005
-1.306	1.95693e-005
-1.305	1.98168e-005
-1.304	2.00673e-005
-1.303	2.03209e-005
-1.302	2.05774e-005
-1.301	2.08367e-005
-1.3	2.10987e-005
-1.299	2.13632e-005
-1.298	2.16303e-005
-1.297	2.18997e-005
-1.296	2.21714e-005
-1.295	2.24452e-005
-1.294	2.27209e-005
-1.293	2.29986e-005
-1.292	2.32781e-005
-1.291	2.35593e-005
-1.29	2.3842e-005
-1.289	2.41261e-005
-1.288	2.44117e-005
-1.287	2.46985e-005
-1.286	2.49864e-005
-1.285	2.52754e-005
-1.284	2.55655e-005
-1.283	2.58564e-005
-1.282	2.61482e-005
-1.281	2.64408e-005
-1.28	2.67341e-005
-1.279	2.70281e-005
-1.278	2.73227e-005
-1.277	2.76179e-005
-1.276	2.79138e-005
-1.275	2.82102e-005
-1.274	2.85071e-005
-1.273	2.88046e-005
-1.272	2.91027e-005
-1.271	2.94014e-005
-1.27	2.97007e-005
-1.269	3.00007e-005
-1.268	3.03014e-005
-1.267	3.06028e-005
-1.266	3.09051e-005
-1.265	3.12084e-005
-1.264	3.15126e-005
-1.263	3.18179e-005
-1.262	3.21245e-005
-1.261	3.24323e-005
-1.26	3.27416e-005
-1.259	3.30525e-005
-1.258	3.33651e-005
-1.257	3.36795e-005
-1.256	3.39959e-005
-1.255	3.43144e-005
-1.254	3.46353e-005
-1.253	3.49587e-005
-1.252	3.52847e-005
-1.251	3.56135e-005
-1.25	3.59454e-005
-1.249	3.62804e-005
-1.248	3.66188e-005
-1.247	3.69608e-005
-1.246	3.73066e-005
-1.245	3.76563e-005
-1.244	3.80102e-005
-1.243	3.83684e-005
-1.242	3.87311e-005
-1.241	3.90986e-005
-1.24	3.9471e-005
-1.239	3.98484e-005
-1.238	4.02312e-005
-1.237	4.06193e-005
-1.236	4.10132e-005
-1.235	4.14129e-005
-1.234	4.18184e-005
-1.233	4.22302e-005
-1.232	4.26482e-005
-1.231	4.30727e-005
-1.23	4.35037e-005
-1.229	4.39415e-005
-1.228	4.43861e-005
-1.227	4.48376e-005
-1.226	4.52962e-005
-1.225	4.5762e-005
-1.224	4.6235e-005
-1.223	4.67153e-005
-1.222	4.72031e-005
-1.221	4.76983e-005
-1.22	4.82011e-005
-1.219	4.87115e-005
-1.218	4.92295e-005
-1.217	4.97551e-005
-1.216	5.02884e-005
-1.215	5.08293e-005
-1.214	5.1378e-005
-1.213	5.19343e-005
-1.212	5.24982e-005
-1.211	5.30698e-005
-1.21	5.3649e-005
-1.209	5.42357e-005
-1.208	5.48299e-005
-1.207	5.54316e-005
-1.206	5.60407e-005
-1.205	5.6657e-005
-1.204	5.72806e-005
-1.203	5.79114e-005
-1.202	5.85493e-005
-1.201	5.91942e-005
-1.2	5.9846e-005
-1.199	6.05046e-005
-1.198	6.117e-005
-1.197	6.18419e-005
-1.196	6.25204e-005
-1.195	6.32054e-005
-1.194	6.38965e-005
-1.193	6.4594e-005
-1.192	6.52976e-005
-1.191	6.60071e-005
-1.19	6.67228e-005
-1.189	6.74442e-005
-1.188	6.81714e-005
-1.187	6.89042e-005
-1.186	6.96427e-005
-1.185	7.03867e-005
-1.184	7.11361e-005
-1.183	7.18911e-005
-1.182	7.26512e-005
-1.181	7.34168e-005
-1.18	7.41877e-005
-1.179	7.49638e-005
-1.178	7.5745e-005
-1.177	7.65316e-005
-1.176	7.73232e-005
-1.175	7.81201e-005
-1.174	7.89222e-005
-1.173	7.97297e-005
-1.172	8.05424e-005
-1.171	8.13604e-005
-1.17	8.21839e-005
-1.169	8.30128e-005
-1.168	8.38473e-005
-1.167	8.46874e-005
-1.166	8.55332e-005
-1.165	8.63849e-005
-1.164	8.72425e-005
-1.163	8.81062e-005
-1.162	8.89761e-005
-1.161	8.98524e-005
-1.16	9.07352e-005
-1.159	9.16248e-005
-1.158	9.25213e-005
-1.157	9.34247e-005
-1.156	9.43355e-005
-1.155	9.52537e-005
-1.154	9.61795e-005
-1.153	9.71132e-005
-1.152	9.8055e-005
-1.151	9.90051e-005
-1.15	9.99638e-005
-1.149	0.000100931
-1.148	0.000101908
-1.147	0.000102893
-1.146	0.000103889
-1.145	0.000104894
-1.144	0.000105909
-1.143	0.000106934
-1.142	0.00010797
-1.141	0.000109016
-1.14	0.000110074
-1.139	0.000111143
-1.138	0.000112223
-1.137	0.000113316
-1.136	0.00011442
-1.135	0.000115536
-1.134	0.000116665
-1.133	0.000117807
-1.132	0.000118962
-1.131	0.000120129
-1.13	0.000121311
-1.129	0.000122506
-1.128	0.000123715
-1.127	0.000124938
-1.126	0.000126175
-1.125	0.000127426
-1.124	0.000128692
-1.123	0.000129974
-1.122	0.00013127
-1.121	0.000132581
-1.12	0.000133907
-1.119	0.000135249
-1.118	0.000136607
-1.117	0.00013798
-1.116	0.000139369
-1.115	0.000140774
-1.114	0.000142196
-1.113	0.000143633
-1.112	0.000145087
-1.111	0.000146557
-1.11	0.000148044
-1.109	0.000149547
-1.108	0.000151067
-1.107	0.000152604
-1.106	0.000154157
-1.105	0.000155728
-1.104	0.000157315
-1.103	0.000158919
-1.102	0.00016054
-1.101	0.000162179
-1.1	0.000163834
-1.099	0.000165507
-1.098	0.000167196
-1.097	0.000168904
-1.096	0.000170628
-1.095	0.000172369
-1.094	0.000174128
-1.093	0.000175904
-1.092	0.000177698
-1.091	0.000179509
-1.09	0.000181338
-1.089	0.000183184
-1.088	0.000185048
-1.087	0.00018693
-1.086	0.000188829
-1.085	0.000190746
-1.084	0.000192681
-1.083	0.000194633
-1.082	0.000196604
-1.081	0.000198593
-1.08	0.0002006
-1.079	0.000202626
-1.078	0.000204669
-1.077	0.000206732
-1.076	0.000208812
-1.075	0.000210912
-1.074	0.00021303
-1.073	0.000215167
-1.072	0.000217324
-1.071	0.0002195
-1.07	0.000221696
-1.069	0.000223911
-1.068	0.000226145
-1.067	0.0002284
-1.066	0.000230675
-1.065	0.000232971
-1.064	0.000235287
-1.063	0.000237624
-1.062	0.000239982
-1.061	0.000242362
-1.06	0.000244763
-1.059	0.000247186
-1.058	0.00024963
-1.057	0.000252098
-1.056	0.000254588
-1.055	0.000257101
-1.054	0.000259637
-1.053	0.000262197
-1.052	0.000264781
-1.051	0.000267389
-1.05	0.000270021
-1.049	0.000272678
-1.048	0.00027536
-1.047	0.000278068
-1.046	0.000280801
-1.045	0.000283561
-1.044	0.000286347
-1.043	0.00028916
-1.042	0.000292
-1.041	0.000294868
-1.04	0.000297764
-1.039	0.000300688
-1.038	0.00030364
-1.037	0.000306622
-1.036	0.000309632
-1.035	0.000312673
-1.034	0.000315744
-1.033	0.000318845
-1.032	0.000321977
-1.031	0.00032514
-1.03	0.000328335
-1.029	0.000331562
-1.028	0.000334821
-1.027	0.000338113
-1.026	0.000341438
-1.025	0.000344797
-1.024	0.00034819
-1.023	0.000351616
-1.022	0.000355078
-1.021	0.000358574
-1.02	0.000362106
-1.019	0.000365674
-1.018	0.000369278
-1.017	0.000372918
-1.016	0.000376595
-1.015	0.000380309
-1.014	0.000384062
-1.013	0.000387852
-1.012	0.000391681
-1.011	0.000395549
-1.01	0.000399455
-1.009	0.000403401
-1.008	0.000407387
-1.007	0.000411414
-1.006	0.000415482
-1.005	0.00041959
-1.004	0.00042374
-1.003	0.000427932
-1.002	0.000432166
-1.001	0.000436443
-1	0.000440763
-0.999	0.000445126
-0.998	0.000449533
-0.997	0.000453985
-0.996	0.000458481
-0.995	0.000463022
-0.994	0.000467609
-0.993	0.000472242
-0.992	0.000476921
-0.991	0.000481647
-0.99	0.00048642
-0.989	0.000491241
-0.988	0.00049611
-0.987	0.000501027
-0.986	0.000505993
-0.985	0.000511009
-0.984	0.000516075
-0.983	0.000521191
-0.982	0.000526357
-0.981	0.000531575
-0.98	0.000536845
-0.979	0.000542166
-0.978	0.000547541
-0.977	0.000552968
-0.976	0.000558449
-0.975	0.000563985
-0.974	0.000569575
-0.973	0.000575219
-0.972	0.00058092
-0.971	0.000586677
-0.97	0.00059249
-0.969	0.000598361
-0.968	0.00060429
-0.967	0.000610276
-0.966	0.000616321
-0.965	0.000622426
-0.964	0.000628591
-0.963	0.000634816
-0.962	0.000641102
-0.961	0.00064745
-0.96	0.00065386
-0.959	0.000660333
-0.958	0.000666868
-0.957	0.000673468
-0.956	0.000680132
-0.955	0.000686862
-0.954	0.000693657
-0.953	0.000700518
-0.952	0.000707446
-0.951	0.000714442
-0.95	0.000721505
-0.949	0.000728637
-0.948	0.000735839
-0.947	0.000743112
-0.946	0.000750454
-0.945	0.000757868
-0.944	0.000765354
-0.943	0.000772913
-0.942	0.000780546
-0.941	0.000788251
-0.94	0.000796032
-0.939	0.000803888
-0.938	0.00081182
-0.937	0.00081983
-0.936	0.000827918
-0.935	0.000836083
-0.934	0.000844327
-0.933	0.000852652
-0.932	0.000861057
-0.931	0.000869543
-0.93	0.000878112
-0.929	0.000886764
-0.928	0.000895499
-0.927	0.000904319
-0.926	0.000913226
-0.925	0.000922217
-0.924	0.000931296
-0.923	0.000940464
-0.922	0.00094972
-0.921	0.000959067
-0.92	0.000968504
-0.919	0.000978032
-0.918	0.000987653
-0.917	0.000997368
-0.916	0.00100718
-0.915	0.00101708
-0.914	0.00102708
-0.913	0.00103718
-0.912	0.00104738
-0.911	0.00105768
-0.91	0.00106808
-0.909	0.00107857
-0.908	0.00108918
-0.907	0.00109988
-0.906	0.00111069
-0.905	0.00112161
-0.904	0.00113264
-0.903	0.00114377
-0.902	0.00115501
-0.901	0.00116637
-0.9	0.00117783
-0.899	0.00118941
-0.898	0.0012011
-0.897	0.00121291
-0.896	0.00122484
-0.895	0.00123688
-0.894	0.00124904
-0.893	0.00126133
-0.892	0.00127373
-0.891	0.00128626
-0.89	0.00129891
-0.889	0.00131169
-0.888	0.0013246
-0.887	0.00133764
-0.886	0.0013508
-0.885	0.0013641
-0.884	0.00137753
-0.883	0.00139109
-0.882	0.00140479
-0.881	0.00141863
-0.88	0.0014326
-0.879	0.00144672
-0.878	0.00146098
-0.877	0.00147537
-0.876	0.00148992
-0.875	0.00150461
-0.874	0.00151944
-0.873	0.00153443
-0.872	0.00154956
-0.871	0.00156485
-0.87	0.00158029
-0.869	0.00159588
-0.868	0.00161163
-0.867	0.00162754
-0.866	0.0016436
-0.865	0.00165983
-0.864	0.00167622
-0.863	0.00169277
-0.862	0.00170949
-0.861	0.00172638
-0.86	0.00174343
-0.859	0.00176065
-0.858	0.00177805
-0.857	0.00179562
-0.856	0.00181336
-0.855	0.00183128
-0.854	0.00184938
-0.853	0.00186766
-0.852	0.00188611
-0.851	0.00190476
-0.85	0.00192358
-0.849	0.00194259
-0.848	0.00196179
-0.847	0.00198118
-0.846	0.00200076
-0.845	0.00202054
-0.844	0.00204051
-0.843	0.00206067
-0.842	0.00208103
-0.841	0.0021016
-0.84	0.00212236
-0.839	0.00214333
-0.838	0.00216451
-0.837	0.00218589
-0.836	0.00220748
-0.835	0.00222928
-0.834	0.0022513
-0.833	0.00227353
-0.832	0.00229598
-0.831	0.00231865
-0.83	0.00234153
-0.829	0.00236465
-0.828	0.00238798
-0.827	0.00241155
-0.826	0.00243534
-0.825	0.00245937
-0.824	0.00248363
-0.823	0.00250812
-0.822	0.00253286
-0.821	0.00255783
-0.82	0.00258305
-0.819	0.00260851
-0.818	0.00263422
-0.817	0.00266019
-0.816	0.0026864
-0.815	0.00271287
-0.814	0.00273959
-0.813	0.00276659
-0.812	0.00279384
-0.811	0.00282135
-0.81	0.00284914
-0.809	0.00287719
-0.808	0.00290552
-0.807	0.00293413
-0.806	0.00296301
-0.805	0.00299218
-0.804	0.00302163
-0.803	0.00305137
-0.802	0.00308141
-0.801	0.00311173
-0.8	0.00314236
-0.799	0.00317328
-0.798	0.00320451
-0.797	0.00323605
-0.796	0.00326789
-0.795	0.00330005
-0.794	0.00333253
-0.793	0.00336533
-0.792	0.00339844
-0.791	0.00343189
-0.79	0.00346566
-0.789	0.00349977
-0.788	0.00353422
-0.787	0.00356901
-0.786	0.00360414
-0.785	0.00363962
-0.784	0.00367545
-0.783	0.00371164
-0.782	0.00374819
-0.781	0.00378509
-0.78	0.00382237
-0.779	0.00386002
-0.778	0.00389804
-0.777	0.00393644
-0.776	0.00397522
-0.775	0.00401438
-0.774	0.00405394
-0.773	0.00409388
-0.772	0.00413423
-0.771	0.00417498
-0.77	0.00421614
-0.769	0.0042577
-0.768	0.00429968
-0.767	0.00434208
-0.766	0.0043849
-0.765	0.00442814
-0.764	0.00447181
-0.763	0.00451593
-0.762	0.00456048
-0.761	0.00460548
-0.76	0.00465092
-0.759	0.00469681
-0.758	0.00474317
-0.757	0.00478998
-0.756	0.00483726
-0.755	0.00488501
-0.754	0.00493323
-0.753	0.00498193
-0.752	0.00503112
-0.751	0.00508079
-0.75	0.00513096
-0.749	0.00518162
-0.748	0.00523279
-0.747	0.00528446
-0.746	0.00533665
-0.745	0.00538935
-0.744	0.00544258
-0.743	0.00549633
-0.742	0.00555061
-0.741	0.00560543
-0.74	0.00566079
-0.739	0.0057167
-0.738	0.00577317
-0.737	0.00583018
-0.736	0.00588777
-0.735	0.00594592
-0.734	0.00600464
-0.733	0.00606394
-0.732	0.00612382
-0.731	0.00618429
-0.73	0.00624536
-0.729	0.00630704
-0.728	0.00636931
-0.727	0.0064322
-0.726	0.00649571
-0.725	0.00655985
-0.724	0.00662462
-0.723	0.00669001
-0.722	0.00675605
-0.721	0.00682274
-0.72	0.0068901
-0.719	0.0069581
-0.718	0.00702678
-0.717	0.00709612
-0.716	0.00716616
-0.715	0.00723687
-0.714	0.00730829
-0.713	0.0073804
-0.712	0.00745322
-0.711	0.00752675
-0.71	0.00760101
-0.709	0.007676
-0.708	0.00775172
-0.707	0.00782818
-0.706	0.0079054
-0.705	0.00798338
-0.704	0.00806211
-0.703	0.00814163
-0.702	0.00822192
-0.701	0.008303
-0.7	0.00838488
-0.699	0.00846756
-0.698	0.00855106
-0.697	0.00863538
-0.696	0.00872053
-0.695	0.00880652
-0.694	0.00889335
-0.693	0.00898103
-0.692	0.00906959
-0.691	0.00915901
-0.69	0.0092493
-0.689	0.00934049
-0.688	0.00943259
-0.687	0.00952558
-0.686	0.00961949
-0.685	0.00971434
-0.684	0.00981011
-0.683	0.00990683
-0.682	0.0100045
-0.681	0.0101031
-0.68	0.0102028
-0.679	0.0103034
-0.678	0.010405
-0.677	0.0105075
-0.676	0.0106111
-0.675	0.0107158
-0.674	0.0108215
-0.673	0.0109282
-0.672	0.0110359
-0.671	0.0111448
-0.67	0.0112547
-0.669	0.0113657
-0.668	0.0114778
-0.667	0.011591
-0.666	0.0117053
-0.665	0.0118207
-0.664	0.0119374
-0.663	0.0120551
-0.662	0.012174
-0.661	0.0122941
-0.66	0.0124154
-0.659	0.0125379
-0.658	0.0126616
-0.657	0.0127866
-0.656	0.0129127
-0.655	0.0130401
-0.654	0.0131688
-0.653	0.0132988
-0.652	0.01343
-0.651	0.0135626
-0.65	0.0136964
-0.649	0.0138316
-0.648	0.0139681
-0.647	0.014106
-0.646	0.0142452
-0.645	0.0143858
-0.644	0.0145279
-0.643	0.0146713
-0.642	0.0148161
-0.641	0.0149624
-0.64	0.0151101
-0.639	0.0152592
-0.638	0.0154099
-0.637	0.015562
-0.636	0.0157157
-0.635	0.0158708
-0.634	0.0160275
-0.633	0.0161858
-0.632	0.0163456
-0.631	0.016507
-0.63	0.0166699
-0.629	0.0168345
-0.628	0.0170007
-0.627	0.0171686
-0.626	0.0173381
-0.625	0.0175093
-0.624	0.0176822
-0.623	0.0178568
-0.622	0.0180331
-0.621	0.0182111
-0.62	0.0183909
-0.619	0.0185725
-0.618	0.0187559
-0.617	0.0189411
-0.616	0.0191281
-0.615	0.0193169
-0.614	0.0195076
-0.613	0.0197003
-0.612	0.0198948
-0.611	0.0200912
-0.61	0.0202895
-0.609	0.0204898
-0.608	0.0206921
-0.607	0.0208964
-0.606	0.0211027
-0.605	0.021311
-0.604	0.0215214
-0.603	0.0217338
-0.602	0.0219484
-0.601	0.022165
-0.6	0.0223838
-0.599	0.0226048
-0.598	0.0228279
-0.597	0.0230532
-0.596	0.0232808
-0.595	0.0235106
-0.594	0.0237426
-0.593	0.023977
-0.592	0.0242136
-0.591	0.0244526
-0.59	0.024694
-0.589	0.0249377
-0.588	0.0251838
-0.587	0.0254324
-0.586	0.0256833
-0.585	0.0259368
-0.584	0.0261928
-0.583	0.0264513
-0.582	0.0267123
-0.581	0.0269759
-0.58	0.0272422
-0.579	0.027511
-0.578	0.0277825
-0.577	0.0280567
-0.576	0.0283335
-0.575	0.0286132
-0.574	0.0288955
-0.573	0.0291807
-0.572	0.0294686
-0.571	0.0297594
-0.57	0.0300531
-0.569	0.0303496
-0.568	0.0306491
-0.567	0.0309516
-0.566	0.031257
-0.565	0.0315655
-0.564	0.0318769
-0.563	0.0321915
-0.562	0.0325092
-0.561	0.03283
-0.56	0.0331539
-0.559	0.0334811
-0.558	0.0338115
-0.557	0.0341452
-0.556	0.0344821
-0.555	0.0348224
-0.554	0.0351661
-0.553	0.0355131
-0.552	0.0358636
-0.551	0.0362175
-0.55	0.036575
-0.549	0.0369359
-0.548	0.0373005
-0.547	0.0376686
-0.546	0.0380404
-0.545	0.0384158
-0.544	0.0387949
-0.543	0.0391779
-0.542	0.0395645
-0.541	0.0399551
-0.54	0.0403494
-0.539	0.0407477
-0.538	0.0411499
-0.537	0.0415561
-0.536	0.0419663
-0.535	0.0423805
-0.534	0.0427989
-0.533	0.0432214
-0.532	0.0436481
-0.531	0.0440789
-0.53	0.0445141
-0.529	0.0449535
-0.528	0.0453973
-0.527	0.0458455
-0.526	0.0462981
-0.525	0.0467552
-0.524	0.0472168
-0.523	0.0476829
-0.522	0.0481537
-0.521	0.0486291
-0.52	0.0491092
-0.519	0.0495941
-0.518	0.0500837
-0.517	0.0505782
-0.516	0.0510776
-0.515	0.0515819
-0.514	0.0520911
-0.513	0.0526054
-0.512	0.0531248
-0.511	0.0536493
-0.51	0.054179
-0.509	0.054714
-0.508	0.0552542
-0.507	0.0557997
-0.506	0.0563506
-0.505	0.056907
-0.504	0.0574688
-0.503	0.0580362
-0.502	0.0586092
-0.501	0.0591879
-0.5	0.0597723
-0.499	0.0603624
-0.498	0.0609583
-0.497	0.0615602
-0.496	0.0621679
-0.495	0.0627817
-0.494	0.0634015
-0.493	0.0640275
-0.492	0.0646597
-0.491	0.065298
-0.49	0.0659426
-0.489	0.0665936
-0.488	0.0672511
-0.487	0.067915
-0.486	0.0685855
-0.485	0.0692625
-0.484	0.0699463
-0.483	0.0706368
-0.482	0.0713342
-0.481	0.0720384
-0.48	0.0727496
-0.479	0.0734677
-0.478	0.074193
-0.477	0.0749254
-0.476	0.0756651
-0.475	0.076412
-0.474	0.0771663
-0.473	0.0779281
-0.472	0.0786973
-0.471	0.0794742
-0.47	0.0802587
-0.469	0.081051
-0.468	0.0818511
-0.467	0.0826591
-0.466	0.083475
-0.465	0.084299
-0.464	0.0851311
-0.463	0.0859714
-0.462	0.0868201
-0.461	0.087677
-0.46	0.0885424
-0.459	0.0894165
-0.458	0.0902991
-0.457	0.0911905
-0.456	0.0920906
-0.455	0.0929996
-0.454	0.0939175
-0.453	0.0948445
-0.452	0.0957807
-0.451	0.0967261
-0.45	0.0976808
-0.449	0.098645
-0.448	0.0996186
-0.447	0.100602
-0.446	0.101595
-0.445	0.102598
-0.444	0.10361
-0.443	0.104633
-0.442	0.105666
-0.441	0.106709
-0.44	0.107762
-0.439	0.108826
-0.438	0.1099
-0.437	0.110985
-0.436	0.11208
-0.435	0.113186
-0.434	0.114304
-0.433	0.115432
-0.432	0.116571
-0.431	0.117722
-0.43	0.118884
-0.429	0.120057
-0.428	0.121242
-0.427	0.122439
-0.426	0.123648
-0.425	0.124868
-0.424	0.126101
-0.423	0.127346
-0.422	0.128603
-0.421	0.129872
-0.42	0.131154
-0.419	0.132449
-0.418	0.133757
-0.417	0.135077
-0.416	0.136411
-0.415	0.137757
-0.414	0.139162
-0.413	0.140675
-0.412	0.142296
-0.411	0.144026
-0.41	0.145865
-0.409	0.147815
-0.408	0.149876
-0.407	0.152047
-0.406	0.154329
-0.405	0.156721
-0.404	0.159223
-0.403	0.161833
-0.402	0.164552
-0.401	0.167377
-0.4	0.170307
-0.399	0.173342
-0.398	0.176478
-0.397	0.179714
-0.396	0.183048
-0.395	0.186478
-0.394	0.190001
-0.393	0.193615
-0.392	0.197316
-0.391	0.201102
-0.39	0.20497
-0.389	0.208916
-0.388	0.212938
-0.387	0.217031
-0.386	0.221192
-0.385	0.225419
-0.384	0.229706
-0.383	0.23405
-0.382	0.238447
-0.381	0.242894
-0.38	0.247386
-0.379	0.25192
-0.378	0.256491
-0.377	0.261095
-0.376	0.265729
-0.375	0.270388
-0.374	0.275068
-0.373	0.279766
-0.372	0.284477
-0.371	0.289198
-0.37	0.293924
-0.369	0.298653
-0.368	0.303379
-0.367	0.308101
-0.366	0.312813
-0.365	0.317515
-0.364	0.322253
-0.363	0.327083
-0.362	0.331996
-0.361	0.336983
-0.36	0.342039
-0.359	0.347154
-0.358	0.352322
-0.357	0.357534
-0.356	0.362782
-0.355	0.368058
-0.354	0.373355
-0.353	0.378663
-0.352	0.383975
-0.351	0.389283
-0.35	0.394578
-0.349	0.399853
-0.348	0.405098
-0.347	0.410308
-0.346	0.415472
-0.345	0.420584
-0.344	0.425635
-0.343	0.430617
-0.342	0.435525
-0.341	0.440348
-0.34	0.445081
-0.339	0.449716
-0.338	0.454246
-0.337	0.458663
-0.336	0.462962
-0.335	0.467136
-0.334	0.471178
-0.333	0.475083
-0.332	0.478844
-0.331	0.482455
-0.33	0.485913
-0.329	0.48921
-0.328	0.492343
-0.327	0.495306
-0.326	0.498095
-0.325	0.500707
-0.324	0.503137
-0.323	0.505381
-0.322	0.507437
-0.321	0.509301
-0.32	0.510971
-0.319	0.512446
-0.318	0.513721
-0.317	0.514797
-0.316	0.51567
-0.315	0.516342
-0.314	0.516811
-0.313	0.517076
-0.312	0.517136
-0.311	0.516994
-0.31	0.51665
-0.309	0.516103
-0.308	0.515356
-0.307	0.514409
-0.306	0.513265
-0.305	0.511927
-0.304	0.510395
-0.303	0.508674
-0.302	0.506767
-0.301	0.504677
-0.3	0.502407
-0.299	0.499962
-0.298	0.497346
-0.297	0.494562
-0.296	0.491618
-0.295	0.488516
-0.294	0.485263
-0.293	0.481865
-0.292	0.478326
-0.291	0.474654
-0.29	0.470854
-0.289	0.466933
-0.288	0.462898
-0.287	0.458754
-0.286	0.45451
-0.285	0.450172
-0.284	0.445749
-0.283	0.441246
-0.282	0.436672
-0.281	0.432035
-0.28	0.427342
-0.279	0.422601
-0.278	0.417821
-0.277	0.413008
-0.276	0.408172
-0.275	0.403321
-0.274	0.398462
-0.273	0.393603
-0.272	0.388754
-0.271	0.38392
-0.27	0.379114
-0.269	0.374339
-0.268	0.369606
-0.267	0.364922
-0.266	0.360295
-0.265	0.355733
-0.264	0.351243
-0.263	0.346834
-0.262	0.342512
-0.261	0.338285
-0.26	0.334159
-0.259	0.330144
-0.258	0.326243
-0.257	0.322465
-0.256	0.318815
-0.255	0.315301
-0.254	0.311928
-0.253	0.308702
-0.252	0.305627
-0.251	0.302711
-0.25	0.299958
-0.249	0.297371
-0.248	0.294957
-0.247	0.292719
-0.246	0.290662
-0.245	0.288787
-0.244	0.287101
-0.243	0.285605
-0.242	0.284302
-0.241	0.283194
-0.24	0.282285
-0.239	0.281575
-0.238	0.281066
-0.237	0.280759
-0.236	0.280656
-0.235	0.280757
-0.234	0.28106
-0.233	0.281568
-0.232	0.28228
-0.231	0.283194
-0.23	0.28431
-0.229	0.285626
-0.228	0.287139
-0.227	0.288851
-0.226	0.290755
-0.225	0.292851
-0.224	0.295135
-0.223	0.297605
-0.222	0.300256
-0.221	0.303085
-0.22	0.306088
-0.219	0.309259
-0.218	0.312595
-0.217	0.31609
-0.216	0.319739
-0.215	0.323537
-0.214	0.327479
-0.213	0.331558
-0.212	0.335767
-0.211	0.340101
-0.21	0.344554
-0.209	0.349118
-0.208	0.353786
-0.207	0.358551
-0.206	0.363406
-0.205	0.368344
-0.204	0.373358
-0.203	0.378438
-0.202	0.383579
-0.201	0.388772
-0.2	0.394009
-0.199	0.399281
-0.198	0.404581
-0.197	0.409902
-0.196	0.415234
-0.195	0.420569
-0.194	0.4259
-0.193	0.431218
-0.192	0.436516
-0.191	0.441784
-0.19	0.447015
-0.189	0.452202
-0.188	0.457336
-0.187	0.462408
-0.186	0.467412
-0.185	0.472341
-0.184	0.477185
-0.183	0.481938
-0.182	0.486593
-0.181	0.491144
-0.18	0.495581
-0.179	0.4999
-0.178	0.504094
-0.177	0.508156
-0.176	0.51208
-0.175	0.515859
-0.174	0.519491
-0.173	0.522966
-0.172	0.526283
-0.171	0.529435
-0.17	0.532416
-0.169	0.535224
-0.168	0.537854
-0.167	0.540301
-0.166	0.542564
-0.165	0.544639
-0.164	0.546521
-0.163	0.548208
-0.162	0.549701
-0.161	0.550995
-0.16	0.552088
-0.159	0.55298
-0.158	0.553669
-0.157	0.554156
-0.156	0.554438
-0.155	0.554518
-0.154	0.554393
-0.153	0.554067
-0.152	0.553537
-0.151	0.552808
-0.15	0.55188
-0.149	0.550754
-0.148	0.549434
-0.147	0.547921
-0.146	0.546219
-0.145	0.54433
-0.144	0.542259
-0.143	0.540007
-0.142	0.537582
-0.141	0.534984
-0.14	0.532221
-0.139	0.529296
-0.138	0.526214
-0.137	0.522981
-0.136	0.519603
-0.135	0.516084
-0.134	0.512433
-0.133	0.508654
-0.132	0.504754
-0.131	0.500739
-0.13	0.496617
-0.129	0.492396
-0.128	0.488079
-0.127	0.483678
-0.126	0.479197
-0.125	0.474646
-0.124	0.470031
-0.123	0.465362
-0.122	0.460644
-0.121	0.455888
-0.12	0.4511
-0.119	0.446287
-0.118	0.44146
-0.117	0.436625
-0.116	0.431792
-0.115	0.426967
-0.114	0.42216
-0.113	0.417379
-0.112	0.41263
-0.111	0.407923
-0.11	0.403267
-0.109	0.398665
-0.108	0.394131
-0.107	0.389668
-0.106	0.385286
-0.105	0.380992
-0.104	0.376792
-0.103	0.372695
-0.102	0.368708
-0.101	0.364835
-0.1	0.361086
