-4	0
-3.999	0
-3.998	0
-3.997	0
-3.996	0
-3.995	0
-3.994	0
-3.993	0
-3.992	0
-3.991	0
-3.99	0
-3.989	0
-3.988	0
-3.987	0
-3.986	0
-3.985	0
-3.984	0
-3.983	0
-3.982	0
-3.981	0
-3.98	0
-3.979	0
-3.978	0
-3.977	0
-3.976	0
-3.975	0
-3.974	0
-3.973	0
-3.972	0
-3.971	0
-3.97	0
-3.969	0
-3.968	0
-3.967	0
-3.966	0
-3.965	0
-3.964	0
-3.963	0
-3.962	0
-3.961	0
-3.96	0
-3.959	0
-3.958	0
-3.957	0
-3.956	0
-3.955	0
-3.954	0
-3.953	0
-3.952	0
-3.951	0
-3.95	0
-3.949	0
-3.948	0
-3.947	0
-3.946	0
-3.945	0
-3.944	0
-3.943	0
-3.942	0
-3.941	0
-3.94	0
-3.939	0
-3.938	0
-3.937	0
-3.936	0
-3.935	0
-3.934	0
-3.933	0
-3.932	0
-3.931	0
-3.93	0
-3.929	0
-3.928	0
-3.927	0
-3.926	0
-3.925	0
-3.924	0
-3.923	0
-3.922	0
-3.921	0
-3.92	0
-3.919	0
-3.918	0
-3.917	0
-3.916	0
-3.915	0
-3.914	0
-3.913	0
-3.912	0
-3.911	0
-3.91	0
-3.909	0
-3.908	0
-3.907	0
-3.906	0
-3.905	0
-3.904	0
-3.903	0
-3.902	0
-3.901	0
-3.9	0
-3.899	0
-3.898	0
-3.897	0
-3.896	0
-3.895	0
-3.894	0
-3.893	0
-3.892	0
-3.891	0
-3.89	0
-3.889	0
-3.888	0
-3.887	0
-3.886	0
-3.885	0
-3.884	0
-3.883	0
-3.882	0
-3.881	0
-3.88	0
-3.879	0
-3.878	0
-3.877	0
-3.876	0
-3.875	0
-3.874	0
-3.873	0
-3.872	0
-3.871	0
-3.87	0
-3.869	0
-3.868	0
-3.867	0
-3.866	0
-3.865	0
-3.864	0
-3.863	0
-3.862	0
-3.861	0
-3.86	0
-3.859	0
-3.858	0
-3.857	0
-3.856	0
-3.855	0
-3.854	0
-3.853	0
-3.852	0
-3.851	0
-3.85	0
-3.849	0
-3.848	0
-3.847	0
-3.846	0
-3.845	0
-3.844	0
-3.843	0
-3.842	0
-3.841	0
-3.84	0
-3.839	0
-3.838	0
-3.837	0
-3.836	0
-3.835	0
-3.834	0
-3.833	0
-3.832	0
-3.831	0
-3.83	0
-3.829	0
-3.828	0
-3.827	0
-3.826	0
-3.825	0
-3.824	0
-3.823	0
-3.822	0
-3.821	0
-3.82	0
-3.819	0
-3.818	0
-3.817	0
-3.816	0
-3.815	0
-3.814	0
-3.813	0
-3.812	0
-3.811	0
-3.81	0
-3.809	0
-3.808	0
-3.807	0
-3.806	0
-3.805	0
-3.804	0
-3.803	0
-3.802	0
-3.801	0
-3.8	0
-3.799	0
-3.798	0
-3.797	0
-3.796	0
-3.795	0
-3.794	0
-3.793	0
-3.792	0
-3.791	0
-3.79	0
-3.789	0
-3.788	0
-3.787	0
-3.786	0
-3.785	0
-3.784	0
-3.783	0
-3.782	0
-3.781	0
-3.78	0
-3.779	0
-3.778	0
-3.777	0
-3.776	0
-3.775	0
-3.774	0
-3.773	0
-3.772	0
-3.771	0
-3.77	0
-3.769	0
-3.768	0
-3.767	0
-3.766	0
-3.765	0
-3.764	0
-3.763	0
-3.762	0
-3.761	0
-3.76	0
-3.759	0
-3.758	0
-3.757	0
-3.756	0
-3.755	0
-3.754	0
-3.753	0
-3.752	0
-3.751	0
-3.75	0
-3.749	0
-3.748	0
-3.747	0
-3.746	0
-3.745	0
-3.744	0
-3.743	0
-3.742	0
-3.741	0
-3.74	0
-3.739	0
-3.738	0
-3.737	0
-3.736	0
-3.735	0
-3.734	0
-3.733	0
-3.732	0
-3.731	0
-3.73	0
-3.729	0
-3.728	0
-3.727	0
-3.726	0
-3.725	0
-3.724	0
-3.723	0
-3.722	0
-3.721	0
-3.72	0
-3.719	0
-3.718	0
-3.717	0
-3.716	0
-3.715	0
-3.714	0
-3.713	0
-3.712	0
-3.711	0
-3.71	0
-3.709	0
-3.708	0
-3.707	0
-3.706	0
-3.705	0
-3.704	0
-3.703	0
-3.702	0
-3.701	0
-3.7	0
-3.699	0
-3.698	0
-3.697	0
-3.696	0
-3.695	0
-3.694	0
-3.693	0
-3.692	0
-3.691	0
-3.69	0
-3.689	0
-3.688	0
-3.687	0
-3.686	0
-3.685	0
-3.684	0
-3.683	0
-3.682	0
-3.681	0
-3.68	0
-3.679	0
-3.678	0
-3.677	0
-3.676	0
-3.675	0
-3.674	0
-3.673	0
-3.672	0
-3.671	0
-3.67	0
-3.669	0
-3.668	0
-3.667	0
-3.666	0
-3.665	0
-3.664	0
-3.663	0
-3.662	0
-3.661	0
-3.66	0
-3.659	0
-3.658	0
-3.657	0
-3.656	0
-3.655	0
-3.654	0
-3.653	0
-3.652	0
-3.651	0
-3.65	0
-3.649	0
-3.648	0
-3.647	0
-3.646	0
-3.645	0
-3.644	0
-3.643	0
-3.642	0
-3.641	0
-3.64	0
-3.639	0
-3.638	0
-3.637	0
-3.636	0
-3.635	0
-3.634	0
-3.633	0
-3.632	0
-3.631	0
-3.63	0
-3.629	0
-3.628	0
-3.627	0
-3.626	0
-3.625	0
-3.624	0
-3.623	0
-3.622	0
-3.621	0
-3.62	0
-3.619	0
-3.618	0
-3.617	0
-3.616	0
-3.615	0
-3.614	0
-3.613	0
-3.612	0
-3.611	0
-3.61	0
-3.609	0
-3.608	0
-3.607	0
-3.606	0
-3.605	0
-3.604	0
-3.603	0
-3.602	0
-3.601	0
-3.6	0
-3.599	0
-3.598	0
-3.597	0
-3.596	0
-3.595	0
-3.594	0
-3.593	0
-3.592	0
-3.591	0
-3.59	0
-3.589	0
-3.588	0
-3.587	0
-3.586	0
-3.585	0
-3.584	0
-3.583	0
-3.582	0
-3.581	0
-3.58	0
-3.579	0
-3.578	0
-3.577	0
-3.576	0
-3.575	0
-3.574	0
-3.573	0
-3.572	0
-3.571	0
-3.57	0
-3.569	0
-3.568	0
-3.567	0
-3.566	0
-3.565	0
-3.564	0
-3.563	0
-3.562	0
-3.561	0
-3.56	0
-3.559	0
-3.558	0
-3.557	0
-3.556	0
-3.555	0
-3.554	0
-3.553	0
-3.552	0
-3.551	0
-3.55	0
-3.549	0
-3.548	0
-3.547	0
-3.546	0
-3.545	0
-3.544	0
-3.543	0
-3.542	0
-3.541	0
-3.54	0
-3.539	0
-3.538	0
-3.537	0
-3.536	0
-3.535	0
-3.534	0
-3.533	0
-3.532	0
-3.531	0
-3.53	0
-3.529	0
-3.528	0
-3.527	0
-3.526	0
-3.525	0
-3.524	0
-3.523	0
-3.522	0
-3.521	0
-3.52	0
-3.519	0
-3.518	0
-3.517	0
-3.516	0
-3.515	0
-3.514	0
-3.513	0
-3.512	0
-3.511	0
-3.51	0
-3.509	0
-3.508	0
-3.507	0
-3.506	0
-3.505	0
-3.504	0
-3.503	0
-3.502	0
-3.501	0
-3.5	0
-3.499	0
-3.498	0
-3.497	0
-3.496	0
-3.495	0
-3.494	0
-3.493	0
-3.492	0
-3.491	0
-3.49	0
-3.489	0
-3.488	0
-3.487	0
-3.486	0
-3.485	0
-3.484	0
-3.483	0
-3.482	0
-3.481	0
-3.48	0
-3.479	0
-3.478	0
-3.477	0
-3.476	0
-3.475	0
-3.474	0
-3.473	0
-3.472	0
-3.471	0
-3.47	0
-3.469	0
-3.468	0
-3.467	0
-3.466	0
-3.465	0
-3.464	0
-3.463	0
-3.462	0
-3.461	0
-3.46	0
-3.459	0
-3.458	0
-3.457	0
-3.456	0
-3.455	0
-3.454	0
-3.453	0
-3.452	0
-3.451	0
-3.45	0
-3.449	0
-3.448	0
-3.447	0
-3.446	0
-3.445	0
-3.444	0
-3.443	0
-3.442	0
-3.441	0
-3.44	0
-3.439	0
-3.438	0
-3.437	0
-3.436	0
-3.435	0
-3.434	0
-3.433	0
-3.432	0
-3.431	0
-3.43	0
-3.429	0
-3.428	0
-3.427	0
-3.426	0
-3.425	0
-3.424	0
-3.423	0
-3.422	0
-3.421	0
-3.42	0
-3.419	0
-3.418	0
-3.417	0
-3.416	0
-3.415	0
-3.414	0
-3.413	0
-3.412	0
-3.411	0
-3.41	0
-3.409	0
-3.408	0
-3.407	0
-3.406	0
-3.405	0
-3.404	0
-3.403	0
-3.402	0
-3.401	0
-3.4	0
-3.399	0
-3.398	0
-3.397	0
-3.396	0
-3.395	0
-3.394	0
-3.393	0
-3.392	0
-3.391	0
-3.39	0
-3.389	0
-3.388	0
-3.387	0
-3.386	0
-3.385	0
-3.384	0
-3.383	0
-3.382	0
-3.381	0
-3.38	0
-3.379	0
-3.378	0
-3.377	0
-3.376	0
-3.375	0
-3.374	0
-3.373	0
-3.372	0
-3.371	0
-3.37	0
-3.369	0
-3.368	0
-3.367	0
-3.366	0
-3.365	0
-3.364	0
-3.363	0
-3.362	0
-3.361	0
-3.36	0
-3.359	0
-3.358	0
-3.357	0
-3.356	0
-3.355	0
-3.354	0
-3.353	0
-3.352	0
-3.351	0
-3.35	0
-3.349	0
-3.348	0
-3.347	0
-3.346	0
-3.345	0
-3.344	0
-3.343	0
-3.342	0
-3.341	0
-3.34	0
-3.339	0
-3.338	0
-3.337	0
-3.336	0
-3.335	0
-3.334	0
-3.333	0
-3.332	0
-3.331	0
-3.33	0
-3.329	0
-3.328	0
-3.327	0
-3.326	0
-3.325	0
-3.324	0
-3.323	0
-3.322	0
-3.321	0
-3.32	0
-3.319	0
-3.318	0
-3.317	0
-3.316	0
-3.315	0
-3.314	0
-3.313	0
-3.312	0
-3.311	0
-3.31	0
-3.309	0
-3.308	0
-3.307	0
-3.306	0
-3.305	0
-3.304	0
-3.303	0
-3.302	0
-3.301	0
-3.3	0
-3.299	0
-3.298	0
-3.297	0
-3.296	0
-3.295	0
-3.294	0
-3.293	0
-3.292	0
-3.291	0
-3.29	0
-3.289	0
-3.288	0
-3.287	0
-3.286	0
-3.285	0
-3.284	0
-3.283	0
-3.282	0
-3.281	0
-3.28	0
-3.279	0
-3.278	0
-3.277	0
-3.276	0
-3.275	0
-3.274	0
-3.273	0
-3.272	0
-3.271	0
-3.27	0
-3.269	0
-3.268	0
-3.267	0
-3.266	0
-3.265	0
-3.264	0
-3.263	0
-3.262	0
-3.261	0
-3.26	0
-3.259	0
-3.258	0
-3.257	0
-3.256	0
-3.255	0
-3.254	0
-3.253	0
-3.252	0
-3.251	0
-3.25	0
-3.249	0
-3.248	0
-3.247	0
-3.246	0
-3.245	0
-3.244	0
-3.243	0
-3.242	0
-3.241	0
-3.24	0
-3.239	0
-3.238	0
-3.237	0
-3.236	0
-3.235	0
-3.234	0
-3.233	0
-3.232	0
-3.231	0
-3.23	0
-3.229	0
-3.228	0
-3.227	0
-3.226	0
-3.225	0
-3.224	0
-3.223	0
-3.222	0
-3.221	0
-3.22	0
-3.219	0
-3.218	0
-3.217	0
-3.216	0
-3.215	0
-3.214	0
-3.213	0
-3.212	0
-3.211	0
-3.21	0
-3.209	0
-3.208	0
-3.207	0
-3.206	0
-3.205	0
-3.204	0
-3.203	0
-3.202	0
-3.201	0
-3.2	0
-3.199	0
-3.198	0
-3.197	0
-3.196	0
-3.195	0
-3.194	0
-3.193	0
-3.192	0
-3.191	0
-3.19	0
-3.189	0
-3.188	0
-3.187	0
-3.186	0
-3.185	0
-3.184	0
-3.183	0
-3.182	0
-3.181	0
-3.18	0
-3.179	0
-3.178	0
-3.177	0
-3.176	0
-3.175	0
-3.174	0
-3.173	0
-3.172	0
-3.171	0
-3.17	0
-3.169	0
-3.168	0
-3.167	0
-3.166	0
-3.165	0
-3.164	0
-3.163	0
-3.162	0
-3.161	0
-3.16	0
-3.159	0
-3.158	0
-3.157	0
-3.156	0
-3.155	0
-3.154	0
-3.153	0
-3.152	0
-3.151	0
-3.15	0
-3.149	0
-3.148	0
-3.147	0
-3.146	0
-3.145	0
-3.144	0
-3.143	0
-3.142	0
-3.141	0
-3.14	0
-3.139	0
-3.138	0
-3.137	0
-3.136	0
-3.135	0
-3.134	0
-3.133	0
-3.132	0
-3.131	0
-3.13	0
-3.129	0
-3.128	0
-3.127	0
-3.126	0
-3.125	0
-3.124	0
-3.123	0
-3.122	0
-3.121	0
-3.12	0
-3.119	0
-3.118	0
-3.117	0
-3.116	0
-3.115	0
-3.114	0
-3.113	0
-3.112	0
-3.111	0
-3.11	0
-3.109	0
-3.108	0
-3.107	0
-3.106	0
-3.105	0
-3.104	0
-3.103	0
-3.102	0
-3.101	0
-3.1	0
-3.099	0
-3.098	0
-3.097	0
-3.096	0
-3.095	0
-3.094	0
-3.093	0
-3.092	0
-3.091	0
-3.09	0
-3.089	0
-3.088	0
-3.087	0
-3.086	0
-3.085	0
-3.084	0
-3.083	0
-3.082	0
-3.081	0
-3.08	0
-3.079	0
-3.078	0
-3.077	0
-3.076	0
-3.075	0
-3.074	0
-3.073	0
-3.072	0
-3.071	0
-3.07	0
-3.069	0
-3.068	0
-3.067	0
-3.066	0
-3.065	0
-3.064	0
-3.063	0
-3.062	0
-3.061	0
-3.06	0
-3.059	0
-3.058	0
-3.057	0
-3.056	0
-3.055	0
-3.054	0
-3.053	0
-3.052	0
-3.051	0
-3.05	0
-3.049	0
-3.048	0
-3.047	0
-3.046	0
-3.045	0
-3.044	0
-3.043	0
-3.042	0
-3.041	0
-3.04	0
-3.039	0
-3.038	0
-3.037	0
-3.036	0
-3.035	0
-3.034	0
-3.033	0
-3.032	0
-3.031	0
-3.03	0
-3.029	0
-3.028	0
-3.027	0
-3.026	0
-3.025	0
-3.024	0
-3.023	0
-3.022	0
-3.021	0
-3.02	0
-3.019	0
-3.018	0
-3.017	0
-3.016	0
-3.015	0
-3.014	0
-3.013	0
-3.012	0
-3.011	0
-3.01	0
-3.009	0
-3.008	0
-3.007	0
-3.006	0
-3.005	0
-3.004	0
-3.003	0
-3.002	0
-3.001	0
-3	0
-2.999	0
-2.998	0
-2.997	0
-2.996	0
-2.995	0
-2.994	0
-2.993	0
-2.992	0
-2.991	0
-2.99	0
-2.989	0
-2.988	0
-2.987	0
-2.986	0
-2.985	0
-2.984	0
-2.983	0
-2.982	0
-2.981	0
-2.98	0
-2.979	0
-2.978	0
-2.977	0
-2.976	0
-2.975	0
-2.974	0
-2.973	0
-2.972	0
-2.971	0
-2.97	0
-2.969	0
-2.968	0
-2.967	0
-2.966	0
-2.965	0
-2.964	0
-2.963	0
-2.962	0
-2.961	0
-2.96	0
-2.959	0
-2.958	0
-2.957	0
-2.956	0
-2.955	0
-2.954	0
-2.953	0
-2.952	0
-2.951	0
-2.95	0
-2.949	0
-2.948	0
-2.947	0
-2.946	0
-2.945	0
-2.944	0
-2.943	0
-2.942	0
-2.941	0
-2.94	0
-2.939	0
-2.938	0
-2.937	0
-2.936	0
-2.935	0
-2.934	0
-2.933	0
-2.932	0
-2.931	0
-2.93	0
-2.929	0
-2.928	0
-2.927	0
-2.926	0
-2.925	0
-2.924	0
-2.923	0
-2.922	0
-2.921	0
-2.92	0
-2.919	0
-2.918	0
-2.917	0
-2.916	0
-2.915	0
-2.914	0
-2.913	0
-2.912	0
-2.911	0
-2.91	0
-2.909	0
-2.908	0
-2.907	0
-2.906	0
-2.905	0
-2.904	0
-2.903	0
-2.902	0
-2.901	0
-2.9	0
-2.899	0
-2.898	0
-2.897	0
-2.896	0
-2.895	0
-2.894	0
-2.893	0
-2.892	0
-2.891	0
-2.89	0
-2.889	0
-2.888	0
-2.887	0
-2.886	0
-2.885	0
-2.884	0
-2.883	0
-2.882	0
-2.881	0
-2.88	0
-2.879	0
-2.878	0
-2.877	0
-2.876	0
-2.875	0
-2.874	0
-2.873	0
-2.872	0
-2.871	0
-2.87	0
-2.869	0
-2.868	0
-2.867	0
-2.866	0
-2.865	0
-2.864	0
-2.863	0
-2.862	0
-2.861	0
-2.86	0
-2.859	0
-2.858	0
-2.857	0
-2.856	0
-2.855	0
-2.854	0
-2.853	0
-2.852	0
-2.851	0
-2.85	0
-2.849	0
-2.848	0
-2.847	0
-2.846	0
-2.845	0
-2.844	0
-2.843	0
-2.842	0
-2.841	0
-2.84	0
-2.839	0
-2.838	0
-2.837	0
-2.836	0
-2.835	0
-2.834	0
-2.833	0
-2.832	0
-2.831	0
-2.83	0
-2.829	0
-2.828	0
-2.827	0
-2.826	0
-2.825	0
-2.824	0
-2.823	0
-2.822	0
-2.821	0
-2.82	0
-2.819	0
-2.818	0
-2.817	0
-2.816	0
-2.815	0
-2.814	0
-2.813	0
-2.812	0
-2.811	0
-2.81	0
-2.809	0
-2.808	0
-2.807	0
-2.806	0
-2.805	0
-2.804	0
-2.803	0
-2.802	0
-2.801	0
-2.8	0
-2.799	0
-2.798	0
-2.797	0
-2.796	0
-2.795	0
-2.794	0
-2.793	0
-2.792	0
-2.791	0
-2.79	0
-2.789	0
-2.788	0
-2.787	0
-2.786	0
-2.785	0
-2.784	0
-2.783	0
-2.782	0
-2.781	0
-2.78	0
-2.779	0
-2.778	0
-2.777	0
-2.776	0
-2.775	0
-2.774	0
-2.773	0
-2.772	0
-2.771	0
-2.77	0
-2.769	0
-2.768	0
-2.767	0
-2.766	0
-2.765	0
-2.764	0
-2.763	0
-2.762	0
-2.761	0
-2.76	0
-2.759	0
-2.758	0
-2.757	0
-2.756	0
-2.755	0
-2.754	0
-2.753	0
-2.752	0
-2.751	0
-2.75	0
-2.749	0
-2.748	0
-2.747	0
-2.746	0
-2.745	0
-2.744	0
-2.743	0
-2.742	0
-2.741	0
-2.74	0
-2.739	0
-2.738	0
-2.737	0
-2.736	0
-2.735	0
-2.734	0
-2.733	0
-2.732	0
-2.731	0
-2.73	0
-2.729	0
-2.728	0
-2.727	0
-2.726	0
-2.725	0
-2.724	0
-2.723	0
-2.722	0
-2.721	0
-2.72	0
-2.719	0
-2.718	0
-2.717	0
-2.716	0
-2.715	0
-2.714	0
-2.713	0
-2.712	0
-2.711	0
-2.71	0
-2.709	0
-2.708	0
-2.707	0
-2.706	0
-2.705	0
-2.704	0
-2.703	0
-2.702	0
-2.701	0
-2.7	0
-2.699	0
-2.698	0
-2.697	0
-2.696	0
-2.695	0
-2.694	0
-2.693	0
-2.692	0
-2.691	0
-2.69	0
-2.689	0
-2.688	0
-2.687	0
-2.686	0
-2.685	0
-2.684	0
-2.683	0
-2.682	0
-2.681	0
-2.68	0
-2.679	0
-2.678	0
-2.677	0
-2.676	0
-2.675	0
-2.674	0
-2.673	0
-2.672	0
-2.671	0
-2.67	0
-2.669	0
-2.668	0
-2.667	0
-2.666	0
-2.665	0
-2.664	0
-2.663	0
-2.662	0
-2.661	0
-2.66	0
-2.659	0
-2.658	0
-2.657	0
-2.656	0
-2.655	0
-2.654	0
-2.653	0
-2.652	0
-2.651	0
-2.65	0
-2.649	0
-2.648	0
-2.647	0
-2.646	0
-2.645	0
-2.644	0
-2.643	0
-2.642	0
-2.641	0
-2.64	0
-2.639	0
-2.638	0
-2.637	0
-2.636	0
-2.635	0
-2.634	0
-2.633	0
-2.632	0
-2.631	0
-2.63	0
-2.629	0
-2.628	0
-2.627	0
-2.626	0
-2.625	0
-2.624	0
-2.623	0
-2.622	0
-2.621	0
-2.62	0
-2.619	0
-2.618	0
-2.617	0
-2.616	0
-2.615	0
-2.614	0
-2.613	0
-2.612	0
-2.611	0
-2.61	0
-2.609	0
-2.608	0
-2.607	0
-2.606	0
-2.605	0
-2.604	0
-2.603	0
-2.602	0
-2.601	0
-2.6	0
-2.599	0
-2.598	0
-2.597	0
-2.596	0
-2.595	0
-2.594	0
-2.593	0
-2.592	0
-2.591	0
-2.59	0
-2.589	0
-2.588	0
-2.587	0
-2.586	0
-2.585	0
-2.584	0
-2.583	0
-2.582	0
-2.581	0
-2.58	0
-2.579	0
-2.578	0
-2.577	0
-2.576	0
-2.575	0
-2.574	0
-2.573	0
-2.572	0
-2.571	0
-2.57	0
-2.569	0
-2.568	0
-2.567	0
-2.566	0
-2.565	0
-2.564	0
-2.563	0
-2.562	0
-2.561	0
-2.56	0
-2.559	0
-2.558	0
-2.557	0
-2.556	0
-2.555	0
-2.554	0
-2.553	0
-2.552	0
-2.551	0
-2.55	0
-2.549	0
-2.548	0
-2.547	0
-2.546	0
-2.545	0
-2.544	0
-2.543	0
-2.542	0
-2.541	0
-2.54	0
-2.539	0
-2.538	0
-2.537	0
-2.536	0
-2.535	0
-2.534	0
-2.533	0
-2.532	0
-2.531	0
-2.53	0
-2.529	0
-2.528	0
-2.527	0
-2.526	0
-2.525	0
-2.524	0
-2.523	0
-2.522	0
-2.521	0
-2.52	0
-2.519	0
-2.518	0
-2.517	0
-2.516	0
-2.515	0
-2.514	0
-2.513	0
-2.512	0
-2.511	0
-2.51	0
-2.509	0
-2.508	0
-2.507	0
-2.506	0
-2.505	0
-2.504	0
-2.503	0
-2.502	0
-2.501	0
-2.5	0
-2.499	0
-2.498	0
-2.497	0
-2.496	0
-2.495	0
-2.494	0
-2.493	0
-2.492	0
-2.491	0
-2.49	0
-2.489	0
-2.488	0
-2.487	0
-2.486	0
-2.485	0
-2.484	0
-2.483	0
-2.482	0
-2.481	0
-2.48	0
-2.479	0
-2.478	0
-2.477	0
-2.476	0
-2.475	0
-2.474	0
-2.473	0
-2.472	0
-2.471	0
-2.47	0
-2.469	0
-2.468	0
-2.467	0
-2.466	0
-2.465	0
-2.464	0
-2.463	0
-2.462	0
-2.461	0
-2.46	0
-2.459	0
-2.458	0
-2.457	0
-2.456	0
-2.455	0
-2.454	0
-2.453	0
-2.452	0
-2.451	0
-2.45	0
-2.449	0
-2.448	0
-2.447	0
-2.446	0
-2.445	0
-2.444	0
-2.443	0
-2.442	0
-2.441	0
-2.44	0
-2.439	0
-2.438	0
-2.437	0
-2.436	0
-2.435	0
-2.434	0
-2.433	0
-2.432	0
-2.431	0
-2.43	0
-2.429	0
-2.428	0
-2.427	0
-2.426	0
-2.425	0
-2.424	0
-2.423	0
-2.422	0
-2.421	0
-2.42	0
-2.419	0
-2.418	0
-2.417	0
-2.416	0
-2.415	0
-2.414	0
-2.413	0
-2.412	0
-2.411	0
-2.41	0
-2.409	0
-2.408	0
-2.407	0
-2.406	0
-2.405	0
-2.404	0
-2.403	0
-2.402	0
-2.401	0
-2.4	0
-2.399	0
-2.398	0
-2.397	0
-2.396	0
-2.395	0
-2.394	0
-2.393	0
-2.392	0
-2.391	0
-2.39	0
-2.389	0
-2.388	0
-2.387	0
-2.386	0
-2.385	0
-2.384	0
-2.383	0
-2.382	0
-2.381	0
-2.38	0
-2.379	0
-2.378	0
-2.377	0
-2.376	0
-2.375	0
-2.374	0
-2.373	0
-2.372	0
-2.371	0
-2.37	0
-2.369	0
-2.368	0
-2.367	0
-2.366	0
-2.365	0
-2.364	0
-2.363	0
-2.362	0
-2.361	0
-2.36	0
-2.359	0
-2.358	0
-2.357	0
-2.356	0
-2.355	0
-2.354	0
-2.353	0
-2.352	0
-2.351	0
-2.35	0
-2.349	0
-2.348	0
-2.347	0
-2.346	0
-2.345	0
-2.344	0
-2.343	0
-2.342	0
-2.341	0
-2.34	0
-2.339	0
-2.338	0
-2.337	0
-2.336	0
-2.335	0
-2.334	0
-2.333	0
-2.332	0
-2.331	0
-2.33	0
-2.329	0
-2.328	0
-2.327	0
-2.326	0
-2.325	0
-2.324	0
-2.323	0
-2.322	0
-2.321	0
-2.32	0
-2.319	0
-2.318	0
-2.317	0
-2.316	0
-2.315	0
-2.314	0
-2.313	0
-2.312	0
-2.311	0
-2.31	0
-2.309	0
-2.308	0
-2.307	0
-2.306	0
-2.305	0
-2.304	0
-2.303	0
-2.302	0
-2.301	0
-2.3	0
-2.299	0
-2.298	0
-2.297	0
-2.296	0
-2.295	0
-2.294	0
-2.293	0
-2.292	0
-2.291	0
-2.29	0
-2.289	0
-2.288	0
-2.287	0
-2.286	0
-2.285	0
-2.284	0
-2.283	0
-2.282	0
-2.281	0
-2.28	0
-2.279	0
-2.278	0
-2.277	0
-2.276	0
-2.275	0
-2.274	0
-2.273	0
-2.272	0
-2.271	0
-2.27	0
-2.269	0
-2.268	0
-2.267	0
-2.266	0
-2.265	0
-2.264	0
-2.263	0
-2.262	0
-2.261	0
-2.26	0
-2.259	0
-2.258	0
-2.257	0
-2.256	0
-2.255	0
-2.254	0
-2.253	0
-2.252	0
-2.251	0
-2.25	0
-2.249	0
-2.248	0
-2.247	0
-2.246	0
-2.245	0
-2.244	0
-2.243	0
-2.242	0
-2.241	0
-2.24	0
-2.239	0
-2.238	0
-2.237	0
-2.236	0
-2.235	0
-2.234	0
-2.233	0
-2.232	0
-2.231	0
-2.23	0
-2.229	0
-2.228	0
-2.227	0
-2.226	0
-2.225	0
-2.224	0
-2.223	0
-2.222	0
-2.221	0
-2.22	0
-2.219	0
-2.218	0
-2.217	0
-2.216	0
-2.215	0
-2.214	0
-2.213	0
-2.212	0
-2.211	0
-2.21	0
-2.209	0
-2.208	0
-2.207	0
-2.206	0
-2.205	0
-2.204	0
-2.203	0
-2.202	0
-2.201	0
-2.2	0
-2.199	0
-2.198	0
-2.197	0
-2.196	0
-2.195	0
-2.194	0
-2.193	0
-2.192	0
-2.191	0
-2.19	0
-2.189	0
-2.188	0
-2.187	0
-2.186	0
-2.185	0
-2.184	0
-2.183	0
-2.182	0
-2.181	0
-2.18	0
-2.179	0
-2.178	0
-2.177	0
-2.176	0
-2.175	0
-2.174	0
-2.173	0
-2.172	0
-2.171	0
-2.17	0
-2.169	0
-2.168	0
-2.167	0
-2.166	0
-2.165	0
-2.164	0
-2.163	0
-2.162	0
-2.161	0
-2.16	0
-2.159	0
-2.158	0
-2.157	0
-2.156	0
-2.155	0
-2.154	0
-2.153	0
-2.152	0
-2.151	0
-2.15	0
-2.149	0
-2.148	0
-2.147	0
-2.146	0
-2.145	0
-2.144	0
-2.143	0
-2.142	0
-2.141	0
-2.14	0
-2.139	0
-2.138	0
-2.137	0
-2.136	0
-2.135	0
-2.134	0
-2.133	0
-2.132	0
-2.131	0
-2.13	0
-2.129	0
-2.128	0
-2.127	0
-2.126	0
-2.125	0
-2.124	0
-2.123	0
-2.122	0
-2.121	0
-2.12	0
-2.119	0
-2.118	0
-2.117	0
-2.116	0
-2.115	0
-2.114	0
-2.113	0
-2.112	0
-2.111	0
-2.11	0
-2.109	0
-2.108	0
-2.107	0
-2.106	0
-2.105	0
-2.104	0
-2.103	0
-2.102	0
-2.101	0
-2.1	0
-2.099	0
-2.098	0
-2.097	0
-2.096	0
-2.095	0
-2.094	0
-2.093	0
-2.092	0
-2.091	0
-2.09	0
-2.089	0
-2.088	0
-2.087	0
-2.086	0
-2.085	0
-2.084	0
-2.083	0
-2.082	0
-2.081	0
-2.08	0
-2.079	0
-2.078	0
-2.077	0
-2.076	0
-2.075	0
-2.074	0
-2.073	0
-2.072	0
-2.071	0
-2.07	0
-2.069	0
-2.068	0
-2.067	0
-2.066	0
-2.065	0
-2.064	0
-2.063	0
-2.062	0
-2.061	0
-2.06	0
-2.059	0
-2.058	0
-2.057	0
-2.056	0
-2.055	0
-2.054	0
-2.053	0
-2.052	0
-2.051	0
-2.05	0
-2.049	0
-2.048	0
-2.047	0
-2.046	0
-2.045	0
-2.044	0
-2.043	0
-2.042	0
-2.041	0
-2.04	0
-2.039	0
-2.038	0
-2.037	0
-2.036	0
-2.035	0
-2.034	0
-2.033	0
-2.032	0
-2.031	0
-2.03	0
-2.029	0
-2.028	0
-2.027	0
-2.026	0
-2.025	0
-2.024	0
-2.023	0
-2.022	0
-2.021	0
-2.02	0
-2.019	0
-2.018	0
-2.017	0
-2.016	0
-2.015	0
-2.014	0
-2.013	0
-2.012	0
-2.011	0
-2.01	0
-2.009	0
-2.008	0
-2.007	0
-2.006	0
-2.005	0
-2.004	0
-2.003	0
-2.002	0
-2.001	0
-2	0
-1.999	0
-1.998	0
-1.997	0
-1.996	0
-1.995	0
-1.994	0
-1.993	0
-1.992	0
-1.991	0
-1.99	0
-1.989	0
-1.988	0
-1.987	0
-1.986	0
-1.985	0
-1.984	0
-1.983	0
-1.982	0
-1.981	0
-1.98	0
-1.979	0
-1.978	0
-1.977	0
-1.976	0
-1.975	0
-1.974	0
-1.973	0
-1.972	0
-1.971	0
-1.97	0
-1.969	0
-1.968	0
-1.967	0
-1.966	0
-1.965	0
-1.964	0
-1.963	0
-1.962	0
-1.961	0
-1.96	0
-1.959	0
-1.958	0
-1.957	0
-1.956	0
-1.955	0
-1.954	0
-1.953	0
-1.952	0
-1.951	0
-1.95	0
-1.949	0
-1.948	0
-1.947	0
-1.946	0
-1.945	0
-1.944	0
-1.943	0
-1.942	0
-1.941	0
-1.94	0
-1.939	0
-1.938	0
-1.937	0
-1.936	0
-1.935	0
-1.934	0
-1.933	0
-1.932	0
-1.931	0
-1.93	0
-1.929	0
-1.928	0
-1.927	0
-1.926	0
-1.925	0
-1.924	0
-1.923	0
-1.922	0
-1.921	0
-1.92	0
-1.919	0
-1.918	0
-1.917	0
-1.916	0
-1.915	0
-1.914	0
-1.913	0
-1.912	0
-1.911	0
-1.91	0
-1.909	0
-1.908	0
-1.907	0
-1.906	0
-1.905	0
-1.904	0
-1.903	0
-1.902	0
-1.901	0
-1.9	0
-1.899	0
-1.898	0
-1.897	0
-1.896	0
-1.895	0
-1.894	0
-1.893	0
-1.892	0
-1.891	0
-1.89	0
-1.889	0
-1.888	0
-1.887	0
-1.886	0
-1.885	0
-1.884	0
-1.883	0
-1.882	0
-1.881	0
-1.88	0
-1.879	0
-1.878	0
-1.877	0
-1.876	0
-1.875	0
-1.874	0
-1.873	0
-1.872	0
-1.871	0
-1.87	0
-1.869	0
-1.868	0
-1.867	0
-1.866	0
-1.865	0
-1.864	0
-1.863	0
-1.862	0
-1.861	0
-1.86	0
-1.859	0
-1.858	0
-1.857	0
-1.856	0
-1.855	0
-1.854	0
-1.853	0
-1.852	0
-1.851	0
-1.85	0
-1.849	0
-1.848	0
-1.847	0
-1.846	0
-1.845	0
-1.844	0
-1.843	0
-1.842	0
-1.841	0
-1.84	0
-1.839	0
-1.838	0
-1.837	0
-1.836	0
-1.835	0
-1.834	0
-1.833	0
-1.832	0
-1.831	0
-1.83	0
-1.829	0
-1.828	0
-1.827	0
-1.826	0
-1.825	0
-1.824	0
-1.823	0
-1.822	0
-1.821	0
-1.82	0
-1.819	0
-1.818	0
-1.817	0
-1.816	0
-1.815	0
-1.814	0
-1.813	0
-1.812	0
-1.811	0
-1.81	0
-1.809	0
-1.808	0
-1.807	0
-1.806	0
-1.805	0
-1.804	0
-1.803	0
-1.802	0
-1.801	0
-1.8	0
-1.799	0
-1.798	0
-1.797	0
-1.796	0
-1.795	0
-1.794	0
-1.793	0
-1.792	0
-1.791	0
-1.79	0
-1.789	0
-1.788	0
-1.787	0
-1.786	0
-1.785	0
-1.784	0
-1.783	0
-1.782	0
-1.781	0
-1.78	0
-1.779	0
-1.778	0
-1.777	0
-1.776	0
-1.775	0
-1.774	0
-1.773	0
-1.772	0
-1.771	0
-1.77	0
-1.769	0
-1.768	0
-1.767	0
-1.766	0
-1.765	0
-1.764	0
-1.763	0
-1.762	0
-1.761	0
-1.76	0
-1.759	0
-1.758	0
-1.757	0
-1.756	0
-1.755	0
-1.754	0
-1.753	0
-1.752	0
-1.751	0
-1.75	0
-1.749	0
-1.748	0
-1.747	0
-1.746	0
-1.745	0
-1.744	0
-1.743	0
-1.742	0
-1.741	0
-1.74	0
-1.739	0
-1.738	0
-1.737	0
-1.736	0
-1.735	0
-1.734	0
-1.733	0
-1.732	0
-1.731	0
-1.73	0
-1.729	0
-1.728	0
-1.727	0
-1.726	0
-1.725	0
-1.724	0
-1.723	0
-1.722	0
-1.721	0
-1.72	0
-1.719	0
-1.718	0
-1.717	0
-1.716	0
-1.715	0
-1.714	0
-1.713	0
-1.712	0
-1.711	1.72619e-076
-1.71	7.70101e-076
-1.709	1.64304e-075
-1.708	3.57175e-075
-1.707	1.10891e-074
-1.706	4.3268e-074
-1.705	1.68833e-073
-1.704	6.36781e-073
-1.703	2.35471e-072
-1.702	8.61143e-072
-1.701	3.12341e-071
-1.7	1.12368e-070
-1.699	4.00837e-070
-1.698	1.41743e-069
-1.697	4.96828e-069
-1.696	1.72608e-068
-1.695	5.94357e-068
-1.694	2.02836e-067
-1.693	6.86008e-067
-1.692	2.29919e-066
-1.691	7.63586e-066
-1.69	2.51278e-065
-1.689	8.19292e-065
-1.688	2.64657e-064
-1.687	8.46963e-064
-1.686	2.68506e-063
-1.685	8.4319e-063
-1.684	2.62271e-062
-1.683	8.07981e-062
-1.682	2.46518e-061
-1.681	7.4484e-061
-1.68	2.22851e-060
-1.679	6.60197e-060
-1.678	1.93645e-059
-1.677	5.62321e-059
-1.676	1.61649e-058
-1.675	4.59979e-058
-1.674	1.29553e-057
-1.673	3.61132e-057
-1.672	9.96226e-057
-1.671	2.71948e-056
-1.67	7.34538e-056
-1.669	1.96292e-055
-1.668	5.18937e-055
-1.667	1.35709e-054
-1.666	3.51028e-054
-1.665	8.97996e-054
-1.664	2.27176e-053
-1.663	5.68276e-053
-1.662	1.40547e-052
-1.661	3.43637e-052
-1.66	8.30513e-052
-1.659	1.98386e-051
-1.658	4.68318e-051
-1.657	1.0924e-050
-1.656	2.51757e-050
-1.655	5.73163e-050
-1.654	1.28888e-049
-1.653	2.86237e-049
-1.652	6.27695e-049
-1.651	1.35899e-048
-1.65	2.90439e-048
-1.649	6.12621e-048
-1.648	1.27512e-047
-1.647	2.61847e-047
-1.646	5.30391e-047
-1.645	1.05951e-046
-1.644	2.08677e-046
-1.643	4.05136e-046
-1.642	7.75124e-046
-1.641	1.46105e-045
-1.64	2.71238e-045
-1.639	4.95774e-045
-1.638	8.91882e-045
-1.637	1.57851e-044
-1.636	2.74732e-044
-1.635	4.69976e-044
-1.634	7.89766e-044
-1.633	1.30284e-043
-1.632	2.10829e-043
-1.631	3.34369e-043
-1.63	5.19184e-043
-1.629	7.88247e-043
-1.628	1.16834e-042
-1.627	1.68732e-042
-1.626	2.36846e-042
-1.625	3.22077e-042
-1.624	4.22457e-042
-1.623	5.31245e-042
-1.622	6.34844e-042
-1.621	7.11278e-042
-1.62	7.30751e-042
-1.619	6.61119e-042
-1.618	4.83039e-042
-1.617	2.2238e-042
-1.616	1.14346e-043
-1.615	1.95846e-042
-1.614	1.51121e-041
-1.613	5.36246e-041
-1.612	1.42509e-040
-1.611	3.24082e-040
-1.61	6.67155e-040
-1.609	1.28009e-039
-1.608	2.32899e-039
-1.607	4.06275e-039
-1.606	6.847e-039
-1.605	1.12096e-038
-1.604	1.7901e-038
-1.603	2.79741e-038
-1.602	4.28874e-038
-1.601	6.46398e-038
-1.6	9.59431e-038
-1.599	1.40442e-037
-1.598	2.02994e-037
-1.597	2.90019e-037
-1.596	4.0994e-037
-1.595	5.73729e-037
-1.594	7.95581e-037
-1.593	1.09374e-036
-1.592	1.49153e-036
-1.591	2.01855e-036
-1.59	2.7122e-036
-1.589	3.61949e-036
-1.588	4.79917e-036
-1.587	6.32434e-036
-1.586	8.28553e-036
-1.585	1.07944e-035
-1.584	1.3988e-035
-1.583	1.80339e-035
-1.582	2.31363e-035
-1.581	2.95427e-035
-1.58	3.75526e-035
-1.579	4.75263e-035
-1.578	5.98966e-035
-1.577	7.51806e-035
-1.576	9.39949e-035
-1.575	1.17072e-034
-1.574	1.45281e-034
-1.573	1.79645e-034
-1.572	2.2137e-034
-1.571	2.71874e-034
-1.57	3.32814e-034
-1.569	4.06126e-034
-1.568	4.94064e-034
-1.567	5.99244e-034
-1.566	7.247e-034
-1.565	8.73932e-034
-1.564	1.05098e-033
-1.563	1.26048e-033
-1.562	1.50776e-033
-1.561	1.79891e-033
-1.56	2.14089e-033
-1.559	2.5416e-033
-1.558	3.01006e-033
-1.557	3.55646e-033
-1.556	4.19235e-033
-1.555	4.93075e-033
-1.554	5.78635e-033
-1.553	6.77563e-033
-1.552	7.91709e-033
-1.551	9.23141e-033
-1.55	1.07417e-032
-1.549	1.24737e-032
-1.548	1.44561e-032
-1.547	1.67204e-032
-1.546	1.9302e-032
-1.545	2.22394e-032
-1.544	2.55755e-032
-1.543	2.93572e-032
-1.542	3.36359e-032
-1.541	3.8468e-032
-1.54	4.39148e-032
-1.539	5.00436e-032
-1.538	5.69268e-032
-1.537	6.46431e-032
-1.536	7.3278e-032
-1.535	8.2923e-032
-1.534	9.3677e-032
-1.533	1.05646e-031
-1.532	1.18943e-031
-1.531	1.33688e-031
-1.53	1.50011e-031
-1.529	1.68048e-031
-1.528	1.87941e-031
-1.527	2.09844e-031
-1.526	2.33914e-031
-1.525	2.60318e-031
-1.524	2.89231e-031
-1.523	3.2083e-031
-1.522	3.55304e-031
-1.521	3.92842e-031
-1.52	4.33641e-031
-1.519	4.77901e-031
-1.518	5.25824e-031
-1.517	5.77612e-031
-1.516	6.3347e-031
-1.515	6.93599e-031
-1.514	7.58196e-031
-1.513	8.27454e-031
-1.512	9.01557e-031
-1.511	9.80682e-031
-1.51	1.06499e-030
-1.509	1.15464e-030
-1.508	1.24975e-030
-1.507	1.35044e-030
-1.506	1.4568e-030
-1.505	1.56888e-030
-1.504	1.68673e-030
-1.503	1.81034e-030
-1.502	1.93967e-030
-1.501	2.07467e-030
-1.5	2.21523e-030
-1.499	2.36118e-030
-1.498	2.51233e-030
-1.497	2.66845e-030
-1.496	2.82922e-030
-1.495	2.99433e-030
-1.494	3.16336e-030
-1.493	3.3359e-030
-1.492	3.51143e-030
-1.491	3.68944e-030
-1.49	3.86934e-030
-1.489	4.05051e-030
-1.488	4.23229e-030
-1.487	4.41397e-030
-1.486	4.59487e-030
-1.485	4.77424e-030
-1.484	4.95131e-030
-1.483	5.12536e-030
-1.482	5.29564e-030
-1.481	5.46145e-030
-1.48	5.62209e-030
-1.479	5.77691e-030
-1.478	5.92534e-030
-1.477	6.06686e-030
-1.476	6.20107e-030
-1.475	6.32762e-030
-1.474	6.4463e-030
-1.473	6.55704e-030
-1.472	6.65988e-030
-1.471	6.75498e-030
-1.47	6.8427e-030
-1.469	6.92358e-030
-1.468	6.99822e-030
-1.467	7.06746e-030
-1.466	7.13224e-030
-1.465	7.19366e-030
-1.464	7.25294e-030
-1.463	7.31131e-030
-1.462	7.37022e-030
-1.461	7.43102e-030
-1.46	7.49508e-030
-1.459	7.5637e-030
-1.458	7.63804e-030
-1.457	7.71904e-030
-1.456	7.80741e-030
-1.455	7.90352e-030
-1.454	8.00729e-030
-1.453	8.11811e-030
-1.452	8.23477e-030
-1.451	8.35543e-030
-1.45	8.47746e-030
-1.449	8.59743e-030
-1.448	8.71102e-030
-1.447	8.81291e-030
-1.446	8.89711e-030
-1.445	8.95654e-030
-1.444	8.98339e-030
-1.443	8.96919e-030
-1.442	8.9049e-030
-1.441	8.78132e-030
-1.44	8.5894e-030
-1.439	8.32058e-030
-1.438	7.96755e-030
-1.437	7.52483e-030
-1.436	6.98949e-030
-1.435	6.36255e-030
-1.434	5.6499e-030
-1.433	4.86377e-030
-1.432	4.02445e-030
-1.431	3.16212e-030
-1.43	2.3192e-030
-1.429	1.5525e-030
-1.428	9.3627e-031
-1.427	5.65239e-031
-1.426	5.57932e-031
-1.425	1.06064e-030
-1.424	2.25161e-030
-1.423	4.34524e-030
-1.422	7.59749e-030
-1.421	1.23111e-029
-1.42	1.88408e-029
-1.419	2.76001e-029
-1.418	3.90669e-029
-1.417	5.37904e-029
-1.416	7.23988e-029
-1.415	9.56045e-029
-1.414	1.24214e-028
-1.413	1.59133e-028
-1.412	2.01375e-028
-1.411	2.52067e-028
-1.41	3.12458e-028
-1.409	3.83927e-028
-1.408	4.67982e-028
-1.407	5.66276e-028
-1.406	6.806e-028
-1.405	8.12897e-028
-1.404	9.65257e-028
-1.403	1.13992e-027
-1.402	1.33927e-027
-1.401	1.56584e-027
-1.4	1.82231e-027
-1.399	2.11148e-027
-1.398	2.43627e-027
-1.397	2.79971e-027
-1.396	3.20492e-027
-1.395	3.65509e-027
-1.394	4.15345e-027
-1.393	4.70325e-027
-1.392	5.30772e-027
-1.391	5.97003e-027
-1.39	6.69327e-027
-1.389	7.48035e-027
-1.388	8.33403e-027
-1.387	9.25681e-027
-1.386	1.02509e-026
-1.385	1.13181e-026
-1.384	1.24598e-026
-1.383	1.36769e-026
-1.382	1.49698e-026
-1.381	1.63382e-026
-1.38	1.77811e-026
-1.379	1.92967e-026
-1.378	2.08823e-026
-1.377	2.25345e-026
-1.376	2.42489e-026
-1.375	2.60199e-026
-1.374	2.78412e-026
-1.373	2.97051e-026
-1.372	3.16033e-026
-1.371	3.35259e-026
-1.37	3.54624e-026
-1.369	3.74011e-026
-1.368	3.93298e-026
-1.367	4.12351e-026
-1.366	4.31035e-026
-1.365	4.49207e-026
-1.364	4.66721e-026
-1.363	4.83442e-026
-1.362	4.99228e-026
-1.361	5.1395e-026
-1.36	5.27494e-026
-1.359	5.39758e-026
-1.358	5.50666e-026
-1.357	5.6017e-026
-1.356	5.68259e-026
-1.355	5.74961e-026
-1.354	5.80358e-026
-1.353	5.84587e-026
-1.352	5.87853e-026
-1.351	5.90438e-026
-1.35	5.92707e-026
-1.349	5.95122e-026
-1.348	5.98249e-026
-1.347	6.02768e-026
-1.346	6.09483e-026
-1.345	6.19336e-026
-1.344	6.33405e-026
-1.343	6.52922e-026
-1.342	6.79279e-026
-1.341	7.14026e-026
-1.34	7.58888e-026
-1.339	8.15762e-026
-1.338	8.86714e-026
-1.337	9.73984e-026
-1.336	1.07998e-025
-1.335	1.20728e-025
-1.334	1.3586e-025
-1.333	1.53679e-025
-1.332	1.74485e-025
-1.331	1.98584e-025
-1.33	2.26291e-025
-1.329	2.57928e-025
-1.328	2.93812e-025
-1.327	3.34262e-025
-1.326	3.79585e-025
-1.325	4.30079e-025
-1.324	4.8602e-025
-1.323	5.47664e-025
-1.322	6.15234e-025
-1.321	6.88913e-025
-1.32	7.68845e-025
-1.319	8.55119e-025
-1.318	9.47769e-025
-1.317	1.04676e-024
-1.316	1.15198e-024
-1.315	1.26324e-024
-1.314	1.38028e-024
-1.313	1.50272e-024
-1.312	1.63011e-024
-1.311	1.76187e-024
-1.31	1.89735e-024
-1.309	2.03577e-024
-1.308	2.17627e-024
-1.307	2.31789e-024
-1.306	2.45957e-024
-1.305	2.60018e-024
-1.304	2.7385e-024
-1.303	2.87332e-024
-1.302	3.00334e-024
-1.301	3.12729e-024
-1.3	3.24394e-024
-1.299	3.35212e-024
-1.298	3.45076e-024
-1.297	3.53898e-024
-1.296	3.6161e-024
-1.295	3.68171e-024
-1.294	3.73577e-024
-1.293	3.77866e-024
-1.292	3.81126e-024
-1.291	3.83503e-024
-1.29	3.85213e-024
-1.289	3.86555e-024
-1.288	3.87912e-024
-1.287	3.89769e-024
-1.286	3.92726e-024
-1.285	3.97504e-024
-1.284	4.04962e-024
-1.283	4.16105e-024
-1.282	4.32101e-024
-1.281	4.54283e-024
-1.28	4.8417e-024
-1.279	5.23475e-024
-1.278	5.74104e-024
-1.277	6.3818e-024
-1.276	7.18035e-024
-1.275	8.16222e-024
-1.274	9.35513e-024
-1.273	1.0789e-023
-1.272	1.2496e-023
-1.271	1.45103e-023
-1.27	1.68681e-023
-1.269	1.96074e-023
-1.268	2.2768e-023
-1.267	2.6391e-023
-1.266	3.05186e-023
-1.265	3.51942e-023
-1.264	4.04611e-023
-1.263	4.63631e-023
-1.262	5.29432e-023
-1.261	6.02436e-023
-1.26	6.83046e-023
-1.259	7.71645e-023
-1.258	8.68585e-023
-1.257	9.74181e-023
-1.256	1.08871e-022
-1.255	1.21237e-022
-1.254	1.34534e-022
-1.253	1.4877e-022
-1.252	1.63946e-022
-1.251	1.80054e-022
-1.25	1.97077e-022
-1.249	2.14988e-022
-1.248	2.3375e-022
-1.247	2.53313e-022
-1.246	2.73616e-022
-1.245	2.94588e-022
-1.244	3.16142e-022
-1.243	3.38183e-022
-1.242	3.60602e-022
-1.241	3.83278e-022
-1.24	4.06083e-022
-1.239	4.2888e-022
-1.238	4.51521e-022
-1.237	4.73856e-022
-1.236	4.95732e-022
-1.235	5.16994e-022
-1.234	5.37494e-022
-1.233	5.57089e-022
-1.232	5.7565e-022
-1.231	5.93061e-022
-1.23	6.09234e-022
-1.229	6.24105e-022
-1.228	6.37649e-022
-1.227	6.4988e-022
-1.226	6.60865e-022
-1.225	6.7073e-022
-1.224	6.79666e-022
-1.223	6.87941e-022
-1.222	6.95909e-022
-1.221	7.04018e-022
-1.22	7.12821e-022
-1.219	7.22985e-022
-1.218	7.35303e-022
-1.217	7.50699e-022
-1.216	7.70237e-022
-1.215	7.95135e-022
-1.214	8.26765e-022
-1.213	8.66664e-022
-1.212	9.16536e-022
-1.211	9.78257e-022
-1.21	1.05388e-021
-1.209	1.14562e-021
-1.208	1.25588e-021
-1.207	1.38723e-021
-1.206	1.54237e-021
-1.205	1.72419e-021
-1.204	1.93567e-021
-1.203	2.17994e-021
-1.202	2.46022e-021
-1.201	2.77981e-021
-1.2	3.14203e-021
-1.199	3.55024e-021
-1.198	4.00775e-021
-1.197	4.51784e-021
-1.196	5.08366e-021
-1.195	5.70823e-021
-1.194	6.39433e-021
-1.193	7.14454e-021
-1.192	7.96107e-021
-1.191	8.84583e-021
-1.19	9.80025e-021
-1.189	1.08253e-020
-1.188	1.19214e-020
-1.187	1.30884e-020
-1.186	1.43255e-020
-1.185	1.56311e-020
-1.184	1.70031e-020
-1.183	1.84383e-020
-1.182	1.99329e-020
-1.181	2.14823e-020
-1.18	2.30809e-020
-1.179	2.47224e-020
-1.178	2.63998e-020
-1.177	2.81051e-020
-1.176	2.98297e-020
-1.175	3.15646e-020
-1.174	3.33001e-020
-1.173	3.50261e-020
-1.172	3.67324e-020
-1.171	3.84087e-020
-1.17	4.00451e-020
-1.169	4.16321e-020
-1.168	4.31609e-020
-1.167	4.46236e-020
-1.166	4.60142e-020
-1.165	4.73281e-020
-1.164	4.85632e-020
-1.163	4.97199e-020
-1.162	5.08019e-020
-1.161	5.18166e-020
-1.16	5.27756e-020
-1.159	5.36949e-020
-1.158	5.45964e-020
-1.157	5.55074e-020
-1.156	5.6462e-020
-1.155	5.75011e-020
-1.154	5.86732e-020
-1.153	6.00349e-020
-1.152	6.16514e-020
-1.151	6.35968e-020
-1.15	6.59548e-020
-1.149	6.88188e-020
-1.148	7.22922e-020
-1.147	7.64885e-020
-1.146	8.15314e-020
-1.145	8.75548e-020
-1.144	9.47026e-020
-1.143	1.03128e-019
-1.142	1.12993e-019
-1.141	1.2447e-019
-1.14	1.37736e-019
-1.139	1.52977e-019
-1.138	1.70382e-019
-1.137	1.90146e-019
-1.136	2.12466e-019
-1.135	2.37538e-019
-1.134	2.65558e-019
-1.133	2.96716e-019
-1.132	3.31198e-019
-1.131	3.69181e-019
-1.13	4.10828e-019
-1.129	4.5629e-019
-1.128	5.05701e-019
-1.127	5.59171e-019
-1.126	6.16791e-019
-1.125	6.78622e-019
-1.124	7.44697e-019
-1.123	8.15018e-019
-1.122	8.89548e-019
-1.121	9.68217e-019
-1.12	1.05091e-018
-1.119	1.13748e-018
-1.118	1.22773e-018
-1.117	1.32142e-018
-1.116	1.41826e-018
-1.115	1.51794e-018
-1.114	1.62009e-018
-1.113	1.72431e-018
-1.112	1.83015e-018
-1.111	1.93716e-018
-1.11	2.04483e-018
-1.109	2.15266e-018
-1.108	2.26013e-018
-1.107	2.36672e-018
-1.106	2.47192e-018
-1.105	2.57526e-018
-1.104	2.67628e-018
-1.103	2.77459e-018
-1.102	2.86988e-018
-1.101	2.96191e-018
-1.1	3.05056e-018
-1.099	3.13584e-018
-1.098	3.21791e-018
-1.097	3.2971e-018
-1.096	3.37395e-018
-1.095	3.44921e-018
-1.094	3.52387e-018
-1.093	3.59921e-018
-1.092	3.67681e-018
-1.091	3.75855e-018
-1.09	3.84665e-018
-1.089	3.94371e-018
-1.088	4.0527e-018
-1.087	4.17701e-018
-1.086	4.3204e-018
-1.085	4.48711e-018
-1.084	4.68175e-018
-1.083	4.90941e-018
-1.082	5.17559e-018
-1.081	5.48621e-018
-1.08	5.84762e-018
-1.079	6.26652e-018
-1.078	6.75002e-018
-1.077	7.30552e-018
-1.076	7.94072e-018
-1.075	8.66356e-018
-1.074	9.48217e-018
-1.073	1.04048e-017
-1.072	1.14397e-017
-1.071	1.25952e-017
-1.07	1.38794e-017
-1.069	1.53001e-017
-1.068	1.68651e-017
-1.067	1.85815e-017
-1.066	2.0456e-017
-1.065	2.24945e-017
-1.064	2.47023e-017
-1.063	2.70839e-017
-1.062	2.96425e-017
-1.061	3.23806e-017
-1.06	3.52992e-017
-1.059	3.8398e-017
-1.058	4.16755e-017
-1.057	4.51285e-017
-1.056	4.87525e-017
-1.055	5.25413e-017
-1.054	5.6487e-017
-1.053	6.05803e-017
-1.052	6.48101e-017
-1.051	6.91641e-017
-1.05	7.36282e-017
-1.049	7.81874e-017
-1.048	8.28252e-017
-1.047	8.75243e-017
-1.046	9.22668e-017
-1.045	9.70344e-017
-1.044	1.01809e-016
-1.043	1.06572e-016
-1.042	1.11306e-016
-1.041	1.15995e-016
-1.04	1.20626e-016
-1.039	1.25186e-016
-1.038	1.29666e-016
-1.037	1.34061e-016
-1.036	1.3837e-016
-1.035	1.42597e-016
-1.034	1.46753e-016
-1.033	1.50854e-016
-1.032	1.54923e-016
-1.031	1.58993e-016
-1.03	1.63106e-016
-1.029	1.67311e-016
-1.028	1.71671e-016
-1.027	1.76257e-016
-1.026	1.81154e-016
-1.025	1.86459e-016
-1.024	1.92281e-016
-1.023	1.98742e-016
-1.022	2.05981e-016
-1.021	2.14145e-016
-1.02	2.234e-016
-1.019	2.33923e-016
-1.018	2.45904e-016
-1.017	2.59547e-016
-1.016	2.75067e-016
-1.015	2.92691e-016
-1.014	3.12656e-016
-1.013	3.35208e-016
-1.012	3.60599e-016
-1.011	3.89087e-016
-1.01	4.20935e-016
-1.009	4.56405e-016
-1.008	4.95758e-016
-1.007	5.39252e-016
-1.006	5.87139e-016
-1.005	6.39659e-016
-1.004	6.97041e-016
-1.003	7.59499e-016
-1.002	8.27225e-016
-1.001	9.00389e-016
-1	9.79138e-016
-0.999	1.06359e-015
-0.998	1.15382e-015
-0.997	1.24989e-015
-0.996	1.3518e-015
-0.995	1.45953e-015
-0.994	1.573e-015
-0.993	1.69211e-015
-0.992	1.8167e-015
-0.991	1.94656e-015
-0.99	2.08145e-015
-0.989	2.22108e-015
-0.988	2.36512e-015
-0.987	2.51321e-015
-0.986	2.66494e-015
-0.985	2.81989e-015
-0.984	2.9776e-015
-0.983	3.1376e-015
-0.982	3.29943e-015
-0.981	3.4626e-015
-0.98	3.62666e-015
-0.979	3.79117e-015
-0.978	3.95574e-015
-0.977	4.12002e-015
-0.976	4.28375e-015
-0.975	4.44672e-015
-0.974	4.60884e-015
-0.973	4.77014e-015
-0.972	4.93081e-015
-0.971	5.09115e-015
-0.97	5.25167e-015
-0.969	5.41307e-015
-0.968	5.57625e-015
-0.967	5.74238e-015
-0.966	5.91283e-015
-0.965	6.08929e-015
-0.964	6.2737e-015
-0.963	6.46832e-015
-0.962	6.6757e-015
-0.961	6.89874e-015
-0.96	7.14062e-015
-0.959	7.40491e-015
-0.958	7.69549e-015
-0.957	8.01655e-015
-0.956	8.37263e-015
-0.955	8.76857e-015
-0.954	9.2095e-015
-0.953	9.70087e-015
-0.952	1.02483e-014
-0.951	1.08577e-014
-0.95	1.15352e-014
-0.949	1.2287e-014
-0.948	1.31195e-014
-0.947	1.40389e-014
-0.946	1.50518e-014
-0.945	1.61644e-014
-0.944	1.7383e-014
-0.943	1.87136e-014
-0.942	2.0162e-014
-0.941	2.17335e-014
-0.94	2.34334e-014
-0.939	2.52662e-014
-0.938	2.72359e-014
-0.937	2.93461e-014
-0.936	3.15994e-014
-0.935	3.3998e-014
-0.934	3.65433e-014
-0.933	3.92355e-014
-0.932	4.20744e-014
-0.931	4.50585e-014
-0.93	4.81857e-014
-0.929	5.14528e-014
-0.928	5.48556e-014
-0.927	5.83894e-014
-0.926	6.20483e-014
-0.925	6.58256e-014
-0.924	6.97142e-014
-0.923	7.3706e-014
-0.922	7.77929e-014
-0.921	8.1966e-014
-0.92	8.62168e-014
-0.919	9.05364e-014
-0.918	9.49162e-014
-0.917	9.93484e-014
-0.916	1.03826e-013
-0.915	1.08342e-013
-0.914	1.12892e-013
-0.913	1.17474e-013
-0.912	1.22085e-013
-0.911	1.26728e-013
-0.91	1.31406e-013
-0.909	1.36126e-013
-0.908	1.409e-013
-0.907	1.45741e-013
-0.906	1.50668e-013
-0.905	1.55704e-013
-0.904	1.60878e-013
-0.903	1.66223e-013
-0.902	1.71778e-013
-0.901	1.77586e-013
-0.9	1.837e-013
-0.899	1.90176e-013
-0.898	1.97076e-013
-0.897	2.0447e-013
-0.896	2.12434e-013
-0.895	2.21051e-013
-0.894	2.30407e-013
-0.893	2.40597e-013
-0.892	2.5172e-013
-0.891	2.63882e-013
-0.89	2.77192e-013
-0.889	2.91765e-013
-0.888	3.07717e-013
-0.887	3.25169e-013
-0.886	3.44244e-013
-0.885	3.65064e-013
-0.884	3.87755e-013
-0.883	4.12438e-013
-0.882	4.39235e-013
-0.881	4.68265e-013
-0.88	4.99641e-013
-0.879	5.33471e-013
-0.878	5.69859e-013
-0.877	6.08897e-013
-0.876	6.50673e-013
-0.875	6.9526e-013
-0.874	7.42724e-013
-0.873	7.93117e-013
-0.872	8.46477e-013
-0.871	9.02832e-013
-0.87	9.62193e-013
-0.869	1.02456e-012
-0.868	1.08991e-012
-0.867	1.15821e-012
-0.866	1.22942e-012
-0.865	1.30348e-012
-0.864	1.38031e-012
-0.863	1.45983e-012
-0.862	1.54195e-012
-0.861	1.62656e-012
-0.86	1.71356e-012
-0.859	1.80283e-012
-0.858	1.89425e-012
-0.857	1.98773e-012
-0.856	2.08315e-012
-0.855	2.18043e-012
-0.854	2.27948e-012
-0.853	2.38026e-012
-0.852	2.48271e-012
-0.851	2.58685e-012
-0.85	2.6927e-012
-0.849	2.80034e-012
-0.848	2.90987e-012
-0.847	3.02148e-012
-0.846	3.13539e-012
-0.845	3.25188e-012
-0.844	3.37133e-012
-0.843	3.49415e-012
-0.842	3.62087e-012
-0.841	3.75208e-012
-0.84	3.88846e-012
-0.839	4.03079e-012
-0.838	4.17993e-012
-0.837	4.33686e-012
-0.836	4.50262e-012
-0.835	4.67838e-012
-0.834	4.86539e-012
-0.833	5.06502e-012
-0.832	5.2787e-012
-0.831	5.50796e-012
-0.83	5.75444e-012
-0.829	6.01982e-012
-0.828	6.30588e-012
-0.827	6.61445e-012
-0.826	6.94742e-012
-0.825	7.30671e-012
-0.824	7.69428e-012
-0.823	8.11212e-012
-0.822	8.56221e-012
-0.821	9.04651e-012
-0.82	9.56698e-012
-0.819	1.01255e-011
-0.818	1.0724e-011
-0.817	1.13641e-011
-0.816	1.20477e-011
-0.815	1.27762e-011
-0.814	1.35511e-011
-0.813	1.43739e-011
-0.812	1.52456e-011
-0.811	1.61673e-011
-0.81	1.71399e-011
-0.809	1.8164e-011
-0.808	1.92403e-011
-0.807	2.0369e-011
-0.806	2.15503e-011
-0.805	2.27843e-011
-0.804	2.40706e-011
-0.803	2.54091e-011
-0.802	2.67992e-011
-0.801	2.82404e-011
-0.8	2.9732e-011
-0.799	3.12732e-011
-0.798	3.28634e-011
-0.797	3.45017e-011
-0.796	3.61875e-011
-0.795	3.79201e-011
-0.794	3.96991e-011
-0.793	4.15243e-011
-0.792	4.33956e-011
-0.791	4.53134e-011
-0.79	4.72785e-011
-0.789	4.9292e-011
-0.788	5.13557e-011
-0.787	5.34719e-011
-0.786	5.56437e-011
-0.785	5.78748e-011
-0.784	6.01698e-011
-0.783	6.25342e-011
-0.782	6.49743e-011
-0.781	6.74978e-011
-0.78	7.0113e-011
-0.779	7.28296e-011
-0.778	7.56584e-011
-0.777	7.86115e-011
-0.776	8.17022e-011
-0.775	8.49449e-011
-0.774	8.83555e-011
-0.773	9.1951e-011
-0.772	9.57496e-011
-0.771	9.97711e-011
-0.77	1.04036e-010
-0.769	1.08566e-010
-0.768	1.13385e-010
-0.767	1.18515e-010
-0.766	1.23982e-010
-0.765	1.29812e-010
-0.764	1.36031e-010
-0.763	1.42665e-010
-0.762	1.49743e-010
-0.761	1.5729e-010
-0.76	1.65335e-010
-0.759	1.73905e-010
-0.758	1.83028e-010
-0.757	1.92731e-010
-0.756	2.03039e-010
-0.755	2.13978e-010
-0.754	2.25574e-010
-0.753	2.37849e-010
-0.752	2.50826e-010
-0.751	2.64526e-010
-0.75	2.78969e-010
-0.749	2.94173e-010
-0.748	3.10155e-010
-0.747	3.2693e-010
-0.746	3.44511e-010
-0.745	3.6291e-010
-0.744	3.82137e-010
-0.743	4.02203e-010
-0.742	4.23113e-010
-0.741	4.44876e-010
-0.74	4.67497e-010
-0.739	4.90982e-010
-0.738	5.15335e-010
-0.737	5.40564e-010
-0.736	5.66672e-010
-0.735	5.93669e-010
-0.734	6.21563e-010
-0.733	6.50365e-010
-0.732	6.8009e-010
-0.731	7.10754e-010
-0.73	7.42381e-010
-0.729	7.74997e-010
-0.728	8.08634e-010
-0.727	8.43331e-010
-0.726	8.79135e-010
-0.725	9.16099e-010
-0.724	9.54288e-010
-0.723	9.93772e-010
-0.722	1.03463e-009
-0.721	1.07697e-009
-0.72	1.12088e-009
-0.719	1.16649e-009
-0.718	1.21392e-009
-0.717	1.26333e-009
-0.716	1.31485e-009
-0.715	1.36868e-009
-0.714	1.42499e-009
-0.713	1.48399e-009
-0.712	1.54588e-009
-0.711	1.6109e-009
-0.71	1.67929e-009
-0.709	1.75131e-009
-0.708	1.82722e-009
-0.707	1.90732e-009
-0.706	1.99189e-009
-0.705	2.08124e-009
-0.704	2.17569e-009
-0.703	2.27557e-009
-0.702	2.3812e-009
-0.701	2.49294e-009
-0.7	2.61112e-009
-0.699	2.7361e-009
-0.698	2.86823e-009
-0.697	3.00787e-009
-0.696	3.15537e-009
-0.695	3.31109e-009
-0.694	3.47538e-009
-0.693	3.64858e-009
-0.692	3.83103e-009
-0.691	4.02308e-009
-0.69	4.22506e-009
-0.689	4.43727e-009
-0.688	4.66005e-009
-0.687	4.89368e-009
-0.686	5.13848e-009
-0.685	5.39472e-009
-0.684	5.66268e-009
-0.683	5.94265e-009
-0.682	6.2349e-009
-0.681	6.53968e-009
-0.68	6.85728e-009
-0.679	7.18795e-009
-0.678	7.53198e-009
-0.677	7.88964e-009
-0.676	8.26123e-009
-0.675	8.64707e-009
-0.674	9.04749e-009
-0.673	9.46287e-009
-0.672	9.89359e-009
-0.671	1.03401e-008
-0.67	1.08029e-008
-0.669	1.12824e-008
-0.668	1.17794e-008
-0.667	1.22945e-008
-0.666	1.28283e-008
-0.665	1.33818e-008
-0.664	1.39558e-008
-0.663	1.45513e-008
-0.662	1.51695e-008
-0.661	1.58115e-008
-0.66	1.64787e-008
-0.659	1.71726e-008
-0.658	1.78948e-008
-0.657	1.86469e-008
-0.656	1.94309e-008
-0.655	2.02487e-008
-0.654	2.11025e-008
-0.653	2.19947e-008
-0.652	2.29277e-008
-0.651	2.39041e-008
-0.65	2.49267e-008
-0.649	2.59984e-008
-0.648	2.71223e-008
-0.647	2.83016e-008
-0.646	2.95397e-008
-0.645	3.08402e-008
-0.644	3.22066e-008
-0.643	3.36427e-008
-0.642	3.51526e-008
-0.641	3.67401e-008
-0.64	3.84095e-008
-0.639	4.01649e-008
-0.638	4.20107e-008
-0.637	4.39512e-008
-0.636	4.59911e-008
-0.635	4.81347e-008
-0.634	5.03867e-008
-0.633	5.27518e-008
-0.632	5.52346e-008
-0.631	5.78399e-008
-0.63	6.05724e-008
-0.629	6.3437e-008
-0.628	6.64385e-008
-0.627	6.95817e-008
-0.626	7.28716e-008
-0.625	7.6313e-008
-0.624	7.99111e-008
-0.623	8.36708e-008
-0.622	8.75974e-008
-0.621	9.1696e-008
-0.62	9.5972e-008
-0.619	1.00431e-007
-0.618	1.05079e-007
-0.617	1.09921e-007
-0.616	1.14963e-007
-0.615	1.20213e-007
-0.614	1.25677e-007
-0.613	1.31362e-007
-0.612	1.37275e-007
-0.611	1.43425e-007
-0.61	1.4982e-007
-0.609	1.56469e-007
-0.608	1.63383e-007
-0.607	1.70571e-007
-0.606	1.78045e-007
-0.605	1.85817e-007
-0.604	1.93901e-007
-0.603	2.0231e-007
-0.602	2.1106e-007
-0.601	2.20166e-007
-0.6	2.29647e-007
-0.599	2.39521e-007
-0.598	2.49808e-007
-0.597	2.60529e-007
-0.596	2.71707e-007
-0.595	2.83366e-007
-0.594	2.95533e-007
-0.593	3.08235e-007
-0.592	3.215e-007
-0.591	3.35359e-007
-0.59	3.49844e-007
-0.589	3.64989e-007
-0.588	3.80831e-007
-0.587	3.97405e-007
-0.586	4.14752e-007
-0.585	4.32912e-007
-0.584	4.51927e-007
-0.583	4.71841e-007
-0.582	4.927e-007
-0.581	5.14553e-007
-0.58	5.37447e-007
-0.579	5.61433e-007
-0.578	5.86565e-007
-0.577	6.12894e-007
-0.576	6.40478e-007
-0.575	6.69373e-007
-0.574	6.99638e-007
-0.573	7.31332e-007
-0.572	7.64518e-007
-0.571	7.99257e-007
-0.57	8.35616e-007
-0.569	8.73659e-007
-0.568	9.13457e-007
-0.567	9.55076e-007
-0.566	9.98591e-007
-0.565	1.04407e-006
-0.564	1.0916e-006
-0.563	1.14125e-006
-0.562	1.19309e-006
-0.561	1.24722e-006
-0.56	1.30373e-006
-0.559	1.36269e-006
-0.558	1.42419e-006
-0.557	1.48835e-006
-0.556	1.55525e-006
-0.555	1.625e-006
-0.554	1.69771e-006
-0.553	1.77349e-006
-0.552	1.85246e-006
-0.551	1.93475e-006
-0.55	2.02048e-006
-0.549	2.10981e-006
-0.548	2.20288e-006
-0.547	2.29983e-006
-0.546	2.40085e-006
-0.545	2.50609e-006
-0.544	2.61575e-006
-0.543	2.73001e-006
-0.542	2.8491e-006
-0.541	2.97321e-006
-0.54	3.10259e-006
-0.539	3.23748e-006
-0.538	3.37813e-006
-0.537	3.52482e-006
-0.536	3.67783e-006
-0.535	3.83747e-006
-0.534	4.00406e-006
-0.533	4.17794e-006
-0.532	4.35944e-006
-0.531	4.54896e-006
-0.53	4.74687e-006
-0.529	4.95359e-006
-0.528	5.16954e-006
-0.527	5.39518e-006
-0.526	5.63096e-006
-0.525	5.87739e-006
-0.524	6.13497e-006
-0.523	6.40422e-006
-0.522	6.68571e-006
-0.521	6.98002e-006
-0.52	7.28773e-006
-0.519	7.60946e-006
-0.518	7.94588e-006
-0.517	8.29763e-006
-0.516	8.66542e-006
-0.515	9.04998e-006
-0.514	9.45203e-006
-0.513	9.87234e-006
-0.512	1.03117e-005
-0.511	1.0771e-005
-0.51	1.1251e-005
-0.509	1.17527e-005
-0.508	1.22769e-005
-0.507	1.28246e-005
-0.506	1.33968e-005
-0.505	1.39945e-005
-0.504	1.46187e-005
-0.503	1.52706e-005
-0.502	1.59513e-005
-0.501	1.66619e-005
-0.5	1.74038e-005
-0.499	1.81781e-005
-0.498	1.89862e-005
-0.497	1.98294e-005
-0.496	2.07093e-005
-0.495	2.16274e-005
-0.494	2.25851e-005
-0.493	2.35842e-005
-0.492	2.46264e-005
-0.491	2.57134e-005
-0.49	2.68472e-005
-0.489	2.80298e-005
-0.488	2.92631e-005
-0.487	3.05494e-005
-0.486	3.1891e-005
-0.485	3.32902e-005
-0.484	3.47496e-005
-0.483	3.62717e-005
-0.482	3.78595e-005
-0.481	3.95157e-005
-0.48	4.12434e-005
-0.479	4.30458e-005
-0.478	4.49263e-005
-0.477	4.68884e-005
-0.476	4.89358e-005
-0.475	5.10724e-005
-0.474	5.33023e-005
-0.473	5.56296e-005
-0.472	5.80589e-005
-0.471	6.0595e-005
-0.47	6.32425e-005
-0.469	6.60067e-005
-0.468	6.88929e-005
-0.467	7.19068e-005
-0.466	7.5054e-005
-0.465	7.83408e-005
-0.464	8.17736e-005
-0.463	8.53589e-005
-0.462	8.91037e-005
-0.461	9.30151e-005
-0.46	9.71009e-005
-0.459	0.000101369
-0.458	0.000105827
-0.457	0.000110483
-0.456	0.000115348
-0.455	0.000120429
-0.454	0.000125736
-0.453	0.00013128
-0.452	0.00013707
-0.451	0.000143117
-0.45	0.000149434
-0.449	0.00015603
-0.448	0.000162919
-0.447	0.000170113
-0.446	0.000177625
-0.445	0.000185469
-0.444	0.000193659
-0.443	0.000202209
-0.442	0.000211136
-0.441	0.000220455
-0.44	0.000230183
-0.439	0.000240338
-0.438	0.000250937
-0.437	0.000262
-0.436	0.000273547
-0.435	0.000285597
-0.434	0.000298173
-0.433	0.000311298
-0.432	0.000324994
-0.431	0.000339287
-0.43	0.000354201
-0.429	0.000369765
-0.428	0.000386005
-0.427	0.000402951
-0.426	0.000420635
-0.425	0.000439088
-0.424	0.000458344
-0.423	0.000478437
-0.422	0.000499405
-0.421	0.000521287
-0.42	0.000544121
-0.419	0.000567952
-0.418	0.000592822
-0.417	0.000618778
-0.416	0.000645867
-0.415	0.000674141
-0.414	0.000703432
-0.413	0.000733489
-0.412	0.000764222
-0.411	0.00079554
-0.41	0.000827356
-0.409	0.000859579
-0.408	0.000892124
-0.407	0.000924911
-0.406	0.000957862
-0.405	0.000990905
-0.404	0.00102398
-0.403	0.00105702
-0.402	0.00108998
-0.401	0.00112283
-0.4	0.00115553
-0.399	0.00118807
-0.398	0.00122043
-0.397	0.00125262
-0.396	0.00128465
-0.395	0.00131655
-0.394	0.00134835
-0.393	0.0013801
-0.392	0.00141187
-0.391	0.00144371
-0.39	0.00147572
-0.389	0.00150798
-0.388	0.00154059
-0.387	0.00157366
-0.386	0.00160731
-0.385	0.00164165
-0.384	0.00167682
-0.383	0.00171295
-0.382	0.00175017
-0.381	0.00178864
-0.38	0.00182848
-0.379	0.00186984
-0.378	0.00191287
-0.377	0.0019577
-0.376	0.00200448
-0.375	0.00205334
-0.374	0.0021044
-0.373	0.00215781
-0.372	0.00221367
-0.371	0.0022721
-0.37	0.0023332
-0.369	0.00239708
-0.368	0.00246382
-0.367	0.0025335
-0.366	0.00260619
-0.365	0.00268197
-0.364	0.00276334
-0.363	0.00285294
-0.362	0.00295066
-0.361	0.00305633
-0.36	0.00316976
-0.359	0.00329072
-0.358	0.00341893
-0.357	0.00355408
-0.356	0.00369583
-0.355	0.0038438
-0.354	0.0039976
-0.353	0.00415678
-0.352	0.00432091
-0.351	0.00448949
-0.35	0.00466206
-0.349	0.00483809
-0.348	0.00501706
-0.347	0.00519848
-0.346	0.00538179
-0.345	0.00556647
-0.344	0.00575199
-0.343	0.00593784
-0.342	0.0061235
-0.341	0.00630848
-0.34	0.00649229
-0.339	0.00667448
-0.338	0.0068546
-0.337	0.00703224
-0.336	0.00720701
-0.335	0.00737855
-0.334	0.00754655
-0.333	0.0077107
-0.332	0.00787078
-0.331	0.00802656
-0.33	0.00817786
-0.329	0.00832458
-0.328	0.00846661
-0.327	0.00860391
-0.326	0.0087365
-0.325	0.00886441
-0.324	0.00898772
-0.323	0.0091066
-0.322	0.00922121
-0.321	0.00933177
-0.32	0.00943855
-0.319	0.00954184
-0.318	0.009642
-0.317	0.00973941
-0.316	0.00983447
-0.315	0.00992765
-0.314	0.0100194
-0.313	0.0101103
-0.312	0.0102008
-0.311	0.0102914
-0.31	0.0103828
-0.309	0.0104756
-0.308	0.0105703
-0.307	0.0106676
-0.306	0.010768
-0.305	0.0108722
-0.304	0.0109808
-0.303	0.0110945
-0.302	0.0112138
-0.301	0.0113393
-0.3	0.0114716
-0.299	0.0116113
-0.298	0.0117589
-0.297	0.0119149
-0.296	0.0120799
-0.295	0.0122543
-0.294	0.0124385
-0.293	0.0126329
-0.292	0.012838
-0.291	0.013054
-0.29	0.0132812
-0.289	0.0135199
-0.288	0.0137703
-0.287	0.0140325
-0.286	0.0143068
-0.285	0.0145931
-0.284	0.0148915
-0.283	0.0152021
-0.282	0.0155247
-0.281	0.0158594
-0.28	0.0162059
-0.279	0.0165642
-0.278	0.016934
-0.277	0.0173151
-0.276	0.0177073
-0.275	0.0181103
-0.274	0.0185237
-0.273	0.0189472
-0.272	0.0193804
-0.271	0.019823
-0.27	0.0202746
-0.269	0.0207347
-0.268	0.0212029
-0.267	0.0216788
-0.266	0.022162
-0.265	0.0226521
-0.264	0.0231485
-0.263	0.0236509
-0.262	0.0241589
-0.261	0.0246721
-0.26	0.0251901
-0.259	0.0257126
-0.258	0.0262392
-0.257	0.0267696
-0.256	0.0273035
-0.255	0.0278408
-0.254	0.0283811
-0.253	0.0289244
-0.252	0.0294704
-0.251	0.0300192
-0.25	0.0305706
-0.249	0.0311247
-0.248	0.0316815
-0.247	0.032241
-0.246	0.0328035
-0.245	0.033369
-0.244	0.0339379
-0.243	0.0345103
-0.242	0.0350867
-0.241	0.0356674
-0.24	0.0362527
-0.239	0.0368432
-0.238	0.0374393
-0.237	0.0380416
-0.236	0.0386506
-0.235	0.039267
-0.234	0.0398913
-0.233	0.0405244
-0.232	0.0411667
-0.231	0.0418192
-0.23	0.0424825
-0.229	0.0431575
-0.228	0.0438448
-0.227	0.0445453
-0.226	0.0452598
-0.225	0.0459892
-0.224	0.0467341
-0.223	0.0474955
-0.222	0.0482742
-0.221	0.0490709
-0.22	0.0498865
-0.219	0.0507217
-0.218	0.0515774
-0.217	0.0524542
-0.216	0.0533529
-0.215	0.0542742
-0.214	0.0552188
-0.213	0.0561872
-0.212	0.0571803
-0.211	0.0581984
-0.21	0.0592422
-0.209	0.0603122
-0.208	0.0614089
-0.207	0.0625326
-0.206	0.063684
-0.205	0.0648632
-0.204	0.0660707
-0.203	0.0673068
-0.202	0.0685715
-0.201	0.0698654
-0.2	0.0711885
-0.199	0.072541
-0.198	0.0739229
-0.197	0.0753346
-0.196	0.0767759
-0.195	0.0782471
-0.194	0.079748
-0.193	0.0812787
-0.192	0.0828392
-0.191	0.0844296
-0.19	0.0860496
-0.189	0.0876994
-0.188	0.0893789
-0.187	0.091088
-0.186	0.0928269
-0.185	0.0945953
-0.184	0.0963934
-0.183	0.098221
-0.182	0.100078
-0.181	0.101965
-0.18	0.103882
-0.179	0.105829
-0.178	0.107805
-0.177	0.109812
-0.176	0.111849
-0.175	0.113916
-0.174	0.116015
-0.173	0.118144
-0.172	0.120306
-0.171	0.122499
-0.17	0.124724
-0.169	0.126983
-0.168	0.129275
-0.167	0.131602
-0.166	0.133964
-0.165	0.136361
-0.164	0.138794
-0.163	0.141266
-0.162	0.143775
-0.161	0.146324
-0.16	0.148913
-0.159	0.151543
-0.158	0.154216
-0.157	0.156933
-0.156	0.159694
-0.155	0.162503
-0.154	0.165358
-0.153	0.168263
-0.152	0.171218
-0.151	0.174225
-0.15	0.177285
-0.149	0.180401
-0.148	0.183572
-0.147	0.186802
-0.146	0.190092
-0.145	0.193443
-0.144	0.196857
-0.143	0.200335
-0.142	0.20388
-0.141	0.207493
-0.14	0.211175
-0.139	0.214929
-0.138	0.218756
-0.137	0.222658
-0.136	0.226636
-0.135	0.230693
-0.134	0.234829
-0.133	0.239047
-0.132	0.243348
-0.131	0.247733
-0.13	0.252206
-0.129	0.256766
-0.128	0.261416
-0.127	0.266158
-0.126	0.270992
-0.125	0.275921
-0.124	0.280946
-0.123	0.286067
-0.122	0.291289
-0.121	0.29661
-0.12	0.302034
-0.119	0.307562
-0.118	0.313194
-0.117	0.318933
-0.116	0.324779
-0.115	0.330736
-0.114	0.336803
-0.113	0.342982
-0.112	0.349276
-0.111	0.355685
-0.11	0.362211
-0.109	0.368855
-0.108	0.37562
-0.107	0.382506
-0.106	0.389516
-0.105	0.396651
-0.104	0.403912
-0.103	0.411302
-0.102	0.418823
-0.101	0.426476
-0.1	0.434263
