-4	1.45571e-012
-3.999	1.45449e-012
-3.998	1.45409e-012
-3.997	1.45157e-012
-3.996	1.44681e-012
-3.995	1.44091e-012
-3.994	1.43783e-012
-3.993	1.43752e-012
-3.992	1.43525e-012
-3.991	1.43101e-012
-3.99	1.4266e-012
-3.989	1.4214e-012
-3.988	1.41664e-012
-3.987	1.41357e-012
-3.986	1.41047e-012
-3.985	1.40589e-012
-3.984	1.40024e-012
-3.983	1.39459e-012
-3.982	1.3891e-012
-3.981	1.38414e-012
-3.98	1.38022e-012
-3.979	1.37571e-012
-3.978	1.37007e-012
-3.977	1.36511e-012
-3.976	1.35999e-012
-3.975	1.35336e-012
-3.974	1.3468e-012
-3.973	1.34084e-012
-3.972	1.33467e-012
-3.971	1.32839e-012
-3.97	1.32204e-012
-3.969	1.31589e-012
-3.968	1.3107e-012
-3.967	1.30586e-012
-3.966	1.3004e-012
-3.965	1.29453e-012
-3.964	1.28784e-012
-3.963	1.2798e-012
-3.962	1.2725e-012
-3.961	1.26799e-012
-3.96	1.26389e-012
-3.959	1.25654e-012
-3.958	1.2471e-012
-3.957	1.23962e-012
-3.956	1.23393e-012
-3.955	1.22717e-012
-3.954	1.22024e-012
-3.953	1.21483e-012
-3.952	1.20935e-012
-3.951	1.20278e-012
-3.95	1.19621e-012
-3.949	1.18981e-012
-3.948	1.18319e-012
-3.947	1.17701e-012
-3.946	1.17149e-012
-3.945	1.16524e-012
-3.944	1.15784e-012
-3.943	1.15062e-012
-3.942	1.14457e-012
-3.941	1.13923e-012
-3.94	1.13304e-012
-3.939	1.12615e-012
-3.938	1.12053e-012
-3.937	1.11579e-012
-3.936	1.11053e-012
-3.935	1.10527e-012
-3.934	1.09996e-012
-3.933	1.09406e-012
-3.932	1.08886e-012
-3.931	1.08512e-012
-3.93	1.08104e-012
-3.929	1.07478e-012
-3.928	1.0673e-012
-3.927	1.06056e-012
-3.926	1.05519e-012
-3.925	1.05113e-012
-3.924	1.0476e-012
-3.923	1.04363e-012
-3.922	1.03939e-012
-3.921	1.03511e-012
-3.92	1.03174e-012
-3.919	1.03031e-012
-3.918	1.02854e-012
-3.917	1.025e-012
-3.916	1.02117e-012
-3.915	1.01643e-012
-3.914	1.0116e-012
-3.913	1.00962e-012
-3.912	1.00785e-012
-3.911	1.00373e-012
-3.91	1.0009e-012
-3.909	1.0008e-012
-3.908	1.00075e-012
-3.907	9.99394e-013
-3.906	9.9729e-013
-3.905	9.95823e-013
-3.904	9.95329e-013
-3.903	9.93764e-013
-3.902	9.90671e-013
-3.901	9.89131e-013
-3.9	9.89904e-013
-3.899	9.90587e-013
-3.898	9.90961e-013
-3.897	9.90983e-013
-3.896	9.90496e-013
-3.895	9.92226e-013
-3.894	9.95469e-013
-3.893	9.96401e-013
-3.892	9.96552e-013
-3.891	9.98101e-013
-3.89	9.99613e-013
-3.889	1.00138e-012
-3.888	1.00385e-012
-3.887	1.00542e-012
-3.886	1.00708e-012
-3.885	1.01065e-012
-3.884	1.01443e-012
-3.883	1.01794e-012
-3.882	1.02308e-012
-3.881	1.02854e-012
-3.88	1.03261e-012
-3.879	1.03595e-012
-3.878	1.03852e-012
-3.877	1.04248e-012
-3.876	1.0492e-012
-3.875	1.05493e-012
-3.874	1.05954e-012
-3.873	1.06491e-012
-3.872	1.06967e-012
-3.871	1.07506e-012
-3.87	1.08203e-012
-3.869	1.08954e-012
-3.868	1.09776e-012
-3.867	1.10453e-012
-3.866	1.11069e-012
-3.865	1.11921e-012
-3.864	1.12644e-012
-3.863	1.13245e-012
-3.862	1.14165e-012
-3.861	1.15072e-012
-3.86	1.15782e-012
-3.859	1.16658e-012
-3.858	1.17554e-012
-3.857	1.18323e-012
-3.856	1.19275e-012
-3.855	1.20275e-012
-3.854	1.21048e-012
-3.853	1.21972e-012
-3.852	1.23277e-012
-3.851	1.24537e-012
-3.85	1.25512e-012
-3.849	1.26438e-012
-3.848	1.27546e-012
-3.847	1.28803e-012
-3.846	1.29998e-012
-3.845	1.31089e-012
-3.844	1.32178e-012
-3.843	1.33186e-012
-3.842	1.3424e-012
-3.841	1.35564e-012
-3.84	1.36819e-012
-3.839	1.37918e-012
-3.838	1.39237e-012
-3.837	1.40521e-012
-3.836	1.4165e-012
-3.835	1.43052e-012
-3.834	1.44464e-012
-3.833	1.45607e-012
-3.832	1.46878e-012
-3.831	1.48203e-012
-3.83	1.49364e-012
-3.829	1.50807e-012
-3.828	1.5264e-012
-3.827	1.54224e-012
-3.826	1.55261e-012
-3.825	1.56288e-012
-3.824	1.57771e-012
-3.823	1.59444e-012
-3.822	1.60912e-012
-3.821	1.62113e-012
-3.82	1.63295e-012
-3.819	1.64822e-012
-3.818	1.66485e-012
-3.817	1.68013e-012
-3.816	1.69702e-012
-3.815	1.71327e-012
-3.814	1.72567e-012
-3.813	1.74035e-012
-3.812	1.75725e-012
-3.811	1.76929e-012
-3.81	1.7794e-012
-3.809	1.79353e-012
-3.808	1.81137e-012
-3.807	1.82963e-012
-3.806	1.84405e-012
-3.805	1.85687e-012
-3.804	1.87352e-012
-3.803	1.89016e-012
-3.802	1.90358e-012
-3.801	1.91715e-012
-3.8	1.93113e-012
-3.799	1.9467e-012
-3.798	1.96393e-012
-3.797	1.97579e-012
-3.796	1.98567e-012
-3.795	2.00473e-012
-3.794	2.02483e-012
-3.793	2.03504e-012
-3.792	2.04549e-012
-3.791	2.06254e-012
-3.79	2.07852e-012
-3.789	2.09305e-012
-3.788	2.10901e-012
-3.787	2.12107e-012
-3.786	2.13066e-012
-3.785	2.14624e-012
-3.784	2.1635e-012
-3.783	2.1761e-012
-3.782	2.18724e-012
-3.781	2.19914e-012
-3.78	2.21597e-012
-3.779	2.23406e-012
-3.778	2.24278e-012
-3.777	2.25407e-012
-3.776	2.27503e-012
-3.775	2.2875e-012
-3.774	2.29261e-012
-3.773	2.30283e-012
-3.772	2.31441e-012
-3.771	2.328e-012
-3.77	2.34191e-012
-3.769	2.35e-012
-3.768	2.36207e-012
-3.767	2.37888e-012
-3.766	2.38913e-012
-3.765	2.3984e-012
-3.764	2.41158e-012
-3.763	2.4238e-012
-3.762	2.43553e-012
-3.761	2.44617e-012
-3.76	2.45536e-012
-3.759	2.46538e-012
-3.758	2.47436e-012
-3.757	2.48313e-012
-3.756	2.49283e-012
-3.755	2.5e-012
-3.754	2.50561e-012
-3.753	2.51335e-012
-3.752	2.52518e-012
-3.751	2.53623e-012
-3.75	2.54083e-012
-3.749	2.54808e-012
-3.748	2.56024e-012
-3.747	2.56952e-012
-3.746	2.5804e-012
-3.745	2.58931e-012
-3.744	2.59256e-012
-3.743	2.59933e-012
-3.742	2.60353e-012
-3.741	2.60371e-012
-3.74	2.61059e-012
-3.739	2.61889e-012
-3.738	2.62632e-012
-3.737	2.63459e-012
-3.736	2.63705e-012
-3.735	2.6395e-012
-3.734	2.64841e-012
-3.733	2.65457e-012
-3.732	2.65508e-012
-3.731	2.65647e-012
-3.73	2.65895e-012
-3.729	2.66258e-012
-3.728	2.67155e-012
-3.727	2.67986e-012
-3.726	2.67885e-012
-3.725	2.67653e-012
-3.724	2.68117e-012
-3.723	2.68537e-012
-3.722	2.6843e-012
-3.721	2.68394e-012
-3.72	2.68752e-012
-3.719	2.68944e-012
-3.718	2.68782e-012
-3.717	2.69006e-012
-3.716	2.69345e-012
-3.715	2.6921e-012
-3.714	2.69488e-012
-3.713	2.69878e-012
-3.712	2.69451e-012
-3.711	2.69166e-012
-3.71	2.69199e-012
-3.709	2.68973e-012
-3.708	2.68751e-012
-3.707	2.68659e-012
-3.706	2.68924e-012
-3.705	2.69037e-012
-3.704	2.68498e-012
-3.703	2.68276e-012
-3.702	2.68225e-012
-3.701	2.67728e-012
-3.7	2.67343e-012
-3.699	2.67033e-012
-3.698	2.66862e-012
-3.697	2.67158e-012
-3.696	2.67055e-012
-3.695	2.6624e-012
-3.694	2.65833e-012
-3.693	2.65773e-012
-3.692	2.65004e-012
-3.691	2.64418e-012
-3.69	2.64576e-012
-3.689	2.63907e-012
-3.688	2.62965e-012
-3.687	2.62944e-012
-3.686	2.62532e-012
-3.685	2.62007e-012
-3.684	2.62009e-012
-3.683	2.60929e-012
-3.682	2.59569e-012
-3.681	2.594e-012
-3.68	2.59272e-012
-3.679	2.59033e-012
-3.678	2.58776e-012
-3.677	2.57954e-012
-3.676	2.57475e-012
-3.675	2.57378e-012
-3.674	2.56743e-012
-3.673	2.55969e-012
-3.672	2.55392e-012
-3.671	2.54737e-012
-3.67	2.54174e-012
-3.669	2.53903e-012
-3.668	2.53228e-012
-3.667	2.51803e-012
-3.666	2.51134e-012
-3.665	2.51401e-012
-3.664	2.50534e-012
-3.663	2.49139e-012
-3.662	2.48801e-012
-3.661	2.48465e-012
-3.66	2.47971e-012
-3.659	2.47693e-012
-3.658	2.46728e-012
-3.657	2.45706e-012
-3.656	2.45405e-012
-3.655	2.44969e-012
-3.654	2.44204e-012
-3.653	2.43636e-012
-3.652	2.4322e-012
-3.651	2.42625e-012
-3.65	2.41829e-012
-3.649	2.41088e-012
-3.648	2.40433e-012
-3.647	2.39968e-012
-3.646	2.39927e-012
-3.645	2.39541e-012
-3.644	2.38322e-012
-3.643	2.37698e-012
-3.642	2.38144e-012
-3.641	2.37752e-012
-3.64	2.36193e-012
-3.639	2.35542e-012
-3.638	2.35725e-012
-3.637	2.35207e-012
-3.636	2.34482e-012
-3.635	2.33876e-012
-3.634	2.33451e-012
-3.633	2.33593e-012
-3.632	2.3313e-012
-3.631	2.32225e-012
-3.63	2.32101e-012
-3.629	2.31752e-012
-3.628	2.30935e-012
-3.627	2.30701e-012
-3.626	2.30623e-012
-3.625	2.30299e-012
-3.624	2.30176e-012
-3.623	2.29969e-012
-3.622	2.29503e-012
-3.621	2.29167e-012
-3.62	2.28869e-012
-3.619	2.28776e-012
-3.618	2.28791e-012
-3.617	2.28537e-012
-3.616	2.28559e-012
-3.615	2.28393e-012
-3.614	2.27802e-012
-3.613	2.27951e-012
-3.612	2.2805e-012
-3.611	2.27524e-012
-3.61	2.27627e-012
-3.609	2.28122e-012
-3.608	2.28128e-012
-3.607	2.27802e-012
-3.606	2.27877e-012
-3.605	2.2826e-012
-3.604	2.28153e-012
-3.603	2.28151e-012
-3.602	2.28545e-012
-3.601	2.2872e-012
-3.6	2.28744e-012
-3.599	2.28883e-012
-3.598	2.29256e-012
-3.597	2.29232e-012
-3.596	2.29262e-012
-3.595	2.30277e-012
-3.594	2.30732e-012
-3.593	2.30677e-012
-3.592	2.31513e-012
-3.591	2.32008e-012
-3.59	2.32048e-012
-3.589	2.32886e-012
-3.588	2.33488e-012
-3.587	2.33466e-012
-3.586	2.34282e-012
-3.585	2.35032e-012
-3.584	2.34748e-012
-3.583	2.34985e-012
-3.582	2.35833e-012
-3.581	2.36588e-012
-3.58	2.37312e-012
-3.579	2.38055e-012
-3.578	2.39162e-012
-3.577	2.40071e-012
-3.576	2.40779e-012
-3.575	2.41883e-012
-3.574	2.42686e-012
-3.573	2.43273e-012
-3.572	2.43916e-012
-3.571	2.44429e-012
-3.57	2.45307e-012
-3.569	2.46453e-012
-3.568	2.47569e-012
-3.567	2.48848e-012
-3.566	2.49995e-012
-3.565	2.50694e-012
-3.564	2.51513e-012
-3.563	2.52542e-012
-3.562	2.53359e-012
-3.561	2.54287e-012
-3.56	2.55527e-012
-3.559	2.57017e-012
-3.558	2.58304e-012
-3.557	2.59385e-012
-3.556	2.60837e-012
-3.555	2.62119e-012
-3.554	2.63554e-012
-3.553	2.6509e-012
-3.552	2.65862e-012
-3.551	2.67117e-012
-3.55	2.68343e-012
-3.549	2.68935e-012
-3.548	2.70465e-012
-3.547	2.72032e-012
-3.546	2.73304e-012
-3.545	2.74969e-012
-3.544	2.76608e-012
-3.543	2.78303e-012
-3.542	2.79402e-012
-3.541	2.80584e-012
-3.54	2.82116e-012
-3.539	2.83206e-012
-3.538	2.8499e-012
-3.537	2.86709e-012
-3.536	2.88396e-012
-3.535	2.90393e-012
-3.534	2.91267e-012
-3.533	2.93105e-012
-3.532	2.9559e-012
-3.531	2.96251e-012
-3.53	2.9699e-012
-3.529	2.98599e-012
-3.528	3.00374e-012
-3.527	3.02653e-012
-3.526	3.04492e-012
-3.525	3.05355e-012
-3.524	3.06741e-012
-3.523	3.09127e-012
-3.522	3.11118e-012
-3.521	3.12319e-012
-3.52	3.13806e-012
-3.519	3.15455e-012
-3.518	3.16706e-012
-3.517	3.18647e-012
-3.516	3.20991e-012
-3.515	3.22254e-012
-3.514	3.23168e-012
-3.513	3.24945e-012
-3.512	3.2702e-012
-3.511	3.28281e-012
-3.51	3.29785e-012
-3.509	3.32263e-012
-3.508	3.34237e-012
-3.507	3.35501e-012
-3.506	3.3667e-012
-3.505	3.39011e-012
-3.504	3.41517e-012
-3.503	3.41671e-012
-3.502	3.42591e-012
-3.501	3.45236e-012
-3.5	3.47016e-012
-3.499	3.49226e-012
-3.498	3.51228e-012
-3.497	3.51609e-012
-3.496	3.52777e-012
-3.495	3.55514e-012
-3.494	3.57336e-012
-3.493	3.58146e-012
-3.492	3.60026e-012
-3.491	3.61257e-012
-3.49	3.61486e-012
-3.489	3.63433e-012
-3.488	3.65399e-012
-3.487	3.66954e-012
-3.486	3.69665e-012
-3.485	3.71044e-012
-3.484	3.71786e-012
-3.483	3.73881e-012
-3.482	3.75095e-012
-3.481	3.75627e-012
-3.48	3.77186e-012
-3.479	3.78717e-012
-3.478	3.79757e-012
-3.477	3.81667e-012
-3.476	3.83445e-012
-3.475	3.84344e-012
-3.474	3.86128e-012
-3.473	3.87618e-012
-3.472	3.88454e-012
-3.471	3.89833e-012
-3.47	3.91218e-012
-3.469	3.92505e-012
-3.468	3.93144e-012
-3.467	3.9431e-012
-3.466	3.9614e-012
-3.465	3.97209e-012
-3.464	3.98278e-012
-3.463	3.99129e-012
-3.462	4.00298e-012
-3.461	4.01582e-012
-3.46	4.02252e-012
-3.459	4.02958e-012
-3.458	4.03443e-012
-3.457	4.05092e-012
-3.456	4.07375e-012
-3.455	4.0801e-012
-3.454	4.07765e-012
-3.453	4.0913e-012
-3.452	4.11131e-012
-3.451	4.11122e-012
-3.45	4.1179e-012
-3.449	4.12592e-012
-3.448	4.12818e-012
-3.447	4.14563e-012
-3.446	4.14865e-012
-3.445	4.15122e-012
-3.444	4.16146e-012
-3.443	4.16717e-012
-3.442	4.18636e-012
-3.441	4.19067e-012
-3.44	4.18591e-012
-3.439	4.19467e-012
-3.438	4.20059e-012
-3.437	4.20785e-012
-3.436	4.20978e-012
-3.435	4.21123e-012
-3.434	4.22495e-012
-3.433	4.2275e-012
-3.432	4.2259e-012
-3.431	4.23628e-012
-3.43	4.23684e-012
-3.429	4.23559e-012
-3.428	4.24815e-012
-3.427	4.25149e-012
-3.426	4.246e-012
-3.425	4.25229e-012
-3.424	4.25313e-012
-3.423	4.24606e-012
-3.422	4.25738e-012
-3.421	4.2702e-012
-3.42	4.26438e-012
-3.419	4.26086e-012
-3.418	4.27661e-012
-3.417	4.27687e-012
-3.416	4.26461e-012
-3.415	4.27699e-012
-3.414	4.26433e-012
-3.413	4.25535e-012
-3.412	4.27316e-012
-3.411	4.2519e-012
-3.41	4.25086e-012
-3.409	4.26568e-012
-3.408	4.25655e-012
-3.407	4.26711e-012
-3.406	4.27442e-012
-3.405	4.26939e-012
-3.404	4.25931e-012
-3.403	4.25516e-012
-3.402	4.2567e-012
-3.401	4.24847e-012
-3.4	4.24987e-012
-3.399	4.2447e-012
-3.398	4.24221e-012
-3.397	4.25223e-012
-3.396	4.24441e-012
-3.395	4.23827e-012
-3.394	4.2402e-012
-3.393	4.2261e-012
-3.392	4.21404e-012
-3.391	4.21751e-012
-3.39	4.21518e-012
-3.389	4.20723e-012
-3.388	4.20634e-012
-3.387	4.21049e-012
-3.386	4.20223e-012
-3.385	4.19777e-012
-3.384	4.21049e-012
-3.383	4.19716e-012
-3.382	4.17938e-012
-3.381	4.18087e-012
-3.38	4.17188e-012
-3.379	4.17043e-012
-3.378	4.17084e-012
-3.377	4.15214e-012
-3.376	4.14423e-012
-3.375	4.15156e-012
-3.374	4.15166e-012
-3.373	4.14178e-012
-3.372	4.13337e-012
-3.371	4.12818e-012
-3.37	4.12113e-012
-3.369	4.119e-012
-3.368	4.10979e-012
-3.367	4.09975e-012
-3.366	4.10736e-012
-3.365	4.10267e-012
-3.364	4.08889e-012
-3.363	4.087e-012
-3.362	4.08315e-012
-3.361	4.08159e-012
-3.36	4.07142e-012
-3.359	4.05785e-012
-3.358	4.06441e-012
-3.357	4.05863e-012
-3.356	4.0492e-012
-3.355	4.04314e-012
-3.354	4.02518e-012
-3.353	4.02845e-012
-3.352	4.03025e-012
-3.351	4.02061e-012
-3.35	4.01859e-012
-3.349	4.01096e-012
-3.348	4.00636e-012
-3.347	4.00278e-012
-3.346	4.00052e-012
-3.345	4.00123e-012
-3.344	3.99091e-012
-3.343	3.97789e-012
-3.342	3.97306e-012
-3.341	3.97199e-012
-3.34	3.97007e-012
-3.339	3.96585e-012
-3.338	3.96609e-012
-3.337	3.95898e-012
-3.336	3.94577e-012
-3.335	3.95498e-012
-3.334	3.9533e-012
-3.333	3.93931e-012
-3.332	3.94209e-012
-3.331	3.93692e-012
-3.33	3.93742e-012
-3.329	3.94112e-012
-3.328	3.93026e-012
-3.327	3.93194e-012
-3.326	3.93817e-012
-3.325	3.92765e-012
-3.324	3.92175e-012
-3.323	3.9231e-012
-3.322	3.91605e-012
-3.321	3.91215e-012
-3.32	3.9121e-012
-3.319	3.90618e-012
-3.318	3.90352e-012
-3.317	3.91891e-012
-3.316	3.91559e-012
-3.315	3.90404e-012
-3.314	3.92515e-012
-3.313	3.91429e-012
-3.312	3.90391e-012
-3.311	3.91528e-012
-3.31	3.89896e-012
-3.309	3.91111e-012
-3.308	3.92178e-012
-3.307	3.90902e-012
-3.306	3.91209e-012
-3.305	3.9205e-012
-3.304	3.92742e-012
-3.303	3.91955e-012
-3.302	3.92537e-012
-3.301	3.93025e-012
-3.3	3.92498e-012
-3.299	3.93793e-012
-3.298	3.93742e-012
-3.297	3.93428e-012
-3.296	3.93944e-012
-3.295	3.95047e-012
-3.294	3.95558e-012
-3.293	3.94804e-012
-3.292	3.96074e-012
-3.291	3.96577e-012
-3.29	3.95964e-012
-3.289	3.96764e-012
-3.288	3.97336e-012
-3.287	3.98776e-012
-3.286	3.99597e-012
-3.285	3.98177e-012
-3.284	4.00119e-012
-3.283	4.02512e-012
-3.282	4.00902e-012
-3.281	4.01571e-012
-3.28	4.0296e-012
-3.279	4.03077e-012
-3.278	4.04137e-012
-3.277	4.04554e-012
-3.276	4.05434e-012
-3.275	4.06489e-012
-3.274	4.07562e-012
-3.273	4.08713e-012
-3.272	4.09163e-012
-3.271	4.09451e-012
-3.27	4.10926e-012
-3.269	4.12197e-012
-3.268	4.11599e-012
-3.267	4.13376e-012
-3.266	4.14868e-012
-3.265	4.15133e-012
-3.264	4.16377e-012
-3.263	4.17298e-012
-3.262	4.18889e-012
-3.261	4.18867e-012
-3.26	4.2065e-012
-3.259	4.22567e-012
-3.258	4.22931e-012
-3.257	4.25279e-012
-3.256	4.24725e-012
-3.255	4.25991e-012
-3.254	4.28218e-012
-3.253	4.27929e-012
-3.252	4.2999e-012
-3.251	4.30614e-012
-3.25	4.32316e-012
-3.249	4.34535e-012
-3.248	4.35301e-012
-3.247	4.37263e-012
-3.246	4.37394e-012
-3.245	4.39636e-012
-3.244	4.4124e-012
-3.243	4.40219e-012
-3.242	4.41917e-012
-3.241	4.43596e-012
-3.24	4.44695e-012
-3.239	4.46935e-012
-3.238	4.47568e-012
-3.237	4.49409e-012
-3.236	4.52968e-012
-3.235	4.52419e-012
-3.234	4.53771e-012
-3.233	4.5549e-012
-3.232	4.56703e-012
-3.231	4.59041e-012
-3.23	4.5907e-012
-3.229	4.60799e-012
-3.228	4.63251e-012
-3.227	4.64845e-012
-3.226	4.65278e-012
-3.225	4.67774e-012
-3.224	4.68042e-012
-3.223	4.68502e-012
-3.222	4.71736e-012
-3.221	4.70613e-012
-3.22	4.74428e-012
-3.219	4.77622e-012
-3.218	4.75783e-012
-3.217	4.78131e-012
-3.216	4.81412e-012
-3.215	4.8274e-012
-3.214	4.83737e-012
-3.213	4.84746e-012
-3.212	4.85794e-012
-3.211	4.87388e-012
-3.21	4.8904e-012
-3.209	4.91235e-012
-3.208	4.92402e-012
-3.207	4.9357e-012
-3.206	4.95241e-012
-3.205	4.96869e-012
-3.204	4.99171e-012
-3.203	4.99095e-012
-3.202	5.01091e-012
-3.201	5.02671e-012
-3.2	5.01939e-012
-3.199	5.05244e-012
-3.198	5.06914e-012
-3.197	5.0924e-012
-3.196	5.09436e-012
-3.195	5.08616e-012
-3.194	5.1356e-012
-3.193	5.15009e-012
-3.192	5.14838e-012
-3.191	5.17524e-012
-3.19	5.17716e-012
-3.189	5.17771e-012
-3.188	5.22049e-012
-3.187	5.21598e-012
-3.186	5.22862e-012
-3.185	5.24807e-012
-3.184	5.24631e-012
-3.183	5.2779e-012
-3.182	5.26879e-012
-3.181	5.2875e-012
-3.18	5.32255e-012
-3.179	5.32167e-012
-3.178	5.32377e-012
-3.177	5.34615e-012
-3.176	5.35979e-012
-3.175	5.36887e-012
-3.174	5.37909e-012
-3.173	5.38475e-012
-3.172	5.40012e-012
-3.171	5.41153e-012
-3.17	5.42681e-012
-3.169	5.43575e-012
-3.168	5.43289e-012
-3.167	5.43982e-012
-3.166	5.47769e-012
-3.165	5.46946e-012
-3.164	5.47467e-012
-3.163	5.49958e-012
-3.162	5.49001e-012
-3.161	5.5159e-012
-3.16	5.5037e-012
-3.159	5.53419e-012
-3.158	5.55418e-012
-3.157	5.54092e-012
-3.156	5.57208e-012
-3.155	5.57279e-012
-3.154	5.58012e-012
-3.153	5.57449e-012
-3.152	5.59363e-012
-3.151	5.59038e-012
-3.15	5.57608e-012
-3.149	5.60606e-012
-3.148	5.60786e-012
-3.147	5.62915e-012
-3.146	5.63234e-012
-3.145	5.63054e-012
-3.144	5.64875e-012
-3.143	5.63678e-012
-3.142	5.65074e-012
-3.141	5.65277e-012
-3.14	5.65783e-012
-3.139	5.66711e-012
-3.138	5.65151e-012
-3.137	5.68323e-012
-3.136	5.68087e-012
-3.135	5.67432e-012
-3.134	5.71432e-012
-3.133	5.6925e-012
-3.132	5.69102e-012
-3.131	5.70506e-012
-3.13	5.68802e-012
-3.129	5.6997e-012
-3.128	5.71192e-012
-3.127	5.71788e-012
-3.126	5.70309e-012
-3.125	5.71124e-012
-3.124	5.72902e-012
-3.123	5.70165e-012
-3.122	5.71716e-012
-3.121	5.74182e-012
-3.12	5.71486e-012
-3.119	5.7241e-012
-3.118	5.72903e-012
-3.117	5.71179e-012
-3.116	5.74772e-012
-3.115	5.7341e-012
-3.114	5.71155e-012
-3.113	5.73963e-012
-3.112	5.72208e-012
-3.111	5.73428e-012
-3.11	5.72395e-012
-3.109	5.72388e-012
-3.108	5.72065e-012
-3.107	5.71856e-012
-3.106	5.74146e-012
-3.105	5.7036e-012
-3.104	5.73628e-012
-3.103	5.72789e-012
-3.102	5.71231e-012
-3.101	5.72912e-012
-3.1	5.70934e-012
-3.099	5.70465e-012
-3.098	5.71582e-012
-3.097	5.70895e-012
-3.096	5.70376e-012
-3.095	5.71381e-012
-3.094	5.70205e-012
-3.093	5.69684e-012
-3.092	5.6945e-012
-3.091	5.695e-012
-3.09	5.70102e-012
-3.089	5.70154e-012
-3.088	5.68286e-012
-3.087	5.68035e-012
-3.086	5.68463e-012
-3.085	5.66753e-012
-3.084	5.66342e-012
-3.083	5.66541e-012
-3.082	5.67336e-012
-3.081	5.65201e-012
-3.08	5.65506e-012
-3.079	5.66447e-012
-3.078	5.65392e-012
-3.077	5.66033e-012
-3.076	5.64589e-012
-3.075	5.64699e-012
-3.074	5.63258e-012
-3.073	5.64168e-012
-3.072	5.63666e-012
-3.071	5.61238e-012
-3.07	5.60574e-012
-3.069	5.60913e-012
-3.068	5.61598e-012
-3.067	5.60846e-012
-3.066	5.61565e-012
-3.065	5.61804e-012
-3.064	5.58188e-012
-3.063	5.593e-012
-3.062	5.5867e-012
-3.061	5.57429e-012
-3.06	5.57431e-012
-3.059	5.58455e-012
-3.058	5.56764e-012
-3.057	5.5673e-012
-3.056	5.57461e-012
-3.055	5.56819e-012
-3.054	5.56794e-012
-3.053	5.53592e-012
-3.052	5.53337e-012
-3.051	5.54819e-012
-3.05	5.54266e-012
-3.049	5.51869e-012
-3.048	5.53962e-012
-3.047	5.51999e-012
-3.046	5.53543e-012
-3.045	5.54672e-012
-3.044	5.51901e-012
-3.043	5.50941e-012
-3.042	5.51451e-012
-3.041	5.52884e-012
-3.04	5.52558e-012
-3.039	5.54734e-012
-3.038	5.5769e-012
-3.037	5.57762e-012
-3.036	5.61122e-012
-3.035	5.64078e-012
-3.034	5.67017e-012
-3.033	5.71656e-012
-3.032	5.77731e-012
-3.031	5.84373e-012
-3.03	5.87468e-012
-3.029	5.96214e-012
-3.028	6.06479e-012
-3.027	6.14097e-012
-3.026	6.27215e-012
-3.025	6.37573e-012
-3.024	6.51304e-012
-3.023	6.65831e-012
-3.022	6.79869e-012
-3.021	7.02759e-012
-3.02	7.191e-012
-3.019	7.37703e-012
-3.018	7.66201e-012
-3.017	7.91132e-012
-3.016	8.16093e-012
-3.015	8.46192e-012
-3.014	8.77823e-012
-3.013	9.12279e-012
-3.012	9.50041e-012
-3.011	9.90212e-012
-3.01	1.03381e-011
-3.009	1.0781e-011
-3.008	1.1318e-011
-3.007	1.18432e-011
-3.006	1.24014e-011
-3.005	1.30521e-011
-3.004	1.36612e-011
-3.003	1.43772e-011
-3.002	1.51082e-011
-3.001	1.59024e-011
-3	1.67635e-011
-2.999	1.76286e-011
-2.998	1.85671e-011
-2.997	1.95791e-011
-2.996	2.06639e-011
-2.995	2.18214e-011
-2.994	2.3046e-011
-2.993	2.42778e-011
-2.992	2.56547e-011
-2.991	2.70651e-011
-2.99	2.85811e-011
-2.989	3.01472e-011
-2.988	3.18487e-011
-2.987	3.3643e-011
-2.986	3.54591e-011
-2.985	3.75382e-011
-2.984	3.95587e-011
-2.983	4.17895e-011
-2.982	4.4125e-011
-2.981	4.65306e-011
-2.98	4.90968e-011
-2.979	5.17795e-011
-2.978	5.47114e-011
-2.977	5.75833e-011
-2.976	6.07981e-011
-2.975	6.40676e-011
-2.974	6.74714e-011
-2.973	7.12047e-011
-2.972	7.49001e-011
-2.971	7.90431e-011
-2.97	8.31801e-011
-2.969	8.76326e-011
-2.968	9.23771e-011
-2.967	9.7103e-011
-2.966	1.02323e-010
-2.965	1.07621e-010
-2.964	1.131e-010
-2.963	1.19109e-010
-2.962	1.25255e-010
-2.961	1.31576e-010
-2.96	1.38346e-010
-2.959	1.4539e-010
-2.958	1.52985e-010
-2.957	1.60619e-010
-2.956	1.68702e-010
-2.955	1.77275e-010
-2.954	1.86141e-010
-2.953	1.95535e-010
-2.952	2.0525e-010
-2.951	2.15292e-010
-2.95	2.25941e-010
-2.949	2.37347e-010
-2.948	2.48797e-010
-2.947	2.60995e-010
-2.946	2.73862e-010
-2.945	2.87241e-010
-2.944	3.01049e-010
-2.943	3.15705e-010
-2.942	3.30993e-010
-2.941	3.46941e-010
-2.94	3.63675e-010
-2.939	3.80999e-010
-2.938	3.99775e-010
-2.937	4.18675e-010
-2.936	4.38616e-010
-2.935	4.5981e-010
-2.934	4.81444e-010
-2.933	5.04491e-010
-2.932	5.28544e-010
-2.931	5.53337e-010
-2.93	5.79653e-010
-2.929	6.07155e-010
-2.928	6.35708e-010
-2.927	6.65939e-010
-2.926	6.97477e-010
-2.925	7.30375e-010
-2.924	7.64828e-010
-2.923	8.01048e-010
-2.922	8.39197e-010
-2.921	8.7845e-010
-2.92	9.20263e-010
-2.919	9.6389e-010
-2.918	1.0092e-009
-2.917	1.05712e-009
-2.916	1.10727e-009
-2.915	1.15993e-009
-2.914	1.21452e-009
-2.913	1.27235e-009
-2.912	1.33273e-009
-2.911	1.39644e-009
-2.91	1.46273e-009
-2.909	1.53312e-009
-2.908	1.60634e-009
-2.907	1.68271e-009
-2.906	1.76373e-009
-2.905	1.84839e-009
-2.904	1.93771e-009
-2.903	2.03116e-009
-2.902	2.13001e-009
-2.901	2.23284e-009
-2.9	2.34144e-009
-2.899	2.4558e-009
-2.898	2.57566e-009
-2.897	2.70098e-009
-2.896	2.83409e-009
-2.895	2.97309e-009
-2.894	3.11886e-009
-2.893	3.27353e-009
-2.892	3.43513e-009
-2.891	3.60638e-009
-2.89	3.78518e-009
-2.889	3.97309e-009
-2.888	4.17252e-009
-2.887	4.38082e-009
-2.886	4.60069e-009
-2.885	4.8325e-009
-2.884	5.07597e-009
-2.883	5.33387e-009
-2.882	5.60347e-009
-2.881	5.88856e-009
-2.88	6.18777e-009
-2.879	6.50429e-009
-2.878	6.83688e-009
-2.877	7.18587e-009
-2.876	7.55445e-009
-2.875	7.94221e-009
-2.874	8.35086e-009
-2.873	8.78132e-009
-2.872	9.23537e-009
-2.871	9.71272e-009
-2.87	1.02159e-008
-2.869	1.07443e-008
-2.868	1.13041e-008
-2.867	1.18907e-008
-2.866	1.25092e-008
-2.865	1.31604e-008
-2.864	1.38466e-008
-2.863	1.45704e-008
-2.862	1.53289e-008
-2.861	1.61306e-008
-2.86	1.69738e-008
-2.859	1.78608e-008
-2.858	1.87955e-008
-2.857	1.9778e-008
-2.856	2.08141e-008
-2.855	2.1903e-008
-2.854	2.30479e-008
-2.853	2.42559e-008
-2.852	2.55236e-008
-2.851	2.68584e-008
-2.85	2.82618e-008
-2.849	2.97392e-008
-2.848	3.12901e-008
-2.847	3.29245e-008
-2.846	3.46418e-008
-2.845	3.64442e-008
-2.844	3.8345e-008
-2.843	4.03383e-008
-2.842	4.2433e-008
-2.841	4.46369e-008
-2.84	4.69523e-008
-2.839	4.93812e-008
-2.838	5.19394e-008
-2.837	5.46199e-008
-2.836	5.74366e-008
-2.835	6.03948e-008
-2.834	6.34996e-008
-2.833	6.67637e-008
-2.832	7.01816e-008
-2.831	7.37775e-008
-2.83	7.75451e-008
-2.829	8.15014e-008
-2.828	8.5653e-008
-2.827	9.0006e-008
-2.826	9.45793e-008
-2.825	9.93669e-008
-2.824	1.04394e-007
-2.823	1.09662e-007
-2.822	1.1519e-007
-2.821	1.20984e-007
-2.82	1.27051e-007
-2.819	1.33425e-007
-2.818	1.40094e-007
-2.817	1.47086e-007
-2.816	1.54421e-007
-2.815	1.62093e-007
-2.814	1.70144e-007
-2.813	1.78573e-007
-2.812	1.87407e-007
-2.811	1.96653e-007
-2.81	2.0635e-007
-2.809	2.16507e-007
-2.808	2.27134e-007
-2.807	2.38286e-007
-2.806	2.49942e-007
-2.805	2.62171e-007
-2.804	2.7496e-007
-2.803	2.88368e-007
-2.802	3.02397e-007
-2.801	3.17091e-007
-2.8	3.32487e-007
-2.799	3.48605e-007
-2.798	3.65472e-007
-2.797	3.83151e-007
-2.796	4.01663e-007
-2.795	4.21037e-007
-2.794	4.41345e-007
-2.793	4.62604e-007
-2.792	4.8487e-007
-2.791	5.08192e-007
-2.79	5.32617e-007
-2.789	5.58208e-007
-2.788	5.85013e-007
-2.787	6.13093e-007
-2.786	6.42509e-007
-2.785	6.73339e-007
-2.784	7.05638e-007
-2.783	7.39479e-007
-2.782	7.74969e-007
-2.781	8.1213e-007
-2.78	8.51115e-007
-2.779	8.91958e-007
-2.778	9.34799e-007
-2.777	9.79704e-007
-2.776	1.0268e-006
-2.775	1.07619e-006
-2.774	1.12799e-006
-2.773	1.18234e-006
-2.772	1.23935e-006
-2.771	1.29918e-006
-2.77	1.36193e-006
-2.769	1.42783e-006
-2.768	1.49696e-006
-2.767	1.56957e-006
-2.766	1.64578e-006
-2.765	1.7258e-006
-2.764	1.80986e-006
-2.763	1.89811e-006
-2.762	1.99085e-006
-2.761	2.08824e-006
-2.76	2.19059e-006
-2.759	2.29813e-006
-2.758	2.41117e-006
-2.757	2.52993e-006
-2.756	2.65483e-006
-2.755	2.78609e-006
-2.754	2.92412e-006
-2.753	3.06925e-006
-2.752	3.22189e-006
-2.751	3.3824e-006
-2.75	3.55125e-006
-2.749	3.72889e-006
-2.748	3.91571e-006
-2.747	4.11232e-006
-2.746	4.31916e-006
-2.745	4.53683e-006
-2.744	4.76587e-006
-2.743	5.00693e-006
-2.742	5.26062e-006
-2.741	5.52768e-006
-2.74	5.80872e-006
-2.739	6.1046e-006
-2.738	6.41604e-006
-2.737	6.74389e-006
-2.736	7.08901e-006
-2.735	7.4524e-006
-2.734	7.83492e-006
-2.733	8.23762e-006
-2.732	8.66157e-006
-2.731	9.10794e-006
-2.73	9.57785e-006
-2.729	1.00726e-005
-2.728	1.05934e-005
-2.727	1.11417e-005
-2.726	1.17189e-005
-2.725	1.23265e-005
-2.724	1.29661e-005
-2.723	1.36395e-005
-2.722	1.43482e-005
-2.721	1.50941e-005
-2.72	1.58791e-005
-2.719	1.67054e-005
-2.718	1.75749e-005
-2.717	1.84898e-005
-2.716	1.94526e-005
-2.715	2.04655e-005
-2.714	2.15313e-005
-2.713	2.26234e-005
-2.712	2.374e-005
-2.711	2.48795e-005
-2.71	2.60399e-005
-2.709	2.72193e-005
-2.708	2.84159e-005
-2.707	2.96277e-005
-2.706	3.08527e-005
-2.705	3.20889e-005
-2.704	3.33343e-005
-2.703	3.4587e-005
-2.702	3.58447e-005
-2.701	3.71056e-005
-2.7	3.83676e-005
-2.699	3.96285e-005
-2.698	4.08865e-005
-2.697	4.21393e-005
-2.696	4.33851e-005
-2.695	4.46217e-005
-2.694	4.58471e-005
-2.693	4.70595e-005
-2.692	4.82569e-005
-2.691	4.94372e-005
-2.69	5.05988e-005
-2.689	5.17396e-005
-2.688	5.28579e-005
-2.687	5.39519e-005
-2.686	5.50199e-005
-2.685	5.60602e-005
-2.684	5.70712e-005
-2.683	5.80514e-005
-2.682	5.89991e-005
-2.681	5.99129e-005
-2.68	6.07915e-005
-2.679	6.16336e-005
-2.678	6.24379e-005
-2.677	6.32031e-005
-2.676	6.39281e-005
-2.675	6.4612e-005
-2.674	6.52538e-005
-2.673	6.58526e-005
-2.672	6.64076e-005
-2.671	6.6918e-005
-2.67	6.73832e-005
-2.669	6.78026e-005
-2.668	6.81758e-005
-2.667	6.85024e-005
-2.666	6.8782e-005
-2.665	6.90145e-005
-2.664	6.91996e-005
-2.663	6.93374e-005
-2.662	6.94279e-005
-2.661	6.94712e-005
-2.66	6.94676e-005
-2.659	6.94173e-005
-2.658	6.93207e-005
-2.657	6.91782e-005
-2.656	6.89905e-005
-2.655	6.87581e-005
-2.654	6.84818e-005
-2.653	6.81624e-005
-2.652	6.78007e-005
-2.651	6.73977e-005
-2.65	6.69544e-005
-2.649	6.6472e-005
-2.648	6.59515e-005
-2.647	6.53943e-005
-2.646	6.48016e-005
-2.645	6.41747e-005
-2.644	6.35152e-005
-2.643	6.28245e-005
-2.642	6.21043e-005
-2.641	6.1356e-005
-2.64	6.05813e-005
-2.639	5.9782e-005
-2.638	5.89598e-005
-2.637	5.81163e-005
-2.636	5.72536e-005
-2.635	5.63735e-005
-2.634	5.54777e-005
-2.633	5.45684e-005
-2.632	5.36474e-005
-2.631	5.27166e-005
-2.63	5.17781e-005
-2.629	5.08338e-005
-2.628	4.98858e-005
-2.627	4.8936e-005
-2.626	4.79866e-005
-2.625	4.70394e-005
-2.624	4.60966e-005
-2.623	4.51601e-005
-2.622	4.42319e-005
-2.621	4.33139e-005
-2.62	4.24082e-005
-2.619	4.15167e-005
-2.618	4.06413e-005
-2.617	3.97838e-005
-2.616	3.89461e-005
-2.615	3.81301e-005
-2.614	3.73374e-005
-2.613	3.65698e-005
-2.612	3.58291e-005
-2.611	3.51169e-005
-2.61	3.44346e-005
-2.609	3.37839e-005
-2.608	3.31662e-005
-2.607	3.2583e-005
-2.606	3.20355e-005
-2.605	3.15252e-005
-2.604	3.10531e-005
-2.603	3.06206e-005
-2.602	3.02285e-005
-2.601	2.9878e-005
-2.6	2.957e-005
-2.599	2.93053e-005
-2.598	2.90847e-005
-2.597	2.89089e-005
-2.596	2.87786e-005
-2.595	2.86944e-005
-2.594	2.86565e-005
-2.593	2.86654e-005
-2.592	2.87214e-005
-2.591	2.88248e-005
-2.59	2.89756e-005
-2.589	2.91739e-005
-2.588	2.94196e-005
-2.587	2.97126e-005
-2.586	3.00528e-005
-2.585	3.04397e-005
-2.584	3.08731e-005
-2.583	3.13525e-005
-2.582	3.18773e-005
-2.581	3.2447e-005
-2.58	3.30607e-005
-2.579	3.37178e-005
-2.578	3.44174e-005
-2.577	3.51585e-005
-2.576	3.59403e-005
-2.575	3.67616e-005
-2.574	3.76213e-005
-2.573	3.85181e-005
-2.572	3.94509e-005
-2.571	4.04183e-005
-2.57	4.14189e-005
-2.569	4.24512e-005
-2.568	4.35138e-005
-2.567	4.46052e-005
-2.566	4.57237e-005
-2.565	4.68677e-005
-2.564	4.80355e-005
-2.563	4.92255e-005
-2.562	5.04357e-005
-2.561	5.16646e-005
-2.56	5.29101e-005
-2.559	5.41706e-005
-2.558	5.54442e-005
-2.557	5.67289e-005
-2.556	5.80228e-005
-2.555	5.93242e-005
-2.554	6.06309e-005
-2.553	6.19411e-005
-2.552	6.32529e-005
-2.551	6.45643e-005
-2.55	6.58735e-005
-2.549	6.71785e-005
-2.548	6.84774e-005
-2.547	6.97683e-005
-2.546	7.10494e-005
-2.545	7.23188e-005
-2.544	7.35747e-005
-2.543	7.48154e-005
-2.542	7.6039e-005
-2.541	7.7244e-005
-2.54	7.84284e-005
-2.539	7.95908e-005
-2.538	8.07295e-005
-2.537	8.18431e-005
-2.536	8.293e-005
-2.535	8.39886e-005
-2.534	8.50176e-005
-2.533	8.60158e-005
-2.532	8.69819e-005
-2.531	8.79146e-005
-2.53	8.88128e-005
-2.529	8.96754e-005
-2.528	9.05013e-005
-2.527	9.12898e-005
-2.526	9.20398e-005
-2.525	9.27506e-005
-2.524	9.34214e-005
-2.523	9.40515e-005
-2.522	9.46406e-005
-2.521	9.51879e-005
-2.52	9.56933e-005
-2.519	9.61561e-005
-2.518	9.65763e-005
-2.517	9.69536e-005
-2.516	9.72879e-005
-2.515	9.75792e-005
-2.514	9.78275e-005
-2.513	9.80332e-005
-2.512	9.81961e-005
-2.511	9.83169e-005
-2.51	9.83957e-005
-2.509	9.84331e-005
-2.508	9.84294e-005
-2.507	9.83854e-005
-2.506	9.83018e-005
-2.505	9.81792e-005
-2.504	9.80185e-005
-2.503	9.78206e-005
-2.502	9.75864e-005
-2.501	9.73169e-005
-2.5	9.70134e-005
-2.499	9.66767e-005
-2.498	9.63083e-005
-2.497	9.59092e-005
-2.496	9.5481e-005
-2.495	9.50248e-005
-2.494	9.45424e-005
-2.493	9.40348e-005
-2.492	9.35037e-005
-2.491	9.29507e-005
-2.49	9.23773e-005
-2.489	9.17852e-005
-2.488	9.11762e-005
-2.487	9.05518e-005
-2.486	8.99136e-005
-2.485	8.92635e-005
-2.484	8.86033e-005
-2.483	8.79346e-005
-2.482	8.72594e-005
-2.481	8.65794e-005
-2.48	8.58964e-005
-2.479	8.52121e-005
-2.478	8.45286e-005
-2.477	8.38473e-005
-2.476	8.31704e-005
-2.475	8.24995e-005
-2.474	8.18363e-005
-2.473	8.11828e-005
-2.472	8.05405e-005
-2.471	7.99114e-005
-2.47	7.92969e-005
-2.469	7.86987e-005
-2.468	7.81186e-005
-2.467	7.75582e-005
-2.466	7.7019e-005
-2.465	7.65026e-005
-2.464	7.60103e-005
-2.463	7.55436e-005
-2.462	7.51041e-005
-2.461	7.4693e-005
-2.46	7.43115e-005
-2.459	7.3961e-005
-2.458	7.36426e-005
-2.457	7.33575e-005
-2.456	7.31068e-005
-2.455	7.28912e-005
-2.454	7.2712e-005
-2.453	7.25699e-005
-2.452	7.24658e-005
-2.451	7.24003e-005
-2.45	7.23742e-005
-2.449	7.2388e-005
-2.448	7.24423e-005
-2.447	7.25375e-005
-2.446	7.2674e-005
-2.445	7.28522e-005
-2.444	7.30722e-005
-2.443	7.33344e-005
-2.442	7.36386e-005
-2.441	7.3985e-005
-2.44	7.43734e-005
-2.439	7.48038e-005
-2.438	7.52759e-005
-2.437	7.57896e-005
-2.436	7.63444e-005
-2.435	7.69401e-005
-2.434	7.75759e-005
-2.433	7.82514e-005
-2.432	7.89659e-005
-2.431	7.97188e-005
-2.43	8.05094e-005
-2.429	8.13369e-005
-2.428	8.22001e-005
-2.427	8.30985e-005
-2.426	8.40309e-005
-2.425	8.49961e-005
-2.424	8.59933e-005
-2.423	8.70213e-005
-2.422	8.80786e-005
-2.421	8.91642e-005
-2.42	9.02766e-005
-2.419	9.14147e-005
-2.418	9.2577e-005
-2.417	9.37622e-005
-2.416	9.49686e-005
-2.415	9.61948e-005
-2.414	9.74395e-005
-2.413	9.8701e-005
-2.412	9.99777e-005
-2.411	0.000101268
-2.41	0.000102571
-2.409	0.000103884
-2.408	0.000105205
-2.407	0.000106534
-2.406	0.000107869
-2.405	0.000109207
-2.404	0.000110548
-2.403	0.000111889
-2.402	0.000113229
-2.401	0.000114567
-2.4	0.000115901
-2.399	0.000117228
-2.398	0.000118548
-2.397	0.00011986
-2.396	0.00012116
-2.395	0.000122449
-2.394	0.000123725
-2.393	0.000124985
-2.392	0.000126229
-2.391	0.000127456
-2.39	0.000128663
-2.389	0.00012985
-2.388	0.000131016
-2.387	0.000132158
-2.386	0.000133277
-2.385	0.000134371
-2.384	0.000135439
-2.383	0.000136479
-2.382	0.000137492
-2.381	0.000138476
-2.38	0.000139429
-2.379	0.000140353
-2.378	0.000141245
-2.377	0.000142105
-2.376	0.000142933
-2.375	0.000143728
-2.374	0.000144489
-2.373	0.000145217
-2.372	0.00014591
-2.371	0.000146569
-2.37	0.000147193
-2.369	0.000147783
-2.368	0.000148337
-2.367	0.000148857
-2.366	0.000149342
-2.365	0.000149793
-2.364	0.000150209
-2.363	0.000150591
-2.362	0.000150939
-2.361	0.000151254
-2.36	0.000151536
-2.359	0.000151785
-2.358	0.000152003
-2.357	0.000152189
-2.356	0.000152345
-2.355	0.000152471
-2.354	0.000152568
-2.353	0.000152637
-2.352	0.000152679
-2.351	0.000152694
-2.35	0.000152685
-2.349	0.000152651
-2.348	0.000152594
-2.347	0.000152515
-2.346	0.000152415
-2.345	0.000152296
-2.344	0.000152159
-2.343	0.000152004
-2.342	0.000151834
-2.341	0.00015165
-2.34	0.000151452
-2.339	0.000151243
-2.338	0.000151024
-2.337	0.000150796
-2.336	0.00015056
-2.335	0.000150319
-2.334	0.000150074
-2.333	0.000149825
-2.332	0.000149575
-2.331	0.000149325
-2.33	0.000149076
-2.329	0.000148831
-2.328	0.000148589
-2.327	0.000148354
-2.326	0.000148126
-2.325	0.000147906
-2.324	0.000147697
-2.323	0.000147499
-2.322	0.000147315
-2.321	0.000147144
-2.32	0.000146989
-2.319	0.000146851
-2.318	0.000146731
-2.317	0.00014663
-2.316	0.000146549
-2.315	0.000146491
-2.314	0.000146455
-2.313	0.000146443
-2.312	0.000146455
-2.311	0.000146494
-2.31	0.00014656
-2.309	0.000146653
-2.308	0.000146774
-2.307	0.000146925
-2.306	0.000147106
-2.305	0.000147318
-2.304	0.000147561
-2.303	0.000147836
-2.302	0.000148143
-2.301	0.000148484
-2.3	0.000148857
-2.299	0.000149265
-2.298	0.000149706
-2.297	0.000150182
-2.296	0.000150692
-2.295	0.000151236
-2.294	0.000151815
-2.293	0.000152429
-2.292	0.000153077
-2.291	0.00015376
-2.29	0.000154476
-2.289	0.000155227
-2.288	0.000156012
-2.287	0.000156829
-2.286	0.00015768
-2.285	0.000158564
-2.284	0.000159479
-2.283	0.000160426
-2.282	0.000161404
-2.281	0.000162412
-2.28	0.00016345
-2.279	0.000164516
-2.278	0.000165611
-2.277	0.000166732
-2.276	0.00016788
-2.275	0.000169054
-2.274	0.000170252
-2.273	0.000171473
-2.272	0.000172717
-2.271	0.000173982
-2.27	0.000175268
-2.269	0.000176573
-2.268	0.000177895
-2.267	0.000179235
-2.266	0.000180591
-2.265	0.000181961
-2.264	0.000183345
-2.263	0.000184741
-2.262	0.000186147
-2.261	0.000187564
-2.26	0.000188989
-2.259	0.000190421
-2.258	0.000191859
-2.257	0.000193301
-2.256	0.000194747
-2.255	0.000196196
-2.254	0.000197645
-2.253	0.000199094
-2.252	0.000200541
-2.251	0.000201985
-2.25	0.000203426
-2.249	0.000204861
-2.248	0.00020629
-2.247	0.000207712
-2.246	0.000209125
-2.245	0.000210528
-2.244	0.000211921
-2.243	0.000213302
-2.242	0.00021467
-2.241	0.000216025
-2.24	0.000217365
-2.239	0.000218689
-2.238	0.000219997
-2.237	0.000221288
-2.236	0.000222561
-2.235	0.000223815
-2.234	0.000225049
-2.233	0.000226264
-2.232	0.000227458
-2.231	0.00022863
-2.23	0.000229781
-2.229	0.00023091
-2.228	0.000232016
-2.227	0.000233099
-2.226	0.000234158
-2.225	0.000235194
-2.224	0.000236206
-2.223	0.000237195
-2.222	0.000238159
-2.221	0.000239098
-2.22	0.000240014
-2.219	0.000240905
-2.218	0.000241772
-2.217	0.000242615
-2.216	0.000243435
-2.215	0.00024423
-2.214	0.000245003
-2.213	0.000245752
-2.212	0.000246479
-2.211	0.000247183
-2.21	0.000247866
-2.209	0.000248527
-2.208	0.000249168
-2.207	0.000249789
-2.206	0.000250389
-2.205	0.000250971
-2.204	0.000251535
-2.203	0.000252081
-2.202	0.00025261
-2.201	0.000253124
-2.2	0.000253623
-2.199	0.000254107
-2.198	0.000254578
-2.197	0.000255036
-2.196	0.000255483
-2.195	0.000255919
-2.194	0.000256346
-2.193	0.000256765
-2.192	0.000257175
-2.191	0.00025758
-2.19	0.000257978
-2.189	0.000258373
-2.188	0.000258764
-2.187	0.000259153
-2.186	0.00025954
-2.185	0.000259927
-2.184	0.000260316
-2.183	0.000260706
-2.182	0.0002611
-2.181	0.000261497
-2.18	0.0002619
-2.179	0.000262309
-2.178	0.000262727
-2.177	0.000263152
-2.176	0.000263586
-2.175	0.000264031
-2.174	0.000264488
-2.173	0.000264957
-2.172	0.000265439
-2.171	0.000265936
-2.17	0.000266448
-2.169	0.000266976
-2.168	0.000267521
-2.167	0.000268084
-2.166	0.000268665
-2.165	0.000269266
-2.164	0.000269887
-2.163	0.000270528
-2.162	0.000271192
-2.161	0.000271877
-2.16	0.000272584
-2.159	0.000273316
-2.158	0.000274071
-2.157	0.00027485
-2.156	0.000275654
-2.155	0.000276483
-2.154	0.000277338
-2.153	0.000278218
-2.152	0.000279125
-2.151	0.000280058
-2.15	0.000281018
-2.149	0.000282004
-2.148	0.000283017
-2.147	0.000284057
-2.146	0.000285124
-2.145	0.000286218
-2.144	0.000287338
-2.143	0.000288486
-2.142	0.000289661
-2.141	0.000290862
-2.14	0.000292089
-2.139	0.000293342
-2.138	0.000294621
-2.137	0.000295926
-2.136	0.000297256
-2.135	0.000298611
-2.134	0.000299989
-2.133	0.000301392
-2.132	0.000302818
-2.131	0.000304267
-2.13	0.000305739
-2.129	0.000307232
-2.128	0.000308746
-2.127	0.000310281
-2.126	0.000311835
-2.125	0.000313409
-2.124	0.000315001
-2.123	0.000316611
-2.122	0.000318238
-2.121	0.000319881
-2.12	0.000321539
-2.119	0.000323212
-2.118	0.000324899
-2.117	0.0003266
-2.116	0.000328312
-2.115	0.000330035
-2.114	0.000331769
-2.113	0.000333512
-2.112	0.000335265
-2.111	0.000337026
-2.11	0.000338793
-2.109	0.000340567
-2.108	0.000342346
-2.107	0.000344129
-2.106	0.000345916
-2.105	0.000347707
-2.104	0.000349499
-2.103	0.000351292
-2.102	0.000353086
-2.101	0.000354879
-2.1	0.000356671
-2.099	0.000358462
-2.098	0.000360249
-2.097	0.000362033
-2.096	0.000363814
-2.095	0.000365589
-2.094	0.000367359
-2.093	0.000369123
-2.092	0.00037088
-2.091	0.00037263
-2.09	0.000374372
-2.089	0.000376105
-2.088	0.00037783
-2.087	0.000379545
-2.086	0.000381251
-2.085	0.000382947
-2.084	0.000384631
-2.083	0.000386305
-2.082	0.000387968
-2.081	0.000389619
-2.08	0.000391259
-2.079	0.000392886
-2.078	0.000394501
-2.077	0.000396103
-2.076	0.000397693
-2.075	0.000399271
-2.074	0.000400836
-2.073	0.000402388
-2.072	0.000403927
-2.071	0.000405454
-2.07	0.000406968
-2.069	0.00040847
-2.068	0.000409959
-2.067	0.000411436
-2.066	0.000412902
-2.065	0.000414356
-2.064	0.000415798
-2.063	0.000417229
-2.062	0.000418649
-2.061	0.000420059
-2.06	0.000421459
-2.059	0.000422849
-2.058	0.000424229
-2.057	0.000425601
-2.056	0.000426965
-2.055	0.000428321
-2.054	0.00042967
-2.053	0.000431011
-2.052	0.000432348
-2.051	0.000433678
-2.05	0.000435003
-2.049	0.000436323
-2.048	0.00043764
-2.047	0.000438954
-2.046	0.000440266
-2.045	0.000441576
-2.044	0.000442885
-2.043	0.000444193
-2.042	0.000445503
-2.041	0.000446813
-2.04	0.000448125
-2.039	0.000449439
-2.038	0.000450756
-2.037	0.000452078
-2.036	0.000453404
-2.035	0.000454735
-2.034	0.000456072
-2.033	0.000457416
-2.032	0.000458768
-2.031	0.000460127
-2.03	0.000461496
-2.029	0.000462875
-2.028	0.000464263
-2.027	0.000465662
-2.026	0.000467074
-2.025	0.000468497
-2.024	0.000469932
-2.023	0.000471382
-2.022	0.000472845
-2.021	0.000474323
-2.02	0.000475816
-2.019	0.000477325
-2.018	0.00047885
-2.017	0.000480392
-2.016	0.000481951
-2.015	0.000483527
-2.014	0.000485122
-2.013	0.000486735
-2.012	0.000488367
-2.011	0.000490017
-2.01	0.000491689
-2.009	0.00049338
-2.008	0.00049509
-2.007	0.000496821
-2.006	0.000498573
-2.005	0.000500346
-2.004	0.000502141
-2.003	0.000503956
-2.002	0.000505792
-2.001	0.00050765
-2	0.00050953
-1.999	0.000511431
-1.998	0.000513355
-1.997	0.0005153
-1.996	0.000517266
-1.995	0.000519254
-1.994	0.000521264
-1.993	0.000523295
-1.992	0.000525347
-1.991	0.000527421
-1.99	0.000529516
-1.989	0.000531632
-1.988	0.000533768
-1.987	0.000535924
-1.986	0.000538101
-1.985	0.000540297
-1.984	0.000542513
-1.983	0.000544749
-1.982	0.000547003
-1.981	0.000549276
-1.98	0.000551567
-1.979	0.000553876
-1.978	0.000556202
-1.977	0.000558546
-1.976	0.000560906
-1.975	0.000563282
-1.974	0.000565674
-1.973	0.000568081
-1.972	0.000570502
-1.971	0.000572939
-1.97	0.000575389
-1.969	0.000577853
-1.968	0.00058033
-1.967	0.000582818
-1.966	0.000585319
-1.965	0.000587831
-1.964	0.000590354
-1.963	0.000592888
-1.962	0.000595431
-1.961	0.000597983
-1.96	0.000600545
-1.959	0.000603115
-1.958	0.000605693
-1.957	0.000608278
-1.956	0.00061087
-1.955	0.000613469
-1.954	0.000616075
-1.953	0.000618685
-1.952	0.000621301
-1.951	0.00062392
-1.95	0.000626545
-1.949	0.000629173
-1.948	0.000631805
-1.947	0.00063444
-1.946	0.000637077
-1.945	0.000639717
-1.944	0.000642359
-1.943	0.000645003
-1.942	0.000647649
-1.941	0.000650294
-1.94	0.000652941
-1.939	0.000655588
-1.938	0.000658237
-1.937	0.000660885
-1.936	0.000663532
-1.935	0.00066618
-1.934	0.000668827
-1.933	0.000671475
-1.932	0.000674121
-1.931	0.000676766
-1.93	0.00067941
-1.929	0.000682054
-1.928	0.000684696
-1.927	0.000687339
-1.926	0.000689979
-1.925	0.000692618
-1.924	0.000695257
-1.923	0.000697896
-1.922	0.000700532
-1.921	0.000703169
-1.92	0.000705805
-1.919	0.000708441
-1.918	0.000711076
-1.917	0.00071371
-1.916	0.000716344
-1.915	0.000718981
-1.914	0.000721617
-1.913	0.000724253
-1.912	0.000726892
-1.911	0.000729531
-1.91	0.000732171
-1.909	0.000734814
-1.908	0.000737459
-1.907	0.000740107
-1.906	0.000742757
-1.905	0.000745409
-1.904	0.000748067
-1.903	0.000750728
-1.902	0.000753393
-1.901	0.000756063
-1.9	0.000758738
-1.899	0.000761419
-1.898	0.000764105
-1.897	0.000766797
-1.896	0.000769496
-1.895	0.000772203
-1.894	0.000774918
-1.893	0.00077764
-1.892	0.000780372
-1.891	0.000783111
-1.89	0.00078586
-1.889	0.000788619
-1.888	0.000791389
-1.887	0.000794167
-1.886	0.000796958
-1.885	0.000799761
-1.884	0.000802575
-1.883	0.000805403
-1.882	0.000808242
-1.881	0.000811096
-1.88	0.000813962
-1.879	0.000816843
-1.878	0.000819737
-1.877	0.000822648
-1.876	0.000825573
-1.875	0.000828513
-1.874	0.00083147
-1.873	0.000834443
-1.872	0.000837433
-1.871	0.000840439
-1.87	0.000843463
-1.869	0.000846505
-1.868	0.000849564
-1.867	0.000852643
-1.866	0.000855738
-1.865	0.000858853
-1.864	0.000861986
-1.863	0.000865139
-1.862	0.000868311
-1.861	0.000871503
-1.86	0.000874714
-1.859	0.000877945
-1.858	0.000881197
-1.857	0.000884469
-1.856	0.000887762
-1.855	0.000891073
-1.854	0.000894408
-1.853	0.000897761
-1.852	0.000901135
-1.851	0.00090453
-1.85	0.000907948
-1.849	0.000911386
-1.848	0.000914844
-1.847	0.000918322
-1.846	0.000921822
-1.845	0.000925342
-1.844	0.000928885
-1.843	0.000932447
-1.842	0.000936031
-1.841	0.000939635
-1.84	0.000943258
-1.839	0.000946902
-1.838	0.000950568
-1.837	0.000954254
-1.836	0.00095796
-1.835	0.000961685
-1.834	0.00096543
-1.833	0.000969195
-1.832	0.00097298
-1.831	0.000976783
-1.83	0.000980606
-1.829	0.000984448
-1.828	0.000988309
-1.827	0.000992188
-1.826	0.000996085
-1.825	0.001
-1.824	0.00100393
-1.823	0.00100789
-1.822	0.00101186
-1.821	0.00101584
-1.82	0.00101984
-1.819	0.00102386
-1.818	0.0010279
-1.817	0.00103196
-1.816	0.00103602
-1.815	0.00104011
-1.814	0.00104421
-1.813	0.00104833
-1.812	0.00105246
-1.811	0.0010566
-1.81	0.00106076
-1.809	0.00106494
-1.808	0.00106913
-1.807	0.00107333
-1.806	0.00107755
-1.805	0.00108178
-1.804	0.00108603
-1.803	0.00109029
-1.802	0.00109456
-1.801	0.00109884
-1.8	0.00110314
-1.799	0.00110745
-1.798	0.00111177
-1.797	0.00111611
-1.796	0.00112046
-1.795	0.00112482
-1.794	0.00112919
-1.793	0.00113357
-1.792	0.00113797
-1.791	0.00114237
-1.79	0.00114679
-1.789	0.00115122
-1.788	0.00115567
-1.787	0.00116012
-1.786	0.00116458
-1.785	0.00116906
-1.784	0.00117355
-1.783	0.00117805
-1.782	0.00118256
-1.781	0.00118708
-1.78	0.00119162
-1.779	0.00119616
-1.778	0.00120072
-1.777	0.00120529
-1.776	0.00120987
-1.775	0.00121446
-1.774	0.00121906
-1.773	0.00122368
-1.772	0.00122831
-1.771	0.00123295
-1.77	0.0012376
-1.769	0.00124227
-1.768	0.00124694
-1.767	0.00125163
-1.766	0.00125634
-1.765	0.00126106
-1.764	0.00126579
-1.763	0.00127053
-1.762	0.00127529
-1.761	0.00128006
-1.76	0.00128485
-1.759	0.00128965
-1.758	0.00129446
-1.757	0.00129929
-1.756	0.00130413
-1.755	0.00130899
-1.754	0.00131387
-1.753	0.00131876
-1.752	0.00132367
-1.751	0.00132859
-1.75	0.00133353
-1.749	0.00133849
-1.748	0.00134346
-1.747	0.00134845
-1.746	0.00135346
-1.745	0.00135849
-1.744	0.00136353
-1.743	0.0013686
-1.742	0.00137368
-1.741	0.00137878
-1.74	0.0013839
-1.739	0.00138904
-1.738	0.0013942
-1.737	0.00139938
-1.736	0.00140458
-1.735	0.0014098
-1.734	0.00141505
-1.733	0.00142031
-1.732	0.00142559
-1.731	0.0014309
-1.73	0.00143623
-1.729	0.00144158
-1.728	0.00144695
-1.727	0.00145235
-1.726	0.00145777
-1.725	0.0014632
-1.724	0.00146867
-1.723	0.00147416
-1.722	0.00147967
-1.721	0.00148521
-1.72	0.00149077
-1.719	0.00149635
-1.718	0.00150196
-1.717	0.00150759
-1.716	0.00151325
-1.715	0.00151893
-1.714	0.00152464
-1.713	0.00153037
-1.712	0.00153613
-1.711	0.00154192
-1.71	0.00154773
-1.709	0.00155356
-1.708	0.00155943
-1.707	0.00156531
-1.706	0.00157122
-1.705	0.00157717
-1.704	0.00158313
-1.703	0.00158913
-1.702	0.00159514
-1.701	0.00160119
-1.7	0.00160727
-1.699	0.00161336
-1.698	0.00161949
-1.697	0.00162564
-1.696	0.00163183
-1.695	0.00163804
-1.694	0.00164427
-1.693	0.00165053
-1.692	0.00165682
-1.691	0.00166313
-1.69	0.00166948
-1.689	0.00167585
-1.688	0.00168224
-1.687	0.00168867
-1.686	0.00169512
-1.685	0.0017016
-1.684	0.0017081
-1.683	0.00171463
-1.682	0.00172119
-1.681	0.00172778
-1.68	0.00173439
-1.679	0.00174103
-1.678	0.00174769
-1.677	0.00175439
-1.676	0.00176111
-1.675	0.00176785
-1.674	0.00177463
-1.673	0.00178143
-1.672	0.00178825
-1.671	0.00179511
-1.67	0.00180199
-1.669	0.0018089
-1.668	0.00181583
-1.667	0.00182279
-1.666	0.00182978
-1.665	0.00183679
-1.664	0.00184383
-1.663	0.0018509
-1.662	0.00185799
-1.661	0.0018651
-1.66	0.00187225
-1.659	0.00187942
-1.658	0.00188662
-1.657	0.00189384
-1.656	0.00190109
-1.655	0.00190837
-1.654	0.00191567
-1.653	0.001923
-1.652	0.00193035
-1.651	0.00193774
-1.65	0.00194515
-1.649	0.00195258
-1.648	0.00196004
-1.647	0.00196753
-1.646	0.00197504
-1.645	0.00198258
-1.644	0.00199014
-1.643	0.00199774
-1.642	0.00200536
-1.641	0.002013
-1.64	0.00202067
-1.639	0.00202837
-1.638	0.0020361
-1.637	0.00204385
-1.636	0.00205163
-1.635	0.00205944
-1.634	0.00206727
-1.633	0.00207513
-1.632	0.00208302
-1.631	0.00209094
-1.63	0.00209888
-1.629	0.00210685
-1.628	0.00211485
-1.627	0.00212288
-1.626	0.00213093
-1.625	0.00213901
-1.624	0.00214712
-1.623	0.00215527
-1.622	0.00216343
-1.621	0.00217163
-1.62	0.00217985
-1.619	0.00218811
-1.618	0.0021964
-1.617	0.00220471
-1.616	0.00221305
-1.615	0.00222142
-1.614	0.00222982
-1.613	0.00223825
-1.612	0.00224672
-1.611	0.00225521
-1.61	0.00226374
-1.609	0.00227229
-1.608	0.00228088
-1.607	0.0022895
-1.606	0.00229815
-1.605	0.00230683
-1.604	0.00231554
-1.603	0.00232428
-1.602	0.00233306
-1.601	0.00234187
-1.6	0.00235071
-1.599	0.00235959
-1.598	0.00236849
-1.597	0.00237743
-1.596	0.00238641
-1.595	0.00239542
-1.594	0.00240446
-1.593	0.00241354
-1.592	0.00242265
-1.591	0.00243179
-1.59	0.00244097
-1.589	0.00245019
-1.588	0.00245944
-1.587	0.00246873
-1.586	0.00247805
-1.585	0.00248741
-1.584	0.0024968
-1.583	0.00250623
-1.582	0.0025157
-1.581	0.0025252
-1.58	0.00253475
-1.579	0.00254432
-1.578	0.00255394
-1.577	0.00256359
-1.576	0.00257328
-1.575	0.00258301
-1.574	0.00259278
-1.573	0.00260258
-1.572	0.00261243
-1.571	0.00262231
-1.57	0.00263223
-1.569	0.00264219
-1.568	0.0026522
-1.567	0.00266223
-1.566	0.00267231
-1.565	0.00268243
-1.564	0.00269259
-1.563	0.00270279
-1.562	0.00271303
-1.561	0.00272331
-1.56	0.00273363
-1.559	0.00274399
-1.558	0.00275439
-1.557	0.00276484
-1.556	0.00277532
-1.555	0.00278585
-1.554	0.00279641
-1.553	0.00280703
-1.552	0.00281768
-1.551	0.00282837
-1.55	0.0028391
-1.549	0.00284988
-1.548	0.0028607
-1.547	0.00287156
-1.546	0.00288247
-1.545	0.00289341
-1.544	0.0029044
-1.543	0.00291544
-1.542	0.00292651
-1.541	0.00293763
-1.54	0.0029488
-1.539	0.00296
-1.538	0.00297125
-1.537	0.00298254
-1.536	0.00299388
-1.535	0.00300526
-1.534	0.00301669
-1.533	0.00302816
-1.532	0.00303967
-1.531	0.00305122
-1.53	0.00306283
-1.529	0.00307448
-1.528	0.00308617
-1.527	0.0030979
-1.526	0.00310969
-1.525	0.00312151
-1.524	0.00313339
-1.523	0.00314531
-1.522	0.00315727
-1.521	0.00316927
-1.52	0.00318133
-1.519	0.00319343
-1.518	0.00320557
-1.517	0.00321777
-1.516	0.00323
-1.515	0.00324229
-1.514	0.00325461
-1.513	0.003267
-1.512	0.00327941
-1.511	0.00329189
-1.51	0.00330441
-1.509	0.00331697
-1.508	0.00332958
-1.507	0.00334224
-1.506	0.00335494
-1.505	0.0033677
-1.504	0.0033805
-1.503	0.00339335
-1.502	0.00340625
-1.501	0.0034192
-1.5	0.00343219
-1.499	0.00344523
-1.498	0.00345833
-1.497	0.00347146
-1.496	0.00348465
-1.495	0.00349789
-1.494	0.00351119
-1.493	0.00352452
-1.492	0.00353791
-1.491	0.00355135
-1.49	0.00356483
-1.489	0.00357837
-1.488	0.00359196
-1.487	0.0036056
-1.486	0.00361929
-1.485	0.00363303
-1.484	0.00364683
-1.483	0.00366066
-1.482	0.00367456
-1.481	0.00368851
-1.48	0.00370251
-1.479	0.00371656
-1.478	0.00373067
-1.477	0.00374482
-1.476	0.00375904
-1.475	0.0037733
-1.474	0.00378761
-1.473	0.00380198
-1.472	0.00381641
-1.471	0.00383088
-1.47	0.00384541
-1.469	0.00386
-1.468	0.00387464
-1.467	0.00388934
-1.466	0.00390409
-1.465	0.00391891
-1.464	0.00393376
-1.463	0.00394868
-1.462	0.00396365
-1.461	0.00397868
-1.46	0.00399377
-1.459	0.00400891
-1.458	0.00402411
-1.457	0.00403938
-1.456	0.00405469
-1.455	0.00407006
-1.454	0.00408549
-1.453	0.00410098
-1.452	0.00411653
-1.451	0.00413214
-1.45	0.0041478
-1.449	0.00416352
-1.448	0.00417931
-1.447	0.00419516
-1.446	0.00421106
-1.445	0.00422702
-1.444	0.00424305
-1.443	0.00425913
-1.442	0.00427528
-1.441	0.00429149
-1.44	0.00430776
-1.439	0.00432409
-1.438	0.00434048
-1.437	0.00435694
-1.436	0.00437346
-1.435	0.00439004
-1.434	0.00440669
-1.433	0.0044234
-1.432	0.00444017
-1.431	0.004457
-1.43	0.0044739
-1.429	0.00449087
-1.428	0.0045079
-1.427	0.004525
-1.426	0.00454216
-1.425	0.00455938
-1.424	0.00457667
-1.423	0.00459403
-1.422	0.00461145
-1.421	0.00462894
-1.42	0.00464649
-1.419	0.00466412
-1.418	0.00468181
-1.417	0.00469957
-1.416	0.0047174
-1.415	0.00473529
-1.414	0.00475326
-1.413	0.00477129
-1.412	0.00478939
-1.411	0.00480756
-1.41	0.00482581
-1.409	0.00484412
-1.408	0.0048625
-1.407	0.00488095
-1.406	0.00489947
-1.405	0.00491806
-1.404	0.00493672
-1.403	0.00495545
-1.402	0.00497427
-1.401	0.00499314
-1.4	0.00501209
-1.399	0.00503112
-1.398	0.00505021
-1.397	0.00506938
-1.396	0.00508862
-1.395	0.00510793
-1.394	0.00512733
-1.393	0.00514679
-1.392	0.00516633
-1.391	0.00518595
-1.39	0.00520563
-1.389	0.00522539
-1.388	0.00524523
-1.387	0.00526515
-1.386	0.00528513
-1.385	0.0053052
-1.384	0.00532533
-1.383	0.00534556
-1.382	0.00536586
-1.381	0.00538623
-1.38	0.00540668
-1.379	0.00542721
-1.378	0.00544781
-1.377	0.0054685
-1.376	0.00548926
-1.375	0.0055101
-1.374	0.00553103
-1.373	0.00555203
-1.372	0.0055731
-1.371	0.00559427
-1.37	0.00561551
-1.369	0.00563682
-1.368	0.00565823
-1.367	0.00567971
-1.366	0.00570128
-1.365	0.00572293
-1.364	0.00574466
-1.363	0.00576646
-1.362	0.00578836
-1.361	0.00581033
-1.36	0.00583238
-1.359	0.00585453
-1.358	0.00587676
-1.357	0.00589907
-1.356	0.00592147
-1.355	0.00594395
-1.354	0.0059665
-1.353	0.00598916
-1.352	0.0060119
-1.351	0.00603472
-1.35	0.00605763
-1.349	0.00608062
-1.348	0.00610371
-1.347	0.00612688
-1.346	0.00615013
-1.345	0.00617348
-1.344	0.00619691
-1.343	0.00622043
-1.342	0.00624405
-1.341	0.00626774
-1.34	0.00629153
-1.339	0.00631541
-1.338	0.00633938
-1.337	0.00636344
-1.336	0.00638759
-1.335	0.00641183
-1.334	0.00643617
-1.333	0.0064606
-1.332	0.00648512
-1.331	0.00650973
-1.33	0.00653443
-1.329	0.00655922
-1.328	0.00658411
-1.327	0.0066091
-1.326	0.00663418
-1.325	0.00665936
-1.324	0.00668463
-1.323	0.00671
-1.322	0.00673546
-1.321	0.00676102
-1.32	0.00678668
-1.319	0.00681242
-1.318	0.00683828
-1.317	0.00686424
-1.316	0.00689028
-1.315	0.00691642
-1.314	0.00694267
-1.313	0.00696902
-1.312	0.00699546
-1.311	0.007022
-1.31	0.00704864
-1.309	0.00707539
-1.308	0.00710224
-1.307	0.00712919
-1.306	0.00715625
-1.305	0.00718342
-1.304	0.00721066
-1.303	0.00723803
-1.302	0.00726549
-1.301	0.00729306
-1.3	0.00732073
-1.299	0.00734852
-1.298	0.0073764
-1.297	0.00740439
-1.296	0.0074325
-1.295	0.0074607
-1.294	0.00748902
-1.293	0.00751742
-1.292	0.00754595
-1.291	0.00757459
-1.29	0.00760333
-1.289	0.00763218
-1.288	0.00766116
-1.287	0.00769022
-1.286	0.00771941
-1.285	0.0077487
-1.284	0.00777811
-1.283	0.00780761
-1.282	0.00783725
-1.281	0.00786699
-1.28	0.00789686
-1.279	0.00792681
-1.278	0.0079569
-1.277	0.00798709
-1.276	0.0080174
-1.275	0.00804783
-1.274	0.00807836
-1.273	0.00810902
-1.272	0.0081398
-1.271	0.00817068
-1.27	0.0082017
-1.269	0.00823282
-1.268	0.00826405
-1.267	0.00829543
-1.266	0.00832691
-1.265	0.00835851
-1.264	0.00839022
-1.263	0.00842207
-1.262	0.00845402
-1.261	0.00848611
-1.26	0.00851832
-1.259	0.00855065
-1.258	0.00858311
-1.257	0.00861567
-1.256	0.00864838
-1.255	0.00868121
-1.254	0.00871414
-1.253	0.00874721
-1.252	0.0087804
-1.251	0.00881372
-1.25	0.00884718
-1.249	0.00888076
-1.248	0.00891446
-1.247	0.0089483
-1.246	0.00898226
-1.245	0.00901634
-1.244	0.00905056
-1.243	0.0090849
-1.242	0.00911938
-1.241	0.009154
-1.24	0.00918874
-1.239	0.00922361
-1.238	0.00925861
-1.237	0.00929376
-1.236	0.00932903
-1.235	0.00936444
-1.234	0.00939998
-1.233	0.00943566
-1.232	0.00947147
-1.231	0.00950742
-1.23	0.00954351
-1.229	0.00957972
-1.228	0.00961608
-1.227	0.00965258
-1.226	0.00968921
-1.225	0.00972598
-1.224	0.00976289
-1.223	0.00979995
-1.222	0.00983716
-1.221	0.00987449
-1.22	0.00991198
-1.219	0.0099496
-1.218	0.00998735
-1.217	0.0100253
-1.216	0.0100633
-1.215	0.0101015
-1.214	0.0101399
-1.213	0.0101783
-1.212	0.010217
-1.211	0.0102558
-1.21	0.0102947
-1.209	0.0103338
-1.208	0.010373
-1.207	0.0104123
-1.206	0.0104519
-1.205	0.0104915
-1.204	0.0105314
-1.203	0.0105713
-1.202	0.0106115
-1.201	0.0106517
-1.2	0.0106922
-1.199	0.0107328
-1.198	0.0107735
-1.197	0.0108144
-1.196	0.0108554
-1.195	0.0108966
-1.194	0.010938
-1.193	0.0109795
-1.192	0.0110212
-1.191	0.011063
-1.19	0.011105
-1.189	0.0111471
-1.188	0.0111894
-1.187	0.0112319
-1.186	0.0112745
-1.185	0.0113173
-1.184	0.0113603
-1.183	0.0114034
-1.182	0.0114467
-1.181	0.0114901
-1.18	0.0115337
-1.179	0.0115775
-1.178	0.0116215
-1.177	0.0116655
-1.176	0.0117098
-1.175	0.0117543
-1.174	0.0117989
-1.173	0.0118437
-1.172	0.0118886
-1.171	0.0119337
-1.17	0.011979
-1.169	0.0120245
-1.168	0.0120701
-1.167	0.0121159
-1.166	0.0121619
-1.165	0.012208
-1.164	0.0122544
-1.163	0.0123009
-1.162	0.0123476
-1.161	0.0123944
-1.16	0.0124415
-1.159	0.0124887
-1.158	0.0125361
-1.157	0.0125836
-1.156	0.0126314
-1.155	0.0126793
-1.154	0.0127275
-1.153	0.0127758
-1.152	0.0128242
-1.151	0.0128729
-1.15	0.0129218
-1.149	0.0129708
-1.148	0.01302
-1.147	0.0130694
-1.146	0.0131191
-1.145	0.0131688
-1.144	0.0132188
-1.143	0.013269
-1.142	0.0133193
-1.141	0.0133699
-1.14	0.0134206
-1.139	0.0134716
-1.138	0.0135227
-1.137	0.013574
-1.136	0.0136255
-1.135	0.0136773
-1.134	0.0137292
-1.133	0.0137813
-1.132	0.0138336
-1.131	0.013886
-1.13	0.0139387
-1.129	0.0139917
-1.128	0.0140448
-1.127	0.0140981
-1.126	0.0141516
-1.125	0.0142053
-1.124	0.0142592
-1.123	0.0143133
-1.122	0.0143677
-1.121	0.0144222
-1.12	0.0144769
-1.119	0.0145319
-1.118	0.014587
-1.117	0.0146424
-1.116	0.0146979
-1.115	0.0147537
-1.114	0.0148097
-1.113	0.014866
-1.112	0.0149224
-1.111	0.014979
-1.11	0.0150359
-1.109	0.015093
-1.108	0.0151502
-1.107	0.0152077
-1.106	0.0152654
-1.105	0.0153234
-1.104	0.0153815
-1.103	0.0154399
-1.102	0.0154985
-1.101	0.0155573
-1.1	0.0156164
-1.099	0.0156757
-1.098	0.0157351
-1.097	0.0157949
-1.096	0.0158548
-1.095	0.015915
-1.094	0.0159754
-1.093	0.016036
-1.092	0.0160969
-1.091	0.016158
-1.09	0.0162193
-1.089	0.0162809
-1.088	0.0163427
-1.087	0.0164047
-1.086	0.0164669
-1.085	0.0165294
-1.084	0.0165922
-1.083	0.0166551
-1.082	0.0167183
-1.081	0.0167818
-1.08	0.0168455
-1.079	0.0169094
-1.078	0.0169736
-1.077	0.017038
-1.076	0.0171027
-1.075	0.0171676
-1.074	0.0172327
-1.073	0.0172981
-1.072	0.0173638
-1.071	0.0174297
-1.07	0.0174958
-1.069	0.0175622
-1.068	0.0176288
-1.067	0.0176958
-1.066	0.0177629
-1.065	0.0178303
-1.064	0.017898
-1.063	0.0179659
-1.062	0.0180341
-1.061	0.0181026
-1.06	0.0181713
-1.059	0.0182402
-1.058	0.0183095
-1.057	0.0183789
-1.056	0.0184487
-1.055	0.0185187
-1.054	0.018589
-1.053	0.0186595
-1.052	0.0187304
-1.051	0.0188015
-1.05	0.0188728
-1.049	0.0189444
-1.048	0.0190163
-1.047	0.0190885
-1.046	0.019161
-1.045	0.0192337
-1.044	0.0193067
-1.043	0.0193799
-1.042	0.0194535
-1.041	0.0195273
-1.04	0.0196015
-1.039	0.0196759
-1.038	0.0197506
-1.037	0.0198255
-1.036	0.0199008
-1.035	0.0199763
-1.034	0.0200521
-1.033	0.0201282
-1.032	0.0202046
-1.031	0.0202813
-1.03	0.0203583
-1.029	0.0204356
-1.028	0.0205131
-1.027	0.020591
-1.026	0.0206691
-1.025	0.0207476
-1.024	0.0208263
-1.023	0.0209054
-1.022	0.0209847
-1.021	0.0210644
-1.02	0.0211443
-1.019	0.0212246
-1.018	0.0213051
-1.017	0.021386
-1.016	0.0214671
-1.015	0.0215486
-1.014	0.0216304
-1.013	0.0217125
-1.012	0.0217949
-1.011	0.0218776
-1.01	0.0219607
-1.009	0.022044
-1.008	0.0221277
-1.007	0.0222116
-1.006	0.0222959
-1.005	0.0223806
-1.004	0.0224655
-1.003	0.0225508
-1.002	0.0226363
-1.001	0.0227223
-1	0.0228085
-0.999	0.022895
-0.998	0.0229819
-0.997	0.0230691
-0.996	0.0231567
-0.995	0.0232446
-0.994	0.0233328
-0.993	0.0234214
-0.992	0.0235102
-0.991	0.0235995
-0.99	0.023689
-0.989	0.0237789
-0.988	0.0238692
-0.987	0.0239598
-0.986	0.0240507
-0.985	0.024142
-0.984	0.0242336
-0.983	0.0243256
-0.982	0.0244179
-0.981	0.0245106
-0.98	0.0246036
-0.979	0.0246969
-0.978	0.0247907
-0.977	0.0248848
-0.976	0.0249792
-0.975	0.025074
-0.974	0.0251692
-0.973	0.0252647
-0.972	0.0253606
-0.971	0.0254568
-0.97	0.0255534
-0.969	0.0256504
-0.968	0.0257477
-0.967	0.0258455
-0.966	0.0259436
-0.965	0.0260421
-0.964	0.0261409
-0.963	0.0262401
-0.962	0.0263397
-0.961	0.0264397
-0.96	0.02654
-0.959	0.0266407
-0.958	0.0267419
-0.957	0.0268433
-0.956	0.0269452
-0.955	0.0270475
-0.954	0.0271502
-0.953	0.0272532
-0.952	0.0273566
-0.951	0.0274605
-0.95	0.0275647
-0.949	0.0276693
-0.948	0.0277743
-0.947	0.0278798
-0.946	0.0279856
-0.945	0.0280918
-0.944	0.0281984
-0.943	0.0283054
-0.942	0.0284129
-0.941	0.0285207
-0.94	0.0286289
-0.939	0.0287376
-0.938	0.0288467
-0.937	0.0289562
-0.936	0.0290661
-0.935	0.0291764
-0.934	0.0292871
-0.933	0.0293983
-0.932	0.0295099
-0.931	0.0296218
-0.93	0.0297343
-0.929	0.0298472
-0.928	0.0299605
-0.927	0.0300742
-0.926	0.0301883
-0.925	0.0303029
-0.924	0.0304179
-0.923	0.0305333
-0.922	0.0306492
-0.921	0.0307655
-0.92	0.0308823
-0.919	0.0309995
-0.918	0.0311172
-0.917	0.0312352
-0.916	0.0313538
-0.915	0.0314728
-0.914	0.0315922
-0.913	0.0317121
-0.912	0.0318325
-0.911	0.0319533
-0.91	0.0320746
-0.909	0.0321963
-0.908	0.0323185
-0.907	0.0324411
-0.906	0.0325643
-0.905	0.0326878
-0.904	0.0328119
-0.903	0.0329364
-0.902	0.0330614
-0.901	0.0331869
-0.9	0.0333128
-0.899	0.0334392
-0.898	0.0335662
-0.897	0.0336936
-0.896	0.0338215
-0.895	0.0339498
-0.894	0.0340786
-0.893	0.0342079
-0.892	0.0343378
-0.891	0.0344681
-0.89	0.0345989
-0.889	0.0347302
-0.888	0.034862
-0.887	0.0349944
-0.886	0.0351272
-0.885	0.0352604
-0.884	0.0353943
-0.883	0.0355286
-0.882	0.0356635
-0.881	0.0357988
-0.88	0.0359347
-0.879	0.0360711
-0.878	0.036208
-0.877	0.0363454
-0.876	0.0364834
-0.875	0.0366218
-0.874	0.0367608
-0.873	0.0369003
-0.872	0.0370404
-0.871	0.037181
-0.87	0.037322
-0.869	0.0374637
-0.868	0.0376059
-0.867	0.0377487
-0.866	0.037892
-0.865	0.0380357
-0.864	0.0381801
-0.863	0.038325
-0.862	0.0384704
-0.861	0.0386165
-0.86	0.0387631
-0.859	0.0389102
-0.858	0.0390579
-0.857	0.0392062
-0.856	0.0393549
-0.855	0.0395043
-0.854	0.0396543
-0.853	0.0398048
-0.852	0.0399558
-0.851	0.0401075
-0.85	0.0402597
-0.849	0.0404125
-0.848	0.0405659
-0.847	0.0407198
-0.846	0.0408744
-0.845	0.0410295
-0.844	0.0411852
-0.843	0.0413415
-0.842	0.0414985
-0.841	0.041656
-0.84	0.0418141
-0.839	0.0419728
-0.838	0.042132
-0.837	0.042292
-0.836	0.0424525
-0.835	0.0426136
-0.834	0.0427754
-0.833	0.0429377
-0.832	0.0431006
-0.831	0.0432642
-0.83	0.0434284
-0.829	0.0435933
-0.828	0.0437587
-0.827	0.0439247
-0.826	0.0440915
-0.825	0.0442588
-0.824	0.0444268
-0.823	0.0445954
-0.822	0.0447646
-0.821	0.0449346
-0.82	0.0451051
-0.819	0.0452762
-0.818	0.0454481
-0.817	0.0456205
-0.816	0.0457937
-0.815	0.0459675
-0.814	0.0461419
-0.813	0.046317
-0.812	0.0464928
-0.811	0.0466692
-0.81	0.0468463
-0.809	0.0470242
-0.808	0.0472026
-0.807	0.0473818
-0.806	0.0475616
-0.805	0.0477421
-0.804	0.0479232
-0.803	0.0481052
-0.802	0.0482877
-0.801	0.0484709
-0.8	0.048655
-0.799	0.0488396
-0.798	0.0490249
-0.797	0.049211
-0.796	0.0493978
-0.795	0.0495852
-0.794	0.0497735
-0.793	0.0499624
-0.792	0.050152
-0.791	0.0503423
-0.79	0.0505334
-0.789	0.0507252
-0.788	0.0509177
-0.787	0.051111
-0.786	0.0513049
-0.785	0.0514996
-0.784	0.0516952
-0.783	0.0518913
-0.782	0.0520883
-0.781	0.052286
-0.78	0.0524845
-0.779	0.0526836
-0.778	0.0528836
-0.777	0.0530843
-0.776	0.0532858
-0.775	0.0534881
-0.774	0.0536911
-0.773	0.0538948
-0.772	0.0540994
-0.771	0.0543047
-0.77	0.0545109
-0.769	0.0547178
-0.768	0.0549254
-0.767	0.0551339
-0.766	0.0553432
-0.765	0.0555532
-0.764	0.055764
-0.763	0.0559757
-0.762	0.0561881
-0.761	0.0564014
-0.76	0.0566155
-0.759	0.0568304
-0.758	0.0570461
-0.757	0.0572626
-0.756	0.0574799
-0.755	0.0576981
-0.754	0.057917
-0.753	0.0581368
-0.752	0.0583575
-0.751	0.058579
-0.75	0.0588013
-0.749	0.0590245
-0.748	0.0592485
-0.747	0.0594733
-0.746	0.059699
-0.745	0.0599257
-0.744	0.0601531
-0.743	0.0603814
-0.742	0.0606106
-0.741	0.0608406
-0.74	0.0610715
-0.739	0.0613032
-0.738	0.0615359
-0.737	0.0617695
-0.736	0.0620039
-0.735	0.0622392
-0.734	0.0624754
-0.733	0.0627125
-0.732	0.0629505
-0.731	0.0631894
-0.73	0.0634292
-0.729	0.06367
-0.728	0.0639116
-0.727	0.0641541
-0.726	0.0643976
-0.725	0.064642
-0.724	0.0648873
-0.723	0.0651335
-0.722	0.0653808
-0.721	0.0656289
-0.72	0.065878
-0.719	0.066128
-0.718	0.066379
-0.717	0.0666309
-0.716	0.0668838
-0.715	0.0671376
-0.714	0.0673924
-0.713	0.0676482
-0.712	0.0679049
-0.711	0.0681626
-0.71	0.0684213
-0.709	0.068681
-0.708	0.0689417
-0.707	0.0692033
-0.706	0.0694659
-0.705	0.0697297
-0.704	0.0699943
-0.703	0.0702599
-0.702	0.0705265
-0.701	0.0707942
-0.7	0.071063
-0.699	0.0713327
-0.698	0.0716034
-0.697	0.0718752
-0.696	0.072148
-0.695	0.0724218
-0.694	0.0726967
-0.693	0.0729726
-0.692	0.0732496
-0.691	0.0735276
-0.69	0.0738066
-0.689	0.0740868
-0.688	0.074368
-0.687	0.0746503
-0.686	0.0749336
-0.685	0.075218
-0.684	0.0755035
-0.683	0.07579
-0.682	0.0760778
-0.681	0.0763665
-0.68	0.0766563
-0.679	0.0769473
-0.678	0.0772393
-0.677	0.0775324
-0.676	0.0778267
-0.675	0.0781222
-0.674	0.0784186
-0.673	0.0787163
-0.672	0.079015
-0.671	0.0793148
-0.67	0.079616
-0.669	0.079918
-0.668	0.0802214
-0.667	0.0805259
-0.666	0.0808315
-0.665	0.0811383
-0.664	0.0814463
-0.663	0.0817553
-0.662	0.0820656
-0.661	0.082377
-0.66	0.0826898
-0.659	0.0830035
-0.658	0.0833186
-0.657	0.0836348
-0.656	0.0839521
-0.655	0.0842708
-0.654	0.0845906
-0.653	0.0849117
-0.652	0.085234
-0.651	0.0855574
-0.65	0.0858822
-0.649	0.086208
-0.648	0.0865353
-0.647	0.0868637
-0.646	0.0871933
-0.645	0.0875243
-0.644	0.0878564
-0.643	0.0881899
-0.642	0.0885245
-0.641	0.0888605
-0.64	0.0891976
-0.639	0.0895362
-0.638	0.089876
-0.637	0.0902171
-0.636	0.0905595
-0.635	0.0909032
-0.634	0.0912482
-0.633	0.0915945
-0.632	0.0919421
-0.631	0.0922909
-0.63	0.0926413
-0.629	0.0929929
-0.628	0.0933458
-0.627	0.0937001
-0.626	0.0940556
-0.625	0.0944126
-0.624	0.094771
-0.623	0.0951306
-0.622	0.0954918
-0.621	0.0958543
-0.62	0.096218
-0.619	0.0965831
-0.618	0.0969497
-0.617	0.0973176
-0.616	0.097687
-0.615	0.0980577
-0.614	0.0984299
-0.613	0.0988035
-0.612	0.0991785
-0.611	0.099555
-0.61	0.0999328
-0.609	0.100312
-0.608	0.100693
-0.607	0.101075
-0.606	0.101459
-0.605	0.101844
-0.604	0.10223
-0.603	0.102618
-0.602	0.103008
-0.601	0.103399
-0.6	0.103791
-0.599	0.104185
-0.598	0.104581
-0.597	0.104977
-0.596	0.105376
-0.595	0.105776
-0.594	0.106177
-0.593	0.10658
-0.592	0.106985
-0.591	0.107391
-0.59	0.107799
-0.589	0.108208
-0.588	0.108618
-0.587	0.109031
-0.586	0.109444
-0.585	0.10986
-0.584	0.110277
-0.583	0.110695
-0.582	0.111115
-0.581	0.111537
-0.58	0.11196
-0.579	0.112385
-0.578	0.112812
-0.577	0.11324
-0.576	0.11367
-0.575	0.114101
-0.574	0.114534
-0.573	0.114969
-0.572	0.115405
-0.571	0.115843
-0.57	0.116283
-0.569	0.116724
-0.568	0.117167
-0.567	0.117612
-0.566	0.118058
-0.565	0.118506
-0.564	0.118956
-0.563	0.119408
-0.562	0.119861
-0.561	0.120316
-0.56	0.120772
-0.559	0.121231
-0.558	0.121691
-0.557	0.122153
-0.556	0.122616
-0.555	0.123081
-0.554	0.123548
-0.553	0.124017
-0.552	0.124488
-0.551	0.124961
-0.55	0.125435
-0.549	0.125911
-0.548	0.126389
-0.547	0.126868
-0.546	0.12735
-0.545	0.127833
-0.544	0.128318
-0.543	0.128805
-0.542	0.129294
-0.541	0.129785
-0.54	0.130277
-0.539	0.130772
-0.538	0.131268
-0.537	0.131766
-0.536	0.132266
-0.535	0.132769
-0.534	0.133272
-0.533	0.133778
-0.532	0.134286
-0.531	0.134795
-0.53	0.135307
-0.529	0.135821
-0.528	0.136336
-0.527	0.136854
-0.526	0.137373
-0.525	0.137894
-0.524	0.138418
-0.523	0.138943
-0.522	0.139471
-0.521	0.14
-0.52	0.140531
-0.519	0.141064
-0.518	0.1416
-0.517	0.142137
-0.516	0.142677
-0.515	0.143219
-0.514	0.143762
-0.513	0.144308
-0.512	0.144855
-0.511	0.145405
-0.51	0.145957
-0.509	0.146511
-0.508	0.147067
-0.507	0.147625
-0.506	0.148186
-0.505	0.148748
-0.504	0.149313
-0.503	0.149879
-0.502	0.150448
-0.501	0.151019
-0.5	0.151593
-0.499	0.152168
-0.498	0.152745
-0.497	0.153325
-0.496	0.153907
-0.495	0.154491
-0.494	0.155077
-0.493	0.155666
-0.492	0.156257
-0.491	0.15685
-0.49	0.157445
-0.489	0.158043
-0.488	0.158643
-0.487	0.159245
-0.486	0.159849
-0.485	0.160456
-0.484	0.161065
-0.483	0.161676
-0.482	0.16229
-0.481	0.162905
-0.48	0.163524
-0.479	0.164144
-0.478	0.164767
-0.477	0.165393
-0.476	0.16602
-0.475	0.16665
-0.474	0.167283
-0.473	0.167918
-0.472	0.168555
-0.471	0.169194
-0.47	0.169837
-0.469	0.170481
-0.468	0.171128
-0.467	0.171777
-0.466	0.17243
-0.465	0.173084
-0.464	0.173741
-0.463	0.1744
-0.462	0.175062
-0.461	0.175727
-0.46	0.176393
-0.459	0.177063
-0.458	0.177735
-0.457	0.178409
-0.456	0.179086
-0.455	0.179766
-0.454	0.180448
-0.453	0.181133
-0.452	0.181821
-0.451	0.182511
-0.45	0.183203
-0.449	0.183899
-0.448	0.184597
-0.447	0.185297
-0.446	0.186001
-0.445	0.186707
-0.444	0.187415
-0.443	0.188126
-0.442	0.18884
-0.441	0.189557
-0.44	0.190277
-0.439	0.190999
-0.438	0.191724
-0.437	0.192451
-0.436	0.193182
-0.435	0.193915
-0.434	0.194651
-0.433	0.19539
-0.432	0.196132
-0.431	0.196876
-0.43	0.197623
-0.429	0.198373
-0.428	0.199126
-0.427	0.199882
-0.426	0.200641
-0.425	0.201402
-0.424	0.202167
-0.423	0.202934
-0.422	0.203704
-0.421	0.204477
-0.42	0.205253
-0.419	0.206032
-0.418	0.206814
-0.417	0.207599
-0.416	0.208387
-0.415	0.209178
-0.414	0.210011
-0.413	0.210927
-0.412	0.211927
-0.411	0.21301
-0.41	0.21418
-0.409	0.215434
-0.408	0.216774
-0.407	0.218199
-0.406	0.219711
-0.405	0.221309
-0.404	0.222994
-0.403	0.224765
-0.402	0.226621
-0.401	0.228565
-0.4	0.230593
-0.399	0.232707
-0.398	0.234906
-0.397	0.237189
-0.396	0.239557
-0.395	0.242007
-0.394	0.24454
-0.393	0.247154
-0.392	0.24985
-0.391	0.252625
-0.39	0.255479
-0.389	0.258411
-0.388	0.261419
-0.387	0.264502
-0.386	0.26766
-0.385	0.27089
-0.384	0.274192
-0.383	0.277563
-0.382	0.281003
-0.381	0.284508
-0.38	0.288079
-0.379	0.291713
-0.378	0.295408
-0.377	0.299164
-0.376	0.302975
-0.375	0.306844
-0.374	0.310766
-0.373	0.31474
-0.372	0.318763
-0.371	0.322834
-0.37	0.326951
-0.369	0.331111
-0.368	0.335312
-0.367	0.339552
-0.366	0.343828
-0.365	0.348139
-0.364	0.352506
-0.363	0.356954
-0.362	0.36148
-0.361	0.366079
-0.36	0.37075
-0.359	0.37549
-0.358	0.380293
-0.357	0.385159
-0.356	0.390081
-0.355	0.39506
-0.354	0.400089
-0.353	0.405166
-0.352	0.410288
-0.351	0.41545
-0.35	0.420651
-0.349	0.425883
-0.348	0.431147
-0.347	0.436437
-0.346	0.44175
-0.345	0.447082
-0.344	0.45243
-0.343	0.457789
-0.342	0.463157
-0.341	0.468529
-0.34	0.473902
-0.339	0.479272
-0.338	0.484635
-0.337	0.489989
-0.336	0.495327
-0.335	0.500649
-0.334	0.505949
-0.333	0.511224
-0.332	0.516471
-0.331	0.521686
-0.33	0.526863
-0.329	0.532004
-0.328	0.537098
-0.327	0.54215
-0.326	0.547149
-0.325	0.552096
-0.324	0.556987
-0.323	0.561816
-0.322	0.566584
-0.321	0.571283
-0.32	0.575914
-0.319	0.58047
-0.318	0.584952
-0.317	0.589353
-0.316	0.593674
-0.315	0.597908
-0.314	0.602054
-0.313	0.60611
-0.312	0.610071
-0.311	0.613937
-0.31	0.617703
-0.309	0.621368
-0.308	0.62493
-0.307	0.628383
-0.306	0.631729
-0.305	0.634963
-0.304	0.638084
-0.303	0.64109
-0.302	0.643978
-0.301	0.646747
-0.3	0.649394
-0.299	0.65192
-0.298	0.654317
-0.297	0.656592
-0.296	0.658738
-0.295	0.660754
-0.294	0.66264
-0.293	0.664394
-0.292	0.666015
-0.291	0.667502
-0.29	0.668854
-0.289	0.67007
-0.288	0.67115
-0.287	0.672091
-0.286	0.672898
-0.285	0.673562
-0.284	0.67409
-0.283	0.674477
-0.282	0.674727
-0.281	0.674837
-0.28	0.674807
-0.279	0.674638
-0.278	0.67433
-0.277	0.673884
-0.276	0.673299
-0.275	0.672579
-0.274	0.671719
-0.273	0.670723
-0.272	0.669591
-0.271	0.668325
-0.27	0.666925
-0.269	0.665392
-0.268	0.663728
-0.267	0.661933
-0.266	0.660009
-0.265	0.657958
-0.264	0.65578
-0.263	0.65348
-0.262	0.651055
-0.261	0.648511
-0.26	0.645846
-0.259	0.643065
-0.258	0.64017
-0.257	0.63716
-0.256	0.634042
-0.255	0.630813
-0.254	0.627481
-0.253	0.624043
-0.252	0.620505
-0.251	0.616867
-0.25	0.613136
-0.249	0.60931
-0.248	0.605393
-0.247	0.601392
-0.246	0.597302
-0.245	0.593134
-0.244	0.588886
-0.243	0.584563
-0.242	0.580166
-0.241	0.575701
-0.24	0.571171
-0.239	0.566577
-0.238	0.561925
-0.237	0.557217
-0.236	0.552455
-0.235	0.547645
-0.234	0.542789
-0.233	0.537891
-0.232	0.532953
-0.231	0.527983
-0.23	0.52298
-0.229	0.517948
-0.228	0.512894
-0.227	0.507818
-0.226	0.502727
-0.225	0.49762
-0.224	0.492506
-0.223	0.487384
-0.222	0.482262
-0.221	0.477141
-0.22	0.472024
-0.219	0.466917
-0.218	0.461823
-0.217	0.456744
-0.216	0.451686
-0.215	0.446653
-0.214	0.441645
-0.213	0.43667
-0.212	0.431727
-0.211	0.426825
-0.21	0.421961
-0.209	0.417145
-0.208	0.412377
-0.207	0.407661
-0.206	0.403
-0.205	0.398399
-0.204	0.393859
-0.203	0.389384
-0.202	0.384979
-0.201	0.380645
-0.2	0.376387
-0.199	0.372207
-0.198	0.368108
-0.197	0.364092
-0.196	0.360164
-0.195	0.356327
-0.194	0.352581
-0.193	0.348931
-0.192	0.345379
-0.191	0.341928
-0.19	0.33858
-0.189	0.335337
-0.188	0.332204
-0.187	0.329179
-0.186	0.326268
-0.185	0.323472
-0.184	0.320791
-0.183	0.318231
-0.182	0.31579
-0.181	0.313472
-0.18	0.311277
-0.179	0.30921
-0.178	0.307268
-0.177	0.305456
-0.176	0.303776
-0.175	0.302225
-0.174	0.300806
-0.173	0.299523
-0.172	0.298374
-0.171	0.297359
-0.17	0.296483
-0.169	0.295742
-0.168	0.295139
-0.167	0.294675
-0.166	0.294351
-0.165	0.294163
-0.164	0.294116
-0.163	0.294209
-0.162	0.294439
-0.161	0.29481
-0.16	0.29532
-0.159	0.295969
-0.158	0.296756
-0.157	0.297682
-0.156	0.298744
-0.155	0.299943
-0.154	0.301279
-0.153	0.30275
-0.152	0.304354
-0.151	0.306093
-0.15	0.307963
-0.149	0.309964
-0.148	0.312095
-0.147	0.314354
-0.146	0.316739
-0.145	0.31925
-0.144	0.321884
-0.143	0.32464
-0.142	0.327514
-0.141	0.330508
-0.14	0.333617
-0.139	0.336839
-0.138	0.340174
-0.137	0.343617
-0.136	0.347168
-0.135	0.350824
-0.134	0.35458
-0.133	0.358437
-0.132	0.36239
-0.131	0.366439
-0.13	0.370578
-0.129	0.374805
-0.128	0.37912
-0.127	0.383515
-0.126	0.387991
-0.125	0.392544
-0.124	0.39717
-0.123	0.401868
-0.122	0.406631
-0.121	0.41146
-0.12	0.416348
-0.119	0.421295
-0.118	0.426295
-0.117	0.431345
-0.116	0.436443
-0.115	0.441583
-0.114	0.446765
-0.113	0.451982
-0.112	0.457233
-0.111	0.462512
-0.11	0.467818
-0.109	0.473145
-0.108	0.47849
-0.107	0.483851
-0.106	0.489221
-0.105	0.494601
-0.104	0.499982
-0.103	0.505365
-0.102	0.510742
-0.101	0.516113
-0.1	0.521474