-4	1.18848e-011
-3.999	1.18891e-011
-3.998	1.18647e-011
-3.997	1.18432e-011
-3.996	1.18574e-011
-3.995	1.18574e-011
-3.994	1.18152e-011
-3.993	1.1771e-011
-3.992	1.17607e-011
-3.991	1.17537e-011
-3.99	1.17243e-011
-3.989	1.17057e-011
-3.988	1.17046e-011
-3.987	1.16816e-011
-3.986	1.16305e-011
-3.985	1.15915e-011
-3.984	1.15769e-011
-3.983	1.15482e-011
-3.982	1.15069e-011
-3.981	1.1489e-011
-3.98	1.14716e-011
-3.979	1.14416e-011
-3.978	1.1424e-011
-3.977	1.13827e-011
-3.976	1.13052e-011
-3.975	1.12593e-011
-3.974	1.12464e-011
-3.973	1.12054e-011
-3.972	1.1139e-011
-3.971	1.11031e-011
-3.97	1.10885e-011
-3.969	1.10359e-011
-3.968	1.09777e-011
-3.967	1.09457e-011
-3.966	1.08821e-011
-3.965	1.08091e-011
-3.964	1.07722e-011
-3.963	1.07224e-011
-3.962	1.06619e-011
-3.961	1.06231e-011
-3.96	1.05722e-011
-3.959	1.05082e-011
-3.958	1.04683e-011
-3.957	1.04309e-011
-3.956	1.03574e-011
-3.955	1.02812e-011
-3.954	1.02395e-011
-3.953	1.02007e-011
-3.952	1.01419e-011
-3.951	1.00765e-011
-3.95	1.00097e-011
-3.949	9.94989e-012
-3.948	9.8985e-012
-3.947	9.84588e-012
-3.946	9.7835e-012
-3.945	9.70256e-012
-3.944	9.62376e-012
-3.943	9.57297e-012
-3.942	9.5259e-012
-3.941	9.46121e-012
-3.94	9.40383e-012
-3.939	9.35694e-012
-3.938	9.28998e-012
-3.937	9.21473e-012
-3.936	9.14889e-012
-3.935	9.06743e-012
-3.934	8.98795e-012
-3.933	8.93693e-012
-3.932	8.87892e-012
-3.931	8.81344e-012
-3.93	8.75705e-012
-3.929	8.68731e-012
-3.928	8.62122e-012
-3.927	8.57063e-012
-3.926	8.51306e-012
-3.925	8.46244e-012
-3.924	8.40957e-012
-3.923	8.3336e-012
-3.922	8.2713e-012
-3.921	8.22066e-012
-3.92	8.14264e-012
-3.919	8.05843e-012
-3.918	7.99566e-012
-3.917	7.94252e-012
-3.916	7.88904e-012
-3.915	7.83718e-012
-3.914	7.78156e-012
-3.913	7.71928e-012
-3.912	7.66981e-012
-3.911	7.6284e-012
-3.91	7.56208e-012
-3.909	7.48393e-012
-3.908	7.41671e-012
-3.907	7.35276e-012
-3.906	7.30467e-012
-3.905	7.27303e-012
-3.904	7.22286e-012
-3.903	7.15499e-012
-3.902	7.10108e-012
-3.901	7.05462e-012
-3.9	7.00341e-012
-3.899	6.96621e-012
-3.898	6.92193e-012
-3.897	6.84778e-012
-3.896	6.79459e-012
-3.895	6.77214e-012
-3.894	6.73348e-012
-3.893	6.68421e-012
-3.892	6.6441e-012
-3.891	6.61084e-012
-3.89	6.58551e-012
-3.889	6.56042e-012
-3.888	6.5231e-012
-3.887	6.47448e-012
-3.886	6.42912e-012
-3.885	6.39211e-012
-3.884	6.35721e-012
-3.883	6.32753e-012
-3.882	6.28948e-012
-3.881	6.23906e-012
-3.88	6.20926e-012
-3.879	6.19082e-012
-3.878	6.16748e-012
-3.877	6.16668e-012
-3.876	6.1624e-012
-3.875	6.12051e-012
-3.874	6.07726e-012
-3.873	6.05969e-012
-3.872	6.06328e-012
-3.871	6.05516e-012
-3.87	6.0182e-012
-3.869	6.00327e-012
-3.868	6.00265e-012
-3.867	5.97449e-012
-3.866	5.96228e-012
-3.865	5.96589e-012
-3.864	5.94411e-012
-3.863	5.92615e-012
-3.862	5.93145e-012
-3.861	5.93761e-012
-3.86	5.93111e-012
-3.859	5.93344e-012
-3.858	5.95344e-012
-3.857	5.95024e-012
-3.856	5.94775e-012
-3.855	5.97706e-012
-3.854	5.98273e-012
-3.853	5.98666e-012
-3.852	6.01983e-012
-3.851	6.01458e-012
-3.85	5.99308e-012
-3.849	6.01996e-012
-3.848	6.05742e-012
-3.847	6.06608e-012
-3.846	6.06333e-012
-3.845	6.07944e-012
-3.844	6.1119e-012
-3.843	6.13249e-012
-3.842	6.14815e-012
-3.841	6.18752e-012
-3.84	6.23538e-012
-3.839	6.24804e-012
-3.838	6.24913e-012
-3.837	6.28711e-012
-3.836	6.32632e-012
-3.835	6.34315e-012
-3.834	6.37113e-012
-3.833	6.40997e-012
-3.832	6.44978e-012
-3.831	6.50047e-012
-3.83	6.55865e-012
-3.829	6.59731e-012
-3.828	6.6156e-012
-3.827	6.65994e-012
-3.826	6.72928e-012
-3.825	6.77902e-012
-3.824	6.81206e-012
-3.823	6.85694e-012
-3.822	6.91318e-012
-3.821	6.95656e-012
-3.82	6.99527e-012
-3.819	7.04955e-012
-3.818	7.10666e-012
-3.817	7.16825e-012
-3.816	7.23212e-012
-3.815	7.28294e-012
-3.814	7.34083e-012
-3.813	7.41659e-012
-3.812	7.48719e-012
-3.811	7.53655e-012
-3.81	7.58177e-012
-3.809	7.64686e-012
-3.808	7.71825e-012
-3.807	7.78285e-012
-3.806	7.84658e-012
-3.805	7.8999e-012
-3.804	7.95518e-012
-3.803	8.03381e-012
-3.802	8.09616e-012
-3.801	8.13957e-012
-3.8	8.21878e-012
-3.799	8.30689e-012
-3.798	8.37932e-012
-3.797	8.45912e-012
-3.796	8.52921e-012
-3.795	8.5961e-012
-3.794	8.67119e-012
-3.793	8.74058e-012
-3.792	8.80826e-012
-3.791	8.88092e-012
-3.79	8.97577e-012
-3.789	9.06792e-012
-3.788	9.12659e-012
-3.787	9.19776e-012
-3.786	9.28769e-012
-3.785	9.36577e-012
-3.784	9.44113e-012
-3.783	9.50897e-012
-3.782	9.56509e-012
-3.781	9.62274e-012
-3.78	9.69843e-012
-3.779	9.79897e-012
-3.778	9.88028e-012
-3.777	9.95467e-012
-3.776	1.00659e-011
-3.775	1.01427e-011
-3.774	1.02013e-011
-3.773	1.03066e-011
-3.772	1.03801e-011
-3.771	1.04462e-011
-3.77	1.05343e-011
-3.769	1.05734e-011
-3.768	1.06443e-011
-3.767	1.07595e-011
-3.766	1.08226e-011
-3.765	1.0885e-011
-3.764	1.09626e-011
-3.763	1.10184e-011
-3.762	1.10962e-011
-3.761	1.12002e-011
-3.76	1.12956e-011
-3.759	1.13761e-011
-3.758	1.14481e-011
-3.757	1.15252e-011
-3.756	1.15944e-011
-3.755	1.16405e-011
-3.754	1.17005e-011
-3.753	1.17745e-011
-3.752	1.18328e-011
-3.751	1.19116e-011
-3.75	1.20069e-011
-3.749	1.20831e-011
-3.748	1.21566e-011
-3.747	1.22242e-011
-3.746	1.22869e-011
-3.745	1.2336e-011
-3.744	1.23862e-011
-3.743	1.24863e-011
-3.742	1.25633e-011
-3.741	1.259e-011
-3.74	1.26584e-011
-3.739	1.27501e-011
-3.738	1.28217e-011
-3.737	1.28851e-011
-3.736	1.29227e-011
-3.735	1.29478e-011
-3.734	1.3001e-011
-3.733	1.30579e-011
-3.732	1.31101e-011
-3.731	1.31804e-011
-3.73	1.3237e-011
-3.729	1.3291e-011
-3.728	1.33586e-011
-3.727	1.34027e-011
-3.726	1.34426e-011
-3.725	1.34998e-011
-3.724	1.3552e-011
-3.723	1.35719e-011
-3.722	1.3585e-011
-3.721	1.3633e-011
-3.72	1.36908e-011
-3.719	1.37635e-011
-3.718	1.38199e-011
-3.717	1.3811e-011
-3.716	1.38169e-011
-3.715	1.38785e-011
-3.714	1.39479e-011
-3.713	1.39736e-011
-3.712	1.39706e-011
-3.711	1.40073e-011
-3.71	1.40643e-011
-3.709	1.41068e-011
-3.708	1.41253e-011
-3.707	1.41426e-011
-3.706	1.41863e-011
-3.705	1.42034e-011
-3.704	1.42034e-011
-3.703	1.41983e-011
-3.702	1.41989e-011
-3.701	1.42712e-011
-3.7	1.43118e-011
-3.699	1.42793e-011
-3.698	1.42936e-011
-3.697	1.43371e-011
-3.696	1.43533e-011
-3.695	1.43379e-011
-3.694	1.43391e-011
-3.693	1.43669e-011
-3.692	1.43332e-011
-3.691	1.43058e-011
-3.69	1.43467e-011
-3.689	1.43641e-011
-3.688	1.43702e-011
-3.687	1.43566e-011
-3.686	1.43149e-011
-3.685	1.43282e-011
-3.684	1.43402e-011
-3.683	1.43354e-011
-3.682	1.43552e-011
-3.681	1.43448e-011
-3.68	1.43454e-011
-3.679	1.43393e-011
-3.678	1.43217e-011
-3.677	1.43609e-011
-3.676	1.43128e-011
-3.675	1.42305e-011
-3.674	1.42697e-011
-3.673	1.4242e-011
-3.672	1.41507e-011
-3.671	1.41569e-011
-3.67	1.41463e-011
-3.669	1.40951e-011
-3.668	1.40959e-011
-3.667	1.40945e-011
-3.666	1.40723e-011
-3.665	1.40513e-011
-3.664	1.40373e-011
-3.663	1.40202e-011
-3.662	1.3948e-011
-3.661	1.38927e-011
-3.66	1.38867e-011
-3.659	1.38491e-011
-3.658	1.37966e-011
-3.657	1.3755e-011
-3.656	1.37277e-011
-3.655	1.3686e-011
-3.654	1.36163e-011
-3.653	1.35759e-011
-3.652	1.35617e-011
-3.651	1.35408e-011
-3.65	1.34935e-011
-3.649	1.34518e-011
-3.648	1.34326e-011
-3.647	1.3375e-011
-3.646	1.33227e-011
-3.645	1.32982e-011
-3.644	1.32264e-011
-3.643	1.31758e-011
-3.642	1.31808e-011
-3.641	1.31165e-011
-3.64	1.30242e-011
-3.639	1.29899e-011
-3.638	1.29562e-011
-3.637	1.29048e-011
-3.636	1.28267e-011
-3.635	1.27833e-011
-3.634	1.27675e-011
-3.633	1.26625e-011
-3.632	1.2611e-011
-3.631	1.26269e-011
-3.63	1.25627e-011
-3.629	1.24986e-011
-3.628	1.24289e-011
-3.627	1.23484e-011
-3.626	1.23079e-011
-3.625	1.22496e-011
-3.624	1.21933e-011
-3.623	1.21344e-011
-3.622	1.20656e-011
-3.621	1.20347e-011
-3.62	1.19942e-011
-3.619	1.19415e-011
-3.618	1.18957e-011
-3.617	1.18313e-011
-3.616	1.17565e-011
-3.615	1.16843e-011
-3.614	1.16459e-011
-3.613	1.16033e-011
-3.612	1.15305e-011
-3.611	1.1485e-011
-3.61	1.14486e-011
-3.609	1.1402e-011
-3.608	1.13379e-011
-3.607	1.12532e-011
-3.606	1.11835e-011
-3.605	1.11284e-011
-3.604	1.10798e-011
-3.603	1.10228e-011
-3.602	1.09677e-011
-3.601	1.09309e-011
-3.6	1.08988e-011
-3.599	1.08569e-011
-3.598	1.08067e-011
-3.597	1.07512e-011
-3.596	1.06776e-011
-3.595	1.06416e-011
-3.594	1.06057e-011
-3.593	1.05286e-011
-3.592	1.04934e-011
-3.591	1.04375e-011
-3.59	1.03567e-011
-3.589	1.03096e-011
-3.588	1.02805e-011
-3.587	1.0251e-011
-3.586	1.01873e-011
-3.585	1.01612e-011
-3.584	1.01267e-011
-3.583	1.00475e-011
-3.582	1.00231e-011
-3.581	9.99616e-012
-3.58	9.93571e-012
-3.579	9.87667e-012
-3.578	9.85516e-012
-3.577	9.84014e-012
-3.576	9.78062e-012
-3.575	9.74321e-012
-3.574	9.70509e-012
-3.573	9.6581e-012
-3.572	9.65988e-012
-3.571	9.65328e-012
-3.57	9.58798e-012
-3.569	9.53035e-012
-3.568	9.51466e-012
-3.567	9.49027e-012
-3.566	9.46906e-012
-3.565	9.44625e-012
-3.564	9.40067e-012
-3.563	9.37874e-012
-3.562	9.3634e-012
-3.561	9.34161e-012
-3.56	9.3342e-012
-3.559	9.29524e-012
-3.558	9.26759e-012
-3.557	9.27187e-012
-3.556	9.20573e-012
-3.555	9.1771e-012
-3.554	9.21834e-012
-3.553	9.19089e-012
-3.552	9.17658e-012
-3.551	9.16369e-012
-3.55	9.11445e-012
-3.549	9.11824e-012
-3.548	9.12864e-012
-3.547	9.11445e-012
-3.546	9.08509e-012
-3.545	9.07817e-012
-3.544	9.09584e-012
-3.543	9.08384e-012
-3.542	9.08418e-012
-3.541	9.07951e-012
-3.54	9.07316e-012
-3.539	9.09953e-012
-3.538	9.08874e-012
-3.537	9.07815e-012
-3.536	9.12543e-012
-3.535	9.13285e-012
-3.534	9.11345e-012
-3.533	9.13912e-012
-3.532	9.11928e-012
-3.531	9.11823e-012
-3.53	9.17303e-012
-3.529	9.16408e-012
-3.528	9.15475e-012
-3.527	9.16647e-012
-3.526	9.19812e-012
-3.525	9.2288e-012
-3.524	9.23192e-012
-3.523	9.2606e-012
-3.522	9.27892e-012
-3.521	9.30847e-012
-3.52	9.30973e-012
-3.519	9.33325e-012
-3.518	9.37984e-012
-3.517	9.35481e-012
-3.516	9.42965e-012
-3.515	9.46208e-012
-3.514	9.44188e-012
-3.513	9.51536e-012
-3.512	9.51873e-012
-3.511	9.54886e-012
-3.51	9.58262e-012
-3.509	9.59323e-012
-3.508	9.65912e-012
-3.507	9.6721e-012
-3.506	9.70158e-012
-3.505	9.76788e-012
-3.504	9.79161e-012
-3.503	9.82293e-012
-3.502	9.90271e-012
-3.501	9.96302e-012
-3.5	9.98501e-012
-3.499	1.00149e-011
-3.498	1.00671e-011
-3.497	1.0095e-011
-3.496	1.00747e-011
-3.495	1.01502e-011
-3.494	1.02356e-011
-3.493	1.02486e-011
-3.492	1.033e-011
-3.491	1.03856e-011
-3.49	1.04031e-011
-3.489	1.04605e-011
-3.488	1.05076e-011
-3.487	1.05532e-011
-3.486	1.06155e-011
-3.485	1.06701e-011
-3.484	1.07148e-011
-3.483	1.07755e-011
-3.482	1.08107e-011
-3.481	1.08272e-011
-3.48	1.08907e-011
-3.479	1.09559e-011
-3.478	1.10001e-011
-3.477	1.10334e-011
-3.476	1.10949e-011
-3.475	1.12093e-011
-3.474	1.12307e-011
-3.473	1.12519e-011
-3.472	1.13987e-011
-3.471	1.14245e-011
-3.47	1.1437e-011
-3.469	1.1552e-011
-3.468	1.15563e-011
-3.467	1.16201e-011
-3.466	1.17325e-011
-3.465	1.17468e-011
-3.464	1.18041e-011
-3.463	1.18546e-011
-3.462	1.1922e-011
-3.461	1.20045e-011
-3.46	1.20204e-011
-3.459	1.20871e-011
-3.458	1.21801e-011
-3.457	1.22137e-011
-3.456	1.22591e-011
-3.455	1.23557e-011
-3.454	1.24065e-011
-3.453	1.24406e-011
-3.452	1.25085e-011
-3.451	1.25515e-011
-3.45	1.2618e-011
-3.449	1.26677e-011
-3.448	1.27295e-011
-3.447	1.2825e-011
-3.446	1.28242e-011
-3.445	1.28686e-011
-3.444	1.29621e-011
-3.443	1.29789e-011
-3.442	1.30485e-011
-3.441	1.31146e-011
-3.44	1.31267e-011
-3.439	1.32218e-011
-3.438	1.33019e-011
-3.437	1.33353e-011
-3.436	1.34229e-011
-3.435	1.34648e-011
-3.434	1.3496e-011
-3.433	1.35727e-011
-3.432	1.36133e-011
-3.431	1.36257e-011
-3.43	1.36539e-011
-3.429	1.37265e-011
-3.428	1.37747e-011
-3.427	1.38099e-011
-3.426	1.38738e-011
-3.425	1.39166e-011
-3.424	1.39924e-011
-3.423	1.4062e-011
-3.422	1.40461e-011
-3.421	1.40806e-011
-3.42	1.42059e-011
-3.419	1.42506e-011
-3.418	1.42483e-011
-3.417	1.43052e-011
-3.416	1.4302e-011
-3.415	1.43135e-011
-3.414	1.44259e-011
-3.413	1.44351e-011
-3.412	1.44344e-011
-3.411	1.45124e-011
-3.41	1.45668e-011
-3.409	1.46128e-011
-3.408	1.4627e-011
-3.407	1.46828e-011
-3.406	1.47003e-011
-3.405	1.46801e-011
-3.404	1.47228e-011
-3.403	1.4742e-011
-3.402	1.47818e-011
-3.401	1.47798e-011
-3.4	1.4844e-011
-3.399	1.4938e-011
-3.398	1.48682e-011
-3.397	1.49468e-011
-3.396	1.5026e-011
-3.395	1.4966e-011
-3.394	1.50295e-011
-3.393	1.50383e-011
-3.392	1.50186e-011
-3.391	1.50609e-011
-3.39	1.50724e-011
-3.389	1.51022e-011
-3.388	1.5133e-011
-3.387	1.5181e-011
-3.386	1.51826e-011
-3.385	1.51313e-011
-3.384	1.51514e-011
-3.383	1.51888e-011
-3.382	1.5227e-011
-3.381	1.52178e-011
-3.38	1.51526e-011
-3.379	1.52301e-011
-3.378	1.52808e-011
-3.377	1.52299e-011
-3.376	1.52451e-011
-3.375	1.52262e-011
-3.374	1.52086e-011
-3.373	1.52301e-011
-3.372	1.52473e-011
-3.371	1.52258e-011
-3.37	1.52435e-011
-3.369	1.52523e-011
-3.368	1.52109e-011
-3.367	1.52516e-011
-3.366	1.52212e-011
-3.365	1.52166e-011
-3.364	1.52394e-011
-3.363	1.51891e-011
-3.362	1.51832e-011
-3.361	1.51712e-011
-3.36	1.51953e-011
-3.359	1.51897e-011
-3.358	1.51421e-011
-3.357	1.5175e-011
-3.356	1.51886e-011
-3.355	1.51138e-011
-3.354	1.5079e-011
-3.353	1.50964e-011
-3.352	1.50467e-011
-3.351	1.50317e-011
-3.35	1.50605e-011
-3.349	1.50299e-011
-3.348	1.50205e-011
-3.347	1.4993e-011
-3.346	1.49444e-011
-3.345	1.49378e-011
-3.344	1.49215e-011
-3.343	1.48702e-011
-3.342	1.48322e-011
-3.341	1.48594e-011
-3.34	1.48348e-011
-3.339	1.47891e-011
-3.338	1.47725e-011
-3.337	1.47156e-011
-3.336	1.47169e-011
-3.335	1.4692e-011
-3.334	1.46066e-011
-3.333	1.45889e-011
-3.332	1.45681e-011
-3.331	1.45262e-011
-3.33	1.45073e-011
-3.329	1.4491e-011
-3.328	1.44674e-011
-3.327	1.4466e-011
-3.326	1.44354e-011
-3.325	1.43993e-011
-3.324	1.43937e-011
-3.323	1.43268e-011
-3.322	1.42515e-011
-3.321	1.42018e-011
-3.32	1.4204e-011
-3.319	1.41563e-011
-3.318	1.41099e-011
-3.317	1.41249e-011
-3.316	1.40323e-011
-3.315	1.40115e-011
-3.314	1.40132e-011
-3.313	1.3939e-011
-3.312	1.39116e-011
-3.311	1.38717e-011
-3.31	1.37963e-011
-3.309	1.37988e-011
-3.308	1.38117e-011
-3.307	1.37101e-011
-3.306	1.36812e-011
-3.305	1.36479e-011
-3.304	1.35663e-011
-3.303	1.3565e-011
-3.302	1.35084e-011
-3.301	1.34546e-011
-3.3	1.34363e-011
-3.299	1.33699e-011
-3.298	1.33413e-011
-3.297	1.33257e-011
-3.296	1.32586e-011
-3.295	1.32521e-011
-3.294	1.32498e-011
-3.293	1.31354e-011
-3.292	1.31111e-011
-3.291	1.31479e-011
-3.29	1.30579e-011
-3.289	1.30244e-011
-3.288	1.30248e-011
-3.287	1.29424e-011
-3.286	1.2889e-011
-3.285	1.28392e-011
-3.284	1.28329e-011
-3.283	1.27924e-011
-3.282	1.27384e-011
-3.281	1.27585e-011
-3.28	1.27053e-011
-3.279	1.26618e-011
-3.278	1.26161e-011
-3.277	1.2581e-011
-3.276	1.25619e-011
-3.275	1.25079e-011
-3.274	1.24656e-011
-3.273	1.24624e-011
-3.272	1.24157e-011
-3.271	1.2368e-011
-3.27	1.24088e-011
-3.269	1.23016e-011
-3.268	1.22703e-011
-3.267	1.22709e-011
-3.266	1.22167e-011
-3.265	1.22217e-011
-3.264	1.2129e-011
-3.263	1.21145e-011
-3.262	1.21315e-011
-3.261	1.20951e-011
-3.26	1.20856e-011
-3.259	1.20463e-011
-3.258	1.20063e-011
-3.257	1.19985e-011
-3.256	1.19405e-011
-3.255	1.1922e-011
-3.254	1.18962e-011
-3.253	1.18611e-011
-3.252	1.18548e-011
-3.251	1.18351e-011
-3.25	1.17915e-011
-3.249	1.1747e-011
-3.248	1.18065e-011
-3.247	1.17633e-011
-3.246	1.17122e-011
-3.245	1.17528e-011
-3.244	1.17411e-011
-3.243	1.16967e-011
-3.242	1.1695e-011
-3.241	1.17137e-011
-3.24	1.16352e-011
-3.239	1.162e-011
-3.238	1.1626e-011
-3.237	1.15574e-011
-3.236	1.15775e-011
-3.235	1.16096e-011
-3.234	1.16192e-011
-3.233	1.15642e-011
-3.232	1.15446e-011
-3.231	1.15861e-011
-3.23	1.15319e-011
-3.229	1.15325e-011
-3.228	1.15187e-011
-3.227	1.14656e-011
-3.226	1.14808e-011
-3.225	1.14938e-011
-3.224	1.15143e-011
-3.223	1.15163e-011
-3.222	1.14923e-011
-3.221	1.15234e-011
-3.22	1.15365e-011
-3.219	1.14965e-011
-3.218	1.1528e-011
-3.217	1.15562e-011
-3.216	1.14866e-011
-3.215	1.15045e-011
-3.214	1.15189e-011
-3.213	1.14969e-011
-3.212	1.15544e-011
-3.211	1.15709e-011
-3.21	1.15459e-011
-3.209	1.15637e-011
-3.208	1.15445e-011
-3.207	1.15772e-011
-3.206	1.16237e-011
-3.205	1.15558e-011
-3.204	1.1647e-011
-3.203	1.16585e-011
-3.202	1.16161e-011
-3.201	1.16957e-011
-3.2	1.16114e-011
-3.199	1.1638e-011
-3.198	1.1715e-011
-3.197	1.16797e-011
-3.196	1.17376e-011
-3.195	1.16927e-011
-3.194	1.17375e-011
-3.193	1.18052e-011
-3.192	1.17841e-011
-3.191	1.17924e-011
-3.19	1.17997e-011
-3.189	1.18477e-011
-3.188	1.18467e-011
-3.187	1.18772e-011
-3.186	1.18933e-011
-3.185	1.19445e-011
-3.184	1.19664e-011
-3.183	1.20028e-011
-3.182	1.20697e-011
-3.181	1.20452e-011
-3.18	1.20406e-011
-3.179	1.20504e-011
-3.178	1.20798e-011
-3.177	1.21262e-011
-3.176	1.21476e-011
-3.175	1.2204e-011
-3.174	1.21981e-011
-3.173	1.22563e-011
-3.172	1.22848e-011
-3.171	1.22732e-011
-3.17	1.23596e-011
-3.169	1.2321e-011
-3.168	1.23998e-011
-3.167	1.24307e-011
-3.166	1.24269e-011
-3.165	1.25289e-011
-3.164	1.24839e-011
-3.163	1.25013e-011
-3.162	1.2606e-011
-3.161	1.26095e-011
-3.16	1.26561e-011
-3.159	1.26605e-011
-3.158	1.26532e-011
-3.157	1.27064e-011
-3.156	1.2717e-011
-3.155	1.27461e-011
-3.154	1.27682e-011
-3.153	1.28784e-011
-3.152	1.28989e-011
-3.151	1.29405e-011
-3.15	1.30189e-011
-3.149	1.30272e-011
-3.148	1.30735e-011
-3.147	1.30511e-011
-3.146	1.30854e-011
-3.145	1.31169e-011
-3.144	1.31431e-011
-3.143	1.31998e-011
-3.142	1.32611e-011
-3.141	1.32551e-011
-3.14	1.32932e-011
-3.139	1.3354e-011
-3.138	1.33741e-011
-3.137	1.34007e-011
-3.136	1.3445e-011
-3.135	1.34938e-011
-3.134	1.34853e-011
-3.133	1.3528e-011
-3.132	1.3625e-011
-3.131	1.36016e-011
-3.13	1.35945e-011
-3.129	1.36754e-011
-3.128	1.36762e-011
-3.127	1.36847e-011
-3.126	1.3716e-011
-3.125	1.37855e-011
-3.124	1.37865e-011
-3.123	1.38454e-011
-3.122	1.3915e-011
-3.121	1.39163e-011
-3.12	1.38951e-011
-3.119	1.39911e-011
-3.118	1.40421e-011
-3.117	1.40073e-011
-3.116	1.40949e-011
-3.115	1.41006e-011
-3.114	1.4124e-011
-3.113	1.42209e-011
-3.112	1.41799e-011
-3.111	1.4167e-011
-3.11	1.4224e-011
-3.109	1.4248e-011
-3.108	1.42929e-011
-3.107	1.42838e-011
-3.106	1.43084e-011
-3.105	1.4413e-011
-3.104	1.44587e-011
-3.103	1.44216e-011
-3.102	1.44471e-011
-3.101	1.45443e-011
-3.1	1.44539e-011
-3.099	1.45413e-011
-3.098	1.45309e-011
-3.097	1.45572e-011
-3.096	1.45937e-011
-3.095	1.46138e-011
-3.094	1.46664e-011
-3.093	1.45771e-011
-3.092	1.46728e-011
-3.091	1.46595e-011
-3.09	1.46894e-011
-3.089	1.46988e-011
-3.088	1.47295e-011
-3.087	1.48273e-011
-3.086	1.4745e-011
-3.085	1.48013e-011
-3.084	1.48207e-011
-3.083	1.48211e-011
-3.082	1.48934e-011
-3.081	1.48456e-011
-3.08	1.49267e-011
-3.079	1.48397e-011
-3.078	1.48949e-011
-3.077	1.49206e-011
-3.076	1.48736e-011
-3.075	1.49095e-011
-3.074	1.48706e-011
-3.073	1.49279e-011
-3.072	1.49326e-011
-3.071	1.50077e-011
-3.07	1.5021e-011
-3.069	1.49954e-011
-3.068	1.5073e-011
-3.067	1.50718e-011
-3.066	1.50004e-011
-3.065	1.50021e-011
-3.064	1.50285e-011
-3.063	1.49722e-011
-3.062	1.50568e-011
-3.061	1.49382e-011
-3.06	1.50593e-011
-3.059	1.50593e-011
-3.058	1.50833e-011
-3.057	1.5078e-011
-3.056	1.50546e-011
-3.055	1.50298e-011
-3.054	1.50425e-011
-3.053	1.49922e-011
-3.052	1.50143e-011
-3.051	1.50177e-011
-3.05	1.50267e-011
-3.049	1.50371e-011
-3.048	1.50368e-011
-3.047	1.50077e-011
-3.046	1.50726e-011
-3.045	1.49856e-011
-3.044	1.50296e-011
-3.043	1.50317e-011
-3.042	1.50419e-011
-3.041	1.50257e-011
-3.04	1.50904e-011
-3.039	1.51691e-011
-3.038	1.51888e-011
-3.037	1.53053e-011
-3.036	1.53485e-011
-3.035	1.54101e-011
-3.034	1.5637e-011
-3.033	1.57101e-011
-3.032	1.58537e-011
-3.031	1.60511e-011
-3.03	1.62196e-011
-3.029	1.64649e-011
-3.028	1.67013e-011
-3.027	1.69411e-011
-3.026	1.73206e-011
-3.025	1.7624e-011
-3.024	1.79217e-011
-3.023	1.84151e-011
-3.022	1.8766e-011
-3.021	1.92249e-011
-3.02	1.98112e-011
-3.019	2.01645e-011
-3.018	2.08466e-011
-3.017	2.15922e-011
-3.016	2.21696e-011
-3.015	2.30397e-011
-3.014	2.37114e-011
-3.013	2.47407e-011
-3.012	2.54733e-011
-3.011	2.64876e-011
-3.01	2.77628e-011
-3.009	2.85779e-011
-3.008	3.00118e-011
-3.007	3.11876e-011
-3.006	3.26843e-011
-3.005	3.40979e-011
-3.004	3.55383e-011
-3.003	3.74284e-011
-3.002	3.90059e-011
-3.001	4.08677e-011
-3	4.29209e-011
-2.999	4.50637e-011
-2.998	4.72903e-011
-2.997	4.96371e-011
-2.996	5.21796e-011
-2.995	5.4813e-011
-2.994	5.77183e-011
-2.993	6.05752e-011
-2.992	6.37669e-011
-2.991	6.72477e-011
-2.99	7.06766e-011
-2.989	7.43726e-011
-2.988	7.82752e-011
-2.987	8.25729e-011
-2.986	8.69482e-011
-2.985	9.16508e-011
-2.984	9.64625e-011
-2.983	1.01698e-010
-2.982	1.06978e-010
-2.981	1.12686e-010
-2.98	1.18804e-010
-2.979	1.25118e-010
-2.978	1.31712e-010
-2.977	1.38757e-010
-2.976	1.46077e-010
-2.975	1.53884e-010
-2.974	1.62266e-010
-2.973	1.70592e-010
-2.972	1.80133e-010
-2.971	1.89201e-010
-2.97	1.99613e-010
-2.969	2.10018e-010
-2.968	2.21136e-010
-2.967	2.32654e-010
-2.966	2.44797e-010
-2.965	2.58276e-010
-2.964	2.71383e-010
-2.963	2.85961e-010
-2.962	3.00676e-010
-2.961	3.16611e-010
-2.96	3.33182e-010
-2.959	3.50796e-010
-2.958	3.68668e-010
-2.957	3.87919e-010
-2.956	4.08013e-010
-2.955	4.29076e-010
-2.954	4.51451e-010
-2.953	4.74811e-010
-2.952	4.99029e-010
-2.951	5.25133e-010
-2.95	5.52183e-010
-2.949	5.80446e-010
-2.948	6.10406e-010
-2.947	6.41369e-010
-2.946	6.7467e-010
-2.945	7.08696e-010
-2.944	7.45313e-010
-2.943	7.8253e-010
-2.942	8.22553e-010
-2.941	8.64592e-010
-2.94	9.08577e-010
-2.939	9.5466e-010
-2.938	1.00291e-009
-2.937	1.05356e-009
-2.936	1.10716e-009
-2.935	1.16233e-009
-2.934	1.22137e-009
-2.933	1.28269e-009
-2.932	1.34718e-009
-2.931	1.4157e-009
-2.93	1.48676e-009
-2.929	1.56202e-009
-2.928	1.63925e-009
-2.927	1.72273e-009
-2.926	1.8086e-009
-2.925	1.8989e-009
-2.924	1.99384e-009
-2.923	2.09364e-009
-2.922	2.19809e-009
-2.921	2.30854e-009
-2.92	2.42292e-009
-2.919	2.54413e-009
-2.918	2.67058e-009
-2.917	2.80349e-009
-2.916	2.94257e-009
-2.915	3.08971e-009
-2.914	3.24417e-009
-2.913	3.40418e-009
-2.912	3.57498e-009
-2.911	3.75024e-009
-2.91	3.93923e-009
-2.909	4.13334e-009
-2.908	4.33918e-009
-2.907	4.55368e-009
-2.906	4.77909e-009
-2.905	5.01637e-009
-2.904	5.26411e-009
-2.903	5.52747e-009
-2.902	5.79946e-009
-2.901	6.08919e-009
-2.9	6.3898e-009
-2.899	6.70607e-009
-2.898	7.03765e-009
-2.897	7.38727e-009
-2.896	7.75364e-009
-2.895	8.13773e-009
-2.894	8.5402e-009
-2.893	8.96165e-009
-2.892	9.40729e-009
-2.891	9.87192e-009
-2.89	1.03627e-008
-2.889	1.08793e-008
-2.888	1.14137e-008
-2.887	1.19827e-008
-2.886	1.25794e-008
-2.885	1.31986e-008
-2.884	1.38574e-008
-2.883	1.45433e-008
-2.882	1.5268e-008
-2.881	1.60227e-008
-2.88	1.6821e-008
-2.879	1.76573e-008
-2.878	1.85379e-008
-2.877	1.94555e-008
-2.876	2.04283e-008
-2.875	2.14432e-008
-2.874	2.25113e-008
-2.873	2.36315e-008
-2.872	2.48074e-008
-2.871	2.60506e-008
-2.87	2.73397e-008
-2.869	2.87136e-008
-2.868	3.01366e-008
-2.867	3.16526e-008
-2.866	3.32257e-008
-2.865	3.48923e-008
-2.864	3.66391e-008
-2.863	3.84679e-008
-2.862	4.04033e-008
-2.861	4.24192e-008
-2.86	4.45541e-008
-2.859	4.67838e-008
-2.858	4.91351e-008
-2.857	5.15986e-008
-2.856	5.41936e-008
-2.855	5.69189e-008
-2.854	5.97804e-008
-2.853	6.27851e-008
-2.852	6.5952e-008
-2.851	6.92688e-008
-2.85	7.27588e-008
-2.849	7.64297e-008
-2.848	8.02848e-008
-2.847	8.43311e-008
-2.846	8.85846e-008
-2.845	9.30665e-008
-2.844	9.77602e-008
-2.843	1.02704e-007
-2.842	1.07894e-007
-2.841	1.13354e-007
-2.84	1.19088e-007
-2.839	1.25123e-007
-2.838	1.31445e-007
-2.837	1.38106e-007
-2.836	1.45104e-007
-2.835	1.52454e-007
-2.834	1.60182e-007
-2.833	1.68303e-007
-2.832	1.7683e-007
-2.831	1.858e-007
-2.83	1.95225e-007
-2.829	2.05128e-007
-2.828	2.15537e-007
-2.827	2.26466e-007
-2.826	2.37984e-007
-2.825	2.50036e-007
-2.824	2.62761e-007
-2.823	2.76077e-007
-2.822	2.90113e-007
-2.821	3.04831e-007
-2.82	3.2031e-007
-2.819	3.36576e-007
-2.818	3.53637e-007
-2.817	3.716e-007
-2.816	3.90459e-007
-2.815	4.10275e-007
-2.814	4.31092e-007
-2.813	4.52963e-007
-2.812	4.75945e-007
-2.811	5.00082e-007
-2.81	5.25438e-007
-2.809	5.52107e-007
-2.808	5.80032e-007
-2.807	6.09488e-007
-2.806	6.40315e-007
-2.805	6.72772e-007
-2.804	7.06834e-007
-2.803	7.42585e-007
-2.802	7.8019e-007
-2.801	8.1962e-007
-2.8	8.61108e-007
-2.799	9.04627e-007
-2.798	9.50345e-007
-2.797	9.98354e-007
-2.796	1.04875e-006
-2.795	1.10169e-006
-2.794	1.15728e-006
-2.793	1.21565e-006
-2.792	1.27694e-006
-2.791	1.34129e-006
-2.79	1.40889e-006
-2.789	1.47981e-006
-2.788	1.55431e-006
-2.787	1.63253e-006
-2.786	1.71462e-006
-2.785	1.80082e-006
-2.784	1.8913e-006
-2.783	1.98631e-006
-2.782	2.08601e-006
-2.781	2.1907e-006
-2.78	2.30061e-006
-2.779	2.41597e-006
-2.778	2.53705e-006
-2.777	2.66418e-006
-2.776	2.7976e-006
-2.775	2.93771e-006
-2.774	3.08467e-006
-2.773	3.23899e-006
-2.772	3.40096e-006
-2.771	3.57101e-006
-2.77	3.74941e-006
-2.769	3.93675e-006
-2.768	4.13337e-006
-2.767	4.33968e-006
-2.766	4.55631e-006
-2.765	4.78356e-006
-2.764	5.02224e-006
-2.763	5.27263e-006
-2.762	5.53556e-006
-2.761	5.81139e-006
-2.76	6.10105e-006
-2.759	6.40501e-006
-2.758	6.72403e-006
-2.757	7.05899e-006
-2.756	7.41039e-006
-2.755	7.77946e-006
-2.754	8.16667e-006
-2.753	8.5733e-006
-2.752	9.00002e-006
-2.751	9.44801e-006
-2.75	9.91825e-006
-2.749	1.04118e-005
-2.748	1.09301e-005
-2.747	1.14741e-005
-2.746	1.20452e-005
-2.745	1.26447e-005
-2.744	1.32741e-005
-2.743	1.3935e-005
-2.742	1.46287e-005
-2.741	1.53571e-005
-2.74	1.6122e-005
-2.739	1.69248e-005
-2.738	1.77681e-005
-2.737	1.86533e-005
-2.736	1.9583e-005
-2.735	2.05592e-005
-2.734	2.15843e-005
-2.733	2.26605e-005
-2.732	2.37912e-005
-2.731	2.49782e-005
-2.73	2.62251e-005
-2.729	2.75343e-005
-2.728	2.89097e-005
-2.727	3.0354e-005
-2.726	3.18711e-005
-2.725	3.34646e-005
-2.724	3.51383e-005
-2.723	3.68964e-005
-2.722	3.87432e-005
-2.721	4.06834e-005
-2.72	4.27211e-005
-2.719	4.48622e-005
-2.718	4.71112e-005
-2.717	4.94741e-005
-2.716	5.19566e-005
-2.715	5.45646e-005
-2.714	5.73048e-005
-2.713	6.01073e-005
-2.712	6.29675e-005
-2.711	6.58811e-005
-2.71	6.88439e-005
-2.709	7.18509e-005
-2.708	7.48979e-005
-2.707	7.79799e-005
-2.706	8.10922e-005
-2.705	8.42298e-005
-2.704	8.73881e-005
-2.703	9.05622e-005
-2.702	9.3747e-005
-2.701	9.69378e-005
-2.7	0.000100129
-2.699	0.000103317
-2.698	0.000106496
-2.697	0.000109661
-2.696	0.000112807
-2.695	0.00011593
-2.694	0.000119024
-2.693	0.000122085
-2.692	0.000125109
-2.691	0.00012809
-2.69	0.000131024
-2.689	0.000133906
-2.688	0.000136733
-2.687	0.000139499
-2.686	0.000142201
-2.685	0.000144835
-2.684	0.000147396
-2.683	0.000149881
-2.682	0.000152285
-2.681	0.000154606
-2.68	0.000156841
-2.679	0.000158985
-2.678	0.000161035
-2.677	0.000162989
-2.676	0.000164844
-2.675	0.000166597
-2.674	0.000168246
-2.673	0.000169788
-2.672	0.000171221
-2.671	0.000172543
-2.67	0.000173754
-2.669	0.00017485
-2.668	0.000175831
-2.667	0.000176695
-2.666	0.000177442
-2.665	0.00017807
-2.664	0.00017858
-2.663	0.00017897
-2.662	0.000179242
-2.661	0.000179394
-2.66	0.000179427
-2.659	0.000179341
-2.658	0.000179137
-2.657	0.000178816
-2.656	0.000178379
-2.655	0.000177827
-2.654	0.000177161
-2.653	0.000176384
-2.652	0.000175496
-2.651	0.000174501
-2.65	0.000173399
-2.649	0.000172194
-2.648	0.000170888
-2.647	0.000169484
-2.646	0.000167984
-2.645	0.000166392
-2.644	0.00016471
-2.643	0.000162943
-2.642	0.000161093
-2.641	0.000159164
-2.64	0.00015716
-2.639	0.000155085
-2.638	0.000152943
-2.637	0.000150737
-2.636	0.000148473
-2.635	0.000146154
-2.634	0.000143785
-2.633	0.00014137
-2.632	0.000138914
-2.631	0.000136422
-2.63	0.000133898
-2.629	0.000131347
-2.628	0.000128774
-2.627	0.000126183
-2.626	0.00012358
-2.625	0.000120969
-2.624	0.000118356
-2.623	0.000115745
-2.622	0.000113141
-2.621	0.000110548
-2.62	0.000107973
-2.619	0.00010542
-2.618	0.000102893
-2.617	0.000100398
-2.616	9.79385e-005
-2.615	9.55198e-005
-2.614	9.31467e-005
-2.613	9.08232e-005
-2.612	8.85542e-005
-2.611	8.63438e-005
-2.61	8.41962e-005
-2.609	8.21156e-005
-2.608	8.01062e-005
-2.607	7.81716e-005
-2.606	7.6316e-005
-2.605	7.45429e-005
-2.604	7.28558e-005
-2.603	7.12579e-005
-2.602	6.97526e-005
-2.601	6.83432e-005
-2.6	6.70323e-005
-2.599	6.58228e-005
-2.598	6.47174e-005
-2.597	6.37181e-005
-2.596	6.28276e-005
-2.595	6.20478e-005
-2.594	6.13807e-005
-2.593	6.08277e-005
-2.592	6.03906e-005
-2.591	6.00705e-005
-2.59	5.98687e-005
-2.589	5.97861e-005
-2.588	5.98234e-005
-2.587	5.9981e-005
-2.586	6.02593e-005
-2.585	6.06586e-005
-2.584	6.11787e-005
-2.583	6.18194e-005
-2.582	6.25801e-005
-2.581	6.34602e-005
-2.58	6.44589e-005
-2.579	6.5575e-005
-2.578	6.68073e-005
-2.577	6.81545e-005
-2.576	6.96148e-005
-2.575	7.11866e-005
-2.574	7.28677e-005
-2.573	7.4656e-005
-2.572	7.65491e-005
-2.571	7.85446e-005
-2.57	8.06397e-005
-2.569	8.28316e-005
-2.568	8.51171e-005
-2.567	8.74932e-005
-2.566	8.99569e-005
-2.565	9.25042e-005
-2.564	9.51318e-005
-2.563	9.78358e-005
-2.562	0.000100613
-2.561	0.000103458
-2.56	0.000106368
-2.559	0.000109339
-2.558	0.000112366
-2.557	0.000115444
-2.556	0.00011857
-2.555	0.00012174
-2.554	0.000124947
-2.553	0.000128188
-2.552	0.000131458
-2.551	0.000134752
-2.55	0.000138066
-2.549	0.000141395
-2.548	0.000144733
-2.547	0.000148077
-2.546	0.00015142
-2.545	0.000154759
-2.544	0.000158089
-2.543	0.000161404
-2.542	0.000164701
-2.541	0.000167974
-2.54	0.000171218
-2.539	0.00017443
-2.538	0.000177604
-2.537	0.000180736
-2.536	0.000183821
-2.535	0.000186856
-2.534	0.000189836
-2.533	0.000192756
-2.532	0.000195613
-2.531	0.000198404
-2.53	0.000201123
-2.529	0.000203767
-2.528	0.000206334
-2.527	0.000208818
-2.526	0.000211218
-2.525	0.000213529
-2.524	0.00021575
-2.523	0.000217876
-2.522	0.000219906
-2.521	0.000221838
-2.52	0.000223667
-2.519	0.000225394
-2.518	0.000227014
-2.517	0.000228528
-2.516	0.000229932
-2.515	0.000231226
-2.514	0.000232409
-2.513	0.000233479
-2.512	0.000234436
-2.511	0.000235278
-2.51	0.000236007
-2.509	0.00023662
-2.508	0.000237118
-2.507	0.000237501
-2.506	0.00023777
-2.505	0.000237925
-2.504	0.000237967
-2.503	0.000237896
-2.502	0.000237714
-2.501	0.000237422
-2.5	0.000237022
-2.499	0.000236514
-2.498	0.000235902
-2.497	0.000235187
-2.496	0.00023437
-2.495	0.000233456
-2.494	0.000232445
-2.493	0.000231341
-2.492	0.000230147
-2.491	0.000228865
-2.49	0.000227498
-2.489	0.000226051
-2.488	0.000224526
-2.487	0.000222926
-2.486	0.000221257
-2.485	0.000219521
-2.484	0.000217722
-2.483	0.000215864
-2.482	0.000213952
-2.481	0.000211989
-2.48	0.000209981
-2.479	0.00020793
-2.478	0.000205842
-2.477	0.000203722
-2.476	0.000201573
-2.475	0.0001994
-2.474	0.000197209
-2.473	0.000195002
-2.472	0.000192787
-2.471	0.000190566
-2.47	0.000188345
-2.469	0.000186128
-2.468	0.000183921
-2.467	0.000181728
-2.466	0.000179552
-2.465	0.000177401
-2.464	0.000175277
-2.463	0.000173185
-2.462	0.00017113
-2.461	0.000169117
-2.46	0.000167149
-2.459	0.00016523
-2.458	0.000163367
-2.457	0.000161561
-2.456	0.000159818
-2.455	0.00015814
-2.454	0.000156533
-2.453	0.000155
-2.452	0.000153544
-2.451	0.000152168
-2.45	0.000150876
-2.449	0.000149672
-2.448	0.000148558
-2.447	0.000147536
-2.446	0.000146611
-2.445	0.000145784
-2.444	0.000145057
-2.443	0.000144434
-2.442	0.000143916
-2.441	0.000143504
-2.44	0.000143201
-2.439	0.000143008
-2.438	0.000142927
-2.437	0.000142958
-2.436	0.000143103
-2.435	0.000143363
-2.434	0.000143737
-2.433	0.000144227
-2.432	0.000144832
-2.431	0.000145553
-2.43	0.000146389
-2.429	0.000147341
-2.428	0.000148408
-2.427	0.000149588
-2.426	0.000150881
-2.425	0.000152287
-2.424	0.000153803
-2.423	0.000155428
-2.422	0.00015716
-2.421	0.000158999
-2.42	0.000160941
-2.419	0.000162985
-2.418	0.000165128
-2.417	0.000167368
-2.416	0.000169703
-2.415	0.000172129
-2.414	0.000174644
-2.413	0.000177244
-2.412	0.000179926
-2.411	0.000182687
-2.41	0.000185524
-2.409	0.000188434
-2.408	0.000191411
-2.407	0.000194453
-2.406	0.000197556
-2.405	0.000200716
-2.404	0.000203928
-2.403	0.000207188
-2.402	0.000210493
-2.401	0.000213838
-2.4	0.000217218
-2.399	0.00022063
-2.398	0.000224069
-2.397	0.00022753
-2.396	0.000231009
-2.395	0.000234502
-2.394	0.000238003
-2.393	0.000241509
-2.392	0.000245015
-2.391	0.000248516
-2.39	0.000252008
-2.389	0.000255487
-2.388	0.000258947
-2.387	0.000262385
-2.386	0.000265796
-2.385	0.000269176
-2.384	0.000272521
-2.383	0.000275826
-2.382	0.000279088
-2.381	0.000282302
-2.38	0.000285465
-2.379	0.000288572
-2.378	0.000291621
-2.377	0.000294607
-2.376	0.000297527
-2.375	0.000300377
-2.374	0.000303155
-2.373	0.000305857
-2.372	0.00030848
-2.371	0.000311022
-2.37	0.000313479
-2.369	0.000315849
-2.368	0.00031813
-2.367	0.00032032
-2.366	0.000322416
-2.365	0.000324417
-2.364	0.00032632
-2.363	0.000328125
-2.362	0.00032983
-2.361	0.000331434
-2.36	0.000332935
-2.359	0.000334332
-2.358	0.000335626
-2.357	0.000336815
-2.356	0.0003379
-2.355	0.00033888
-2.354	0.000339755
-2.353	0.000340525
-2.352	0.000341191
-2.351	0.000341754
-2.35	0.000342214
-2.349	0.000342571
-2.348	0.000342828
-2.347	0.000342986
-2.346	0.000343045
-2.345	0.000343008
-2.344	0.000342876
-2.343	0.000342652
-2.342	0.000342337
-2.341	0.000341933
-2.34	0.000341444
-2.339	0.000340871
-2.338	0.000340218
-2.337	0.000339487
-2.336	0.000338681
-2.335	0.000337803
-2.334	0.000336857
-2.333	0.000335846
-2.332	0.000334773
-2.331	0.000333642
-2.33	0.000332456
-2.329	0.000331219
-2.328	0.000329936
-2.327	0.00032861
-2.326	0.000327244
-2.325	0.000325842
-2.324	0.000324411
-2.323	0.000322952
-2.322	0.000321471
-2.321	0.000319972
-2.32	0.000318459
-2.319	0.000316936
-2.318	0.000315407
-2.317	0.000313877
-2.316	0.00031235
-2.315	0.000310831
-2.314	0.000309323
-2.313	0.000307831
-2.312	0.00030636
-2.311	0.000304913
-2.31	0.000303495
-2.309	0.000302109
-2.308	0.00030076
-2.307	0.000299452
-2.306	0.000298189
-2.305	0.000296974
-2.304	0.000295812
-2.303	0.000294706
-2.302	0.00029366
-2.301	0.000292677
-2.3	0.000291761
-2.299	0.000290914
-2.298	0.00029014
-2.297	0.000289443
-2.296	0.000288824
-2.295	0.000288287
-2.294	0.000287835
-2.293	0.00028747
-2.292	0.000287194
-2.291	0.000287009
-2.29	0.000286919
-2.289	0.000286923
-2.288	0.000287025
-2.287	0.000287227
-2.286	0.000287528
-2.285	0.000287931
-2.284	0.000288436
-2.283	0.000289046
-2.282	0.00028976
-2.281	0.000290579
-2.28	0.000291504
-2.279	0.000292534
-2.278	0.00029367
-2.277	0.000294912
-2.276	0.00029626
-2.275	0.000297713
-2.274	0.00029927
-2.273	0.000300931
-2.272	0.000302695
-2.271	0.000304561
-2.27	0.000306527
-2.269	0.000308593
-2.268	0.000310756
-2.267	0.000313015
-2.266	0.000315368
-2.265	0.000317813
-2.264	0.000320348
-2.263	0.000322971
-2.262	0.000325679
-2.261	0.000328469
-2.26	0.000331339
-2.259	0.000334287
-2.258	0.000337308
-2.257	0.000340401
-2.256	0.000343562
-2.255	0.000346788
-2.254	0.000350075
-2.253	0.00035342
-2.252	0.000356819
-2.251	0.00036027
-2.25	0.000363768
-2.249	0.00036731
-2.248	0.000370892
-2.247	0.000374509
-2.246	0.000378158
-2.245	0.000381836
-2.244	0.000385538
-2.243	0.000389261
-2.242	0.000393
-2.241	0.000396751
-2.24	0.000400511
-2.239	0.000404275
-2.238	0.000408039
-2.237	0.000411799
-2.236	0.000415552
-2.235	0.000419294
-2.234	0.000423021
-2.233	0.000426728
-2.232	0.000430413
-2.231	0.00043407
-2.23	0.000437698
-2.229	0.000441291
-2.228	0.000444846
-2.227	0.000448361
-2.226	0.000451832
-2.225	0.000455254
-2.224	0.000458626
-2.223	0.000461944
-2.222	0.000465205
-2.221	0.000468406
-2.22	0.000471545
-2.219	0.000474618
-2.218	0.000477624
-2.217	0.00048056
-2.216	0.000483423
-2.215	0.000486212
-2.214	0.000488925
-2.213	0.00049156
-2.212	0.000494115
-2.211	0.000496588
-2.21	0.000498978
-2.209	0.000501285
-2.208	0.000503506
-2.207	0.00050564
-2.206	0.000507689
-2.205	0.000509648
-2.204	0.000511521
-2.203	0.000513305
-2.202	0.000515001
-2.201	0.000516608
-2.2	0.000518126
-2.199	0.000519557
-2.198	0.000520901
-2.197	0.000522157
-2.196	0.000523327
-2.195	0.000524413
-2.194	0.000525414
-2.193	0.000526332
-2.192	0.000527169
-2.191	0.000527926
-2.19	0.000528605
-2.189	0.000529207
-2.188	0.000529735
-2.187	0.00053019
-2.186	0.000530576
-2.185	0.000530893
-2.184	0.000531145
-2.183	0.000531334
-2.182	0.000531461
-2.181	0.000531533
-2.18	0.000531549
-2.179	0.000531514
-2.178	0.000531429
-2.177	0.000531299
-2.176	0.000531127
-2.175	0.000530917
-2.174	0.000530669
-2.173	0.00053039
-2.172	0.000530082
-2.171	0.000529749
-2.17	0.000529395
-2.169	0.000529022
-2.168	0.000528633
-2.167	0.000528235
-2.166	0.000527828
-2.165	0.000527419
-2.164	0.00052701
-2.163	0.000526605
-2.162	0.000526206
-2.161	0.00052582
-2.16	0.000525448
-2.159	0.000525095
-2.158	0.000524764
-2.157	0.000524459
-2.156	0.000524182
-2.155	0.000523939
-2.154	0.000523732
-2.153	0.000523565
-2.152	0.000523439
-2.151	0.00052336
-2.15	0.00052333
-2.149	0.000523352
-2.148	0.00052343
-2.147	0.000523566
-2.146	0.000523763
-2.145	0.000524023
-2.144	0.00052435
-2.143	0.000524746
-2.142	0.000525212
-2.141	0.000525753
-2.14	0.000526369
-2.139	0.000527062
-2.138	0.000527835
-2.137	0.000528689
-2.136	0.000529626
-2.135	0.000530648
-2.134	0.000531756
-2.133	0.00053295
-2.132	0.000534233
-2.131	0.000535605
-2.13	0.000537067
-2.129	0.00053862
-2.128	0.000540264
-2.127	0.000542
-2.126	0.000543827
-2.125	0.000545746
-2.124	0.000547758
-2.123	0.000549862
-2.122	0.000552057
-2.121	0.000554343
-2.12	0.000556719
-2.119	0.000559186
-2.118	0.00056174
-2.117	0.000564383
-2.116	0.000567113
-2.115	0.000569928
-2.114	0.000572827
-2.113	0.000575808
-2.112	0.000578871
-2.111	0.000582012
-2.11	0.000585232
-2.109	0.000588527
-2.108	0.000591894
-2.107	0.000595333
-2.106	0.00059884
-2.105	0.000602414
-2.104	0.00060605
-2.103	0.00060975
-2.102	0.000613507
-2.101	0.00061732
-2.1	0.000621187
-2.099	0.000625104
-2.098	0.000629068
-2.097	0.000633076
-2.096	0.000637126
-2.095	0.000641213
-2.094	0.000645336
-2.093	0.00064949
-2.092	0.000653673
-2.091	0.000657883
-2.09	0.000662113
-2.089	0.000666363
-2.088	0.000670628
-2.087	0.000674906
-2.086	0.000679194
-2.085	0.000683487
-2.084	0.000687783
-2.083	0.000692079
-2.082	0.000696371
-2.081	0.000700656
-2.08	0.000704931
-2.079	0.000709192
-2.078	0.000713437
-2.077	0.000717664
-2.076	0.000721869
-2.075	0.000726049
-2.074	0.0007302
-2.073	0.000734321
-2.072	0.00073841
-2.071	0.000742462
-2.07	0.000746477
-2.069	0.000750451
-2.068	0.000754382
-2.067	0.000758268
-2.066	0.000762108
-2.065	0.000765896
-2.064	0.000769635
-2.063	0.00077332
-2.062	0.00077695
-2.061	0.000780523
-2.06	0.00078404
-2.059	0.000787497
-2.058	0.000790894
-2.057	0.000794228
-2.056	0.000797501
-2.055	0.000800712
-2.054	0.000803855
-2.053	0.000806936
-2.052	0.000809952
-2.051	0.000812902
-2.05	0.000815785
-2.049	0.000818603
-2.048	0.000821354
-2.047	0.00082404
-2.046	0.000826661
-2.045	0.000829215
-2.044	0.000831705
-2.043	0.000834132
-2.042	0.000836495
-2.041	0.000838796
-2.04	0.000841034
-2.039	0.000843212
-2.038	0.000845332
-2.037	0.000847395
-2.036	0.0008494
-2.035	0.000851351
-2.034	0.000853249
-2.033	0.000855096
-2.032	0.000856893
-2.031	0.000858643
-2.03	0.000860347
-2.029	0.000862008
-2.028	0.000863627
-2.027	0.000865207
-2.026	0.000866751
-2.025	0.000868261
-2.024	0.000869739
-2.023	0.000871188
-2.022	0.000872611
-2.021	0.00087401
-2.02	0.000875387
-2.019	0.000876746
-2.018	0.00087809
-2.017	0.00087942
-2.016	0.000880741
-2.015	0.000882053
-2.014	0.000883363
-2.013	0.000884671
-2.012	0.000885981
-2.011	0.000887296
-2.01	0.000888617
-2.009	0.000889949
-2.008	0.000891294
-2.007	0.000892656
-2.006	0.000894037
-2.005	0.000895437
-2.004	0.000896864
-2.003	0.000898318
-2.002	0.000899802
-2.001	0.000901319
-2	0.00090287
-1.999	0.00090446
-1.998	0.000906091
-1.997	0.000907766
-1.996	0.000909485
-1.995	0.000911253
-1.994	0.000913069
-1.993	0.000914939
-1.992	0.000916862
-1.991	0.000918842
-1.99	0.000920881
-1.989	0.000922979
-1.988	0.00092514
-1.987	0.000927365
-1.986	0.000929654
-1.985	0.00093201
-1.984	0.000934434
-1.983	0.000936928
-1.982	0.000939493
-1.981	0.00094213
-1.98	0.000944839
-1.979	0.000947622
-1.978	0.000950479
-1.977	0.000953411
-1.976	0.000956419
-1.975	0.000959503
-1.974	0.000962663
-1.973	0.000965899
-1.972	0.000969213
-1.971	0.000972602
-1.97	0.000976068
-1.969	0.000979611
-1.968	0.000983231
-1.967	0.000986924
-1.966	0.000990693
-1.965	0.000994538
-1.964	0.000998455
-1.963	0.00100245
-1.962	0.00100651
-1.961	0.00101064
-1.96	0.00101484
-1.959	0.00101911
-1.958	0.00102345
-1.957	0.00102786
-1.956	0.00103233
-1.955	0.00103686
-1.954	0.00104145
-1.953	0.0010461
-1.952	0.00105081
-1.951	0.00105558
-1.95	0.0010604
-1.949	0.00106527
-1.948	0.00107019
-1.947	0.00107516
-1.946	0.00108017
-1.945	0.00108523
-1.944	0.00109033
-1.943	0.00109547
-1.942	0.00110064
-1.941	0.00110585
-1.94	0.00111109
-1.939	0.00111636
-1.938	0.00112166
-1.937	0.00112698
-1.936	0.00113233
-1.935	0.0011377
-1.934	0.00114308
-1.933	0.00114848
-1.932	0.00115389
-1.931	0.00115931
-1.93	0.00116474
-1.929	0.00117018
-1.928	0.00117562
-1.927	0.00118106
-1.926	0.0011865
-1.925	0.00119194
-1.924	0.00119737
-1.923	0.00120279
-1.922	0.00120821
-1.921	0.00121361
-1.92	0.001219
-1.919	0.00122437
-1.918	0.00122973
-1.917	0.00123506
-1.916	0.00124038
-1.915	0.00124567
-1.914	0.00125094
-1.913	0.00125618
-1.912	0.00126139
-1.911	0.00126658
-1.91	0.00127173
-1.909	0.00127686
-1.908	0.00128195
-1.907	0.00128701
-1.906	0.00129204
-1.905	0.00129702
-1.904	0.00130198
-1.903	0.0013069
-1.902	0.00131177
-1.901	0.00131661
-1.9	0.00132142
-1.899	0.00132618
-1.898	0.00133091
-1.897	0.0013356
-1.896	0.00134024
-1.895	0.00134485
-1.894	0.00134942
-1.893	0.00135396
-1.892	0.00135845
-1.891	0.0013629
-1.89	0.00136732
-1.889	0.0013717
-1.888	0.00137605
-1.887	0.00138036
-1.886	0.00138464
-1.885	0.00138888
-1.884	0.00139309
-1.883	0.00139726
-1.882	0.00140141
-1.881	0.00140553
-1.88	0.00140962
-1.879	0.00141368
-1.878	0.00141772
-1.877	0.00142174
-1.876	0.00142573
-1.875	0.00142971
-1.874	0.00143366
-1.873	0.0014376
-1.872	0.00144152
-1.871	0.00144543
-1.87	0.00144933
-1.869	0.00145322
-1.868	0.0014571
-1.867	0.00146097
-1.866	0.00146484
-1.865	0.00146871
-1.864	0.00147258
-1.863	0.00147645
-1.862	0.00148032
-1.861	0.0014842
-1.86	0.0014881
-1.859	0.001492
-1.858	0.00149591
-1.857	0.00149984
-1.856	0.00150378
-1.855	0.00150775
-1.854	0.00151173
-1.853	0.00151574
-1.852	0.00151977
-1.851	0.00152383
-1.85	0.00152792
-1.849	0.00153204
-1.848	0.0015362
-1.847	0.00154038
-1.846	0.00154461
-1.845	0.00154887
-1.844	0.00155317
-1.843	0.00155752
-1.842	0.00156191
-1.841	0.00156634
-1.84	0.00157082
-1.839	0.00157535
-1.838	0.00157993
-1.837	0.00158456
-1.836	0.00158924
-1.835	0.00159397
-1.834	0.00159876
-1.833	0.00160361
-1.832	0.00160852
-1.831	0.00161348
-1.83	0.0016185
-1.829	0.00162358
-1.828	0.00162872
-1.827	0.00163392
-1.826	0.00163918
-1.825	0.00164451
-1.824	0.0016499
-1.823	0.00165535
-1.822	0.00166087
-1.821	0.00166645
-1.82	0.0016721
-1.819	0.00167781
-1.818	0.00168358
-1.817	0.00168942
-1.816	0.00169532
-1.815	0.00170129
-1.814	0.00170732
-1.813	0.00171341
-1.812	0.00171957
-1.811	0.00172578
-1.81	0.00173207
-1.809	0.00173841
-1.808	0.00174481
-1.807	0.00175127
-1.806	0.00175779
-1.805	0.00176437
-1.804	0.00177101
-1.803	0.00177771
-1.802	0.00178446
-1.801	0.00179126
-1.8	0.00179812
-1.799	0.00180503
-1.798	0.00181199
-1.797	0.001819
-1.796	0.00182605
-1.795	0.00183316
-1.794	0.00184031
-1.793	0.0018475
-1.792	0.00185474
-1.791	0.00186202
-1.79	0.00186934
-1.789	0.0018767
-1.788	0.00188409
-1.787	0.00189152
-1.786	0.00189899
-1.785	0.00190648
-1.784	0.00191401
-1.783	0.00192157
-1.782	0.00192915
-1.781	0.00193676
-1.78	0.00194439
-1.779	0.00195205
-1.778	0.00195973
-1.777	0.00196742
-1.776	0.00197514
-1.775	0.00198288
-1.774	0.00199063
-1.773	0.00199839
-1.772	0.00200616
-1.771	0.00201395
-1.77	0.00202174
-1.769	0.00202955
-1.768	0.00203736
-1.767	0.00204518
-1.766	0.002053
-1.765	0.00206083
-1.764	0.00206866
-1.763	0.00207649
-1.762	0.00208432
-1.761	0.00209215
-1.76	0.00209998
-1.759	0.0021078
-1.758	0.00211563
-1.757	0.00212345
-1.756	0.00213126
-1.755	0.00213906
-1.754	0.00214687
-1.753	0.00215466
-1.752	0.00216245
-1.751	0.00217023
-1.75	0.002178
-1.749	0.00218576
-1.748	0.00219352
-1.747	0.00220127
-1.746	0.002209
-1.745	0.00221673
-1.744	0.00222445
-1.743	0.00223216
-1.742	0.00223986
-1.741	0.00224755
-1.74	0.00225523
-1.739	0.00226291
-1.738	0.00227057
-1.737	0.00227823
-1.736	0.00228588
-1.735	0.00229353
-1.734	0.00230117
-1.733	0.0023088
-1.732	0.00231642
-1.731	0.00232405
-1.73	0.00233167
-1.729	0.00233929
-1.728	0.0023469
-1.727	0.00235452
-1.726	0.00236214
-1.725	0.00236975
-1.724	0.00237737
-1.723	0.00238499
-1.722	0.00239262
-1.721	0.00240024
-1.72	0.00240788
-1.719	0.00241553
-1.718	0.00242318
-1.717	0.00243085
-1.716	0.00243852
-1.715	0.00244621
-1.714	0.00245391
-1.713	0.00246163
-1.712	0.00246936
-1.711	0.00247711
-1.71	0.00248488
-1.709	0.00249268
-1.708	0.00250049
-1.707	0.00250833
-1.706	0.00251619
-1.705	0.00252408
-1.704	0.00253199
-1.703	0.00253994
-1.702	0.00254791
-1.701	0.00255592
-1.7	0.00256396
-1.699	0.00257203
-1.698	0.00258014
-1.697	0.00258829
-1.696	0.00259647
-1.695	0.0026047
-1.694	0.00261296
-1.693	0.00262127
-1.692	0.00262962
-1.691	0.00263801
-1.69	0.00264646
-1.689	0.00265494
-1.688	0.00266347
-1.687	0.00267205
-1.686	0.00268068
-1.685	0.00268936
-1.684	0.0026981
-1.683	0.00270688
-1.682	0.00271572
-1.681	0.00272461
-1.68	0.00273355
-1.679	0.00274256
-1.678	0.00275161
-1.677	0.00276073
-1.676	0.0027699
-1.675	0.00277912
-1.674	0.00278841
-1.673	0.00279776
-1.672	0.00280717
-1.671	0.00281663
-1.67	0.00282615
-1.669	0.00283574
-1.668	0.00284538
-1.667	0.00285509
-1.666	0.00286485
-1.665	0.00287468
-1.664	0.00288456
-1.663	0.00289451
-1.662	0.00290452
-1.661	0.00291458
-1.66	0.00292471
-1.659	0.0029349
-1.658	0.00294515
-1.657	0.00295546
-1.656	0.00296582
-1.655	0.00297625
-1.654	0.00298674
-1.653	0.00299728
-1.652	0.00300788
-1.651	0.00301854
-1.65	0.00302926
-1.649	0.00304002
-1.648	0.00305085
-1.647	0.00306173
-1.646	0.00307267
-1.645	0.00308366
-1.644	0.0030947
-1.643	0.0031058
-1.642	0.00311695
-1.641	0.00312814
-1.64	0.0031394
-1.639	0.0031507
-1.638	0.00316205
-1.637	0.00317344
-1.636	0.00318488
-1.635	0.00319637
-1.634	0.00320791
-1.633	0.00321948
-1.632	0.00323111
-1.631	0.00324277
-1.63	0.00325448
-1.629	0.00326623
-1.628	0.00327802
-1.627	0.00328985
-1.626	0.00330172
-1.625	0.00331363
-1.624	0.00332558
-1.623	0.00333755
-1.622	0.00334958
-1.621	0.00336163
-1.62	0.00337371
-1.619	0.00338583
-1.618	0.00339798
-1.617	0.00341017
-1.616	0.00342239
-1.615	0.00343464
-1.614	0.00344691
-1.613	0.00345922
-1.612	0.00347155
-1.611	0.00348392
-1.61	0.00349632
-1.609	0.00350873
-1.608	0.00352118
-1.607	0.00353365
-1.606	0.00354615
-1.605	0.00355868
-1.604	0.00357123
-1.603	0.0035838
-1.602	0.0035964
-1.601	0.00360903
-1.6	0.00362167
-1.599	0.00363435
-1.598	0.00364705
-1.597	0.00365977
-1.596	0.00367251
-1.595	0.00368527
-1.594	0.00369807
-1.593	0.00371088
-1.592	0.00372372
-1.591	0.00373658
-1.59	0.00374947
-1.589	0.00376238
-1.588	0.00377531
-1.587	0.00378827
-1.586	0.00380125
-1.585	0.00381426
-1.584	0.0038273
-1.583	0.00384036
-1.582	0.00385344
-1.581	0.00386656
-1.58	0.00387969
-1.579	0.00389286
-1.578	0.00390606
-1.577	0.00391928
-1.576	0.00393254
-1.575	0.00394582
-1.574	0.00395913
-1.573	0.00397247
-1.572	0.00398584
-1.571	0.00399925
-1.57	0.00401269
-1.569	0.00402616
-1.568	0.00403967
-1.567	0.00405322
-1.566	0.0040668
-1.565	0.00408042
-1.564	0.00409407
-1.563	0.00410776
-1.562	0.00412149
-1.561	0.00413526
-1.56	0.00414908
-1.559	0.00416293
-1.558	0.00417682
-1.557	0.00419077
-1.556	0.00420475
-1.555	0.00421878
-1.554	0.00423285
-1.553	0.00424697
-1.552	0.00426114
-1.551	0.00427537
-1.55	0.00428963
-1.549	0.00430395
-1.548	0.00431832
-1.547	0.00433275
-1.546	0.00434721
-1.545	0.00436174
-1.544	0.00437633
-1.543	0.00439096
-1.542	0.00440566
-1.541	0.00442041
-1.54	0.00443521
-1.539	0.00445009
-1.538	0.00446501
-1.537	0.00448
-1.536	0.00449505
-1.535	0.00451016
-1.534	0.00452533
-1.533	0.00454057
-1.532	0.00455586
-1.531	0.00457123
-1.53	0.00458665
-1.529	0.00460214
-1.528	0.00461769
-1.527	0.00463332
-1.526	0.00464901
-1.525	0.00466477
-1.524	0.00468059
-1.523	0.00469648
-1.522	0.00471245
-1.521	0.00472848
-1.52	0.00474458
-1.519	0.00476075
-1.518	0.00477699
-1.517	0.0047933
-1.516	0.00480968
-1.515	0.00482613
-1.514	0.00484266
-1.513	0.00485925
-1.512	0.00487591
-1.511	0.00489265
-1.51	0.00490946
-1.509	0.00492634
-1.508	0.00494329
-1.507	0.00496031
-1.506	0.0049774
-1.505	0.00499457
-1.504	0.00501181
-1.503	0.00502912
-1.502	0.0050465
-1.501	0.00506395
-1.5	0.00508147
-1.499	0.00509907
-1.498	0.00511674
-1.497	0.00513449
-1.496	0.00515229
-1.495	0.00517017
-1.494	0.00518812
-1.493	0.00520615
-1.492	0.00522424
-1.491	0.00524241
-1.49	0.00526064
-1.489	0.00527894
-1.488	0.00529731
-1.487	0.00531576
-1.486	0.00533426
-1.485	0.00535284
-1.484	0.00537149
-1.483	0.00539021
-1.482	0.00540899
-1.481	0.00542784
-1.48	0.00544677
-1.479	0.00546575
-1.478	0.0054848
-1.477	0.00550393
-1.476	0.00552311
-1.475	0.00554236
-1.474	0.00556168
-1.473	0.00558107
-1.472	0.00560051
-1.471	0.00562003
-1.47	0.0056396
-1.469	0.00565925
-1.468	0.00567895
-1.467	0.00569872
-1.466	0.00571856
-1.465	0.00573845
-1.464	0.00575841
-1.463	0.00577845
-1.462	0.00579853
-1.461	0.00581869
-1.46	0.0058389
-1.459	0.00585918
-1.458	0.00587952
-1.457	0.00589992
-1.456	0.00592038
-1.455	0.0059409
-1.454	0.00596149
-1.453	0.00598215
-1.452	0.00600286
-1.451	0.00602364
-1.45	0.00604447
-1.449	0.00606537
-1.448	0.00608633
-1.447	0.00610736
-1.446	0.00612845
-1.445	0.0061496
-1.444	0.00617081
-1.443	0.00619209
-1.442	0.00621342
-1.441	0.00623484
-1.44	0.00625629
-1.439	0.00627783
-1.438	0.00629941
-1.437	0.00632107
-1.436	0.00634279
-1.435	0.00636459
-1.434	0.00638643
-1.433	0.00640836
-1.432	0.00643033
-1.431	0.00645239
-1.43	0.0064745
-1.429	0.00649669
-1.428	0.00651894
-1.427	0.00654125
-1.426	0.00656362
-1.425	0.0065861
-1.424	0.00660861
-1.423	0.00663121
-1.422	0.00665387
-1.421	0.0066766
-1.42	0.00669939
-1.419	0.00672228
-1.418	0.00674522
-1.417	0.00676824
-1.416	0.00679132
-1.415	0.00681449
-1.414	0.00683773
-1.413	0.00686104
-1.412	0.00688444
-1.411	0.00690789
-1.41	0.00693143
-1.409	0.00695505
-1.408	0.00697874
-1.407	0.00700252
-1.406	0.00702637
-1.405	0.0070503
-1.404	0.00707431
-1.403	0.00709841
-1.402	0.00712258
-1.401	0.00714683
-1.4	0.00717116
-1.399	0.00719559
-1.398	0.00722009
-1.397	0.00724467
-1.396	0.00726935
-1.395	0.0072941
-1.394	0.00731895
-1.393	0.00734388
-1.392	0.0073689
-1.391	0.007394
-1.39	0.00741919
-1.389	0.00744448
-1.388	0.00746986
-1.387	0.00749532
-1.386	0.00752087
-1.385	0.00754652
-1.384	0.00757226
-1.383	0.00759809
-1.382	0.00762401
-1.381	0.00765003
-1.38	0.00767614
-1.379	0.00770234
-1.378	0.00772865
-1.377	0.00775504
-1.376	0.00778154
-1.375	0.00780812
-1.374	0.00783481
-1.373	0.00786159
-1.372	0.00788849
-1.371	0.00791547
-1.37	0.00794255
-1.369	0.00796972
-1.368	0.007997
-1.367	0.00802437
-1.366	0.00805185
-1.365	0.00807943
-1.364	0.00810711
-1.363	0.0081349
-1.362	0.00816278
-1.361	0.00819077
-1.36	0.00821887
-1.359	0.00824706
-1.358	0.00827535
-1.357	0.00830374
-1.356	0.00833226
-1.355	0.00836087
-1.354	0.00838959
-1.353	0.00841838
-1.352	0.00844732
-1.351	0.00847634
-1.35	0.00850548
-1.349	0.00853471
-1.348	0.00856406
-1.347	0.0085935
-1.346	0.00862307
-1.345	0.00865273
-1.344	0.0086825
-1.343	0.00871238
-1.342	0.00874236
-1.341	0.00877246
-1.34	0.00880267
-1.339	0.00883296
-1.338	0.00886338
-1.337	0.00889391
-1.336	0.00892453
-1.335	0.00895528
-1.334	0.00898613
-1.333	0.00901708
-1.332	0.00904815
-1.331	0.00907931
-1.33	0.0091106
-1.329	0.00914199
-1.328	0.00917349
-1.327	0.0092051
-1.326	0.00923682
-1.325	0.00926866
-1.324	0.00930059
-1.323	0.00933264
-1.322	0.00936479
-1.321	0.00939707
-1.32	0.00942945
-1.319	0.00946194
-1.318	0.00949454
-1.317	0.00952725
-1.316	0.00956008
-1.315	0.009593
-1.314	0.00962606
-1.313	0.00965922
-1.312	0.00969248
-1.311	0.00972586
-1.31	0.00975936
-1.309	0.00979296
-1.308	0.00982668
-1.307	0.00986051
-1.306	0.00989445
-1.305	0.00992852
-1.304	0.00996268
-1.303	0.00999697
-1.302	0.0100314
-1.301	0.0100659
-1.3	0.0101005
-1.299	0.0101353
-1.298	0.0101701
-1.297	0.0102051
-1.296	0.0102402
-1.295	0.0102754
-1.294	0.0103107
-1.293	0.0103462
-1.292	0.0103817
-1.291	0.0104174
-1.29	0.0104532
-1.289	0.0104891
-1.288	0.0105251
-1.287	0.0105613
-1.286	0.0105975
-1.285	0.0106339
-1.284	0.0106704
-1.283	0.0107071
-1.282	0.0107438
-1.281	0.0107807
-1.28	0.0108177
-1.279	0.0108548
-1.278	0.010892
-1.277	0.0109294
-1.276	0.0109669
-1.275	0.0110045
-1.274	0.0110423
-1.273	0.0110801
-1.272	0.0111181
-1.271	0.0111563
-1.27	0.0111945
-1.269	0.0112329
-1.268	0.0112714
-1.267	0.01131
-1.266	0.0113488
-1.265	0.0113877
-1.264	0.0114267
-1.263	0.0114658
-1.262	0.0115051
-1.261	0.0115446
-1.26	0.0115841
-1.259	0.0116238
-1.258	0.0116636
-1.257	0.0117036
-1.256	0.0117437
-1.255	0.0117839
-1.254	0.0118243
-1.253	0.0118648
-1.252	0.0119054
-1.251	0.0119462
-1.25	0.0119871
-1.249	0.0120282
-1.248	0.0120694
-1.247	0.0121107
-1.246	0.0121522
-1.245	0.0121938
-1.244	0.0122356
-1.243	0.0122775
-1.242	0.0123195
-1.241	0.0123618
-1.24	0.0124041
-1.239	0.0124466
-1.238	0.0124892
-1.237	0.012532
-1.236	0.012575
-1.235	0.012618
-1.234	0.0126613
-1.233	0.0127047
-1.232	0.0127482
-1.231	0.0127919
-1.23	0.0128357
-1.229	0.0128797
-1.228	0.0129238
-1.227	0.0129681
-1.226	0.0130126
-1.225	0.0130572
-1.224	0.0131019
-1.223	0.0131468
-1.222	0.0131919
-1.221	0.0132371
-1.22	0.0132825
-1.219	0.0133281
-1.218	0.0133737
-1.217	0.0134196
-1.216	0.0134656
-1.215	0.0135118
-1.214	0.0135581
-1.213	0.0136046
-1.212	0.0136513
-1.211	0.0136981
-1.21	0.0137451
-1.209	0.0137923
-1.208	0.0138396
-1.207	0.0138871
-1.206	0.0139347
-1.205	0.0139825
-1.204	0.0140305
-1.203	0.0140787
-1.202	0.014127
-1.201	0.0141754
-1.2	0.0142241
-1.199	0.0142729
-1.198	0.0143219
-1.197	0.0143711
-1.196	0.0144204
-1.195	0.0144699
-1.194	0.0145196
-1.193	0.0145694
-1.192	0.0146195
-1.191	0.0146696
-1.19	0.01472
-1.189	0.0147706
-1.188	0.0148213
-1.187	0.0148722
-1.186	0.0149232
-1.185	0.0149745
-1.184	0.0150259
-1.183	0.0150775
-1.182	0.0151293
-1.181	0.0151812
-1.18	0.0152334
-1.179	0.0152857
-1.178	0.0153382
-1.177	0.0153909
-1.176	0.0154437
-1.175	0.0154967
-1.174	0.01555
-1.173	0.0156034
-1.172	0.015657
-1.171	0.0157107
-1.17	0.0157647
-1.169	0.0158189
-1.168	0.0158732
-1.167	0.0159277
-1.166	0.0159824
-1.165	0.0160373
-1.164	0.0160924
-1.163	0.0161477
-1.162	0.0162031
-1.161	0.0162588
-1.16	0.0163146
-1.159	0.0163707
-1.158	0.0164269
-1.157	0.0164833
-1.156	0.0165399
-1.155	0.0165967
-1.154	0.0166537
-1.153	0.0167109
-1.152	0.0167683
-1.151	0.0168259
-1.15	0.0168836
-1.149	0.0169416
-1.148	0.0169998
-1.147	0.0170581
-1.146	0.0171167
-1.145	0.0171755
-1.144	0.0172344
-1.143	0.0172936
-1.142	0.017353
-1.141	0.0174126
-1.14	0.0174723
-1.139	0.0175323
-1.138	0.0175925
-1.137	0.0176529
-1.136	0.0177135
-1.135	0.0177743
-1.134	0.0178353
-1.133	0.0178965
-1.132	0.0179579
-1.131	0.0180195
-1.13	0.0180814
-1.129	0.0181435
-1.128	0.0182057
-1.127	0.0182682
-1.126	0.0183309
-1.125	0.0183938
-1.124	0.0184569
-1.123	0.0185202
-1.122	0.0185838
-1.121	0.0186475
-1.12	0.0187115
-1.119	0.0187757
-1.118	0.0188401
-1.117	0.0189048
-1.116	0.0189696
-1.115	0.0190347
-1.114	0.0191
-1.113	0.0191655
-1.112	0.0192313
-1.111	0.0192973
-1.11	0.0193635
-1.109	0.0194299
-1.108	0.0194965
-1.107	0.0195634
-1.106	0.0196305
-1.105	0.0196978
-1.104	0.0197654
-1.103	0.0198332
-1.102	0.0199012
-1.101	0.0199695
-1.1	0.020038
-1.099	0.0201067
-1.098	0.0201757
-1.097	0.0202449
-1.096	0.0203143
-1.095	0.020384
-1.094	0.0204539
-1.093	0.0205241
-1.092	0.0205945
-1.091	0.0206651
-1.09	0.020736
-1.089	0.0208071
-1.088	0.0208785
-1.087	0.0209501
-1.086	0.021022
-1.085	0.021094
-1.084	0.0211664
-1.083	0.021239
-1.082	0.0213119
-1.081	0.021385
-1.08	0.0214583
-1.079	0.021532
-1.078	0.0216058
-1.077	0.0216799
-1.076	0.0217543
-1.075	0.0218289
-1.074	0.0219038
-1.073	0.021979
-1.072	0.0220544
-1.071	0.02213
-1.07	0.022206
-1.069	0.0222821
-1.068	0.0223586
-1.067	0.0224353
-1.066	0.0225123
-1.065	0.0225895
-1.064	0.022667
-1.063	0.0227448
-1.062	0.0228228
-1.061	0.0229011
-1.06	0.0229797
-1.059	0.0230586
-1.058	0.0231377
-1.057	0.0232171
-1.056	0.0232967
-1.055	0.0233767
-1.054	0.0234569
-1.053	0.0235374
-1.052	0.0236182
-1.051	0.0236992
-1.05	0.0237805
-1.049	0.0238622
-1.048	0.023944
-1.047	0.0240262
-1.046	0.0241086
-1.045	0.0241914
-1.044	0.0242744
-1.043	0.0243577
-1.042	0.0244413
-1.041	0.0245252
-1.04	0.0246093
-1.039	0.0246938
-1.038	0.0247785
-1.037	0.0248636
-1.036	0.0249489
-1.035	0.0250345
-1.034	0.0251204
-1.033	0.0252066
-1.032	0.0252931
-1.031	0.02538
-1.03	0.0254671
-1.029	0.0255545
-1.028	0.0256421
-1.027	0.0257302
-1.026	0.0258184
-1.025	0.0259071
-1.024	0.0259959
-1.023	0.0260852
-1.022	0.0261747
-1.021	0.0262645
-1.02	0.0263547
-1.019	0.0264451
-1.018	0.0265359
-1.017	0.0266269
-1.016	0.0267183
-1.015	0.02681
-1.014	0.026902
-1.013	0.0269944
-1.012	0.027087
-1.011	0.0271799
-1.01	0.0272732
-1.009	0.0273668
-1.008	0.0274607
-1.007	0.027555
-1.006	0.0276496
-1.005	0.0277444
-1.004	0.0278396
-1.003	0.0279352
-1.002	0.0280311
-1.001	0.0281272
-1	0.0282238
-0.999	0.0283206
-0.998	0.0284178
-0.997	0.0285153
-0.996	0.0286132
-0.995	0.0287114
-0.994	0.0288099
-0.993	0.0289088
-0.992	0.029008
-0.991	0.0291075
-0.99	0.0292074
-0.989	0.0293077
-0.988	0.0294082
-0.987	0.0295091
-0.986	0.0296105
-0.985	0.0297121
-0.984	0.029814
-0.983	0.0299163
-0.982	0.030019
-0.981	0.030122
-0.98	0.0302254
-0.979	0.0303291
-0.978	0.0304332
-0.977	0.0305376
-0.976	0.0306424
-0.975	0.0307476
-0.974	0.0308531
-0.973	0.0309589
-0.972	0.0310652
-0.971	0.0311718
-0.97	0.0312788
-0.969	0.0313861
-0.968	0.0314937
-0.967	0.0316018
-0.966	0.0317103
-0.965	0.0318191
-0.964	0.0319283
-0.963	0.0320379
-0.962	0.0321478
-0.961	0.0322581
-0.96	0.0323688
-0.959	0.0324799
-0.958	0.0325913
-0.957	0.0327032
-0.956	0.0328154
-0.955	0.032928
-0.954	0.0330409
-0.953	0.0331544
-0.952	0.0332681
-0.951	0.0333822
-0.95	0.0334968
-0.949	0.0336117
-0.948	0.033727
-0.947	0.0338427
-0.946	0.0339589
-0.945	0.0340754
-0.944	0.0341923
-0.943	0.0343096
-0.942	0.0344274
-0.941	0.0345455
-0.94	0.034664
-0.939	0.0347829
-0.938	0.0349023
-0.937	0.035022
-0.936	0.0351422
-0.935	0.0352628
-0.934	0.0353838
-0.933	0.0355052
-0.932	0.035627
-0.931	0.0357492
-0.93	0.0358719
-0.929	0.035995
-0.928	0.0361185
-0.927	0.0362425
-0.926	0.0363668
-0.925	0.0364915
-0.924	0.0366167
-0.923	0.0367423
-0.922	0.0368684
-0.921	0.036995
-0.92	0.0371219
-0.919	0.0372492
-0.918	0.037377
-0.917	0.0375053
-0.916	0.037634
-0.915	0.0377631
-0.914	0.0378927
-0.913	0.0380227
-0.912	0.0381532
-0.911	0.038284
-0.91	0.0384154
-0.909	0.0385472
-0.908	0.0386795
-0.907	0.0388122
-0.906	0.0389454
-0.905	0.0390791
-0.904	0.0392131
-0.903	0.0393476
-0.902	0.0394827
-0.901	0.0396181
-0.9	0.0397541
-0.899	0.0398905
-0.898	0.0400274
-0.897	0.0401648
-0.896	0.0403026
-0.895	0.0404409
-0.894	0.0405797
-0.893	0.0407189
-0.892	0.0408587
-0.891	0.0409988
-0.89	0.0411395
-0.889	0.0412807
-0.888	0.0414224
-0.887	0.0415645
-0.886	0.0417071
-0.885	0.0418503
-0.884	0.0419939
-0.883	0.042138
-0.882	0.0422826
-0.881	0.0424276
-0.88	0.0425732
-0.879	0.0427194
-0.878	0.042866
-0.877	0.0430131
-0.876	0.0431606
-0.875	0.0433088
-0.874	0.0434574
-0.873	0.0436065
-0.872	0.0437562
-0.871	0.0439063
-0.87	0.0440571
-0.869	0.0442082
-0.868	0.0443599
-0.867	0.0445122
-0.866	0.0446649
-0.865	0.0448182
-0.864	0.0449719
-0.863	0.0451263
-0.862	0.0452811
-0.861	0.0454365
-0.86	0.0455924
-0.859	0.0457489
-0.858	0.0459058
-0.857	0.0460634
-0.856	0.0462215
-0.855	0.0463801
-0.854	0.0465392
-0.853	0.0466989
-0.852	0.0468592
-0.851	0.0470199
-0.85	0.0471812
-0.849	0.0473432
-0.848	0.0475056
-0.847	0.0476686
-0.846	0.0478322
-0.845	0.0479963
-0.844	0.048161
-0.843	0.0483263
-0.842	0.0484921
-0.841	0.0486585
-0.84	0.0488255
-0.839	0.048993
-0.838	0.0491611
-0.837	0.0493298
-0.836	0.0494991
-0.835	0.0496689
-0.834	0.0498393
-0.833	0.0500103
-0.832	0.050182
-0.831	0.0503541
-0.83	0.0505269
-0.829	0.0507003
-0.828	0.0508742
-0.827	0.0510489
-0.826	0.051224
-0.825	0.0513997
-0.824	0.0515761
-0.823	0.0517531
-0.822	0.0519306
-0.821	0.0521088
-0.82	0.0522876
-0.819	0.052467
-0.818	0.0526471
-0.817	0.0528277
-0.816	0.053009
-0.815	0.0531909
-0.814	0.0533734
-0.813	0.0535565
-0.812	0.0537403
-0.811	0.0539248
-0.81	0.0541098
-0.809	0.0542954
-0.808	0.0544817
-0.807	0.0546687
-0.806	0.0548563
-0.805	0.0550446
-0.804	0.0552335
-0.803	0.0554229
-0.802	0.0556131
-0.801	0.055804
-0.8	0.0559955
-0.799	0.0561876
-0.798	0.0563805
-0.797	0.0565739
-0.796	0.0567681
-0.795	0.0569628
-0.794	0.0571583
-0.793	0.0573544
-0.792	0.0575512
-0.791	0.0577487
-0.79	0.0579469
-0.789	0.0581457
-0.788	0.0583452
-0.787	0.0585455
-0.786	0.0587464
-0.785	0.058948
-0.784	0.0591502
-0.783	0.0593532
-0.782	0.0595569
-0.781	0.0597613
-0.78	0.0599664
-0.779	0.0601721
-0.778	0.0603786
-0.777	0.0605858
-0.776	0.0607937
-0.775	0.0610023
-0.774	0.0612117
-0.773	0.0614217
-0.772	0.0616324
-0.771	0.0618439
-0.77	0.0620561
-0.769	0.062269
-0.768	0.0624828
-0.767	0.0626972
-0.766	0.0629122
-0.765	0.0631281
-0.764	0.0633448
-0.763	0.0635621
-0.762	0.0637802
-0.761	0.0639991
-0.76	0.0642187
-0.759	0.064439
-0.758	0.0646601
-0.757	0.064882
-0.756	0.0651046
-0.755	0.065328
-0.754	0.0655522
-0.753	0.0657771
-0.752	0.0660027
-0.751	0.0662293
-0.75	0.0664565
-0.749	0.0666845
-0.748	0.0669134
-0.747	0.0671429
-0.746	0.0673734
-0.745	0.0676045
-0.744	0.0678365
-0.743	0.0680691
-0.742	0.0683028
-0.741	0.0685371
-0.74	0.0687724
-0.739	0.0690083
-0.738	0.0692451
-0.737	0.0694826
-0.736	0.0697211
-0.735	0.0699604
-0.734	0.0702003
-0.733	0.0704412
-0.732	0.070683
-0.731	0.0709255
-0.73	0.0711689
-0.729	0.071413
-0.728	0.0716581
-0.727	0.0719039
-0.726	0.0721507
-0.725	0.0723982
-0.724	0.0726467
-0.723	0.072896
-0.722	0.0731461
-0.721	0.0733971
-0.72	0.073649
-0.719	0.0739017
-0.718	0.0741554
-0.717	0.0744098
-0.716	0.0746651
-0.715	0.0749213
-0.714	0.0751784
-0.713	0.0754364
-0.712	0.0756953
-0.711	0.075955
-0.71	0.0762157
-0.709	0.0764771
-0.708	0.0767397
-0.707	0.0770029
-0.706	0.0772672
-0.705	0.0775323
-0.704	0.0777984
-0.703	0.0780653
-0.702	0.0783333
-0.701	0.078602
-0.7	0.0788718
-0.699	0.0791424
-0.698	0.0794139
-0.697	0.0796865
-0.696	0.07996
-0.695	0.0802343
-0.694	0.0805098
-0.693	0.080786
-0.692	0.0810632
-0.691	0.0813414
-0.69	0.0816205
-0.689	0.0819006
-0.688	0.0821816
-0.687	0.0824636
-0.686	0.0827466
-0.685	0.0830305
-0.684	0.0833154
-0.683	0.0836014
-0.682	0.0838882
-0.681	0.084176
-0.68	0.0844649
-0.679	0.0847547
-0.678	0.0850457
-0.677	0.0853374
-0.676	0.0856302
-0.675	0.085924
-0.674	0.0862189
-0.673	0.0865146
-0.672	0.0868115
-0.671	0.0871095
-0.67	0.0874084
-0.669	0.0877082
-0.668	0.0880093
-0.667	0.0883112
-0.666	0.0886141
-0.665	0.0889183
-0.664	0.0892234
-0.663	0.0895295
-0.662	0.0898367
-0.661	0.090145
-0.66	0.0904544
-0.659	0.0907647
-0.658	0.0910762
-0.657	0.0913886
-0.656	0.0917022
-0.655	0.0920168
-0.654	0.0923327
-0.653	0.0926495
-0.652	0.0929673
-0.651	0.0932864
-0.65	0.0936063
-0.649	0.0939275
-0.648	0.0942498
-0.647	0.0945732
-0.646	0.0948977
-0.645	0.0952234
-0.644	0.09555
-0.643	0.0958781
-0.642	0.0962069
-0.641	0.096537
-0.64	0.0968683
-0.639	0.0972006
-0.638	0.0975342
-0.637	0.0978688
-0.636	0.0982047
-0.635	0.0985417
-0.634	0.0988798
-0.633	0.0992192
-0.632	0.0995596
-0.631	0.0999012
-0.63	0.100244
-0.629	0.100588
-0.628	0.100933
-0.627	0.101279
-0.626	0.101627
-0.625	0.101976
-0.624	0.102326
-0.623	0.102677
-0.622	0.103029
-0.621	0.103383
-0.62	0.103738
-0.619	0.104093
-0.618	0.104451
-0.617	0.104809
-0.616	0.105169
-0.615	0.10553
-0.614	0.105892
-0.613	0.106255
-0.612	0.10662
-0.611	0.106986
-0.61	0.107353
-0.609	0.107721
-0.608	0.108091
-0.607	0.108462
-0.606	0.108834
-0.605	0.109207
-0.604	0.109582
-0.603	0.109958
-0.602	0.110335
-0.601	0.110714
-0.6	0.111094
-0.599	0.111475
-0.598	0.111858
-0.597	0.112242
-0.596	0.112627
-0.595	0.113013
-0.594	0.113401
-0.593	0.11379
-0.592	0.114181
-0.591	0.114572
-0.59	0.114966
-0.589	0.11536
-0.588	0.115756
-0.587	0.116153
-0.586	0.116552
-0.585	0.116952
-0.584	0.117353
-0.583	0.117756
-0.582	0.11816
-0.581	0.118565
-0.58	0.118972
-0.579	0.11938
-0.578	0.11979
-0.577	0.120201
-0.576	0.120613
-0.575	0.121027
-0.574	0.121442
-0.573	0.121859
-0.572	0.122277
-0.571	0.122697
-0.57	0.123118
-0.569	0.12354
-0.568	0.123964
-0.567	0.124389
-0.566	0.124816
-0.565	0.125245
-0.564	0.125674
-0.563	0.126105
-0.562	0.126538
-0.561	0.126972
-0.56	0.127408
-0.559	0.127845
-0.558	0.128284
-0.557	0.128724
-0.556	0.129166
-0.555	0.129609
-0.554	0.130054
-0.553	0.1305
-0.552	0.130948
-0.551	0.131397
-0.55	0.131848
-0.549	0.1323
-0.548	0.132754
-0.547	0.13321
-0.546	0.133667
-0.545	0.134125
-0.544	0.134586
-0.543	0.135048
-0.542	0.135511
-0.541	0.135976
-0.54	0.136443
-0.539	0.136911
-0.538	0.137381
-0.537	0.137852
-0.536	0.138325
-0.535	0.1388
-0.534	0.139276
-0.533	0.139754
-0.532	0.140234
-0.531	0.140715
-0.53	0.141198
-0.529	0.141682
-0.528	0.142168
-0.527	0.142656
-0.526	0.143146
-0.525	0.143637
-0.524	0.14413
-0.523	0.144624
-0.522	0.145121
-0.521	0.145619
-0.52	0.146118
-0.519	0.14662
-0.518	0.147123
-0.517	0.147628
-0.516	0.148134
-0.515	0.148643
-0.514	0.149153
-0.513	0.149664
-0.512	0.150178
-0.511	0.150694
-0.51	0.15121
-0.509	0.151729
-0.508	0.15225
-0.507	0.152773
-0.506	0.153297
-0.505	0.153823
-0.504	0.154351
-0.503	0.15488
-0.502	0.155412
-0.501	0.155945
-0.5	0.15648
-0.499	0.157017
-0.498	0.157556
-0.497	0.158096
-0.496	0.158639
-0.495	0.159183
-0.494	0.15973
-0.493	0.160278
-0.492	0.160828
-0.491	0.161379
-0.49	0.161933
-0.489	0.162489
-0.488	0.163046
-0.487	0.163606
-0.486	0.164167
-0.485	0.164731
-0.484	0.165296
-0.483	0.165863
-0.482	0.166432
-0.481	0.167003
-0.48	0.167576
-0.479	0.168151
-0.478	0.168728
-0.477	0.169307
-0.476	0.169888
-0.475	0.170471
-0.474	0.171056
-0.473	0.171643
-0.472	0.172232
-0.471	0.172822
-0.47	0.173416
-0.469	0.174011
-0.468	0.174608
-0.467	0.175207
-0.466	0.175808
-0.465	0.176411
-0.464	0.177017
-0.463	0.177624
-0.462	0.178233
-0.461	0.178845
-0.46	0.179459
-0.459	0.180075
-0.458	0.180692
-0.457	0.181312
-0.456	0.181935
-0.455	0.182559
-0.454	0.183185
-0.453	0.183814
-0.452	0.184444
-0.451	0.185078
-0.45	0.185713
-0.449	0.18635
-0.448	0.186989
-0.447	0.187631
-0.446	0.188275
-0.445	0.188921
-0.444	0.189569
-0.443	0.19022
-0.442	0.190873
-0.441	0.191528
-0.44	0.192185
-0.439	0.192844
-0.438	0.193506
-0.437	0.19417
-0.436	0.194836
-0.435	0.195505
-0.434	0.196176
-0.433	0.196849
-0.432	0.197524
-0.431	0.198202
-0.43	0.198883
-0.429	0.199565
-0.428	0.20025
-0.427	0.200937
-0.426	0.201626
-0.425	0.202318
-0.424	0.203013
-0.423	0.203709
-0.422	0.204408
-0.421	0.20511
-0.42	0.205813
-0.419	0.20652
-0.418	0.207228
-0.417	0.20794
-0.416	0.208653
-0.415	0.209369
-0.414	0.210124
-0.413	0.210957
-0.412	0.211868
-0.411	0.212858
-0.41	0.213927
-0.409	0.215077
-0.408	0.216307
-0.407	0.217617
-0.406	0.219008
-0.405	0.22048
-0.404	0.222032
-0.403	0.223666
-0.402	0.22538
-0.401	0.227176
-0.4	0.229051
-0.399	0.231008
-0.398	0.233044
-0.397	0.23516
-0.396	0.237355
-0.395	0.239628
-0.394	0.24198
-0.393	0.244409
-0.392	0.246914
-0.391	0.249495
-0.39	0.252151
-0.389	0.254881
-0.388	0.257684
-0.387	0.260559
-0.386	0.263505
-0.385	0.26652
-0.384	0.269604
-0.383	0.272755
-0.382	0.275972
-0.381	0.279253
-0.38	0.282597
-0.379	0.286002
-0.378	0.289468
-0.377	0.292991
-0.376	0.296572
-0.375	0.300206
-0.374	0.303895
-0.373	0.307635
-0.372	0.311425
-0.371	0.315262
-0.37	0.319145
-0.369	0.323072
-0.368	0.327042
-0.367	0.331051
-0.366	0.335099
-0.365	0.339182
-0.364	0.343322
-0.363	0.34754
-0.362	0.351833
-0.361	0.3562
-0.36	0.360636
-0.359	0.365139
-0.358	0.369706
-0.357	0.374334
-0.356	0.37902
-0.355	0.383762
-0.354	0.388557
-0.353	0.393398
-0.352	0.398288
-0.351	0.403219
-0.35	0.408189
-0.349	0.413197
-0.348	0.418237
-0.347	0.423306
-0.346	0.428403
-0.345	0.433523
-0.344	0.438662
-0.343	0.443819
-0.342	0.448989
-0.341	0.454169
-0.34	0.459355
-0.339	0.464545
-0.338	0.469735
-0.337	0.47492
-0.336	0.4801
-0.335	0.485268
-0.334	0.490425
-0.333	0.495563
-0.332	0.500683
-0.331	0.505777
-0.33	0.510846
-0.329	0.515886
-0.328	0.520891
-0.327	0.52586
-0.326	0.530789
-0.325	0.535676
-0.324	0.540516
-0.323	0.545308
-0.322	0.550046
-0.321	0.554731
-0.32	0.559356
-0.319	0.56392
-0.318	0.568421
-0.317	0.572853
-0.316	0.577217
-0.315	0.581506
-0.314	0.58572
-0.313	0.589857
-0.312	0.593913
-0.311	0.597885
-0.31	0.601771
-0.309	0.605568
-0.308	0.609274
-0.307	0.612887
-0.306	0.616404
-0.305	0.619824
-0.304	0.623143
-0.303	0.626359
-0.302	0.629473
-0.301	0.632478
-0.3	0.635377
-0.299	0.638163
-0.298	0.640841
-0.297	0.643402
-0.296	0.64585
-0.295	0.648181
-0.294	0.650392
-0.293	0.652487
-0.292	0.654456
-0.291	0.656308
-0.29	0.658033
-0.289	0.659636
-0.288	0.661112
-0.287	0.662464
-0.286	0.663686
-0.285	0.664781
-0.284	0.665749
-0.283	0.666586
-0.282	0.667295
-0.281	0.667872
-0.28	0.668322
-0.279	0.668638
-0.278	0.668825
-0.277	0.668881
-0.276	0.668806
-0.275	0.668601
-0.274	0.668264
-0.273	0.6678
-0.272	0.667203
-0.271	0.666478
-0.27	0.665623
-0.269	0.664642
-0.268	0.663532
-0.267	0.662295
-0.266	0.660933
-0.265	0.659445
-0.264	0.657835
-0.263	0.6561
-0.262	0.654246
-0.261	0.65227
-0.26	0.650175
-0.259	0.647965
-0.258	0.645636
-0.257	0.643194
-0.256	0.640639
-0.255	0.637974
-0.254	0.635199
-0.253	0.632316
-0.252	0.629328
-0.251	0.626236
-0.25	0.623045
-0.249	0.619755
-0.248	0.616366
-0.247	0.612884
-0.246	0.609309
-0.245	0.605644
-0.244	0.601894
-0.243	0.598056
-0.242	0.594138
-0.241	0.59014
-0.24	0.586064
-0.239	0.581915
-0.238	0.577693
-0.237	0.573406
-0.236	0.569049
-0.235	0.564632
-0.234	0.560154
-0.233	0.55562
-0.232	0.551033
-0.231	0.546393
-0.23	0.541709
-0.229	0.536976
-0.228	0.532206
-0.227	0.527394
-0.226	0.52255
-0.225	0.517675
-0.224	0.512768
-0.223	0.50784
-0.222	0.502888
-0.221	0.497918
-0.22	0.492933
-0.219	0.487937
-0.218	0.482931
-0.217	0.47792
-0.216	0.472909
-0.215	0.467898
-0.214	0.462893
-0.213	0.457896
-0.212	0.45291
-0.211	0.44794
-0.21	0.442988
-0.209	0.438057
-0.208	0.433151
-0.207	0.428274
-0.206	0.423429
-0.205	0.418617
-0.204	0.413844
-0.203	0.409112
-0.202	0.404423
-0.201	0.399784
-0.2	0.395195
-0.199	0.390658
-0.198	0.386178
-0.197	0.381759
-0.196	0.377402
-0.195	0.373109
-0.194	0.368887
-0.193	0.364735
-0.192	0.360657
-0.191	0.356657
-0.19	0.352735
-0.189	0.348895
-0.188	0.345141
-0.187	0.341474
-0.186	0.337895
-0.185	0.33441
-0.184	0.33102
-0.183	0.327724
-0.182	0.32453
-0.181	0.321435
-0.18	0.318444
-0.179	0.315558
-0.178	0.31278
-0.177	0.31011
-0.176	0.307552
-0.175	0.305106
-0.174	0.302774
-0.173	0.300558
-0.172	0.298461
-0.171	0.296482
-0.17	0.294622
-0.169	0.292886
-0.168	0.29127
-0.167	0.289779
-0.166	0.288413
-0.165	0.287173
-0.164	0.286059
-0.163	0.285072
-0.162	0.284215
-0.161	0.283485
-0.16	0.282886
-0.159	0.282416
-0.158	0.282076
-0.157	0.281868
-0.156	0.281788
-0.155	0.281841
-0.154	0.282023
-0.153	0.282337
-0.152	0.282782
-0.151	0.283356
-0.15	0.284062
-0.149	0.284895
-0.148	0.285859
-0.147	0.286952
-0.146	0.288171
-0.145	0.289519
-0.144	0.290993
-0.143	0.292593
-0.142	0.294314
-0.141	0.296162
-0.14	0.298132
-0.139	0.300221
-0.138	0.302432
-0.137	0.30476
-0.136	0.307205
-0.135	0.309765
-0.134	0.312439
-0.133	0.315225
-0.132	0.318121
-0.131	0.321126
-0.13	0.324237
-0.129	0.327452
-0.128	0.33077
-0.127	0.334188
-0.126	0.337704
-0.125	0.341317
-0.124	0.345022
-0.123	0.348819
-0.122	0.352704
-0.121	0.356677
-0.12	0.360731
-0.119	0.364869
-0.118	0.369083
-0.117	0.373373
-0.116	0.377738
-0.115	0.382171
-0.114	0.386672
-0.113	0.391237
-0.112	0.395865
-0.111	0.400549
-0.11	0.405291
-0.109	0.410084
-0.108	0.414926
-0.107	0.419816
-0.106	0.424747
-0.105	0.429719
-0.104	0.434727
-0.103	0.439769
-0.102	0.444841
-0.101	0.44994
-0.1	0.455063
