-4	1.40648e-009
-3.999	1.40651e-009
-3.998	1.40677e-009
-3.997	1.40727e-009
-3.996	1.41173e-009
-3.995	1.39436e-009
-3.994	1.4038e-009
-3.993	1.41356e-009
-3.992	1.39629e-009
-3.991	1.40267e-009
-3.99	1.40301e-009
-3.989	1.40134e-009
-3.988	1.39395e-009
-3.987	1.39131e-009
-3.986	1.39652e-009
-3.985	1.39002e-009
-3.984	1.39998e-009
-3.983	1.38791e-009
-3.982	1.38546e-009
-3.981	1.39033e-009
-3.98	1.38068e-009
-3.979	1.38327e-009
-3.978	1.37009e-009
-3.977	1.36814e-009
-3.976	1.37084e-009
-3.975	1.36975e-009
-3.974	1.36268e-009
-3.973	1.35512e-009
-3.972	1.36112e-009
-3.971	1.36406e-009
-3.97	1.35909e-009
-3.969	1.34511e-009
-3.968	1.34024e-009
-3.967	1.33467e-009
-3.966	1.32609e-009
-3.965	1.33608e-009
-3.964	1.33585e-009
-3.963	1.31864e-009
-3.962	1.32438e-009
-3.961	1.31146e-009
-3.96	1.30748e-009
-3.959	1.30895e-009
-3.958	1.29382e-009
-3.957	1.29712e-009
-3.956	1.2882e-009
-3.955	1.294e-009
-3.954	1.2882e-009
-3.953	1.27674e-009
-3.952	1.26727e-009
-3.951	1.26683e-009
-3.95	1.2606e-009
-3.949	1.24276e-009
-3.948	1.25397e-009
-3.947	1.2388e-009
-3.946	1.23694e-009
-3.945	1.24148e-009
-3.944	1.22189e-009
-3.943	1.21917e-009
-3.942	1.21459e-009
-3.941	1.20414e-009
-3.94	1.19981e-009
-3.939	1.18511e-009
-3.938	1.18908e-009
-3.937	1.19259e-009
-3.936	1.1821e-009
-3.935	1.17568e-009
-3.934	1.16037e-009
-3.933	1.16709e-009
-3.932	1.15373e-009
-3.931	1.14717e-009
-3.93	1.14686e-009
-3.929	1.12852e-009
-3.928	1.12848e-009
-3.927	1.11649e-009
-3.926	1.1082e-009
-3.925	1.10133e-009
-3.924	1.09069e-009
-3.923	1.09051e-009
-3.922	1.08453e-009
-3.921	1.07361e-009
-3.92	1.06776e-009
-3.919	1.05978e-009
-3.918	1.06034e-009
-3.917	1.05768e-009
-3.916	1.04402e-009
-3.915	1.03675e-009
-3.914	1.03372e-009
-3.913	1.02117e-009
-3.912	1.00905e-009
-3.911	1.01354e-009
-3.91	1.00103e-009
-3.909	9.96739e-010
-3.908	9.96178e-010
-3.907	9.81911e-010
-3.906	9.74625e-010
-3.905	9.65258e-010
-3.904	9.60296e-010
-3.903	9.5267e-010
-3.902	9.49928e-010
-3.901	9.44417e-010
-3.9	9.35266e-010
-3.899	9.35495e-010
-3.898	9.23139e-010
-3.897	9.12884e-010
-3.896	9.03888e-010
-3.895	8.9013e-010
-3.894	8.95362e-010
-3.893	8.89241e-010
-3.892	8.80595e-010
-3.891	8.72827e-010
-3.89	8.70806e-010
-3.889	8.71366e-010
-3.888	8.5595e-010
-3.887	8.51494e-010
-3.886	8.32183e-010
-3.885	8.28349e-010
-3.884	8.31813e-010
-3.883	8.26382e-010
-3.882	8.22321e-010
-3.881	8.03034e-010
-3.88	8.0349e-010
-3.879	8.02625e-010
-3.878	7.8863e-010
-3.877	7.86873e-010
-3.876	7.78355e-010
-3.875	7.67694e-010
-3.874	7.70001e-010
-3.873	7.69553e-010
-3.872	7.69239e-010
-3.871	7.58087e-010
-3.87	7.51164e-010
-3.869	7.55386e-010
-3.868	7.51168e-010
-3.867	7.38416e-010
-3.866	7.32581e-010
-3.865	7.33849e-010
-3.864	7.245e-010
-3.863	7.17926e-010
-3.862	7.12172e-010
-3.861	7.09068e-010
-3.86	7.07176e-010
-3.859	7.06968e-010
-3.858	6.95941e-010
-3.857	6.91627e-010
-3.856	6.99979e-010
-3.855	6.9168e-010
-3.854	6.86737e-010
-3.853	6.78324e-010
-3.852	6.81178e-010
-3.851	6.80287e-010
-3.85	6.64039e-010
-3.849	6.66588e-010
-3.848	6.64551e-010
-3.847	6.59573e-010
-3.846	6.55616e-010
-3.845	6.52541e-010
-3.844	6.5094e-010
-3.843	6.49178e-010
-3.842	6.54492e-010
-3.841	6.53858e-010
-3.84	6.51238e-010
-3.839	6.44327e-010
-3.838	6.44715e-010
-3.837	6.44025e-010
-3.836	6.33588e-010
-3.835	6.3225e-010
-3.834	6.32459e-010
-3.833	6.35132e-010
-3.832	6.38544e-010
-3.831	6.35841e-010
-3.83	6.33743e-010
-3.829	6.37401e-010
-3.828	6.34328e-010
-3.827	6.33066e-010
-3.826	6.38625e-010
-3.825	6.39517e-010
-3.824	6.3811e-010
-3.823	6.35584e-010
-3.822	6.36142e-010
-3.821	6.33227e-010
-3.82	6.31643e-010
-3.819	6.36262e-010
-3.818	6.35735e-010
-3.817	6.33828e-010
-3.816	6.34567e-010
-3.815	6.34497e-010
-3.814	6.39633e-010
-3.813	6.42958e-010
-3.812	6.39771e-010
-3.811	6.45497e-010
-3.81	6.5006e-010
-3.809	6.50599e-010
-3.808	6.50583e-010
-3.807	6.48232e-010
-3.806	6.54613e-010
-3.805	6.54687e-010
-3.804	6.56523e-010
-3.803	6.62984e-010
-3.802	6.59821e-010
-3.801	6.63329e-010
-3.8	6.67007e-010
-3.799	6.72481e-010
-3.798	6.81074e-010
-3.797	6.82253e-010
-3.796	6.82922e-010
-3.795	6.90192e-010
-3.794	6.92464e-010
-3.793	6.92351e-010
-3.792	7.01434e-010
-3.791	7.01002e-010
-3.79	7.11754e-010
-3.789	7.1509e-010
-3.788	7.13144e-010
-3.787	7.30246e-010
-3.786	7.20935e-010
-3.785	7.21711e-010
-3.784	7.35637e-010
-3.783	7.3712e-010
-3.782	7.47256e-010
-3.781	7.56769e-010
-3.78	7.55778e-010
-3.779	7.56162e-010
-3.778	7.65712e-010
-3.777	7.66476e-010
-3.776	7.69516e-010
-3.775	7.78e-010
-3.774	7.82194e-010
-3.773	7.90537e-010
-3.772	7.95593e-010
-3.771	8.01357e-010
-3.77	8.05346e-010
-3.769	8.0785e-010
-3.768	8.23375e-010
-3.767	8.26738e-010
-3.766	8.28287e-010
-3.765	8.36931e-010
-3.764	8.43608e-010
-3.763	8.53972e-010
-3.762	8.48945e-010
-3.761	8.55848e-010
-3.76	8.71511e-010
-3.759	8.74226e-010
-3.758	8.80686e-010
-3.757	8.85297e-010
-3.756	8.90696e-010
-3.755	9.06311e-010
-3.754	9.11416e-010
-3.753	9.17128e-010
-3.752	9.28935e-010
-3.751	9.29809e-010
-3.75	9.3859e-010
-3.749	9.41489e-010
-3.748	9.50704e-010
-3.747	9.5655e-010
-3.746	9.60545e-010
-3.745	9.77715e-010
-3.744	9.79159e-010
-3.743	9.8726e-010
-3.742	9.89242e-010
-3.741	9.91473e-010
-3.74	1.00838e-009
-3.739	1.01241e-009
-3.738	1.00917e-009
-3.737	1.01738e-009
-3.736	1.0348e-009
-3.735	1.03598e-009
-3.734	1.04649e-009
-3.733	1.06767e-009
-3.732	1.06548e-009
-3.731	1.06975e-009
-3.73	1.07316e-009
-3.729	1.08752e-009
-3.728	1.09957e-009
-3.727	1.0883e-009
-3.726	1.10239e-009
-3.725	1.11568e-009
-3.724	1.11319e-009
-3.723	1.12088e-009
-3.722	1.13503e-009
-3.721	1.13574e-009
-3.72	1.14362e-009
-3.719	1.14637e-009
-3.718	1.14902e-009
-3.717	1.17098e-009
-3.716	1.17233e-009
-3.715	1.16897e-009
-3.714	1.17871e-009
-3.713	1.19004e-009
-3.712	1.20097e-009
-3.711	1.21192e-009
-3.71	1.21624e-009
-3.709	1.21537e-009
-3.708	1.21805e-009
-3.707	1.22336e-009
-3.706	1.23621e-009
-3.705	1.25095e-009
-3.704	1.25181e-009
-3.703	1.26292e-009
-3.702	1.26481e-009
-3.701	1.27114e-009
-3.7	1.28151e-009
-3.699	1.27113e-009
-3.698	1.27434e-009
-3.697	1.28403e-009
-3.696	1.29747e-009
-3.695	1.29698e-009
-3.694	1.30468e-009
-3.693	1.31733e-009
-3.692	1.3111e-009
-3.691	1.32088e-009
-3.69	1.32921e-009
-3.689	1.32543e-009
-3.688	1.33361e-009
-3.687	1.33258e-009
-3.686	1.33887e-009
-3.685	1.35228e-009
-3.684	1.34623e-009
-3.683	1.34948e-009
-3.682	1.35996e-009
-3.681	1.35847e-009
-3.68	1.36372e-009
-3.679	1.37335e-009
-3.678	1.36314e-009
-3.677	1.3776e-009
-3.676	1.38439e-009
-3.675	1.37217e-009
-3.674	1.38784e-009
-3.673	1.38565e-009
-3.672	1.3877e-009
-3.671	1.39469e-009
-3.67	1.39433e-009
-3.669	1.40452e-009
-3.668	1.39992e-009
-3.667	1.40725e-009
-3.666	1.41237e-009
-3.665	1.41327e-009
-3.664	1.42102e-009
-3.663	1.42471e-009
-3.662	1.42644e-009
-3.661	1.41628e-009
-3.66	1.41878e-009
-3.659	1.41989e-009
-3.658	1.42134e-009
-3.657	1.43236e-009
-3.656	1.4235e-009
-3.655	1.42167e-009
-3.654	1.43673e-009
-3.653	1.43031e-009
-3.652	1.42465e-009
-3.651	1.42987e-009
-3.65	1.43096e-009
-3.649	1.43125e-009
-3.648	1.43098e-009
-3.647	1.43185e-009
-3.646	1.42911e-009
-3.645	1.4316e-009
-3.644	1.42773e-009
-3.643	1.4237e-009
-3.642	1.42574e-009
-3.641	1.41424e-009
-3.64	1.43151e-009
-3.639	1.43056e-009
-3.638	1.41286e-009
-3.637	1.43366e-009
-3.636	1.41689e-009
-3.635	1.41939e-009
-3.634	1.42865e-009
-3.633	1.39948e-009
-3.632	1.40785e-009
-3.631	1.41528e-009
-3.63	1.41338e-009
-3.629	1.41607e-009
-3.628	1.4037e-009
-3.627	1.40139e-009
-3.626	1.40598e-009
-3.625	1.40412e-009
-3.624	1.39406e-009
-3.623	1.38896e-009
-3.622	1.38731e-009
-3.621	1.39031e-009
-3.62	1.38975e-009
-3.619	1.38065e-009
-3.618	1.37506e-009
-3.617	1.35893e-009
-3.616	1.37278e-009
-3.615	1.36732e-009
-3.614	1.35351e-009
-3.613	1.36166e-009
-3.612	1.35361e-009
-3.611	1.36286e-009
-3.61	1.34697e-009
-3.609	1.34199e-009
-3.608	1.3462e-009
-3.607	1.3198e-009
-3.606	1.32721e-009
-3.605	1.32398e-009
-3.604	1.30851e-009
-3.603	1.30822e-009
-3.602	1.29799e-009
-3.601	1.29929e-009
-3.6	1.29465e-009
-3.599	1.28203e-009
-3.598	1.28432e-009
-3.597	1.28666e-009
-3.596	1.27739e-009
-3.595	1.26951e-009
-3.594	1.26177e-009
-3.593	1.25752e-009
-3.592	1.25579e-009
-3.591	1.25392e-009
-3.59	1.23648e-009
-3.589	1.2333e-009
-3.588	1.23506e-009
-3.587	1.2191e-009
-3.586	1.22139e-009
-3.585	1.20061e-009
-3.584	1.19162e-009
-3.583	1.19989e-009
-3.582	1.19237e-009
-3.581	1.18712e-009
-3.58	1.18394e-009
-3.579	1.17577e-009
-3.578	1.16377e-009
-3.577	1.16314e-009
-3.576	1.15571e-009
-3.575	1.14104e-009
-3.574	1.1369e-009
-3.573	1.13482e-009
-3.572	1.12422e-009
-3.571	1.11818e-009
-3.57	1.11555e-009
-3.569	1.102e-009
-3.568	1.09194e-009
-3.567	1.08946e-009
-3.566	1.08487e-009
-3.565	1.07529e-009
-3.564	1.07105e-009
-3.563	1.0654e-009
-3.562	1.05541e-009
-3.561	1.04856e-009
-3.56	1.04192e-009
-3.559	1.03195e-009
-3.558	1.02836e-009
-3.557	1.02077e-009
-3.556	1.00664e-009
-3.555	1.0101e-009
-3.554	9.98491e-010
-3.553	9.97451e-010
-3.552	9.96405e-010
-3.551	9.80585e-010
-3.55	9.71509e-010
-3.549	9.65684e-010
-3.548	9.65485e-010
-3.547	9.54037e-010
-3.546	9.38095e-010
-3.545	9.34453e-010
-3.544	9.39028e-010
-3.543	9.28911e-010
-3.542	9.19839e-010
-3.541	9.11675e-010
-3.54	9.02239e-010
-3.539	8.96428e-010
-3.538	8.90439e-010
-3.537	8.8848e-010
-3.536	8.75506e-010
-3.535	8.69213e-010
-3.534	8.74104e-010
-3.533	8.64234e-010
-3.532	8.56759e-010
-3.531	8.49602e-010
-3.53	8.46993e-010
-3.529	8.36939e-010
-3.528	8.29885e-010
-3.527	8.34659e-010
-3.526	8.23369e-010
-3.525	8.17061e-010
-3.524	8.08141e-010
-3.523	7.99849e-010
-3.522	8.00361e-010
-3.521	7.91491e-010
-3.52	7.8511e-010
-3.519	7.79604e-010
-3.518	7.74868e-010
-3.517	7.71386e-010
-3.516	7.69696e-010
-3.515	7.68441e-010
-3.514	7.51327e-010
-3.513	7.47878e-010
-3.512	7.54558e-010
-3.511	7.47496e-010
-3.51	7.43403e-010
-3.509	7.41862e-010
-3.508	7.31864e-010
-3.507	7.31257e-010
-3.506	7.26068e-010
-3.505	7.16076e-010
-3.504	7.10531e-010
-3.503	7.04205e-010
-3.502	7.14705e-010
-3.501	7.11857e-010
-3.5	7.02696e-010
-3.499	7.0818e-010
-3.498	7.01461e-010
-3.497	6.96706e-010
-3.496	6.87186e-010
-3.495	6.88796e-010
-3.494	6.89544e-010
-3.493	6.82472e-010
-3.492	6.8639e-010
-3.491	6.77886e-010
-3.49	6.72693e-010
-3.489	6.7146e-010
-3.488	6.74461e-010
-3.487	6.7081e-010
-3.486	6.67211e-010
-3.485	6.63785e-010
-3.484	6.59479e-010
-3.483	6.5599e-010
-3.482	6.58177e-010
-3.481	6.65776e-010
-3.48	6.64046e-010
-3.479	6.63965e-010
-3.478	6.64593e-010
-3.477	6.57045e-010
-3.476	6.55269e-010
-3.475	6.50168e-010
-3.474	6.46036e-010
-3.473	6.54154e-010
-3.472	6.49664e-010
-3.471	6.4941e-010
-3.47	6.58977e-010
-3.469	6.56752e-010
-3.468	6.53548e-010
-3.467	6.64544e-010
-3.466	6.61846e-010
-3.465	6.60281e-010
-3.464	6.68086e-010
-3.463	6.65252e-010
-3.462	6.68357e-010
-3.461	6.69958e-010
-3.46	6.63663e-010
-3.459	6.73224e-010
-3.458	6.74073e-010
-3.457	6.68607e-010
-3.456	6.71275e-010
-3.455	6.71575e-010
-3.454	6.78134e-010
-3.453	6.80973e-010
-3.452	6.83067e-010
-3.451	6.92851e-010
-3.45	6.95742e-010
-3.449	6.932e-010
-3.448	6.9756e-010
-3.447	7.00917e-010
-3.446	7.04048e-010
-3.445	7.02216e-010
-3.444	6.98767e-010
-3.443	7.11058e-010
-3.442	7.15679e-010
-3.441	7.08807e-010
-3.44	7.16693e-010
-3.439	7.19142e-010
-3.438	7.33071e-010
-3.437	7.368e-010
-3.436	7.34816e-010
-3.435	7.44419e-010
-3.434	7.45699e-010
-3.433	7.48555e-010
-3.432	7.5839e-010
-3.431	7.64197e-010
-3.43	7.6419e-010
-3.429	7.65946e-010
-3.428	7.74622e-010
-3.427	7.7948e-010
-3.426	7.81757e-010
-3.425	7.92789e-010
-3.424	7.95657e-010
-3.423	8.08204e-010
-3.422	8.07829e-010
-3.421	8.15747e-010
-3.42	8.24723e-010
-3.419	8.26986e-010
-3.418	8.32365e-010
-3.417	8.37581e-010
-3.416	8.40902e-010
-3.415	8.49247e-010
-3.414	8.56116e-010
-3.413	8.55619e-010
-3.412	8.61182e-010
-3.411	8.69265e-010
-3.41	8.73265e-010
-3.409	8.822e-010
-3.408	8.93014e-010
-3.407	8.94153e-010
-3.406	9.11073e-010
-3.405	9.13237e-010
-3.404	9.12945e-010
-3.403	9.29027e-010
-3.402	9.30996e-010
-3.401	9.25834e-010
-3.4	9.47133e-010
-3.399	9.57321e-010
-3.398	9.5594e-010
-3.397	9.63115e-010
-3.396	9.65273e-010
-3.395	9.73547e-010
-3.394	9.82751e-010
-3.393	9.85406e-010
-3.392	9.98013e-010
-3.391	1.00907e-009
-3.39	1.01582e-009
-3.389	1.02073e-009
-3.388	1.02797e-009
-3.387	1.02753e-009
-3.386	1.04683e-009
-3.385	1.04912e-009
-3.384	1.05366e-009
-3.383	1.07703e-009
-3.382	1.0698e-009
-3.381	1.07725e-009
-3.38	1.08401e-009
-3.379	1.09844e-009
-3.378	1.09912e-009
-3.377	1.11062e-009
-3.376	1.12123e-009
-3.375	1.1103e-009
-3.374	1.1237e-009
-3.373	1.13283e-009
-3.372	1.13554e-009
-3.371	1.15225e-009
-3.37	1.14681e-009
-3.369	1.15607e-009
-3.368	1.16937e-009
-3.367	1.16821e-009
-3.366	1.18451e-009
-3.365	1.18955e-009
-3.364	1.1919e-009
-3.363	1.20433e-009
-3.362	1.20597e-009
-3.361	1.21616e-009
-3.36	1.23153e-009
-3.359	1.22418e-009
-3.358	1.22379e-009
-3.357	1.23945e-009
-3.356	1.24139e-009
-3.355	1.24651e-009
-3.354	1.25774e-009
-3.353	1.25688e-009
-3.352	1.2694e-009
-3.351	1.28417e-009
-3.35	1.28511e-009
-3.349	1.29137e-009
-3.348	1.293e-009
-3.347	1.29304e-009
-3.346	1.30292e-009
-3.345	1.31041e-009
-3.344	1.32321e-009
-3.343	1.32077e-009
-3.342	1.32993e-009
-3.341	1.34244e-009
-3.34	1.33513e-009
-3.339	1.33835e-009
-3.338	1.3474e-009
-3.337	1.3527e-009
-3.336	1.35156e-009
-3.335	1.34957e-009
-3.334	1.36679e-009
-3.333	1.36356e-009
-3.332	1.36531e-009
-3.331	1.37355e-009
-3.33	1.38372e-009
-3.329	1.38828e-009
-3.328	1.38895e-009
-3.327	1.40212e-009
-3.326	1.39642e-009
-3.325	1.40667e-009
-3.324	1.39938e-009
-3.323	1.40996e-009
-3.322	1.41512e-009
-3.321	1.40197e-009
-3.32	1.42261e-009
-3.319	1.42477e-009
-3.318	1.42287e-009
-3.317	1.42588e-009
-3.316	1.41328e-009
-3.315	1.43081e-009
-3.314	1.43107e-009
-3.313	1.42915e-009
-3.312	1.44333e-009
-3.311	1.4287e-009
-3.31	1.44299e-009
-3.309	1.44763e-009
-3.308	1.43493e-009
-3.307	1.44181e-009
-3.306	1.44516e-009
-3.305	1.4509e-009
-3.304	1.44629e-009
-3.303	1.45037e-009
-3.302	1.45874e-009
-3.301	1.45824e-009
-3.3	1.4572e-009
-3.299	1.45201e-009
-3.298	1.45591e-009
-3.297	1.44969e-009
-3.296	1.45514e-009
-3.295	1.4674e-009
-3.294	1.45628e-009
-3.293	1.45146e-009
-3.292	1.45309e-009
-3.291	1.45352e-009
-3.29	1.46241e-009
-3.289	1.4545e-009
-3.288	1.44675e-009
-3.287	1.44921e-009
-3.286	1.4517e-009
-3.285	1.45328e-009
-3.284	1.44655e-009
-3.283	1.44178e-009
-3.282	1.43872e-009
-3.281	1.44461e-009
-3.28	1.44995e-009
-3.279	1.44073e-009
-3.278	1.43256e-009
-3.277	1.42942e-009
-3.276	1.42772e-009
-3.275	1.43101e-009
-3.274	1.42744e-009
-3.273	1.41594e-009
-3.272	1.42076e-009
-3.271	1.40942e-009
-3.27	1.40868e-009
-3.269	1.40012e-009
-3.268	1.39663e-009
-3.267	1.40846e-009
-3.266	1.39626e-009
-3.265	1.39359e-009
-3.264	1.39751e-009
-3.263	1.39339e-009
-3.262	1.39096e-009
-3.261	1.38474e-009
-3.26	1.37403e-009
-3.259	1.37436e-009
-3.258	1.37546e-009
-3.257	1.36846e-009
-3.256	1.36246e-009
-3.255	1.36388e-009
-3.254	1.34972e-009
-3.253	1.3498e-009
-3.252	1.3462e-009
-3.251	1.33771e-009
-3.25	1.33716e-009
-3.249	1.32479e-009
-3.248	1.32984e-009
-3.247	1.32737e-009
-3.246	1.3126e-009
-3.245	1.30455e-009
-3.244	1.30251e-009
-3.243	1.29172e-009
-3.242	1.28215e-009
-3.241	1.2816e-009
-3.24	1.27176e-009
-3.239	1.27699e-009
-3.238	1.26027e-009
-3.237	1.26539e-009
-3.236	1.2624e-009
-3.235	1.24784e-009
-3.234	1.24082e-009
-3.233	1.2375e-009
-3.232	1.22679e-009
-3.231	1.22465e-009
-3.23	1.21505e-009
-3.229	1.20835e-009
-3.228	1.20286e-009
-3.227	1.19493e-009
-3.226	1.19488e-009
-3.225	1.17507e-009
-3.224	1.17281e-009
-3.223	1.17408e-009
-3.222	1.16193e-009
-3.221	1.16864e-009
-3.22	1.15383e-009
-3.219	1.14809e-009
-3.218	1.14464e-009
-3.217	1.12859e-009
-3.216	1.12874e-009
-3.215	1.1094e-009
-3.214	1.11172e-009
-3.213	1.10988e-009
-3.212	1.08853e-009
-3.211	1.07997e-009
-3.21	1.08529e-009
-3.209	1.08164e-009
-3.208	1.07131e-009
-3.207	1.06746e-009
-3.206	1.05951e-009
-3.205	1.05075e-009
-3.204	1.04798e-009
-3.203	1.03108e-009
-3.202	1.03179e-009
-3.201	1.00874e-009
-3.2	1.00444e-009
-3.199	1.00798e-009
-3.198	1.00459e-009
-3.197	9.89764e-010
-3.196	9.80383e-010
-3.195	9.78879e-010
-3.194	9.61195e-010
-3.193	9.57775e-010
-3.192	9.6079e-010
-3.191	9.49441e-010
-3.19	9.567e-010
-3.189	9.43387e-010
-3.188	9.36008e-010
-3.187	9.32273e-010
-3.186	9.18944e-010
-3.185	9.13574e-010
-3.184	9.04736e-010
-3.183	8.95407e-010
-3.182	8.96813e-010
-3.181	8.90927e-010
-3.18	8.8796e-010
-3.179	8.74427e-010
-3.178	8.6929e-010
-3.177	8.63894e-010
-3.176	8.57166e-010
-3.175	8.56816e-010
-3.174	8.46187e-010
-3.173	8.44726e-010
-3.172	8.40438e-010
-3.171	8.30846e-010
-3.17	8.32393e-010
-3.169	8.15133e-010
-3.168	8.16764e-010
-3.167	8.15504e-010
-3.166	7.99659e-010
-3.165	7.99547e-010
-3.164	7.87255e-010
-3.163	7.89389e-010
-3.162	7.85896e-010
-3.161	7.84429e-010
-3.16	7.79692e-010
-3.159	7.81002e-010
-3.158	7.57593e-010
-3.157	7.54107e-010
-3.156	7.56652e-010
-3.155	7.5531e-010
-3.154	7.45146e-010
-3.153	7.47847e-010
-3.152	7.42007e-010
-3.151	7.40293e-010
-3.15	7.38663e-010
-3.149	7.27681e-010
-3.148	7.27025e-010
-3.147	7.2458e-010
-3.146	7.19974e-010
-3.145	7.2643e-010
-3.144	7.14954e-010
-3.143	7.1705e-010
-3.142	7.14282e-010
-3.141	7.10787e-010
-3.14	6.99594e-010
-3.139	7.05368e-010
-3.138	7.02036e-010
-3.137	7.02151e-010
-3.136	6.93742e-010
-3.135	6.87459e-010
-3.134	6.89057e-010
-3.133	6.89572e-010
-3.132	6.89509e-010
-3.131	6.87312e-010
-3.13	6.85069e-010
-3.129	6.86652e-010
-3.128	6.89141e-010
-3.127	6.8369e-010
-3.126	6.83162e-010
-3.125	6.81982e-010
-3.124	6.86778e-010
-3.123	6.80427e-010
-3.122	6.81876e-010
-3.121	6.82989e-010
-3.12	6.8739e-010
-3.119	6.82066e-010
-3.118	6.83972e-010
-3.117	6.82893e-010
-3.116	6.81742e-010
-3.115	6.74088e-010
-3.114	6.84366e-010
-3.113	6.79481e-010
-3.112	6.83432e-010
-3.111	6.84342e-010
-3.11	6.91427e-010
-3.109	6.95184e-010
-3.108	6.91437e-010
-3.107	6.89533e-010
-3.106	6.9735e-010
-3.105	6.91988e-010
-3.104	6.98382e-010
-3.103	6.96848e-010
-3.102	7.03318e-010
-3.101	7.07542e-010
-3.1	7.07677e-010
-3.099	7.0771e-010
-3.098	7.20281e-010
-3.097	7.22746e-010
-3.096	7.27419e-010
-3.095	7.19605e-010
-3.094	7.22053e-010
-3.093	7.28987e-010
-3.092	7.29122e-010
-3.091	7.35634e-010
-3.09	7.40643e-010
-3.089	7.51879e-010
-3.088	7.47537e-010
-3.087	7.47298e-010
-3.086	7.5949e-010
-3.085	7.54661e-010
-3.084	7.51996e-010
-3.083	7.69569e-010
-3.082	7.67693e-010
-3.081	7.7167e-010
-3.08	7.83058e-010
-3.079	7.79556e-010
-3.078	7.90775e-010
-3.077	7.98088e-010
-3.076	7.90143e-010
-3.075	8.08437e-010
-3.074	8.10987e-010
-3.073	8.13532e-010
-3.072	8.16076e-010
-3.071	8.27918e-010
-3.07	8.25371e-010
-3.069	8.35197e-010
-3.068	8.34306e-010
-3.067	8.39083e-010
-3.066	8.45347e-010
-3.065	8.5614e-010
-3.064	8.59917e-010
-3.063	8.74034e-010
-3.062	8.67259e-010
-3.061	8.85444e-010
-3.06	8.92495e-010
-3.059	9.01631e-010
-3.058	9.00364e-010
-3.057	9.08992e-010
-3.056	9.21713e-010
-3.055	9.26711e-010
-3.054	9.2297e-010
-3.053	9.33934e-010
-3.052	9.37622e-010
-3.051	9.47383e-010
-3.05	9.5146e-010
-3.049	9.58497e-010
-3.048	9.73446e-010
-3.047	9.72927e-010
-3.046	9.85681e-010
-3.045	9.87839e-010
-3.044	1.00421e-009
-3.043	1.00714e-009
-3.042	1.01619e-009
-3.041	1.01557e-009
-3.04	1.039e-009
-3.039	1.05594e-009
-3.038	1.05092e-009
-3.037	1.07273e-009
-3.036	1.08753e-009
-3.035	1.10206e-009
-3.034	1.11928e-009
-3.033	1.15393e-009
-3.032	1.17307e-009
-3.031	1.20086e-009
-3.03	1.23036e-009
-3.029	1.24741e-009
-3.028	1.29491e-009
-3.027	1.31002e-009
-3.026	1.36139e-009
-3.025	1.38854e-009
-3.024	1.43756e-009
-3.023	1.47928e-009
-3.022	1.51496e-009
-3.021	1.59161e-009
-3.02	1.60781e-009
-3.019	1.70613e-009
-3.018	1.74162e-009
-3.017	1.81126e-009
-3.016	1.87879e-009
-3.015	1.95447e-009
-3.014	2.03664e-009
-3.013	2.1219e-009
-3.012	2.1889e-009
-3.011	2.28184e-009
-3.01	2.39698e-009
-3.009	2.47276e-009
-3.008	2.59553e-009
-3.007	2.70538e-009
-3.006	2.85127e-009
-3.005	2.94112e-009
-3.004	3.09972e-009
-3.003	3.23934e-009
-3.002	3.40122e-009
-3.001	3.563e-009
-3	3.71663e-009
-2.999	3.89262e-009
-2.998	4.09873e-009
-2.997	4.28931e-009
-2.996	4.52423e-009
-2.995	4.70612e-009
-2.994	4.96383e-009
-2.993	5.20384e-009
-2.992	5.44554e-009
-2.991	5.73741e-009
-2.99	6.02731e-009
-2.989	6.3451e-009
-2.988	6.64127e-009
-2.987	7.01397e-009
-2.986	7.37363e-009
-2.985	7.74951e-009
-2.984	8.16745e-009
-2.983	8.54977e-009
-2.982	9.00641e-009
-2.981	9.47084e-009
-2.98	9.93642e-009
-2.979	1.04962e-008
-2.978	1.10073e-008
-2.977	1.16599e-008
-2.976	1.21506e-008
-2.975	1.28429e-008
-2.974	1.354e-008
-2.973	1.41703e-008
-2.972	1.50236e-008
-2.971	1.57046e-008
-2.97	1.6576e-008
-2.969	1.74448e-008
-2.968	1.8357e-008
-2.967	1.92611e-008
-2.966	2.03011e-008
-2.965	2.13738e-008
-2.964	2.24337e-008
-2.963	2.36308e-008
-2.962	2.48583e-008
-2.961	2.61419e-008
-2.96	2.75019e-008
-2.959	2.90362e-008
-2.958	3.04548e-008
-2.957	3.20755e-008
-2.956	3.36849e-008
-2.955	3.55521e-008
-2.954	3.73486e-008
-2.953	3.92309e-008
-2.952	4.13325e-008
-2.951	4.34155e-008
-2.95	4.57239e-008
-2.949	4.80302e-008
-2.948	5.0712e-008
-2.947	5.31314e-008
-2.946	5.60159e-008
-2.945	5.87829e-008
-2.944	6.19306e-008
-2.943	6.52499e-008
-2.942	6.83565e-008
-2.941	7.22221e-008
-2.94	7.56166e-008
-2.939	7.97925e-008
-2.938	8.3842e-008
-2.937	8.83239e-008
-2.936	9.27913e-008
-2.935	9.75231e-008
-2.934	1.02615e-007
-2.933	1.07961e-007
-2.932	1.13543e-007
-2.931	1.19411e-007
-2.93	1.254e-007
-2.929	1.32054e-007
-2.928	1.38971e-007
-2.927	1.45927e-007
-2.926	1.53815e-007
-2.925	1.61357e-007
-2.924	1.6988e-007
-2.923	1.78466e-007
-2.922	1.87768e-007
-2.921	1.97599e-007
-2.92	2.07551e-007
-2.919	2.1851e-007
-2.918	2.29605e-007
-2.917	2.41676e-007
-2.916	2.5381e-007
-2.915	2.67024e-007
-2.914	2.80981e-007
-2.913	2.94968e-007
-2.912	3.10621e-007
-2.911	3.26375e-007
-2.91	3.4317e-007
-2.909	3.61173e-007
-2.908	3.79419e-007
-2.907	3.99295e-007
-2.906	4.19518e-007
-2.905	4.41211e-007
-2.904	4.63514e-007
-2.903	4.87584e-007
-2.902	5.13107e-007
-2.901	5.38827e-007
-2.9	5.67292e-007
-2.899	5.95907e-007
-2.898	6.27104e-007
-2.897	6.59181e-007
-2.896	6.92624e-007
-2.895	7.28931e-007
-2.894	7.65922e-007
-2.893	8.05663e-007
-2.892	8.46401e-007
-2.891	8.90617e-007
-2.89	9.36205e-007
-2.889	9.84683e-007
-2.888	1.03513e-006
-2.887	1.08806e-006
-2.886	1.14444e-006
-2.885	1.2036e-006
-2.884	1.26496e-006
-2.883	1.33012e-006
-2.882	1.3991e-006
-2.881	1.47033e-006
-2.88	1.54722e-006
-2.879	1.62526e-006
-2.878	1.71042e-006
-2.877	1.79645e-006
-2.876	1.89066e-006
-2.875	1.98666e-006
-2.874	2.08925e-006
-2.873	2.19715e-006
-2.872	2.30881e-006
-2.871	2.42893e-006
-2.87	2.55176e-006
-2.869	2.68573e-006
-2.868	2.8219e-006
-2.867	2.96795e-006
-2.866	3.12001e-006
-2.865	3.28095e-006
-2.864	3.44989e-006
-2.863	3.62678e-006
-2.862	3.81384e-006
-2.861	4.009e-006
-2.86	4.2158e-006
-2.859	4.43217e-006
-2.858	4.66036e-006
-2.857	4.89949e-006
-2.856	5.15244e-006
-2.855	5.4167e-006
-2.854	5.69479e-006
-2.853	5.98825e-006
-2.852	6.2958e-006
-2.851	6.61998e-006
-2.85	6.96014e-006
-2.849	7.3181e-006
-2.848	7.69387e-006
-2.847	8.09092e-006
-2.846	8.50551e-006
-2.845	8.94325e-006
-2.844	9.4042e-006
-2.843	9.88676e-006
-2.842	1.0395e-005
-2.841	1.09303e-005
-2.84	1.14924e-005
-2.839	1.20817e-005
-2.838	1.27037e-005
-2.837	1.3358e-005
-2.836	1.40434e-005
-2.835	1.47664e-005
-2.834	1.55273e-005
-2.833	1.63227e-005
-2.832	1.71654e-005
-2.831	1.80462e-005
-2.83	1.89757e-005
-2.829	1.99512e-005
-2.828	2.09781e-005
-2.827	2.20556e-005
-2.826	2.31882e-005
-2.825	2.43833e-005
-2.824	2.56338e-005
-2.823	2.69563e-005
-2.822	2.8339e-005
-2.821	2.97989e-005
-2.82	3.13272e-005
-2.819	3.29429e-005
-2.818	3.46353e-005
-2.817	3.64171e-005
-2.816	3.82892e-005
-2.815	4.02552e-005
-2.814	4.23284e-005
-2.813	4.45036e-005
-2.812	4.67963e-005
-2.811	4.91982e-005
-2.81	5.17325e-005
-2.809	5.43888e-005
-2.808	5.71888e-005
-2.807	6.01252e-005
-2.806	6.3219e-005
-2.805	6.64707e-005
-2.804	6.98901e-005
-2.803	7.3484e-005
-2.802	7.72633e-005
-2.801	8.1237e-005
-2.8	8.54123e-005
-2.799	8.98077e-005
-2.798	9.44248e-005
-2.797	9.928e-005
-2.796	0.000104392
-2.795	0.000109753
-2.794	0.0001154
-2.793	0.000121337
-2.792	0.000127573
-2.791	0.000134132
-2.79	0.000141036
-2.789	0.00014828
-2.788	0.000155915
-2.787	0.000163927
-2.786	0.000172359
-2.785	0.000181222
-2.784	0.000190539
-2.783	0.000200344
-2.782	0.00021064
-2.781	0.000221477
-2.78	0.000232867
-2.779	0.000244838
-2.778	0.00025744
-2.777	0.000270672
-2.776	0.000284598
-2.775	0.000299229
-2.774	0.000314619
-2.773	0.000330798
-2.772	0.000347814
-2.771	0.000365695
-2.77	0.000384503
-2.769	0.000404275
-2.768	0.000425068
-2.767	0.000446928
-2.766	0.000469914
-2.765	0.000494074
-2.764	0.000519492
-2.763	0.000546196
-2.762	0.000574296
-2.761	0.000603826
-2.76	0.000634884
-2.759	0.000667538
-2.758	0.000701864
-2.757	0.000737964
-2.756	0.000775922
-2.755	0.000815808
-2.754	0.000857792
-2.753	0.000901876
-2.752	0.000948281
-2.751	0.000997031
-2.75	0.00104831
-2.749	0.00110223
-2.748	0.00115888
-2.747	0.00121853
-2.746	0.00128117
-2.745	0.00134708
-2.744	0.00141632
-2.743	0.00148919
-2.742	0.00156577
-2.741	0.00164628
-2.74	0.00173096
-2.739	0.00181997
-2.738	0.00191357
-2.737	0.002012
-2.736	0.00211546
-2.735	0.00222425
-2.734	0.00233864
-2.733	0.0024589
-2.732	0.00258538
-2.731	0.0027183
-2.73	0.00285815
-2.729	0.0030051
-2.728	0.00315968
-2.727	0.00332215
-2.726	0.00349302
-2.725	0.00367266
-2.724	0.0038615
-2.723	0.00406013
-2.722	0.00426889
-2.721	0.00448849
-2.72	0.00471928
-2.719	0.00496198
-2.718	0.00521719
-2.717	0.00548545
-2.716	0.00576761
-2.715	0.00606421
-2.714	0.00637609
-2.713	0.00669388
-2.712	0.00701717
-2.711	0.00734557
-2.71	0.00767863
-2.709	0.00801595
-2.708	0.00835705
-2.707	0.00870152
-2.706	0.00904892
-2.705	0.00939879
-2.704	0.00975069
-2.703	0.0101042
-2.702	0.0104587
-2.701	0.0108139
-2.7	0.0111694
-2.699	0.0115245
-2.698	0.0118789
-2.697	0.0122322
-2.696	0.0125838
-2.695	0.0129333
-2.694	0.0132803
-2.693	0.0136243
-2.692	0.0139649
-2.691	0.0143016
-2.69	0.014634
-2.689	0.0149617
-2.688	0.0152842
-2.687	0.0156012
-2.686	0.0159122
-2.685	0.0162168
-2.684	0.0165146
-2.683	0.0168053
-2.682	0.0170885
-2.681	0.0173638
-2.68	0.0176308
-2.679	0.0178893
-2.678	0.0181389
-2.677	0.0183792
-2.676	0.01861
-2.675	0.018831
-2.674	0.0190418
-2.673	0.0192424
-2.672	0.0194322
-2.671	0.0196112
-2.67	0.0197791
-2.669	0.0199357
-2.668	0.0200808
-2.667	0.0202142
-2.666	0.0203358
-2.665	0.0204454
-2.664	0.0205428
-2.663	0.020628
-2.662	0.0207009
-2.661	0.0207613
-2.66	0.0208092
-2.659	0.0208446
-2.658	0.0208673
-2.657	0.0208775
-2.656	0.020875
-2.655	0.0208599
-2.654	0.0208323
-2.653	0.0207922
-2.652	0.0207396
-2.651	0.0206746
-2.65	0.0205973
-2.649	0.0205079
-2.648	0.0204065
-2.647	0.0202931
-2.646	0.020168
-2.645	0.0200314
-2.644	0.0198833
-2.643	0.0197242
-2.642	0.0195541
-2.641	0.0193733
-2.64	0.019182
-2.639	0.0189806
-2.638	0.0187692
-2.637	0.0185483
-2.636	0.018318
-2.635	0.0180786
-2.634	0.0178307
-2.633	0.0175744
-2.632	0.0173101
-2.631	0.0170381
-2.63	0.0167589
-2.629	0.0164729
-2.628	0.0161803
-2.627	0.0158816
-2.626	0.0155773
-2.625	0.0152676
-2.624	0.0149531
-2.623	0.0146343
-2.622	0.0143113
-2.621	0.0139849
-2.62	0.0136553
-2.619	0.013323
-2.618	0.0129886
-2.617	0.0126523
-2.616	0.0123148
-2.615	0.0119763
-2.614	0.0116375
-2.613	0.0112988
-2.612	0.0109605
-2.611	0.0106233
-2.61	0.0102875
-2.609	0.00995354
-2.608	0.00962193
-2.607	0.00929315
-2.606	0.00896758
-2.605	0.00864567
-2.604	0.0083279
-2.603	0.00801469
-2.602	0.00770642
-2.601	0.00740355
-2.6	0.00710648
-2.599	0.0068156
-2.598	0.00653134
-2.597	0.00625407
-2.596	0.00598415
-2.595	0.00572199
-2.594	0.00546791
-2.593	0.00522228
-2.592	0.00498542
-2.591	0.00475766
-2.59	0.00453931
-2.589	0.00433068
-2.588	0.00413207
-2.587	0.00394372
-2.586	0.00376593
-2.585	0.00359891
-2.584	0.00344291
-2.583	0.00329815
-2.582	0.00316483
-2.581	0.00304315
-2.58	0.00293328
-2.579	0.00283536
-2.578	0.00274955
-2.577	0.00267597
-2.576	0.00261475
-2.575	0.00256595
-2.574	0.00252966
-2.573	0.00250596
-2.572	0.00249488
-2.571	0.00249644
-2.57	0.00251066
-2.569	0.00253754
-2.568	0.00257705
-2.567	0.00262915
-2.566	0.0026938
-2.565	0.00277091
-2.564	0.0028604
-2.563	0.00296218
-2.562	0.00307609
-2.561	0.00320204
-2.56	0.00333984
-2.559	0.00348935
-2.558	0.00365037
-2.557	0.00382272
-2.556	0.00400617
-2.555	0.00420049
-2.554	0.00440547
-2.553	0.00462081
-2.552	0.00484624
-2.551	0.00508151
-2.55	0.00532633
-2.549	0.00558036
-2.548	0.00584328
-2.547	0.0061148
-2.546	0.00639452
-2.545	0.00668211
-2.544	0.0069772
-2.543	0.00727944
-2.542	0.00758842
-2.541	0.00790378
-2.54	0.00822506
-2.539	0.0085519
-2.538	0.00888388
-2.537	0.00922056
-2.536	0.00956151
-2.535	0.0099063
-2.534	0.0102545
-2.533	0.0106057
-2.532	0.0109594
-2.531	0.0113151
-2.53	0.0116724
-2.529	0.0120309
-2.528	0.0123901
-2.527	0.0127495
-2.526	0.0131087
-2.525	0.0134672
-2.524	0.0138246
-2.523	0.0141804
-2.522	0.0145341
-2.521	0.0148853
-2.52	0.0152335
-2.519	0.0155784
-2.518	0.0159195
-2.517	0.0162562
-2.516	0.0165883
-2.515	0.0169153
-2.514	0.0172367
-2.513	0.0175522
-2.512	0.0178614
-2.511	0.0181638
-2.51	0.0184591
-2.509	0.0187469
-2.508	0.0190268
-2.507	0.0192986
-2.506	0.0195618
-2.505	0.0198161
-2.504	0.0200612
-2.503	0.0202968
-2.502	0.0205226
-2.501	0.0207383
-2.5	0.0209437
-2.499	0.0211384
-2.498	0.0213223
-2.497	0.0214951
-2.496	0.0216567
-2.495	0.0218068
-2.494	0.0219451
-2.493	0.0220717
-2.492	0.0221863
-2.491	0.0222887
-2.49	0.022379
-2.489	0.0224568
-2.488	0.0225222
-2.487	0.0225752
-2.486	0.0226156
-2.485	0.0226434
-2.484	0.0226586
-2.483	0.0226612
-2.482	0.0226512
-2.481	0.0226286
-2.48	0.0225935
-2.479	0.0225459
-2.478	0.022486
-2.477	0.0224138
-2.476	0.0223293
-2.475	0.0222329
-2.474	0.0221245
-2.473	0.0220044
-2.472	0.0218727
-2.471	0.0217297
-2.47	0.0215755
-2.469	0.0214103
-2.468	0.0212344
-2.467	0.021048
-2.466	0.0208514
-2.465	0.0206449
-2.464	0.0204288
-2.463	0.0202033
-2.462	0.0199687
-2.461	0.0197255
-2.46	0.0194739
-2.459	0.0192143
-2.458	0.018947
-2.457	0.0186725
-2.456	0.018391
-2.455	0.0181031
-2.454	0.017809
-2.453	0.0175091
-2.452	0.017204
-2.451	0.016894
-2.45	0.0165795
-2.449	0.016261
-2.448	0.0159389
-2.447	0.0156137
-2.446	0.0152857
-2.445	0.0149555
-2.444	0.0146235
-2.443	0.0142902
-2.442	0.013956
-2.441	0.0136213
-2.44	0.0132866
-2.439	0.0129525
-2.438	0.0126193
-2.437	0.0122875
-2.436	0.0119575
-2.435	0.0116299
-2.434	0.011305
-2.433	0.0109833
-2.432	0.0106653
-2.431	0.0103514
-2.43	0.010042
-2.429	0.00973747
-2.428	0.00943835
-2.427	0.009145
-2.426	0.00885783
-2.425	0.00857724
-2.424	0.00830362
-2.423	0.00803736
-2.422	0.00777877
-2.421	0.00752827
-2.42	0.0072862
-2.419	0.00705288
-2.418	0.00682864
-2.417	0.0066138
-2.416	0.00640866
-2.415	0.00621352
-2.414	0.00602864
-2.413	0.00585429
-2.412	0.00569071
-2.411	0.00553813
-2.41	0.00539681
-2.409	0.0052669
-2.408	0.00514862
-2.407	0.00504216
-2.406	0.00494765
-2.405	0.00486522
-2.404	0.00479503
-2.403	0.0047372
-2.402	0.00469179
-2.401	0.00465891
-2.4	0.00463861
-2.399	0.00463092
-2.398	0.00463592
-2.397	0.00465356
-2.396	0.00468387
-2.395	0.00472684
-2.394	0.00478238
-2.393	0.00485052
-2.392	0.00493112
-2.391	0.0050241
-2.39	0.00512942
-2.389	0.00524688
-2.388	0.00537637
-2.387	0.00551778
-2.386	0.0056709
-2.385	0.00583555
-2.384	0.00601156
-2.383	0.00619869
-2.382	0.00639674
-2.381	0.00660543
-2.38	0.00682454
-2.379	0.0070538
-2.378	0.00729288
-2.377	0.00754155
-2.376	0.00779948
-2.375	0.00806635
-2.374	0.00834182
-2.373	0.00862553
-2.372	0.00891718
-2.371	0.00921636
-2.37	0.00952271
-2.369	0.00983587
-2.368	0.0101554
-2.367	0.0104809
-2.366	0.010812
-2.365	0.0111483
-2.364	0.0114893
-2.363	0.0118347
-2.362	0.0121839
-2.361	0.0125366
-2.36	0.0128923
-2.359	0.0132505
-2.358	0.0136109
-2.357	0.0139728
-2.356	0.014336
-2.355	0.0146999
-2.354	0.0150641
-2.353	0.0154281
-2.352	0.0157915
-2.351	0.0161537
-2.35	0.0165144
-2.349	0.0168731
-2.348	0.0172294
-2.347	0.0175827
-2.346	0.0179326
-2.345	0.0182788
-2.344	0.0186207
-2.343	0.0189581
-2.342	0.0192903
-2.341	0.019617
-2.34	0.0199378
-2.339	0.0202522
-2.338	0.02056
-2.337	0.0208607
-2.336	0.021154
-2.335	0.0214394
-2.334	0.0217167
-2.333	0.0219854
-2.332	0.0222453
-2.331	0.022496
-2.33	0.0227372
-2.329	0.0229686
-2.328	0.02319
-2.327	0.023401
-2.326	0.0236014
-2.325	0.023791
-2.324	0.0239696
-2.323	0.0241369
-2.322	0.0242927
-2.321	0.0244368
-2.32	0.0245692
-2.319	0.0246895
-2.318	0.0247978
-2.317	0.0248938
-2.316	0.0249775
-2.315	0.0250487
-2.314	0.0251075
-2.313	0.0251538
-2.312	0.0251874
-2.311	0.0252084
-2.31	0.0252168
-2.309	0.0252126
-2.308	0.0251959
-2.307	0.0251666
-2.306	0.0251248
-2.305	0.0250707
-2.304	0.0250042
-2.303	0.0249256
-2.302	0.0248349
-2.301	0.0247323
-2.3	0.0246179
-2.299	0.0244919
-2.298	0.0243546
-2.297	0.0242061
-2.296	0.0240465
-2.295	0.0238763
-2.294	0.0236955
-2.293	0.0235046
-2.292	0.0233036
-2.291	0.023093
-2.29	0.0228731
-2.289	0.0226441
-2.288	0.0224063
-2.287	0.0221602
-2.286	0.021906
-2.285	0.0216441
-2.284	0.0213749
-2.283	0.0210988
-2.282	0.0208162
-2.281	0.0205273
-2.28	0.0202328
-2.279	0.0199328
-2.278	0.019628
-2.277	0.0193187
-2.276	0.0190053
-2.275	0.0186883
-2.274	0.0183681
-2.273	0.0180451
-2.272	0.0177199
-2.271	0.0173929
-2.27	0.0170645
-2.269	0.0167351
-2.268	0.0164053
-2.267	0.0160755
-2.266	0.0157461
-2.265	0.0154177
-2.264	0.0150906
-2.263	0.0147653
-2.262	0.0144424
-2.261	0.0141221
-2.26	0.013805
-2.259	0.0134916
-2.258	0.0131822
-2.257	0.0128773
-2.256	0.0125773
-2.255	0.0122827
-2.254	0.0119938
-2.253	0.0117111
-2.252	0.0114349
-2.251	0.0111656
-2.25	0.0109037
-2.249	0.0106494
-2.248	0.0104033
-2.247	0.0101655
-2.246	0.00993647
-2.245	0.0097165
-2.244	0.0095059
-2.243	0.00930501
-2.242	0.00911408
-2.241	0.00893343
-2.24	0.00876327
-2.239	0.00860388
-2.238	0.0084555
-2.237	0.00831837
-2.236	0.00819265
-2.235	0.00807855
-2.234	0.00797628
-2.233	0.00788595
-2.232	0.00780772
-2.231	0.00774171
-2.23	0.00768807
-2.229	0.00764688
-2.228	0.00761819
-2.227	0.00760212
-2.226	0.00759867
-2.225	0.00760788
-2.224	0.00762979
-2.223	0.00766437
-2.222	0.0077116
-2.221	0.00777147
-2.22	0.00784393
-2.219	0.00792888
-2.218	0.00802622
-2.217	0.0081359
-2.216	0.00825778
-2.215	0.00839174
-2.214	0.00853759
-2.213	0.00869522
-2.212	0.00886441
-2.211	0.00904497
-2.21	0.00923669
-2.209	0.00943936
-2.208	0.00965274
-2.207	0.00987653
-2.206	0.0101105
-2.205	0.0103544
-2.204	0.0106079
-2.203	0.0108706
-2.202	0.0111424
-2.201	0.0114228
-2.2	0.0117115
-2.199	0.0120081
-2.198	0.0123123
-2.197	0.0126238
-2.196	0.0129421
-2.195	0.0132668
-2.194	0.0135976
-2.193	0.013934
-2.192	0.0142756
-2.191	0.014622
-2.19	0.0149727
-2.189	0.0153274
-2.188	0.0156857
-2.187	0.0160469
-2.186	0.0164107
-2.185	0.0167767
-2.184	0.0171444
-2.183	0.0175133
-2.182	0.017883
-2.181	0.0182531
-2.18	0.0186229
-2.179	0.0189922
-2.178	0.0193604
-2.177	0.0197272
-2.176	0.0200919
-2.175	0.0204543
-2.174	0.0208138
-2.173	0.0211699
-2.172	0.0215223
-2.171	0.0218706
-2.17	0.0222141
-2.169	0.0225527
-2.168	0.0228858
-2.167	0.0232131
-2.166	0.023534
-2.165	0.0238483
-2.164	0.0241555
-2.163	0.0244553
-2.162	0.0247473
-2.161	0.0250312
-2.16	0.0253066
-2.159	0.0255732
-2.158	0.0258305
-2.157	0.0260785
-2.156	0.0263167
-2.155	0.0265448
-2.154	0.0267627
-2.153	0.02697
-2.152	0.0271664
-2.151	0.0273518
-2.15	0.027526
-2.149	0.0276887
-2.148	0.0278397
-2.147	0.0279789
-2.146	0.0281063
-2.145	0.0282215
-2.144	0.0283244
-2.143	0.028415
-2.142	0.0284932
-2.141	0.0285589
-2.14	0.0286121
-2.139	0.0286527
-2.138	0.0286807
-2.137	0.0286961
-2.136	0.0286988
-2.135	0.0286889
-2.134	0.0286665
-2.133	0.0286317
-2.132	0.0285845
-2.131	0.0285249
-2.13	0.0284531
-2.129	0.0283693
-2.128	0.0282735
-2.127	0.028166
-2.126	0.0280468
-2.125	0.0279162
-2.124	0.0277744
-2.123	0.0276217
-2.122	0.0274581
-2.121	0.0272841
-2.12	0.0270997
-2.119	0.0269055
-2.118	0.0267015
-2.117	0.0264881
-2.116	0.0262656
-2.115	0.0260344
-2.114	0.0257947
-2.113	0.025547
-2.112	0.0252916
-2.111	0.0250288
-2.11	0.024759
-2.109	0.0244827
-2.108	0.0242002
-2.107	0.0239118
-2.106	0.0236181
-2.105	0.0233194
-2.104	0.0230163
-2.103	0.0227091
-2.102	0.0223981
-2.101	0.022084
-2.1	0.0217671
-2.099	0.0214478
-2.098	0.0211267
-2.097	0.0208042
-2.096	0.0204807
-2.095	0.0201568
-2.094	0.0198328
-2.093	0.0195092
-2.092	0.0191865
-2.091	0.0188651
-2.09	0.0185455
-2.089	0.0182282
-2.088	0.0179136
-2.087	0.0176021
-2.086	0.0172943
-2.085	0.0169904
-2.084	0.016691
-2.083	0.0163965
-2.082	0.0161073
-2.081	0.0158238
-2.08	0.0155465
-2.079	0.0152757
-2.078	0.0150119
-2.077	0.0147553
-2.076	0.0145064
-2.075	0.0142655
-2.074	0.0140331
-2.073	0.0138093
-2.072	0.0135946
-2.071	0.0133893
-2.07	0.0131937
-2.069	0.0130081
-2.068	0.0128326
-2.067	0.0126677
-2.066	0.0125136
-2.065	0.0123704
-2.064	0.0122385
-2.063	0.012118
-2.062	0.0120092
-2.061	0.0119121
-2.06	0.011827
-2.059	0.0117541
-2.058	0.0116934
-2.057	0.011645
-2.056	0.0116091
-2.055	0.0115857
-2.054	0.011575
-2.053	0.0115769
-2.052	0.0115914
-2.051	0.0116187
-2.05	0.0116587
-2.049	0.0117113
-2.048	0.0117767
-2.047	0.0118546
-2.046	0.011945
-2.045	0.0120479
-2.044	0.0121631
-2.043	0.0122906
-2.042	0.0124302
-2.041	0.0125817
-2.04	0.012745
-2.039	0.0129199
-2.038	0.0131062
-2.037	0.0133038
-2.036	0.0135123
-2.035	0.0137316
-2.034	0.0139613
-2.033	0.0142013
-2.032	0.0144512
-2.031	0.0147107
-2.03	0.0149796
-2.029	0.0152575
-2.028	0.0155441
-2.027	0.0158391
-2.026	0.016142
-2.025	0.0164526
-2.024	0.0167705
-2.023	0.0170952
-2.022	0.0174264
-2.021	0.0177638
-2.02	0.0181068
-2.019	0.018455
-2.018	0.0188081
-2.017	0.0191657
-2.016	0.0195272
-2.015	0.0198923
-2.014	0.0202605
-2.013	0.0206313
-2.012	0.0210043
-2.011	0.0213791
-2.01	0.0217552
-2.009	0.0221321
-2.008	0.0225094
-2.007	0.0228865
-2.006	0.0232632
-2.005	0.0236388
-2.004	0.0240129
-2.003	0.0243852
-2.002	0.0247551
-2.001	0.0251221
-2	0.025486
-1.999	0.025846
-1.998	0.026202
-1.997	0.0265533
-1.996	0.0268997
-1.995	0.0272407
-1.994	0.0275758
-1.993	0.0279047
-1.992	0.0282269
-1.991	0.0285422
-1.99	0.0288501
-1.989	0.0291501
-1.988	0.0294422
-1.987	0.0297257
-1.986	0.0300004
-1.985	0.030266
-1.984	0.0305222
-1.983	0.0307686
-1.982	0.031005
-1.981	0.0312311
-1.98	0.0314467
-1.979	0.0316515
-1.978	0.0318453
-1.977	0.0320278
-1.976	0.0321989
-1.975	0.0323583
-1.974	0.032506
-1.973	0.0326417
-1.972	0.0327653
-1.971	0.0328766
-1.97	0.0329758
-1.969	0.0330624
-1.968	0.0331365
-1.967	0.0331981
-1.966	0.0332472
-1.965	0.0332836
-1.964	0.0333073
-1.963	0.0333185
-1.962	0.033317
-1.961	0.033303
-1.96	0.0332766
-1.959	0.0332377
-1.958	0.0331865
-1.957	0.0331231
-1.956	0.0330475
-1.955	0.0329601
-1.954	0.0328608
-1.953	0.0327499
-1.952	0.0326276
-1.951	0.032494
-1.95	0.0323494
-1.949	0.032194
-1.948	0.032028
-1.947	0.0318518
-1.946	0.0316656
-1.945	0.0314697
-1.944	0.0312643
-1.943	0.0310497
-1.942	0.0308264
-1.941	0.0305947
-1.94	0.0303548
-1.939	0.0301072
-1.938	0.0298523
-1.937	0.0295903
-1.936	0.0293217
-1.935	0.0290468
-1.934	0.0287661
-1.933	0.0284801
-1.932	0.028189
-1.931	0.0278934
-1.93	0.0275936
-1.929	0.0272902
-1.928	0.0269834
-1.927	0.0266739
-1.926	0.026362
-1.925	0.0260482
-1.924	0.025733
-1.923	0.0254168
-1.922	0.0251
-1.921	0.0247832
-1.92	0.0244667
-1.919	0.0241511
-1.918	0.0238368
-1.917	0.0235243
-1.916	0.023214
-1.915	0.0229063
-1.914	0.0226018
-1.913	0.0223009
-1.912	0.0220039
-1.911	0.0217114
-1.91	0.0214237
-1.909	0.0211414
-1.908	0.0208646
-1.907	0.0205941
-1.906	0.0203301
-1.905	0.0200729
-1.904	0.019823
-1.903	0.0195809
-1.902	0.0193467
-1.901	0.0191209
-1.9	0.0189038
-1.899	0.0186958
-1.898	0.0184971
-1.897	0.0183081
-1.896	0.0181291
-1.895	0.0179603
-1.894	0.017802
-1.893	0.0176545
-1.892	0.0175181
-1.891	0.0173928
-1.89	0.0172789
-1.889	0.0171767
-1.888	0.0170864
-1.887	0.017008
-1.886	0.0169417
-1.885	0.0168877
-1.884	0.016846
-1.883	0.0168168
-1.882	0.0168002
-1.881	0.0167962
-1.88	0.0168049
-1.879	0.0168263
-1.878	0.0168604
-1.877	0.0169073
-1.876	0.0169669
-1.875	0.0170391
-1.874	0.0171241
-1.873	0.0172215
-1.872	0.0173314
-1.871	0.0174538
-1.87	0.0175884
-1.869	0.0177351
-1.868	0.0178939
-1.867	0.0180645
-1.866	0.0182466
-1.865	0.0184403
-1.864	0.0186452
-1.863	0.0188612
-1.862	0.019088
-1.861	0.0193252
-1.86	0.0195728
-1.859	0.0198303
-1.858	0.0200976
-1.857	0.0203742
-1.856	0.02066
-1.855	0.0209544
-1.854	0.0212573
-1.853	0.0215683
-1.852	0.0218868
-1.851	0.0222128
-1.85	0.0225457
-1.849	0.0228852
-1.848	0.0232307
-1.847	0.0235821
-1.846	0.0239387
-1.845	0.0243003
-1.844	0.0246663
-1.843	0.0250364
-1.842	0.0254102
-1.841	0.025787
-1.84	0.0261666
-1.839	0.0265484
-1.838	0.026932
-1.837	0.027317
-1.836	0.0277029
-1.835	0.0280892
-1.834	0.0284755
-1.833	0.0288613
-1.832	0.0292461
-1.831	0.0296295
-1.83	0.030011
-1.829	0.0303903
-1.828	0.0307668
-1.827	0.03114
-1.826	0.0315097
-1.825	0.0318751
-1.824	0.0322361
-1.823	0.0325921
-1.822	0.0329428
-1.821	0.0332876
-1.82	0.0336262
-1.819	0.0339583
-1.818	0.0342835
-1.817	0.0346012
-1.816	0.0349112
-1.815	0.0352132
-1.814	0.0355067
-1.813	0.0357915
-1.812	0.0360672
-1.811	0.0363334
-1.81	0.0365899
-1.809	0.0368365
-1.808	0.0370728
-1.807	0.0372986
-1.806	0.0375136
-1.805	0.0377176
-1.804	0.0379103
-1.803	0.0380917
-1.802	0.0382614
-1.801	0.0384193
-1.8	0.0385653
-1.799	0.0386991
-1.798	0.0388208
-1.797	0.0389302
-1.796	0.0390272
-1.795	0.0391116
-1.794	0.0391835
-1.793	0.0392428
-1.792	0.0392895
-1.791	0.0393236
-1.79	0.0393451
-1.789	0.0393539
-1.788	0.0393502
-1.787	0.039334
-1.786	0.0393053
-1.785	0.0392643
-1.784	0.0392111
-1.783	0.0391457
-1.782	0.0390684
-1.781	0.0389792
-1.78	0.0388785
-1.779	0.0387662
-1.778	0.0386427
-1.777	0.0385081
-1.776	0.0383627
-1.775	0.0382068
-1.774	0.0380405
-1.773	0.0378642
-1.772	0.0376782
-1.771	0.0374827
-1.77	0.037278
-1.769	0.0370645
-1.768	0.0368425
-1.767	0.0366123
-1.766	0.0363744
-1.765	0.036129
-1.764	0.0358767
-1.763	0.0356177
-1.762	0.0353523
-1.761	0.0350812
-1.76	0.0348046
-1.759	0.0345229
-1.758	0.0342367
-1.757	0.0339463
-1.756	0.0336521
-1.755	0.0333547
-1.754	0.0330544
-1.753	0.0327517
-1.752	0.0324471
-1.751	0.032141
-1.75	0.0318339
-1.749	0.0315262
-1.748	0.0312183
-1.747	0.0309108
-1.746	0.0306042
-1.745	0.0302988
-1.744	0.0299952
-1.743	0.0296937
-1.742	0.0293949
-1.741	0.0290991
-1.74	0.028807
-1.739	0.0285188
-1.738	0.028235
-1.737	0.027956
-1.736	0.0276823
-1.735	0.0274143
-1.734	0.0271524
-1.733	0.026897
-1.732	0.0266484
-1.731	0.0264072
-1.73	0.0261736
-1.729	0.025948
-1.728	0.0257307
-1.727	0.0255222
-1.726	0.0253227
-1.725	0.0251325
-1.724	0.024952
-1.723	0.0247815
-1.722	0.0246214
-1.721	0.0244716
-1.72	0.0243326
-1.719	0.0242046
-1.718	0.0240879
-1.717	0.0239826
-1.716	0.023889
-1.715	0.0238072
-1.714	0.0237373
-1.713	0.0236797
-1.712	0.0236343
-1.711	0.0236013
-1.71	0.0235808
-1.709	0.0235729
-1.708	0.0235777
-1.707	0.0235951
-1.706	0.0236253
-1.705	0.0236683
-1.704	0.023724
-1.703	0.0237924
-1.702	0.0238736
-1.701	0.0239675
-1.7	0.0240739
-1.699	0.0241929
-1.698	0.0243243
-1.697	0.024468
-1.696	0.024624
-1.695	0.0247919
-1.694	0.0249718
-1.693	0.0251633
-1.692	0.0253664
-1.691	0.0255807
-1.69	0.0258062
-1.689	0.0260425
-1.688	0.0262894
-1.687	0.0265466
-1.686	0.0268138
-1.685	0.0270908
-1.684	0.0273773
-1.683	0.0276729
-1.682	0.0279773
-1.681	0.0282902
-1.68	0.0286113
-1.679	0.0289399
-1.678	0.0292761
-1.677	0.0296193
-1.676	0.0299691
-1.675	0.0303251
-1.674	0.0306869
-1.673	0.0310541
-1.672	0.0314263
-1.671	0.031803
-1.67	0.0321837
-1.669	0.0325683
-1.668	0.032956
-1.667	0.0333464
-1.666	0.0337393
-1.665	0.0341339
-1.664	0.03453
-1.663	0.034927
-1.662	0.0353245
-1.661	0.0357221
-1.66	0.0361193
-1.659	0.0365155
-1.658	0.0369103
-1.657	0.0373034
-1.656	0.0376943
-1.655	0.0380824
-1.654	0.0384673
-1.653	0.0388487
-1.652	0.039226
-1.651	0.0395987
-1.65	0.0399667
-1.649	0.0403293
-1.648	0.0406861
-1.647	0.0410367
-1.646	0.0413809
-1.645	0.0417182
-1.644	0.042048
-1.643	0.0423702
-1.642	0.0426844
-1.641	0.0429901
-1.64	0.0432872
-1.639	0.0435753
-1.638	0.0438539
-1.637	0.0441228
-1.636	0.0443818
-1.635	0.0446305
-1.634	0.0448688
-1.633	0.0450962
-1.632	0.0453127
-1.631	0.045518
-1.63	0.0457119
-1.629	0.0458942
-1.628	0.0460646
-1.627	0.0462233
-1.626	0.0463697
-1.625	0.0465039
-1.624	0.0466259
-1.623	0.0467355
-1.622	0.0468325
-1.621	0.046917
-1.62	0.0469889
-1.619	0.0470482
-1.618	0.0470949
-1.617	0.0471289
-1.616	0.0471503
-1.615	0.0471592
-1.614	0.0471555
-1.613	0.0471394
-1.612	0.047111
-1.611	0.0470702
-1.61	0.0470174
-1.609	0.0469526
-1.608	0.0468759
-1.607	0.0467876
-1.606	0.0466878
-1.605	0.0465766
-1.604	0.0464544
-1.603	0.0463214
-1.602	0.0461777
-1.601	0.0460238
-1.6	0.0458597
-1.599	0.0456859
-1.598	0.0455026
-1.597	0.0453101
-1.596	0.0451088
-1.595	0.0448989
-1.594	0.0446808
-1.593	0.044455
-1.592	0.0442218
-1.591	0.0439813
-1.59	0.0437342
-1.589	0.0434808
-1.588	0.0432215
-1.587	0.0429568
-1.586	0.0426871
-1.585	0.0424126
-1.584	0.0421339
-1.583	0.0418515
-1.582	0.0415657
-1.581	0.041277
-1.58	0.0409859
-1.579	0.0406929
-1.578	0.0403985
-1.577	0.0401028
-1.576	0.0398066
-1.575	0.0395103
-1.574	0.0392142
-1.573	0.0389191
-1.572	0.0386251
-1.571	0.0383328
-1.57	0.0380427
-1.569	0.0377551
-1.568	0.0374708
-1.567	0.0371898
-1.566	0.0369128
-1.565	0.0366403
-1.564	0.0363725
-1.563	0.03611
-1.562	0.0358532
-1.561	0.0356024
-1.56	0.0353581
-1.559	0.0351207
-1.558	0.0348906
-1.557	0.0346681
-1.556	0.0344536
-1.555	0.0342475
-1.554	0.03405
-1.553	0.0338617
-1.552	0.0336826
-1.551	0.0335132
-1.55	0.0333538
-1.549	0.0332046
-1.548	0.033066
-1.547	0.032938
-1.546	0.0328212
-1.545	0.0327156
-1.544	0.0326215
-1.543	0.0325391
-1.542	0.0324684
-1.541	0.0324097
-1.54	0.0323634
-1.539	0.0323292
-1.538	0.0323074
-1.537	0.0322982
-1.536	0.0323016
-1.535	0.0323177
-1.534	0.0323466
-1.533	0.0323881
-1.532	0.0324425
-1.531	0.0325097
-1.53	0.0325897
-1.529	0.0326824
-1.528	0.0327878
-1.527	0.0329059
-1.526	0.0330366
-1.525	0.0331797
-1.524	0.0333352
-1.523	0.0335029
-1.522	0.0336828
-1.521	0.0338744
-1.52	0.034078
-1.519	0.034293
-1.518	0.0345194
-1.517	0.034757
-1.516	0.0350054
-1.515	0.0352645
-1.514	0.035534
-1.513	0.0358136
-1.512	0.036103
-1.511	0.036402
-1.51	0.0367101
-1.509	0.0370272
-1.508	0.0373527
-1.507	0.0376864
-1.506	0.038028
-1.505	0.0383769
-1.504	0.0387331
-1.503	0.0390958
-1.502	0.0394648
-1.501	0.0398397
-1.5	0.0402199
-1.499	0.0406054
-1.498	0.0409954
-1.497	0.0413896
-1.496	0.0417875
-1.495	0.0421887
-1.494	0.0425928
-1.493	0.0429992
-1.492	0.0434075
-1.491	0.0438174
-1.49	0.0442282
-1.489	0.0446397
-1.488	0.0450512
-1.487	0.0454623
-1.486	0.0458726
-1.485	0.0462816
-1.484	0.0466888
-1.483	0.0470938
-1.482	0.0474962
-1.481	0.0478955
-1.48	0.0482912
-1.479	0.048683
-1.478	0.0490704
-1.477	0.0494527
-1.476	0.04983
-1.475	0.0502016
-1.474	0.050567
-1.473	0.0509259
-1.472	0.0512779
-1.471	0.0516227
-1.47	0.0519597
-1.469	0.0522888
-1.468	0.0526096
-1.467	0.0529217
-1.466	0.0532248
-1.465	0.0535184
-1.464	0.0538025
-1.463	0.0540766
-1.462	0.0543404
-1.461	0.054594
-1.46	0.0548368
-1.459	0.0550684
-1.458	0.055289
-1.457	0.0554982
-1.456	0.0556958
-1.455	0.0558817
-1.454	0.0560555
-1.453	0.0562174
-1.452	0.0563671
-1.451	0.0565044
-1.45	0.0566294
-1.449	0.0567418
-1.448	0.0568417
-1.447	0.0569291
-1.446	0.0570038
-1.445	0.0570659
-1.444	0.0571154
-1.443	0.0571523
-1.442	0.0571765
-1.441	0.0571883
-1.44	0.0571876
-1.439	0.0571746
-1.438	0.0571493
-1.437	0.0571118
-1.436	0.0570625
-1.435	0.0570011
-1.434	0.0569282
-1.433	0.0568437
-1.432	0.0567479
-1.431	0.056641
-1.43	0.0565234
-1.429	0.0563951
-1.428	0.0562563
-1.427	0.0561076
-1.426	0.055949
-1.425	0.0557809
-1.424	0.0556035
-1.423	0.0554173
-1.422	0.0552227
-1.421	0.0550197
-1.42	0.0548089
-1.419	0.0545908
-1.418	0.0543654
-1.417	0.0541333
-1.416	0.053895
-1.415	0.0536507
-1.414	0.0534008
-1.413	0.053146
-1.412	0.0528865
-1.411	0.0526227
-1.41	0.0523551
-1.409	0.0520842
-1.408	0.0518104
-1.407	0.0515341
-1.406	0.0512559
-1.405	0.0509761
-1.404	0.0506952
-1.403	0.0504136
-1.402	0.0501319
-1.401	0.0498506
-1.4	0.04957
-1.399	0.0492907
-1.398	0.049013
-1.397	0.0487375
-1.396	0.0484645
-1.395	0.0481947
-1.394	0.0479283
-1.393	0.0476657
-1.392	0.0474078
-1.391	0.0471546
-1.39	0.0469065
-1.389	0.0466641
-1.388	0.046428
-1.387	0.046198
-1.386	0.0459751
-1.385	0.0457594
-1.384	0.0455513
-1.383	0.0453512
-1.382	0.0451596
-1.381	0.0449766
-1.38	0.0448026
-1.379	0.044638
-1.378	0.0444831
-1.377	0.0443383
-1.376	0.0442036
-1.375	0.0440794
-1.374	0.043966
-1.373	0.0438637
-1.372	0.0437727
-1.371	0.043693
-1.37	0.0436252
-1.369	0.0435691
-1.368	0.0435251
-1.367	0.0434932
-1.366	0.0434737
-1.365	0.0434667
-1.364	0.0434721
-1.363	0.0434903
-1.362	0.0435212
-1.361	0.0435647
-1.36	0.0436212
-1.359	0.0436904
-1.358	0.0437724
-1.357	0.0438674
-1.356	0.0439751
-1.355	0.0440956
-1.354	0.0442286
-1.353	0.0443744
-1.352	0.0445327
-1.351	0.0447033
-1.35	0.0448862
-1.349	0.0450812
-1.348	0.0452883
-1.347	0.0455071
-1.346	0.0457376
-1.345	0.0459794
-1.344	0.0462325
-1.343	0.0464966
-1.342	0.0467713
-1.341	0.0470565
-1.34	0.0473517
-1.339	0.047657
-1.338	0.0479717
-1.337	0.0482958
-1.336	0.0486287
-1.335	0.0489704
-1.334	0.0493201
-1.333	0.0496777
-1.332	0.050043
-1.331	0.0504153
-1.33	0.0507944
-1.329	0.0511797
-1.328	0.051571
-1.327	0.0519679
-1.326	0.0523699
-1.325	0.0527764
-1.324	0.0531872
-1.323	0.053602
-1.322	0.0540199
-1.321	0.0544408
-1.32	0.0548642
-1.319	0.0552894
-1.318	0.0557164
-1.317	0.0561444
-1.316	0.0565729
-1.315	0.0570016
-1.314	0.0574302
-1.313	0.0578577
-1.312	0.058284
-1.311	0.0587089
-1.31	0.0591314
-1.309	0.0595514
-1.308	0.0599684
-1.307	0.0603818
-1.306	0.0607913
-1.305	0.0611963
-1.304	0.0615967
-1.303	0.0619918
-1.302	0.0623813
-1.301	0.0627646
-1.3	0.0631417
-1.299	0.0635118
-1.298	0.0638747
-1.297	0.06423
-1.296	0.0645774
-1.295	0.0649165
-1.294	0.0652468
-1.293	0.0655684
-1.292	0.0658805
-1.291	0.066183
-1.29	0.0664757
-1.289	0.0667582
-1.288	0.0670302
-1.287	0.0672915
-1.286	0.0675419
-1.285	0.0677811
-1.284	0.0680089
-1.283	0.0682252
-1.282	0.0684299
-1.281	0.0686226
-1.28	0.0688032
-1.279	0.0689719
-1.278	0.0691281
-1.277	0.0692719
-1.276	0.0694034
-1.275	0.0695222
-1.274	0.0696285
-1.273	0.0697224
-1.272	0.0698033
-1.271	0.0698717
-1.27	0.0699277
-1.269	0.069971
-1.268	0.0700018
-1.267	0.0700201
-1.266	0.0700261
-1.265	0.07002
-1.264	0.0700015
-1.263	0.0699711
-1.262	0.069929
-1.261	0.0698751
-1.26	0.0698097
-1.259	0.069733
-1.258	0.0696453
-1.257	0.0695466
-1.256	0.0694373
-1.255	0.0693178
-1.254	0.069188
-1.253	0.0690485
-1.252	0.0688995
-1.251	0.0687412
-1.25	0.068574
-1.249	0.0683984
-1.248	0.0682145
-1.247	0.0680227
-1.246	0.0678234
-1.245	0.0676171
-1.244	0.0674041
-1.243	0.0671847
-1.242	0.0669594
-1.241	0.0667285
-1.24	0.0664926
-1.239	0.066252
-1.238	0.0660072
-1.237	0.0657585
-1.236	0.0655065
-1.235	0.0652515
-1.234	0.0649942
-1.233	0.0647348
-1.232	0.0644739
-1.231	0.0642118
-1.23	0.0639491
-1.229	0.0636863
-1.228	0.0634238
-1.227	0.063162
-1.226	0.0629014
-1.225	0.0626425
-1.224	0.0623858
-1.223	0.0621315
-1.222	0.0618804
-1.221	0.0616328
-1.22	0.0613891
-1.219	0.0611498
-1.218	0.0609153
-1.217	0.060686
-1.216	0.0604625
-1.215	0.0602447
-1.214	0.0600337
-1.213	0.0598296
-1.212	0.0596326
-1.211	0.0594435
-1.21	0.0592621
-1.209	0.0590892
-1.208	0.0589248
-1.207	0.0587696
-1.206	0.0586238
-1.205	0.0584876
-1.204	0.0583616
-1.203	0.0582457
-1.202	0.0581404
-1.201	0.0580458
-1.2	0.0579623
-1.199	0.0578901
-1.198	0.0578294
-1.197	0.0577803
-1.196	0.0577433
-1.195	0.0577182
-1.194	0.0577053
-1.193	0.0577047
-1.192	0.0577167
-1.191	0.0577414
-1.19	0.0577785
-1.189	0.0578286
-1.188	0.0578911
-1.187	0.0579667
-1.186	0.0580551
-1.185	0.0581564
-1.184	0.0582705
-1.183	0.0583975
-1.182	0.0585373
-1.181	0.0586897
-1.18	0.0588549
-1.179	0.0590327
-1.178	0.0592229
-1.177	0.0594253
-1.176	0.0596399
-1.175	0.0598666
-1.174	0.0601052
-1.173	0.0603553
-1.172	0.0606169
-1.171	0.0608899
-1.17	0.0611737
-1.169	0.0614684
-1.168	0.0617735
-1.167	0.0620888
-1.166	0.062414
-1.165	0.062749
-1.164	0.0630932
-1.163	0.0634465
-1.162	0.0638082
-1.161	0.0641783
-1.16	0.0645565
-1.159	0.0649422
-1.158	0.065335
-1.157	0.0657347
-1.156	0.0661407
-1.155	0.0665527
-1.154	0.0669704
-1.153	0.067393
-1.152	0.0678205
-1.151	0.0682524
-1.15	0.068688
-1.149	0.069127
-1.148	0.069569
-1.147	0.0700136
-1.146	0.0704601
-1.145	0.0709082
-1.144	0.0713577
-1.143	0.0718076
-1.142	0.0722578
-1.141	0.0727077
-1.14	0.073157
-1.139	0.0736051
-1.138	0.0740516
-1.137	0.0744959
-1.136	0.0749378
-1.135	0.0753766
-1.134	0.0758119
-1.133	0.0762436
-1.132	0.0766707
-1.131	0.077093
-1.13	0.0775105
-1.129	0.0779223
-1.128	0.0783279
-1.127	0.0787272
-1.126	0.0791198
-1.125	0.0795051
-1.124	0.0798829
-1.123	0.0802529
-1.122	0.0806145
-1.121	0.0809677
-1.12	0.0813118
-1.119	0.0816466
-1.118	0.0819719
-1.117	0.0822874
-1.116	0.0825929
-1.115	0.0828878
-1.114	0.0831722
-1.113	0.0834456
-1.112	0.0837081
-1.111	0.083959
-1.11	0.0841985
-1.109	0.0844263
-1.108	0.0846421
-1.107	0.0848462
-1.106	0.0850381
-1.105	0.0852177
-1.104	0.0853847
-1.103	0.0855396
-1.102	0.085682
-1.101	0.0858118
-1.1	0.0859291
-1.099	0.0860336
-1.098	0.0861258
-1.097	0.086205
-1.096	0.0862721
-1.095	0.0863267
-1.094	0.0863687
-1.093	0.0863984
-1.092	0.0864159
-1.091	0.0864214
-1.09	0.0864148
-1.089	0.0863964
-1.088	0.0863663
-1.087	0.0863247
-1.086	0.0862718
-1.085	0.086208
-1.084	0.0861331
-1.083	0.0860478
-1.082	0.0859521
-1.081	0.0858465
-1.08	0.0857308
-1.079	0.0856057
-1.078	0.0854715
-1.077	0.0853283
-1.076	0.0851767
-1.075	0.0850167
-1.074	0.0848491
-1.073	0.0846738
-1.072	0.0844915
-1.071	0.0843024
-1.07	0.0841071
-1.069	0.0839058
-1.068	0.0836991
-1.067	0.0834872
-1.066	0.0832705
-1.065	0.0830499
-1.064	0.0828252
-1.063	0.0825973
-1.062	0.0823664
-1.061	0.0821331
-1.06	0.0818979
-1.059	0.0816611
-1.058	0.0814231
-1.057	0.0811844
-1.056	0.0809457
-1.055	0.0807073
-1.054	0.0804696
-1.053	0.080233
-1.052	0.0799982
-1.051	0.0797655
-1.05	0.0795355
-1.049	0.0793085
-1.048	0.0790849
-1.047	0.0788654
-1.046	0.0786502
-1.045	0.0784399
-1.044	0.0782346
-1.043	0.0780352
-1.042	0.0778417
-1.041	0.0776547
-1.04	0.0774747
-1.039	0.0773019
-1.038	0.0771367
-1.037	0.0769797
-1.036	0.0768309
-1.035	0.0766907
-1.034	0.0765599
-1.033	0.0764382
-1.032	0.0763264
-1.031	0.0762245
-1.03	0.0761329
-1.029	0.0760517
-1.028	0.0759815
-1.027	0.0759223
-1.026	0.0758744
-1.025	0.0758381
-1.024	0.0758134
-1.023	0.0758007
-1.022	0.0758
-1.021	0.0758116
-1.02	0.0758353
-1.019	0.0758718
-1.018	0.0759208
-1.017	0.0759826
-1.016	0.0760571
-1.015	0.0761444
-1.014	0.0762446
-1.013	0.0763576
-1.012	0.0764837
-1.011	0.0766225
-1.01	0.0767741
-1.009	0.0769386
-1.008	0.0771162
-1.007	0.0773061
-1.006	0.0775087
-1.005	0.0777237
-1.004	0.0779512
-1.003	0.0781909
-1.002	0.0784425
-1.001	0.0787063
-1	0.0789816
-0.999	0.0792685
-0.998	0.0795667
-0.997	0.0798758
-0.996	0.0801958
-0.995	0.0805264
-0.994	0.0808673
-0.993	0.0812181
-0.992	0.0815786
-0.991	0.0819484
-0.99	0.0823274
-0.989	0.0827149
-0.988	0.0831108
-0.987	0.0835148
-0.986	0.0839265
-0.985	0.0843451
-0.984	0.0847709
-0.983	0.0852031
-0.982	0.0856411
-0.981	0.0860853
-0.98	0.0865341
-0.979	0.0869881
-0.978	0.0874463
-0.977	0.0879085
-0.976	0.0883742
-0.975	0.0888427
-0.974	0.0893139
-0.973	0.0897873
-0.972	0.0902624
-0.971	0.0907386
-0.97	0.0912155
-0.969	0.0916928
-0.968	0.0921698
-0.967	0.0926461
-0.966	0.0931216
-0.965	0.0935953
-0.964	0.0940671
-0.963	0.0945362
-0.962	0.0950026
-0.961	0.0954657
-0.96	0.0959248
-0.959	0.0963798
-0.958	0.0968299
-0.957	0.0972751
-0.956	0.0977147
-0.955	0.0981485
-0.954	0.0985759
-0.953	0.0989964
-0.952	0.0994099
-0.951	0.0998158
-0.95	0.100214
-0.949	0.100604
-0.948	0.100986
-0.947	0.101358
-0.946	0.101722
-0.945	0.102076
-0.944	0.10242
-0.943	0.102754
-0.942	0.103078
-0.941	0.103391
-0.94	0.103693
-0.939	0.103984
-0.938	0.104264
-0.937	0.104533
-0.936	0.10479
-0.935	0.105035
-0.934	0.105268
-0.933	0.105489
-0.932	0.105698
-0.931	0.105895
-0.93	0.106079
-0.929	0.106251
-0.928	0.10641
-0.927	0.106557
-0.926	0.106691
-0.925	0.106812
-0.924	0.106922
-0.923	0.107018
-0.922	0.107102
-0.921	0.107174
-0.92	0.107234
-0.919	0.107281
-0.918	0.107316
-0.917	0.10734
-0.916	0.107351
-0.915	0.107351
-0.914	0.10734
-0.913	0.107317
-0.912	0.107283
-0.911	0.107238
-0.91	0.107183
-0.909	0.107118
-0.908	0.107042
-0.907	0.106957
-0.906	0.106862
-0.905	0.106758
-0.904	0.106645
-0.903	0.106523
-0.902	0.106394
-0.901	0.106256
-0.9	0.106112
-0.899	0.10596
-0.898	0.105801
-0.897	0.105636
-0.896	0.105465
-0.895	0.105289
-0.894	0.105108
-0.893	0.104922
-0.892	0.104731
-0.891	0.104537
-0.89	0.10434
-0.889	0.10414
-0.888	0.103937
-0.887	0.103732
-0.886	0.103526
-0.885	0.103318
-0.884	0.10311
-0.883	0.102902
-0.882	0.102695
-0.881	0.102488
-0.88	0.102282
-0.879	0.102078
-0.878	0.101876
-0.877	0.101677
-0.876	0.10148
-0.875	0.101288
-0.874	0.101099
-0.873	0.100914
-0.872	0.100735
-0.871	0.100561
-0.87	0.100392
-0.869	0.100229
-0.868	0.100073
-0.867	0.0999239
-0.866	0.0997821
-0.865	0.099648
-0.864	0.0995217
-0.863	0.099404
-0.862	0.0992949
-0.861	0.0991949
-0.86	0.0991044
-0.859	0.0990235
-0.858	0.0989528
-0.857	0.098892
-0.856	0.0988421
-0.855	0.098803
-0.854	0.0987749
-0.853	0.0987582
-0.852	0.098753
-0.851	0.0987595
-0.85	0.0987782
-0.849	0.0988088
-0.848	0.0988513
-0.847	0.0989068
-0.846	0.0989744
-0.845	0.0990549
-0.844	0.099148
-0.843	0.0992539
-0.842	0.0993729
-0.841	0.0995045
-0.84	0.0996492
-0.839	0.0998066
-0.838	0.0999773
-0.837	0.100161
-0.836	0.100357
-0.835	0.100566
-0.834	0.100788
-0.833	0.101022
-0.832	0.101269
-0.831	0.101529
-0.83	0.1018
-0.829	0.102084
-0.828	0.10238
-0.827	0.102688
-0.826	0.103006
-0.825	0.103337
-0.824	0.103678
-0.823	0.104031
-0.822	0.104394
-0.821	0.104767
-0.82	0.105151
-0.819	0.105544
-0.818	0.105946
-0.817	0.106358
-0.816	0.106778
-0.815	0.107207
-0.814	0.107644
-0.813	0.108088
-0.812	0.10854
-0.811	0.108999
-0.81	0.109465
-0.809	0.109936
-0.808	0.110413
-0.807	0.110896
-0.806	0.111383
-0.805	0.111875
-0.804	0.11237
-0.803	0.11287
-0.802	0.113372
-0.801	0.113877
-0.8	0.114385
-0.799	0.114894
-0.798	0.115404
-0.797	0.115915
-0.796	0.116427
-0.795	0.116938
-0.794	0.117449
-0.793	0.117959
-0.792	0.118467
-0.791	0.118973
-0.79	0.119477
-0.789	0.119978
-0.788	0.120476
-0.787	0.120971
-0.786	0.121461
-0.785	0.121946
-0.784	0.122426
-0.783	0.122901
-0.782	0.12337
-0.781	0.123833
-0.78	0.124289
-0.779	0.124738
-0.778	0.12518
-0.777	0.125614
-0.776	0.12604
-0.775	0.126458
-0.774	0.126866
-0.773	0.127265
-0.772	0.127655
-0.771	0.128036
-0.77	0.128406
-0.769	0.128766
-0.768	0.129116
-0.767	0.129455
-0.766	0.129783
-0.765	0.130099
-0.764	0.130404
-0.763	0.130698
-0.762	0.13098
-0.761	0.131251
-0.76	0.131508
-0.759	0.131754
-0.758	0.131988
-0.757	0.132209
-0.756	0.132418
-0.755	0.132615
-0.754	0.132799
-0.753	0.132971
-0.752	0.133129
-0.751	0.133276
-0.75	0.13341
-0.749	0.133532
-0.748	0.133642
-0.747	0.133739
-0.746	0.133824
-0.745	0.133897
-0.744	0.133958
-0.743	0.134008
-0.742	0.134046
-0.741	0.134072
-0.74	0.134087
-0.739	0.134092
-0.738	0.134085
-0.737	0.134068
-0.736	0.134041
-0.735	0.134003
-0.734	0.133956
-0.733	0.133899
-0.732	0.133834
-0.731	0.133759
-0.73	0.133676
-0.729	0.133585
-0.728	0.133486
-0.727	0.13338
-0.726	0.133267
-0.725	0.133146
-0.724	0.13302
-0.723	0.132888
-0.722	0.13275
-0.721	0.132607
-0.72	0.13246
-0.719	0.132309
-0.718	0.132153
-0.717	0.131994
-0.716	0.131833
-0.715	0.131669
-0.714	0.131503
-0.713	0.131336
-0.712	0.131167
-0.711	0.130998
-0.71	0.130829
-0.709	0.13066
-0.708	0.130492
-0.707	0.130325
-0.706	0.13016
-0.705	0.129997
-0.704	0.129837
-0.703	0.12968
-0.702	0.129526
-0.701	0.129377
-0.7	0.129231
-0.699	0.129091
-0.698	0.128956
-0.697	0.128827
-0.696	0.128703
-0.695	0.128586
-0.694	0.128477
-0.693	0.128374
-0.692	0.128279
-0.691	0.128192
-0.69	0.128114
-0.689	0.128044
-0.688	0.127984
-0.687	0.127933
-0.686	0.127891
-0.685	0.12786
-0.684	0.127839
-0.683	0.127829
-0.682	0.127829
-0.681	0.127841
-0.68	0.127864
-0.679	0.127899
-0.678	0.127945
-0.677	0.128004
-0.676	0.128074
-0.675	0.128157
-0.674	0.128252
-0.673	0.12836
-0.672	0.12848
-0.671	0.128614
-0.67	0.12876
-0.669	0.128919
-0.668	0.129091
-0.667	0.129276
-0.666	0.129474
-0.665	0.129685
-0.664	0.129909
-0.663	0.130146
-0.662	0.130395
-0.661	0.130658
-0.66	0.130933
-0.659	0.131221
-0.658	0.131521
-0.657	0.131834
-0.656	0.132158
-0.655	0.132495
-0.654	0.132844
-0.653	0.133204
-0.652	0.133576
-0.651	0.133958
-0.65	0.134352
-0.649	0.134757
-0.648	0.135171
-0.647	0.135596
-0.646	0.136031
-0.645	0.136475
-0.644	0.136929
-0.643	0.137391
-0.642	0.137862
-0.641	0.138341
-0.64	0.138828
-0.639	0.139322
-0.638	0.139823
-0.637	0.14033
-0.636	0.140844
-0.635	0.141364
-0.634	0.141889
-0.633	0.142419
-0.632	0.142954
-0.631	0.143493
-0.63	0.144035
-0.629	0.144581
-0.628	0.145129
-0.627	0.145679
-0.626	0.146232
-0.625	0.146785
-0.624	0.14734
-0.623	0.147895
-0.622	0.14845
-0.621	0.149005
-0.62	0.149559
-0.619	0.150111
-0.618	0.150661
-0.617	0.15121
-0.616	0.151755
-0.615	0.152297
-0.614	0.152836
-0.613	0.15337
-0.612	0.1539
-0.611	0.154425
-0.61	0.154945
-0.609	0.155459
-0.608	0.155967
-0.607	0.156468
-0.606	0.156962
-0.605	0.157449
-0.604	0.157929
-0.603	0.1584
-0.602	0.158863
-0.601	0.159317
-0.6	0.159763
-0.599	0.160198
-0.598	0.160625
-0.597	0.161041
-0.596	0.161447
-0.595	0.161843
-0.594	0.162228
-0.593	0.162602
-0.592	0.162965
-0.591	0.163317
-0.59	0.163658
-0.589	0.163986
-0.588	0.164303
-0.587	0.164608
-0.586	0.164901
-0.585	0.165182
-0.584	0.16545
-0.583	0.165706
-0.582	0.16595
-0.581	0.166181
-0.58	0.1664
-0.579	0.166606
-0.578	0.166801
-0.577	0.166982
-0.576	0.167152
-0.575	0.167309
-0.574	0.167454
-0.573	0.167587
-0.572	0.167708
-0.571	0.167817
-0.57	0.167915
-0.569	0.168001
-0.568	0.168075
-0.567	0.168139
-0.566	0.168191
-0.565	0.168233
-0.564	0.168264
-0.563	0.168285
-0.562	0.168297
-0.561	0.168298
-0.56	0.16829
-0.559	0.168273
-0.558	0.168247
-0.557	0.168213
-0.556	0.16817
-0.555	0.16812
-0.554	0.168062
-0.553	0.167998
-0.552	0.167927
-0.551	0.16785
-0.55	0.167766
-0.549	0.167678
-0.548	0.167584
-0.547	0.167486
-0.546	0.167383
-0.545	0.167277
-0.544	0.167167
-0.543	0.167055
-0.542	0.166941
-0.541	0.166824
-0.54	0.166706
-0.539	0.166587
-0.538	0.166467
-0.537	0.166347
-0.536	0.166229
-0.535	0.16611
-0.534	0.165992
-0.533	0.165877
-0.532	0.165764
-0.531	0.165653
-0.53	0.165546
-0.529	0.165442
-0.528	0.165342
-0.527	0.165246
-0.526	0.165156
-0.525	0.16507
-0.524	0.164991
-0.523	0.164918
-0.522	0.164851
-0.521	0.164791
-0.52	0.164738
-0.519	0.164694
-0.518	0.164657
-0.517	0.164629
-0.516	0.164609
-0.515	0.164599
-0.514	0.164598
-0.513	0.164607
-0.512	0.164627
-0.511	0.164656
-0.51	0.164696
-0.509	0.164747
-0.508	0.164809
-0.507	0.164883
-0.506	0.164968
-0.505	0.165066
-0.504	0.165175
-0.503	0.165296
-0.502	0.16543
-0.501	0.165576
-0.5	0.165735
-0.499	0.165907
-0.498	0.166091
-0.497	0.166289
-0.496	0.166499
-0.495	0.166722
-0.494	0.166958
-0.493	0.167208
-0.492	0.167471
-0.491	0.167746
-0.49	0.168035
-0.489	0.168336
-0.488	0.168651
-0.487	0.168978
-0.486	0.169318
-0.485	0.16967
-0.484	0.170035
-0.483	0.170412
-0.482	0.170801
-0.481	0.171202
-0.48	0.171615
-0.479	0.172039
-0.478	0.172475
-0.477	0.172921
-0.476	0.173379
-0.475	0.173847
-0.474	0.174325
-0.473	0.174813
-0.472	0.17531
-0.471	0.175817
-0.47	0.176333
-0.469	0.176857
-0.468	0.17739
-0.467	0.17793
-0.466	0.178478
-0.465	0.179033
-0.464	0.179595
-0.463	0.180163
-0.462	0.180738
-0.461	0.181317
-0.46	0.181902
-0.459	0.182491
-0.458	0.183085
-0.457	0.183682
-0.456	0.184282
-0.455	0.184885
-0.454	0.185491
-0.453	0.186099
-0.452	0.186708
-0.451	0.187318
-0.45	0.187929
-0.449	0.188539
-0.448	0.18915
-0.447	0.18976
-0.446	0.190368
-0.445	0.190975
-0.444	0.191579
-0.443	0.192181
-0.442	0.19278
-0.441	0.193375
-0.44	0.193966
-0.439	0.194553
-0.438	0.195134
-0.437	0.195712
-0.436	0.196283
-0.435	0.196848
-0.434	0.197407
-0.433	0.197958
-0.432	0.198503
-0.431	0.19904
-0.43	0.199569
-0.429	0.20009
-0.428	0.200602
-0.427	0.201105
-0.426	0.201599
-0.425	0.202084
-0.424	0.202559
-0.423	0.203024
-0.422	0.203478
-0.421	0.203922
-0.42	0.204355
-0.419	0.204777
-0.418	0.205188
-0.417	0.205587
-0.416	0.205975
-0.415	0.206351
-0.414	0.206746
-0.413	0.207192
-0.412	0.20769
-0.411	0.208241
-0.41	0.208844
-0.409	0.209499
-0.408	0.210209
-0.407	0.210973
-0.406	0.211791
-0.405	0.212663
-0.404	0.21359
-0.403	0.214571
-0.402	0.215608
-0.401	0.2167
-0.4	0.217847
-0.399	0.219049
-0.398	0.220307
-0.397	0.221621
-0.396	0.222989
-0.395	0.224413
-0.394	0.225891
-0.393	0.227425
-0.392	0.229013
-0.391	0.230656
-0.39	0.232352
-0.389	0.234103
-0.388	0.235908
-0.387	0.237766
-0.386	0.239675
-0.385	0.241638
-0.384	0.243652
-0.383	0.245718
-0.382	0.247835
-0.381	0.250002
-0.38	0.252218
-0.379	0.254484
-0.378	0.256797
-0.377	0.259159
-0.376	0.261567
-0.375	0.264021
-0.374	0.266521
-0.373	0.269065
-0.372	0.271653
-0.371	0.274284
-0.37	0.276957
-0.369	0.27967
-0.368	0.282423
-0.367	0.285216
-0.366	0.288047
-0.365	0.290914
-0.364	0.293833
-0.363	0.296815
-0.362	0.299863
-0.361	0.30297
-0.36	0.30614
-0.359	0.309366
-0.358	0.312652
-0.357	0.315991
-0.356	0.319387
-0.355	0.322833
-0.354	0.32633
-0.353	0.329876
-0.352	0.33347
-0.351	0.337109
-0.35	0.340792
-0.349	0.344517
-0.348	0.348281
-0.347	0.352084
-0.346	0.355923
-0.345	0.359797
-0.344	0.363703
-0.343	0.36764
-0.342	0.371605
-0.341	0.375597
-0.34	0.379614
-0.339	0.383653
-0.338	0.387715
-0.337	0.391793
-0.336	0.395889
-0.335	0.4
-0.334	0.404123
-0.333	0.408258
-0.332	0.412401
-0.331	0.416551
-0.33	0.420705
-0.329	0.424863
-0.328	0.429019
-0.327	0.433178
-0.326	0.437327
-0.325	0.441477
-0.324	0.445614
-0.323	0.449745
-0.322	0.453862
-0.321	0.457967
-0.32	0.462056
-0.319	0.466126
-0.318	0.470177
-0.317	0.474207
-0.316	0.478212
-0.315	0.482192
-0.314	0.486146
-0.313	0.490067
-0.312	0.493961
-0.311	0.497816
-0.31	0.501641
-0.309	0.505426
-0.308	0.509172
-0.307	0.512879
-0.306	0.51654
-0.305	0.520159
-0.304	0.523731
-0.303	0.527255
-0.302	0.530731
-0.301	0.534153
-0.3	0.537523
-0.299	0.540838
-0.298	0.544098
-0.297	0.547298
-0.296	0.55044
-0.295	0.553519
-0.294	0.556539
-0.293	0.559489
-0.292	0.56238
-0.291	0.5652
-0.29	0.567953
-0.289	0.570637
-0.288	0.573249
-0.287	0.575791
-0.286	0.578256
-0.285	0.580649
-0.284	0.582964
-0.283	0.585206
-0.282	0.587365
-0.281	0.58945
-0.28	0.59145
-0.279	0.593375
-0.278	0.595212
-0.277	0.596971
-0.276	0.598644
-0.275	0.600233
-0.274	0.601736
-0.273	0.603155
-0.272	0.604486
-0.271	0.605729
-0.27	0.606887
-0.269	0.607953
-0.268	0.608935
-0.267	0.609822
-0.266	0.610625
-0.265	0.611333
-0.264	0.611954
-0.263	0.612484
-0.262	0.612921
-0.261	0.61327
-0.26	0.613525
-0.259	0.613691
-0.258	0.613766
-0.257	0.613747
-0.256	0.613639
-0.255	0.613439
-0.254	0.613149
-0.253	0.612766
-0.252	0.612295
-0.251	0.611732
-0.25	0.611081
-0.249	0.610336
-0.248	0.609508
-0.247	0.608586
-0.246	0.60758
-0.245	0.606482
-0.244	0.6053
-0.243	0.604032
-0.242	0.602675
-0.241	0.601237
-0.24	0.599711
-0.239	0.598104
-0.238	0.596412
-0.237	0.594641
-0.236	0.592786
-0.235	0.590855
-0.234	0.588841
-0.233	0.586754
-0.232	0.584585
-0.231	0.582345
-0.23	0.580028
-0.229	0.577638
-0.228	0.575177
-0.227	0.572643
-0.226	0.570044
-0.225	0.567372
-0.224	0.564636
-0.223	0.561834
-0.222	0.558969
-0.221	0.55604
-0.22	0.553052
-0.219	0.550003
-0.218	0.546899
-0.217	0.543736
-0.216	0.54052
-0.215	0.537252
-0.214	0.53393
-0.213	0.530562
-0.212	0.527142
-0.211	0.523679
-0.21	0.520172
-0.209	0.516621
-0.208	0.513032
-0.207	0.509401
-0.206	0.505735
-0.205	0.502034
-0.204	0.4983
-0.203	0.494533
-0.202	0.49074
-0.201	0.486916
-0.2	0.48307
-0.199	0.479197
-0.198	0.475306
-0.197	0.471394
-0.196	0.467464
-0.195	0.463521
-0.194	0.45956
-0.193	0.455593
-0.192	0.451613
-0.191	0.447628
-0.19	0.443635
-0.189	0.439642
-0.188	0.435646
-0.187	0.431652
-0.186	0.427658
-0.185	0.423672
-0.184	0.419692
-0.183	0.415721
-0.182	0.411762
-0.181	0.407814
-0.18	0.403883
-0.179	0.399968
-0.178	0.396073
-0.177	0.392199
-0.176	0.388347
-0.175	0.384521
-0.174	0.380722
-0.173	0.376951
-0.172	0.373213
-0.171	0.369506
-0.17	0.365834
-0.169	0.3622
-0.168	0.358602
-0.167	0.355047
-0.166	0.351532
-0.165	0.348061
-0.164	0.344637
-0.163	0.34126
-0.162	0.337933
-0.161	0.334655
-0.16	0.33143
-0.159	0.328261
-0.158	0.325147
-0.157	0.322089
-0.156	0.319092
-0.155	0.316154
-0.154	0.313281
-0.153	0.310469
-0.152	0.307722
-0.151	0.305044
-0.15	0.30243
-0.149	0.299889
-0.148	0.297416
-0.147	0.295016
-0.146	0.292689
-0.145	0.290435
-0.144	0.288258
-0.143	0.286156
-0.142	0.284133
-0.141	0.28219
-0.14	0.280323
-0.139	0.278539
-0.138	0.276837
-0.137	0.275216
-0.136	0.27368
-0.135	0.272227
-0.134	0.27086
-0.133	0.269578
-0.132	0.268383
-0.131	0.267275
-0.13	0.266254
-0.129	0.265322
-0.128	0.264478
-0.127	0.263722
-0.126	0.263057
-0.125	0.262482
-0.124	0.261998
-0.123	0.261603
-0.122	0.261299
-0.121	0.261087
-0.12	0.260966
-0.119	0.260935
-0.118	0.260996
-0.117	0.261148
-0.116	0.261392
-0.115	0.261727
-0.114	0.262153
-0.113	0.262671
-0.112	0.263277
-0.111	0.263976
-0.11	0.264763
-0.109	0.265642
-0.108	0.266608
-0.107	0.267665
-0.106	0.26881
-0.105	0.270042
-0.104	0.271362
-0.103	0.272768
-0.102	0.274261
-0.101	0.275839
-0.1	0.277502
