-4	0
-3.999	0
-3.998	0
-3.997	0
-3.996	0
-3.995	0
-3.994	0
-3.993	0
-3.992	0
-3.991	0
-3.99	0
-3.989	0
-3.988	0
-3.987	0
-3.986	0
-3.985	0
-3.984	0
-3.983	0
-3.982	0
-3.981	0
-3.98	0
-3.979	0
-3.978	0
-3.977	0
-3.976	0
-3.975	0
-3.974	0
-3.973	0
-3.972	0
-3.971	0
-3.97	0
-3.969	0
-3.968	0
-3.967	0
-3.966	0
-3.965	0
-3.964	0
-3.963	0
-3.962	0
-3.961	0
-3.96	0
-3.959	0
-3.958	0
-3.957	0
-3.956	0
-3.955	0
-3.954	0
-3.953	0
-3.952	0
-3.951	0
-3.95	0
-3.949	0
-3.948	0
-3.947	0
-3.946	0
-3.945	0
-3.944	0
-3.943	0
-3.942	0
-3.941	0
-3.94	0
-3.939	0
-3.938	0
-3.937	0
-3.936	0
-3.935	0
-3.934	0
-3.933	0
-3.932	0
-3.931	0
-3.93	0
-3.929	0
-3.928	0
-3.927	0
-3.926	0
-3.925	0
-3.924	0
-3.923	0
-3.922	0
-3.921	0
-3.92	0
-3.919	0
-3.918	0
-3.917	0
-3.916	0
-3.915	0
-3.914	0
-3.913	0
-3.912	0
-3.911	0
-3.91	0
-3.909	0
-3.908	0
-3.907	0
-3.906	0
-3.905	0
-3.904	0
-3.903	0
-3.902	0
-3.901	0
-3.9	0
-3.899	0
-3.898	0
-3.897	0
-3.896	0
-3.895	0
-3.894	0
-3.893	0
-3.892	0
-3.891	0
-3.89	0
-3.889	0
-3.888	0
-3.887	0
-3.886	0
-3.885	0
-3.884	0
-3.883	0
-3.882	0
-3.881	0
-3.88	0
-3.879	0
-3.878	0
-3.877	0
-3.876	0
-3.875	0
-3.874	0
-3.873	0
-3.872	0
-3.871	0
-3.87	0
-3.869	0
-3.868	0
-3.867	0
-3.866	0
-3.865	0
-3.864	0
-3.863	0
-3.862	0
-3.861	0
-3.86	0
-3.859	0
-3.858	0
-3.857	0
-3.856	0
-3.855	0
-3.854	0
-3.853	0
-3.852	0
-3.851	0
-3.85	0
-3.849	0
-3.848	0
-3.847	0
-3.846	0
-3.845	0
-3.844	0
-3.843	0
-3.842	0
-3.841	0
-3.84	0
-3.839	0
-3.838	0
-3.837	0
-3.836	0
-3.835	0
-3.834	0
-3.833	0
-3.832	0
-3.831	0
-3.83	0
-3.829	0
-3.828	0
-3.827	0
-3.826	0
-3.825	0
-3.824	0
-3.823	0
-3.822	0
-3.821	0
-3.82	0
-3.819	0
-3.818	0
-3.817	0
-3.816	0
-3.815	0
-3.814	0
-3.813	0
-3.812	0
-3.811	0
-3.81	0
-3.809	0
-3.808	0
-3.807	0
-3.806	0
-3.805	0
-3.804	0
-3.803	0
-3.802	0
-3.801	0
-3.8	0
-3.799	0
-3.798	0
-3.797	0
-3.796	0
-3.795	0
-3.794	0
-3.793	0
-3.792	0
-3.791	0
-3.79	0
-3.789	0
-3.788	0
-3.787	0
-3.786	0
-3.785	0
-3.784	0
-3.783	0
-3.782	0
-3.781	0
-3.78	0
-3.779	0
-3.778	0
-3.777	0
-3.776	0
-3.775	0
-3.774	0
-3.773	0
-3.772	0
-3.771	0
-3.77	0
-3.769	0
-3.768	0
-3.767	0
-3.766	0
-3.765	0
-3.764	0
-3.763	0
-3.762	0
-3.761	0
-3.76	0
-3.759	0
-3.758	0
-3.757	0
-3.756	0
-3.755	0
-3.754	0
-3.753	0
-3.752	0
-3.751	0
-3.75	0
-3.749	0
-3.748	0
-3.747	0
-3.746	0
-3.745	0
-3.744	0
-3.743	0
-3.742	0
-3.741	0
-3.74	0
-3.739	0
-3.738	0
-3.737	0
-3.736	0
-3.735	0
-3.734	0
-3.733	0
-3.732	0
-3.731	0
-3.73	0
-3.729	0
-3.728	0
-3.727	0
-3.726	0
-3.725	0
-3.724	0
-3.723	0
-3.722	0
-3.721	0
-3.72	0
-3.719	0
-3.718	0
-3.717	0
-3.716	0
-3.715	0
-3.714	0
-3.713	0
-3.712	0
-3.711	0
-3.71	0
-3.709	0
-3.708	0
-3.707	0
-3.706	0
-3.705	0
-3.704	0
-3.703	0
-3.702	0
-3.701	0
-3.7	0
-3.699	0
-3.698	0
-3.697	0
-3.696	0
-3.695	0
-3.694	0
-3.693	0
-3.692	0
-3.691	0
-3.69	0
-3.689	0
-3.688	0
-3.687	0
-3.686	0
-3.685	0
-3.684	0
-3.683	0
-3.682	0
-3.681	0
-3.68	0
-3.679	0
-3.678	0
-3.677	0
-3.676	0
-3.675	0
-3.674	0
-3.673	0
-3.672	0
-3.671	0
-3.67	0
-3.669	0
-3.668	0
-3.667	0
-3.666	0
-3.665	0
-3.664	0
-3.663	0
-3.662	0
-3.661	0
-3.66	0
-3.659	0
-3.658	0
-3.657	0
-3.656	0
-3.655	0
-3.654	0
-3.653	0
-3.652	0
-3.651	0
-3.65	0
-3.649	0
-3.648	0
-3.647	0
-3.646	0
-3.645	0
-3.644	0
-3.643	0
-3.642	0
-3.641	0
-3.64	0
-3.639	0
-3.638	0
-3.637	0
-3.636	0
-3.635	0
-3.634	0
-3.633	0
-3.632	0
-3.631	0
-3.63	0
-3.629	0
-3.628	0
-3.627	0
-3.626	0
-3.625	0
-3.624	0
-3.623	0
-3.622	0
-3.621	0
-3.62	0
-3.619	0
-3.618	0
-3.617	0
-3.616	0
-3.615	0
-3.614	0
-3.613	0
-3.612	0
-3.611	0
-3.61	0
-3.609	0
-3.608	0
-3.607	0
-3.606	0
-3.605	0
-3.604	0
-3.603	0
-3.602	0
-3.601	0
-3.6	0
-3.599	0
-3.598	0
-3.597	0
-3.596	0
-3.595	0
-3.594	0
-3.593	0
-3.592	0
-3.591	0
-3.59	0
-3.589	0
-3.588	0
-3.587	0
-3.586	0
-3.585	0
-3.584	0
-3.583	0
-3.582	0
-3.581	0
-3.58	0
-3.579	0
-3.578	0
-3.577	0
-3.576	0
-3.575	0
-3.574	0
-3.573	0
-3.572	0
-3.571	0
-3.57	0
-3.569	0
-3.568	0
-3.567	0
-3.566	0
-3.565	0
-3.564	0
-3.563	0
-3.562	0
-3.561	0
-3.56	0
-3.559	0
-3.558	0
-3.557	0
-3.556	0
-3.555	0
-3.554	0
-3.553	0
-3.552	0
-3.551	0
-3.55	0
-3.549	0
-3.548	0
-3.547	0
-3.546	0
-3.545	0
-3.544	0
-3.543	0
-3.542	0
-3.541	0
-3.54	0
-3.539	0
-3.538	0
-3.537	0
-3.536	0
-3.535	0
-3.534	0
-3.533	0
-3.532	0
-3.531	0
-3.53	0
-3.529	0
-3.528	0
-3.527	0
-3.526	0
-3.525	0
-3.524	0
-3.523	0
-3.522	0
-3.521	0
-3.52	0
-3.519	0
-3.518	0
-3.517	0
-3.516	0
-3.515	0
-3.514	0
-3.513	0
-3.512	0
-3.511	0
-3.51	0
-3.509	0
-3.508	0
-3.507	0
-3.506	0
-3.505	0
-3.504	0
-3.503	0
-3.502	0
-3.501	0
-3.5	0
-3.499	0
-3.498	0
-3.497	0
-3.496	0
-3.495	0
-3.494	0
-3.493	0
-3.492	0
-3.491	0
-3.49	0
-3.489	0
-3.488	0
-3.487	0
-3.486	0
-3.485	0
-3.484	0
-3.483	0
-3.482	0
-3.481	0
-3.48	0
-3.479	0
-3.478	0
-3.477	0
-3.476	0
-3.475	0
-3.474	0
-3.473	0
-3.472	0
-3.471	0
-3.47	0
-3.469	0
-3.468	0
-3.467	0
-3.466	0
-3.465	0
-3.464	0
-3.463	0
-3.462	0
-3.461	0
-3.46	0
-3.459	0
-3.458	0
-3.457	0
-3.456	0
-3.455	0
-3.454	0
-3.453	0
-3.452	0
-3.451	0
-3.45	0
-3.449	0
-3.448	0
-3.447	0
-3.446	0
-3.445	0
-3.444	0
-3.443	0
-3.442	0
-3.441	0
-3.44	0
-3.439	0
-3.438	0
-3.437	0
-3.436	0
-3.435	0
-3.434	0
-3.433	0
-3.432	0
-3.431	0
-3.43	0
-3.429	0
-3.428	0
-3.427	0
-3.426	0
-3.425	0
-3.424	0
-3.423	0
-3.422	0
-3.421	0
-3.42	0
-3.419	0
-3.418	0
-3.417	0
-3.416	0
-3.415	0
-3.414	0
-3.413	0
-3.412	0
-3.411	0
-3.41	0
-3.409	0
-3.408	0
-3.407	0
-3.406	0
-3.405	0
-3.404	0
-3.403	0
-3.402	0
-3.401	0
-3.4	0
-3.399	0
-3.398	0
-3.397	0
-3.396	0
-3.395	0
-3.394	0
-3.393	0
-3.392	0
-3.391	0
-3.39	0
-3.389	0
-3.388	0
-3.387	0
-3.386	0
-3.385	0
-3.384	0
-3.383	0
-3.382	0
-3.381	0
-3.38	0
-3.379	0
-3.378	0
-3.377	0
-3.376	0
-3.375	0
-3.374	0
-3.373	0
-3.372	0
-3.371	0
-3.37	0
-3.369	0
-3.368	0
-3.367	0
-3.366	0
-3.365	0
-3.364	0
-3.363	0
-3.362	0
-3.361	0
-3.36	0
-3.359	0
-3.358	0
-3.357	0
-3.356	0
-3.355	0
-3.354	0
-3.353	0
-3.352	0
-3.351	0
-3.35	0
-3.349	0
-3.348	0
-3.347	0
-3.346	0
-3.345	0
-3.344	0
-3.343	0
-3.342	0
-3.341	0
-3.34	0
-3.339	0
-3.338	0
-3.337	0
-3.336	0
-3.335	0
-3.334	0
-3.333	0
-3.332	0
-3.331	0
-3.33	0
-3.329	0
-3.328	0
-3.327	0
-3.326	0
-3.325	0
-3.324	0
-3.323	0
-3.322	0
-3.321	0
-3.32	0
-3.319	0
-3.318	0
-3.317	0
-3.316	0
-3.315	0
-3.314	0
-3.313	0
-3.312	0
-3.311	0
-3.31	0
-3.309	0
-3.308	0
-3.307	0
-3.306	0
-3.305	0
-3.304	0
-3.303	0
-3.302	0
-3.301	0
-3.3	0
-3.299	0
-3.298	0
-3.297	0
-3.296	0
-3.295	0
-3.294	0
-3.293	0
-3.292	0
-3.291	0
-3.29	0
-3.289	0
-3.288	0
-3.287	0
-3.286	0
-3.285	0
-3.284	0
-3.283	0
-3.282	0
-3.281	0
-3.28	0
-3.279	0
-3.278	0
-3.277	0
-3.276	0
-3.275	0
-3.274	0
-3.273	0
-3.272	0
-3.271	0
-3.27	0
-3.269	0
-3.268	0
-3.267	0
-3.266	0
-3.265	0
-3.264	0
-3.263	0
-3.262	0
-3.261	0
-3.26	0
-3.259	0
-3.258	0
-3.257	0
-3.256	0
-3.255	0
-3.254	0
-3.253	0
-3.252	0
-3.251	0
-3.25	0
-3.249	0
-3.248	0
-3.247	0
-3.246	0
-3.245	0
-3.244	0
-3.243	0
-3.242	0
-3.241	0
-3.24	0
-3.239	0
-3.238	0
-3.237	0
-3.236	0
-3.235	0
-3.234	0
-3.233	0
-3.232	0
-3.231	0
-3.23	0
-3.229	0
-3.228	0
-3.227	0
-3.226	0
-3.225	0
-3.224	0
-3.223	0
-3.222	0
-3.221	0
-3.22	0
-3.219	0
-3.218	0
-3.217	0
-3.216	0
-3.215	0
-3.214	0
-3.213	0
-3.212	0
-3.211	0
-3.21	0
-3.209	0
-3.208	0
-3.207	0
-3.206	0
-3.205	0
-3.204	0
-3.203	0
-3.202	0
-3.201	0
-3.2	0
-3.199	0
-3.198	0
-3.197	0
-3.196	0
-3.195	0
-3.194	0
-3.193	0
-3.192	0
-3.191	0
-3.19	0
-3.189	0
-3.188	0
-3.187	0
-3.186	0
-3.185	0
-3.184	0
-3.183	0
-3.182	0
-3.181	0
-3.18	0
-3.179	0
-3.178	0
-3.177	0
-3.176	0
-3.175	0
-3.174	0
-3.173	0
-3.172	0
-3.171	0
-3.17	0
-3.169	0
-3.168	0
-3.167	0
-3.166	0
-3.165	0
-3.164	0
-3.163	0
-3.162	0
-3.161	0
-3.16	0
-3.159	0
-3.158	0
-3.157	0
-3.156	0
-3.155	0
-3.154	0
-3.153	0
-3.152	0
-3.151	0
-3.15	0
-3.149	0
-3.148	0
-3.147	0
-3.146	0
-3.145	0
-3.144	0
-3.143	0
-3.142	0
-3.141	0
-3.14	0
-3.139	0
-3.138	0
-3.137	0
-3.136	0
-3.135	0
-3.134	0
-3.133	0
-3.132	0
-3.131	0
-3.13	0
-3.129	0
-3.128	0
-3.127	0
-3.126	0
-3.125	0
-3.124	0
-3.123	0
-3.122	0
-3.121	0
-3.12	0
-3.119	0
-3.118	0
-3.117	0
-3.116	0
-3.115	0
-3.114	0
-3.113	0
-3.112	0
-3.111	0
-3.11	0
-3.109	0
-3.108	0
-3.107	0
-3.106	0
-3.105	0
-3.104	0
-3.103	0
-3.102	0
-3.101	0
-3.1	0
-3.099	0
-3.098	0
-3.097	0
-3.096	0
-3.095	0
-3.094	0
-3.093	0
-3.092	0
-3.091	0
-3.09	0
-3.089	0
-3.088	0
-3.087	0
-3.086	0
-3.085	0
-3.084	0
-3.083	0
-3.082	0
-3.081	0
-3.08	0
-3.079	0
-3.078	0
-3.077	0
-3.076	0
-3.075	0
-3.074	0
-3.073	0
-3.072	0
-3.071	0
-3.07	0
-3.069	0
-3.068	0
-3.067	0
-3.066	0
-3.065	0
-3.064	0
-3.063	0
-3.062	0
-3.061	0
-3.06	0
-3.059	0
-3.058	0
-3.057	0
-3.056	0
-3.055	0
-3.054	0
-3.053	0
-3.052	0
-3.051	0
-3.05	0
-3.049	0
-3.048	0
-3.047	0
-3.046	0
-3.045	0
-3.044	0
-3.043	0
-3.042	0
-3.041	0
-3.04	0
-3.039	0
-3.038	0
-3.037	0
-3.036	0
-3.035	0
-3.034	0
-3.033	0
-3.032	0
-3.031	0
-3.03	0
-3.029	0
-3.028	0
-3.027	0
-3.026	0
-3.025	0
-3.024	0
-3.023	0
-3.022	0
-3.021	0
-3.02	0
-3.019	0
-3.018	0
-3.017	0
-3.016	0
-3.015	0
-3.014	0
-3.013	0
-3.012	0
-3.011	0
-3.01	0
-3.009	0
-3.008	0
-3.007	0
-3.006	0
-3.005	0
-3.004	0
-3.003	0
-3.002	0
-3.001	0
-3	0
-2.999	0
-2.998	0
-2.997	0
-2.996	0
-2.995	0
-2.994	0
-2.993	0
-2.992	0
-2.991	0
-2.99	0
-2.989	0
-2.988	0
-2.987	0
-2.986	1.50392e-076
-2.985	3.95727e-077
-2.984	0
-2.983	0
-2.982	0
-2.981	0
-2.98	0
-2.979	0
-2.978	0
-2.977	0
-2.976	0
-2.975	0
-2.974	0
-2.973	0
-2.972	0
-2.971	0
-2.97	0
-2.969	0
-2.968	0
-2.967	0
-2.966	0
-2.965	0
-2.964	0
-2.963	0
-2.962	0
-2.961	0
-2.96	0
-2.959	0
-2.958	0
-2.957	0
-2.956	6.77796e-078
-2.955	2.20136e-077
-2.954	1.03533e-076
-2.953	7.83678e-078
-2.952	0
-2.951	2.20126e-076
-2.95	7.90601e-078
-2.949	0
-2.948	1.6429e-076
-2.947	0
-2.946	1.31956e-076
-2.945	1.38886e-076
-2.944	8.51192e-078
-2.943	4.62796e-077
-2.942	9.22517e-077
-2.941	7.6134e-077
-2.94	1.41642e-076
-2.939	1.30161e-076
-2.938	2.92494e-076
-2.937	4.18066e-076
-2.936	8.96175e-076
-2.935	1.93597e-075
-2.934	3.8484e-075
-2.933	7.60892e-075
-2.932	1.53187e-074
-2.931	3.01073e-074
-2.93	5.99347e-074
-2.929	1.19081e-073
-2.928	2.32471e-073
-2.927	4.57018e-073
-2.926	8.9975e-073
-2.925	1.76741e-072
-2.924	3.45836e-072
-2.923	6.76683e-072
-2.922	1.32363e-071
-2.921	2.58278e-071
-2.92	5.03592e-071
-2.919	9.80253e-071
-2.918	1.90614e-070
-2.917	3.70085e-070
-2.916	7.17681e-070
-2.915	1.38992e-069
-2.914	2.68834e-069
-2.913	5.19284e-069
-2.912	1.00171e-068
-2.911	1.92979e-068
-2.91	3.71283e-068
-2.909	7.13383e-068
-2.908	1.36886e-067
-2.907	2.62312e-067
-2.906	5.01993e-067
-2.905	9.59384e-067
-2.904	1.83107e-066
-2.903	3.49005e-066
-2.902	6.64313e-066
-2.901	1.26278e-065
-2.9	2.39712e-065
-2.899	4.54428e-065
-2.898	8.60294e-065
-2.897	1.62643e-064
-2.896	3.07065e-064
-2.895	5.78935e-064
-2.894	1.09001e-063
-2.893	2.04943e-063
-2.892	3.84801e-063
-2.891	7.21501e-063
-2.89	1.35094e-062
-2.889	2.52596e-062
-2.888	4.71643e-062
-2.887	8.79412e-062
-2.886	1.63743e-061
-2.885	3.04453e-061
-2.884	5.65284e-061
-2.883	1.04809e-060
-2.882	1.94051e-060
-2.881	3.58769e-060
-2.88	6.62363e-060
-2.879	1.22112e-059
-2.878	2.24799e-059
-2.877	4.13248e-059
-2.876	7.58577e-059
-2.875	1.39047e-058
-2.874	2.54505e-058
-2.873	4.65156e-058
-2.872	8.48926e-058
-2.871	1.54706e-057
-2.87	2.81519e-057
-2.869	5.1153e-057
-2.868	9.28102e-057
-2.867	1.68143e-056
-2.866	3.04172e-056
-2.865	5.49433e-056
-2.864	9.90975e-056
-2.863	1.78469e-055
-2.862	3.20931e-055
-2.861	5.76247e-055
-2.86	1.03312e-054
-2.859	1.84943e-054
-2.858	3.30571e-054
-2.857	5.89973e-054
-2.856	1.05133e-053
-2.855	1.87059e-053
-2.854	3.32316e-053
-2.853	5.89463e-053
-2.852	1.04398e-052
-2.851	1.84609e-052
-2.85	3.2594e-052
-2.849	5.74575e-052
-2.848	1.01129e-051
-2.847	1.77715e-051
-2.846	3.11808e-051
-2.845	5.46217e-051
-2.844	9.55331e-051
-2.843	1.66821e-050
-2.842	2.90841e-050
-2.841	5.0625e-050
-2.84	8.79783e-050
-2.839	1.52646e-049
-2.838	2.64419e-049
-2.837	4.57293e-049
-2.836	7.89565e-049
-2.835	1.36104e-048
-2.834	2.34229e-048
-2.833	4.02434e-048
-2.832	6.90287e-048
-2.831	1.18207e-047
-2.83	2.02085e-047
-2.829	3.44903e-047
-2.828	5.87667e-047
-2.827	9.99615e-047
-2.826	1.69746e-046
-2.825	2.87758e-046
-2.824	4.86985e-046
-2.823	8.22733e-046
-2.822	1.38757e-045
-2.821	2.33616e-045
-2.82	3.9264e-045
-2.819	6.58767e-045
-2.818	1.10334e-044
-2.817	1.8447e-044
-2.816	3.07874e-044
-2.815	5.12924e-044
-2.814	8.53021e-044
-2.813	1.41609e-043
-2.812	2.34662e-043
-2.811	3.8816e-043
-2.81	6.40903e-043
-2.809	1.05629e-042
-2.808	1.73773e-042
-2.807	2.85352e-042
-2.806	4.67714e-042
-2.805	7.65198e-042
-2.804	1.24956e-041
-2.803	2.03671e-041
-2.802	3.31347e-041
-2.801	5.38042e-041
-2.8	8.72014e-041
-2.799	1.41059e-040
-2.798	2.27743e-040
-2.797	3.66987e-040
-2.796	5.9022e-040
-2.795	9.47392e-040
-2.794	1.51773e-039
-2.793	2.42662e-039
-2.792	3.87211e-039
-2.791	6.16634e-039
-2.79	9.80023e-039
-2.789	1.55442e-038
-2.788	2.46048e-038
-2.787	3.88674e-038
-2.786	6.12716e-038
-2.785	9.63907e-038
-2.784	1.51324e-037
-2.783	2.37069e-037
-2.782	3.70616e-037
-2.781	5.7817e-037
-2.78	9.00037e-037
-2.779	1.39808e-036
-2.778	2.16704e-036
-2.777	3.35164e-036
-2.776	5.17243e-036
-2.775	7.9648e-036
-2.774	1.22374e-035
-2.773	1.876e-035
-2.772	2.86943e-035
-2.771	4.37899e-035
-2.77	6.66741e-035
-2.769	1.01284e-034
-2.768	1.53501e-034
-2.767	2.32095e-034
-2.766	3.50102e-034
-2.765	5.26851e-034
-2.764	7.9093e-034
-2.763	1.1845e-033
-2.762	1.76959e-033
-2.761	2.63717e-033
-2.76	3.92033e-033
-2.759	5.81321e-033
-2.758	8.5982e-033
-2.757	1.26849e-032
-2.756	1.86656e-032
-2.755	2.73945e-032
-2.754	4.00994e-032
-2.753	5.854e-032
-2.752	8.52307e-032
-2.751	1.23753e-031
-2.75	1.79191e-031
-2.749	2.5874e-031
-2.748	3.7255e-031
-2.747	5.34888e-031
-2.746	7.65743e-031
-2.745	1.09302e-030
-2.744	1.55555e-030
-2.743	2.20712e-030
-2.742	3.12207e-030
-2.741	4.40261e-030
-2.74	6.18883e-030
-2.739	8.67196e-030
-2.738	1.21119e-029
-2.737	1.68606e-029
-2.736	2.33921e-029
-2.735	3.23429e-029
-2.734	4.45629e-029
-2.733	6.11817e-029
-2.732	8.36937e-029
-2.731	1.14066e-028
-2.73	1.54871e-028
-2.729	2.09461e-028
-2.728	2.82171e-028
-2.727	3.78578e-028
-2.726	5.05806e-028
-2.725	6.72899e-028
-2.724	8.91247e-028
-2.723	1.17509e-027
-2.722	1.54206e-027
-2.721	2.01383e-027
-2.72	2.61674e-027
-2.719	3.38242e-027
-2.718	4.34843e-027
-2.717	5.55872e-027
-2.716	7.06381e-027
-2.715	8.92069e-027
-2.714	1.11064e-026
-2.713	1.35063e-026
-2.712	1.60311e-026
-2.711	1.85337e-026
-2.71	2.08009e-026
-2.709	2.25537e-026
-2.708	2.34614e-026
-2.707	2.31767e-026
-2.706	2.14011e-026
-2.705	1.79865e-026
-2.704	1.30841e-026
-2.703	7.34328e-027
-2.702	2.16702e-027
-2.701	2.09025e-029
-2.7	4.7932e-027
-2.699	2.21969e-026
-2.698	6.02018e-026
-2.697	1.29485e-025
-2.696	2.43884e-025
-2.695	4.2085e-025
-2.694	6.81888e-025
-2.693	1.053e-024
-2.692	1.56512e-024
-2.691	2.25462e-024
-2.69	3.16378e-024
-2.689	4.34144e-024
-2.688	5.84362e-024
-2.687	7.73434e-024
-2.686	1.00864e-023
-2.685	1.29825e-023
-2.684	1.65159e-023
-2.683	2.07914e-023
-2.682	2.59264e-023
-2.681	3.20512e-023
-2.68	3.93097e-023
-2.679	4.78597e-023
-2.678	5.78726e-023
-2.677	6.95338e-023
-2.676	8.3042e-023
-2.675	9.86093e-023
-2.674	1.16461e-022
-2.673	1.36835e-022
-2.672	1.59981e-022
-2.671	1.86166e-022
-2.67	2.15667e-022
-2.669	2.48774e-022
-2.668	2.85794e-022
-2.667	3.27044e-022
-2.666	3.72854e-022
-2.665	4.23565e-022
-2.664	4.79525e-022
-2.663	5.41087e-022
-2.662	6.08604e-022
-2.661	6.82432e-022
-2.66	7.62918e-022
-2.659	8.50405e-022
-2.658	9.45223e-022
-2.657	1.04769e-021
-2.656	1.15811e-021
-2.655	1.27677e-021
-2.654	1.40395e-021
-2.653	1.53987e-021
-2.652	1.68475e-021
-2.651	1.83877e-021
-2.65	2.00207e-021
-2.649	2.17473e-021
-2.648	2.35678e-021
-2.647	2.54822e-021
-2.646	2.74894e-021
-2.645	2.95881e-021
-2.644	3.1776e-021
-2.643	3.40505e-021
-2.642	3.64082e-021
-2.641	3.88449e-021
-2.64	4.13558e-021
-2.639	4.39354e-021
-2.638	4.65775e-021
-2.637	4.92752e-021
-2.636	5.20207e-021
-2.635	5.48055e-021
-2.634	5.76206e-021
-2.633	6.04557e-021
-2.632	6.33007e-021
-2.631	6.6144e-021
-2.63	6.89743e-021
-2.629	7.1779e-021
-2.628	7.45455e-021
-2.627	7.72606e-021
-2.626	7.99108e-021
-2.625	8.24822e-021
-2.624	8.4961e-021
-2.623	8.73327e-021
-2.622	8.95833e-021
-2.621	9.1699e-021
-2.62	9.36661e-021
-2.619	9.54714e-021
-2.618	9.71022e-021
-2.617	9.85465e-021
-2.616	9.97934e-021
-2.615	1.00832e-020
-2.614	1.01652e-020
-2.613	1.02247e-020
-2.612	1.02608e-020
-2.611	1.02729e-020
-2.61	1.02606e-020
-2.609	1.02239e-020
-2.608	1.01624e-020
-2.607	1.00763e-020
-2.606	9.96607e-021
-2.605	9.83222e-021
-2.604	9.67559e-021
-2.603	9.49725e-021
-2.602	9.29858e-021
-2.601	9.08127e-021
-2.6	8.84739e-021
-2.599	8.59932e-021
-2.598	8.33996e-021
-2.597	8.07256e-021
-2.596	7.80088e-021
-2.595	7.52921e-021
-2.594	7.26235e-021
-2.593	7.00563e-021
-2.592	6.765e-021
-2.591	6.54698e-021
-2.59	6.35876e-021
-2.589	6.20817e-021
-2.588	6.10373e-021
-2.587	6.05471e-021
-2.586	6.07112e-021
-2.585	6.16373e-021
-2.584	6.34419e-021
-2.583	6.62497e-021
-2.582	7.01941e-021
-2.581	7.54172e-021
-2.58	8.20706e-021
-2.579	9.03135e-021
-2.578	1.00315e-020
-2.577	1.12251e-020
-2.576	1.26308e-020
-2.575	1.42678e-020
-2.574	1.61563e-020
-2.573	1.8317e-020
-2.572	2.07714e-020
-2.571	2.35417e-020
-2.57	2.66506e-020
-2.569	3.01213e-020
-2.568	3.39775e-020
-2.567	3.82435e-020
-2.566	4.29436e-020
-2.565	4.81027e-020
-2.564	5.37456e-020
-2.563	5.98971e-020
-2.562	6.65819e-020
-2.561	7.38243e-020
-2.56	8.1648e-020
-2.559	9.00761e-020
-2.558	9.91303e-020
-2.557	1.08832e-019
-2.556	1.192e-019
-2.555	1.30253e-019
-2.554	1.42008e-019
-2.553	1.54478e-019
-2.552	1.67678e-019
-2.551	1.81615e-019
-2.55	1.96298e-019
-2.549	2.11732e-019
-2.548	2.27918e-019
-2.547	2.44853e-019
-2.546	2.62531e-019
-2.545	2.80941e-019
-2.544	3.00069e-019
-2.543	3.19895e-019
-2.542	3.40395e-019
-2.541	3.61539e-019
-2.54	3.83293e-019
-2.539	4.05618e-019
-2.538	4.28467e-019
-2.537	4.51791e-019
-2.536	4.75531e-019
-2.535	4.99626e-019
-2.534	5.24005e-019
-2.533	5.48594e-019
-2.532	5.73313e-019
-2.531	5.98074e-019
-2.53	6.22782e-019
-2.529	6.47343e-019
-2.528	6.71653e-019
-2.527	6.95605e-019
-2.526	7.19087e-019
-2.525	7.41983e-019
-2.524	7.64178e-019
-2.523	7.85553e-019
-2.522	8.05986e-019
-2.521	8.25354e-019
-2.52	8.43536e-019
-2.519	8.60413e-019
-2.518	8.75867e-019
-2.517	8.89785e-019
-2.516	9.02055e-019
-2.515	9.12574e-019
-2.514	9.21244e-019
-2.513	9.2798e-019
-2.512	9.32701e-019
-2.511	9.35343e-019
-2.51	9.35854e-019
-2.509	9.34195e-019
-2.508	9.30349e-019
-2.507	9.24314e-019
-2.506	9.16111e-019
-2.505	9.05788e-019
-2.504	8.93416e-019
-2.503	8.79091e-019
-2.502	8.62939e-019
-2.501	8.4512e-019
-2.5	8.25825e-019
-2.499	8.05284e-019
-2.498	7.83758e-019
-2.497	7.61551e-019
-2.496	7.39008e-019
-2.495	7.16519e-019
-2.494	6.94513e-019
-2.493	6.73469e-019
-2.492	6.53918e-019
-2.491	6.36436e-019
-2.49	6.21649e-019
-2.489	6.10233e-019
-2.488	6.0292e-019
-2.487	6.00492e-019
-2.486	6.03787e-019
-2.485	6.13694e-019
-2.484	6.31159e-019
-2.483	6.57179e-019
-2.482	6.92807e-019
-2.481	7.39144e-019
-2.48	7.97345e-019
-2.479	8.68613e-019
-2.478	9.54199e-019
-2.477	1.0554e-018
-2.476	1.17354e-018
-2.475	1.30999e-018
-2.474	1.46617e-018
-2.473	1.6435e-018
-2.472	1.84345e-018
-2.471	2.06749e-018
-2.47	2.31712e-018
-2.469	2.59383e-018
-2.468	2.89914e-018
-2.467	3.23453e-018
-2.466	3.6015e-018
-2.465	4.00149e-018
-2.464	4.43593e-018
-2.463	4.90622e-018
-2.462	5.41369e-018
-2.461	5.95962e-018
-2.46	6.54519e-018
-2.459	7.17154e-018
-2.458	7.83968e-018
-2.457	8.55052e-018
-2.456	9.30487e-018
-2.455	1.01034e-017
-2.454	1.09466e-017
-2.453	1.18348e-017
-2.452	1.27683e-017
-2.451	1.37471e-017
-2.45	1.4771e-017
-2.449	1.58396e-017
-2.448	1.69524e-017
-2.447	1.81085e-017
-2.446	1.93069e-017
-2.445	2.05463e-017
-2.444	2.18251e-017
-2.443	2.31415e-017
-2.442	2.44934e-017
-2.441	2.58785e-017
-2.44	2.72939e-017
-2.439	2.87368e-017
-2.438	3.02039e-017
-2.437	3.16917e-017
-2.436	3.31964e-017
-2.435	3.47138e-017
-2.434	3.62395e-017
-2.433	3.77689e-017
-2.432	3.9297e-017
-2.431	4.08186e-017
-2.43	4.23282e-017
-2.429	4.38202e-017
-2.428	4.52886e-017
-2.427	4.67275e-017
-2.426	4.81306e-017
-2.425	4.94916e-017
-2.424	5.08041e-017
-2.423	5.20618e-017
-2.422	5.3258e-017
-2.421	5.43865e-017
-2.42	5.54411e-017
-2.419	5.64153e-017
-2.418	5.73033e-017
-2.417	5.80996e-017
-2.416	5.87986e-017
-2.415	5.93954e-017
-2.414	5.98855e-017
-2.413	6.02649e-017
-2.412	6.05304e-017
-2.411	6.06794e-017
-2.41	6.07099e-017
-2.409	6.06213e-017
-2.408	6.04135e-017
-2.407	6.00875e-017
-2.406	5.96457e-017
-2.405	5.90918e-017
-2.404	5.84303e-017
-2.403	5.76679e-017
-2.402	5.68123e-017
-2.401	5.58732e-017
-2.4	5.48617e-017
-2.399	5.37907e-017
-2.398	5.26754e-017
-2.397	5.15325e-017
-2.396	5.03809e-017
-2.395	4.92419e-017
-2.394	4.81385e-017
-2.393	4.70966e-017
-2.392	4.61438e-017
-2.391	4.53104e-017
-2.39	4.46291e-017
-2.389	4.41348e-017
-2.388	4.3865e-017
-2.387	4.38598e-017
-2.386	4.41614e-017
-2.385	4.48145e-017
-2.384	4.58662e-017
-2.383	4.73659e-017
-2.382	4.93651e-017
-2.381	5.19176e-017
-2.38	5.50792e-017
-2.379	5.89077e-017
-2.378	6.34622e-017
-2.377	6.88042e-017
-2.376	7.49958e-017
-2.375	8.21008e-017
-2.374	9.01837e-017
-2.373	9.93101e-017
-2.372	1.09546e-016
-2.371	1.20957e-016
-2.37	1.33608e-016
-2.369	1.47566e-016
-2.368	1.62896e-016
-2.367	1.79659e-016
-2.366	1.97919e-016
-2.365	2.17735e-016
-2.364	2.39164e-016
-2.363	2.62262e-016
-2.362	2.87078e-016
-2.361	3.13662e-016
-2.36	3.42055e-016
-2.359	3.72296e-016
-2.358	4.04419e-016
-2.357	4.38451e-016
-2.356	4.74412e-016
-2.355	5.12318e-016
-2.354	5.52176e-016
-2.353	5.93984e-016
-2.352	6.37735e-016
-2.351	6.8341e-016
-2.35	7.30984e-016
-2.349	7.80421e-016
-2.348	8.31675e-016
-2.347	8.84689e-016
-2.346	9.39398e-016
-2.345	9.95723e-016
-2.344	1.05358e-015
-2.343	1.11286e-015
-2.342	1.17345e-015
-2.341	1.23524e-015
-2.34	1.29809e-015
-2.339	1.36185e-015
-2.338	1.42637e-015
-2.337	1.49147e-015
-2.336	1.55697e-015
-2.335	1.6227e-015
-2.334	1.68844e-015
-2.333	1.75399e-015
-2.332	1.81913e-015
-2.331	1.88364e-015
-2.33	1.94727e-015
-2.329	2.0098e-015
-2.328	2.07098e-015
-2.327	2.13056e-015
-2.326	2.18828e-015
-2.325	2.24391e-015
-2.324	2.29719e-015
-2.323	2.34786e-015
-2.322	2.39569e-015
-2.321	2.44044e-015
-2.32	2.48188e-015
-2.319	2.5198e-015
-2.318	2.55397e-015
-2.317	2.58422e-015
-2.316	2.61037e-015
-2.315	2.63227e-015
-2.314	2.64977e-015
-2.313	2.66279e-015
-2.312	2.67124e-015
-2.311	2.67507e-015
-2.31	2.67428e-015
-2.309	2.66888e-015
-2.308	2.65895e-015
-2.307	2.6446e-015
-2.306	2.62598e-015
-2.305	2.60329e-015
-2.304	2.57678e-015
-2.303	2.54678e-015
-2.302	2.51364e-015
-2.301	2.4778e-015
-2.3	2.43975e-015
-2.299	2.40005e-015
-2.298	2.35932e-015
-2.297	2.31824e-015
-2.296	2.2776e-015
-2.295	2.23822e-015
-2.294	2.20103e-015
-2.293	2.16699e-015
-2.292	2.13718e-015
-2.291	2.11275e-015
-2.29	2.0949e-015
-2.289	2.08493e-015
-2.288	2.08419e-015
-2.287	2.09415e-015
-2.286	2.1163e-015
-2.285	2.15223e-015
-2.284	2.20358e-015
-2.283	2.27206e-015
-2.282	2.35946e-015
-2.281	2.46758e-015
-2.28	2.59832e-015
-2.279	2.75359e-015
-2.278	2.93534e-015
-2.277	3.14559e-015
-2.276	3.38632e-015
-2.275	3.65958e-015
-2.274	3.96741e-015
-2.273	4.31185e-015
-2.272	4.69492e-015
-2.271	5.11864e-015
-2.27	5.58496e-015
-2.269	6.09582e-015
-2.268	6.6531e-015
-2.267	7.25859e-015
-2.266	7.91404e-015
-2.265	8.62106e-015
-2.264	9.38118e-015
-2.263	1.01958e-014
-2.262	1.10662e-014
-2.261	1.19935e-014
-2.26	1.29786e-014
-2.259	1.40224e-014
-2.258	1.51253e-014
-2.257	1.62879e-014
-2.256	1.75102e-014
-2.255	1.87922e-014
-2.254	2.01336e-014
-2.253	2.15337e-014
-2.252	2.29918e-014
-2.251	2.45068e-014
-2.25	2.60772e-014
-2.249	2.77013e-014
-2.248	2.93771e-014
-2.247	3.11023e-014
-2.246	3.28742e-014
-2.245	3.46898e-014
-2.244	3.65459e-014
-2.243	3.84387e-014
-2.242	4.03645e-014
-2.241	4.23189e-014
-2.24	4.42973e-014
-2.239	4.62949e-014
-2.238	4.83063e-014
-2.237	5.03263e-014
-2.236	5.2349e-014
-2.235	5.43685e-014
-2.234	5.63785e-014
-2.233	5.83725e-014
-2.232	6.03441e-014
-2.231	6.22864e-014
-2.23	6.41925e-014
-2.229	6.60554e-014
-2.228	6.78681e-014
-2.227	6.96236e-014
-2.226	7.13149e-014
-2.225	7.2935e-014
-2.224	7.4477e-014
-2.223	7.59346e-014
-2.222	7.7301e-014
-2.221	7.85702e-014
-2.22	7.97365e-014
-2.219	8.07947e-014
-2.218	8.17397e-014
-2.217	8.25673e-014
-2.216	8.32738e-014
-2.215	8.3856e-014
-2.214	8.43116e-014
-2.213	8.46392e-014
-2.212	8.48379e-014
-2.211	8.49084e-014
-2.21	8.48518e-014
-2.209	8.46707e-014
-2.208	8.43685e-014
-2.207	8.39499e-014
-2.206	8.34214e-014
-2.205	8.27902e-014
-2.204	8.20655e-014
-2.203	8.12572e-014
-2.202	8.03774e-014
-2.201	7.94395e-014
-2.2	7.84586e-014
-2.199	7.74514e-014
-2.198	7.64364e-014
-2.197	7.54333e-014
-2.196	7.44644e-014
-2.195	7.35528e-014
-2.194	7.27244e-014
-2.193	7.20058e-014
-2.192	7.14261e-014
-2.191	7.10155e-014
-2.19	7.08062e-014
-2.189	7.0832e-014
-2.188	7.11283e-014
-2.187	7.17318e-014
-2.186	7.26809e-014
-2.185	7.40151e-014
-2.184	7.57752e-014
-2.183	7.8003e-014
-2.182	8.07417e-014
-2.181	8.40347e-014
-2.18	8.79266e-014
-2.179	9.24626e-014
-2.178	9.76878e-014
-2.177	1.03648e-013
-2.176	1.10388e-013
-2.175	1.17954e-013
-2.174	1.26391e-013
-2.173	1.35742e-013
-2.172	1.4605e-013
-2.171	1.57358e-013
-2.17	1.69706e-013
-2.169	1.83134e-013
-2.168	1.97677e-013
-2.167	2.13371e-013
-2.166	2.30246e-013
-2.165	2.48333e-013
-2.164	2.67658e-013
-2.163	2.88242e-013
-2.162	3.10105e-013
-2.161	3.33262e-013
-2.16	3.57724e-013
-2.159	3.83496e-013
-2.158	4.1058e-013
-2.157	4.38971e-013
-2.156	4.68662e-013
-2.155	4.99638e-013
-2.154	5.31877e-013
-2.153	5.65353e-013
-2.152	6.00036e-013
-2.151	6.35884e-013
-2.15	6.72854e-013
-2.149	7.10894e-013
-2.148	7.49947e-013
-2.147	7.89946e-013
-2.146	8.30823e-013
-2.145	8.72498e-013
-2.144	9.14889e-013
-2.143	9.57905e-013
-2.142	1.00145e-012
-2.141	1.04541e-012
-2.14	1.0897e-012
-2.139	1.13418e-012
-2.138	1.17876e-012
-2.137	1.22329e-012
-2.136	1.26766e-012
-2.135	1.31172e-012
-2.134	1.35536e-012
-2.133	1.39842e-012
-2.132	1.44077e-012
-2.131	1.48227e-012
-2.13	1.52278e-012
-2.129	1.56216e-012
-2.128	1.60026e-012
-2.127	1.63695e-012
-2.126	1.6721e-012
-2.125	1.70556e-012
-2.124	1.73723e-012
-2.123	1.76697e-012
-2.122	1.79467e-012
-2.121	1.82023e-012
-2.12	1.84355e-012
-2.119	1.86455e-012
-2.118	1.88315e-012
-2.117	1.8993e-012
-2.116	1.91294e-012
-2.115	1.92405e-012
-2.114	1.93261e-012
-2.113	1.93862e-012
-2.112	1.94211e-012
-2.111	1.94312e-012
-2.11	1.94171e-012
-2.109	1.93796e-012
-2.108	1.93199e-012
-2.107	1.92393e-012
-2.106	1.91394e-012
-2.105	1.9022e-012
-2.104	1.88893e-012
-2.103	1.87435e-012
-2.102	1.85874e-012
-2.101	1.84239e-012
-2.1	1.82564e-012
-2.099	1.80882e-012
-2.098	1.79231e-012
-2.097	1.77654e-012
-2.096	1.76195e-012
-2.095	1.749e-012
-2.094	1.73818e-012
-2.093	1.73002e-012
-2.092	1.72508e-012
-2.091	1.72392e-012
-2.09	1.72716e-012
-2.089	1.73541e-012
-2.088	1.74932e-012
-2.087	1.76956e-012
-2.086	1.79681e-012
-2.085	1.83177e-012
-2.084	1.87514e-012
-2.083	1.92767e-012
-2.082	1.99007e-012
-2.081	2.06308e-012
-2.08	2.14745e-012
-2.079	2.24391e-012
-2.078	2.3532e-012
-2.077	2.47605e-012
-2.076	2.61316e-012
-2.075	2.76525e-012
-2.074	2.93299e-012
-2.073	3.11704e-012
-2.072	3.31804e-012
-2.071	3.53657e-012
-2.07	3.77322e-012
-2.069	4.02849e-012
-2.068	4.30286e-012
-2.067	4.59678e-012
-2.066	4.91062e-012
-2.065	5.24468e-012
-2.064	5.59925e-012
-2.063	5.97451e-012
-2.062	6.37058e-012
-2.061	6.78751e-012
-2.06	7.22529e-012
-2.059	7.6838e-012
-2.058	8.16286e-012
-2.057	8.66219e-012
-2.056	9.18141e-012
-2.055	9.7201e-012
-2.054	1.02777e-011
-2.053	1.08535e-011
-2.052	1.14468e-011
-2.051	1.20568e-011
-2.05	1.26826e-011
-2.049	1.33231e-011
-2.048	1.39772e-011
-2.047	1.46436e-011
-2.046	1.53212e-011
-2.045	1.60084e-011
-2.044	1.67037e-011
-2.043	1.74057e-011
-2.042	1.81126e-011
-2.041	1.88227e-011
-2.04	1.95343e-011
-2.039	2.02455e-011
-2.038	2.09544e-011
-2.037	2.16589e-011
-2.036	2.23573e-011
-2.035	2.30473e-011
-2.034	2.3727e-011
-2.033	2.43943e-011
-2.032	2.50472e-011
-2.031	2.56836e-011
-2.03	2.63015e-011
-2.029	2.68989e-011
-2.028	2.7474e-011
-2.027	2.80248e-011
-2.026	2.85496e-011
-2.025	2.90466e-011
-2.024	2.95144e-011
-2.023	2.99514e-011
-2.022	3.03563e-011
-2.021	3.07279e-011
-2.02	3.10652e-011
-2.019	3.13673e-011
-2.018	3.16339e-011
-2.017	3.18642e-011
-2.016	3.20582e-011
-2.015	3.2216e-011
-2.014	3.23378e-011
-2.013	3.24243e-011
-2.012	3.24763e-011
-2.011	3.24949e-011
-2.01	3.24817e-011
-2.009	3.24384e-011
-2.008	3.23671e-011
-2.007	3.22703e-011
-2.006	3.21508e-011
-2.005	3.20117e-011
-2.004	3.18565e-011
-2.003	3.1689e-011
-2.002	3.15136e-011
-2.001	3.13346e-011
-2	3.11571e-011
-1.999	3.09863e-011
-1.998	3.08278e-011
-1.997	3.06877e-011
-1.996	3.0572e-011
-1.995	3.04876e-011
-1.994	3.04413e-011
-1.993	3.04402e-011
-1.992	3.0492e-011
-1.991	3.06044e-011
-1.99	3.07852e-011
-1.989	3.10427e-011
-1.988	3.13851e-011
-1.987	3.18211e-011
-1.986	3.23592e-011
-1.985	3.30082e-011
-1.984	3.37767e-011
-1.983	3.46738e-011
-1.982	3.5708e-011
-1.981	3.68881e-011
-1.98	3.82227e-011
-1.979	3.97203e-011
-1.978	4.13892e-011
-1.977	4.32375e-011
-1.976	4.52729e-011
-1.975	4.75029e-011
-1.974	4.99345e-011
-1.973	5.25745e-011
-1.972	5.54292e-011
-1.971	5.85039e-011
-1.97	6.18042e-011
-1.969	6.53343e-011
-1.968	6.90983e-011
-1.967	7.30992e-011
-1.966	7.73395e-011
-1.965	8.18209e-011
-1.964	8.65441e-011
-1.963	9.15092e-011
-1.962	9.67151e-011
-1.961	1.0216e-010
-1.96	1.07841e-010
-1.959	1.13755e-010
-1.958	1.19897e-010
-1.957	1.2626e-010
-1.956	1.32839e-010
-1.955	1.39625e-010
-1.954	1.46609e-010
-1.953	1.53781e-010
-1.952	1.61131e-010
-1.951	1.68646e-010
-1.95	1.76313e-010
-1.949	1.84118e-010
-1.948	1.92047e-010
-1.947	2.00083e-010
-1.946	2.08209e-010
-1.945	2.16409e-010
-1.944	2.24663e-010
-1.943	2.32953e-010
-1.942	2.41259e-010
-1.941	2.4956e-010
-1.94	2.57837e-010
-1.939	2.66066e-010
-1.938	2.74228e-010
-1.937	2.82301e-010
-1.936	2.90262e-010
-1.935	2.9809e-010
-1.934	3.05764e-010
-1.933	3.13261e-010
-1.932	3.20561e-010
-1.931	3.27645e-010
-1.93	3.3449e-010
-1.929	3.41079e-010
-1.928	3.47393e-010
-1.927	3.53416e-010
-1.926	3.59131e-010
-1.925	3.64524e-010
-1.924	3.69581e-010
-1.923	3.74291e-010
-1.922	3.78645e-010
-1.921	3.82634e-010
-1.92	3.86252e-010
-1.919	3.89497e-010
-1.918	3.92368e-010
-1.917	3.94865e-010
-1.916	3.96991e-010
-1.915	3.98755e-010
-1.914	4.00164e-010
-1.913	4.01231e-010
-1.912	4.01971e-010
-1.911	4.02401e-010
-1.91	4.02544e-010
-1.909	4.02423e-010
-1.908	4.02067e-010
-1.907	4.01505e-010
-1.906	4.00773e-010
-1.905	3.99906e-010
-1.904	3.98946e-010
-1.903	3.97938e-010
-1.902	3.96927e-010
-1.901	3.95964e-010
-1.9	3.95101e-010
-1.899	3.94396e-010
-1.898	3.93905e-010
-1.897	3.93692e-010
-1.896	3.93819e-010
-1.895	3.94354e-010
-1.894	3.95365e-010
-1.893	3.96922e-010
-1.892	3.99097e-010
-1.891	4.01965e-010
-1.89	4.056e-010
-1.889	4.10078e-010
-1.888	4.15476e-010
-1.887	4.21871e-010
-1.886	4.2934e-010
-1.885	4.37959e-010
-1.884	4.47804e-010
-1.883	4.58952e-010
-1.882	4.71476e-010
-1.881	4.85447e-010
-1.88	5.00936e-010
-1.879	5.1801e-010
-1.878	5.36735e-010
-1.877	5.57171e-010
-1.876	5.79377e-010
-1.875	6.03406e-010
-1.874	6.29307e-010
-1.873	6.57123e-010
-1.872	6.86898e-010
-1.871	7.18662e-010
-1.87	7.52444e-010
-1.869	7.88267e-010
-1.868	8.26143e-010
-1.867	8.66083e-010
-1.866	9.08087e-010
-1.865	9.52149e-010
-1.864	9.98255e-010
-1.863	1.04638e-009
-1.862	1.0965e-009
-1.861	1.14858e-009
-1.86	1.20257e-009
-1.859	1.25841e-009
-1.858	1.31604e-009
-1.857	1.3754e-009
-1.856	1.4364e-009
-1.855	1.49895e-009
-1.854	1.56296e-009
-1.853	1.62833e-009
-1.852	1.69494e-009
-1.851	1.76267e-009
-1.85	1.83141e-009
-1.849	1.90101e-009
-1.848	1.97134e-009
-1.847	2.04226e-009
-1.846	2.11361e-009
-1.845	2.18523e-009
-1.844	2.25698e-009
-1.843	2.32869e-009
-1.842	2.40018e-009
-1.841	2.4713e-009
-1.84	2.54187e-009
-1.839	2.61173e-009
-1.838	2.6807e-009
-1.837	2.74861e-009
-1.836	2.81531e-009
-1.835	2.88061e-009
-1.834	2.94437e-009
-1.833	3.00644e-009
-1.832	3.06665e-009
-1.831	3.12487e-009
-1.83	3.18097e-009
-1.829	3.23481e-009
-1.828	3.28629e-009
-1.827	3.3353e-009
-1.826	3.38174e-009
-1.825	3.42553e-009
-1.824	3.46662e-009
-1.823	3.50494e-009
-1.822	3.54045e-009
-1.821	3.57316e-009
-1.82	3.60305e-009
-1.819	3.63013e-009
-1.818	3.65445e-009
-1.817	3.67606e-009
-1.816	3.69503e-009
-1.815	3.71146e-009
-1.814	3.72546e-009
-1.813	3.73718e-009
-1.812	3.74678e-009
-1.811	3.75442e-009
-1.81	3.76034e-009
-1.809	3.76474e-009
-1.808	3.76787e-009
-1.807	3.77001e-009
-1.806	3.77145e-009
-1.805	3.7725e-009
-1.804	3.77349e-009
-1.803	3.77478e-009
-1.802	3.77674e-009
-1.801	3.77976e-009
-1.8	3.78425e-009
-1.799	3.79064e-009
-1.798	3.79935e-009
-1.797	3.81086e-009
-1.796	3.82562e-009
-1.795	3.8441e-009
-1.794	3.8668e-009
-1.793	3.89421e-009
-1.792	3.92682e-009
-1.791	3.96513e-009
-1.79	4.00966e-009
-1.789	4.06089e-009
-1.788	4.11934e-009
-1.787	4.18549e-009
-1.786	4.25983e-009
-1.785	4.34285e-009
-1.784	4.43501e-009
-1.783	4.53676e-009
-1.782	4.64853e-009
-1.781	4.77075e-009
-1.78	4.9038e-009
-1.779	5.04805e-009
-1.778	5.20386e-009
-1.777	5.37153e-009
-1.776	5.55136e-009
-1.775	5.74359e-009
-1.774	5.94844e-009
-1.773	6.1661e-009
-1.772	6.3967e-009
-1.771	6.64033e-009
-1.77	6.89706e-009
-1.769	7.16691e-009
-1.768	7.44984e-009
-1.767	7.74576e-009
-1.766	8.05454e-009
-1.765	8.37603e-009
-1.764	8.70999e-009
-1.763	9.05615e-009
-1.762	9.41418e-009
-1.761	9.7837e-009
-1.76	1.01643e-008
-1.759	1.05555e-008
-1.758	1.09568e-008
-1.757	1.13676e-008
-1.756	1.17873e-008
-1.755	1.22153e-008
-1.754	1.26508e-008
-1.753	1.3093e-008
-1.752	1.35413e-008
-1.751	1.39948e-008
-1.75	1.44526e-008
-1.749	1.49139e-008
-1.748	1.53777e-008
-1.747	1.58432e-008
-1.746	1.63094e-008
-1.745	1.67752e-008
-1.744	1.72398e-008
-1.743	1.77021e-008
-1.742	1.81612e-008
-1.741	1.86161e-008
-1.74	1.90658e-008
-1.739	1.95093e-008
-1.738	1.99458e-008
-1.737	2.03741e-008
-1.736	2.07936e-008
-1.735	2.12033e-008
-1.734	2.16024e-008
-1.733	2.19901e-008
-1.732	2.23657e-008
-1.731	2.27285e-008
-1.73	2.3078e-008
-1.729	2.34134e-008
-1.728	2.37345e-008
-1.727	2.40408e-008
-1.726	2.43319e-008
-1.725	2.46078e-008
-1.724	2.4868e-008
-1.723	2.51127e-008
-1.722	2.5342e-008
-1.721	2.55558e-008
-1.72	2.57546e-008
-1.719	2.59386e-008
-1.718	2.61083e-008
-1.717	2.62643e-008
-1.716	2.64072e-008
-1.715	2.6538e-008
-1.714	2.66574e-008
-1.713	2.67665e-008
-1.712	2.68665e-008
-1.711	2.69586e-008
-1.71	2.70441e-008
-1.709	2.71246e-008
-1.708	2.72016e-008
-1.707	2.72768e-008
-1.706	2.73519e-008
-1.705	2.74289e-008
-1.704	2.75096e-008
-1.703	2.75963e-008
-1.702	2.76908e-008
-1.701	2.77955e-008
-1.7	2.79127e-008
-1.699	2.80445e-008
-1.698	2.81934e-008
-1.697	2.83618e-008
-1.696	2.85522e-008
-1.695	2.87669e-008
-1.694	2.90085e-008
-1.693	2.92795e-008
-1.692	2.95822e-008
-1.691	2.99191e-008
-1.69	3.02927e-008
-1.689	3.07054e-008
-1.688	3.11594e-008
-1.687	3.16571e-008
-1.686	3.22006e-008
-1.685	3.27921e-008
-1.684	3.34335e-008
-1.683	3.41267e-008
-1.682	3.48736e-008
-1.681	3.56758e-008
-1.68	3.65348e-008
-1.679	3.7452e-008
-1.678	3.84286e-008
-1.677	3.94656e-008
-1.676	4.05639e-008
-1.675	4.17243e-008
-1.674	4.29471e-008
-1.673	4.42326e-008
-1.672	4.5581e-008
-1.671	4.69921e-008
-1.67	4.84656e-008
-1.669	5.00009e-008
-1.668	5.15973e-008
-1.667	5.32537e-008
-1.666	5.49688e-008
-1.665	5.67413e-008
-1.664	5.85694e-008
-1.663	6.04513e-008
-1.662	6.23848e-008
-1.661	6.43676e-008
-1.66	6.63971e-008
-1.659	6.84707e-008
-1.658	7.05853e-008
-1.657	7.27378e-008
-1.656	7.49249e-008
-1.655	7.71433e-008
-1.654	7.93892e-008
-1.653	8.16589e-008
-1.652	8.39484e-008
-1.651	8.62539e-008
-1.65	8.85712e-008
-1.649	9.08962e-008
-1.648	9.32245e-008
-1.647	9.5552e-008
-1.646	9.78744e-008
-1.645	1.00187e-007
-1.644	1.02487e-007
-1.643	1.04768e-007
-1.642	1.07027e-007
-1.641	1.0926e-007
-1.64	1.11463e-007
-1.639	1.13632e-007
-1.638	1.15763e-007
-1.637	1.17853e-007
-1.636	1.19898e-007
-1.635	1.21896e-007
-1.634	1.23842e-007
-1.633	1.25736e-007
-1.632	1.27573e-007
-1.631	1.29353e-007
-1.63	1.31074e-007
-1.629	1.32733e-007
-1.628	1.3433e-007
-1.627	1.35865e-007
-1.626	1.37337e-007
-1.625	1.38746e-007
-1.624	1.40092e-007
-1.623	1.41376e-007
-1.622	1.426e-007
-1.621	1.43766e-007
-1.62	1.44875e-007
-1.619	1.45931e-007
-1.618	1.46935e-007
-1.617	1.47892e-007
-1.616	1.48807e-007
-1.615	1.49682e-007
-1.614	1.50523e-007
-1.613	1.51335e-007
-1.612	1.52125e-007
-1.611	1.52896e-007
-1.61	1.53658e-007
-1.609	1.54415e-007
-1.608	1.55176e-007
-1.607	1.55947e-007
-1.606	1.56737e-007
-1.605	1.57554e-007
-1.604	1.58405e-007
-1.603	1.593e-007
-1.602	1.60247e-007
-1.601	1.61256e-007
-1.6	1.62335e-007
-1.599	1.63493e-007
-1.598	1.6474e-007
-1.597	1.66085e-007
-1.596	1.67537e-007
-1.595	1.69106e-007
-1.594	1.708e-007
-1.593	1.72628e-007
-1.592	1.74601e-007
-1.591	1.76725e-007
-1.59	1.7901e-007
-1.589	1.81463e-007
-1.588	1.84093e-007
-1.587	1.86907e-007
-1.586	1.89911e-007
-1.585	1.93113e-007
-1.584	1.96518e-007
-1.583	2.00132e-007
-1.582	2.0396e-007
-1.581	2.08007e-007
-1.58	2.12276e-007
-1.579	2.16771e-007
-1.578	2.21493e-007
-1.577	2.26446e-007
-1.576	2.3163e-007
-1.575	2.37045e-007
-1.574	2.42692e-007
-1.573	2.48568e-007
-1.572	2.54673e-007
-1.571	2.61004e-007
-1.57	2.67557e-007
-1.569	2.74328e-007
-1.568	2.81312e-007
-1.567	2.88504e-007
-1.566	2.95896e-007
-1.565	3.03483e-007
-1.564	3.11256e-007
-1.563	3.19205e-007
-1.562	3.27323e-007
-1.561	3.35598e-007
-1.56	3.44022e-007
-1.559	3.52581e-007
-1.558	3.61266e-007
-1.557	3.70063e-007
-1.556	3.78961e-007
-1.555	3.87945e-007
-1.554	3.97003e-007
-1.553	4.06121e-007
-1.552	4.15286e-007
-1.551	4.24483e-007
-1.55	4.33699e-007
-1.549	4.42918e-007
-1.548	4.52127e-007
-1.547	4.61312e-007
-1.546	4.70459e-007
-1.545	4.79553e-007
-1.544	4.88583e-007
-1.543	4.97534e-007
-1.542	5.06394e-007
-1.541	5.15151e-007
-1.54	5.23794e-007
-1.539	5.32312e-007
-1.538	5.40693e-007
-1.537	5.48929e-007
-1.536	5.57012e-007
-1.535	5.64933e-007
-1.534	5.72686e-007
-1.533	5.80265e-007
-1.532	5.87664e-007
-1.531	5.94882e-007
-1.53	6.01914e-007
-1.529	6.0876e-007
-1.528	6.1542e-007
-1.527	6.21894e-007
-1.526	6.28186e-007
-1.525	6.343e-007
-1.524	6.4024e-007
-1.523	6.46012e-007
-1.522	6.51625e-007
-1.521	6.57087e-007
-1.52	6.62408e-007
-1.519	6.67602e-007
-1.518	6.72679e-007
-1.517	6.77656e-007
-1.516	6.82548e-007
-1.515	6.87371e-007
-1.514	6.92143e-007
-1.513	6.96883e-007
-1.512	7.01612e-007
-1.511	7.0635e-007
-1.51	7.1112e-007
-1.509	7.15945e-007
-1.508	7.20847e-007
-1.507	7.25853e-007
-1.506	7.30986e-007
-1.505	7.36272e-007
-1.504	7.41738e-007
-1.503	7.4741e-007
-1.502	7.53315e-007
-1.501	7.59479e-007
-1.5	7.65929e-007
-1.499	7.72693e-007
-1.498	7.79796e-007
-1.497	7.87266e-007
-1.496	7.95127e-007
-1.495	8.03406e-007
-1.494	8.12127e-007
-1.493	8.21314e-007
-1.492	8.30992e-007
-1.491	8.41181e-007
-1.49	8.51903e-007
-1.489	8.63178e-007
-1.488	8.75026e-007
-1.487	8.87462e-007
-1.486	9.00504e-007
-1.485	9.14167e-007
-1.484	9.28461e-007
-1.483	9.434e-007
-1.482	9.58993e-007
-1.481	9.75246e-007
-1.48	9.92167e-007
-1.479	1.00976e-006
-1.478	1.02802e-006
-1.477	1.04695e-006
-1.476	1.06656e-006
-1.475	1.08683e-006
-1.474	1.10776e-006
-1.473	1.12933e-006
-1.472	1.15155e-006
-1.471	1.1744e-006
-1.47	1.19786e-006
-1.469	1.22191e-006
-1.468	1.24655e-006
-1.467	1.27174e-006
-1.466	1.29747e-006
-1.465	1.3237e-006
-1.464	1.35043e-006
-1.463	1.37761e-006
-1.462	1.40523e-006
-1.461	1.43324e-006
-1.46	1.46163e-006
-1.459	1.49035e-006
-1.458	1.51938e-006
-1.457	1.54869e-006
-1.456	1.57822e-006
-1.455	1.60796e-006
-1.454	1.63787e-006
-1.453	1.6679e-006
-1.452	1.69803e-006
-1.451	1.72822e-006
-1.45	1.75843e-006
-1.449	1.78863e-006
-1.448	1.81879e-006
-1.447	1.84886e-006
-1.446	1.87882e-006
-1.445	1.90865e-006
-1.444	1.93829e-006
-1.443	1.96774e-006
-1.442	1.99695e-006
-1.441	2.02591e-006
-1.44	2.05459e-006
-1.439	2.08297e-006
-1.438	2.11104e-006
-1.437	2.13876e-006
-1.436	2.16614e-006
-1.435	2.19316e-006
-1.434	2.2198e-006
-1.433	2.24607e-006
-1.432	2.27196e-006
-1.431	2.29747e-006
-1.43	2.3226e-006
-1.429	2.34735e-006
-1.428	2.37175e-006
-1.427	2.39579e-006
-1.426	2.41949e-006
-1.425	2.44287e-006
-1.424	2.46596e-006
-1.423	2.48877e-006
-1.422	2.51134e-006
-1.421	2.53369e-006
-1.42	2.55586e-006
-1.419	2.57788e-006
-1.418	2.5998e-006
-1.417	2.62165e-006
-1.416	2.64348e-006
-1.415	2.66533e-006
-1.414	2.68726e-006
-1.413	2.70931e-006
-1.412	2.73154e-006
-1.411	2.75401e-006
-1.41	2.77676e-006
-1.409	2.79986e-006
-1.408	2.82336e-006
-1.407	2.84732e-006
-1.406	2.87182e-006
-1.405	2.8969e-006
-1.404	2.92262e-006
-1.403	2.94905e-006
-1.402	2.97625e-006
-1.401	3.00428e-006
-1.4	3.0332e-006
-1.399	3.06307e-006
-1.398	3.09394e-006
-1.397	3.12588e-006
-1.396	3.15893e-006
-1.395	3.19316e-006
-1.394	3.2286e-006
-1.393	3.26531e-006
-1.392	3.30333e-006
-1.391	3.34271e-006
-1.39	3.38349e-006
-1.389	3.4257e-006
-1.388	3.46938e-006
-1.387	3.51455e-006
-1.386	3.56125e-006
-1.385	3.60949e-006
-1.384	3.65929e-006
-1.383	3.71068e-006
-1.382	3.76365e-006
-1.381	3.81822e-006
-1.38	3.87439e-006
-1.379	3.93216e-006
-1.378	3.99152e-006
-1.377	4.05246e-006
-1.376	4.11495e-006
-1.375	4.179e-006
-1.374	4.24457e-006
-1.373	4.31163e-006
-1.372	4.38015e-006
-1.371	4.45011e-006
-1.37	4.52145e-006
-1.369	4.59414e-006
-1.368	4.66813e-006
-1.367	4.74337e-006
-1.366	4.81982e-006
-1.365	4.89741e-006
-1.364	4.97608e-006
-1.363	5.05578e-006
-1.362	5.13645e-006
-1.361	5.21802e-006
-1.36	5.30041e-006
-1.359	5.38358e-006
-1.358	5.46746e-006
-1.357	5.55195e-006
-1.356	5.63702e-006
-1.355	5.72258e-006
-1.354	5.80856e-006
-1.353	5.89491e-006
-1.352	5.98154e-006
-1.351	6.0684e-006
-1.35	6.15543e-006
-1.349	6.24255e-006
-1.348	6.32972e-006
-1.347	6.41687e-006
-1.346	6.50394e-006
-1.345	6.59089e-006
-1.344	6.67767e-006
-1.343	6.76424e-006
-1.342	6.85056e-006
-1.341	6.93659e-006
-1.34	7.02231e-006
-1.339	7.10767e-006
-1.338	7.19267e-006
-1.337	7.27729e-006
-1.336	7.36152e-006
-1.335	7.44534e-006
-1.334	7.52877e-006
-1.333	7.6118e-006
-1.332	7.69446e-006
-1.331	7.77675e-006
-1.33	7.8587e-006
-1.329	7.94034e-006
-1.328	8.0217e-006
-1.327	8.10282e-006
-1.326	8.18375e-006
-1.325	8.26455e-006
-1.324	8.34526e-006
-1.323	8.42595e-006
-1.322	8.50671e-006
-1.321	8.58757e-006
-1.32	8.66863e-006
-1.319	8.74998e-006
-1.318	8.83169e-006
-1.317	8.91386e-006
-1.316	8.99658e-006
-1.315	9.07994e-006
-1.314	9.16405e-006
-1.313	9.24902e-006
-1.312	9.33495e-006
-1.311	9.42193e-006
-1.31	9.51009e-006
-1.309	9.59953e-006
-1.308	9.69037e-006
-1.307	9.78272e-006
-1.306	9.87669e-006
-1.305	9.97237e-006
-1.304	1.00699e-005
-1.303	1.01694e-005
-1.302	1.02709e-005
-1.301	1.03746e-005
-1.3	1.04806e-005
-1.299	1.05889e-005
-1.298	1.06997e-005
-1.297	1.0813e-005
-1.296	1.0929e-005
-1.295	1.10477e-005
-1.294	1.11692e-005
-1.293	1.12936e-005
-1.292	1.1421e-005
-1.291	1.15513e-005
-1.29	1.16848e-005
-1.289	1.18213e-005
-1.288	1.1961e-005
-1.287	1.2104e-005
-1.286	1.22502e-005
-1.285	1.23996e-005
-1.284	1.25524e-005
-1.283	1.27084e-005
-1.282	1.28678e-005
-1.281	1.30305e-005
-1.28	1.31965e-005
-1.279	1.33657e-005
-1.278	1.35383e-005
-1.277	1.3714e-005
-1.276	1.3893e-005
-1.275	1.40752e-005
-1.274	1.42604e-005
-1.273	1.44487e-005
-1.272	1.46401e-005
-1.271	1.48343e-005
-1.27	1.50314e-005
-1.269	1.52314e-005
-1.268	1.54341e-005
-1.267	1.56394e-005
-1.266	1.58472e-005
-1.265	1.60575e-005
-1.264	1.62702e-005
-1.263	1.64853e-005
-1.262	1.67024e-005
-1.261	1.69217e-005
-1.26	1.7143e-005
-1.259	1.73662e-005
-1.258	1.75911e-005
-1.257	1.78178e-005
-1.256	1.80461e-005
-1.255	1.82759e-005
-1.254	1.85072e-005
-1.253	1.87398e-005
-1.252	1.89736e-005
-1.251	1.92086e-005
-1.25	1.94447e-005
-1.249	1.96819e-005
-1.248	1.99199e-005
-1.247	2.01589e-005
-1.246	2.03987e-005
-1.245	2.06393e-005
-1.244	2.08807e-005
-1.243	2.11227e-005
-1.242	2.13654e-005
-1.241	2.16088e-005
-1.24	2.18528e-005
-1.239	2.20974e-005
-1.238	2.23426e-005
-1.237	2.25885e-005
-1.236	2.28351e-005
-1.235	2.30823e-005
-1.234	2.33303e-005
-1.233	2.3579e-005
-1.232	2.38285e-005
-1.231	2.40789e-005
-1.23	2.43302e-005
-1.229	2.45826e-005
-1.228	2.4836e-005
-1.227	2.50906e-005
-1.226	2.53465e-005
-1.225	2.56039e-005
-1.224	2.58627e-005
-1.223	2.61232e-005
-1.222	2.63854e-005
-1.221	2.66494e-005
-1.22	2.69156e-005
-1.219	2.71839e-005
-1.218	2.74546e-005
-1.217	2.77277e-005
-1.216	2.80034e-005
-1.215	2.82819e-005
-1.214	2.85634e-005
-1.213	2.8848e-005
-1.212	2.91359e-005
-1.211	2.94272e-005
-1.21	2.97222e-005
-1.209	3.00209e-005
-1.208	3.03236e-005
-1.207	3.06304e-005
-1.206	3.09415e-005
-1.205	3.12571e-005
-1.204	3.15773e-005
-1.203	3.19022e-005
-1.202	3.22321e-005
-1.201	3.2567e-005
-1.2	3.29071e-005
-1.199	3.32526e-005
-1.198	3.36036e-005
-1.197	3.39601e-005
-1.196	3.43224e-005
-1.195	3.46906e-005
-1.194	3.50647e-005
-1.193	3.54449e-005
-1.192	3.58312e-005
-1.191	3.62238e-005
-1.19	3.66227e-005
-1.189	3.70279e-005
-1.188	3.74396e-005
-1.187	3.78577e-005
-1.186	3.82824e-005
-1.185	3.87137e-005
-1.184	3.91516e-005
-1.183	3.9596e-005
-1.182	4.00472e-005
-1.181	4.05049e-005
-1.18	4.09692e-005
-1.179	4.14402e-005
-1.178	4.19178e-005
-1.177	4.24019e-005
-1.176	4.28926e-005
-1.175	4.33897e-005
-1.174	4.38933e-005
-1.173	4.44033e-005
-1.172	4.49195e-005
-1.171	4.54421e-005
-1.17	4.59709e-005
-1.169	4.65058e-005
-1.168	4.70467e-005
-1.167	4.75937e-005
-1.166	4.81466e-005
-1.165	4.87052e-005
-1.164	4.92697e-005
-1.163	4.98398e-005
-1.162	5.04156e-005
-1.161	5.09967e-005
-1.16	5.15834e-005
-1.159	5.21754e-005
-1.158	5.27727e-005
-1.157	5.33752e-005
-1.156	5.39828e-005
-1.155	5.45955e-005
-1.154	5.52133e-005
-1.153	5.5836e-005
-1.152	5.64636e-005
-1.151	5.70961e-005
-1.15	5.77335e-005
-1.149	5.83758e-005
-1.148	5.90228e-005
-1.147	5.96746e-005
-1.146	6.03312e-005
-1.145	6.09926e-005
-1.144	6.16588e-005
-1.143	6.23298e-005
-1.142	6.30057e-005
-1.141	6.36865e-005
-1.14	6.43723e-005
-1.139	6.50631e-005
-1.138	6.5759e-005
-1.137	6.64601e-005
-1.136	6.71664e-005
-1.135	6.78781e-005
-1.134	6.85953e-005
-1.133	6.9318e-005
-1.132	7.00465e-005
-1.131	7.07808e-005
-1.13	7.15212e-005
-1.129	7.22676e-005
-1.128	7.30203e-005
-1.127	7.37795e-005
-1.126	7.45454e-005
-1.125	7.53181e-005
-1.124	7.60978e-005
-1.123	7.68848e-005
-1.122	7.76792e-005
-1.121	7.84812e-005
-1.12	7.9291e-005
-1.119	8.01089e-005
-1.118	8.09351e-005
-1.117	8.17697e-005
-1.116	8.2613e-005
-1.115	8.34653e-005
-1.114	8.43267e-005
-1.113	8.51976e-005
-1.112	8.6078e-005
-1.111	8.69682e-005
-1.11	8.78685e-005
-1.109	8.87792e-005
-1.108	8.97003e-005
-1.107	9.06321e-005
-1.106	9.15749e-005
-1.105	9.2529e-005
-1.104	9.34943e-005
-1.103	9.44713e-005
-1.102	9.546e-005
-1.101	9.64607e-005
-1.1	9.74736e-005
-1.099	9.84988e-005
-1.098	9.95365e-005
-1.097	0.000100587
-1.096	0.00010165
-1.095	0.000102727
-1.094	0.000103816
-1.093	0.000104919
-1.092	0.000106036
-1.091	0.000107166
-1.09	0.000108309
-1.089	0.000109467
-1.088	0.000110639
-1.087	0.000111824
-1.086	0.000113024
-1.085	0.000114239
-1.084	0.000115467
-1.083	0.00011671
-1.082	0.000117968
-1.081	0.00011924
-1.08	0.000120527
-1.079	0.000121828
-1.078	0.000123145
-1.077	0.000124476
-1.076	0.000125822
-1.075	0.000127183
-1.074	0.00012856
-1.073	0.000129951
-1.072	0.000131357
-1.071	0.000132779
-1.07	0.000134215
-1.069	0.000135667
-1.068	0.000137135
-1.067	0.000138617
-1.066	0.000140115
-1.065	0.000141628
-1.064	0.000143157
-1.063	0.000144702
-1.062	0.000146262
-1.061	0.000147837
-1.06	0.000149429
-1.059	0.000151036
-1.058	0.000152659
-1.057	0.000154298
-1.056	0.000155954
-1.055	0.000157625
-1.054	0.000159312
-1.053	0.000161016
-1.052	0.000162737
-1.051	0.000164474
-1.05	0.000166228
-1.049	0.000167999
-1.048	0.000169786
-1.047	0.000171592
-1.046	0.000173414
-1.045	0.000175254
-1.044	0.000177112
-1.043	0.000178987
-1.042	0.000180881
-1.041	0.000182793
-1.04	0.000184724
-1.039	0.000186673
-1.038	0.000188642
-1.037	0.00019063
-1.036	0.000192637
-1.035	0.000194664
-1.034	0.000196711
-1.033	0.000198778
-1.032	0.000200866
-1.031	0.000202975
-1.03	0.000205105
-1.029	0.000207257
-1.028	0.00020943
-1.027	0.000211625
-1.026	0.000213842
-1.025	0.000216082
-1.024	0.000218346
-1.023	0.000220632
-1.022	0.000222942
-1.021	0.000225276
-1.02	0.000227635
-1.019	0.000230018
-1.018	0.000232425
-1.017	0.000234859
-1.016	0.000237318
-1.015	0.000239803
-1.014	0.000242313
-1.013	0.000244851
-1.012	0.000247416
-1.011	0.000250008
-1.01	0.000252627
-1.009	0.000255275
-1.008	0.000257951
-1.007	0.000260656
-1.006	0.000263389
-1.005	0.000266152
-1.004	0.000268945
-1.003	0.000271767
-1.002	0.00027462
-1.001	0.000277504
-1	0.000280418
-0.999	0.000283364
-0.998	0.000286341
-0.997	0.00028935
-0.996	0.000292391
-0.995	0.000295466
-0.994	0.000298573
-0.993	0.000301713
-0.992	0.000304886
-0.991	0.000308094
-0.99	0.000311335
-0.989	0.000314612
-0.988	0.000317923
-0.987	0.000321269
-0.986	0.000324651
-0.985	0.000328068
-0.984	0.000331522
-0.983	0.000335012
-0.982	0.000338539
-0.981	0.000342103
-0.98	0.000345704
-0.979	0.000349344
-0.978	0.000353021
-0.977	0.000356737
-0.976	0.000360492
-0.975	0.000364287
-0.974	0.000368121
-0.973	0.000371995
-0.972	0.000375909
-0.971	0.000379864
-0.97	0.000383861
-0.969	0.000387899
-0.968	0.000391979
-0.967	0.000396102
-0.966	0.000400267
-0.965	0.000404476
-0.964	0.000408729
-0.963	0.000413025
-0.962	0.000417367
-0.961	0.000421753
-0.96	0.000426186
-0.959	0.000430664
-0.958	0.000435189
-0.957	0.000439761
-0.956	0.000444381
-0.955	0.000449049
-0.954	0.000453766
-0.953	0.000458532
-0.952	0.000463348
-0.951	0.000468214
-0.95	0.000473131
-0.949	0.0004781
-0.948	0.00048312
-0.947	0.000488193
-0.946	0.00049332
-0.945	0.0004985
-0.944	0.000503735
-0.943	0.000509025
-0.942	0.00051437
-0.941	0.000519772
-0.94	0.000525231
-0.939	0.000530747
-0.938	0.000536321
-0.937	0.000541954
-0.936	0.000547647
-0.935	0.0005534
-0.934	0.000559213
-0.933	0.000565088
-0.932	0.000571025
-0.931	0.000577025
-0.93	0.000583089
-0.929	0.000589216
-0.928	0.000595408
-0.927	0.000601665
-0.926	0.000607989
-0.925	0.000614379
-0.924	0.000620837
-0.923	0.000627363
-0.922	0.000633958
-0.921	0.000640622
-0.92	0.000647357
-0.919	0.000654163
-0.918	0.000661041
-0.917	0.00066799
-0.916	0.000675013
-0.915	0.000682109
-0.914	0.00068928
-0.913	0.000696526
-0.912	0.000703848
-0.911	0.000711246
-0.91	0.000718722
-0.909	0.000726276
-0.908	0.000733909
-0.907	0.000741621
-0.906	0.000749414
-0.905	0.000757288
-0.904	0.000765244
-0.903	0.000773283
-0.902	0.000781405
-0.901	0.000789611
-0.9	0.000797902
-0.899	0.000806279
-0.898	0.000814742
-0.897	0.000823294
-0.896	0.000831934
-0.895	0.000840663
-0.894	0.000849483
-0.893	0.000858393
-0.892	0.000867395
-0.891	0.000876492
-0.89	0.000885682
-0.889	0.000894967
-0.888	0.000904347
-0.887	0.000913823
-0.886	0.000923399
-0.885	0.000933073
-0.884	0.000942845
-0.883	0.000952721
-0.882	0.000962697
-0.881	0.000972777
-0.88	0.000982961
-0.879	0.00099325
-0.878	0.00100365
-0.877	0.00101415
-0.876	0.00102476
-0.875	0.00103549
-0.874	0.00104632
-0.873	0.00105727
-0.872	0.00106833
-0.871	0.00107951
-0.87	0.0010908
-0.869	0.00110221
-0.868	0.00111374
-0.867	0.00112539
-0.866	0.00113716
-0.865	0.00114906
-0.864	0.00116108
-0.863	0.00117323
-0.862	0.0011855
-0.861	0.00119791
-0.86	0.00121045
-0.859	0.00122311
-0.858	0.00123591
-0.857	0.00124885
-0.856	0.00126192
-0.855	0.00127513
-0.854	0.00128849
-0.853	0.00130198
-0.852	0.00131561
-0.851	0.00132939
-0.85	0.00134332
-0.849	0.0013574
-0.848	0.00137162
-0.847	0.001386
-0.846	0.00140053
-0.845	0.00141521
-0.844	0.00143005
-0.843	0.00144505
-0.842	0.00146021
-0.841	0.00147553
-0.84	0.00149101
-0.839	0.00150666
-0.838	0.00152247
-0.837	0.00153845
-0.836	0.00155461
-0.835	0.00157093
-0.834	0.00158743
-0.833	0.00160411
-0.832	0.00162096
-0.831	0.00163799
-0.83	0.0016552
-0.829	0.00167259
-0.828	0.00169017
-0.827	0.00170794
-0.826	0.00172589
-0.825	0.00174403
-0.824	0.00176237
-0.823	0.0017809
-0.822	0.00179962
-0.821	0.00181854
-0.82	0.00183767
-0.819	0.00185699
-0.818	0.00187651
-0.817	0.00189625
-0.816	0.00191619
-0.815	0.00193634
-0.814	0.0019567
-0.813	0.00197727
-0.812	0.00199806
-0.811	0.00201906
-0.81	0.00204029
-0.809	0.00206174
-0.808	0.00208341
-0.807	0.00210531
-0.806	0.00212743
-0.805	0.00214979
-0.804	0.00217238
-0.803	0.0021952
-0.802	0.00221827
-0.801	0.00224157
-0.8	0.00226511
-0.799	0.0022889
-0.798	0.00231294
-0.797	0.00233722
-0.796	0.00236176
-0.795	0.00238654
-0.794	0.00241159
-0.793	0.0024369
-0.792	0.00246247
-0.791	0.00248831
-0.79	0.00251441
-0.789	0.00254078
-0.788	0.00256743
-0.787	0.00259436
-0.786	0.00262156
-0.785	0.00264904
-0.784	0.00267681
-0.783	0.00270488
-0.782	0.00273322
-0.781	0.00276187
-0.78	0.00279081
-0.779	0.00282006
-0.778	0.00284961
-0.777	0.00287947
-0.776	0.00290964
-0.775	0.00294012
-0.774	0.00297092
-0.773	0.00300205
-0.772	0.0030335
-0.771	0.00306527
-0.77	0.00309738
-0.769	0.00312983
-0.768	0.00316261
-0.767	0.00319574
-0.766	0.00322922
-0.765	0.00326305
-0.764	0.00329724
-0.763	0.00333178
-0.762	0.00336669
-0.761	0.00340196
-0.76	0.00343761
-0.759	0.00347364
-0.758	0.00351004
-0.757	0.00354682
-0.756	0.003584
-0.755	0.00362157
-0.754	0.00365953
-0.753	0.00369789
-0.752	0.00373666
-0.751	0.00377585
-0.75	0.00381544
-0.749	0.00385546
-0.748	0.00389589
-0.747	0.00393676
-0.746	0.00397806
-0.745	0.00401979
-0.744	0.00406197
-0.743	0.0041046
-0.742	0.00414767
-0.741	0.00419121
-0.74	0.0042352
-0.739	0.00427965
-0.738	0.00432458
-0.737	0.00436999
-0.736	0.00441587
-0.735	0.00446224
-0.734	0.0045091
-0.733	0.00455646
-0.732	0.00460432
-0.731	0.00465269
-0.73	0.00470156
-0.729	0.00475095
-0.728	0.00480087
-0.727	0.00485131
-0.726	0.00490228
-0.725	0.00495378
-0.724	0.00500584
-0.723	0.00505844
-0.722	0.0051116
-0.721	0.00516531
-0.72	0.0052196
-0.719	0.00527445
-0.718	0.00532988
-0.717	0.00538589
-0.716	0.0054425
-0.715	0.0054997
-0.714	0.0055575
-0.713	0.0056159
-0.712	0.00567492
-0.711	0.00573455
-0.71	0.00579482
-0.709	0.00585571
-0.708	0.00591724
-0.707	0.00597943
-0.706	0.00604225
-0.705	0.00610575
-0.704	0.00616989
-0.703	0.00623473
-0.702	0.00630023
-0.701	0.00636642
-0.7	0.00643331
-0.699	0.00650089
-0.698	0.00656917
-0.697	0.00663818
-0.696	0.0067079
-0.695	0.00677836
-0.694	0.00684955
-0.693	0.00692149
-0.692	0.00699417
-0.691	0.00706762
-0.69	0.00714184
-0.689	0.00721683
-0.688	0.00729261
-0.687	0.00736918
-0.686	0.00744655
-0.685	0.00752473
-0.684	0.00760373
-0.683	0.00768356
-0.682	0.00776421
-0.681	0.00784571
-0.68	0.00792806
-0.679	0.00801127
-0.678	0.00809537
-0.677	0.00818034
-0.676	0.0082662
-0.675	0.00835296
-0.674	0.00844062
-0.673	0.00852921
-0.672	0.00861873
-0.671	0.00870918
-0.67	0.00880058
-0.669	0.00889294
-0.668	0.00898626
-0.667	0.00908057
-0.666	0.00917587
-0.665	0.00927216
-0.664	0.00936947
-0.663	0.0094678
-0.662	0.00956716
-0.661	0.00966758
-0.66	0.00976904
-0.659	0.00987156
-0.658	0.00997517
-0.657	0.0100799
-0.656	0.0101857
-0.655	0.0102926
-0.654	0.0104006
-0.653	0.0105098
-0.652	0.0106201
-0.651	0.0107316
-0.65	0.0108442
-0.649	0.010958
-0.648	0.0110731
-0.647	0.0111893
-0.646	0.0113068
-0.645	0.0114255
-0.644	0.0115455
-0.643	0.0116667
-0.642	0.0117892
-0.641	0.011913
-0.64	0.0120381
-0.639	0.0121645
-0.638	0.0122922
-0.637	0.0124213
-0.636	0.0125517
-0.635	0.0126835
-0.634	0.0128168
-0.633	0.0129514
-0.632	0.0130874
-0.631	0.0132248
-0.63	0.0133637
-0.629	0.0135041
-0.628	0.013646
-0.627	0.0137893
-0.626	0.0139341
-0.625	0.0140805
-0.624	0.0142284
-0.623	0.0143779
-0.622	0.0145289
-0.621	0.0146815
-0.62	0.0148358
-0.619	0.0149916
-0.618	0.0151491
-0.617	0.0153083
-0.616	0.0154691
-0.615	0.0156316
-0.614	0.0157958
-0.613	0.0159618
-0.612	0.0161295
-0.611	0.0162989
-0.61	0.0164701
-0.609	0.0166432
-0.608	0.016818
-0.607	0.0169947
-0.606	0.0171733
-0.605	0.0173537
-0.604	0.017536
-0.603	0.0177202
-0.602	0.0179064
-0.601	0.0180946
-0.6	0.0182846
-0.599	0.0184767
-0.598	0.0186709
-0.597	0.018867
-0.596	0.0190652
-0.595	0.0192655
-0.594	0.0194679
-0.593	0.0196724
-0.592	0.0198791
-0.591	0.0200879
-0.59	0.020299
-0.589	0.0205122
-0.588	0.0207277
-0.587	0.0209455
-0.586	0.0211655
-0.585	0.0213878
-0.584	0.0216125
-0.583	0.0218396
-0.582	0.022069
-0.581	0.0223008
-0.58	0.0225351
-0.579	0.0227718
-0.578	0.023011
-0.577	0.0232527
-0.576	0.023497
-0.575	0.0237438
-0.574	0.0239932
-0.573	0.0242453
-0.572	0.0244999
-0.571	0.0247573
-0.57	0.0250173
-0.569	0.0252801
-0.568	0.0255457
-0.567	0.0258139
-0.566	0.0260851
-0.565	0.0263591
-0.564	0.0266359
-0.563	0.0269157
-0.562	0.0271984
-0.561	0.0274841
-0.56	0.0277728
-0.559	0.0280645
-0.558	0.0283592
-0.557	0.0286571
-0.556	0.0289581
-0.555	0.0292622
-0.554	0.0295695
-0.553	0.0298801
-0.552	0.0301939
-0.551	0.030511
-0.55	0.0308314
-0.549	0.0311552
-0.548	0.0314825
-0.547	0.0318131
-0.546	0.0321472
-0.545	0.0324849
-0.544	0.032826
-0.543	0.0331708
-0.542	0.0335192
-0.541	0.0338712
-0.54	0.0342269
-0.539	0.0345864
-0.538	0.0349496
-0.537	0.0353167
-0.536	0.0356876
-0.535	0.0360624
-0.534	0.0364412
-0.533	0.0368239
-0.532	0.0372107
-0.531	0.0376015
-0.53	0.0379964
-0.529	0.0383955
-0.528	0.0387987
-0.527	0.0392062
-0.526	0.039618
-0.525	0.0400341
-0.524	0.0404547
-0.523	0.0408796
-0.522	0.0413089
-0.521	0.0417429
-0.52	0.0421813
-0.519	0.0426244
-0.518	0.0430721
-0.517	0.0435245
-0.516	0.0439817
-0.515	0.0444438
-0.514	0.0449106
-0.513	0.0453824
-0.512	0.0458591
-0.511	0.0463408
-0.51	0.0468276
-0.509	0.0473195
-0.508	0.0478166
-0.507	0.0483189
-0.506	0.0488265
-0.505	0.0493394
-0.504	0.0498577
-0.503	0.0503815
-0.502	0.0509108
-0.501	0.0514456
-0.5	0.051986
-0.499	0.0525322
-0.498	0.053084
-0.497	0.0536417
-0.496	0.0542052
-0.495	0.0547746
-0.494	0.0553501
-0.493	0.0559316
-0.492	0.0565192
-0.491	0.0571129
-0.49	0.0577129
-0.489	0.0583192
-0.488	0.0589319
-0.487	0.059551
-0.486	0.0601767
-0.485	0.0608089
-0.484	0.0614477
-0.483	0.0620933
-0.482	0.0627456
-0.481	0.0634047
-0.48	0.0640708
-0.479	0.064744
-0.478	0.0654241
-0.477	0.0661114
-0.476	0.066806
-0.475	0.0675078
-0.474	0.0682171
-0.473	0.0689337
-0.472	0.0696579
-0.471	0.0703897
-0.47	0.0711292
-0.469	0.0718764
-0.468	0.0726315
-0.467	0.0733946
-0.466	0.0741656
-0.465	0.0749448
-0.464	0.0757321
-0.463	0.0765277
-0.462	0.0773316
-0.461	0.078144
-0.46	0.0789649
-0.459	0.0797945
-0.458	0.0806328
-0.457	0.0814799
-0.456	0.0823358
-0.455	0.0832007
-0.454	0.0840748
-0.453	0.0849579
-0.452	0.0858504
-0.451	0.0867522
-0.45	0.0876635
-0.449	0.0885845
-0.448	0.0895149
-0.447	0.0904552
-0.446	0.0914053
-0.445	0.0923655
-0.444	0.0933358
-0.443	0.0943162
-0.442	0.0953068
-0.441	0.096308
-0.44	0.0973195
-0.439	0.0983417
-0.438	0.0993747
-0.437	0.100418
-0.436	0.101473
-0.435	0.102539
-0.434	0.103616
-0.433	0.104704
-0.432	0.105804
-0.431	0.106915
-0.43	0.108038
-0.429	0.109173
-0.428	0.11032
-0.427	0.111478
-0.426	0.112649
-0.425	0.113832
-0.424	0.115028
-0.423	0.116236
-0.422	0.117457
-0.421	0.118691
-0.42	0.119937
-0.419	0.121197
-0.418	0.12247
-0.417	0.123756
-0.416	0.125056
-0.415	0.12637
-0.414	0.12774
-0.413	0.129213
-0.412	0.13079
-0.411	0.132471
-0.41	0.134259
-0.409	0.136153
-0.408	0.138153
-0.407	0.14026
-0.406	0.142474
-0.405	0.144795
-0.404	0.147221
-0.403	0.149753
-0.402	0.152389
-0.401	0.155128
-0.4	0.157969
-0.399	0.160911
-0.398	0.163951
-0.397	0.167087
-0.396	0.170318
-0.395	0.173641
-0.394	0.177055
-0.393	0.180555
-0.392	0.184139
-0.391	0.187805
-0.39	0.191549
-0.389	0.195369
-0.388	0.199261
-0.387	0.20322
-0.386	0.207245
-0.385	0.211331
-0.384	0.215475
-0.383	0.219673
-0.382	0.22392
-0.381	0.228214
-0.38	0.23255
-0.379	0.236925
-0.378	0.241335
-0.377	0.245774
-0.376	0.250241
-0.375	0.25473
-0.374	0.259238
-0.373	0.263762
-0.372	0.268297
-0.371	0.27284
-0.37	0.277386
-0.369	0.281934
-0.368	0.286479
-0.367	0.291017
-0.366	0.295547
-0.365	0.300064
-0.364	0.304625
-0.363	0.309285
-0.362	0.314037
-0.361	0.318872
-0.36	0.323785
-0.359	0.328764
-0.358	0.333805
-0.357	0.338896
-0.356	0.344031
-0.355	0.3492
-0.354	0.354397
-0.353	0.35961
-0.352	0.364834
-0.351	0.370057
-0.35	0.375273
-0.349	0.380472
-0.348	0.385646
-0.347	0.390787
-0.346	0.395885
-0.345	0.400934
-0.344	0.405923
-0.343	0.410846
-0.342	0.415693
-0.341	0.420459
-0.34	0.425133
-0.339	0.429709
-0.338	0.434179
-0.337	0.438536
-0.336	0.442772
-0.335	0.446884
-0.334	0.450859
-0.333	0.454696
-0.332	0.458386
-0.331	0.461924
-0.33	0.465303
-0.329	0.46852
-0.328	0.471568
-0.327	0.474443
-0.326	0.47714
-0.325	0.479655
-0.324	0.481984
-0.323	0.484123
-0.322	0.48607
-0.321	0.487821
-0.32	0.489373
-0.319	0.490726
-0.318	0.491875
-0.317	0.49282
-0.316	0.49356
-0.315	0.494094
-0.314	0.494422
-0.313	0.494542
-0.312	0.494457
-0.311	0.494165
-0.31	0.493668
-0.309	0.492968
-0.308	0.492066
-0.307	0.490963
-0.306	0.489662
-0.305	0.488167
-0.304	0.486478
-0.303	0.484603
-0.302	0.482541
-0.301	0.480298
-0.3	0.477878
-0.299	0.475287
-0.298	0.472527
-0.297	0.469606
-0.296	0.466528
-0.295	0.463299
-0.294	0.459925
-0.293	0.456412
-0.292	0.452767
-0.291	0.448997
-0.29	0.445107
-0.289	0.441107
-0.288	0.437003
-0.287	0.432801
-0.286	0.428512
-0.285	0.424139
-0.284	0.419695
-0.283	0.415186
-0.282	0.410619
-0.281	0.406004
-0.28	0.401349
-0.279	0.396661
-0.278	0.391952
-0.277	0.387228
-0.276	0.382497
-0.275	0.377769
-0.274	0.373052
-0.273	0.368354
-0.272	0.363685
-0.271	0.359053
-0.27	0.354465
-0.269	0.349932
-0.268	0.34546
-0.267	0.341057
-0.266	0.336733
-0.265	0.332494
-0.264	0.328349
-0.263	0.324306
-0.262	0.320369
-0.261	0.316551
-0.26	0.312853
-0.259	0.309286
-0.258	0.305855
-0.257	0.302567
-0.256	0.299427
-0.255	0.296442
-0.254	0.293616
-0.253	0.290956
-0.252	0.288467
-0.251	0.286152
-0.25	0.284018
-0.249	0.282067
-0.248	0.280303
-0.247	0.278731
-0.246	0.277353
-0.245	0.276171
-0.244	0.27519
-0.243	0.27441
-0.242	0.273834
-0.241	0.273461
-0.24	0.273295
-0.239	0.273336
-0.238	0.273584
-0.237	0.274039
-0.236	0.274701
-0.235	0.275568
-0.234	0.276641
-0.233	0.277917
-0.232	0.279396
-0.231	0.281073
-0.23	0.282949
-0.229	0.285019
-0.228	0.287279
-0.227	0.289729
-0.226	0.292362
-0.225	0.295176
-0.224	0.298165
-0.223	0.301326
-0.222	0.304652
-0.221	0.308139
-0.22	0.311781
-0.219	0.315573
-0.218	0.319508
-0.217	0.323581
-0.216	0.327783
-0.215	0.332109
-0.214	0.336552
-0.213	0.341104
-0.212	0.345758
-0.211	0.350507
-0.21	0.355343
-0.209	0.360257
-0.208	0.365243
-0.207	0.37029
-0.206	0.375393
-0.205	0.380541
-0.204	0.385728
-0.203	0.390944
-0.202	0.39618
-0.201	0.401429
-0.2	0.406681
-0.199	0.411928
-0.198	0.417162
-0.197	0.422374
-0.196	0.427555
-0.195	0.432697
-0.194	0.437791
-0.193	0.44283
-0.192	0.447804
-0.191	0.452707
-0.19	0.457529
-0.189	0.462264
-0.188	0.466903
-0.187	0.471438
-0.186	0.475862
-0.185	0.480171
-0.184	0.484352
-0.183	0.488404
-0.182	0.492318
-0.181	0.496086
-0.18	0.499705
-0.179	0.503168
-0.178	0.50647
-0.177	0.509604
-0.176	0.512568
-0.175	0.515354
-0.174	0.517961
-0.173	0.520382
-0.172	0.522616
-0.171	0.524658
-0.17	0.526504
-0.169	0.528154
-0.168	0.529604
-0.167	0.530851
-0.166	0.531896
-0.165	0.532735
-0.164	0.533369
-0.163	0.533796
-0.162	0.534017
-0.161	0.53403
-0.16	0.533838
-0.159	0.53344
-0.158	0.532838
-0.157	0.532034
-0.156	0.531028
-0.155	0.529825
-0.154	0.528425
-0.153	0.526832
-0.152	0.525049
-0.151	0.523079
-0.15	0.520927
-0.149	0.518597
-0.148	0.516093
-0.147	0.51342
-0.146	0.510583
-0.145	0.507588
-0.144	0.504439
-0.143	0.501144
-0.142	0.497707
-0.141	0.494137
-0.14	0.490437
-0.139	0.486618
-0.138	0.482684
-0.137	0.478645
-0.136	0.474505
-0.135	0.470273
-0.134	0.46596
-0.133	0.461568
-0.132	0.45711
-0.131	0.452593
-0.13	0.448023
-0.129	0.443411
-0.128	0.438764
-0.127	0.43409
-0.126	0.429399
-0.125	0.4247
-0.124	0.42
-0.123	0.415308
-0.122	0.410632
-0.121	0.405983
-0.12	0.401367
-0.119	0.396793
-0.118	0.39227
-0.117	0.387805
-0.116	0.383409
-0.115	0.379086
-0.114	0.374848
-0.113	0.3707
-0.112	0.36665
-0.111	0.362708
-0.11	0.358876
-0.109	0.355167
-0.108	0.351584
-0.107	0.348136
-0.106	0.344828
-0.105	0.341667
-0.104	0.338658
-0.103	0.335807
-0.102	0.33312
-0.101	0.330602
-0.1	0.328257
