-4	7.29183e-011
-3.999	7.25587e-011
-3.998	7.28303e-011
-3.997	7.27868e-011
-3.996	7.2525e-011
-3.995	7.29678e-011
-3.994	7.29819e-011
-3.993	7.26579e-011
-3.992	7.25491e-011
-3.991	7.23838e-011
-3.99	7.21328e-011
-3.989	7.19624e-011
-3.988	7.23522e-011
-3.987	7.2371e-011
-3.986	7.18392e-011
-3.985	7.17895e-011
-3.984	7.19245e-011
-3.983	7.1563e-011
-3.982	7.1179e-011
-3.981	7.14297e-011
-3.98	7.11319e-011
-3.979	7.07464e-011
-3.978	7.10448e-011
-3.977	7.06318e-011
-3.976	7.02387e-011
-3.975	7.02038e-011
-3.974	6.98171e-011
-3.973	6.95561e-011
-3.972	6.93693e-011
-3.971	6.93008e-011
-3.97	6.91006e-011
-3.969	6.85296e-011
-3.968	6.83467e-011
-3.967	6.83414e-011
-3.966	6.79773e-011
-3.965	6.79296e-011
-3.964	6.78964e-011
-3.963	6.74063e-011
-3.962	6.72567e-011
-3.961	6.6879e-011
-3.96	6.63368e-011
-3.959	6.6443e-011
-3.958	6.60815e-011
-3.957	6.55118e-011
-3.956	6.53661e-011
-3.955	6.49096e-011
-3.954	6.45616e-011
-3.953	6.43743e-011
-3.952	6.39442e-011
-3.951	6.36562e-011
-3.95	6.33341e-011
-3.949	6.27808e-011
-3.948	6.25131e-011
-3.947	6.23652e-011
-3.946	6.18641e-011
-3.945	6.17497e-011
-3.944	6.15755e-011
-3.943	6.07576e-011
-3.942	6.0426e-011
-3.941	5.9952e-011
-3.94	5.95682e-011
-3.939	5.95581e-011
-3.938	5.87445e-011
-3.937	5.85772e-011
-3.936	5.85452e-011
-3.935	5.76966e-011
-3.934	5.73717e-011
-3.933	5.70676e-011
-3.932	5.67936e-011
-3.931	5.65647e-011
-3.93	5.60529e-011
-3.929	5.55814e-011
-3.928	5.51511e-011
-3.927	5.47971e-011
-3.926	5.39563e-011
-3.925	5.33774e-011
-3.924	5.3323e-011
-3.923	5.27887e-011
-3.922	5.23735e-011
-3.921	5.22085e-011
-3.92	5.19332e-011
-3.919	5.1474e-011
-3.918	5.10863e-011
-3.917	5.08235e-011
-3.916	5.03484e-011
-3.915	5.00007e-011
-3.914	4.94047e-011
-3.913	4.90053e-011
-3.912	4.89618e-011
-3.911	4.84287e-011
-3.91	4.80483e-011
-3.909	4.74359e-011
-3.908	4.68441e-011
-3.907	4.68654e-011
-3.906	4.63207e-011
-3.905	4.57982e-011
-3.904	4.56577e-011
-3.903	4.5094e-011
-3.902	4.46417e-011
-3.901	4.43739e-011
-3.9	4.38953e-011
-3.899	4.36493e-011
-3.898	4.34492e-011
-3.897	4.29216e-011
-3.896	4.2695e-011
-3.895	4.25265e-011
-3.894	4.19398e-011
-3.893	4.16405e-011
-3.892	4.12221e-011
-3.891	4.05954e-011
-3.89	4.06727e-011
-3.889	4.02394e-011
-3.888	3.9471e-011
-3.887	3.95044e-011
-3.886	3.90959e-011
-3.885	3.86947e-011
-3.884	3.86444e-011
-3.883	3.818e-011
-3.882	3.799e-011
-3.881	3.77981e-011
-3.88	3.74377e-011
-3.879	3.7135e-011
-3.878	3.65376e-011
-3.877	3.63827e-011
-3.876	3.64159e-011
-3.875	3.57917e-011
-3.874	3.5601e-011
-3.873	3.5579e-011
-3.872	3.49895e-011
-3.871	3.49385e-011
-3.87	3.47038e-011
-3.869	3.40778e-011
-3.868	3.41927e-011
-3.867	3.39779e-011
-3.866	3.35829e-011
-3.865	3.37088e-011
-3.864	3.34883e-011
-3.863	3.33102e-011
-3.862	3.33477e-011
-3.861	3.31533e-011
-3.86	3.2918e-011
-3.859	3.25865e-011
-3.858	3.23735e-011
-3.857	3.22685e-011
-3.856	3.20106e-011
-3.855	3.17654e-011
-3.854	3.16782e-011
-3.853	3.16167e-011
-3.852	3.13717e-011
-3.851	3.14359e-011
-3.85	3.13949e-011
-3.849	3.10974e-011
-3.848	3.13278e-011
-3.847	3.11605e-011
-3.846	3.10437e-011
-3.845	3.11969e-011
-3.844	3.08943e-011
-3.843	3.10395e-011
-3.842	3.09461e-011
-3.841	3.07714e-011
-3.84	3.08333e-011
-3.839	3.06939e-011
-3.838	3.10137e-011
-3.837	3.08243e-011
-3.836	3.06122e-011
-3.835	3.08806e-011
-3.834	3.07098e-011
-3.833	3.07738e-011
-3.832	3.08713e-011
-3.831	3.08819e-011
-3.83	3.10443e-011
-3.829	3.11794e-011
-3.828	3.13577e-011
-3.827	3.12851e-011
-3.826	3.13215e-011
-3.825	3.16827e-011
-3.824	3.16482e-011
-3.823	3.14724e-011
-3.822	3.18652e-011
-3.821	3.19797e-011
-3.82	3.19177e-011
-3.819	3.2268e-011
-3.818	3.2371e-011
-3.817	3.2686e-011
-3.816	3.27943e-011
-3.815	3.26973e-011
-3.814	3.30898e-011
-3.813	3.30845e-011
-3.812	3.3182e-011
-3.811	3.34149e-011
-3.81	3.35268e-011
-3.809	3.38531e-011
-3.808	3.40306e-011
-3.807	3.43792e-011
-3.806	3.44798e-011
-3.805	3.44363e-011
-3.804	3.47663e-011
-3.803	3.51214e-011
-3.802	3.54316e-011
-3.801	3.56405e-011
-3.8	3.60885e-011
-3.799	3.63641e-011
-3.798	3.65354e-011
-3.797	3.69417e-011
-3.796	3.70486e-011
-3.795	3.73832e-011
-3.794	3.7651e-011
-3.793	3.78438e-011
-3.792	3.83763e-011
-3.791	3.84928e-011
-3.79	3.88431e-011
-3.789	3.93673e-011
-3.788	3.94367e-011
-3.787	3.98215e-011
-3.786	4.02193e-011
-3.785	4.03075e-011
-3.784	4.05605e-011
-3.783	4.11457e-011
-3.782	4.16397e-011
-3.781	4.19285e-011
-3.78	4.23444e-011
-3.779	4.24418e-011
-3.778	4.30528e-011
-3.777	4.37637e-011
-3.776	4.35198e-011
-3.775	4.39991e-011
-3.774	4.46926e-011
-3.773	4.49581e-011
-3.772	4.51454e-011
-3.771	4.52594e-011
-3.77	4.599e-011
-3.769	4.64355e-011
-3.768	4.6702e-011
-3.767	4.72321e-011
-3.766	4.76587e-011
-3.765	4.82306e-011
-3.764	4.85194e-011
-3.763	4.84301e-011
-3.762	4.88327e-011
-3.761	4.96514e-011
-3.76	4.9684e-011
-3.759	5.00485e-011
-3.758	5.08031e-011
-3.757	5.07925e-011
-3.756	5.12038e-011
-3.755	5.17372e-011
-3.754	5.22114e-011
-3.753	5.26617e-011
-3.752	5.31284e-011
-3.751	5.37926e-011
-3.75	5.38914e-011
-3.749	5.43254e-011
-3.748	5.47577e-011
-3.747	5.49619e-011
-3.746	5.54091e-011
-3.745	5.56679e-011
-3.744	5.63456e-011
-3.743	5.67182e-011
-3.742	5.69158e-011
-3.741	5.7444e-011
-3.74	5.75713e-011
-3.739	5.80845e-011
-3.738	5.8581e-011
-3.737	5.87132e-011
-3.736	5.91426e-011
-3.735	5.93311e-011
-3.734	5.95432e-011
-3.733	6.00186e-011
-3.732	6.04907e-011
-3.731	6.08547e-011
-3.73	6.10202e-011
-3.729	6.1459e-011
-3.728	6.20614e-011
-3.727	6.25025e-011
-3.726	6.278e-011
-3.725	6.30856e-011
-3.724	6.36175e-011
-3.723	6.39802e-011
-3.722	6.40242e-011
-3.721	6.43234e-011
-3.72	6.47215e-011
-3.719	6.49105e-011
-3.718	6.53933e-011
-3.717	6.57789e-011
-3.716	6.61154e-011
-3.715	6.61977e-011
-3.714	6.60771e-011
-3.713	6.64468e-011
-3.712	6.64287e-011
-3.711	6.67126e-011
-3.71	6.73877e-011
-3.709	6.78706e-011
-3.708	6.81949e-011
-3.707	6.80692e-011
-3.706	6.84724e-011
-3.705	6.88136e-011
-3.704	6.88753e-011
-3.703	6.92798e-011
-3.702	6.95027e-011
-3.701	6.96348e-011
-3.7	6.98753e-011
-3.699	6.98843e-011
-3.698	6.98127e-011
-3.697	7.02299e-011
-3.696	7.01944e-011
-3.695	7.02024e-011
-3.694	7.08347e-011
-3.693	7.0679e-011
-3.692	7.07611e-011
-3.691	7.12833e-011
-3.69	7.12133e-011
-3.689	7.13778e-011
-3.688	7.14027e-011
-3.687	7.11585e-011
-3.686	7.15218e-011
-3.685	7.185e-011
-3.684	7.18133e-011
-3.683	7.16297e-011
-3.682	7.16405e-011
-3.681	7.20545e-011
-3.68	7.21534e-011
-3.679	7.20298e-011
-3.678	7.20559e-011
-3.677	7.21328e-011
-3.676	7.20903e-011
-3.675	7.23403e-011
-3.674	7.2392e-011
-3.673	7.1849e-011
-3.672	7.21072e-011
-3.671	7.18934e-011
-3.67	7.17629e-011
-3.669	7.23105e-011
-3.668	7.19044e-011
-3.667	7.21728e-011
-3.666	7.19604e-011
-3.665	7.16367e-011
-3.664	7.21052e-011
-3.663	7.17734e-011
-3.662	7.16221e-011
-3.661	7.16052e-011
-3.66	7.18077e-011
-3.659	7.12052e-011
-3.658	7.08563e-011
-3.657	7.09902e-011
-3.656	7.03367e-011
-3.655	7.06601e-011
-3.654	7.03945e-011
-3.653	7.03932e-011
-3.652	7.06005e-011
-3.651	6.99609e-011
-3.65	7.01762e-011
-3.649	6.99511e-011
-3.648	6.95292e-011
-3.647	6.94172e-011
-3.646	6.91332e-011
-3.645	6.87656e-011
-3.644	6.85866e-011
-3.643	6.84526e-011
-3.642	6.81085e-011
-3.641	6.79839e-011
-3.64	6.80284e-011
-3.639	6.77171e-011
-3.638	6.71901e-011
-3.637	6.73774e-011
-3.636	6.7056e-011
-3.635	6.6486e-011
-3.634	6.64477e-011
-3.633	6.61095e-011
-3.632	6.59079e-011
-3.631	6.5668e-011
-3.63	6.53085e-011
-3.629	6.49466e-011
-3.628	6.44525e-011
-3.627	6.38979e-011
-3.626	6.38837e-011
-3.625	6.36619e-011
-3.624	6.3107e-011
-3.623	6.30045e-011
-3.622	6.24159e-011
-3.621	6.2174e-011
-3.62	6.19877e-011
-3.619	6.13365e-011
-3.618	6.11991e-011
-3.617	6.113e-011
-3.616	6.05042e-011
-3.615	5.98856e-011
-3.614	5.98996e-011
-3.613	5.93111e-011
-3.612	5.87809e-011
-3.611	5.8656e-011
-3.61	5.81318e-011
-3.609	5.79766e-011
-3.608	5.75693e-011
-3.607	5.70773e-011
-3.606	5.68525e-011
-3.605	5.63336e-011
-3.604	5.61117e-011
-3.603	5.58816e-011
-3.602	5.5133e-011
-3.601	5.47721e-011
-3.6	5.44365e-011
-3.599	5.39195e-011
-3.598	5.36131e-011
-3.597	5.30223e-011
-3.596	5.25246e-011
-3.595	5.21535e-011
-3.594	5.18851e-011
-3.593	5.15524e-011
-3.592	5.11582e-011
-3.591	5.08474e-011
-3.59	5.05186e-011
-3.589	5.01653e-011
-3.588	4.95625e-011
-3.587	4.91494e-011
-3.586	4.87901e-011
-3.585	4.84736e-011
-3.584	4.79292e-011
-3.583	4.76701e-011
-3.582	4.75054e-011
-3.581	4.67518e-011
-3.58	4.65211e-011
-3.579	4.62638e-011
-3.578	4.59078e-011
-3.577	4.53279e-011
-3.576	4.48146e-011
-3.575	4.4722e-011
-3.574	4.40972e-011
-3.573	4.36315e-011
-3.572	4.34261e-011
-3.571	4.31333e-011
-3.57	4.27477e-011
-3.569	4.22977e-011
-3.568	4.17894e-011
-3.567	4.16801e-011
-3.566	4.14393e-011
-3.565	4.05505e-011
-3.564	4.05412e-011
-3.563	4.00602e-011
-3.562	3.95211e-011
-3.561	3.95674e-011
-3.56	3.89469e-011
-3.559	3.9072e-011
-3.558	3.87944e-011
-3.557	3.84217e-011
-3.556	3.8212e-011
-3.555	3.75774e-011
-3.554	3.73638e-011
-3.553	3.69854e-011
-3.552	3.68254e-011
-3.551	3.62532e-011
-3.55	3.60667e-011
-3.549	3.57877e-011
-3.548	3.52106e-011
-3.547	3.54316e-011
-3.546	3.47869e-011
-3.545	3.4403e-011
-3.544	3.44176e-011
-3.543	3.41569e-011
-3.542	3.40684e-011
-3.541	3.38006e-011
-3.54	3.37391e-011
-3.539	3.35673e-011
-3.538	3.31289e-011
-3.537	3.31335e-011
-3.536	3.29501e-011
-3.535	3.24815e-011
-3.534	3.25161e-011
-3.533	3.23721e-011
-3.532	3.21656e-011
-3.531	3.20027e-011
-3.53	3.18503e-011
-3.529	3.16192e-011
-3.528	3.13938e-011
-3.527	3.12768e-011
-3.526	3.07986e-011
-3.525	3.10185e-011
-3.524	3.08929e-011
-3.523	3.06328e-011
-3.522	3.1154e-011
-3.521	3.08242e-011
-3.52	3.07296e-011
-3.519	3.06829e-011
-3.518	3.04429e-011
-3.517	3.06865e-011
-3.516	3.05458e-011
-3.515	3.03557e-011
-3.514	3.02741e-011
-3.513	3.02399e-011
-3.512	2.99668e-011
-3.511	3.01272e-011
-3.51	3.0313e-011
-3.509	3.01258e-011
-3.508	3.02849e-011
-3.507	3.01253e-011
-3.506	3.03965e-011
-3.505	3.04125e-011
-3.504	3.02405e-011
-3.503	3.05495e-011
-3.502	3.04344e-011
-3.501	3.04061e-011
-3.5	3.0559e-011
-3.499	3.08165e-011
-3.498	3.08291e-011
-3.497	3.07503e-011
-3.496	3.09096e-011
-3.495	3.09033e-011
-3.494	3.10608e-011
-3.493	3.09736e-011
-3.492	3.09453e-011
-3.491	3.16153e-011
-3.49	3.1729e-011
-3.489	3.18837e-011
-3.488	3.20649e-011
-3.487	3.20697e-011
-3.486	3.25085e-011
-3.485	3.2443e-011
-3.484	3.28568e-011
-3.483	3.31208e-011
-3.482	3.29065e-011
-3.481	3.32739e-011
-3.48	3.3396e-011
-3.479	3.37985e-011
-3.478	3.40878e-011
-3.477	3.4123e-011
-3.476	3.43727e-011
-3.475	3.44427e-011
-3.474	3.5047e-011
-3.473	3.52232e-011
-3.472	3.52173e-011
-3.471	3.56948e-011
-3.47	3.58348e-011
-3.469	3.61812e-011
-3.468	3.63701e-011
-3.467	3.6664e-011
-3.466	3.70652e-011
-3.465	3.72768e-011
-3.464	3.77446e-011
-3.463	3.81583e-011
-3.462	3.83104e-011
-3.461	3.85343e-011
-3.46	3.89698e-011
-3.459	3.90159e-011
-3.458	3.93462e-011
-3.457	4.00529e-011
-3.456	4.03827e-011
-3.455	4.06643e-011
-3.454	4.11136e-011
-3.453	4.1339e-011
-3.452	4.14969e-011
-3.451	4.19481e-011
-3.45	4.21786e-011
-3.449	4.25591e-011
-3.448	4.31218e-011
-3.447	4.36985e-011
-3.446	4.40769e-011
-3.445	4.45548e-011
-3.444	4.49845e-011
-3.443	4.48036e-011
-3.442	4.55909e-011
-3.441	4.61004e-011
-3.44	4.61737e-011
-3.439	4.67262e-011
-3.438	4.70499e-011
-3.437	4.73579e-011
-3.436	4.79377e-011
-3.435	4.8511e-011
-3.434	4.81935e-011
-3.433	4.86177e-011
-3.432	4.9202e-011
-3.431	4.93585e-011
-3.43	4.9983e-011
-3.429	5.04922e-011
-3.428	5.0784e-011
-3.427	5.13027e-011
-3.426	5.19157e-011
-3.425	5.19606e-011
-3.424	5.24515e-011
-3.423	5.283e-011
-3.422	5.31971e-011
-3.421	5.37761e-011
-3.42	5.40167e-011
-3.419	5.45694e-011
-3.418	5.4902e-011
-3.417	5.51279e-011
-3.416	5.57706e-011
-3.415	5.60639e-011
-3.414	5.66721e-011
-3.413	5.70915e-011
-3.412	5.69487e-011
-3.411	5.77646e-011
-3.41	5.80876e-011
-3.409	5.79235e-011
-3.408	5.83908e-011
-3.407	5.92474e-011
-3.406	5.91855e-011
-3.405	5.95438e-011
-3.404	6.03336e-011
-3.403	6.034e-011
-3.402	6.08532e-011
-3.401	6.09422e-011
-3.4	6.16867e-011
-3.399	6.19948e-011
-3.398	6.23138e-011
-3.397	6.29801e-011
-3.396	6.29842e-011
-3.395	6.35115e-011
-3.394	6.34571e-011
-3.393	6.39241e-011
-3.392	6.41975e-011
-3.391	6.45236e-011
-3.39	6.52897e-011
-3.389	6.50254e-011
-3.388	6.53316e-011
-3.387	6.60347e-011
-3.386	6.59888e-011
-3.385	6.61383e-011
-3.384	6.63726e-011
-3.383	6.67302e-011
-3.382	6.71099e-011
-3.381	6.72278e-011
-3.38	6.77675e-011
-3.379	6.74873e-011
-3.378	6.78442e-011
-3.377	6.84267e-011
-3.376	6.84286e-011
-3.375	6.86833e-011
-3.374	6.89115e-011
-3.373	6.93623e-011
-3.372	6.92737e-011
-3.371	6.96379e-011
-3.37	6.96121e-011
-3.369	6.99575e-011
-3.368	7.043e-011
-3.367	7.02048e-011
-3.366	7.05943e-011
-3.365	7.06276e-011
-3.364	7.06698e-011
-3.363	7.08142e-011
-3.362	7.10981e-011
-3.361	7.11771e-011
-3.36	7.06674e-011
-3.359	7.07732e-011
-3.358	7.10824e-011
-3.357	7.09982e-011
-3.356	7.14766e-011
-3.355	7.1501e-011
-3.354	7.17681e-011
-3.353	7.19829e-011
-3.352	7.1454e-011
-3.351	7.19172e-011
-3.35	7.15996e-011
-3.349	7.14956e-011
-3.348	7.19813e-011
-3.347	7.2043e-011
-3.346	7.23829e-011
-3.345	7.24169e-011
-3.344	7.23526e-011
-3.343	7.20659e-011
-3.342	7.19893e-011
-3.341	7.19445e-011
-3.34	7.17684e-011
-3.339	7.18767e-011
-3.338	7.15253e-011
-3.337	7.14131e-011
-3.336	7.15877e-011
-3.335	7.12781e-011
-3.334	7.14901e-011
-3.333	7.1389e-011
-3.332	7.12835e-011
-3.331	7.14947e-011
-3.33	7.12292e-011
-3.329	7.13428e-011
-3.328	7.08312e-011
-3.327	7.07444e-011
-3.326	7.07352e-011
-3.325	7.02432e-011
-3.324	7.04591e-011
-3.323	7.00977e-011
-3.322	6.99546e-011
-3.321	6.97177e-011
-3.32	6.95039e-011
-3.319	6.95038e-011
-3.318	6.91311e-011
-3.317	6.87683e-011
-3.316	6.85333e-011
-3.315	6.85642e-011
-3.314	6.84435e-011
-3.313	6.86326e-011
-3.312	6.79149e-011
-3.311	6.75659e-011
-3.31	6.73656e-011
-3.309	6.6959e-011
-3.308	6.68658e-011
-3.307	6.66733e-011
-3.306	6.6326e-011
-3.305	6.57339e-011
-3.304	6.58554e-011
-3.303	6.55395e-011
-3.302	6.52566e-011
-3.301	6.47141e-011
-3.3	6.46944e-011
-3.299	6.43665e-011
-3.298	6.39563e-011
-3.297	6.38208e-011
-3.296	6.36131e-011
-3.295	6.31179e-011
-3.294	6.24798e-011
-3.293	6.23518e-011
-3.292	6.16201e-011
-3.291	6.1844e-011
-3.29	6.15208e-011
-3.289	6.1022e-011
-3.288	6.07684e-011
-3.287	6.0344e-011
-3.286	6.02094e-011
-3.285	5.9625e-011
-3.284	5.93414e-011
-3.283	5.89871e-011
-3.282	5.83514e-011
-3.281	5.79251e-011
-3.28	5.77159e-011
-3.279	5.72825e-011
-3.278	5.67421e-011
-3.277	5.6852e-011
-3.276	5.61723e-011
-3.275	5.5998e-011
-3.274	5.5572e-011
-3.273	5.48237e-011
-3.272	5.47757e-011
-3.271	5.42129e-011
-3.27	5.38255e-011
-3.269	5.32498e-011
-3.268	5.30892e-011
-3.267	5.25181e-011
-3.266	5.23484e-011
-3.265	5.20351e-011
-3.264	5.14365e-011
-3.263	5.10613e-011
-3.262	5.08137e-011
-3.261	5.04633e-011
-3.26	4.99107e-011
-3.259	4.94272e-011
-3.258	4.94182e-011
-3.257	4.90998e-011
-3.256	4.83559e-011
-3.255	4.83339e-011
-3.254	4.74518e-011
-3.253	4.73572e-011
-3.252	4.6895e-011
-3.251	4.60527e-011
-3.25	4.6178e-011
-3.249	4.58504e-011
-3.248	4.5134e-011
-3.247	4.48449e-011
-3.246	4.44916e-011
-3.245	4.40009e-011
-3.244	4.39589e-011
-3.243	4.3458e-011
-3.242	4.30227e-011
-3.241	4.2571e-011
-3.24	4.20796e-011
-3.239	4.19217e-011
-3.238	4.18301e-011
-3.237	4.11237e-011
-3.236	4.06967e-011
-3.235	4.07111e-011
-3.234	3.98722e-011
-3.233	3.98348e-011
-3.232	3.93935e-011
-3.231	3.9211e-011
-3.23	3.90968e-011
-3.229	3.86456e-011
-3.228	3.85047e-011
-3.227	3.78297e-011
-3.226	3.77711e-011
-3.225	3.72652e-011
-3.224	3.73374e-011
-3.223	3.689e-011
-3.222	3.62916e-011
-3.221	3.60074e-011
-3.22	3.55679e-011
-3.219	3.57863e-011
-3.218	3.55224e-011
-3.217	3.52081e-011
-3.216	3.49492e-011
-3.215	3.46705e-011
-3.214	3.44771e-011
-3.213	3.45263e-011
-3.212	3.40632e-011
-3.211	3.37072e-011
-3.21	3.34586e-011
-3.209	3.32046e-011
-3.208	3.31242e-011
-3.207	3.30219e-011
-3.206	3.28988e-011
-3.205	3.26542e-011
-3.204	3.27183e-011
-3.203	3.21818e-011
-3.202	3.22135e-011
-3.201	3.1926e-011
-3.2	3.18225e-011
-3.199	3.19408e-011
-3.198	3.15373e-011
-3.197	3.16516e-011
-3.196	3.13893e-011
-3.195	3.11822e-011
-3.194	3.10431e-011
-3.193	3.10469e-011
-3.192	3.09488e-011
-3.191	3.08691e-011
-3.19	3.08369e-011
-3.189	3.07408e-011
-3.188	3.05924e-011
-3.187	3.08076e-011
-3.186	3.06891e-011
-3.185	3.04896e-011
-3.184	3.05042e-011
-3.183	3.04917e-011
-3.182	3.07646e-011
-3.181	3.05286e-011
-3.18	3.05572e-011
-3.179	3.0612e-011
-3.178	3.06313e-011
-3.177	3.08124e-011
-3.176	3.09952e-011
-3.175	3.07973e-011
-3.174	3.03702e-011
-3.173	3.06506e-011
-3.172	3.07029e-011
-3.171	3.07661e-011
-3.17	3.08582e-011
-3.169	3.07496e-011
-3.168	3.11509e-011
-3.167	3.11143e-011
-3.166	3.1351e-011
-3.165	3.15797e-011
-3.164	3.13841e-011
-3.163	3.17327e-011
-3.162	3.17969e-011
-3.161	3.20492e-011
-3.16	3.24249e-011
-3.159	3.2323e-011
-3.158	3.25147e-011
-3.157	3.29717e-011
-3.156	3.29429e-011
-3.155	3.3346e-011
-3.154	3.31872e-011
-3.153	3.33612e-011
-3.152	3.36573e-011
-3.151	3.3784e-011
-3.15	3.40892e-011
-3.149	3.43003e-011
-3.148	3.45338e-011
-3.147	3.4525e-011
-3.146	3.48868e-011
-3.145	3.51947e-011
-3.144	3.58269e-011
-3.143	3.60244e-011
-3.142	3.61331e-011
-3.141	3.61995e-011
-3.14	3.67562e-011
-3.139	3.68496e-011
-3.138	3.73008e-011
-3.137	3.7814e-011
-3.136	3.77096e-011
-3.135	3.82195e-011
-3.134	3.83802e-011
-3.133	3.85895e-011
-3.132	3.92628e-011
-3.131	3.91589e-011
-3.13	3.95388e-011
-3.129	4.00439e-011
-3.128	4.03497e-011
-3.127	4.08078e-011
-3.126	4.10318e-011
-3.125	4.14225e-011
-3.124	4.17838e-011
-3.123	4.2221e-011
-3.122	4.23896e-011
-3.121	4.27095e-011
-3.12	4.31407e-011
-3.119	4.33549e-011
-3.118	4.39839e-011
-3.117	4.41677e-011
-3.116	4.46046e-011
-3.115	4.50462e-011
-3.114	4.50846e-011
-3.113	4.57999e-011
-3.112	4.60339e-011
-3.111	4.64584e-011
-3.11	4.69549e-011
-3.109	4.73635e-011
-3.108	4.78219e-011
-3.107	4.82908e-011
-3.106	4.85821e-011
-3.105	4.87912e-011
-3.104	4.92595e-011
-3.103	4.9823e-011
-3.102	5.0268e-011
-3.101	5.0779e-011
-3.1	5.10425e-011
-3.099	5.13592e-011
-3.098	5.15907e-011
-3.097	5.19331e-011
-3.096	5.21005e-011
-3.095	5.27011e-011
-3.094	5.31033e-011
-3.093	5.37482e-011
-3.092	5.39866e-011
-3.091	5.44274e-011
-3.09	5.4711e-011
-3.089	5.52872e-011
-3.088	5.5538e-011
-3.087	5.58327e-011
-3.086	5.66435e-011
-3.085	5.66303e-011
-3.084	5.72815e-011
-3.083	5.74303e-011
-3.082	5.79758e-011
-3.081	5.85245e-011
-3.08	5.848e-011
-3.079	5.91783e-011
-3.078	5.9231e-011
-3.077	5.93841e-011
-3.076	5.9712e-011
-3.075	6.01443e-011
-3.074	6.09442e-011
-3.073	6.14679e-011
-3.072	6.16113e-011
-3.071	6.18841e-011
-3.07	6.20491e-011
-3.069	6.27587e-011
-3.068	6.28244e-011
-3.067	6.3498e-011
-3.066	6.35274e-011
-3.065	6.37721e-011
-3.064	6.5159e-011
-3.063	6.46925e-011
-3.062	6.49441e-011
-3.061	6.49232e-011
-3.06	6.54438e-011
-3.059	6.57914e-011
-3.058	6.57941e-011
-3.057	6.65231e-011
-3.056	6.61317e-011
-3.055	6.64577e-011
-3.054	6.68435e-011
-3.053	6.7484e-011
-3.052	6.77094e-011
-3.051	6.76959e-011
-3.05	6.81012e-011
-3.049	6.83817e-011
-3.048	6.84879e-011
-3.047	6.84153e-011
-3.046	6.87747e-011
-3.045	6.8978e-011
-3.044	6.92432e-011
-3.043	6.94188e-011
-3.042	7.04989e-011
-3.041	7.01489e-011
-3.04	7.08885e-011
-3.039	7.19179e-011
-3.038	7.16242e-011
-3.037	7.29319e-011
-3.036	7.29166e-011
-3.035	7.36832e-011
-3.034	7.50102e-011
-3.033	7.56746e-011
-3.032	7.68532e-011
-3.031	7.78121e-011
-3.03	7.89815e-011
-3.029	8.0702e-011
-3.028	8.20236e-011
-3.027	8.35226e-011
-3.026	8.54365e-011
-3.025	8.7282e-011
-3.024	8.9536e-011
-3.023	9.10203e-011
-3.022	9.40452e-011
-3.021	9.67047e-011
-3.02	9.92459e-011
-3.019	1.02357e-010
-3.018	1.04551e-010
-3.017	1.08887e-010
-3.016	1.11912e-010
-3.015	1.15977e-010
-3.014	1.20511e-010
-3.013	1.23428e-010
-3.012	1.28954e-010
-3.011	1.32904e-010
-3.01	1.38412e-010
-3.009	1.44522e-010
-3.008	1.49807e-010
-3.007	1.56316e-010
-3.006	1.63227e-010
-3.005	1.7e-010
-3.004	1.78188e-010
-3.003	1.85354e-010
-3.002	1.93686e-010
-3.001	2.0288e-010
-3	2.11217e-010
-2.999	2.21744e-010
-2.998	2.32018e-010
-2.997	2.43508e-010
-2.996	2.54392e-010
-2.995	2.67394e-010
-2.994	2.79415e-010
-2.993	2.94159e-010
-2.992	3.08993e-010
-2.991	3.25033e-010
-2.99	3.41573e-010
-2.989	3.58268e-010
-2.988	3.78061e-010
-2.987	3.95477e-010
-2.986	4.17194e-010
-2.985	4.36839e-010
-2.984	4.59866e-010
-2.983	4.83585e-010
-2.982	5.07946e-010
-2.981	5.34891e-010
-2.98	5.62909e-010
-2.979	5.91141e-010
-2.978	6.21841e-010
-2.977	6.55564e-010
-2.976	6.87523e-010
-2.975	7.25361e-010
-2.974	7.61688e-010
-2.973	8.02655e-010
-2.972	8.43302e-010
-2.971	8.88644e-010
-2.97	9.34166e-010
-2.969	9.8473e-010
-2.968	1.03542e-009
-2.967	1.08802e-009
-2.966	1.14844e-009
-2.965	1.20569e-009
-2.964	1.27209e-009
-2.963	1.33478e-009
-2.962	1.40664e-009
-2.961	1.4799e-009
-2.96	1.55502e-009
-2.959	1.63499e-009
-2.958	1.71989e-009
-2.957	1.809e-009
-2.956	1.90621e-009
-2.955	2.00351e-009
-2.954	2.10687e-009
-2.953	2.21686e-009
-2.952	2.33168e-009
-2.951	2.45486e-009
-2.95	2.57768e-009
-2.949	2.71751e-009
-2.948	2.85322e-009
-2.947	3.00357e-009
-2.946	3.15577e-009
-2.945	3.31876e-009
-2.944	3.49442e-009
-2.943	3.66987e-009
-2.942	3.86146e-009
-2.941	4.05968e-009
-2.94	4.26804e-009
-2.939	4.48176e-009
-2.938	4.71807e-009
-2.937	4.9575e-009
-2.936	5.21328e-009
-2.935	5.48623e-009
-2.934	5.75944e-009
-2.933	6.06688e-009
-2.932	6.36609e-009
-2.931	6.69782e-009
-2.93	7.04814e-009
-2.929	7.39701e-009
-2.928	7.78725e-009
-2.927	8.17526e-009
-2.926	8.59945e-009
-2.925	9.03347e-009
-2.924	9.49888e-009
-2.923	9.98573e-009
-2.922	1.04904e-008
-2.921	1.10307e-008
-2.92	1.1586e-008
-2.919	1.21858e-008
-2.918	1.27993e-008
-2.917	1.34624e-008
-2.916	1.41455e-008
-2.915	1.48667e-008
-2.914	1.56336e-008
-2.913	1.64229e-008
-2.912	1.72747e-008
-2.911	1.81479e-008
-2.91	1.90747e-008
-2.909	2.0046e-008
-2.908	2.10665e-008
-2.907	2.21491e-008
-2.906	2.3276e-008
-2.905	2.44618e-008
-2.904	2.57106e-008
-2.903	2.70241e-008
-2.902	2.83952e-008
-2.901	2.98476e-008
-2.9	3.13498e-008
-2.899	3.2962e-008
-2.898	3.46385e-008
-2.897	3.63981e-008
-2.896	3.82638e-008
-2.895	4.02092e-008
-2.894	4.22602e-008
-2.893	4.4419e-008
-2.892	4.66652e-008
-2.891	4.90564e-008
-2.89	5.15474e-008
-2.889	5.4168e-008
-2.888	5.69495e-008
-2.887	5.98159e-008
-2.886	6.28839e-008
-2.885	6.60694e-008
-2.884	6.94569e-008
-2.883	7.29895e-008
-2.882	7.66958e-008
-2.881	8.06078e-008
-2.88	8.47096e-008
-2.879	8.90274e-008
-2.878	9.3576e-008
-2.877	9.83236e-008
-2.876	1.0335e-007
-2.875	1.08608e-007
-2.874	1.14106e-007
-2.873	1.19975e-007
-2.872	1.26008e-007
-2.871	1.3249e-007
-2.87	1.39219e-007
-2.869	1.46306e-007
-2.868	1.53795e-007
-2.867	1.6158e-007
-2.866	1.69856e-007
-2.865	1.78477e-007
-2.864	1.87567e-007
-2.863	1.97152e-007
-2.862	2.07175e-007
-2.861	2.17731e-007
-2.86	2.28831e-007
-2.859	2.40453e-007
-2.858	2.52726e-007
-2.857	2.65593e-007
-2.856	2.79117e-007
-2.855	2.9333e-007
-2.854	3.08253e-007
-2.853	3.23985e-007
-2.852	3.4048e-007
-2.851	3.57818e-007
-2.85	3.76078e-007
-2.849	3.95211e-007
-2.848	4.15365e-007
-2.847	4.36521e-007
-2.846	4.58685e-007
-2.845	4.82174e-007
-2.844	5.06636e-007
-2.843	5.32529e-007
-2.842	5.59605e-007
-2.841	5.88056e-007
-2.84	6.1809e-007
-2.839	6.49497e-007
-2.838	6.8263e-007
-2.837	7.17444e-007
-2.836	7.53894e-007
-2.835	7.92461e-007
-2.834	8.32676e-007
-2.833	8.7522e-007
-2.832	9.19806e-007
-2.831	9.66611e-007
-2.83	1.01589e-006
-2.829	1.06764e-006
-2.828	1.12194e-006
-2.827	1.17917e-006
-2.826	1.23918e-006
-2.825	1.30231e-006
-2.824	1.36873e-006
-2.823	1.43838e-006
-2.822	1.51171e-006
-2.821	1.58869e-006
-2.82	1.66962e-006
-2.819	1.7547e-006
-2.818	1.84409e-006
-2.817	1.93805e-006
-2.816	2.03678e-006
-2.815	2.14056e-006
-2.814	2.2496e-006
-2.813	2.36415e-006
-2.812	2.48462e-006
-2.811	2.61125e-006
-2.81	2.74419e-006
-2.809	2.88404e-006
-2.808	3.03092e-006
-2.807	3.18536e-006
-2.806	3.34763e-006
-2.805	3.51828e-006
-2.804	3.69742e-006
-2.803	3.88575e-006
-2.802	4.08389e-006
-2.801	4.29172e-006
-2.8	4.51047e-006
-2.799	4.74021e-006
-2.798	4.98182e-006
-2.797	5.23544e-006
-2.796	5.5022e-006
-2.795	5.78246e-006
-2.794	6.07728e-006
-2.793	6.38669e-006
-2.792	6.71229e-006
-2.791	7.05401e-006
-2.79	7.41338e-006
-2.789	7.79128e-006
-2.788	8.18783e-006
-2.787	8.60518e-006
-2.786	9.04348e-006
-2.785	9.50429e-006
-2.784	9.98857e-006
-2.783	1.04971e-005
-2.782	1.10322e-005
-2.781	1.15941e-005
-2.78	1.21847e-005
-2.779	1.28056e-005
-2.778	1.3458e-005
-2.777	1.41439e-005
-2.776	1.48642e-005
-2.775	1.56215e-005
-2.774	1.64172e-005
-2.773	1.72537e-005
-2.772	1.81328e-005
-2.771	1.90565e-005
-2.77	2.00273e-005
-2.769	2.10477e-005
-2.768	2.21197e-005
-2.767	2.3247e-005
-2.766	2.44313e-005
-2.765	2.56757e-005
-2.764	2.69839e-005
-2.763	2.83586e-005
-2.762	2.98031e-005
-2.761	3.13218e-005
-2.76	3.29173e-005
-2.759	3.45942e-005
-2.758	3.63571e-005
-2.757	3.82087e-005
-2.756	4.01559e-005
-2.755	4.22013e-005
-2.754	4.43511e-005
-2.753	4.66112e-005
-2.752	4.89854e-005
-2.751	5.14815e-005
-2.75	5.4104e-005
-2.749	5.68604e-005
-2.748	5.9757e-005
-2.747	6.28015e-005
-2.746	6.6001e-005
-2.745	6.93641e-005
-2.744	7.28976e-005
-2.743	7.66106e-005
-2.742	8.05142e-005
-2.741	8.46152e-005
-2.74	8.8927e-005
-2.739	9.3457e-005
-2.738	9.82182e-005
-2.737	0.000103222
-2.736	0.000108481
-2.735	0.000114009
-2.734	0.000119816
-2.733	0.00012592
-2.732	0.000132336
-2.731	0.000139077
-2.73	0.000146164
-2.729	0.000153609
-2.728	0.000161435
-2.727	0.00016966
-2.726	0.000178302
-2.725	0.000187387
-2.724	0.000196933
-2.723	0.000206966
-2.722	0.000217511
-2.721	0.00022859
-2.72	0.000240239
-2.719	0.000252476
-2.718	0.000265339
-2.717	0.000278857
-2.716	0.000293062
-2.715	0.000307993
-2.714	0.000323685
-2.713	0.000339695
-2.712	0.000356001
-2.711	0.00037258
-2.71	0.00038941
-2.709	0.000406466
-2.708	0.000423724
-2.707	0.000441161
-2.706	0.000458751
-2.705	0.000476471
-2.704	0.000494294
-2.703	0.000512195
-2.702	0.00053015
-2.701	0.000548133
-2.7	0.00056612
-2.699	0.000584085
-2.698	0.000602001
-2.697	0.000619844
-2.696	0.000637589
-2.695	0.000655213
-2.694	0.000672687
-2.693	0.00068999
-2.692	0.000707096
-2.691	0.000723981
-2.69	0.000740624
-2.689	0.000756998
-2.688	0.000773082
-2.687	0.000788854
-2.686	0.00080429
-2.685	0.00081937
-2.684	0.000834074
-2.683	0.000848381
-2.682	0.000862271
-2.681	0.000875723
-2.68	0.00088872
-2.679	0.000901244
-2.678	0.00091328
-2.677	0.000924809
-2.676	0.000935816
-2.675	0.000946287
-2.674	0.000956206
-2.673	0.000965562
-2.672	0.000974342
-2.671	0.000982532
-2.67	0.000990125
-2.669	0.00099711
-2.668	0.00100348
-2.667	0.00100922
-2.666	0.00101433
-2.665	0.0010188
-2.664	0.00102263
-2.663	0.00102581
-2.662	0.00102834
-2.661	0.00103021
-2.66	0.00103144
-2.659	0.001032
-2.658	0.00103192
-2.657	0.00103118
-2.656	0.00102979
-2.655	0.00102775
-2.654	0.00102508
-2.653	0.00102177
-2.652	0.00101783
-2.651	0.00101326
-2.65	0.00100808
-2.649	0.0010023
-2.648	0.000995926
-2.647	0.000988966
-2.646	0.000981435
-2.645	0.000973345
-2.644	0.00096471
-2.643	0.000955544
-2.642	0.000945861
-2.641	0.00093568
-2.64	0.000925015
-2.639	0.000913885
-2.638	0.000902307
-2.637	0.000890301
-2.636	0.000877885
-2.635	0.000865079
-2.634	0.000851906
-2.633	0.000838384
-2.632	0.000824536
-2.631	0.000810385
-2.63	0.000795954
-2.629	0.000781264
-2.628	0.000766339
-2.627	0.000751204
-2.626	0.000735882
-2.625	0.000720398
-2.624	0.000704776
-2.623	0.00068904
-2.622	0.000673217
-2.621	0.000657332
-2.62	0.000641409
-2.619	0.000625474
-2.618	0.000609553
-2.617	0.00059367
-2.616	0.000577851
-2.615	0.000562122
-2.614	0.000546506
-2.613	0.000531029
-2.612	0.000515716
-2.611	0.000500592
-2.61	0.00048568
-2.609	0.000471004
-2.608	0.000456588
-2.607	0.000442455
-2.606	0.000428627
-2.605	0.000415128
-2.604	0.000401979
-2.603	0.000389201
-2.602	0.000376815
-2.601	0.000364842
-2.6	0.0003533
-2.599	0.00034221
-2.598	0.000331588
-2.597	0.000321453
-2.596	0.000311822
-2.595	0.000302711
-2.594	0.000294136
-2.593	0.00028611
-2.592	0.000278648
-2.591	0.000271763
-2.59	0.000265467
-2.589	0.000259771
-2.588	0.000254685
-2.587	0.000250221
-2.586	0.000246384
-2.585	0.000243185
-2.584	0.000240628
-2.583	0.000238721
-2.582	0.000237467
-2.581	0.000236872
-2.58	0.000236936
-2.579	0.000237664
-2.578	0.000239056
-2.577	0.00024111
-2.576	0.000243828
-2.575	0.000247206
-2.574	0.000251243
-2.573	0.000255933
-2.572	0.000261273
-2.571	0.000267256
-2.57	0.000273875
-2.569	0.000281124
-2.568	0.000288993
-2.567	0.000297473
-2.566	0.000306554
-2.565	0.000316223
-2.564	0.00032647
-2.563	0.000337281
-2.562	0.000348643
-2.561	0.000360541
-2.56	0.000372958
-2.559	0.00038588
-2.558	0.000399289
-2.557	0.000413168
-2.556	0.000427499
-2.555	0.000442261
-2.554	0.000457437
-2.553	0.000473005
-2.552	0.000488946
-2.551	0.000505237
-2.55	0.000521857
-2.549	0.000538783
-2.548	0.000555993
-2.547	0.000573464
-2.546	0.000591172
-2.545	0.000609093
-2.544	0.000627203
-2.543	0.000645478
-2.542	0.000663893
-2.541	0.000682423
-2.54	0.000701042
-2.539	0.000719726
-2.538	0.000738451
-2.537	0.00075719
-2.536	0.000775916
-2.535	0.000794607
-2.534	0.000813237
-2.533	0.000831779
-2.532	0.000850209
-2.531	0.000868504
-2.53	0.000886637
-2.529	0.000904584
-2.528	0.000922321
-2.527	0.000939824
-2.526	0.000957072
-2.525	0.000974039
-2.524	0.000990704
-2.523	0.00100704
-2.522	0.00102304
-2.521	0.00103866
-2.52	0.0010539
-2.519	0.00106873
-2.518	0.00108314
-2.517	0.00109709
-2.516	0.00111058
-2.515	0.0011236
-2.514	0.00113611
-2.513	0.00114811
-2.512	0.00115957
-2.511	0.0011705
-2.51	0.00118086
-2.509	0.00119066
-2.508	0.00119988
-2.507	0.0012085
-2.506	0.00121652
-2.505	0.00122392
-2.504	0.00123071
-2.503	0.00123687
-2.502	0.00124239
-2.501	0.00124727
-2.5	0.00125151
-2.499	0.0012551
-2.498	0.00125804
-2.497	0.00126033
-2.496	0.00126197
-2.495	0.00126295
-2.494	0.00126328
-2.493	0.00126296
-2.492	0.001262
-2.491	0.00126039
-2.49	0.00125815
-2.489	0.00125527
-2.488	0.00125178
-2.487	0.00124766
-2.486	0.00124295
-2.485	0.00123763
-2.484	0.00123173
-2.483	0.00122526
-2.482	0.00121822
-2.481	0.00121063
-2.48	0.00120251
-2.479	0.00119386
-2.478	0.00118472
-2.477	0.00117509
-2.476	0.00116498
-2.475	0.00115442
-2.474	0.00114343
-2.473	0.00113202
-2.472	0.00112022
-2.471	0.00110804
-2.47	0.00109551
-2.469	0.00108265
-2.468	0.00106947
-2.467	0.00105601
-2.466	0.00104228
-2.465	0.00102831
-2.464	0.00101413
-2.463	0.000999744
-2.462	0.000985193
-2.461	0.000970497
-2.46	0.000955677
-2.459	0.000940765
-2.458	0.000925781
-2.457	0.000910751
-2.456	0.000895702
-2.455	0.000880658
-2.454	0.000865646
-2.453	0.000850689
-2.452	0.000835813
-2.451	0.000821045
-2.45	0.000806408
-2.449	0.000791925
-2.448	0.000777624
-2.447	0.000763528
-2.446	0.000749661
-2.445	0.000736047
-2.444	0.00072271
-2.443	0.000709671
-2.442	0.000696955
-2.441	0.000684582
-2.44	0.000672573
-2.439	0.00066095
-2.438	0.000649735
-2.437	0.000638946
-2.436	0.000628602
-2.435	0.000618721
-2.434	0.000609325
-2.433	0.000600427
-2.432	0.000592045
-2.431	0.000584195
-2.43	0.00057689
-2.429	0.000570148
-2.428	0.000563978
-2.427	0.000558395
-2.426	0.00055341
-2.425	0.000549034
-2.424	0.000545277
-2.423	0.000542149
-2.422	0.000539655
-2.421	0.000537804
-2.42	0.000536602
-2.419	0.000536054
-2.418	0.000536164
-2.417	0.000536938
-2.416	0.000538376
-2.415	0.000540478
-2.414	0.000543246
-2.413	0.00054668
-2.412	0.000550778
-2.411	0.000555537
-2.41	0.000560954
-2.409	0.000567025
-2.408	0.000573743
-2.407	0.000581102
-2.406	0.000589096
-2.405	0.000597716
-2.404	0.000606955
-2.403	0.000616797
-2.402	0.000627237
-2.401	0.000638261
-2.4	0.000649857
-2.399	0.000662011
-2.398	0.000674708
-2.397	0.000687933
-2.396	0.000701673
-2.395	0.000715908
-2.394	0.000730621
-2.393	0.000745795
-2.392	0.000761413
-2.391	0.000777452
-2.39	0.000793895
-2.389	0.000810719
-2.388	0.000827905
-2.387	0.00084543
-2.386	0.000863273
-2.385	0.000881411
-2.384	0.00089982
-2.383	0.000918479
-2.382	0.000937362
-2.381	0.000956445
-2.38	0.000975705
-2.379	0.000995116
-2.378	0.00101466
-2.377	0.0010343
-2.376	0.00105401
-2.375	0.00107378
-2.374	0.00109358
-2.373	0.00111338
-2.372	0.00113315
-2.371	0.00115287
-2.37	0.00117252
-2.369	0.00119207
-2.368	0.00121149
-2.367	0.00123077
-2.366	0.00124987
-2.365	0.00126877
-2.364	0.00128745
-2.363	0.00130589
-2.362	0.00132405
-2.361	0.00134193
-2.36	0.00135949
-2.359	0.00137672
-2.358	0.00139359
-2.357	0.00141008
-2.356	0.00142617
-2.355	0.00144185
-2.354	0.00145709
-2.353	0.00147187
-2.352	0.00148619
-2.351	0.00150001
-2.35	0.00151333
-2.349	0.00152612
-2.348	0.00153839
-2.347	0.0015501
-2.346	0.00156125
-2.345	0.00157182
-2.344	0.00158181
-2.343	0.0015912
-2.342	0.00159998
-2.341	0.00160815
-2.34	0.0016157
-2.339	0.00162262
-2.338	0.0016289
-2.337	0.00163454
-2.336	0.00163954
-2.335	0.00164389
-2.334	0.00164759
-2.333	0.00165065
-2.332	0.00165305
-2.331	0.0016548
-2.33	0.00165591
-2.329	0.00165637
-2.328	0.00165619
-2.327	0.00165538
-2.326	0.00165394
-2.325	0.00165187
-2.324	0.00164918
-2.323	0.0016459
-2.322	0.00164201
-2.321	0.00163753
-2.32	0.00163248
-2.319	0.00162687
-2.318	0.0016207
-2.317	0.001614
-2.316	0.00160677
-2.315	0.00159904
-2.314	0.00159082
-2.313	0.00158212
-2.312	0.00157297
-2.311	0.00156337
-2.31	0.00155336
-2.309	0.00154295
-2.308	0.00153216
-2.307	0.00152101
-2.306	0.00150952
-2.305	0.00149772
-2.304	0.00148562
-2.303	0.00147325
-2.302	0.00146064
-2.301	0.0014478
-2.3	0.00143476
-2.299	0.00142155
-2.298	0.00140818
-2.297	0.00139468
-2.296	0.00138109
-2.295	0.00136742
-2.294	0.0013537
-2.293	0.00133995
-2.292	0.0013262
-2.291	0.00131247
-2.29	0.0012988
-2.289	0.00128519
-2.288	0.00127169
-2.287	0.00125832
-2.286	0.00124509
-2.285	0.00123204
-2.284	0.00121919
-2.283	0.00120656
-2.282	0.00119419
-2.281	0.00118208
-2.28	0.00117026
-2.279	0.00115876
-2.278	0.0011476
-2.277	0.0011368
-2.276	0.00112638
-2.275	0.00111637
-2.274	0.00110677
-2.273	0.00109762
-2.272	0.00108893
-2.271	0.00108072
-2.27	0.001073
-2.269	0.0010658
-2.268	0.00105912
-2.267	0.00105299
-2.266	0.00104742
-2.265	0.00104243
-2.264	0.00103801
-2.263	0.0010342
-2.262	0.00103099
-2.261	0.0010284
-2.26	0.00102644
-2.259	0.00102511
-2.258	0.00102443
-2.257	0.0010244
-2.256	0.00102502
-2.255	0.00102631
-2.254	0.00102826
-2.253	0.00103087
-2.252	0.00103415
-2.251	0.0010381
-2.25	0.00104273
-2.249	0.00104802
-2.248	0.00105397
-2.247	0.00106059
-2.246	0.00106786
-2.245	0.00107579
-2.244	0.00108437
-2.243	0.00109359
-2.242	0.00110343
-2.241	0.00111391
-2.24	0.00112499
-2.239	0.00113668
-2.238	0.00114897
-2.237	0.00116183
-2.236	0.00117526
-2.235	0.00118924
-2.234	0.00120375
-2.233	0.0012188
-2.232	0.00123434
-2.231	0.00125037
-2.23	0.00126688
-2.229	0.00128384
-2.228	0.00130123
-2.227	0.00131903
-2.226	0.00133723
-2.225	0.0013558
-2.224	0.00137472
-2.223	0.00139397
-2.222	0.00141353
-2.221	0.00143337
-2.22	0.00145347
-2.219	0.00147381
-2.218	0.00149436
-2.217	0.0015151
-2.216	0.00153601
-2.215	0.00155705
-2.214	0.00157821
-2.213	0.00159946
-2.212	0.00162078
-2.211	0.00164213
-2.21	0.00166349
-2.209	0.00168485
-2.208	0.00170617
-2.207	0.00172743
-2.206	0.0017486
-2.205	0.00176966
-2.204	0.00179058
-2.203	0.00181134
-2.202	0.00183192
-2.201	0.00185229
-2.2	0.00187242
-2.199	0.0018923
-2.198	0.0019119
-2.197	0.0019312
-2.196	0.00195017
-2.195	0.0019688
-2.194	0.00198706
-2.193	0.00200494
-2.192	0.00202241
-2.191	0.00203946
-2.19	0.00205606
-2.189	0.0020722
-2.188	0.00208786
-2.187	0.00210303
-2.186	0.00211768
-2.185	0.00213181
-2.184	0.0021454
-2.183	0.00215844
-2.182	0.00217091
-2.181	0.0021828
-2.18	0.00219411
-2.179	0.00220481
-2.178	0.00221491
-2.177	0.0022244
-2.176	0.00223326
-2.175	0.0022415
-2.174	0.0022491
-2.173	0.00225606
-2.172	0.00226239
-2.171	0.00226807
-2.17	0.00227311
-2.169	0.0022775
-2.168	0.00228124
-2.167	0.00228435
-2.166	0.00228681
-2.165	0.00228864
-2.164	0.00228984
-2.163	0.00229041
-2.162	0.00229036
-2.161	0.0022897
-2.16	0.00228843
-2.159	0.00228657
-2.158	0.00228412
-2.157	0.00228109
-2.156	0.00227751
-2.155	0.00227337
-2.154	0.0022687
-2.153	0.00226351
-2.152	0.00225781
-2.151	0.00225161
-2.15	0.00224494
-2.149	0.00223782
-2.148	0.00223025
-2.147	0.00222227
-2.146	0.00221389
-2.145	0.00220512
-2.144	0.002196
-2.143	0.00218653
-2.142	0.00217675
-2.141	0.00216667
-2.14	0.00215632
-2.139	0.00214572
-2.138	0.00213489
-2.137	0.00212386
-2.136	0.00211265
-2.135	0.00210128
-2.134	0.00208979
-2.133	0.00207819
-2.132	0.00206651
-2.131	0.00205478
-2.13	0.00204302
-2.129	0.00203125
-2.128	0.0020195
-2.127	0.0020078
-2.126	0.00199617
-2.125	0.00198465
-2.124	0.00197324
-2.123	0.00196197
-2.122	0.00195088
-2.121	0.00193998
-2.12	0.00192931
-2.119	0.00191888
-2.118	0.00190872
-2.117	0.00189885
-2.116	0.00188929
-2.115	0.00188007
-2.114	0.0018712
-2.113	0.00186272
-2.112	0.00185463
-2.111	0.00184697
-2.11	0.00183974
-2.109	0.00183298
-2.108	0.00182669
-2.107	0.0018209
-2.106	0.00181562
-2.105	0.00181086
-2.104	0.00180665
-2.103	0.001803
-2.102	0.00179992
-2.101	0.00179743
-2.1	0.00179553
-2.099	0.00179424
-2.098	0.00179357
-2.097	0.00179353
-2.096	0.00179413
-2.095	0.00179537
-2.094	0.00179727
-2.093	0.00179982
-2.092	0.00180304
-2.091	0.00180692
-2.09	0.00181147
-2.089	0.0018167
-2.088	0.00182259
-2.087	0.00182916
-2.086	0.00183641
-2.085	0.00184432
-2.084	0.0018529
-2.083	0.00186214
-2.082	0.00187205
-2.081	0.0018826
-2.08	0.0018938
-2.079	0.00190565
-2.078	0.00191812
-2.077	0.00193121
-2.076	0.00194491
-2.075	0.00195922
-2.074	0.00197411
-2.073	0.00198957
-2.072	0.0020056
-2.071	0.00202217
-2.07	0.00203928
-2.069	0.0020569
-2.068	0.00207502
-2.067	0.00209362
-2.066	0.00211268
-2.065	0.00213219
-2.064	0.00215212
-2.063	0.00217245
-2.062	0.00219317
-2.061	0.00221425
-2.06	0.00223567
-2.059	0.00225741
-2.058	0.00227945
-2.057	0.00230176
-2.056	0.00232431
-2.055	0.0023471
-2.054	0.00237008
-2.053	0.00239324
-2.052	0.00241656
-2.051	0.00244001
-2.05	0.00246355
-2.049	0.00248717
-2.048	0.00251085
-2.047	0.00253456
-2.046	0.00255827
-2.045	0.00258196
-2.044	0.00260559
-2.043	0.00262916
-2.042	0.00265262
-2.041	0.00267597
-2.04	0.00269917
-2.039	0.0027222
-2.038	0.00274503
-2.037	0.00276764
-2.036	0.00279001
-2.035	0.00281212
-2.034	0.00283394
-2.033	0.00285546
-2.032	0.00287664
-2.031	0.00289747
-2.03	0.00291792
-2.029	0.00293799
-2.028	0.00295764
-2.027	0.00297686
-2.026	0.00299563
-2.025	0.00301395
-2.024	0.00303178
-2.023	0.00304911
-2.022	0.00306593
-2.021	0.00308222
-2.02	0.00309797
-2.019	0.00311317
-2.018	0.0031278
-2.017	0.00314186
-2.016	0.00315534
-2.015	0.00316821
-2.014	0.00318049
-2.013	0.00319216
-2.012	0.00320321
-2.011	0.00321363
-2.01	0.00322343
-2.009	0.00323261
-2.008	0.00324115
-2.007	0.00324905
-2.006	0.00325633
-2.005	0.00326297
-2.004	0.00326897
-2.003	0.00327435
-2.002	0.0032791
-2.001	0.00328322
-2	0.00328673
-1.999	0.00328963
-1.998	0.00329192
-1.997	0.00329362
-1.996	0.00329473
-1.995	0.00329526
-1.994	0.00329522
-1.993	0.00329463
-1.992	0.0032935
-1.991	0.00329184
-1.99	0.00328966
-1.989	0.00328698
-1.988	0.00328382
-1.987	0.00328019
-1.986	0.00327611
-1.985	0.0032716
-1.984	0.00326666
-1.983	0.00326134
-1.982	0.00325563
-1.981	0.00324957
-1.98	0.00324318
-1.979	0.00323647
-1.978	0.00322947
-1.977	0.00322221
-1.976	0.00321469
-1.975	0.00320695
-1.974	0.00319902
-1.973	0.0031909
-1.972	0.00318264
-1.971	0.00317425
-1.97	0.00316575
-1.969	0.00315718
-1.968	0.00314856
-1.967	0.00313991
-1.966	0.00313125
-1.965	0.00312262
-1.964	0.00311403
-1.963	0.00310552
-1.962	0.00309711
-1.961	0.00308882
-1.96	0.00308068
-1.959	0.0030727
-1.958	0.00306493
-1.957	0.00305738
-1.956	0.00305007
-1.955	0.00304304
-1.954	0.00303629
-1.953	0.00302986
-1.952	0.00302376
-1.951	0.00301802
-1.95	0.00301266
-1.949	0.0030077
-1.948	0.00300316
-1.947	0.00299906
-1.946	0.00299542
-1.945	0.00299226
-1.944	0.0029896
-1.943	0.00298744
-1.942	0.00298581
-1.941	0.00298474
-1.94	0.00298422
-1.939	0.00298427
-1.938	0.0029849
-1.937	0.00298614
-1.936	0.00298798
-1.935	0.00299044
-1.934	0.00299354
-1.933	0.00299727
-1.932	0.00300165
-1.931	0.00300668
-1.93	0.00301237
-1.929	0.00301873
-1.928	0.00302576
-1.927	0.00303345
-1.926	0.00304182
-1.925	0.00305086
-1.924	0.00306059
-1.923	0.00307098
-1.922	0.00308206
-1.921	0.0030938
-1.92	0.00310621
-1.919	0.00311928
-1.918	0.003133
-1.917	0.00314738
-1.916	0.0031624
-1.915	0.00317806
-1.914	0.00319434
-1.913	0.00321124
-1.912	0.00322875
-1.911	0.00324684
-1.91	0.00326552
-1.909	0.00328477
-1.908	0.00330456
-1.907	0.00332489
-1.906	0.00334576
-1.905	0.00336712
-1.904	0.00338897
-1.903	0.0034113
-1.902	0.00343407
-1.901	0.00345729
-1.9	0.00348091
-1.899	0.00350492
-1.898	0.00352931
-1.897	0.00355405
-1.896	0.00357911
-1.895	0.00360449
-1.894	0.00363015
-1.893	0.00365607
-1.892	0.00368223
-1.891	0.0037086
-1.89	0.00373516
-1.889	0.00376189
-1.888	0.00378875
-1.887	0.00381574
-1.886	0.00384282
-1.885	0.00386996
-1.884	0.00389714
-1.883	0.00392435
-1.882	0.00395155
-1.881	0.00397871
-1.88	0.00400581
-1.879	0.00403284
-1.878	0.00405976
-1.877	0.00408655
-1.876	0.00411319
-1.875	0.00413964
-1.874	0.0041659
-1.873	0.00419192
-1.872	0.00421771
-1.871	0.00424323
-1.87	0.00426846
-1.869	0.00429337
-1.868	0.00431795
-1.867	0.00434217
-1.866	0.00436603
-1.865	0.00438949
-1.864	0.00441255
-1.863	0.00443517
-1.862	0.00445736
-1.861	0.00447908
-1.86	0.00450031
-1.859	0.00452106
-1.858	0.00454131
-1.857	0.00456103
-1.856	0.00458023
-1.855	0.00459888
-1.854	0.00461697
-1.853	0.0046345
-1.852	0.00465146
-1.851	0.00466783
-1.85	0.00468363
-1.849	0.00469882
-1.848	0.00471341
-1.847	0.00472741
-1.846	0.00474079
-1.845	0.00475356
-1.844	0.00476572
-1.843	0.00477726
-1.842	0.00478819
-1.841	0.00479852
-1.84	0.00480823
-1.839	0.00481734
-1.838	0.00482584
-1.837	0.00483375
-1.836	0.00484107
-1.835	0.00484781
-1.834	0.00485396
-1.833	0.00485955
-1.832	0.00486459
-1.831	0.00486908
-1.83	0.00487304
-1.829	0.00487646
-1.828	0.00487938
-1.827	0.0048818
-1.826	0.00488375
-1.825	0.00488522
-1.824	0.00488624
-1.823	0.00488684
-1.822	0.00488702
-1.821	0.00488679
-1.82	0.00488619
-1.819	0.00488523
-1.818	0.00488393
-1.817	0.00488231
-1.816	0.00488039
-1.815	0.00487819
-1.814	0.00487574
-1.813	0.00487306
-1.812	0.00487017
-1.811	0.0048671
-1.81	0.00486386
-1.809	0.00486048
-1.808	0.00485698
-1.807	0.0048534
-1.806	0.00484974
-1.805	0.00484605
-1.804	0.00484234
-1.803	0.00483864
-1.802	0.00483497
-1.801	0.00483136
-1.8	0.00482782
-1.799	0.0048244
-1.798	0.00482111
-1.797	0.00481797
-1.796	0.00481501
-1.795	0.00481225
-1.794	0.00480972
-1.793	0.00480745
-1.792	0.00480544
-1.791	0.00480372
-1.79	0.00480233
-1.789	0.00480128
-1.788	0.00480059
-1.787	0.00480029
-1.786	0.00480038
-1.785	0.0048009
-1.784	0.00480186
-1.783	0.00480328
-1.782	0.00480518
-1.781	0.00480758
-1.78	0.00481048
-1.779	0.00481392
-1.778	0.0048179
-1.777	0.00482243
-1.776	0.00482754
-1.775	0.00483324
-1.774	0.00483953
-1.773	0.00484642
-1.772	0.00485394
-1.771	0.00486209
-1.77	0.00487087
-1.769	0.0048803
-1.768	0.00489037
-1.767	0.0049011
-1.766	0.0049125
-1.765	0.00492456
-1.764	0.00493729
-1.763	0.0049507
-1.762	0.00496477
-1.761	0.00497952
-1.76	0.00499493
-1.759	0.00501102
-1.758	0.00502777
-1.757	0.00504519
-1.756	0.00506327
-1.755	0.00508201
-1.754	0.00510139
-1.753	0.00512143
-1.752	0.00514208
-1.751	0.00516336
-1.75	0.00518526
-1.749	0.00520775
-1.748	0.00523085
-1.747	0.00525452
-1.746	0.00527877
-1.745	0.00530356
-1.744	0.0053289
-1.743	0.00535476
-1.742	0.00538112
-1.741	0.00540797
-1.74	0.0054353
-1.739	0.00546308
-1.738	0.00549131
-1.737	0.00551995
-1.736	0.00554898
-1.735	0.00557839
-1.734	0.00560816
-1.733	0.00563828
-1.732	0.0056687
-1.731	0.00569941
-1.73	0.00573039
-1.729	0.00576162
-1.728	0.00579308
-1.727	0.00582473
-1.726	0.00585656
-1.725	0.00588855
-1.724	0.00592066
-1.723	0.00595288
-1.722	0.00598518
-1.721	0.00601754
-1.72	0.00604994
-1.719	0.00608234
-1.718	0.00611473
-1.717	0.00614708
-1.716	0.00617937
-1.715	0.00621157
-1.714	0.00624367
-1.713	0.00627563
-1.712	0.00630743
-1.711	0.00633906
-1.71	0.00637049
-1.709	0.0064017
-1.708	0.00643267
-1.707	0.00646337
-1.706	0.00649379
-1.705	0.0065239
-1.704	0.0065537
-1.703	0.00658314
-1.702	0.00661224
-1.701	0.00664095
-1.7	0.00666926
-1.699	0.00669716
-1.698	0.00672464
-1.697	0.00675166
-1.696	0.00677824
-1.695	0.00680435
-1.694	0.00682997
-1.693	0.00685511
-1.692	0.00687972
-1.691	0.00690383
-1.69	0.00692741
-1.689	0.00695045
-1.688	0.00697297
-1.687	0.00699493
-1.686	0.00701633
-1.685	0.00703717
-1.684	0.00705745
-1.683	0.00707716
-1.682	0.0070963
-1.681	0.00711487
-1.68	0.00713288
-1.679	0.00715031
-1.678	0.00716717
-1.677	0.00718347
-1.676	0.00719919
-1.675	0.00721437
-1.674	0.00722899
-1.673	0.00724307
-1.672	0.0072566
-1.671	0.00726961
-1.67	0.00728208
-1.669	0.00729403
-1.668	0.00730549
-1.667	0.00731644
-1.666	0.00732692
-1.665	0.00733692
-1.664	0.00734647
-1.663	0.00735559
-1.662	0.00736426
-1.661	0.00737255
-1.66	0.00738043
-1.659	0.00738792
-1.658	0.00739505
-1.657	0.00740185
-1.656	0.00740831
-1.655	0.00741448
-1.654	0.00742036
-1.653	0.00742599
-1.652	0.00743136
-1.651	0.00743652
-1.65	0.00744147
-1.649	0.00744624
-1.648	0.00745085
-1.647	0.00745535
-1.646	0.00745971
-1.645	0.00746399
-1.644	0.00746822
-1.643	0.00747239
-1.642	0.00747655
-1.641	0.00748072
-1.64	0.00748492
-1.639	0.00748915
-1.638	0.00749348
-1.637	0.0074979
-1.636	0.00750246
-1.635	0.00750715
-1.634	0.00751202
-1.633	0.00751708
-1.632	0.00752235
-1.631	0.00752786
-1.63	0.00753364
-1.629	0.00753969
-1.628	0.00754605
-1.627	0.00755274
-1.626	0.00755977
-1.625	0.00756718
-1.624	0.00757497
-1.623	0.00758317
-1.622	0.00759178
-1.621	0.00760084
-1.62	0.00761036
-1.619	0.00762036
-1.618	0.00763085
-1.617	0.00764187
-1.616	0.00765337
-1.615	0.00766545
-1.614	0.00767807
-1.613	0.00769126
-1.612	0.00770502
-1.611	0.00771938
-1.61	0.00773433
-1.609	0.0077499
-1.608	0.00776606
-1.607	0.00778288
-1.606	0.0078003
-1.605	0.00781838
-1.604	0.0078371
-1.603	0.00785648
-1.602	0.0078765
-1.601	0.00789719
-1.6	0.00791851
-1.599	0.00794052
-1.598	0.00796317
-1.597	0.00798647
-1.596	0.00801045
-1.595	0.00803508
-1.594	0.00806035
-1.593	0.00808627
-1.592	0.00811282
-1.591	0.00814001
-1.59	0.00816783
-1.589	0.00819626
-1.588	0.00822533
-1.587	0.00825497
-1.586	0.00828522
-1.585	0.00831603
-1.584	0.00834743
-1.583	0.00837937
-1.582	0.00841187
-1.581	0.00844489
-1.58	0.00847843
-1.579	0.00851247
-1.578	0.00854701
-1.577	0.00858198
-1.576	0.00861742
-1.575	0.00865329
-1.574	0.00868957
-1.573	0.00872625
-1.572	0.0087633
-1.571	0.00880071
-1.57	0.00883847
-1.569	0.00887655
-1.568	0.00891492
-1.567	0.00895355
-1.566	0.00899245
-1.565	0.00903155
-1.564	0.00907091
-1.563	0.00911043
-1.562	0.00915011
-1.561	0.00918995
-1.56	0.0092299
-1.559	0.00926996
-1.558	0.0093101
-1.557	0.00935027
-1.556	0.0093905
-1.555	0.00943072
-1.554	0.00947093
-1.553	0.00951111
-1.552	0.00955125
-1.551	0.00959128
-1.55	0.00963125
-1.549	0.00967106
-1.548	0.00971075
-1.547	0.00975027
-1.546	0.0097896
-1.545	0.00982874
-1.544	0.00986767
-1.543	0.00990635
-1.542	0.00994476
-1.541	0.00998292
-1.54	0.0100208
-1.539	0.0100583
-1.538	0.0100955
-1.537	0.0101324
-1.536	0.0101689
-1.535	0.0102051
-1.534	0.0102408
-1.533	0.0102762
-1.532	0.0103111
-1.531	0.0103457
-1.53	0.0103798
-1.529	0.0104134
-1.528	0.0104466
-1.527	0.0104794
-1.526	0.0105117
-1.525	0.0105435
-1.524	0.0105748
-1.523	0.0106057
-1.522	0.010636
-1.521	0.0106659
-1.52	0.0106953
-1.519	0.0107242
-1.518	0.0107526
-1.517	0.0107804
-1.516	0.0108078
-1.515	0.0108347
-1.514	0.0108612
-1.513	0.0108871
-1.512	0.0109125
-1.511	0.0109375
-1.51	0.010962
-1.509	0.010986
-1.508	0.0110096
-1.507	0.0110327
-1.506	0.0110553
-1.505	0.0110776
-1.504	0.0110994
-1.503	0.0111208
-1.502	0.0111419
-1.501	0.0111625
-1.5	0.0111828
-1.499	0.0112027
-1.498	0.0112222
-1.497	0.0112415
-1.496	0.0112604
-1.495	0.0112791
-1.494	0.0112974
-1.493	0.0113156
-1.492	0.0113334
-1.491	0.0113511
-1.49	0.0113685
-1.489	0.0113857
-1.488	0.0114028
-1.487	0.0114198
-1.486	0.0114366
-1.485	0.0114533
-1.484	0.0114699
-1.483	0.0114865
-1.482	0.011503
-1.481	0.0115195
-1.48	0.011536
-1.479	0.0115526
-1.478	0.0115691
-1.477	0.0115858
-1.476	0.0116025
-1.475	0.0116194
-1.474	0.0116363
-1.473	0.0116535
-1.472	0.0116708
-1.471	0.0116882
-1.47	0.011706
-1.469	0.0117239
-1.468	0.0117421
-1.467	0.0117606
-1.466	0.0117794
-1.465	0.0117985
-1.464	0.0118179
-1.463	0.0118377
-1.462	0.0118578
-1.461	0.0118784
-1.46	0.0118994
-1.459	0.0119208
-1.458	0.0119426
-1.457	0.0119649
-1.456	0.0119876
-1.455	0.0120109
-1.454	0.0120346
-1.453	0.0120589
-1.452	0.0120837
-1.451	0.012109
-1.45	0.0121349
-1.449	0.0121613
-1.448	0.0121883
-1.447	0.0122159
-1.446	0.0122441
-1.445	0.0122729
-1.444	0.0123022
-1.443	0.0123322
-1.442	0.0123628
-1.441	0.012394
-1.44	0.0124259
-1.439	0.0124584
-1.438	0.0124915
-1.437	0.0125252
-1.436	0.0125595
-1.435	0.0125945
-1.434	0.0126301
-1.433	0.0126664
-1.432	0.0127032
-1.431	0.0127407
-1.43	0.0127788
-1.429	0.0128175
-1.428	0.0128569
-1.427	0.0128968
-1.426	0.0129373
-1.425	0.0129784
-1.424	0.0130201
-1.423	0.0130623
-1.422	0.0131051
-1.421	0.0131484
-1.42	0.0131923
-1.419	0.0132367
-1.418	0.0132816
-1.417	0.013327
-1.416	0.0133729
-1.415	0.0134192
-1.414	0.013466
-1.413	0.0135132
-1.412	0.0135609
-1.411	0.013609
-1.41	0.0136574
-1.409	0.0137063
-1.408	0.0137555
-1.407	0.0138049
-1.406	0.0138548
-1.405	0.0139049
-1.404	0.0139553
-1.403	0.014006
-1.402	0.0140569
-1.401	0.0141081
-1.4	0.0141594
-1.399	0.014211
-1.398	0.0142626
-1.397	0.0143145
-1.396	0.0143664
-1.395	0.0144185
-1.394	0.0144707
-1.393	0.0145229
-1.392	0.0145752
-1.391	0.0146275
-1.39	0.0146798
-1.389	0.0147321
-1.388	0.0147843
-1.387	0.0148365
-1.386	0.0148887
-1.385	0.0149407
-1.384	0.0149927
-1.383	0.0150445
-1.382	0.0150962
-1.381	0.0151478
-1.38	0.0151992
-1.379	0.0152504
-1.378	0.0153014
-1.377	0.0153521
-1.376	0.0154027
-1.375	0.015453
-1.374	0.015503
-1.373	0.0155528
-1.372	0.0156023
-1.371	0.0156515
-1.37	0.0157004
-1.369	0.015749
-1.368	0.0157973
-1.367	0.0158452
-1.366	0.0158928
-1.365	0.0159401
-1.364	0.015987
-1.363	0.0160336
-1.362	0.0160797
-1.361	0.0161255
-1.36	0.016171
-1.359	0.016216
-1.358	0.0162607
-1.357	0.0163051
-1.356	0.016349
-1.355	0.0163925
-1.354	0.0164357
-1.353	0.0164785
-1.352	0.0165209
-1.351	0.0165629
-1.35	0.0166046
-1.349	0.0166459
-1.348	0.0166869
-1.347	0.0167275
-1.346	0.0167678
-1.345	0.0168076
-1.344	0.0168472
-1.343	0.0168865
-1.342	0.0169254
-1.341	0.0169641
-1.34	0.0170024
-1.339	0.0170405
-1.338	0.0170782
-1.337	0.0171158
-1.336	0.017153
-1.335	0.0171901
-1.334	0.0172269
-1.333	0.0172636
-1.332	0.0173
-1.331	0.0173362
-1.33	0.0173723
-1.329	0.0174083
-1.328	0.0174441
-1.327	0.0174798
-1.326	0.0175154
-1.325	0.017551
-1.324	0.0175864
-1.323	0.0176219
-1.322	0.0176573
-1.321	0.0176927
-1.32	0.0177281
-1.319	0.0177635
-1.318	0.0177991
-1.317	0.0178346
-1.316	0.0178703
-1.315	0.017906
-1.314	0.0179419
-1.313	0.0179779
-1.312	0.0180141
-1.311	0.0180505
-1.31	0.018087
-1.309	0.0181238
-1.308	0.0181608
-1.307	0.0181981
-1.306	0.0182356
-1.305	0.0182734
-1.304	0.0183115
-1.303	0.0183499
-1.302	0.0183887
-1.301	0.0184278
-1.3	0.0184673
-1.299	0.0185072
-1.298	0.0185475
-1.297	0.0185881
-1.296	0.0186292
-1.295	0.0186708
-1.294	0.0187128
-1.293	0.0187553
-1.292	0.0187982
-1.291	0.0188417
-1.29	0.0188856
-1.289	0.01893
-1.288	0.018975
-1.287	0.0190205
-1.286	0.0190666
-1.285	0.0191131
-1.284	0.0191603
-1.283	0.019208
-1.282	0.0192563
-1.281	0.0193051
-1.28	0.0193545
-1.279	0.0194045
-1.278	0.0194551
-1.277	0.0195063
-1.276	0.019558
-1.275	0.0196104
-1.274	0.0196633
-1.273	0.0197169
-1.272	0.019771
-1.271	0.0198257
-1.27	0.019881
-1.269	0.0199369
-1.268	0.0199933
-1.267	0.0200504
-1.266	0.020108
-1.265	0.0201662
-1.264	0.020225
-1.263	0.0202843
-1.262	0.0203441
-1.261	0.0204045
-1.26	0.0204654
-1.259	0.0205269
-1.258	0.0205889
-1.257	0.0206514
-1.256	0.0207143
-1.255	0.0207778
-1.254	0.0208417
-1.253	0.0209061
-1.252	0.020971
-1.251	0.0210362
-1.25	0.021102
-1.249	0.0211681
-1.248	0.0212347
-1.247	0.0213015
-1.246	0.0213688
-1.245	0.0214365
-1.244	0.0215045
-1.243	0.0215727
-1.242	0.0216414
-1.241	0.0217103
-1.24	0.0217795
-1.239	0.0218489
-1.238	0.0219186
-1.237	0.0219886
-1.236	0.0220588
-1.235	0.0221291
-1.234	0.0221997
-1.233	0.0222704
-1.232	0.0223413
-1.231	0.0224123
-1.23	0.0224834
-1.229	0.0225546
-1.228	0.0226259
-1.227	0.0226974
-1.226	0.0227688
-1.225	0.0228403
-1.224	0.0229119
-1.223	0.0229835
-1.222	0.023055
-1.221	0.0231266
-1.22	0.023198
-1.219	0.0232696
-1.218	0.023341
-1.217	0.0234124
-1.216	0.0234837
-1.215	0.0235549
-1.214	0.023626
-1.213	0.0236971
-1.212	0.0237679
-1.211	0.0238386
-1.21	0.0239093
-1.209	0.0239797
-1.208	0.02405
-1.207	0.0241202
-1.206	0.0241901
-1.205	0.02426
-1.204	0.0243296
-1.203	0.0243989
-1.202	0.0244682
-1.201	0.0245372
-1.2	0.024606
-1.199	0.0246746
-1.198	0.0247429
-1.197	0.0248111
-1.196	0.0248791
-1.195	0.0249469
-1.194	0.0250144
-1.193	0.0250817
-1.192	0.0251488
-1.191	0.0252157
-1.19	0.0252823
-1.189	0.0253488
-1.188	0.025415
-1.187	0.025481
-1.186	0.0255469
-1.185	0.0256125
-1.184	0.025678
-1.183	0.0257433
-1.182	0.0258084
-1.181	0.0258733
-1.18	0.025938
-1.179	0.0260027
-1.178	0.0260671
-1.177	0.0261315
-1.176	0.0261957
-1.175	0.0262597
-1.174	0.0263237
-1.173	0.0263876
-1.172	0.0264514
-1.171	0.0265151
-1.17	0.0265788
-1.169	0.0266424
-1.168	0.0267059
-1.167	0.0267695
-1.166	0.026833
-1.165	0.0268966
-1.164	0.0269601
-1.163	0.0270237
-1.162	0.0270873
-1.161	0.027151
-1.16	0.0272147
-1.159	0.0272786
-1.158	0.0273425
-1.157	0.0274066
-1.156	0.0274707
-1.155	0.0275351
-1.154	0.0275996
-1.153	0.0276642
-1.152	0.027729
-1.151	0.0277941
-1.15	0.0278594
-1.149	0.0279249
-1.148	0.0279906
-1.147	0.0280566
-1.146	0.0281229
-1.145	0.0281895
-1.144	0.0282564
-1.143	0.0283236
-1.142	0.0283911
-1.141	0.028459
-1.14	0.0285273
-1.139	0.0285959
-1.138	0.0286648
-1.137	0.0287342
-1.136	0.028804
-1.135	0.0288742
-1.134	0.0289449
-1.133	0.029016
-1.132	0.0290875
-1.131	0.0291595
-1.13	0.029232
-1.129	0.029305
-1.128	0.0293784
-1.127	0.0294523
-1.126	0.0295268
-1.125	0.0296017
-1.124	0.0296772
-1.123	0.0297533
-1.122	0.0298298
-1.121	0.0299069
-1.12	0.0299845
-1.119	0.0300626
-1.118	0.0301413
-1.117	0.0302206
-1.116	0.0303003
-1.115	0.0303807
-1.114	0.0304617
-1.113	0.0305432
-1.112	0.0306253
-1.111	0.0307079
-1.11	0.0307911
-1.109	0.0308748
-1.108	0.0309591
-1.107	0.031044
-1.106	0.0311294
-1.105	0.0312154
-1.104	0.0313019
-1.103	0.031389
-1.102	0.0314767
-1.101	0.0315648
-1.1	0.0316535
-1.099	0.0317427
-1.098	0.0318325
-1.097	0.0319227
-1.096	0.0320135
-1.095	0.0321048
-1.094	0.0321966
-1.093	0.0322888
-1.092	0.0323816
-1.091	0.0324748
-1.09	0.0325685
-1.089	0.0326626
-1.088	0.0327571
-1.087	0.0328521
-1.086	0.0329476
-1.085	0.0330434
-1.084	0.0331396
-1.083	0.0332363
-1.082	0.0333333
-1.081	0.0334307
-1.08	0.0335285
-1.079	0.0336266
-1.078	0.033725
-1.077	0.0338238
-1.076	0.0339229
-1.075	0.0340223
-1.074	0.034122
-1.073	0.034222
-1.072	0.0343222
-1.071	0.0344227
-1.07	0.0345234
-1.069	0.0346244
-1.068	0.0347256
-1.067	0.034827
-1.066	0.0349287
-1.065	0.0350305
-1.064	0.0351325
-1.063	0.0352346
-1.062	0.035337
-1.061	0.0354395
-1.06	0.0355421
-1.059	0.0356448
-1.058	0.0357477
-1.057	0.0358507
-1.056	0.0359538
-1.055	0.0360569
-1.054	0.0361602
-1.053	0.0362635
-1.052	0.0363669
-1.051	0.0364703
-1.05	0.0365739
-1.049	0.0366774
-1.048	0.036781
-1.047	0.0368846
-1.046	0.0369883
-1.045	0.037092
-1.044	0.0371957
-1.043	0.0372994
-1.042	0.0374031
-1.041	0.0375068
-1.04	0.0376106
-1.039	0.0377143
-1.038	0.037818
-1.037	0.0379218
-1.036	0.0380254
-1.035	0.0381291
-1.034	0.0382328
-1.033	0.0383365
-1.032	0.0384402
-1.031	0.0385439
-1.03	0.0386475
-1.029	0.0387513
-1.028	0.0388549
-1.027	0.0389585
-1.026	0.0390622
-1.025	0.0391658
-1.024	0.0392695
-1.023	0.0393731
-1.022	0.0394768
-1.021	0.0395805
-1.02	0.0396843
-1.019	0.039788
-1.018	0.0398919
-1.017	0.0399956
-1.016	0.0400996
-1.015	0.0402035
-1.014	0.0403075
-1.013	0.0404116
-1.012	0.0405157
-1.011	0.04062
-1.01	0.0407243
-1.009	0.0408288
-1.008	0.0409334
-1.007	0.0410381
-1.006	0.0411429
-1.005	0.0412477
-1.004	0.0413529
-1.003	0.0414581
-1.002	0.0415635
-1.001	0.0416692
-1	0.0417749
-0.999	0.0418809
-0.998	0.0419871
-0.997	0.0420936
-0.996	0.0422002
-0.995	0.0423071
-0.994	0.0424142
-0.993	0.0425217
-0.992	0.0426294
-0.991	0.0427374
-0.99	0.0428456
-0.989	0.0429541
-0.988	0.0430632
-0.987	0.0431723
-0.986	0.0432819
-0.985	0.0433918
-0.984	0.0435022
-0.983	0.0436128
-0.982	0.0437238
-0.981	0.0438353
-0.98	0.0439471
-0.979	0.0440593
-0.978	0.0441721
-0.977	0.0442851
-0.976	0.0443987
-0.975	0.0445126
-0.974	0.0446271
-0.973	0.044742
-0.972	0.0448574
-0.971	0.0449733
-0.97	0.0450897
-0.969	0.0452065
-0.968	0.0453238
-0.967	0.0454418
-0.966	0.0455601
-0.965	0.045679
-0.964	0.0457984
-0.963	0.0459184
-0.962	0.0460389
-0.961	0.04616
-0.96	0.0462816
-0.959	0.0464038
-0.958	0.0465264
-0.957	0.0466497
-0.956	0.0467736
-0.955	0.0468981
-0.954	0.047023
-0.953	0.0471485
-0.952	0.0472746
-0.951	0.0474014
-0.95	0.0475286
-0.949	0.0476564
-0.948	0.0477849
-0.947	0.0479139
-0.946	0.0480435
-0.945	0.0481736
-0.944	0.0483044
-0.943	0.0484357
-0.942	0.0485675
-0.941	0.0486999
-0.94	0.048833
-0.939	0.0489666
-0.938	0.0491007
-0.937	0.0492354
-0.936	0.0493708
-0.935	0.0495065
-0.934	0.0496429
-0.933	0.0497798
-0.932	0.0499172
-0.931	0.0500552
-0.93	0.0501936
-0.929	0.0503326
-0.928	0.0504721
-0.927	0.0506122
-0.926	0.0507528
-0.925	0.0508938
-0.924	0.0510354
-0.923	0.0511775
-0.922	0.05132
-0.921	0.0514629
-0.92	0.0516064
-0.919	0.0517503
-0.918	0.0518948
-0.917	0.0520396
-0.916	0.0521849
-0.915	0.0523306
-0.914	0.0524767
-0.913	0.0526233
-0.912	0.0527702
-0.911	0.0529176
-0.91	0.0530654
-0.909	0.0532135
-0.908	0.0533621
-0.907	0.0535111
-0.906	0.0536604
-0.905	0.05381
-0.904	0.05396
-0.903	0.0541104
-0.902	0.0542611
-0.901	0.0544121
-0.9	0.0545635
-0.899	0.0547153
-0.898	0.0548673
-0.897	0.0550197
-0.896	0.0551723
-0.895	0.0553252
-0.894	0.0554785
-0.893	0.0556321
-0.892	0.0557859
-0.891	0.05594
-0.89	0.0560944
-0.889	0.056249
-0.888	0.0564041
-0.887	0.0565592
-0.886	0.0567147
-0.885	0.0568704
-0.884	0.0570264
-0.883	0.0571826
-0.882	0.0573391
-0.881	0.0574959
-0.88	0.0576528
-0.879	0.05781
-0.878	0.0579676
-0.877	0.0581253
-0.876	0.0582833
-0.875	0.0584414
-0.874	0.0585999
-0.873	0.0587586
-0.872	0.0589175
-0.871	0.0590767
-0.87	0.059236
-0.869	0.0593957
-0.868	0.0595556
-0.867	0.0597157
-0.866	0.0598761
-0.865	0.0600368
-0.864	0.0601977
-0.863	0.0603589
-0.862	0.0605203
-0.861	0.060682
-0.86	0.060844
-0.859	0.0610061
-0.858	0.0611686
-0.857	0.0613313
-0.856	0.0614944
-0.855	0.0616577
-0.854	0.0618214
-0.853	0.0619854
-0.852	0.0621495
-0.851	0.0623141
-0.85	0.062479
-0.849	0.062644
-0.848	0.0628096
-0.847	0.0629754
-0.846	0.0631416
-0.845	0.0633082
-0.844	0.063475
-0.843	0.0636423
-0.842	0.06381
-0.841	0.0639779
-0.84	0.0641462
-0.839	0.064315
-0.838	0.0644841
-0.837	0.0646536
-0.836	0.0648235
-0.835	0.0649938
-0.834	0.0651647
-0.833	0.0653359
-0.832	0.0655076
-0.831	0.0656797
-0.83	0.0658522
-0.829	0.0660252
-0.828	0.0661987
-0.827	0.0663726
-0.826	0.0665471
-0.825	0.0667221
-0.824	0.0668975
-0.823	0.0670734
-0.822	0.0672499
-0.821	0.0674268
-0.82	0.0676043
-0.819	0.0677823
-0.818	0.0679609
-0.817	0.06814
-0.816	0.0683196
-0.815	0.0684999
-0.814	0.0686807
-0.813	0.068862
-0.812	0.069044
-0.811	0.0692265
-0.81	0.0694096
-0.809	0.0695934
-0.808	0.0697777
-0.807	0.0699626
-0.806	0.0701481
-0.805	0.0703342
-0.804	0.0705211
-0.803	0.0707083
-0.802	0.0708964
-0.801	0.071085
-0.8	0.0712744
-0.799	0.0714643
-0.798	0.0716549
-0.797	0.0718462
-0.796	0.072038
-0.795	0.0722305
-0.794	0.0724238
-0.793	0.0726176
-0.792	0.0728121
-0.791	0.0730073
-0.79	0.0732032
-0.789	0.0733997
-0.788	0.0735969
-0.787	0.0737948
-0.786	0.0739933
-0.785	0.0741924
-0.784	0.0743923
-0.783	0.074593
-0.782	0.0747941
-0.781	0.074996
-0.78	0.0751986
-0.779	0.0754019
-0.778	0.0756057
-0.777	0.0758103
-0.776	0.0760156
-0.775	0.0762215
-0.774	0.0764281
-0.773	0.0766354
-0.772	0.0768432
-0.771	0.0770519
-0.77	0.0772612
-0.769	0.0774711
-0.768	0.0776817
-0.767	0.077893
-0.766	0.0781047
-0.765	0.0783173
-0.764	0.0785305
-0.763	0.0787444
-0.762	0.0789588
-0.761	0.0791741
-0.76	0.0793898
-0.759	0.0796062
-0.758	0.0798232
-0.757	0.0800408
-0.756	0.0802591
-0.755	0.080478
-0.754	0.0806976
-0.753	0.0809177
-0.752	0.0811384
-0.751	0.0813599
-0.75	0.081582
-0.749	0.0818047
-0.748	0.0820278
-0.747	0.0822516
-0.746	0.0824761
-0.745	0.0827009
-0.744	0.0829265
-0.743	0.0831526
-0.742	0.0833794
-0.741	0.0836067
-0.74	0.0838347
-0.739	0.0840631
-0.738	0.0842921
-0.737	0.0845218
-0.736	0.0847521
-0.735	0.0849828
-0.734	0.0852141
-0.733	0.0854458
-0.732	0.0856784
-0.731	0.0859114
-0.73	0.0861451
-0.729	0.0863791
-0.728	0.0866138
-0.727	0.0868489
-0.726	0.0870848
-0.725	0.0873211
-0.724	0.0875579
-0.723	0.0877953
-0.722	0.0880332
-0.721	0.0882718
-0.72	0.0885108
-0.719	0.0887502
-0.718	0.0889906
-0.717	0.0892311
-0.716	0.0894724
-0.715	0.0897142
-0.714	0.0899564
-0.713	0.0901992
-0.712	0.0904428
-0.711	0.0906865
-0.71	0.0909312
-0.709	0.0911762
-0.708	0.0914218
-0.707	0.091668
-0.706	0.0919146
-0.705	0.092162
-0.704	0.0924098
-0.703	0.0926582
-0.702	0.0929071
-0.701	0.0931567
-0.7	0.0934068
-0.699	0.0936575
-0.698	0.0939088
-0.697	0.0941606
-0.696	0.094413
-0.695	0.0946661
-0.694	0.0949197
-0.693	0.095174
-0.692	0.0954287
-0.691	0.0956843
-0.69	0.0959401
-0.689	0.096197
-0.688	0.0964541
-0.687	0.096712
-0.686	0.0969705
-0.685	0.0972297
-0.684	0.0974895
-0.683	0.0977499
-0.682	0.0980108
-0.681	0.0982726
-0.68	0.0985349
-0.679	0.0987979
-0.678	0.0990617
-0.677	0.0993261
-0.676	0.0995912
-0.675	0.0998569
-0.674	0.100123
-0.673	0.10039
-0.672	0.100658
-0.671	0.100927
-0.67	0.101196
-0.669	0.101466
-0.668	0.101737
-0.667	0.102008
-0.666	0.10228
-0.665	0.102553
-0.664	0.102827
-0.663	0.103101
-0.662	0.103376
-0.661	0.103652
-0.66	0.103928
-0.659	0.104206
-0.658	0.104484
-0.657	0.104763
-0.656	0.105043
-0.655	0.105323
-0.654	0.105605
-0.653	0.105887
-0.652	0.10617
-0.651	0.106454
-0.65	0.106738
-0.649	0.107023
-0.648	0.10731
-0.647	0.107597
-0.646	0.107884
-0.645	0.108173
-0.644	0.108463
-0.643	0.108753
-0.642	0.109044
-0.641	0.109336
-0.64	0.109629
-0.639	0.109923
-0.638	0.110217
-0.637	0.110513
-0.636	0.110809
-0.635	0.111107
-0.634	0.111405
-0.633	0.111704
-0.632	0.112003
-0.631	0.112304
-0.63	0.112606
-0.629	0.112908
-0.628	0.113212
-0.627	0.113516
-0.626	0.113821
-0.625	0.114127
-0.624	0.114434
-0.623	0.114742
-0.622	0.115051
-0.621	0.11536
-0.62	0.115671
-0.619	0.115982
-0.618	0.116295
-0.617	0.116608
-0.616	0.116922
-0.615	0.117237
-0.614	0.117553
-0.613	0.11787
-0.612	0.118188
-0.611	0.118506
-0.61	0.118826
-0.609	0.119146
-0.608	0.119468
-0.607	0.11979
-0.606	0.120114
-0.605	0.120438
-0.604	0.120763
-0.603	0.121089
-0.602	0.121416
-0.601	0.121744
-0.6	0.122072
-0.599	0.122402
-0.598	0.122733
-0.597	0.123064
-0.596	0.123397
-0.595	0.12373
-0.594	0.124064
-0.593	0.1244
-0.592	0.124736
-0.591	0.125073
-0.59	0.125411
-0.589	0.125749
-0.588	0.126089
-0.587	0.12643
-0.586	0.126772
-0.585	0.127114
-0.584	0.127458
-0.583	0.127802
-0.582	0.128147
-0.581	0.128493
-0.58	0.128841
-0.579	0.129189
-0.578	0.129538
-0.577	0.129887
-0.576	0.130238
-0.575	0.13059
-0.574	0.130943
-0.573	0.131296
-0.572	0.131651
-0.571	0.132006
-0.57	0.132363
-0.569	0.13272
-0.568	0.133078
-0.567	0.133437
-0.566	0.133797
-0.565	0.134158
-0.564	0.13452
-0.563	0.134883
-0.562	0.135247
-0.561	0.135612
-0.56	0.135977
-0.559	0.136344
-0.558	0.136711
-0.557	0.13708
-0.556	0.137449
-0.555	0.13782
-0.554	0.138191
-0.553	0.138563
-0.552	0.138937
-0.551	0.139311
-0.55	0.139686
-0.549	0.140062
-0.548	0.140439
-0.547	0.140817
-0.546	0.141196
-0.545	0.141576
-0.544	0.141957
-0.543	0.142339
-0.542	0.142722
-0.541	0.143106
-0.54	0.14349
-0.539	0.143876
-0.538	0.144263
-0.537	0.144651
-0.536	0.14504
-0.535	0.145429
-0.534	0.14582
-0.533	0.146212
-0.532	0.146605
-0.531	0.146999
-0.53	0.147394
-0.529	0.147789
-0.528	0.148186
-0.527	0.148584
-0.526	0.148983
-0.525	0.149383
-0.524	0.149784
-0.523	0.150186
-0.522	0.150589
-0.521	0.150994
-0.52	0.151399
-0.519	0.151805
-0.518	0.152212
-0.517	0.152621
-0.516	0.15303
-0.515	0.153441
-0.514	0.153853
-0.513	0.154266
-0.512	0.154679
-0.511	0.155094
-0.51	0.155511
-0.509	0.155928
-0.508	0.156346
-0.507	0.156765
-0.506	0.157186
-0.505	0.157608
-0.504	0.158031
-0.503	0.158454
-0.502	0.15888
-0.501	0.159306
-0.5	0.159733
-0.499	0.160162
-0.498	0.160591
-0.497	0.161022
-0.496	0.161454
-0.495	0.161888
-0.494	0.162322
-0.493	0.162758
-0.492	0.163194
-0.491	0.163632
-0.49	0.164072
-0.489	0.164512
-0.488	0.164954
-0.487	0.165396
-0.486	0.16584
-0.485	0.166285
-0.484	0.166732
-0.483	0.16718
-0.482	0.167629
-0.481	0.168079
-0.48	0.16853
-0.479	0.168983
-0.478	0.169437
-0.477	0.169892
-0.476	0.170348
-0.475	0.170806
-0.474	0.171265
-0.473	0.171725
-0.472	0.172186
-0.471	0.172649
-0.47	0.173113
-0.469	0.173579
-0.468	0.174045
-0.467	0.174513
-0.466	0.174982
-0.465	0.175453
-0.464	0.175925
-0.463	0.176398
-0.462	0.176872
-0.461	0.177348
-0.46	0.177825
-0.459	0.178303
-0.458	0.178783
-0.457	0.179264
-0.456	0.179746
-0.455	0.18023
-0.454	0.180714
-0.453	0.181201
-0.452	0.181688
-0.451	0.182177
-0.45	0.182668
-0.449	0.18316
-0.448	0.183652
-0.447	0.184147
-0.446	0.184642
-0.445	0.185139
-0.444	0.185638
-0.443	0.186138
-0.442	0.186639
-0.441	0.187141
-0.44	0.187645
-0.439	0.18815
-0.438	0.188657
-0.437	0.189165
-0.436	0.189674
-0.435	0.190185
-0.434	0.190697
-0.433	0.191211
-0.432	0.191726
-0.431	0.192242
-0.43	0.19276
-0.429	0.193279
-0.428	0.193799
-0.427	0.194321
-0.426	0.194844
-0.425	0.195369
-0.424	0.195895
-0.423	0.196423
-0.422	0.196951
-0.421	0.197482
-0.42	0.198014
-0.419	0.198547
-0.418	0.199082
-0.417	0.199618
-0.416	0.200155
-0.415	0.200694
-0.414	0.201266
-0.413	0.201907
-0.412	0.202615
-0.411	0.203392
-0.41	0.204238
-0.409	0.205153
-0.408	0.206138
-0.407	0.207194
-0.406	0.208319
-0.405	0.209515
-0.404	0.210782
-0.403	0.21212
-0.402	0.213528
-0.401	0.215006
-0.4	0.216557
-0.399	0.218177
-0.398	0.219867
-0.397	0.221628
-0.396	0.223458
-0.395	0.225358
-0.394	0.227326
-0.393	0.229364
-0.392	0.23147
-0.391	0.233642
-0.39	0.235882
-0.389	0.238189
-0.388	0.24056
-0.387	0.242997
-0.386	0.245496
-0.385	0.24806
-0.384	0.250686
-0.383	0.253373
-0.382	0.256121
-0.381	0.258927
-0.38	0.261791
-0.379	0.264713
-0.378	0.267691
-0.377	0.270724
-0.376	0.273809
-0.375	0.276947
-0.374	0.280136
-0.373	0.283374
-0.372	0.286661
-0.371	0.289994
-0.37	0.293372
-0.369	0.296794
-0.368	0.300258
-0.367	0.303763
-0.366	0.307307
-0.365	0.310889
-0.364	0.314523
-0.363	0.318231
-0.362	0.322006
-0.361	0.325848
-0.36	0.329755
-0.359	0.333724
-0.358	0.337753
-0.357	0.341842
-0.356	0.345984
-0.355	0.350181
-0.354	0.354429
-0.353	0.358725
-0.352	0.363067
-0.351	0.367452
-0.35	0.371878
-0.349	0.376344
-0.348	0.380846
-0.347	0.38538
-0.346	0.389946
-0.345	0.394539
-0.344	0.399159
-0.343	0.403802
-0.342	0.408467
-0.341	0.413146
-0.34	0.417842
-0.339	0.422552
-0.338	0.42727
-0.337	0.431996
-0.336	0.436726
-0.335	0.441459
-0.334	0.446189
-0.333	0.450917
-0.332	0.455638
-0.331	0.46035
-0.33	0.46505
-0.329	0.469736
-0.328	0.474407
-0.327	0.479055
-0.326	0.483683
-0.325	0.488285
-0.324	0.49286
-0.323	0.497405
-0.322	0.501918
-0.321	0.506393
-0.32	0.510832
-0.319	0.515231
-0.318	0.519587
-0.317	0.523898
-0.316	0.52816
-0.315	0.532374
-0.314	0.536534
-0.313	0.540639
-0.312	0.544687
-0.311	0.548676
-0.31	0.552602
-0.309	0.556465
-0.308	0.560262
-0.307	0.56399
-0.306	0.567648
-0.305	0.571234
-0.304	0.574745
-0.303	0.578179
-0.302	0.581535
-0.301	0.584811
-0.3	0.588004
-0.299	0.591114
-0.298	0.594138
-0.297	0.597074
-0.296	0.599921
-0.295	0.602678
-0.294	0.605343
-0.293	0.607913
-0.292	0.610389
-0.291	0.612768
-0.29	0.61505
-0.289	0.617232
-0.288	0.619314
-0.287	0.621294
-0.286	0.623172
-0.285	0.624947
-0.284	0.626616
-0.283	0.628181
-0.282	0.629638
-0.281	0.63099
-0.28	0.632232
-0.279	0.633367
-0.278	0.634392
-0.277	0.635307
-0.276	0.636114
-0.275	0.636808
-0.274	0.637392
-0.273	0.637864
-0.272	0.638225
-0.271	0.638475
-0.27	0.638613
-0.269	0.63864
-0.268	0.638554
-0.267	0.638357
-0.266	0.638049
-0.265	0.637629
-0.264	0.637099
-0.263	0.636458
-0.262	0.635707
-0.261	0.634846
-0.26	0.633876
-0.259	0.632798
-0.258	0.631612
-0.257	0.630319
-0.256	0.628919
-0.255	0.627415
-0.254	0.625806
-0.253	0.624093
-0.252	0.622279
-0.251	0.620361
-0.25	0.618345
-0.249	0.61623
-0.248	0.614017
-0.247	0.611707
-0.246	0.609303
-0.245	0.606806
-0.244	0.604215
-0.243	0.601535
-0.242	0.598766
-0.241	0.595909
-0.24	0.592967
-0.239	0.589942
-0.238	0.586834
-0.237	0.583646
-0.236	0.580382
-0.235	0.577038
-0.234	0.573623
-0.233	0.570135
-0.232	0.566575
-0.231	0.562951
-0.23	0.559255
-0.229	0.5555
-0.228	0.551684
-0.227	0.547805
-0.226	0.543872
-0.225	0.539882
-0.224	0.535842
-0.223	0.531752
-0.222	0.527613
-0.221	0.523431
-0.22	0.519205
-0.219	0.51494
-0.218	0.510637
-0.217	0.506299
-0.216	0.50193
-0.215	0.49753
-0.214	0.493103
-0.213	0.488651
-0.212	0.484177
-0.211	0.479685
-0.21	0.475175
-0.209	0.470651
-0.208	0.466117
-0.207	0.461573
-0.206	0.457024
-0.205	0.452471
-0.204	0.447918
-0.203	0.443367
-0.202	0.438821
-0.201	0.434281
-0.2	0.429753
-0.199	0.425238
-0.198	0.420735
-0.197	0.416255
-0.196	0.411793
-0.195	0.407354
-0.194	0.402944
-0.193	0.39856
-0.192	0.394207
-0.191	0.389891
-0.19	0.385607
-0.189	0.381365
-0.188	0.377164
-0.187	0.373006
-0.186	0.368896
-0.185	0.364833
-0.184	0.360822
-0.183	0.356865
-0.182	0.352964
-0.181	0.349119
-0.18	0.345336
-0.179	0.341618
-0.178	0.337961
-0.177	0.334374
-0.176	0.330856
-0.175	0.327407
-0.174	0.324033
-0.173	0.320735
-0.172	0.317513
-0.171	0.314372
-0.17	0.311311
-0.169	0.308332
-0.168	0.30544
-0.167	0.302634
-0.166	0.299914
-0.165	0.297287
-0.164	0.29475
-0.163	0.292304
-0.162	0.289956
-0.161	0.2877
-0.16	0.285544
-0.159	0.283486
-0.158	0.281525
-0.157	0.279668
-0.156	0.277913
-0.155	0.276258
-0.154	0.27471
-0.153	0.273266
-0.152	0.271926
-0.151	0.270697
-0.15	0.269572
-0.149	0.268557
-0.148	0.267649
-0.147	0.266853
-0.146	0.266165
-0.145	0.265587
-0.144	0.265122
-0.143	0.264766
-0.142	0.264523
-0.141	0.26439
-0.14	0.264369
-0.139	0.264461
-0.138	0.264663
-0.137	0.264977
-0.136	0.265405
-0.135	0.265942
-0.134	0.266589
-0.133	0.26735
-0.132	0.26822
-0.131	0.269198
-0.13	0.270289
-0.129	0.271486
-0.128	0.272792
-0.127	0.274207
-0.126	0.275726
-0.125	0.277353
-0.124	0.279085
-0.123	0.280919
-0.122	0.28286
-0.121	0.284899
-0.12	0.287041
-0.119	0.289283
-0.118	0.291621
-0.117	0.294059
-0.116	0.296592
-0.115	0.299218
-0.114	0.301938
-0.113	0.30475
-0.112	0.307651
-0.111	0.31064
-0.11	0.313716
-0.109	0.316877
-0.108	0.320121
-0.107	0.323445
-0.106	0.32685
-0.105	0.330331
-0.104	0.333888
-0.103	0.337518
-0.102	0.341221
-0.101	0.344992
-0.1	0.348829
