-4	3.09233e-009
-3.999	3.12551e-009
-3.998	3.1072e-009
-3.997	3.1229e-009
-3.996	3.12895e-009
-3.995	3.12263e-009
-3.994	3.10079e-009
-3.993	3.12705e-009
-3.992	3.13657e-009
-3.991	3.09543e-009
-3.99	3.11447e-009
-3.989	3.10398e-009
-3.988	3.11376e-009
-3.987	3.0998e-009
-3.986	3.09484e-009
-3.985	3.09318e-009
-3.984	3.0979e-009
-3.983	3.10729e-009
-3.982	3.06992e-009
-3.981	3.0614e-009
-3.98	3.06213e-009
-3.979	3.07747e-009
-3.978	3.04354e-009
-3.977	3.05423e-009
-3.976	3.05008e-009
-3.975	3.03482e-009
-3.974	3.06348e-009
-3.973	3.04827e-009
-3.972	3.00417e-009
-3.971	2.99693e-009
-3.97	3.02427e-009
-3.969	3.00139e-009
-3.968	3.00275e-009
-3.967	2.95405e-009
-3.966	3.00067e-009
-3.965	2.98049e-009
-3.964	2.92e-009
-3.963	2.9624e-009
-3.962	2.91307e-009
-3.961	2.93279e-009
-3.96	2.90078e-009
-3.959	2.8999e-009
-3.958	2.90256e-009
-3.957	2.85908e-009
-3.956	2.86414e-009
-3.955	2.89366e-009
-3.954	2.86579e-009
-3.953	2.82504e-009
-3.952	2.86351e-009
-3.951	2.80944e-009
-3.95	2.79859e-009
-3.949	2.77987e-009
-3.948	2.78478e-009
-3.947	2.81116e-009
-3.946	2.78814e-009
-3.945	2.76149e-009
-3.944	2.71385e-009
-3.943	2.72312e-009
-3.942	2.69865e-009
-3.941	2.69278e-009
-3.94	2.68499e-009
-3.939	2.6757e-009
-3.938	2.67312e-009
-3.937	2.6638e-009
-3.936	2.63377e-009
-3.935	2.58702e-009
-3.934	2.60611e-009
-3.933	2.58821e-009
-3.932	2.58503e-009
-3.931	2.56322e-009
-3.93	2.52813e-009
-3.929	2.53031e-009
-3.928	2.53164e-009
-3.927	2.50399e-009
-3.926	2.47895e-009
-3.925	2.48566e-009
-3.924	2.45895e-009
-3.923	2.43694e-009
-3.922	2.41944e-009
-3.921	2.41193e-009
-3.92	2.39832e-009
-3.919	2.39337e-009
-3.918	2.35033e-009
-3.917	2.33883e-009
-3.916	2.35654e-009
-3.915	2.32561e-009
-3.914	2.30278e-009
-3.913	2.2932e-009
-3.912	2.29368e-009
-3.911	2.25114e-009
-3.91	2.23508e-009
-3.909	2.24182e-009
-3.908	2.21522e-009
-3.907	2.19566e-009
-3.906	2.18639e-009
-3.905	2.18839e-009
-3.904	2.17295e-009
-3.903	2.12959e-009
-3.902	2.13698e-009
-3.901	2.1213e-009
-3.9	2.0948e-009
-3.899	2.09531e-009
-3.898	2.08192e-009
-3.897	2.0557e-009
-3.896	2.02685e-009
-3.895	2.03378e-009
-3.894	2.01441e-009
-3.893	1.99029e-009
-3.892	1.97352e-009
-3.891	1.97923e-009
-3.89	1.97714e-009
-3.889	1.9502e-009
-3.888	1.9262e-009
-3.887	1.89549e-009
-3.886	1.89424e-009
-3.885	1.88077e-009
-3.884	1.86575e-009
-3.883	1.85064e-009
-3.882	1.84994e-009
-3.881	1.83002e-009
-3.88	1.81862e-009
-3.879	1.82246e-009
-3.878	1.79202e-009
-3.877	1.79029e-009
-3.876	1.76477e-009
-3.875	1.77414e-009
-3.874	1.74652e-009
-3.873	1.72313e-009
-3.872	1.71307e-009
-3.871	1.69098e-009
-3.87	1.69214e-009
-3.869	1.66777e-009
-3.868	1.68413e-009
-3.867	1.66325e-009
-3.866	1.64173e-009
-3.865	1.62096e-009
-3.864	1.6486e-009
-3.863	1.63184e-009
-3.862	1.61567e-009
-3.861	1.62098e-009
-3.86	1.5704e-009
-3.859	1.58508e-009
-3.858	1.58174e-009
-3.857	1.54008e-009
-3.856	1.53376e-009
-3.855	1.57308e-009
-3.854	1.56135e-009
-3.853	1.52493e-009
-3.852	1.50985e-009
-3.851	1.53019e-009
-3.85	1.5053e-009
-3.849	1.48327e-009
-3.848	1.50446e-009
-3.847	1.49051e-009
-3.846	1.4865e-009
-3.845	1.48773e-009
-3.844	1.47294e-009
-3.843	1.45464e-009
-3.842	1.45815e-009
-3.841	1.45675e-009
-3.84	1.46674e-009
-3.839	1.44875e-009
-3.838	1.44397e-009
-3.837	1.44606e-009
-3.836	1.4141e-009
-3.835	1.4292e-009
-3.834	1.41513e-009
-3.833	1.41712e-009
-3.832	1.42464e-009
-3.831	1.41349e-009
-3.83	1.41399e-009
-3.829	1.40005e-009
-3.828	1.41767e-009
-3.827	1.40663e-009
-3.826	1.41414e-009
-3.825	1.4174e-009
-3.824	1.41633e-009
-3.823	1.39931e-009
-3.822	1.38244e-009
-3.821	1.40711e-009
-3.82	1.41143e-009
-3.819	1.40293e-009
-3.818	1.41081e-009
-3.817	1.41593e-009
-3.816	1.40998e-009
-3.815	1.41921e-009
-3.814	1.40228e-009
-3.813	1.40613e-009
-3.812	1.40232e-009
-3.811	1.43669e-009
-3.81	1.4273e-009
-3.809	1.42131e-009
-3.808	1.44602e-009
-3.807	1.44009e-009
-3.806	1.45222e-009
-3.805	1.44298e-009
-3.804	1.44707e-009
-3.803	1.44896e-009
-3.802	1.46173e-009
-3.801	1.46834e-009
-3.8	1.48063e-009
-3.799	1.47235e-009
-3.798	1.49708e-009
-3.797	1.50918e-009
-3.796	1.48386e-009
-3.795	1.49174e-009
-3.794	1.51726e-009
-3.793	1.51008e-009
-3.792	1.50847e-009
-3.791	1.53201e-009
-3.79	1.53486e-009
-3.789	1.54559e-009
-3.788	1.55201e-009
-3.787	1.56032e-009
-3.786	1.57211e-009
-3.785	1.59185e-009
-3.784	1.5948e-009
-3.783	1.59697e-009
-3.782	1.60916e-009
-3.781	1.62444e-009
-3.78	1.63513e-009
-3.779	1.63761e-009
-3.778	1.64578e-009
-3.777	1.68019e-009
-3.776	1.67894e-009
-3.775	1.68444e-009
-3.774	1.70877e-009
-3.773	1.70791e-009
-3.772	1.70279e-009
-3.771	1.72125e-009
-3.77	1.75056e-009
-3.769	1.74654e-009
-3.768	1.76729e-009
-3.767	1.79745e-009
-3.766	1.79949e-009
-3.765	1.82167e-009
-3.764	1.82602e-009
-3.763	1.82922e-009
-3.762	1.85383e-009
-3.761	1.85352e-009
-3.76	1.87279e-009
-3.759	1.87597e-009
-3.758	1.89059e-009
-3.757	1.88938e-009
-3.756	1.93464e-009
-3.755	1.94827e-009
-3.754	1.95796e-009
-3.753	1.95886e-009
-3.752	1.97579e-009
-3.751	2.01092e-009
-3.75	2.00322e-009
-3.749	2.03237e-009
-3.748	2.03879e-009
-3.747	2.07398e-009
-3.746	2.06889e-009
-3.745	2.11943e-009
-3.744	2.10792e-009
-3.743	2.11735e-009
-3.742	2.1505e-009
-3.741	2.16161e-009
-3.74	2.17397e-009
-3.739	2.15314e-009
-3.738	2.20554e-009
-3.737	2.21477e-009
-3.736	2.20885e-009
-3.735	2.2436e-009
-3.734	2.26138e-009
-3.733	2.26779e-009
-3.732	2.30372e-009
-3.731	2.30875e-009
-3.73	2.30371e-009
-3.729	2.33196e-009
-3.728	2.36903e-009
-3.727	2.38074e-009
-3.726	2.36886e-009
-3.725	2.37312e-009
-3.724	2.44019e-009
-3.723	2.43393e-009
-3.722	2.43299e-009
-3.721	2.44668e-009
-3.72	2.47595e-009
-3.719	2.49808e-009
-3.718	2.48847e-009
-3.717	2.49578e-009
-3.716	2.53099e-009
-3.715	2.53238e-009
-3.714	2.53823e-009
-3.713	2.58608e-009
-3.712	2.56319e-009
-3.711	2.62641e-009
-3.71	2.60165e-009
-3.709	2.63506e-009
-3.708	2.65893e-009
-3.707	2.64133e-009
-3.706	2.69028e-009
-3.705	2.67559e-009
-3.704	2.69827e-009
-3.703	2.71581e-009
-3.702	2.73646e-009
-3.701	2.74375e-009
-3.7	2.76588e-009
-3.699	2.79136e-009
-3.698	2.7832e-009
-3.697	2.79599e-009
-3.696	2.81496e-009
-3.695	2.83721e-009
-3.694	2.82153e-009
-3.693	2.84275e-009
-3.692	2.86614e-009
-3.691	2.85133e-009
-3.69	2.89967e-009
-3.689	2.88881e-009
-3.688	2.92214e-009
-3.687	2.92248e-009
-3.686	2.9246e-009
-3.685	2.96307e-009
-3.684	2.95929e-009
-3.683	2.94415e-009
-3.682	2.96296e-009
-3.681	2.98508e-009
-3.68	2.97414e-009
-3.679	3.00212e-009
-3.678	2.98193e-009
-3.677	3.00454e-009
-3.676	3.02378e-009
-3.675	3.04051e-009
-3.674	3.0604e-009
-3.673	3.05534e-009
-3.672	3.04339e-009
-3.671	3.07164e-009
-3.67	3.09378e-009
-3.669	3.06924e-009
-3.668	3.08845e-009
-3.667	3.07173e-009
-3.666	3.08334e-009
-3.665	3.1118e-009
-3.664	3.11311e-009
-3.663	3.11479e-009
-3.662	3.10954e-009
-3.661	3.14788e-009
-3.66	3.1101e-009
-3.659	3.13858e-009
-3.658	3.13624e-009
-3.657	3.10978e-009
-3.656	3.16286e-009
-3.655	3.16927e-009
-3.654	3.1858e-009
-3.653	3.1413e-009
-3.652	3.1637e-009
-3.651	3.15119e-009
-3.65	3.16433e-009
-3.649	3.16507e-009
-3.648	3.1678e-009
-3.647	3.17088e-009
-3.646	3.15939e-009
-3.645	3.19638e-009
-3.644	3.18169e-009
-3.643	3.19359e-009
-3.642	3.1938e-009
-3.641	3.18852e-009
-3.64	3.18149e-009
-3.639	3.18766e-009
-3.638	3.16791e-009
-3.637	3.19501e-009
-3.636	3.18238e-009
-3.635	3.15579e-009
-3.634	3.14858e-009
-3.633	3.1527e-009
-3.632	3.18422e-009
-3.631	3.16551e-009
-3.63	3.14147e-009
-3.629	3.17788e-009
-3.628	3.17108e-009
-3.627	3.16152e-009
-3.626	3.14808e-009
-3.625	3.12535e-009
-3.624	3.14176e-009
-3.623	3.11741e-009
-3.622	3.13011e-009
-3.621	3.09693e-009
-3.62	3.0926e-009
-3.619	3.09818e-009
-3.618	3.11041e-009
-3.617	3.09981e-009
-3.616	3.10087e-009
-3.615	3.09919e-009
-3.614	3.09529e-009
-3.613	3.05162e-009
-3.612	3.04663e-009
-3.611	3.06774e-009
-3.61	3.0181e-009
-3.609	3.04766e-009
-3.608	3.0494e-009
-3.607	3.05085e-009
-3.606	3.00957e-009
-3.605	3.02189e-009
-3.604	3.01213e-009
-3.603	2.95525e-009
-3.602	2.9762e-009
-3.601	2.96025e-009
-3.6	2.94244e-009
-3.599	2.93691e-009
-3.598	2.92915e-009
-3.597	2.94835e-009
-3.596	2.91402e-009
-3.595	2.91805e-009
-3.594	2.91596e-009
-3.593	2.88911e-009
-3.592	2.85854e-009
-3.591	2.87325e-009
-3.59	2.86092e-009
-3.589	2.81722e-009
-3.588	2.82096e-009
-3.587	2.80449e-009
-3.586	2.81225e-009
-3.585	2.77988e-009
-3.584	2.78016e-009
-3.583	2.75092e-009
-3.582	2.73479e-009
-3.581	2.71561e-009
-3.58	2.73364e-009
-3.579	2.69981e-009
-3.578	2.70459e-009
-3.577	2.69166e-009
-3.576	2.65471e-009
-3.575	2.67876e-009
-3.574	2.61544e-009
-3.573	2.62594e-009
-3.572	2.61266e-009
-3.571	2.58178e-009
-3.57	2.5764e-009
-3.569	2.56234e-009
-3.568	2.54552e-009
-3.567	2.53925e-009
-3.566	2.52997e-009
-3.565	2.518e-009
-3.564	2.50891e-009
-3.563	2.48058e-009
-3.562	2.45435e-009
-3.561	2.44527e-009
-3.56	2.40507e-009
-3.559	2.43929e-009
-3.558	2.41998e-009
-3.557	2.39719e-009
-3.556	2.39044e-009
-3.555	2.34754e-009
-3.554	2.32575e-009
-3.553	2.31655e-009
-3.552	2.3137e-009
-3.551	2.28414e-009
-3.55	2.29641e-009
-3.549	2.25402e-009
-3.548	2.2608e-009
-3.547	2.24598e-009
-3.546	2.20681e-009
-3.545	2.19346e-009
-3.544	2.20669e-009
-3.543	2.19554e-009
-3.542	2.14152e-009
-3.541	2.14232e-009
-3.54	2.14326e-009
-3.539	2.10705e-009
-3.538	2.11283e-009
-3.537	2.08993e-009
-3.536	2.06582e-009
-3.535	2.06043e-009
-3.534	2.01653e-009
-3.533	2.03889e-009
-3.532	2.02323e-009
-3.531	2.00235e-009
-3.53	2.00786e-009
-3.529	2.00407e-009
-3.528	1.9462e-009
-3.527	1.94372e-009
-3.526	1.93993e-009
-3.525	1.91591e-009
-3.524	1.89628e-009
-3.523	1.89359e-009
-3.522	1.90076e-009
-3.521	1.87257e-009
-3.52	1.86081e-009
-3.519	1.82244e-009
-3.518	1.81707e-009
-3.517	1.81923e-009
-3.516	1.80984e-009
-3.515	1.78178e-009
-3.514	1.78565e-009
-3.513	1.76937e-009
-3.512	1.75643e-009
-3.511	1.7413e-009
-3.51	1.74232e-009
-3.509	1.72768e-009
-3.508	1.70888e-009
-3.507	1.69959e-009
-3.506	1.68707e-009
-3.505	1.68539e-009
-3.504	1.66317e-009
-3.503	1.66148e-009
-3.502	1.642e-009
-3.501	1.63774e-009
-3.5	1.63219e-009
-3.499	1.62111e-009
-3.498	1.61163e-009
-3.497	1.59403e-009
-3.496	1.59405e-009
-3.495	1.5921e-009
-3.494	1.58562e-009
-3.493	1.59079e-009
-3.492	1.57891e-009
-3.491	1.57345e-009
-3.49	1.55003e-009
-3.489	1.56338e-009
-3.488	1.52612e-009
-3.487	1.52944e-009
-3.486	1.54027e-009
-3.485	1.50543e-009
-3.484	1.50763e-009
-3.483	1.53327e-009
-3.482	1.5229e-009
-3.481	1.48442e-009
-3.48	1.51412e-009
-3.479	1.50475e-009
-3.478	1.48127e-009
-3.477	1.47205e-009
-3.476	1.49275e-009
-3.475	1.46583e-009
-3.474	1.46985e-009
-3.473	1.47729e-009
-3.472	1.46705e-009
-3.471	1.45252e-009
-3.47	1.47283e-009
-3.469	1.47038e-009
-3.468	1.45515e-009
-3.467	1.47399e-009
-3.466	1.47566e-009
-3.465	1.49038e-009
-3.464	1.45773e-009
-3.463	1.46221e-009
-3.462	1.46446e-009
-3.461	1.45941e-009
-3.46	1.45238e-009
-3.459	1.47365e-009
-3.458	1.45024e-009
-3.457	1.46093e-009
-3.456	1.48411e-009
-3.455	1.4514e-009
-3.454	1.45603e-009
-3.453	1.46951e-009
-3.452	1.48352e-009
-3.451	1.47257e-009
-3.45	1.48203e-009
-3.449	1.49347e-009
-3.448	1.48091e-009
-3.447	1.50286e-009
-3.446	1.51503e-009
-3.445	1.49589e-009
-3.444	1.51246e-009
-3.443	1.51591e-009
-3.442	1.5197e-009
-3.441	1.51106e-009
-3.44	1.5356e-009
-3.439	1.54789e-009
-3.438	1.56078e-009
-3.437	1.54448e-009
-3.436	1.57212e-009
-3.435	1.57465e-009
-3.434	1.5562e-009
-3.433	1.58094e-009
-3.432	1.58353e-009
-3.431	1.6048e-009
-3.43	1.59832e-009
-3.429	1.62853e-009
-3.428	1.62096e-009
-3.427	1.62887e-009
-3.426	1.63607e-009
-3.425	1.66087e-009
-3.424	1.65948e-009
-3.423	1.6643e-009
-3.422	1.69266e-009
-3.421	1.68602e-009
-3.42	1.69167e-009
-3.419	1.71956e-009
-3.418	1.72491e-009
-3.417	1.7427e-009
-3.416	1.7304e-009
-3.415	1.7331e-009
-3.414	1.76823e-009
-3.413	1.7773e-009
-3.412	1.79367e-009
-3.411	1.81454e-009
-3.41	1.81473e-009
-3.409	1.84447e-009
-3.408	1.87599e-009
-3.407	1.83029e-009
-3.406	1.86682e-009
-3.405	1.86037e-009
-3.404	1.89918e-009
-3.403	1.89232e-009
-3.402	1.90741e-009
-3.401	1.951e-009
-3.4	1.9422e-009
-3.399	1.97524e-009
-3.398	1.95797e-009
-3.397	1.98288e-009
-3.396	1.99925e-009
-3.395	2.021e-009
-3.394	2.03556e-009
-3.393	2.04729e-009
-3.392	2.07478e-009
-3.391	2.08399e-009
-3.39	2.1102e-009
-3.389	2.10817e-009
-3.388	2.12784e-009
-3.387	2.14768e-009
-3.386	2.15291e-009
-3.385	2.18437e-009
-3.384	2.16101e-009
-3.383	2.17897e-009
-3.382	2.22665e-009
-3.381	2.23494e-009
-3.38	2.22872e-009
-3.379	2.26463e-009
-3.378	2.27778e-009
-3.377	2.28806e-009
-3.376	2.30477e-009
-3.375	2.31865e-009
-3.374	2.31213e-009
-3.373	2.32681e-009
-3.372	2.37747e-009
-3.371	2.36283e-009
-3.37	2.41217e-009
-3.369	2.39621e-009
-3.368	2.43289e-009
-3.367	2.4696e-009
-3.366	2.47087e-009
-3.365	2.46761e-009
-3.364	2.48684e-009
-3.363	2.5182e-009
-3.362	2.49737e-009
-3.361	2.55163e-009
-3.36	2.52608e-009
-3.359	2.55953e-009
-3.358	2.58114e-009
-3.357	2.5879e-009
-3.356	2.6229e-009
-3.355	2.6243e-009
-3.354	2.64852e-009
-3.353	2.66816e-009
-3.352	2.67094e-009
-3.351	2.68232e-009
-3.35	2.69955e-009
-3.349	2.68754e-009
-3.348	2.70936e-009
-3.347	2.76979e-009
-3.346	2.74348e-009
-3.345	2.75862e-009
-3.344	2.79856e-009
-3.343	2.80146e-009
-3.342	2.78192e-009
-3.341	2.79852e-009
-3.34	2.83674e-009
-3.339	2.81573e-009
-3.338	2.85313e-009
-3.337	2.8859e-009
-3.336	2.89001e-009
-3.335	2.87039e-009
-3.334	2.91746e-009
-3.333	2.94245e-009
-3.332	2.95233e-009
-3.331	2.93516e-009
-3.33	2.9609e-009
-3.329	2.97774e-009
-3.328	2.96795e-009
-3.327	3.00286e-009
-3.326	2.99469e-009
-3.325	2.98828e-009
-3.324	3.02901e-009
-3.323	3.04889e-009
-3.322	3.04791e-009
-3.321	3.05049e-009
-3.32	3.05215e-009
-3.319	3.05467e-009
-3.318	3.06976e-009
-3.317	3.08743e-009
-3.316	3.08467e-009
-3.315	3.09335e-009
-3.314	3.10321e-009
-3.313	3.15672e-009
-3.312	3.13634e-009
-3.311	3.14492e-009
-3.31	3.11857e-009
-3.309	3.14418e-009
-3.308	3.15296e-009
-3.307	3.14439e-009
-3.306	3.16369e-009
-3.305	3.16603e-009
-3.304	3.19166e-009
-3.303	3.14318e-009
-3.302	3.19861e-009
-3.301	3.19363e-009
-3.3	3.19325e-009
-3.299	3.20923e-009
-3.298	3.20242e-009
-3.297	3.21577e-009
-3.296	3.17961e-009
-3.295	3.21123e-009
-3.294	3.2172e-009
-3.293	3.21192e-009
-3.292	3.21113e-009
-3.291	3.23528e-009
-3.29	3.24347e-009
-3.289	3.21699e-009
-3.288	3.23371e-009
-3.287	3.24348e-009
-3.286	3.26609e-009
-3.285	3.25237e-009
-3.284	3.22881e-009
-3.283	3.24742e-009
-3.282	3.2175e-009
-3.281	3.21994e-009
-3.28	3.25955e-009
-3.279	3.22998e-009
-3.278	3.2169e-009
-3.277	3.24211e-009
-3.276	3.2554e-009
-3.275	3.25753e-009
-3.274	3.21481e-009
-3.273	3.24287e-009
-3.272	3.22654e-009
-3.271	3.21883e-009
-3.27	3.22316e-009
-3.269	3.18865e-009
-3.268	3.214e-009
-3.267	3.18802e-009
-3.266	3.22682e-009
-3.265	3.18479e-009
-3.264	3.18378e-009
-3.263	3.18683e-009
-3.262	3.17367e-009
-3.261	3.18221e-009
-3.26	3.16035e-009
-3.259	3.16568e-009
-3.258	3.15639e-009
-3.257	3.14048e-009
-3.256	3.14538e-009
-3.255	3.14196e-009
-3.254	3.13231e-009
-3.253	3.1012e-009
-3.252	3.10424e-009
-3.251	3.103e-009
-3.25	3.08688e-009
-3.249	3.08862e-009
-3.248	3.0937e-009
-3.247	3.09235e-009
-3.246	3.02615e-009
-3.245	3.05462e-009
-3.244	3.05309e-009
-3.243	3.03753e-009
-3.242	3.00464e-009
-3.241	3.01674e-009
-3.24	3.01644e-009
-3.239	2.97823e-009
-3.238	2.96045e-009
-3.237	2.94934e-009
-3.236	2.95348e-009
-3.235	2.95885e-009
-3.234	2.95204e-009
-3.233	2.92932e-009
-3.232	2.92144e-009
-3.231	2.88022e-009
-3.23	2.87964e-009
-3.229	2.90796e-009
-3.228	2.87359e-009
-3.227	2.85722e-009
-3.226	2.84078e-009
-3.225	2.84135e-009
-3.224	2.809e-009
-3.223	2.77299e-009
-3.222	2.78728e-009
-3.221	2.78039e-009
-3.22	2.78117e-009
-3.219	2.75614e-009
-3.218	2.76103e-009
-3.217	2.70613e-009
-3.216	2.70199e-009
-3.215	2.70952e-009
-3.214	2.66533e-009
-3.213	2.6438e-009
-3.212	2.63468e-009
-3.211	2.63373e-009
-3.21	2.59451e-009
-3.209	2.62143e-009
-3.208	2.58617e-009
-3.207	2.56914e-009
-3.206	2.58191e-009
-3.205	2.55281e-009
-3.204	2.52299e-009
-3.203	2.50671e-009
-3.202	2.50409e-009
-3.201	2.4759e-009
-3.2	2.45282e-009
-3.199	2.4523e-009
-3.198	2.46089e-009
-3.197	2.42722e-009
-3.196	2.40776e-009
-3.195	2.40808e-009
-3.194	2.3834e-009
-3.193	2.34967e-009
-3.192	2.35585e-009
-3.191	2.34432e-009
-3.19	2.3077e-009
-3.189	2.30001e-009
-3.188	2.30163e-009
-3.187	2.26553e-009
-3.186	2.26631e-009
-3.185	2.23754e-009
-3.184	2.22975e-009
-3.183	2.22332e-009
-3.182	2.20183e-009
-3.181	2.19963e-009
-3.18	2.18643e-009
-3.179	2.16833e-009
-3.178	2.13707e-009
-3.177	2.11688e-009
-3.176	2.11821e-009
-3.175	2.09612e-009
-3.174	2.06924e-009
-3.173	2.06224e-009
-3.172	2.03471e-009
-3.171	2.04984e-009
-3.17	2.01481e-009
-3.169	2.02815e-009
-3.168	2.0283e-009
-3.167	1.98096e-009
-3.166	1.96836e-009
-3.165	1.96452e-009
-3.164	1.94625e-009
-3.163	1.92771e-009
-3.162	1.91458e-009
-3.161	1.91522e-009
-3.16	1.88353e-009
-3.159	1.88339e-009
-3.158	1.87152e-009
-3.157	1.86412e-009
-3.156	1.8463e-009
-3.155	1.82373e-009
-3.154	1.83721e-009
-3.153	1.7879e-009
-3.152	1.80549e-009
-3.151	1.78724e-009
-3.15	1.78636e-009
-3.149	1.77291e-009
-3.148	1.7747e-009
-3.147	1.75264e-009
-3.146	1.73174e-009
-3.145	1.7245e-009
-3.144	1.71869e-009
-3.143	1.69781e-009
-3.142	1.69464e-009
-3.141	1.71214e-009
-3.14	1.67237e-009
-3.139	1.66292e-009
-3.138	1.64978e-009
-3.137	1.63365e-009
-3.136	1.64157e-009
-3.135	1.62812e-009
-3.134	1.63436e-009
-3.133	1.64335e-009
-3.132	1.6278e-009
-3.131	1.61885e-009
-3.13	1.60292e-009
-3.129	1.58756e-009
-3.128	1.59218e-009
-3.127	1.58718e-009
-3.126	1.56524e-009
-3.125	1.58517e-009
-3.124	1.57363e-009
-3.123	1.54683e-009
-3.122	1.54771e-009
-3.121	1.5567e-009
-3.12	1.56575e-009
-3.119	1.52877e-009
-3.118	1.54604e-009
-3.117	1.54126e-009
-3.116	1.5113e-009
-3.115	1.54879e-009
-3.114	1.54022e-009
-3.113	1.52348e-009
-3.112	1.54107e-009
-3.111	1.53485e-009
-3.11	1.52377e-009
-3.109	1.50798e-009
-3.108	1.50972e-009
-3.107	1.52842e-009
-3.106	1.51241e-009
-3.105	1.52003e-009
-3.104	1.53897e-009
-3.103	1.51921e-009
-3.102	1.51755e-009
-3.101	1.51536e-009
-3.1	1.49872e-009
-3.099	1.53151e-009
-3.098	1.52298e-009
-3.097	1.53793e-009
-3.096	1.52275e-009
-3.095	1.5173e-009
-3.094	1.54554e-009
-3.093	1.54771e-009
-3.092	1.52091e-009
-3.091	1.54163e-009
-3.09	1.55532e-009
-3.089	1.52556e-009
-3.088	1.55203e-009
-3.087	1.55342e-009
-3.086	1.55943e-009
-3.085	1.56479e-009
-3.084	1.57966e-009
-3.083	1.59072e-009
-3.082	1.59209e-009
-3.081	1.60048e-009
-3.08	1.61043e-009
-3.079	1.58933e-009
-3.078	1.6096e-009
-3.077	1.62495e-009
-3.076	1.62674e-009
-3.075	1.64324e-009
-3.074	1.63653e-009
-3.073	1.64467e-009
-3.072	1.67335e-009
-3.071	1.66861e-009
-3.07	1.69687e-009
-3.069	1.68992e-009
-3.068	1.7088e-009
-3.067	1.71742e-009
-3.066	1.70487e-009
-3.065	1.71045e-009
-3.064	1.71928e-009
-3.063	1.74654e-009
-3.062	1.75812e-009
-3.061	1.77097e-009
-3.06	1.75717e-009
-3.059	1.78694e-009
-3.058	1.79263e-009
-3.057	1.79919e-009
-3.056	1.82153e-009
-3.055	1.83171e-009
-3.054	1.85737e-009
-3.053	1.85974e-009
-3.052	1.87133e-009
-3.051	1.89181e-009
-3.05	1.90295e-009
-3.049	1.91619e-009
-3.048	1.94177e-009
-3.047	1.91414e-009
-3.046	1.93074e-009
-3.045	1.93579e-009
-3.044	1.98471e-009
-3.043	1.9553e-009
-3.042	2.01843e-009
-3.041	2.00369e-009
-3.04	2.08717e-009
-3.039	2.06698e-009
-3.038	2.1035e-009
-3.037	2.13102e-009
-3.036	2.17416e-009
-3.035	2.171e-009
-3.034	2.25573e-009
-3.033	2.28955e-009
-3.032	2.34744e-009
-3.031	2.3529e-009
-3.03	2.4689e-009
-3.029	2.46624e-009
-3.028	2.61862e-009
-3.027	2.61275e-009
-3.026	2.74277e-009
-3.025	2.78004e-009
-3.024	2.92562e-009
-3.023	2.96272e-009
-3.022	3.08538e-009
-3.021	3.16676e-009
-3.02	3.28959e-009
-3.019	3.36772e-009
-3.018	3.55321e-009
-3.017	3.6137e-009
-3.016	3.80321e-009
-3.015	3.87988e-009
-3.014	4.12436e-009
-3.013	4.22933e-009
-3.012	4.4891e-009
-3.011	4.59976e-009
-3.01	4.89381e-009
-3.009	5.05003e-009
-3.008	5.25814e-009
-3.007	5.54582e-009
-3.006	5.67842e-009
-3.005	6.08367e-009
-3.004	6.19082e-009
-3.003	6.62496e-009
-3.002	6.8843e-009
-3.001	7.27716e-009
-3	7.52704e-009
-2.999	8.01554e-009
-2.998	8.33017e-009
-2.997	8.77333e-009
-2.996	9.11193e-009
-2.995	9.70662e-009
-2.994	1.00804e-008
-2.993	1.067e-008
-2.992	1.11157e-008
-2.991	1.18447e-008
-2.99	1.22814e-008
-2.989	1.30037e-008
-2.988	1.35336e-008
-2.987	1.44613e-008
-2.986	1.49901e-008
-2.985	1.58966e-008
-2.984	1.65083e-008
-2.983	1.76471e-008
-2.982	1.82696e-008
-2.981	1.94766e-008
-2.98	2.02376e-008
-2.979	2.15175e-008
-2.978	2.25136e-008
-2.977	2.38294e-008
-2.976	2.49613e-008
-2.975	2.62841e-008
-2.974	2.75937e-008
-2.973	2.90954e-008
-2.972	3.06219e-008
-2.971	3.22495e-008
-2.97	3.3965e-008
-2.969	3.56578e-008
-2.968	3.75484e-008
-2.967	3.94411e-008
-2.966	4.16261e-008
-2.965	4.35695e-008
-2.964	4.60184e-008
-2.963	4.82544e-008
-2.962	5.09328e-008
-2.961	5.34132e-008
-2.96	5.6472e-008
-2.959	5.91131e-008
-2.958	6.2492e-008
-2.957	6.54859e-008
-2.956	6.91406e-008
-2.955	7.23931e-008
-2.954	7.66385e-008
-2.953	8.0322e-008
-2.952	8.45411e-008
-2.951	8.8938e-008
-2.95	9.37075e-008
-2.949	9.83882e-008
-2.948	1.03631e-007
-2.947	1.08897e-007
-2.946	1.14787e-007
-2.945	1.20144e-007
-2.944	1.27059e-007
-2.943	1.33171e-007
-2.942	1.40483e-007
-2.941	1.47314e-007
-2.94	1.55349e-007
-2.939	1.63383e-007
-2.938	1.71816e-007
-2.937	1.80609e-007
-2.936	1.90165e-007
-2.935	1.99745e-007
-2.934	2.10281e-007
-2.933	2.20652e-007
-2.932	2.32629e-007
-2.931	2.4475e-007
-2.93	2.56853e-007
-2.929	2.70776e-007
-2.928	2.8395e-007
-2.927	2.99616e-007
-2.926	3.14004e-007
-2.925	3.31136e-007
-2.924	3.47686e-007
-2.923	3.66185e-007
-2.922	3.84355e-007
-2.921	4.05145e-007
-2.92	4.25445e-007
-2.919	4.47609e-007
-2.918	4.70365e-007
-2.917	4.9528e-007
-2.916	5.20931e-007
-2.915	5.47224e-007
-2.914	5.75901e-007
-2.913	6.05354e-007
-2.912	6.36377e-007
-2.911	6.6997e-007
-2.91	7.03321e-007
-2.909	7.40754e-007
-2.908	7.78543e-007
-2.907	8.18836e-007
-2.906	8.61445e-007
-2.905	9.05744e-007
-2.904	9.51551e-007
-2.903	1.00176e-006
-2.902	1.05288e-006
-2.901	1.10663e-006
-2.9	1.1644e-006
-2.899	1.2242e-006
-2.898	1.28814e-006
-2.897	1.35371e-006
-2.896	1.4241e-006
-2.895	1.49666e-006
-2.894	1.57489e-006
-2.893	1.65446e-006
-2.892	1.74086e-006
-2.891	1.8301e-006
-2.89	1.92425e-006
-2.889	2.02392e-006
-2.888	2.12765e-006
-2.887	2.23833e-006
-2.886	2.35305e-006
-2.885	2.47486e-006
-2.884	2.60268e-006
-2.883	2.7355e-006
-2.882	2.8768e-006
-2.881	3.02516e-006
-2.88	3.18124e-006
-2.879	3.34631e-006
-2.878	3.51675e-006
-2.877	3.69891e-006
-2.876	3.89044e-006
-2.875	4.09012e-006
-2.874	4.30094e-006
-2.873	4.52398e-006
-2.872	4.75492e-006
-2.871	5.00027e-006
-2.87	5.25895e-006
-2.869	5.53172e-006
-2.868	5.8139e-006
-2.867	6.11433e-006
-2.866	6.42858e-006
-2.865	6.76046e-006
-2.864	7.10922e-006
-2.863	7.47581e-006
-2.862	7.8615e-006
-2.861	8.26761e-006
-2.86	8.68992e-006
-2.859	9.14307e-006
-2.858	9.60928e-006
-2.857	1.01091e-005
-2.856	1.06255e-005
-2.855	1.11759e-005
-2.854	1.17513e-005
-2.853	1.23562e-005
-2.852	1.29949e-005
-2.851	1.3662e-005
-2.85	1.43674e-005
-2.849	1.51051e-005
-2.848	1.58856e-005
-2.847	1.67008e-005
-2.846	1.75664e-005
-2.845	1.84637e-005
-2.844	1.942e-005
-2.843	2.04204e-005
-2.842	2.14746e-005
-2.841	2.25771e-005
-2.84	2.37446e-005
-2.839	2.4965e-005
-2.838	2.62539e-005
-2.837	2.76028e-005
-2.836	2.90289e-005
-2.835	3.05194e-005
-2.834	3.20963e-005
-2.833	3.37451e-005
-2.832	3.54914e-005
-2.831	3.73104e-005
-2.83	3.92406e-005
-2.829	4.1257e-005
-2.828	4.33853e-005
-2.827	4.56156e-005
-2.826	4.79685e-005
-2.825	5.04372e-005
-2.824	5.30335e-005
-2.823	5.57673e-005
-2.822	5.86407e-005
-2.821	6.16574e-005
-2.82	6.48347e-005
-2.819	6.81735e-005
-2.818	7.16862e-005
-2.817	7.53736e-005
-2.816	7.9257e-005
-2.815	8.33373e-005
-2.814	8.76318e-005
-2.813	9.21405e-005
-2.812	9.68921e-005
-2.811	0.000101875
-2.81	0.000107121
-2.809	0.000112641
-2.808	0.000118429
-2.807	0.000124541
-2.806	0.000130937
-2.805	0.000137688
-2.804	0.000144774
-2.803	0.00015223
-2.802	0.000160066
-2.801	0.000168308
-2.8	0.000176971
-2.799	0.000186088
-2.798	0.000195651
-2.797	0.000205744
-2.796	0.000216301
-2.795	0.000227468
-2.794	0.000239141
-2.793	0.000251482
-2.792	0.000264401
-2.791	0.000278021
-2.79	0.000292338
-2.789	0.000307366
-2.788	0.000323199
-2.787	0.000339823
-2.786	0.000357328
-2.785	0.000375702
-2.784	0.00039504
-2.783	0.000415361
-2.782	0.000436746
-2.781	0.00045922
-2.78	0.00048286
-2.779	0.000507696
-2.778	0.000533825
-2.777	0.000561301
-2.776	0.000590192
-2.775	0.00062054
-2.774	0.000652488
-2.773	0.000686038
-2.772	0.000721374
-2.771	0.000758448
-2.77	0.000797514
-2.769	0.000838517
-2.768	0.000881675
-2.767	0.000927
-2.766	0.000974724
-2.765	0.0010249
-2.764	0.00107761
-2.763	0.00113302
-2.762	0.00119135
-2.761	0.00125264
-2.76	0.00131712
-2.759	0.00138484
-2.758	0.00145614
-2.757	0.00153099
-2.756	0.00160983
-2.755	0.00169259
-2.754	0.00177973
-2.753	0.00187126
-2.752	0.00196756
-2.751	0.00206877
-2.75	0.0021752
-2.749	0.00228715
-2.748	0.00240477
-2.747	0.00252853
-2.746	0.00265861
-2.745	0.00279542
-2.744	0.00293923
-2.743	0.00309046
-2.742	0.00324948
-2.741	0.00341668
-2.74	0.0035924
-2.739	0.0037773
-2.738	0.00397163
-2.737	0.00417598
-2.736	0.0043909
-2.735	0.00461681
-2.734	0.00485435
-2.733	0.00510411
-2.732	0.0053668
-2.731	0.00564295
-2.73	0.00593331
-2.729	0.00623864
-2.728	0.00655964
-2.727	0.00689729
-2.726	0.00725208
-2.725	0.00762537
-2.724	0.00801774
-2.723	0.00843037
-2.722	0.00886421
-2.721	0.00932041
-2.72	0.00980012
-2.719	0.0103045
-2.718	0.0108348
-2.717	0.0113925
-2.716	0.0119788
-2.715	0.0125954
-2.714	0.0132436
-2.713	0.0139041
-2.712	0.0145758
-2.711	0.0152581
-2.71	0.0159499
-2.709	0.0166505
-2.708	0.0173589
-2.707	0.0180744
-2.706	0.0187959
-2.705	0.0195225
-2.704	0.0202534
-2.703	0.0209877
-2.702	0.0217243
-2.701	0.0224624
-2.7	0.0232011
-2.699	0.0239394
-2.698	0.0246764
-2.697	0.0254111
-2.696	0.0261427
-2.695	0.0268702
-2.694	0.0275927
-2.693	0.0283093
-2.692	0.0290191
-2.691	0.0297212
-2.69	0.0304147
-2.689	0.0310987
-2.688	0.0317724
-2.687	0.032435
-2.686	0.0330856
-2.685	0.0337234
-2.684	0.0343475
-2.683	0.0349573
-2.682	0.0355519
-2.681	0.0361306
-2.68	0.0366927
-2.679	0.0372375
-2.678	0.0377641
-2.677	0.0382722
-2.676	0.038761
-2.675	0.0392298
-2.674	0.0396782
-2.673	0.0401055
-2.672	0.0405112
-2.671	0.0408948
-2.67	0.0412559
-2.669	0.0415939
-2.668	0.0419085
-2.667	0.0421993
-2.666	0.042466
-2.665	0.0427082
-2.664	0.0429256
-2.663	0.0431179
-2.662	0.0432849
-2.661	0.0434265
-2.66	0.0435424
-2.659	0.0436326
-2.658	0.0436969
-2.657	0.0437352
-2.656	0.0437476
-2.655	0.043734
-2.654	0.0436945
-2.653	0.0436291
-2.652	0.0435379
-2.651	0.0434212
-2.65	0.0432789
-2.649	0.0431113
-2.648	0.0429188
-2.647	0.0427014
-2.646	0.0424596
-2.645	0.0421935
-2.644	0.0419037
-2.643	0.0415905
-2.642	0.0412543
-2.641	0.0408956
-2.64	0.0405147
-2.639	0.0401123
-2.638	0.0396888
-2.637	0.0392449
-2.636	0.038781
-2.635	0.0382979
-2.634	0.0377961
-2.633	0.0372764
-2.632	0.0367393
-2.631	0.0361856
-2.63	0.0356161
-2.629	0.0350314
-2.628	0.0344323
-2.627	0.0338196
-2.626	0.0331942
-2.625	0.0325568
-2.624	0.0319082
-2.623	0.0312493
-2.622	0.0305811
-2.621	0.0299042
-2.62	0.0292197
-2.619	0.0285284
-2.618	0.0278312
-2.617	0.027129
-2.616	0.0264228
-2.615	0.0257134
-2.614	0.0250018
-2.613	0.024289
-2.612	0.0235758
-2.611	0.0228631
-2.61	0.0221519
-2.609	0.0214432
-2.608	0.0207379
-2.607	0.0200367
-2.606	0.0193409
-2.605	0.018651
-2.604	0.0179682
-2.603	0.0172933
-2.602	0.0166271
-2.601	0.0159706
-2.6	0.0153246
-2.599	0.0146899
-2.598	0.0140674
-2.597	0.0134579
-2.596	0.0128621
-2.595	0.0122809
-2.594	0.0117151
-2.593	0.0111653
-2.592	0.0106323
-2.591	0.0101167
-2.59	0.00961934
-2.589	0.00914081
-2.588	0.00868175
-2.587	0.00824269
-2.586	0.00782428
-2.585	0.00742708
-2.584	0.00705156
-2.583	0.0066983
-2.582	0.00636771
-2.581	0.00606024
-2.58	0.00577633
-2.579	0.00551634
-2.578	0.00528061
-2.577	0.00506949
-2.576	0.00488323
-2.575	0.0047221
-2.574	0.00458636
-2.573	0.0044762
-2.572	0.00439173
-2.571	0.0043331
-2.57	0.00430044
-2.569	0.00429376
-2.568	0.00431313
-2.567	0.00435852
-2.566	0.00442989
-2.565	0.00452718
-2.564	0.00465027
-2.563	0.00479904
-2.562	0.00497332
-2.561	0.00517288
-2.56	0.00539751
-2.559	0.00564695
-2.558	0.00592089
-2.557	0.00621899
-2.556	0.0065409
-2.555	0.00688623
-2.554	0.00725455
-2.553	0.00764541
-2.552	0.00805836
-2.551	0.00849282
-2.55	0.00894831
-2.549	0.00942425
-2.548	0.00992009
-2.547	0.0104352
-2.546	0.0109689
-2.545	0.0115206
-2.544	0.0120894
-2.543	0.012675
-2.542	0.0132763
-2.541	0.0138927
-2.54	0.0145235
-2.539	0.0151677
-2.538	0.0158247
-2.537	0.0164937
-2.536	0.0171737
-2.535	0.0178639
-2.534	0.0185634
-2.533	0.0192716
-2.532	0.0199873
-2.531	0.0207097
-2.53	0.0214379
-2.529	0.0221711
-2.528	0.0229082
-2.527	0.0236484
-2.526	0.0243907
-2.525	0.0251343
-2.524	0.0258781
-2.523	0.0266213
-2.522	0.0273629
-2.521	0.028102
-2.52	0.0288376
-2.519	0.029569
-2.518	0.0302951
-2.517	0.0310149
-2.516	0.0317278
-2.515	0.0324327
-2.514	0.0331288
-2.513	0.0338151
-2.512	0.0344909
-2.511	0.0351553
-2.51	0.0358074
-2.509	0.0364465
-2.508	0.0370719
-2.507	0.0376825
-2.506	0.0382778
-2.505	0.038857
-2.504	0.0394194
-2.503	0.0399642
-2.502	0.0404909
-2.501	0.0409986
-2.5	0.0414869
-2.499	0.0419552
-2.498	0.0424028
-2.497	0.0428291
-2.496	0.0432337
-2.495	0.0436161
-2.494	0.0439759
-2.493	0.0443124
-2.492	0.0446254
-2.491	0.0449145
-2.49	0.0451794
-2.489	0.0454197
-2.488	0.0456351
-2.487	0.0458254
-2.486	0.0459903
-2.485	0.0461297
-2.484	0.0462434
-2.483	0.0463314
-2.482	0.0463935
-2.481	0.0464296
-2.48	0.0464397
-2.479	0.0464238
-2.478	0.0463821
-2.477	0.0463145
-2.476	0.0462211
-2.475	0.0461022
-2.474	0.0459579
-2.473	0.0457883
-2.472	0.0455937
-2.471	0.0453745
-2.47	0.0451309
-2.469	0.0448632
-2.468	0.0445718
-2.467	0.0442571
-2.466	0.0439194
-2.465	0.0435596
-2.464	0.0431777
-2.463	0.0427743
-2.462	0.0423501
-2.461	0.0419055
-2.46	0.0414413
-2.459	0.0409578
-2.458	0.040456
-2.457	0.0399364
-2.456	0.0393997
-2.455	0.0388464
-2.454	0.0382776
-2.453	0.0376939
-2.452	0.037096
-2.451	0.0364847
-2.45	0.0358609
-2.449	0.0352253
-2.448	0.0345788
-2.447	0.0339223
-2.446	0.0332566
-2.445	0.0325826
-2.444	0.0319011
-2.443	0.0312132
-2.442	0.0305196
-2.441	0.0298213
-2.44	0.0291191
-2.439	0.0284142
-2.438	0.0277072
-2.437	0.0269993
-2.436	0.0262912
-2.435	0.0255841
-2.434	0.0248786
-2.433	0.0241758
-2.432	0.0234767
-2.431	0.0227821
-2.43	0.022093
-2.429	0.0214102
-2.428	0.0207347
-2.427	0.0200673
-2.426	0.0194089
-2.425	0.0187604
-2.424	0.0181227
-2.423	0.0174965
-2.422	0.0168827
-2.421	0.0162822
-2.42	0.0156956
-2.419	0.0151239
-2.418	0.0145677
-2.417	0.0140278
-2.416	0.0135048
-2.415	0.0129995
-2.414	0.0125126
-2.413	0.0120447
-2.412	0.0115965
-2.411	0.0111684
-2.41	0.0107612
-2.409	0.0103753
-2.408	0.0100113
-2.407	0.00966963
-2.406	0.00935078
-2.405	0.00905521
-2.404	0.00878327
-2.403	0.00853542
-2.402	0.0083119
-2.401	0.00811306
-2.4	0.00793918
-2.399	0.00779054
-2.398	0.00766736
-2.397	0.00756978
-2.396	0.00749795
-2.395	0.00745199
-2.394	0.007432
-2.393	0.00743807
-2.392	0.00747019
-2.391	0.00752829
-2.39	0.00761243
-2.389	0.00772242
-2.388	0.00785822
-2.387	0.00801963
-2.386	0.00820653
-2.385	0.00841864
-2.384	0.00865579
-2.383	0.00891765
-2.382	0.00920393
-2.381	0.00951432
-2.38	0.00984837
-2.379	0.0102057
-2.378	0.010586
-2.377	0.0109887
-2.376	0.0114134
-2.375	0.0118594
-2.374	0.0123263
-2.373	0.0128135
-2.372	0.0133205
-2.371	0.0138465
-2.37	0.014391
-2.369	0.0149532
-2.368	0.0155325
-2.367	0.0161283
-2.366	0.0167396
-2.365	0.0173659
-2.364	0.0180062
-2.363	0.0186599
-2.362	0.0193261
-2.361	0.020004
-2.36	0.0206927
-2.359	0.0213914
-2.358	0.0220993
-2.357	0.0228154
-2.356	0.0235389
-2.355	0.0242689
-2.354	0.0250045
-2.353	0.0257447
-2.352	0.0264886
-2.351	0.0272354
-2.35	0.027984
-2.349	0.0287336
-2.348	0.0294833
-2.347	0.030232
-2.346	0.030979
-2.345	0.0317231
-2.344	0.0324636
-2.343	0.0331995
-2.342	0.03393
-2.341	0.0346539
-2.34	0.0353706
-2.339	0.0360791
-2.338	0.0367785
-2.337	0.037468
-2.336	0.0381466
-2.335	0.0388137
-2.334	0.0394683
-2.333	0.0401097
-2.332	0.040737
-2.331	0.0413495
-2.33	0.0419463
-2.329	0.0425269
-2.328	0.0430906
-2.327	0.0436365
-2.326	0.0441639
-2.325	0.0446724
-2.324	0.0451611
-2.323	0.0456297
-2.322	0.0460775
-2.321	0.0465039
-2.32	0.0469083
-2.319	0.0472905
-2.318	0.0476499
-2.317	0.047986
-2.316	0.0482984
-2.315	0.0485868
-2.314	0.0488509
-2.313	0.0490904
-2.312	0.0493048
-2.311	0.0494941
-2.31	0.049658
-2.309	0.0497963
-2.308	0.0499088
-2.307	0.0499956
-2.306	0.0500565
-2.305	0.0500913
-2.304	0.0501001
-2.303	0.0500831
-2.302	0.0500401
-2.301	0.0499712
-2.3	0.0498768
-2.299	0.0497567
-2.298	0.0496113
-2.297	0.0494407
-2.296	0.0492451
-2.295	0.049025
-2.294	0.0487806
-2.293	0.0485122
-2.292	0.0482202
-2.291	0.047905
-2.29	0.047567
-2.289	0.0472067
-2.288	0.0468246
-2.287	0.0464212
-2.286	0.0459972
-2.285	0.0455529
-2.284	0.0450891
-2.283	0.0446063
-2.282	0.0441052
-2.281	0.0435865
-2.28	0.0430509
-2.279	0.042499
-2.278	0.0419317
-2.277	0.0413497
-2.276	0.0407537
-2.275	0.0401445
-2.274	0.039523
-2.273	0.03889
-2.272	0.0382463
-2.271	0.0375928
-2.27	0.0369303
-2.269	0.0362598
-2.268	0.035582
-2.267	0.034898
-2.266	0.0342086
-2.265	0.0335147
-2.264	0.0328173
-2.263	0.0321172
-2.262	0.0314155
-2.261	0.030713
-2.26	0.0300105
-2.259	0.0293092
-2.258	0.0286099
-2.257	0.0279136
-2.256	0.0272211
-2.255	0.0265334
-2.254	0.0258514
-2.253	0.025176
-2.252	0.0245081
-2.251	0.0238486
-2.25	0.0231982
-2.249	0.0225581
-2.248	0.0219289
-2.247	0.0213115
-2.246	0.0207067
-2.245	0.0201154
-2.244	0.0195383
-2.243	0.0189762
-2.242	0.0184298
-2.241	0.0178999
-2.24	0.0173872
-2.239	0.0168924
-2.238	0.0164161
-2.237	0.015959
-2.236	0.0155217
-2.235	0.0151048
-2.234	0.0147088
-2.233	0.0143343
-2.232	0.0139819
-2.231	0.0136519
-2.23	0.0133449
-2.229	0.0130613
-2.228	0.0128015
-2.227	0.0125658
-2.226	0.0123545
-2.225	0.0121681
-2.224	0.0120066
-2.223	0.0118705
-2.222	0.0117599
-2.221	0.011675
-2.22	0.0116158
-2.219	0.0115826
-2.218	0.0115754
-2.217	0.0115942
-2.216	0.0116392
-2.215	0.0117102
-2.214	0.0118071
-2.213	0.0119299
-2.212	0.0120784
-2.211	0.0122526
-2.21	0.0124522
-2.209	0.0126771
-2.208	0.0129268
-2.207	0.0132012
-2.206	0.0135
-2.205	0.0138228
-2.204	0.0141692
-2.203	0.0145388
-2.202	0.0149312
-2.201	0.015346
-2.2	0.0157826
-2.199	0.0162404
-2.198	0.0167189
-2.197	0.0172177
-2.196	0.017736
-2.195	0.0182734
-2.194	0.0188289
-2.193	0.0194021
-2.192	0.0199922
-2.191	0.0205985
-2.19	0.0212202
-2.189	0.0218567
-2.188	0.0225071
-2.187	0.0231706
-2.186	0.0238465
-2.185	0.0245338
-2.184	0.0252318
-2.183	0.0259396
-2.182	0.0266562
-2.181	0.027381
-2.18	0.0281128
-2.179	0.028851
-2.178	0.0295945
-2.177	0.0303424
-2.176	0.0310939
-2.175	0.0318479
-2.174	0.0326036
-2.173	0.03336
-2.172	0.0341163
-2.171	0.0348714
-2.17	0.0356243
-2.169	0.0363744
-2.168	0.0371206
-2.167	0.0378619
-2.166	0.0385975
-2.165	0.0393265
-2.164	0.0400479
-2.163	0.040761
-2.162	0.0414647
-2.161	0.0421584
-2.16	0.0428409
-2.159	0.0435116
-2.158	0.0441698
-2.157	0.0448143
-2.156	0.0454448
-2.155	0.0460602
-2.154	0.0466597
-2.153	0.047243
-2.152	0.0478088
-2.151	0.0483569
-2.15	0.0488864
-2.149	0.0493967
-2.148	0.0498872
-2.147	0.0503573
-2.146	0.0508064
-2.145	0.0512341
-2.144	0.0516398
-2.143	0.0520231
-2.142	0.0523833
-2.141	0.0527202
-2.14	0.0530333
-2.139	0.0533224
-2.138	0.053587
-2.137	0.0538269
-2.136	0.0540416
-2.135	0.0542313
-2.134	0.0543954
-2.133	0.0545339
-2.132	0.0546466
-2.131	0.0547335
-2.13	0.0547946
-2.129	0.0548295
-2.128	0.0548385
-2.127	0.0548215
-2.126	0.0547787
-2.125	0.05471
-2.124	0.0546157
-2.123	0.0544959
-2.122	0.0543507
-2.121	0.0541803
-2.12	0.0539852
-2.119	0.0537655
-2.118	0.0535215
-2.117	0.0532537
-2.116	0.0529625
-2.115	0.052648
-2.114	0.0523109
-2.113	0.0519516
-2.112	0.0515707
-2.111	0.0511686
-2.11	0.0507459
-2.109	0.0503031
-2.108	0.0498409
-2.107	0.04936
-2.106	0.0488608
-2.105	0.0483443
-2.104	0.047811
-2.103	0.0472615
-2.102	0.0466969
-2.101	0.0461177
-2.1	0.0455248
-2.099	0.0449189
-2.098	0.0443007
-2.097	0.0436713
-2.096	0.0430315
-2.095	0.042382
-2.094	0.0417238
-2.093	0.0410578
-2.092	0.0403848
-2.091	0.0397056
-2.09	0.0390214
-2.089	0.0383328
-2.088	0.037641
-2.087	0.0369467
-2.086	0.036251
-2.085	0.0355547
-2.084	0.0348588
-2.083	0.0341641
-2.082	0.0334719
-2.081	0.0327827
-2.08	0.0320976
-2.079	0.0314176
-2.078	0.0307434
-2.077	0.030076
-2.076	0.0294164
-2.075	0.0287654
-2.074	0.0281238
-2.073	0.0274926
-2.072	0.0268726
-2.071	0.0262645
-2.07	0.0256693
-2.069	0.0250878
-2.068	0.0245206
-2.067	0.0239686
-2.066	0.0234326
-2.065	0.0229133
-2.064	0.0224113
-2.063	0.0219273
-2.062	0.0214621
-2.061	0.0210161
-2.06	0.0205902
-2.059	0.0201848
-2.058	0.0198005
-2.057	0.0194378
-2.056	0.0190973
-2.055	0.0187794
-2.054	0.0184846
-2.053	0.0182133
-2.052	0.0179658
-2.051	0.0177426
-2.05	0.0175439
-2.049	0.0173701
-2.048	0.0172214
-2.047	0.0170981
-2.046	0.0170003
-2.045	0.0169283
-2.044	0.0168822
-2.043	0.0168619
-2.042	0.0168678
-2.041	0.0168997
-2.04	0.0169577
-2.039	0.0170417
-2.038	0.0171517
-2.037	0.0172876
-2.036	0.0174492
-2.035	0.0176364
-2.034	0.017849
-2.033	0.0180868
-2.032	0.0183495
-2.031	0.0186367
-2.03	0.0189483
-2.029	0.0192838
-2.028	0.0196429
-2.027	0.0200251
-2.026	0.02043
-2.025	0.0208571
-2.024	0.021306
-2.023	0.021776
-2.022	0.0222665
-2.021	0.0227773
-2.02	0.0233074
-2.019	0.0238563
-2.018	0.0244235
-2.017	0.025008
-2.016	0.0256094
-2.015	0.0262268
-2.014	0.0268594
-2.013	0.0275067
-2.012	0.0281676
-2.011	0.0288416
-2.01	0.0295277
-2.009	0.030225
-2.008	0.0309329
-2.007	0.0316503
-2.006	0.0323765
-2.005	0.0331105
-2.004	0.0338515
-2.003	0.0345986
-2.002	0.0353508
-2.001	0.0361072
-2	0.0368669
-1.999	0.037629
-1.998	0.0383926
-1.997	0.0391567
-1.996	0.0399205
-1.995	0.0406828
-1.994	0.0414429
-1.993	0.0421999
-1.992	0.0429526
-1.991	0.0437005
-1.99	0.0444423
-1.989	0.0451773
-1.988	0.0459046
-1.987	0.0466233
-1.986	0.0473325
-1.985	0.0480312
-1.984	0.048719
-1.983	0.0493946
-1.982	0.0500574
-1.981	0.0507065
-1.98	0.0513412
-1.979	0.0519609
-1.978	0.0525645
-1.977	0.0531514
-1.976	0.053721
-1.975	0.0542726
-1.974	0.0548056
-1.973	0.0553191
-1.972	0.0558127
-1.971	0.0562858
-1.97	0.0567377
-1.969	0.0571681
-1.968	0.0575764
-1.967	0.0579621
-1.966	0.0583247
-1.965	0.0586639
-1.964	0.0589793
-1.963	0.0592704
-1.962	0.0595372
-1.961	0.059779
-1.96	0.0599958
-1.959	0.0601871
-1.958	0.0603532
-1.957	0.0604936
-1.956	0.0606081
-1.955	0.0606967
-1.954	0.0607595
-1.953	0.0607962
-1.952	0.0608069
-1.951	0.0607915
-1.95	0.0607504
-1.949	0.0606837
-1.948	0.060591
-1.947	0.060473
-1.946	0.0603297
-1.945	0.0601613
-1.944	0.0599681
-1.943	0.0597505
-1.942	0.0595087
-1.941	0.0592431
-1.94	0.058954
-1.939	0.058642
-1.938	0.0583073
-1.937	0.0579506
-1.936	0.0575725
-1.935	0.0571731
-1.934	0.0567533
-1.933	0.0563136
-1.932	0.0558547
-1.931	0.055377
-1.93	0.0548814
-1.929	0.0543685
-1.928	0.053839
-1.927	0.0532936
-1.926	0.0527331
-1.925	0.0521583
-1.924	0.0515697
-1.923	0.0509685
-1.922	0.0503553
-1.921	0.049731
-1.92	0.0490964
-1.919	0.0484523
-1.918	0.0477997
-1.917	0.0471395
-1.916	0.0464724
-1.915	0.0457996
-1.914	0.0451217
-1.913	0.0444398
-1.912	0.0437549
-1.911	0.0430677
-1.91	0.0423792
-1.909	0.0416905
-1.908	0.0410022
-1.907	0.0403156
-1.906	0.0396313
-1.905	0.0389505
-1.904	0.038274
-1.903	0.0376027
-1.902	0.0369374
-1.901	0.0362793
-1.9	0.0356291
-1.899	0.0349876
-1.898	0.0343558
-1.897	0.0337346
-1.896	0.0331246
-1.895	0.032527
-1.894	0.0319424
-1.893	0.0313715
-1.892	0.0308153
-1.891	0.0302744
-1.89	0.0297497
-1.889	0.0292418
-1.888	0.0287514
-1.887	0.0282791
-1.886	0.0278258
-1.885	0.027392
-1.884	0.0269782
-1.883	0.0265851
-1.882	0.0262133
-1.881	0.0258632
-1.88	0.0255354
-1.879	0.0252303
-1.878	0.0249484
-1.877	0.0246902
-1.876	0.0244558
-1.875	0.0242458
-1.874	0.0240605
-1.873	0.0239001
-1.872	0.0237648
-1.871	0.023655
-1.87	0.0235709
-1.869	0.0235124
-1.868	0.0234799
-1.867	0.0234733
-1.866	0.0234929
-1.865	0.0235385
-1.864	0.0236103
-1.863	0.0237081
-1.862	0.0238318
-1.861	0.0239814
-1.86	0.0241567
-1.859	0.0243576
-1.858	0.0245839
-1.857	0.0248353
-1.856	0.0251116
-1.855	0.0254124
-1.854	0.0257374
-1.853	0.0260864
-1.852	0.0264588
-1.851	0.0268542
-1.85	0.0272723
-1.849	0.0277125
-1.848	0.0281743
-1.847	0.0286572
-1.846	0.0291607
-1.845	0.0296839
-1.844	0.0302267
-1.843	0.0307881
-1.842	0.0313675
-1.841	0.0319642
-1.84	0.0325775
-1.839	0.0332068
-1.838	0.0338512
-1.837	0.0345101
-1.836	0.0351824
-1.835	0.0358677
-1.834	0.0365648
-1.833	0.0372731
-1.832	0.0379917
-1.831	0.0387198
-1.83	0.0394563
-1.829	0.0402006
-1.828	0.0409517
-1.827	0.0417086
-1.826	0.0424705
-1.825	0.0432365
-1.824	0.0440055
-1.823	0.0447767
-1.822	0.0455493
-1.821	0.0463221
-1.82	0.0470945
-1.819	0.0478652
-1.818	0.0486334
-1.817	0.0493984
-1.816	0.0501591
-1.815	0.0509144
-1.814	0.0516638
-1.813	0.0524061
-1.812	0.0531406
-1.811	0.0538661
-1.81	0.0545821
-1.809	0.0552875
-1.808	0.0559816
-1.807	0.0566635
-1.806	0.0573324
-1.805	0.0579874
-1.804	0.058628
-1.803	0.0592531
-1.802	0.0598622
-1.801	0.0604545
-1.8	0.0610292
-1.799	0.0615858
-1.798	0.0621237
-1.797	0.062642
-1.796	0.0631403
-1.795	0.0636178
-1.794	0.0640742
-1.793	0.0645091
-1.792	0.0649216
-1.791	0.0653114
-1.79	0.0656782
-1.789	0.0660214
-1.788	0.0663407
-1.787	0.0666356
-1.786	0.0669061
-1.785	0.0671517
-1.784	0.0673722
-1.783	0.0675673
-1.782	0.0677369
-1.781	0.0678807
-1.78	0.0679988
-1.779	0.068091
-1.778	0.0681571
-1.777	0.0681975
-1.776	0.0682117
-1.775	0.0681999
-1.774	0.0681625
-1.773	0.0680992
-1.772	0.0680103
-1.771	0.067896
-1.77	0.0677562
-1.769	0.0675916
-1.768	0.0674023
-1.767	0.0671885
-1.766	0.0669507
-1.765	0.0666891
-1.764	0.0664042
-1.763	0.0660964
-1.762	0.0657661
-1.761	0.0654137
-1.76	0.0650401
-1.759	0.0646454
-1.758	0.0642305
-1.757	0.0637956
-1.756	0.0633417
-1.755	0.0628693
-1.754	0.062379
-1.753	0.0618715
-1.752	0.0613475
-1.751	0.060808
-1.75	0.0602534
-1.749	0.0596847
-1.748	0.0591024
-1.747	0.0585075
-1.746	0.0579009
-1.745	0.0572835
-1.744	0.0566558
-1.743	0.0560189
-1.742	0.0553736
-1.741	0.0547209
-1.74	0.0540616
-1.739	0.0533966
-1.738	0.052727
-1.737	0.0520533
-1.736	0.0513769
-1.735	0.0506984
-1.734	0.0500188
-1.733	0.049339
-1.732	0.0486602
-1.731	0.047983
-1.73	0.0473084
-1.729	0.0466374
-1.728	0.045971
-1.727	0.04531
-1.726	0.0446552
-1.725	0.0440077
-1.724	0.0433683
-1.723	0.042738
-1.722	0.0421174
-1.721	0.0415076
-1.72	0.0409093
-1.719	0.0403234
-1.718	0.0397507
-1.717	0.0391919
-1.716	0.0386481
-1.715	0.0381196
-1.714	0.0376074
-1.713	0.0371123
-1.712	0.0366348
-1.711	0.0361757
-1.71	0.0357355
-1.709	0.0353151
-1.708	0.0349148
-1.707	0.0345354
-1.706	0.0341773
-1.705	0.0338411
-1.704	0.0335272
-1.703	0.0332362
-1.702	0.0329685
-1.701	0.0327245
-1.7	0.0325045
-1.699	0.0323089
-1.698	0.0321381
-1.697	0.0319922
-1.696	0.0318716
-1.695	0.0317765
-1.694	0.0317071
-1.693	0.0316635
-1.692	0.0316458
-1.691	0.0316541
-1.69	0.0316886
-1.689	0.031749
-1.688	0.0318358
-1.687	0.0319486
-1.686	0.0320871
-1.685	0.0322516
-1.684	0.0324418
-1.683	0.0326576
-1.682	0.0328987
-1.681	0.0331649
-1.68	0.0334559
-1.679	0.0337715
-1.678	0.034111
-1.677	0.0344745
-1.676	0.0348615
-1.675	0.0352714
-1.674	0.0357039
-1.673	0.0361583
-1.672	0.0366344
-1.671	0.0371312
-1.67	0.0376487
-1.669	0.0381859
-1.668	0.0387424
-1.667	0.0393174
-1.666	0.0399103
-1.665	0.0405204
-1.664	0.0411471
-1.663	0.0417894
-1.662	0.0424468
-1.661	0.0431185
-1.66	0.0438036
-1.659	0.0445012
-1.658	0.0452108
-1.657	0.0459314
-1.656	0.046662
-1.655	0.0474021
-1.654	0.0481503
-1.653	0.0489062
-1.652	0.0496687
-1.651	0.0504368
-1.65	0.0512098
-1.649	0.0519866
-1.648	0.0527664
-1.647	0.0535482
-1.646	0.054331
-1.645	0.0551142
-1.644	0.0558965
-1.643	0.056677
-1.642	0.0574551
-1.641	0.0582295
-1.64	0.0589994
-1.639	0.0597642
-1.638	0.0605224
-1.637	0.0612737
-1.636	0.0620167
-1.635	0.0627507
-1.634	0.0634749
-1.633	0.0641886
-1.632	0.0648907
-1.631	0.0655804
-1.63	0.0662571
-1.629	0.0669196
-1.628	0.0675675
-1.627	0.0682
-1.626	0.0688164
-1.625	0.0694155
-1.624	0.0699973
-1.623	0.0705607
-1.622	0.0711051
-1.621	0.0716301
-1.62	0.0721347
-1.619	0.0726187
-1.618	0.0730813
-1.617	0.0735222
-1.616	0.0739408
-1.615	0.0743367
-1.614	0.0747092
-1.613	0.0750582
-1.612	0.0753833
-1.611	0.0756841
-1.61	0.0759602
-1.609	0.0762114
-1.608	0.0764374
-1.607	0.0766381
-1.606	0.0768133
-1.605	0.0769625
-1.604	0.0770862
-1.603	0.0771839
-1.602	0.0772556
-1.601	0.0773013
-1.6	0.077321
-1.599	0.0773149
-1.598	0.0772829
-1.597	0.0772253
-1.596	0.0771418
-1.595	0.0770332
-1.594	0.0768992
-1.593	0.0767404
-1.592	0.076557
-1.591	0.0763492
-1.59	0.0761173
-1.589	0.075862
-1.588	0.0755832
-1.587	0.0752815
-1.586	0.0749576
-1.585	0.0746119
-1.584	0.0742449
-1.583	0.0738569
-1.582	0.0734487
-1.581	0.0730209
-1.58	0.072574
-1.579	0.0721088
-1.578	0.0716259
-1.577	0.0711259
-1.576	0.0706098
-1.575	0.0700778
-1.574	0.0695313
-1.573	0.0689707
-1.572	0.0683967
-1.571	0.0678104
-1.57	0.0672123
-1.569	0.0666037
-1.568	0.065985
-1.567	0.0653574
-1.566	0.0647214
-1.565	0.0640782
-1.564	0.0634286
-1.563	0.0627735
-1.562	0.0621139
-1.561	0.0614507
-1.56	0.0607846
-1.559	0.0601166
-1.558	0.0594481
-1.557	0.0587793
-1.556	0.0581116
-1.555	0.0574459
-1.554	0.056783
-1.553	0.0561238
-1.552	0.0554694
-1.551	0.0548205
-1.55	0.0541781
-1.549	0.0535432
-1.548	0.0529165
-1.547	0.052299
-1.546	0.0516916
-1.545	0.051095
-1.544	0.0505101
-1.543	0.0499378
-1.542	0.0493789
-1.541	0.0488342
-1.54	0.0483043
-1.539	0.0477901
-1.538	0.0472923
-1.537	0.0468118
-1.536	0.0463491
-1.535	0.0459047
-1.534	0.0454796
-1.533	0.0450741
-1.532	0.0446892
-1.531	0.0443251
-1.53	0.0439824
-1.529	0.0436617
-1.528	0.0433636
-1.527	0.0430884
-1.526	0.0428366
-1.525	0.0426085
-1.524	0.0424046
-1.523	0.0422252
-1.522	0.0420706
-1.521	0.0419409
-1.52	0.0418368
-1.519	0.0417579
-1.518	0.041705
-1.517	0.0416779
-1.516	0.0416766
-1.515	0.0417014
-1.514	0.0417524
-1.513	0.0418296
-1.512	0.0419327
-1.511	0.042062
-1.51	0.0422173
-1.509	0.0423983
-1.508	0.042605
-1.507	0.0428374
-1.506	0.0430948
-1.505	0.0433776
-1.504	0.043685
-1.503	0.0440168
-1.502	0.0443728
-1.501	0.0447525
-1.5	0.0451557
-1.499	0.0455816
-1.498	0.0460302
-1.497	0.0465004
-1.496	0.0469924
-1.495	0.047505
-1.494	0.0480382
-1.493	0.0485911
-1.492	0.0491629
-1.491	0.0497532
-1.49	0.0503613
-1.489	0.0509867
-1.488	0.0516282
-1.487	0.0522854
-1.486	0.0529576
-1.485	0.0536439
-1.484	0.0543433
-1.483	0.0550555
-1.482	0.0557791
-1.481	0.0565137
-1.48	0.0572582
-1.479	0.0580118
-1.478	0.0587737
-1.477	0.059543
-1.476	0.0603187
-1.475	0.0610998
-1.474	0.0618858
-1.473	0.0626753
-1.472	0.0634676
-1.471	0.0642619
-1.47	0.0650571
-1.469	0.0658521
-1.468	0.0666464
-1.467	0.0674388
-1.466	0.0682283
-1.465	0.0690143
-1.464	0.0697953
-1.463	0.0705711
-1.462	0.0713404
-1.461	0.0721023
-1.46	0.0728559
-1.459	0.0736005
-1.458	0.074335
-1.457	0.0750587
-1.456	0.0757709
-1.455	0.0764705
-1.454	0.0771568
-1.453	0.077829
-1.452	0.0784865
-1.451	0.0791282
-1.45	0.0797537
-1.449	0.0803621
-1.448	0.0809526
-1.447	0.0815249
-1.446	0.0820781
-1.445	0.0826116
-1.444	0.0831247
-1.443	0.0836172
-1.442	0.0840882
-1.441	0.0845374
-1.44	0.084964
-1.439	0.085368
-1.438	0.0857486
-1.437	0.0861057
-1.436	0.0864386
-1.435	0.0867473
-1.434	0.0870312
-1.433	0.0872902
-1.432	0.0875241
-1.431	0.0877323
-1.43	0.0879152
-1.429	0.0880723
-1.428	0.0882036
-1.427	0.0883089
-1.426	0.0883883
-1.425	0.0884417
-1.424	0.0884692
-1.423	0.0884709
-1.422	0.0884467
-1.421	0.0883968
-1.42	0.0883213
-1.419	0.0882206
-1.418	0.0880946
-1.417	0.0879439
-1.416	0.0877685
-1.415	0.0875688
-1.414	0.0873454
-1.413	0.0870981
-1.412	0.0868278
-1.411	0.0865349
-1.41	0.0862195
-1.409	0.0858826
-1.408	0.0855244
-1.407	0.0851454
-1.406	0.0847464
-1.405	0.0843277
-1.404	0.0838903
-1.403	0.0834346
-1.402	0.0829614
-1.401	0.0824713
-1.4	0.0819648
-1.399	0.0814433
-1.398	0.0809069
-1.397	0.0803567
-1.396	0.0797932
-1.395	0.0792177
-1.394	0.0786307
-1.393	0.0780331
-1.392	0.0774257
-1.391	0.0768094
-1.39	0.0761853
-1.389	0.0755538
-1.388	0.0749162
-1.387	0.0742734
-1.386	0.0736262
-1.385	0.0729755
-1.384	0.0723223
-1.383	0.0716673
-1.382	0.0710118
-1.381	0.0703565
-1.38	0.0697023
-1.379	0.0690503
-1.378	0.0684013
-1.377	0.0677562
-1.376	0.067116
-1.375	0.0664816
-1.374	0.0658539
-1.373	0.0652337
-1.372	0.0646221
-1.371	0.0640198
-1.37	0.0634277
-1.369	0.0628467
-1.368	0.0622775
-1.367	0.0617211
-1.366	0.0611782
-1.365	0.0606496
-1.364	0.0601362
-1.363	0.0596385
-1.362	0.0591574
-1.361	0.0586936
-1.36	0.0582478
-1.359	0.0578204
-1.358	0.0574125
-1.357	0.0570245
-1.356	0.056657
-1.355	0.0563105
-1.354	0.0559854
-1.353	0.0556827
-1.352	0.0554024
-1.351	0.0551452
-1.35	0.0549114
-1.349	0.0547015
-1.348	0.0545159
-1.347	0.0543547
-1.346	0.0542186
-1.345	0.0541074
-1.344	0.0540216
-1.343	0.0539616
-1.342	0.0539271
-1.341	0.0539186
-1.34	0.0539359
-1.339	0.0539796
-1.338	0.0540494
-1.337	0.0541451
-1.336	0.0542672
-1.335	0.0544152
-1.334	0.0545891
-1.333	0.054789
-1.332	0.0550143
-1.331	0.0552653
-1.33	0.0555416
-1.329	0.0558428
-1.328	0.0561688
-1.327	0.0565192
-1.326	0.0568936
-1.325	0.0572917
-1.324	0.0577133
-1.323	0.0581575
-1.322	0.0586243
-1.321	0.0591127
-1.32	0.0596226
-1.319	0.0601535
-1.318	0.0607043
-1.317	0.0612748
-1.316	0.0618645
-1.315	0.0624723
-1.314	0.0630979
-1.313	0.0637404
-1.312	0.0643992
-1.311	0.0650736
-1.31	0.0657626
-1.309	0.0664657
-1.308	0.0671818
-1.307	0.0679105
-1.306	0.0686506
-1.305	0.0694014
-1.304	0.0701621
-1.303	0.0709317
-1.302	0.0717094
-1.301	0.0724943
-1.3	0.0732855
-1.299	0.0740821
-1.298	0.0748831
-1.297	0.0756877
-1.296	0.076495
-1.295	0.0773039
-1.294	0.0781135
-1.293	0.0789231
-1.292	0.0797316
-1.291	0.080538
-1.29	0.0813415
-1.289	0.0821411
-1.288	0.082936
-1.287	0.0837252
-1.286	0.0845078
-1.285	0.085283
-1.284	0.0860496
-1.283	0.0868069
-1.282	0.0875543
-1.281	0.0882906
-1.28	0.0890151
-1.279	0.0897271
-1.278	0.0904256
-1.277	0.0911098
-1.276	0.0917792
-1.275	0.0924327
-1.274	0.0930698
-1.273	0.0936898
-1.272	0.094292
-1.271	0.0948754
-1.27	0.0954398
-1.269	0.0959844
-1.268	0.0965087
-1.267	0.0970121
-1.266	0.0974939
-1.265	0.0979539
-1.264	0.0983914
-1.263	0.098806
-1.262	0.0991972
-1.261	0.0995647
-1.26	0.0999081
-1.259	0.100227
-1.258	0.100522
-1.257	0.100791
-1.256	0.101035
-1.255	0.101254
-1.254	0.101447
-1.253	0.101614
-1.252	0.101756
-1.251	0.101872
-1.25	0.101961
-1.249	0.102025
-1.248	0.102063
-1.247	0.102075
-1.246	0.102061
-1.245	0.102021
-1.244	0.101956
-1.243	0.101866
-1.242	0.101751
-1.241	0.101611
-1.24	0.101446
-1.239	0.101257
-1.238	0.101045
-1.237	0.100809
-1.236	0.100549
-1.235	0.100267
-1.234	0.0999637
-1.233	0.099638
-1.232	0.0992913
-1.231	0.0989239
-1.23	0.0985366
-1.229	0.0981299
-1.228	0.0977045
-1.227	0.097261
-1.226	0.0967999
-1.225	0.0963224
-1.224	0.0958287
-1.223	0.0953197
-1.222	0.0947962
-1.221	0.0942592
-1.22	0.0937093
-1.219	0.093147
-1.218	0.0925735
-1.217	0.0919897
-1.216	0.0913963
-1.215	0.0907942
-1.214	0.0901842
-1.213	0.0895675
-1.212	0.0889445
-1.211	0.0883165
-1.21	0.0876845
-1.209	0.0870489
-1.208	0.0864112
-1.207	0.0857719
-1.206	0.0851321
-1.205	0.0844927
-1.204	0.0838549
-1.203	0.0832193
-1.202	0.0825867
-1.201	0.0819587
-1.2	0.0813354
-1.199	0.080718
-1.198	0.0801077
-1.197	0.0795051
-1.196	0.0789111
-1.195	0.0783267
-1.194	0.0777527
-1.193	0.0771897
-1.192	0.0766391
-1.191	0.0761012
-1.19	0.075577
-1.189	0.0750674
-1.188	0.0745729
-1.187	0.0740945
-1.186	0.0736328
-1.185	0.0731885
-1.184	0.0727624
-1.183	0.072355
-1.182	0.071967
-1.181	0.071599
-1.18	0.0712516
-1.179	0.0709255
-1.178	0.0706209
-1.177	0.0703386
-1.176	0.070079
-1.175	0.0698424
-1.174	0.0696296
-1.173	0.0694406
-1.172	0.0692759
-1.171	0.069136
-1.17	0.0690207
-1.169	0.0689308
-1.168	0.0688664
-1.167	0.0688275
-1.166	0.0688145
-1.165	0.0688273
-1.164	0.0688663
-1.163	0.0689314
-1.162	0.0690225
-1.161	0.0691399
-1.16	0.0692832
-1.159	0.0694527
-1.158	0.0696481
-1.157	0.0698694
-1.156	0.0701164
-1.155	0.0703888
-1.154	0.0706865
-1.153	0.071009
-1.152	0.0713565
-1.151	0.0717281
-1.15	0.0721237
-1.149	0.0725431
-1.148	0.0729858
-1.147	0.0734511
-1.146	0.0739387
-1.145	0.0744482
-1.144	0.0749789
-1.143	0.0755304
-1.142	0.0761019
-1.141	0.0766931
-1.14	0.077303
-1.139	0.0779311
-1.138	0.0785769
-1.137	0.0792397
-1.136	0.0799184
-1.135	0.0806127
-1.134	0.0813214
-1.133	0.0820441
-1.132	0.0827799
-1.131	0.0835276
-1.13	0.0842871
-1.129	0.0850569
-1.128	0.0858365
-1.127	0.0866248
-1.126	0.0874211
-1.125	0.0882246
-1.124	0.089034
-1.123	0.0898488
-1.122	0.0906678
-1.121	0.0914904
-1.12	0.0923153
-1.119	0.0931419
-1.118	0.0939689
-1.117	0.0947958
-1.116	0.0956213
-1.115	0.0964447
-1.114	0.097265
-1.113	0.0980813
-1.112	0.0988925
-1.111	0.0996981
-1.11	0.100497
-1.109	0.101288
-1.108	0.102071
-1.107	0.102844
-1.106	0.103607
-1.105	0.104358
-1.104	0.105099
-1.103	0.105826
-1.102	0.106539
-1.101	0.107238
-1.1	0.107923
-1.099	0.108591
-1.098	0.109243
-1.097	0.109877
-1.096	0.110493
-1.095	0.111092
-1.094	0.11167
-1.093	0.112229
-1.092	0.112767
-1.091	0.113284
-1.09	0.11378
-1.089	0.114254
-1.088	0.114705
-1.087	0.115133
-1.086	0.115538
-1.085	0.115919
-1.084	0.116276
-1.083	0.116609
-1.082	0.116917
-1.081	0.1172
-1.08	0.117457
-1.079	0.117689
-1.078	0.117896
-1.077	0.118076
-1.076	0.118231
-1.075	0.11836
-1.074	0.118463
-1.073	0.118541
-1.072	0.118592
-1.071	0.118617
-1.07	0.118617
-1.069	0.118591
-1.068	0.11854
-1.067	0.118463
-1.066	0.118362
-1.065	0.118236
-1.064	0.118085
-1.063	0.11791
-1.062	0.117712
-1.061	0.117489
-1.06	0.117245
-1.059	0.116977
-1.058	0.116688
-1.057	0.116377
-1.056	0.116045
-1.055	0.115692
-1.054	0.11532
-1.053	0.114928
-1.052	0.114518
-1.051	0.11409
-1.05	0.113644
-1.049	0.113182
-1.048	0.112704
-1.047	0.112211
-1.046	0.111704
-1.045	0.111183
-1.044	0.11065
-1.043	0.110104
-1.042	0.109548
-1.041	0.108981
-1.04	0.108405
-1.039	0.10782
-1.038	0.107228
-1.037	0.106628
-1.036	0.106023
-1.035	0.105413
-1.034	0.1048
-1.033	0.104183
-1.032	0.103563
-1.031	0.102943
-1.03	0.102322
-1.029	0.101702
-1.028	0.101084
-1.027	0.100468
-1.026	0.0998553
-1.025	0.099247
-1.024	0.0986439
-1.023	0.0980471
-1.022	0.0974574
-1.021	0.0968753
-1.02	0.0963026
-1.019	0.0957392
-1.018	0.0951864
-1.017	0.0946451
-1.016	0.094116
-1.015	0.0936
-1.014	0.0930977
-1.013	0.0926102
-1.012	0.0921382
-1.011	0.0916822
-1.01	0.0912431
-1.009	0.0908216
-1.008	0.0904185
-1.007	0.0900342
-1.006	0.0896692
-1.005	0.0893247
-1.004	0.0890006
-1.003	0.0886981
-1.002	0.0884173
-1.001	0.0881588
-1	0.0879232
-0.999	0.0877107
-0.998	0.0875218
-0.997	0.0873572
-0.996	0.0872169
-0.995	0.087101
-0.994	0.0870105
-0.993	0.086945
-0.992	0.0869051
-0.991	0.0868908
-0.99	0.0869025
-0.989	0.0869403
-0.988	0.0870037
-0.987	0.0870937
-0.986	0.0872097
-0.985	0.0873519
-0.984	0.0875201
-0.983	0.0877145
-0.982	0.0879348
-0.981	0.0881812
-0.98	0.0884528
-0.979	0.08875
-0.978	0.0890726
-0.977	0.0894197
-0.976	0.0897921
-0.975	0.0901883
-0.974	0.0906087
-0.973	0.0910528
-0.972	0.0915199
-0.971	0.0920095
-0.97	0.0925217
-0.969	0.0930553
-0.968	0.0936104
-0.967	0.094186
-0.966	0.0947816
-0.965	0.0953968
-0.964	0.0960305
-0.963	0.0966827
-0.962	0.0973521
-0.961	0.0980383
-0.96	0.0987404
-0.959	0.0994581
-0.958	0.10019
-0.957	0.100936
-0.956	0.101694
-0.955	0.102465
-0.954	0.103247
-0.953	0.104039
-0.952	0.104841
-0.951	0.105652
-0.95	0.10647
-0.949	0.107296
-0.948	0.108127
-0.947	0.108964
-0.946	0.109804
-0.945	0.110648
-0.944	0.111494
-0.943	0.112342
-0.942	0.11319
-0.941	0.114037
-0.94	0.114883
-0.939	0.115727
-0.938	0.116568
-0.937	0.117404
-0.936	0.118236
-0.935	0.119061
-0.934	0.11988
-0.933	0.12069
-0.932	0.121492
-0.931	0.122285
-0.93	0.123067
-0.929	0.123838
-0.928	0.124597
-0.927	0.125342
-0.926	0.126075
-0.925	0.126793
-0.924	0.127495
-0.923	0.128182
-0.922	0.128851
-0.921	0.129504
-0.92	0.130139
-0.919	0.130754
-0.918	0.131351
-0.917	0.131927
-0.916	0.132483
-0.915	0.133018
-0.914	0.133531
-0.913	0.134022
-0.912	0.134491
-0.911	0.134936
-0.91	0.135358
-0.909	0.135757
-0.908	0.136131
-0.907	0.13648
-0.906	0.136805
-0.905	0.137105
-0.904	0.13738
-0.903	0.137629
-0.902	0.137853
-0.901	0.138051
-0.9	0.138222
-0.899	0.138369
-0.898	0.138489
-0.897	0.138583
-0.896	0.138651
-0.895	0.138694
-0.894	0.138711
-0.893	0.138703
-0.892	0.138669
-0.891	0.13861
-0.89	0.138526
-0.889	0.138417
-0.888	0.138284
-0.887	0.138127
-0.886	0.137946
-0.885	0.137742
-0.884	0.137515
-0.883	0.137266
-0.882	0.136995
-0.881	0.136702
-0.88	0.136388
-0.879	0.136055
-0.878	0.135701
-0.877	0.135329
-0.876	0.134937
-0.875	0.134529
-0.874	0.134102
-0.873	0.13366
-0.872	0.133202
-0.871	0.132729
-0.87	0.132241
-0.869	0.131741
-0.868	0.131228
-0.867	0.130703
-0.866	0.130167
-0.865	0.129621
-0.864	0.129066
-0.863	0.128502
-0.862	0.127931
-0.861	0.127354
-0.86	0.126771
-0.859	0.126183
-0.858	0.125591
-0.857	0.124997
-0.856	0.1244
-0.855	0.123803
-0.854	0.123205
-0.853	0.122608
-0.852	0.122013
-0.851	0.121421
-0.85	0.120832
-0.849	0.120247
-0.848	0.119669
-0.847	0.119096
-0.846	0.118531
-0.845	0.117974
-0.844	0.117426
-0.843	0.116887
-0.842	0.11636
-0.841	0.115844
-0.84	0.115341
-0.839	0.11485
-0.838	0.114374
-0.837	0.113913
-0.836	0.113467
-0.835	0.113038
-0.834	0.112625
-0.833	0.11223
-0.832	0.111854
-0.831	0.111497
-0.83	0.111159
-0.829	0.110842
-0.828	0.110546
-0.827	0.11027
-0.826	0.110017
-0.825	0.109787
-0.824	0.109579
-0.823	0.109394
-0.822	0.109234
-0.821	0.109097
-0.82	0.108985
-0.819	0.108898
-0.818	0.108836
-0.817	0.108799
-0.816	0.108788
-0.815	0.108802
-0.814	0.108843
-0.813	0.108909
-0.812	0.109001
-0.811	0.10912
-0.81	0.109265
-0.809	0.109436
-0.808	0.109633
-0.807	0.109857
-0.806	0.110106
-0.805	0.110381
-0.804	0.110682
-0.803	0.111008
-0.802	0.111359
-0.801	0.111735
-0.8	0.112136
-0.799	0.112561
-0.798	0.113011
-0.797	0.113483
-0.796	0.113979
-0.795	0.114497
-0.794	0.115038
-0.793	0.1156
-0.792	0.116183
-0.791	0.116787
-0.79	0.117411
-0.789	0.118054
-0.788	0.118716
-0.787	0.119396
-0.786	0.120093
-0.785	0.120807
-0.784	0.121537
-0.783	0.122282
-0.782	0.123042
-0.781	0.123815
-0.78	0.124601
-0.779	0.125398
-0.778	0.126207
-0.777	0.127026
-0.776	0.127855
-0.775	0.128692
-0.774	0.129537
-0.773	0.130388
-0.772	0.131246
-0.771	0.132108
-0.77	0.132974
-0.769	0.133844
-0.768	0.134715
-0.767	0.135589
-0.766	0.136462
-0.765	0.137334
-0.764	0.138205
-0.763	0.139074
-0.762	0.139939
-0.761	0.1408
-0.76	0.141656
-0.759	0.142505
-0.758	0.143348
-0.757	0.144182
-0.756	0.145009
-0.755	0.145824
-0.754	0.14663
-0.753	0.147424
-0.752	0.148206
-0.751	0.148975
-0.75	0.149731
-0.749	0.150471
-0.748	0.151197
-0.747	0.151906
-0.746	0.152598
-0.745	0.153274
-0.744	0.15393
-0.743	0.154568
-0.742	0.155187
-0.741	0.155785
-0.74	0.156363
-0.739	0.15692
-0.738	0.157455
-0.737	0.157968
-0.736	0.158458
-0.735	0.158926
-0.734	0.15937
-0.733	0.159789
-0.732	0.160185
-0.731	0.160556
-0.73	0.160903
-0.729	0.161224
-0.728	0.16152
-0.727	0.161791
-0.726	0.162036
-0.725	0.162255
-0.724	0.162449
-0.723	0.162617
-0.722	0.162758
-0.721	0.162874
-0.72	0.162964
-0.719	0.163029
-0.718	0.163067
-0.717	0.163081
-0.716	0.163068
-0.715	0.163031
-0.714	0.162969
-0.713	0.162883
-0.712	0.162772
-0.711	0.162637
-0.71	0.162478
-0.709	0.162297
-0.708	0.162093
-0.707	0.161866
-0.706	0.161618
-0.705	0.161348
-0.704	0.161058
-0.703	0.160747
-0.702	0.160417
-0.701	0.160068
-0.7	0.1597
-0.699	0.159315
-0.698	0.158913
-0.697	0.158495
-0.696	0.158061
-0.695	0.157612
-0.694	0.15715
-0.693	0.156674
-0.692	0.156186
-0.691	0.155686
-0.69	0.155176
-0.689	0.154655
-0.688	0.154126
-0.687	0.153588
-0.686	0.153043
-0.685	0.152492
-0.684	0.151936
-0.683	0.151375
-0.682	0.15081
-0.681	0.150242
-0.68	0.149673
-0.679	0.149103
-0.678	0.148534
-0.677	0.147965
-0.676	0.147398
-0.675	0.146834
-0.674	0.146274
-0.673	0.145718
-0.672	0.145168
-0.671	0.144625
-0.67	0.144089
-0.669	0.143561
-0.668	0.143043
-0.667	0.142535
-0.666	0.142038
-0.665	0.141552
-0.664	0.141079
-0.663	0.140619
-0.662	0.140174
-0.661	0.139744
-0.66	0.139329
-0.659	0.138931
-0.658	0.13855
-0.657	0.138187
-0.656	0.137843
-0.655	0.137517
-0.654	0.137212
-0.653	0.136927
-0.652	0.136663
-0.651	0.13642
-0.65	0.1362
-0.649	0.136002
-0.648	0.135827
-0.647	0.135675
-0.646	0.135548
-0.645	0.135444
-0.644	0.135365
-0.643	0.135312
-0.642	0.135283
-0.641	0.135279
-0.64	0.135302
-0.639	0.13535
-0.638	0.135424
-0.637	0.135524
-0.636	0.13565
-0.635	0.135803
-0.634	0.135981
-0.633	0.136186
-0.632	0.136417
-0.631	0.136675
-0.63	0.136958
-0.629	0.137266
-0.628	0.137601
-0.627	0.137961
-0.626	0.138346
-0.625	0.138756
-0.624	0.139191
-0.623	0.13965
-0.622	0.140133
-0.621	0.140639
-0.62	0.141168
-0.619	0.14172
-0.618	0.142294
-0.617	0.14289
-0.616	0.143507
-0.615	0.144144
-0.614	0.144801
-0.613	0.145478
-0.612	0.146172
-0.611	0.146885
-0.61	0.147615
-0.609	0.148362
-0.608	0.149125
-0.607	0.149902
-0.606	0.150694
-0.605	0.151499
-0.604	0.152317
-0.603	0.153147
-0.602	0.153988
-0.601	0.154839
-0.6	0.155699
-0.599	0.156568
-0.598	0.157444
-0.597	0.158327
-0.596	0.159216
-0.595	0.160109
-0.594	0.161006
-0.593	0.161906
-0.592	0.162808
-0.591	0.163712
-0.59	0.164615
-0.589	0.165518
-0.588	0.16642
-0.587	0.167318
-0.586	0.168213
-0.585	0.169103
-0.584	0.169989
-0.583	0.170868
-0.582	0.17174
-0.581	0.172603
-0.58	0.173458
-0.579	0.174303
-0.578	0.175138
-0.577	0.17596
-0.576	0.176771
-0.575	0.177568
-0.574	0.178352
-0.573	0.179121
-0.572	0.179874
-0.571	0.180612
-0.57	0.181332
-0.569	0.182035
-0.568	0.182719
-0.567	0.183385
-0.566	0.184031
-0.565	0.184657
-0.564	0.185263
-0.563	0.185846
-0.562	0.186409
-0.561	0.186949
-0.56	0.187466
-0.559	0.18796
-0.558	0.188432
-0.557	0.188879
-0.556	0.189301
-0.555	0.189699
-0.554	0.190073
-0.553	0.190421
-0.552	0.190744
-0.551	0.191042
-0.55	0.191314
-0.549	0.19156
-0.548	0.191781
-0.547	0.191975
-0.546	0.192144
-0.545	0.192287
-0.544	0.192405
-0.543	0.192496
-0.542	0.192562
-0.541	0.192603
-0.54	0.192618
-0.539	0.192608
-0.538	0.192574
-0.537	0.192515
-0.536	0.192432
-0.535	0.192324
-0.534	0.192194
-0.533	0.19204
-0.532	0.191864
-0.531	0.191666
-0.53	0.191446
-0.529	0.191205
-0.528	0.190943
-0.527	0.190661
-0.526	0.19036
-0.525	0.19004
-0.524	0.189701
-0.523	0.189346
-0.522	0.188973
-0.521	0.188584
-0.52	0.188181
-0.519	0.187762
-0.518	0.18733
-0.517	0.186884
-0.516	0.186427
-0.515	0.185958
-0.514	0.185478
-0.513	0.184989
-0.512	0.184491
-0.511	0.183985
-0.51	0.183472
-0.509	0.182953
-0.508	0.182429
-0.507	0.1819
-0.506	0.181368
-0.505	0.180834
-0.504	0.180298
-0.503	0.179761
-0.502	0.179224
-0.501	0.178689
-0.5	0.178156
-0.499	0.177626
-0.498	0.1771
-0.497	0.176579
-0.496	0.176064
-0.495	0.175556
-0.494	0.175055
-0.493	0.174562
-0.492	0.17408
-0.491	0.173607
-0.49	0.173146
-0.489	0.172697
-0.488	0.17226
-0.487	0.171837
-0.486	0.171428
-0.485	0.171035
-0.484	0.170657
-0.483	0.170296
-0.482	0.169952
-0.481	0.169627
-0.48	0.16932
-0.479	0.169033
-0.478	0.168765
-0.477	0.168518
-0.476	0.168293
-0.475	0.168089
-0.474	0.167906
-0.473	0.167747
-0.472	0.167611
-0.471	0.167499
-0.47	0.16741
-0.469	0.167346
-0.468	0.167306
-0.467	0.167292
-0.466	0.167302
-0.465	0.167338
-0.464	0.1674
-0.463	0.167488
-0.462	0.167601
-0.461	0.167742
-0.46	0.167907
-0.459	0.168099
-0.458	0.168318
-0.457	0.168563
-0.456	0.168834
-0.455	0.169131
-0.454	0.169454
-0.453	0.169803
-0.452	0.170178
-0.451	0.170577
-0.45	0.171003
-0.449	0.171452
-0.448	0.171927
-0.447	0.172426
-0.446	0.172948
-0.445	0.173495
-0.444	0.174064
-0.443	0.174655
-0.442	0.175269
-0.441	0.175904
-0.44	0.17656
-0.439	0.177237
-0.438	0.177933
-0.437	0.178649
-0.436	0.179383
-0.435	0.180135
-0.434	0.180904
-0.433	0.181689
-0.432	0.182491
-0.431	0.183307
-0.43	0.184137
-0.429	0.184981
-0.428	0.185837
-0.427	0.186705
-0.426	0.187585
-0.425	0.188473
-0.424	0.189372
-0.423	0.190278
-0.422	0.191192
-0.421	0.192112
-0.42	0.193038
-0.419	0.193969
-0.418	0.194903
-0.417	0.19584
-0.416	0.196779
-0.415	0.197719
-0.414	0.198689
-0.413	0.199716
-0.412	0.200803
-0.411	0.201949
-0.41	0.203153
-0.409	0.204417
-0.408	0.205739
-0.407	0.20712
-0.406	0.208561
-0.405	0.210059
-0.404	0.211615
-0.403	0.213229
-0.402	0.214901
-0.401	0.21663
-0.4	0.218416
-0.399	0.220258
-0.398	0.222157
-0.397	0.224111
-0.396	0.22612
-0.395	0.228184
-0.394	0.230301
-0.393	0.232472
-0.392	0.234696
-0.391	0.236971
-0.39	0.239298
-0.389	0.241675
-0.388	0.244102
-0.387	0.246578
-0.386	0.249101
-0.385	0.251673
-0.384	0.25429
-0.383	0.256953
-0.382	0.25966
-0.381	0.26241
-0.38	0.265204
-0.379	0.268038
-0.378	0.270912
-0.377	0.273826
-0.376	0.276778
-0.375	0.279767
-0.374	0.282792
-0.373	0.285851
-0.372	0.288944
-0.371	0.292069
-0.37	0.295225
-0.369	0.298411
-0.368	0.301625
-0.367	0.304867
-0.366	0.308134
-0.365	0.311426
-0.364	0.314757
-0.363	0.31814
-0.362	0.321575
-0.361	0.325059
-0.36	0.328592
-0.359	0.332169
-0.358	0.335793
-0.357	0.339459
-0.356	0.343166
-0.355	0.346914
-0.354	0.350698
-0.353	0.354519
-0.352	0.358373
-0.351	0.36226
-0.35	0.366178
-0.349	0.370123
-0.348	0.374096
-0.347	0.378093
-0.346	0.382114
-0.345	0.386155
-0.344	0.390216
-0.343	0.394295
-0.342	0.398387
-0.341	0.402493
-0.34	0.406612
-0.339	0.410739
-0.338	0.414874
-0.337	0.419014
-0.336	0.423159
-0.335	0.427303
-0.334	0.43145
-0.333	0.435592
-0.332	0.439733
-0.331	0.443865
-0.33	0.447989
-0.329	0.452104
-0.328	0.456207
-0.327	0.460295
-0.326	0.464368
-0.325	0.468422
-0.324	0.472457
-0.323	0.476471
-0.322	0.48046
-0.321	0.484425
-0.32	0.488362
-0.319	0.492269
-0.318	0.496146
-0.317	0.499991
-0.316	0.503799
-0.315	0.507573
-0.314	0.511307
-0.313	0.515001
-0.312	0.518653
-0.311	0.522264
-0.31	0.525826
-0.309	0.529345
-0.308	0.532813
-0.307	0.536232
-0.306	0.539598
-0.305	0.542912
-0.304	0.546169
-0.303	0.549373
-0.302	0.552516
-0.301	0.555601
-0.3	0.558625
-0.299	0.561586
-0.298	0.564484
-0.297	0.567317
-0.296	0.570084
-0.295	0.572781
-0.294	0.575412
-0.293	0.577971
-0.292	0.58046
-0.291	0.582875
-0.29	0.585218
-0.289	0.587484
-0.288	0.589677
-0.287	0.591791
-0.286	0.593829
-0.285	0.595786
-0.284	0.597666
-0.283	0.599462
-0.282	0.601181
-0.281	0.602814
-0.28	0.604367
-0.279	0.605835
-0.278	0.607219
-0.277	0.608517
-0.276	0.609731
-0.275	0.610858
-0.274	0.6119
-0.273	0.612854
-0.272	0.613721
-0.271	0.6145
-0.27	0.61519
-0.269	0.615793
-0.268	0.616306
-0.267	0.616732
-0.266	0.617067
-0.265	0.617315
-0.264	0.61747
-0.263	0.61754
-0.262	0.617518
-0.261	0.617408
-0.26	0.617208
-0.259	0.616922
-0.258	0.61654
-0.257	0.616078
-0.256	0.615522
-0.255	0.61488
-0.254	0.61415
-0.253	0.613334
-0.252	0.612428
-0.251	0.61144
-0.25	0.610362
-0.249	0.6092
-0.248	0.607955
-0.247	0.606624
-0.246	0.60521
-0.245	0.603715
-0.244	0.602135
-0.243	0.600476
-0.242	0.598737
-0.241	0.596916
-0.24	0.595021
-0.239	0.593045
-0.238	0.590994
-0.237	0.588867
-0.236	0.586666
-0.235	0.58439
-0.234	0.582045
-0.233	0.579625
-0.232	0.577139
-0.231	0.574581
-0.23	0.571958
-0.229	0.569269
-0.228	0.566516
-0.227	0.563695
-0.226	0.560819
-0.225	0.557877
-0.224	0.554879
-0.223	0.551823
-0.222	0.54871
-0.221	0.545542
-0.22	0.542324
-0.219	0.539052
-0.218	0.535731
-0.217	0.532363
-0.216	0.528947
-0.215	0.525488
-0.214	0.521985
-0.213	0.518442
-0.212	0.514856
-0.211	0.511238
-0.21	0.507577
-0.209	0.503888
-0.208	0.500163
-0.207	0.49641
-0.206	0.492625
-0.205	0.488818
-0.204	0.48498
-0.203	0.481126
-0.202	0.477244
-0.201	0.473348
-0.2	0.469432
-0.199	0.465502
-0.198	0.461557
-0.197	0.457603
-0.196	0.453636
-0.195	0.449666
-0.194	0.445687
-0.193	0.441704
-0.192	0.437722
-0.191	0.433737
-0.19	0.429757
-0.189	0.42578
-0.188	0.42181
-0.187	0.417845
-0.186	0.413894
-0.185	0.409952
-0.184	0.406027
-0.183	0.402114
-0.182	0.398223
-0.181	0.394348
-0.18	0.390498
-0.179	0.386668
-0.178	0.382866
-0.177	0.379089
-0.176	0.375344
-0.175	0.371627
-0.174	0.367946
-0.173	0.364297
-0.172	0.360685
-0.171	0.357112
-0.17	0.353579
-0.169	0.350087
-0.168	0.346638
-0.167	0.343235
-0.166	0.339878
-0.165	0.336572
-0.164	0.333313
-0.163	0.330108
-0.162	0.326953
-0.161	0.323858
-0.16	0.320814
-0.159	0.317832
-0.158	0.314907
-0.157	0.312045
-0.156	0.309242
-0.155	0.306507
-0.154	0.303833
-0.153	0.301228
-0.152	0.298689
-0.151	0.29622
-0.15	0.29382
-0.149	0.291493
-0.148	0.289236
-0.147	0.287055
-0.146	0.284948
-0.145	0.282917
-0.144	0.280963
-0.143	0.279085
-0.142	0.277288
-0.141	0.275568
-0.14	0.273931
-0.139	0.272374
-0.138	0.2709
-0.137	0.269508
-0.136	0.268201
-0.135	0.266975
-0.134	0.265838
-0.133	0.264783
-0.132	0.263817
-0.131	0.262936
-0.13	0.262142
-0.129	0.261434
-0.128	0.260817
-0.127	0.260286
-0.126	0.259845
-0.125	0.259491
-0.124	0.259227
-0.123	0.259051
-0.122	0.258965
-0.121	0.258968
-0.12	0.259061
-0.119	0.259242
-0.118	0.259513
-0.117	0.259874
-0.116	0.260322
-0.115	0.260861
-0.114	0.261486
-0.113	0.262203
-0.112	0.263005
-0.111	0.263896
-0.11	0.264874
-0.109	0.26594
-0.108	0.267091
-0.107	0.268329
-0.106	0.269651
-0.105	0.27106
-0.104	0.27255
-0.103	0.274126
-0.102	0.275785
-0.101	0.277524
-0.1	0.279346
