-4	3.60882e-024
-3.999	3.63442e-024
-3.998	3.66133e-024
-3.997	3.68961e-024
-3.996	3.71931e-024
-3.995	3.75048e-024
-3.994	3.78318e-024
-3.993	3.81748e-024
-3.992	3.85341e-024
-3.991	3.89104e-024
-3.99	3.93042e-024
-3.989	3.97162e-024
-3.988	4.01467e-024
-3.987	4.05965e-024
-3.986	4.1066e-024
-3.985	4.1556e-024
-3.984	4.20666e-024
-3.983	4.25986e-024
-3.982	4.31523e-024
-3.981	4.37285e-024
-3.98	4.43274e-024
-3.979	4.49496e-024
-3.978	4.55958e-024
-3.977	4.62659e-024
-3.976	4.6961e-024
-3.975	4.76812e-024
-3.974	4.84268e-024
-3.973	4.91984e-024
-3.972	4.99968e-024
-3.971	5.08218e-024
-3.97	5.16737e-024
-3.969	5.25532e-024
-3.968	5.34605e-024
-3.967	5.43961e-024
-3.966	5.53601e-024
-3.965	5.63527e-024
-3.964	5.73742e-024
-3.963	5.8425e-024
-3.962	5.95054e-024
-3.961	6.06149e-024
-3.96	6.17542e-024
-3.959	6.29234e-024
-3.958	6.41223e-024
-3.957	6.53518e-024
-3.956	6.66108e-024
-3.955	6.79003e-024
-3.954	6.922e-024
-3.953	7.05696e-024
-3.952	7.19494e-024
-3.951	7.33591e-024
-3.95	7.47986e-024
-3.949	7.6268e-024
-3.948	7.77667e-024
-3.947	7.92944e-024
-3.946	8.08515e-024
-3.945	8.24374e-024
-3.944	8.40516e-024
-3.943	8.56936e-024
-3.942	8.73637e-024
-3.941	8.9061e-024
-3.94	9.07852e-024
-3.939	9.25359e-024
-3.938	9.43122e-024
-3.937	9.61137e-024
-3.936	9.794e-024
-3.935	9.97906e-024
-3.934	1.01664e-023
-3.933	1.0356e-023
-3.932	1.05478e-023
-3.931	1.07417e-023
-3.93	1.09376e-023
-3.929	1.11355e-023
-3.928	1.13353e-023
-3.927	1.15368e-023
-3.926	1.17399e-023
-3.925	1.19446e-023
-3.924	1.21508e-023
-3.923	1.23582e-023
-3.922	1.2567e-023
-3.921	1.27769e-023
-3.92	1.29877e-023
-3.919	1.31994e-023
-3.918	1.34119e-023
-3.917	1.3625e-023
-3.916	1.38386e-023
-3.915	1.40525e-023
-3.914	1.42666e-023
-3.913	1.44808e-023
-3.912	1.46949e-023
-3.911	1.49088e-023
-3.91	1.51223e-023
-3.909	1.53352e-023
-3.908	1.55475e-023
-3.907	1.57589e-023
-3.906	1.59693e-023
-3.905	1.61785e-023
-3.904	1.63863e-023
-3.903	1.65926e-023
-3.902	1.67973e-023
-3.901	1.70001e-023
-3.9	1.72007e-023
-3.899	1.73992e-023
-3.898	1.75953e-023
-3.897	1.77889e-023
-3.896	1.79797e-023
-3.895	1.81676e-023
-3.894	1.83523e-023
-3.893	1.85337e-023
-3.892	1.87116e-023
-3.891	1.88859e-023
-3.89	1.90563e-023
-3.889	1.92227e-023
-3.888	1.93849e-023
-3.887	1.95426e-023
-3.886	1.96958e-023
-3.885	1.98443e-023
-3.884	1.99878e-023
-3.883	2.01262e-023
-3.882	2.02593e-023
-3.881	2.0387e-023
-3.88	2.05091e-023
-3.879	2.06253e-023
-3.878	2.07357e-023
-3.877	2.08399e-023
-3.876	2.09378e-023
-3.875	2.10293e-023
-3.874	2.11143e-023
-3.873	2.11926e-023
-3.872	2.12639e-023
-3.871	2.13284e-023
-3.87	2.13857e-023
-3.869	2.14358e-023
-3.868	2.14786e-023
-3.867	2.15137e-023
-3.866	2.15415e-023
-3.865	2.15615e-023
-3.864	2.15738e-023
-3.863	2.15783e-023
-3.862	2.15748e-023
-3.861	2.15635e-023
-3.86	2.15441e-023
-3.859	2.15166e-023
-3.858	2.14811e-023
-3.857	2.14375e-023
-3.856	2.13856e-023
-3.855	2.13257e-023
-3.854	2.12576e-023
-3.853	2.11813e-023
-3.852	2.1097e-023
-3.851	2.10046e-023
-3.85	2.09042e-023
-3.849	2.07959e-023
-3.848	2.06797e-023
-3.847	2.05557e-023
-3.846	2.04241e-023
-3.845	2.02849e-023
-3.844	2.01384e-023
-3.843	1.99845e-023
-3.842	1.98236e-023
-3.841	1.96558e-023
-3.84	1.94813e-023
-3.839	1.93002e-023
-3.838	1.9113e-023
-3.837	1.89196e-023
-3.836	1.87205e-023
-3.835	1.85159e-023
-3.834	1.83061e-023
-3.833	1.80915e-023
-3.832	1.78724e-023
-3.831	1.7649e-023
-3.83	1.7422e-023
-3.829	1.71914e-023
-3.828	1.69579e-023
-3.827	1.67219e-023
-3.826	1.64837e-023
-3.825	1.6244e-023
-3.824	1.6003e-023
-3.823	1.57615e-023
-3.822	1.55198e-023
-3.821	1.52787e-023
-3.82	1.50387e-023
-3.819	1.48002e-023
-3.818	1.4564e-023
-3.817	1.43308e-023
-3.816	1.41012e-023
-3.815	1.38759e-023
-3.814	1.36555e-023
-3.813	1.3441e-023
-3.812	1.32328e-023
-3.811	1.30321e-023
-3.81	1.28393e-023
-3.809	1.26554e-023
-3.808	1.24813e-023
-3.807	1.23179e-023
-3.806	1.21659e-023
-3.805	1.20264e-023
-3.804	1.19003e-023
-3.803	1.17885e-023
-3.802	1.1692e-023
-3.801	1.16118e-023
-3.8	1.15491e-023
-3.799	1.15047e-023
-3.798	1.14799e-023
-3.797	1.14757e-023
-3.796	1.14931e-023
-3.795	1.15334e-023
-3.794	1.15978e-023
-3.793	1.16873e-023
-3.792	1.18032e-023
-3.791	1.19467e-023
-3.79	1.21191e-023
-3.789	1.23216e-023
-3.788	1.25556e-023
-3.787	1.28223e-023
-3.786	1.31229e-023
-3.785	1.34591e-023
-3.784	1.38318e-023
-3.783	1.42428e-023
-3.782	1.46931e-023
-3.781	1.51844e-023
-3.78	1.57181e-023
-3.779	1.62954e-023
-3.778	1.6918e-023
-3.777	1.75872e-023
-3.776	1.83045e-023
-3.775	1.90715e-023
-3.774	1.98896e-023
-3.773	2.07603e-023
-3.772	2.16851e-023
-3.771	2.26657e-023
-3.77	2.37034e-023
-3.769	2.48e-023
-3.768	2.59568e-023
-3.767	2.71754e-023
-3.766	2.84575e-023
-3.765	2.98045e-023
-3.764	3.12182e-023
-3.763	3.26998e-023
-3.762	3.42512e-023
-3.761	3.58738e-023
-3.76	3.75692e-023
-3.759	3.93389e-023
-3.758	4.11845e-023
-3.757	4.31078e-023
-3.756	4.51099e-023
-3.755	4.71925e-023
-3.754	4.93571e-023
-3.753	5.16056e-023
-3.752	5.39389e-023
-3.751	5.6359e-023
-3.75	5.88672e-023
-3.749	6.14647e-023
-3.748	6.41533e-023
-3.747	6.69344e-023
-3.746	6.98091e-023
-3.745	7.27791e-023
-3.744	7.58456e-023
-3.743	7.90102e-023
-3.742	8.22739e-023
-3.741	8.56382e-023
-3.74	8.91043e-023
-3.739	9.26734e-023
-3.738	9.63464e-023
-3.737	1.00125e-022
-3.736	1.0401e-022
-3.735	1.08003e-022
-3.734	1.12104e-022
-3.733	1.16315e-022
-3.732	1.20637e-022
-3.731	1.2507e-022
-3.73	1.29616e-022
-3.729	1.34276e-022
-3.728	1.39049e-022
-3.727	1.43937e-022
-3.726	1.48941e-022
-3.725	1.54061e-022
-3.724	1.59298e-022
-3.723	1.64652e-022
-3.722	1.70124e-022
-3.721	1.75715e-022
-3.72	1.81424e-022
-3.719	1.87252e-022
-3.718	1.932e-022
-3.717	1.99267e-022
-3.716	2.05453e-022
-3.715	2.11759e-022
-3.714	2.18185e-022
-3.713	2.2473e-022
-3.712	2.31394e-022
-3.711	2.38178e-022
-3.71	2.4508e-022
-3.709	2.52101e-022
-3.708	2.5924e-022
-3.707	2.66496e-022
-3.706	2.73869e-022
-3.705	2.81358e-022
-3.704	2.88962e-022
-3.703	2.96681e-022
-3.702	3.04513e-022
-3.701	3.12458e-022
-3.7	3.20514e-022
-3.699	3.28681e-022
-3.698	3.36957e-022
-3.697	3.4534e-022
-3.696	3.53829e-022
-3.695	3.62422e-022
-3.694	3.71119e-022
-3.693	3.79917e-022
-3.692	3.88814e-022
-3.691	3.97809e-022
-3.69	4.06899e-022
-3.689	4.16082e-022
-3.688	4.25356e-022
-3.687	4.34719e-022
-3.686	4.44168e-022
-3.685	4.53702e-022
-3.684	4.63316e-022
-3.683	4.7301e-022
-3.682	4.8278e-022
-3.681	4.92622e-022
-3.68	5.02535e-022
-3.679	5.12515e-022
-3.678	5.22558e-022
-3.677	5.32663e-022
-3.676	5.42824e-022
-3.675	5.5304e-022
-3.674	5.63306e-022
-3.673	5.73617e-022
-3.672	5.83973e-022
-3.671	5.94368e-022
-3.67	6.04798e-022
-3.669	6.15262e-022
-3.668	6.25751e-022
-3.667	6.36263e-022
-3.666	6.46795e-022
-3.665	6.57341e-022
-3.664	6.67899e-022
-3.663	6.78463e-022
-3.662	6.89028e-022
-3.661	6.9959e-022
-3.66	7.10143e-022
-3.659	7.20685e-022
-3.658	7.31209e-022
-3.657	7.4171e-022
-3.656	7.52184e-022
-3.655	7.62627e-022
-3.654	7.73031e-022
-3.653	7.83394e-022
-3.652	7.93709e-022
-3.651	8.03974e-022
-3.65	8.14178e-022
-3.649	8.2432e-022
-3.648	8.34392e-022
-3.647	8.44392e-022
-3.646	8.54311e-022
-3.645	8.64145e-022
-3.644	8.73889e-022
-3.643	8.83538e-022
-3.642	8.93087e-022
-3.641	9.02528e-022
-3.64	9.11857e-022
-3.639	9.21067e-022
-3.638	9.30155e-022
-3.637	9.39115e-022
-3.636	9.47939e-022
-3.635	9.56625e-022
-3.634	9.65162e-022
-3.633	9.73552e-022
-3.632	9.81781e-022
-3.631	9.89852e-022
-3.63	9.97753e-022
-3.629	1.00549e-021
-3.628	1.01304e-021
-3.627	1.02041e-021
-3.626	1.02759e-021
-3.625	1.03458e-021
-3.624	1.04137e-021
-3.623	1.04796e-021
-3.622	1.05434e-021
-3.621	1.06051e-021
-3.62	1.06646e-021
-3.619	1.07218e-021
-3.618	1.07768e-021
-3.617	1.08296e-021
-3.616	1.08799e-021
-3.615	1.09279e-021
-3.614	1.09734e-021
-3.613	1.10164e-021
-3.612	1.1057e-021
-3.611	1.1095e-021
-3.61	1.11304e-021
-3.609	1.11632e-021
-3.608	1.11934e-021
-3.607	1.12209e-021
-3.606	1.12457e-021
-3.605	1.12678e-021
-3.604	1.12871e-021
-3.603	1.13036e-021
-3.602	1.13174e-021
-3.601	1.13283e-021
-3.6	1.13365e-021
-3.599	1.13418e-021
-3.598	1.13443e-021
-3.597	1.13438e-021
-3.596	1.13406e-021
-3.595	1.13345e-021
-3.594	1.13255e-021
-3.593	1.13137e-021
-3.592	1.1299e-021
-3.591	1.12814e-021
-3.59	1.1261e-021
-3.589	1.12378e-021
-3.588	1.12118e-021
-3.587	1.1183e-021
-3.586	1.11514e-021
-3.585	1.11171e-021
-3.584	1.10801e-021
-3.583	1.10404e-021
-3.582	1.0998e-021
-3.581	1.09531e-021
-3.58	1.09055e-021
-3.579	1.08555e-021
-3.578	1.08029e-021
-3.577	1.0748e-021
-3.576	1.06907e-021
-3.575	1.0631e-021
-3.574	1.05692e-021
-3.573	1.05051e-021
-3.572	1.0439e-021
-3.571	1.03708e-021
-3.57	1.03007e-021
-3.569	1.02286e-021
-3.568	1.01548e-021
-3.567	1.00793e-021
-3.566	1.00022e-021
-3.565	9.92357e-022
-3.564	9.84355e-022
-3.563	9.76221e-022
-3.562	9.6797e-022
-3.561	9.59613e-022
-3.56	9.51157e-022
-3.559	9.42614e-022
-3.558	9.34003e-022
-3.557	9.25332e-022
-3.556	9.16615e-022
-3.555	9.07865e-022
-3.554	8.991e-022
-3.553	8.90331e-022
-3.552	8.81572e-022
-3.551	8.72841e-022
-3.55	8.64149e-022
-3.549	8.55522e-022
-3.548	8.46967e-022
-3.547	8.38503e-022
-3.546	8.30148e-022
-3.545	8.21923e-022
-3.544	8.13839e-022
-3.543	8.05921e-022
-3.542	7.98183e-022
-3.541	7.90645e-022
-3.54	7.83328e-022
-3.539	7.76252e-022
-3.538	7.69437e-022
-3.537	7.62901e-022
-3.536	7.56667e-022
-3.535	7.50754e-022
-3.534	7.45185e-022
-3.533	7.39983e-022
-3.532	7.35166e-022
-3.531	7.3076e-022
-3.53	7.26785e-022
-3.529	7.23265e-022
-3.528	7.20223e-022
-3.527	7.17685e-022
-3.526	7.15672e-022
-3.525	7.14208e-022
-3.524	7.13315e-022
-3.523	7.13021e-022
-3.522	7.13347e-022
-3.521	7.14319e-022
-3.52	7.15963e-022
-3.519	7.18303e-022
-3.518	7.21364e-022
-3.517	7.25169e-022
-3.516	7.29746e-022
-3.515	7.35118e-022
-3.514	7.41314e-022
-3.513	7.48356e-022
-3.512	7.56273e-022
-3.511	7.65088e-022
-3.51	7.74825e-022
-3.509	7.85512e-022
-3.508	7.97177e-022
-3.507	8.0984e-022
-3.506	8.23529e-022
-3.505	8.38269e-022
-3.504	8.54085e-022
-3.503	8.71006e-022
-3.502	8.89049e-022
-3.501	9.08248e-022
-3.5	9.28622e-022
-3.499	9.50198e-022
-3.498	9.72994e-022
-3.497	9.97044e-022
-3.496	1.02236e-021
-3.495	1.04898e-021
-3.494	1.07692e-021
-3.493	1.1062e-021
-3.492	1.13684e-021
-3.491	1.16887e-021
-3.49	1.2023e-021
-3.489	1.23717e-021
-3.488	1.27349e-021
-3.487	1.31128e-021
-3.486	1.35056e-021
-3.485	1.39135e-021
-3.484	1.43367e-021
-3.483	1.47753e-021
-3.482	1.52297e-021
-3.481	1.56999e-021
-3.48	1.6186e-021
-3.479	1.66883e-021
-3.478	1.72069e-021
-3.477	1.7742e-021
-3.476	1.82937e-021
-3.475	1.88621e-021
-3.474	1.94473e-021
-3.473	2.00494e-021
-3.472	2.06687e-021
-3.471	2.13052e-021
-3.47	2.19589e-021
-3.469	2.263e-021
-3.468	2.33184e-021
-3.467	2.40243e-021
-3.466	2.47478e-021
-3.465	2.54888e-021
-3.464	2.62476e-021
-3.463	2.70239e-021
-3.462	2.78179e-021
-3.461	2.86296e-021
-3.46	2.94589e-021
-3.459	3.03059e-021
-3.458	3.11706e-021
-3.457	3.20527e-021
-3.456	3.29525e-021
-3.455	3.38698e-021
-3.454	3.48045e-021
-3.453	3.57564e-021
-3.452	3.67256e-021
-3.451	3.77118e-021
-3.45	3.87152e-021
-3.449	3.97355e-021
-3.448	4.07725e-021
-3.447	4.18259e-021
-3.446	4.28958e-021
-3.445	4.39818e-021
-3.444	4.50841e-021
-3.443	4.62021e-021
-3.442	4.73357e-021
-3.441	4.84847e-021
-3.44	4.96488e-021
-3.439	5.08277e-021
-3.438	5.20211e-021
-3.437	5.32289e-021
-3.436	5.44508e-021
-3.435	5.56862e-021
-3.434	5.69352e-021
-3.433	5.8197e-021
-3.432	5.94715e-021
-3.431	6.07583e-021
-3.43	6.20572e-021
-3.429	6.33674e-021
-3.428	6.46888e-021
-3.427	6.60208e-021
-3.426	6.73632e-021
-3.425	6.87153e-021
-3.424	7.00769e-021
-3.423	7.14474e-021
-3.422	7.28264e-021
-3.421	7.4213e-021
-3.42	7.56071e-021
-3.419	7.7008e-021
-3.418	7.84153e-021
-3.417	7.98287e-021
-3.416	8.1247e-021
-3.415	8.26701e-021
-3.414	8.40972e-021
-3.413	8.55279e-021
-3.412	8.69614e-021
-3.411	8.83973e-021
-3.41	8.98349e-021
-3.409	9.12736e-021
-3.408	9.27125e-021
-3.407	9.41511e-021
-3.406	9.5589e-021
-3.405	9.70249e-021
-3.404	9.84591e-021
-3.403	9.989e-021
-3.402	1.01317e-020
-3.401	1.0274e-020
-3.4	1.04158e-020
-3.399	1.05571e-020
-3.398	1.06976e-020
-3.397	1.08375e-020
-3.396	1.09765e-020
-3.395	1.11147e-020
-3.394	1.1252e-020
-3.393	1.13882e-020
-3.392	1.15234e-020
-3.391	1.16573e-020
-3.39	1.17901e-020
-3.389	1.19215e-020
-3.388	1.20516e-020
-3.387	1.21801e-020
-3.386	1.23072e-020
-3.385	1.24326e-020
-3.384	1.25564e-020
-3.383	1.26784e-020
-3.382	1.27985e-020
-3.381	1.29167e-020
-3.38	1.3033e-020
-3.379	1.31472e-020
-3.378	1.32592e-020
-3.377	1.33691e-020
-3.376	1.34766e-020
-3.375	1.35819e-020
-3.374	1.36847e-020
-3.373	1.37851e-020
-3.372	1.38829e-020
-3.371	1.39781e-020
-3.37	1.40706e-020
-3.369	1.41603e-020
-3.368	1.42473e-020
-3.367	1.43313e-020
-3.366	1.44125e-020
-3.365	1.44906e-020
-3.364	1.45657e-020
-3.363	1.46377e-020
-3.362	1.47066e-020
-3.361	1.47722e-020
-3.36	1.48346e-020
-3.359	1.48936e-020
-3.358	1.49494e-020
-3.357	1.50017e-020
-3.356	1.50505e-020
-3.355	1.50959e-020
-3.354	1.51378e-020
-3.353	1.51761e-020
-3.352	1.52109e-020
-3.351	1.5242e-020
-3.35	1.52695e-020
-3.349	1.52933e-020
-3.348	1.53134e-020
-3.347	1.53299e-020
-3.346	1.53426e-020
-3.345	1.53516e-020
-3.344	1.53568e-020
-3.343	1.53582e-020
-3.342	1.5356e-020
-3.341	1.53499e-020
-3.34	1.53402e-020
-3.339	1.53267e-020
-3.338	1.53094e-020
-3.337	1.52885e-020
-3.336	1.52638e-020
-3.335	1.52355e-020
-3.334	1.52036e-020
-3.333	1.5168e-020
-3.332	1.51288e-020
-3.331	1.5086e-020
-3.33	1.50398e-020
-3.329	1.49902e-020
-3.328	1.49371e-020
-3.327	1.48806e-020
-3.326	1.48209e-020
-3.325	1.47579e-020
-3.324	1.46918e-020
-3.323	1.46225e-020
-3.322	1.45503e-020
-3.321	1.44751e-020
-3.32	1.43971e-020
-3.319	1.43162e-020
-3.318	1.42328e-020
-3.317	1.41468e-020
-3.316	1.40582e-020
-3.315	1.39674e-020
-3.314	1.38743e-020
-3.313	1.37791e-020
-3.312	1.36818e-020
-3.311	1.35827e-020
-3.31	1.34818e-020
-3.309	1.33794e-020
-3.308	1.32754e-020
-3.307	1.31702e-020
-3.306	1.30638e-020
-3.305	1.29564e-020
-3.304	1.28481e-020
-3.303	1.27391e-020
-3.302	1.26296e-020
-3.301	1.25197e-020
-3.3	1.24097e-020
-3.299	1.22998e-020
-3.298	1.219e-020
-3.297	1.20806e-020
-3.296	1.19718e-020
-3.295	1.18638e-020
-3.294	1.17568e-020
-3.293	1.1651e-020
-3.292	1.15467e-020
-3.291	1.1444e-020
-3.29	1.13431e-020
-3.289	1.12444e-020
-3.288	1.1148e-020
-3.287	1.10541e-020
-3.286	1.09631e-020
-3.285	1.08751e-020
-3.284	1.07904e-020
-3.283	1.07092e-020
-3.282	1.06318e-020
-3.281	1.05585e-020
-3.28	1.04895e-020
-3.279	1.0425e-020
-3.278	1.03654e-020
-3.277	1.03109e-020
-3.276	1.02618e-020
-3.275	1.02183e-020
-3.274	1.01808e-020
-3.273	1.01495e-020
-3.272	1.01246e-020
-3.271	1.01065e-020
-3.27	1.00955e-020
-3.269	1.00919e-020
-3.268	1.00959e-020
-3.267	1.01078e-020
-3.266	1.01279e-020
-3.265	1.01565e-020
-3.264	1.01939e-020
-3.263	1.02404e-020
-3.262	1.02964e-020
-3.261	1.0362e-020
-3.26	1.04376e-020
-3.259	1.05235e-020
-3.258	1.06199e-020
-3.257	1.07273e-020
-3.256	1.08458e-020
-3.255	1.09757e-020
-3.254	1.11174e-020
-3.253	1.12712e-020
-3.252	1.14373e-020
-3.251	1.1616e-020
-3.25	1.18076e-020
-3.249	1.20125e-020
-3.248	1.22308e-020
-3.247	1.24628e-020
-3.246	1.2709e-020
-3.245	1.29694e-020
-3.244	1.32444e-020
-3.243	1.35343e-020
-3.242	1.38392e-020
-3.241	1.41596e-020
-3.24	1.44956e-020
-3.239	1.48474e-020
-3.238	1.52154e-020
-3.237	1.55998e-020
-3.236	1.60008e-020
-3.235	1.64186e-020
-3.234	1.68535e-020
-3.233	1.73057e-020
-3.232	1.77754e-020
-3.231	1.82628e-020
-3.23	1.87682e-020
-3.229	1.92916e-020
-3.228	1.98333e-020
-3.227	2.03936e-020
-3.226	2.09725e-020
-3.225	2.15701e-020
-3.224	2.21868e-020
-3.223	2.28226e-020
-3.222	2.34777e-020
-3.221	2.41521e-020
-3.22	2.48462e-020
-3.219	2.55598e-020
-3.218	2.62931e-020
-3.217	2.70463e-020
-3.216	2.78194e-020
-3.215	2.86126e-020
-3.214	2.94258e-020
-3.213	3.02589e-020
-3.212	3.11124e-020
-3.211	3.19861e-020
-3.21	3.288e-020
-3.209	3.3794e-020
-3.208	3.47283e-020
-3.207	3.56829e-020
-3.206	3.66575e-020
-3.205	3.76523e-020
-3.204	3.86673e-020
-3.203	3.97023e-020
-3.202	4.07572e-020
-3.201	4.18321e-020
-3.2	4.29267e-020
-3.199	4.40411e-020
-3.198	4.51749e-020
-3.197	4.63282e-020
-3.196	4.75008e-020
-3.195	4.86924e-020
-3.194	4.9903e-020
-3.193	5.11323e-020
-3.192	5.23801e-020
-3.191	5.36462e-020
-3.19	5.49304e-020
-3.189	5.62324e-020
-3.188	5.75521e-020
-3.187	5.88892e-020
-3.186	6.02431e-020
-3.185	6.16137e-020
-3.184	6.30008e-020
-3.183	6.44039e-020
-3.182	6.58227e-020
-3.181	6.72569e-020
-3.18	6.87062e-020
-3.179	7.017e-020
-3.178	7.16481e-020
-3.177	7.314e-020
-3.176	7.46454e-020
-3.175	7.61634e-020
-3.174	7.76941e-020
-3.173	7.92367e-020
-3.172	8.07912e-020
-3.171	8.23563e-020
-3.17	8.39322e-020
-3.169	8.55181e-020
-3.168	8.71134e-020
-3.167	8.87176e-020
-3.166	9.03305e-020
-3.165	9.19511e-020
-3.164	9.35788e-020
-3.163	9.52133e-020
-3.162	9.68539e-020
-3.161	9.84996e-020
-3.16	1.00151e-019
-3.159	1.01805e-019
-3.158	1.03464e-019
-3.157	1.05125e-019
-3.156	1.06789e-019
-3.155	1.08454e-019
-3.154	1.1012e-019
-3.153	1.11786e-019
-3.152	1.13452e-019
-3.151	1.15116e-019
-3.15	1.16778e-019
-3.149	1.18438e-019
-3.148	1.20094e-019
-3.147	1.21747e-019
-3.146	1.23394e-019
-3.145	1.25035e-019
-3.144	1.2667e-019
-3.143	1.28298e-019
-3.142	1.29919e-019
-3.141	1.3153e-019
-3.14	1.33132e-019
-3.139	1.34724e-019
-3.138	1.36304e-019
-3.137	1.37873e-019
-3.136	1.39429e-019
-3.135	1.40972e-019
-3.134	1.42501e-019
-3.133	1.44015e-019
-3.132	1.45513e-019
-3.131	1.46995e-019
-3.13	1.4846e-019
-3.129	1.49906e-019
-3.128	1.51334e-019
-3.127	1.52742e-019
-3.126	1.5413e-019
-3.125	1.55496e-019
-3.124	1.56842e-019
-3.123	1.58164e-019
-3.122	1.59464e-019
-3.121	1.60739e-019
-3.12	1.6199e-019
-3.119	1.63215e-019
-3.118	1.64414e-019
-3.117	1.65587e-019
-3.116	1.66731e-019
-3.115	1.67848e-019
-3.114	1.68936e-019
-3.113	1.69994e-019
-3.112	1.71023e-019
-3.111	1.72021e-019
-3.11	1.72988e-019
-3.109	1.73923e-019
-3.108	1.74825e-019
-3.107	1.75696e-019
-3.106	1.76532e-019
-3.105	1.77334e-019
-3.104	1.78101e-019
-3.103	1.78834e-019
-3.102	1.79532e-019
-3.101	1.80194e-019
-3.1	1.8082e-019
-3.099	1.81409e-019
-3.098	1.81961e-019
-3.097	1.82476e-019
-3.096	1.82954e-019
-3.095	1.83394e-019
-3.094	1.83796e-019
-3.093	1.84159e-019
-3.092	1.84484e-019
-3.091	1.84771e-019
-3.09	1.85018e-019
-3.089	1.85228e-019
-3.088	1.85398e-019
-3.087	1.85528e-019
-3.086	1.8562e-019
-3.085	1.85673e-019
-3.084	1.85687e-019
-3.083	1.85662e-019
-3.082	1.85598e-019
-3.081	1.85495e-019
-3.08	1.85354e-019
-3.079	1.85175e-019
-3.078	1.84958e-019
-3.077	1.84703e-019
-3.076	1.84411e-019
-3.075	1.84082e-019
-3.074	1.83716e-019
-3.073	1.83314e-019
-3.072	1.82876e-019
-3.071	1.82404e-019
-3.07	1.81896e-019
-3.069	1.81354e-019
-3.068	1.80779e-019
-3.067	1.80171e-019
-3.066	1.79531e-019
-3.065	1.78859e-019
-3.064	1.78157e-019
-3.063	1.77425e-019
-3.062	1.76664e-019
-3.061	1.75875e-019
-3.06	1.75059e-019
-3.059	1.74217e-019
-3.058	1.7335e-019
-3.057	1.72459e-019
-3.056	1.71545e-019
-3.055	1.70609e-019
-3.054	1.69653e-019
-3.053	1.68677e-019
-3.052	1.67683e-019
-3.051	1.66672e-019
-3.05	1.65645e-019
-3.049	1.64604e-019
-3.048	1.63551e-019
-3.047	1.62486e-019
-3.046	1.61412e-019
-3.045	1.60329e-019
-3.044	1.59161e-019
-3.043	1.57834e-019
-3.042	1.56371e-019
-3.041	1.54798e-019
-3.04	1.53143e-019
-3.039	1.51443e-019
-3.038	1.49735e-019
-3.037	1.48061e-019
-3.036	1.46474e-019
-3.035	1.4503e-019
-3.034	1.43789e-019
-3.033	1.42823e-019
-3.032	1.4221e-019
-3.031	1.42035e-019
-3.03	1.42398e-019
-3.029	1.43405e-019
-3.028	1.45173e-019
-3.027	1.47835e-019
-3.026	1.51534e-019
-3.025	1.5643e-019
-3.024	1.62697e-019
-3.023	1.70527e-019
-3.022	1.8013e-019
-3.021	1.91736e-019
-3.02	2.05596e-019
-3.019	2.21984e-019
-3.018	2.41198e-019
-3.017	2.63565e-019
-3.016	2.89433e-019
-3.015	3.1919e-019
-3.014	3.53244e-019
-3.013	3.92047e-019
-3.012	4.36082e-019
-3.011	4.85868e-019
-3.01	5.41969e-019
-3.009	6.04988e-019
-3.008	6.75569e-019
-3.007	7.54412e-019
-3.006	8.42258e-019
-3.005	9.39905e-019
-3.004	1.0482e-018
-3.003	1.16803e-018
-3.002	1.30038e-018
-3.001	1.44626e-018
-3	1.60675e-018
-2.999	1.78301e-018
-2.998	1.97623e-018
-2.997	2.1877e-018
-2.996	2.41878e-018
-2.995	2.67085e-018
-2.994	2.94544e-018
-2.993	3.24407e-018
-2.992	3.56842e-018
-2.991	3.92013e-018
-2.99	4.301e-018
-2.989	4.71288e-018
-2.988	5.15765e-018
-2.987	5.63734e-018
-2.986	6.15393e-018
-2.985	6.70956e-018
-2.984	7.30638e-018
-2.983	7.94661e-018
-2.982	8.63251e-018
-2.981	9.36637e-018
-2.98	1.01506e-017
-2.979	1.09874e-017
-2.978	1.18794e-017
-2.977	1.28288e-017
-2.976	1.38382e-017
-2.975	1.49098e-017
-2.974	1.60461e-017
-2.973	1.72494e-017
-2.972	1.85221e-017
-2.971	1.98663e-017
-2.97	2.12842e-017
-2.969	2.2778e-017
-2.968	2.43497e-017
-2.967	2.6001e-017
-2.966	2.77337e-017
-2.965	2.95494e-017
-2.964	3.14496e-017
-2.963	3.34355e-017
-2.962	3.55082e-017
-2.961	3.76685e-017
-2.96	3.9917e-017
-2.959	4.22543e-017
-2.958	4.46804e-017
-2.957	4.71954e-017
-2.956	4.97991e-017
-2.955	5.24911e-017
-2.954	5.52703e-017
-2.953	5.81365e-017
-2.952	6.10881e-017
-2.951	6.41245e-017
-2.95	6.72442e-017
-2.949	7.04459e-017
-2.948	7.37288e-017
-2.947	7.70915e-017
-2.946	8.05337e-017
-2.945	8.40543e-017
-2.944	8.76535e-017
-2.943	9.13322e-017
-2.942	9.50922e-017
-2.941	9.89356e-017
-2.94	1.02866e-016
-2.939	1.06889e-016
-2.938	1.11013e-016
-2.937	1.15246e-016
-2.936	1.19599e-016
-2.935	1.2409e-016
-2.934	1.28735e-016
-2.933	1.33557e-016
-2.932	1.38584e-016
-2.931	1.43847e-016
-2.93	1.49385e-016
-2.929	1.55243e-016
-2.928	1.61472e-016
-2.927	1.68135e-016
-2.926	1.753e-016
-2.925	1.83051e-016
-2.924	1.91477e-016
-2.923	2.00687e-016
-2.922	2.10799e-016
-2.921	2.21949e-016
-2.92	2.34291e-016
-2.919	2.47998e-016
-2.918	2.63262e-016
-2.917	2.80301e-016
-2.916	2.99355e-016
-2.915	3.20694e-016
-2.914	3.44615e-016
-2.913	3.71449e-016
-2.912	4.01559e-016
-2.911	4.3535e-016
-2.91	4.73262e-016
-2.909	5.15781e-016
-2.908	5.63438e-016
-2.907	6.16817e-016
-2.906	6.76551e-016
-2.905	7.4333e-016
-2.904	8.1791e-016
-2.903	9.01098e-016
-2.902	9.93787e-016
-2.901	1.09692e-015
-2.9	1.21155e-015
-2.899	1.33876e-015
-2.898	1.47977e-015
-2.897	1.63585e-015
-2.896	1.80838e-015
-2.895	1.99882e-015
-2.894	2.20877e-015
-2.893	2.43989e-015
-2.892	2.69397e-015
-2.891	2.97289e-015
-2.89	3.2787e-015
-2.889	3.6135e-015
-2.888	3.97958e-015
-2.887	4.37929e-015
-2.886	4.81515e-015
-2.885	5.2898e-015
-2.884	5.80599e-015
-2.883	6.36664e-015
-2.882	6.97477e-015
-2.881	7.63353e-015
-2.88	8.34624e-015
-2.879	9.11629e-015
-2.878	9.94722e-015
-2.877	1.08427e-014
-2.876	1.18066e-014
-2.875	1.28426e-014
-2.874	1.39549e-014
-2.873	1.51475e-014
-2.872	1.64246e-014
-2.871	1.77904e-014
-2.87	1.92493e-014
-2.869	2.08056e-014
-2.868	2.24637e-014
-2.867	2.4228e-014
-2.866	2.61031e-014
-2.865	2.80932e-014
-2.864	3.02027e-014
-2.863	3.24359e-014
-2.862	3.47972e-014
-2.861	3.72906e-014
-2.86	3.99201e-014
-2.859	4.26896e-014
-2.858	4.56028e-014
-2.857	4.86631e-014
-2.856	5.18738e-014
-2.855	5.5238e-014
-2.854	5.87585e-014
-2.853	6.24377e-014
-2.852	6.62776e-014
-2.851	7.02804e-014
-2.85	7.44476e-014
-2.849	7.87805e-014
-2.848	8.32796e-014
-2.847	8.79459e-014
-2.846	9.27795e-014
-2.845	9.77807e-014
-2.844	1.02949e-013
-2.843	1.08285e-013
-2.842	1.13787e-013
-2.841	1.19455e-013
-2.84	1.2529e-013
-2.839	1.3129e-013
-2.838	1.37457e-013
-2.837	1.43791e-013
-2.836	1.50294e-013
-2.835	1.56967e-013
-2.834	1.63818e-013
-2.833	1.70849e-013
-2.832	1.7807e-013
-2.831	1.85489e-013
-2.83	1.93121e-013
-2.829	2.00982e-013
-2.828	2.09092e-013
-2.827	2.17476e-013
-2.826	2.26165e-013
-2.825	2.35195e-013
-2.824	2.4461e-013
-2.823	2.54464e-013
-2.822	2.64816e-013
-2.821	2.75735e-013
-2.82	2.87311e-013
-2.819	2.99634e-013
-2.818	3.12819e-013
-2.817	3.26988e-013
-2.816	3.42288e-013
-2.815	3.58885e-013
-2.814	3.76967e-013
-2.813	3.9674e-013
-2.812	4.18447e-013
-2.811	4.4235e-013
-2.81	4.68752e-013
-2.809	4.97984e-013
-2.808	5.30415e-013
-2.807	5.66462e-013
-2.806	6.06578e-013
-2.805	6.5127e-013
-2.804	7.01095e-013
-2.803	7.56663e-013
-2.802	8.18649e-013
-2.801	8.87789e-013
-2.8	9.64891e-013
-2.799	1.05084e-012
-2.798	1.14658e-012
-2.797	1.25317e-012
-2.796	1.37172e-012
-2.795	1.50348e-012
-2.794	1.64977e-012
-2.793	1.812e-012
-2.792	1.99173e-012
-2.791	2.1906e-012
-2.79	2.41041e-012
-2.789	2.65304e-012
-2.788	2.92056e-012
-2.787	3.21511e-012
-2.786	3.53904e-012
-2.785	3.89479e-012
-2.784	4.28502e-012
-2.783	4.71247e-012
-2.782	5.18009e-012
-2.781	5.69102e-012
-2.78	6.24853e-012
-2.779	6.85603e-012
-2.778	7.51719e-012
-2.777	8.23578e-012
-2.776	9.0158e-012
-2.775	9.86137e-012
-2.774	1.07769e-011
-2.773	1.17668e-011
-2.772	1.28358e-011
-2.771	1.39886e-011
-2.77	1.52304e-011
-2.769	1.65663e-011
-2.768	1.80015e-011
-2.767	1.95415e-011
-2.766	2.11919e-011
-2.765	2.29583e-011
-2.764	2.48465e-011
-2.763	2.68622e-011
-2.762	2.90116e-011
-2.761	3.13004e-011
-2.76	3.37347e-011
-2.759	3.63204e-011
-2.758	3.90635e-011
-2.757	4.19699e-011
-2.756	4.50455e-011
-2.755	4.8296e-011
-2.754	5.17269e-011
-2.753	5.53438e-011
-2.752	5.91519e-011
-2.751	6.31562e-011
-2.75	6.73617e-011
-2.749	7.17731e-011
-2.748	7.63942e-011
-2.747	8.12295e-011
-2.746	8.62824e-011
-2.745	9.15566e-011
-2.744	9.70548e-011
-2.743	1.02779e-010
-2.742	1.08734e-010
-2.741	1.1492e-010
-2.74	1.21339e-010
-2.739	1.27993e-010
-2.738	1.34884e-010
-2.737	1.42012e-010
-2.736	1.49381e-010
-2.735	1.56991e-010
-2.734	1.64845e-010
-2.733	1.72944e-010
-2.732	1.81293e-010
-2.731	1.89896e-010
-2.73	1.98759e-010
-2.729	2.07887e-010
-2.728	2.1729e-010
-2.727	2.26981e-010
-2.726	2.36974e-010
-2.725	2.47285e-010
-2.724	2.57938e-010
-2.723	2.68956e-010
-2.722	2.80376e-010
-2.721	2.92233e-010
-2.72	3.04572e-010
-2.719	3.17449e-010
-2.718	3.30927e-010
-2.717	3.45077e-010
-2.716	3.59989e-010
-2.715	3.7576e-010
-2.714	3.92406e-010
-2.713	4.09872e-010
-2.712	4.28145e-010
-2.711	4.47211e-010
-2.71	4.67057e-010
-2.709	4.87669e-010
-2.708	5.09036e-010
-2.707	5.31144e-010
-2.706	5.5398e-010
-2.705	5.77532e-010
-2.704	6.01791e-010
-2.703	6.26747e-010
-2.702	6.52387e-010
-2.701	6.78705e-010
-2.7	7.05693e-010
-2.699	7.33345e-010
-2.698	7.61655e-010
-2.697	7.90617e-010
-2.696	8.20229e-010
-2.695	8.5049e-010
-2.694	8.81398e-010
-2.693	9.12953e-010
-2.692	9.45158e-010
-2.691	9.78015e-010
-2.69	1.01153e-009
-2.689	1.0457e-009
-2.688	1.08054e-009
-2.687	1.11606e-009
-2.686	1.15226e-009
-2.685	1.18916e-009
-2.684	1.22677e-009
-2.683	1.26508e-009
-2.682	1.30413e-009
-2.681	1.34393e-009
-2.68	1.38448e-009
-2.679	1.4258e-009
-2.678	1.4679e-009
-2.677	1.51081e-009
-2.676	1.55454e-009
-2.675	1.5991e-009
-2.674	1.64451e-009
-2.673	1.69078e-009
-2.672	1.73792e-009
-2.671	1.78596e-009
-2.67	1.83491e-009
-2.669	1.88477e-009
-2.668	1.93556e-009
-2.667	1.98728e-009
-2.666	2.03996e-009
-2.665	2.09359e-009
-2.664	2.14817e-009
-2.663	2.20372e-009
-2.662	2.26024e-009
-2.661	2.31772e-009
-2.66	2.37615e-009
-2.659	2.43554e-009
-2.658	2.49588e-009
-2.657	2.55715e-009
-2.656	2.61935e-009
-2.655	2.68244e-009
-2.654	2.74642e-009
-2.653	2.81126e-009
-2.652	2.87692e-009
-2.651	2.9434e-009
-2.65	3.01064e-009
-2.649	3.07861e-009
-2.648	3.14727e-009
-2.647	3.21658e-009
-2.646	3.28648e-009
-2.645	3.35693e-009
-2.644	3.42788e-009
-2.643	3.49926e-009
-2.642	3.57101e-009
-2.641	3.64307e-009
-2.64	3.71536e-009
-2.639	3.78782e-009
-2.638	3.86038e-009
-2.637	3.93296e-009
-2.636	4.00546e-009
-2.635	4.07784e-009
-2.634	4.14998e-009
-2.633	4.22181e-009
-2.632	4.29324e-009
-2.631	4.36418e-009
-2.63	4.43454e-009
-2.629	4.50422e-009
-2.628	4.57316e-009
-2.627	4.64123e-009
-2.626	4.70837e-009
-2.625	4.77449e-009
-2.624	4.83947e-009
-2.623	4.90325e-009
-2.622	4.96574e-009
-2.621	5.02686e-009
-2.62	5.08652e-009
-2.619	5.14465e-009
-2.618	5.20117e-009
-2.617	5.25601e-009
-2.616	5.30912e-009
-2.615	5.36043e-009
-2.614	5.40988e-009
-2.613	5.45743e-009
-2.612	5.50304e-009
-2.611	5.54666e-009
-2.61	5.58827e-009
-2.609	5.62786e-009
-2.608	5.66539e-009
-2.607	5.7009e-009
-2.606	5.73435e-009
-2.605	5.76578e-009
-2.604	5.79522e-009
-2.603	5.82269e-009
-2.602	5.84823e-009
-2.601	5.87192e-009
-2.6	5.8938e-009
-2.599	5.91396e-009
-2.598	5.93249e-009
-2.597	5.94948e-009
-2.596	5.96506e-009
-2.595	5.97934e-009
-2.594	5.99245e-009
-2.593	6.00456e-009
-2.592	6.01582e-009
-2.591	6.02641e-009
-2.59	6.03649e-009
-2.589	6.04629e-009
-2.588	6.05599e-009
-2.587	6.06582e-009
-2.586	6.07603e-009
-2.585	6.08684e-009
-2.584	6.0985e-009
-2.583	6.11129e-009
-2.582	6.12549e-009
-2.581	6.14136e-009
-2.58	6.15921e-009
-2.579	6.17935e-009
-2.578	6.20207e-009
-2.577	6.22768e-009
-2.576	6.25653e-009
-2.575	6.28893e-009
-2.574	6.32523e-009
-2.573	6.36578e-009
-2.572	6.41089e-009
-2.571	6.46093e-009
-2.57	6.51623e-009
-2.569	6.57716e-009
-2.568	6.64406e-009
-2.567	6.71728e-009
-2.566	6.79717e-009
-2.565	6.88407e-009
-2.564	6.97831e-009
-2.563	7.08025e-009
-2.562	7.19021e-009
-2.561	7.3085e-009
-2.56	7.43543e-009
-2.559	7.57131e-009
-2.558	7.71645e-009
-2.557	7.8711e-009
-2.556	8.03555e-009
-2.555	8.21004e-009
-2.554	8.39483e-009
-2.553	8.59012e-009
-2.552	8.79612e-009
-2.551	9.01303e-009
-2.55	9.241e-009
-2.549	9.4802e-009
-2.548	9.73074e-009
-2.547	9.99273e-009
-2.546	1.02662e-008
-2.545	1.05513e-008
-2.544	1.08481e-008
-2.543	1.11564e-008
-2.542	1.14764e-008
-2.541	1.18079e-008
-2.54	1.21509e-008
-2.539	1.25052e-008
-2.538	1.28709e-008
-2.537	1.32476e-008
-2.536	1.36353e-008
-2.535	1.40336e-008
-2.534	1.44424e-008
-2.533	1.48614e-008
-2.532	1.52902e-008
-2.531	1.57286e-008
-2.53	1.61762e-008
-2.529	1.66326e-008
-2.528	1.70974e-008
-2.527	1.75702e-008
-2.526	1.80504e-008
-2.525	1.85375e-008
-2.524	1.90312e-008
-2.523	1.95308e-008
-2.522	2.00358e-008
-2.521	2.05455e-008
-2.52	2.10594e-008
-2.519	2.15768e-008
-2.518	2.20971e-008
-2.517	2.26197e-008
-2.516	2.31438e-008
-2.515	2.36687e-008
-2.514	2.41939e-008
-2.513	2.47185e-008
-2.512	2.52419e-008
-2.511	2.57632e-008
-2.51	2.62819e-008
-2.509	2.67972e-008
-2.508	2.73083e-008
-2.507	2.78145e-008
-2.506	2.83151e-008
-2.505	2.88095e-008
-2.504	2.92968e-008
-2.503	2.97765e-008
-2.502	3.02478e-008
-2.501	3.071e-008
-2.5	3.11627e-008
-2.499	3.1605e-008
-2.498	3.20366e-008
-2.497	3.24567e-008
-2.496	3.28648e-008
-2.495	3.32606e-008
-2.494	3.36434e-008
-2.493	3.40129e-008
-2.492	3.43686e-008
-2.491	3.47104e-008
-2.49	3.50378e-008
-2.489	3.53505e-008
-2.488	3.56484e-008
-2.487	3.59312e-008
-2.486	3.6199e-008
-2.485	3.64515e-008
-2.484	3.66889e-008
-2.483	3.69112e-008
-2.482	3.71185e-008
-2.481	3.73108e-008
-2.48	3.74885e-008
-2.479	3.76519e-008
-2.478	3.78013e-008
-2.477	3.79372e-008
-2.476	3.806e-008
-2.475	3.81702e-008
-2.474	3.82683e-008
-2.473	3.83552e-008
-2.472	3.84316e-008
-2.471	3.84981e-008
-2.47	3.85557e-008
-2.469	3.86052e-008
-2.468	3.86476e-008
-2.467	3.86839e-008
-2.466	3.87154e-008
-2.465	3.8743e-008
-2.464	3.87679e-008
-2.463	3.87914e-008
-2.462	3.88148e-008
-2.461	3.88395e-008
-2.46	3.88668e-008
-2.459	3.88982e-008
-2.458	3.89351e-008
-2.457	3.89791e-008
-2.456	3.90316e-008
-2.455	3.90942e-008
-2.454	3.91686e-008
-2.453	3.92564e-008
-2.452	3.93591e-008
-2.451	3.94785e-008
-2.45	3.96161e-008
-2.449	3.97737e-008
-2.448	3.99529e-008
-2.447	4.01554e-008
-2.446	4.03829e-008
-2.445	4.0637e-008
-2.444	4.09192e-008
-2.443	4.12313e-008
-2.442	4.15748e-008
-2.441	4.19513e-008
-2.44	4.23623e-008
-2.439	4.28091e-008
-2.438	4.32934e-008
-2.437	4.38164e-008
-2.436	4.43795e-008
-2.435	4.4984e-008
-2.434	4.56309e-008
-2.433	4.63217e-008
-2.432	4.70571e-008
-2.431	4.78383e-008
-2.43	4.86661e-008
-2.429	4.95413e-008
-2.428	5.04647e-008
-2.427	5.14368e-008
-2.426	5.24584e-008
-2.425	5.35297e-008
-2.424	5.46511e-008
-2.423	5.58229e-008
-2.422	5.70451e-008
-2.421	5.83179e-008
-2.42	5.96409e-008
-2.419	6.10142e-008
-2.418	6.24373e-008
-2.417	6.39098e-008
-2.416	6.54311e-008
-2.415	6.70004e-008
-2.414	6.86171e-008
-2.413	7.02803e-008
-2.412	7.19887e-008
-2.411	7.37413e-008
-2.41	7.55368e-008
-2.409	7.73738e-008
-2.408	7.9251e-008
-2.407	8.11665e-008
-2.406	8.31187e-008
-2.405	8.51057e-008
-2.404	8.71257e-008
-2.403	8.91766e-008
-2.402	9.12563e-008
-2.401	9.33626e-008
-2.4	9.54932e-008
-2.399	9.76457e-008
-2.398	9.98175e-008
-2.397	1.02006e-007
-2.396	1.0421e-007
-2.395	1.06424e-007
-2.394	1.08648e-007
-2.393	1.10878e-007
-2.392	1.13112e-007
-2.391	1.15346e-007
-2.39	1.17578e-007
-2.389	1.19805e-007
-2.388	1.22025e-007
-2.387	1.24234e-007
-2.386	1.26429e-007
-2.385	1.28608e-007
-2.384	1.30768e-007
-2.383	1.32906e-007
-2.382	1.35019e-007
-2.381	1.37106e-007
-2.38	1.39163e-007
-2.379	1.41187e-007
-2.378	1.43177e-007
-2.377	1.4513e-007
-2.376	1.47043e-007
-2.375	1.48915e-007
-2.374	1.50744e-007
-2.373	1.52527e-007
-2.372	1.54263e-007
-2.371	1.55951e-007
-2.37	1.57588e-007
-2.369	1.59174e-007
-2.368	1.60707e-007
-2.367	1.62186e-007
-2.366	1.63611e-007
-2.365	1.64981e-007
-2.364	1.66295e-007
-2.363	1.67553e-007
-2.362	1.68754e-007
-2.361	1.699e-007
-2.36	1.70991e-007
-2.359	1.72026e-007
-2.358	1.73007e-007
-2.357	1.73935e-007
-2.356	1.7481e-007
-2.355	1.75635e-007
-2.354	1.76409e-007
-2.353	1.77137e-007
-2.352	1.77819e-007
-2.351	1.78458e-007
-2.35	1.79056e-007
-2.349	1.79616e-007
-2.348	1.80141e-007
-2.347	1.80633e-007
-2.346	1.81097e-007
-2.345	1.81535e-007
-2.344	1.81951e-007
-2.343	1.82349e-007
-2.342	1.82733e-007
-2.341	1.83106e-007
-2.34	1.83475e-007
-2.339	1.83841e-007
-2.338	1.84211e-007
-2.337	1.8459e-007
-2.336	1.84982e-007
-2.335	1.85391e-007
-2.334	1.85823e-007
-2.333	1.86283e-007
-2.332	1.86777e-007
-2.331	1.8731e-007
-2.33	1.87886e-007
-2.329	1.88512e-007
-2.328	1.89193e-007
-2.327	1.89934e-007
-2.326	1.9074e-007
-2.325	1.91618e-007
-2.324	1.92571e-007
-2.323	1.93607e-007
-2.322	1.94728e-007
-2.321	1.95943e-007
-2.32	1.97253e-007
-2.319	1.98666e-007
-2.318	2.00186e-007
-2.317	2.01817e-007
-2.316	2.03564e-007
-2.315	2.05431e-007
-2.314	2.07423e-007
-2.313	2.09544e-007
-2.312	2.11797e-007
-2.311	2.14185e-007
-2.31	2.16713e-007
-2.309	2.19384e-007
-2.308	2.22199e-007
-2.307	2.25162e-007
-2.306	2.28275e-007
-2.305	2.3154e-007
-2.304	2.34959e-007
-2.303	2.38532e-007
-2.302	2.42261e-007
-2.301	2.46147e-007
-2.3	2.5019e-007
-2.299	2.54391e-007
-2.298	2.58748e-007
-2.297	2.63261e-007
-2.296	2.67929e-007
-2.295	2.72752e-007
-2.294	2.77727e-007
-2.293	2.82852e-007
-2.292	2.88124e-007
-2.291	2.93542e-007
-2.29	2.99101e-007
-2.289	3.04799e-007
-2.288	3.10632e-007
-2.287	3.16596e-007
-2.286	3.22686e-007
-2.285	3.28897e-007
-2.284	3.35224e-007
-2.283	3.41662e-007
-2.282	3.48205e-007
-2.281	3.54848e-007
-2.28	3.61585e-007
-2.279	3.68408e-007
-2.278	3.75311e-007
-2.277	3.82287e-007
-2.276	3.89329e-007
-2.275	3.9643e-007
-2.274	4.03582e-007
-2.273	4.10778e-007
-2.272	4.1801e-007
-2.271	4.25269e-007
-2.27	4.32549e-007
-2.269	4.39841e-007
-2.268	4.47137e-007
-2.267	4.54428e-007
-2.266	4.61708e-007
-2.265	4.68968e-007
-2.264	4.76198e-007
-2.263	4.83392e-007
-2.262	4.90542e-007
-2.261	4.9764e-007
-2.26	5.04678e-007
-2.259	5.1165e-007
-2.258	5.18547e-007
-2.257	5.25362e-007
-2.256	5.3209e-007
-2.255	5.38723e-007
-2.254	5.45255e-007
-2.253	5.51679e-007
-2.252	5.57991e-007
-2.251	5.64184e-007
-2.25	5.70254e-007
-2.249	5.76195e-007
-2.248	5.82006e-007
-2.247	5.87681e-007
-2.246	5.93215e-007
-2.245	5.9861e-007
-2.244	6.03859e-007
-2.243	6.08961e-007
-2.242	6.13917e-007
-2.241	6.18723e-007
-2.24	6.23381e-007
-2.239	6.2789e-007
-2.238	6.32251e-007
-2.237	6.36465e-007
-2.236	6.40534e-007
-2.235	6.4446e-007
-2.234	6.48245e-007
-2.233	6.51894e-007
-2.232	6.55412e-007
-2.231	6.58801e-007
-2.23	6.62067e-007
-2.229	6.65216e-007
-2.228	6.68254e-007
-2.227	6.71187e-007
-2.226	6.74025e-007
-2.225	6.76772e-007
-2.224	6.79438e-007
-2.223	6.82033e-007
-2.222	6.84564e-007
-2.221	6.87042e-007
-2.22	6.89476e-007
-2.219	6.91877e-007
-2.218	6.94258e-007
-2.217	6.96628e-007
-2.216	6.98998e-007
-2.215	7.01382e-007
-2.214	7.03788e-007
-2.213	7.06234e-007
-2.212	7.08729e-007
-2.211	7.11288e-007
-2.21	7.13923e-007
-2.209	7.16648e-007
-2.208	7.19475e-007
-2.207	7.22417e-007
-2.206	7.25489e-007
-2.205	7.28705e-007
-2.204	7.32076e-007
-2.203	7.35619e-007
-2.202	7.39343e-007
-2.201	7.43263e-007
-2.2	7.47391e-007
-2.199	7.51742e-007
-2.198	7.56327e-007
-2.197	7.61157e-007
-2.196	7.66246e-007
-2.195	7.71604e-007
-2.194	7.77244e-007
-2.193	7.83174e-007
-2.192	7.89406e-007
-2.191	7.95949e-007
-2.19	8.02813e-007
-2.189	8.10006e-007
-2.188	8.17536e-007
-2.187	8.25414e-007
-2.186	8.33643e-007
-2.185	8.42229e-007
-2.184	8.5118e-007
-2.183	8.605e-007
-2.182	8.70194e-007
-2.181	8.80262e-007
-2.18	8.9071e-007
-2.179	9.01539e-007
-2.178	9.12751e-007
-2.177	9.24345e-007
-2.176	9.36322e-007
-2.175	9.48679e-007
-2.174	9.61414e-007
-2.173	9.74526e-007
-2.172	9.88009e-007
-2.171	1.00186e-006
-2.17	1.01608e-006
-2.169	1.03065e-006
-2.168	1.04557e-006
-2.167	1.06083e-006
-2.166	1.07642e-006
-2.165	1.09234e-006
-2.164	1.10858e-006
-2.163	1.12511e-006
-2.162	1.14194e-006
-2.161	1.15905e-006
-2.16	1.17643e-006
-2.159	1.19406e-006
-2.158	1.21193e-006
-2.157	1.23003e-006
-2.156	1.24834e-006
-2.155	1.26684e-006
-2.154	1.28553e-006
-2.153	1.30437e-006
-2.152	1.32337e-006
-2.151	1.34249e-006
-2.15	1.36173e-006
-2.149	1.38106e-006
-2.148	1.40047e-006
-2.147	1.41994e-006
-2.146	1.43945e-006
-2.145	1.45899e-006
-2.144	1.47853e-006
-2.143	1.49806e-006
-2.142	1.51756e-006
-2.141	1.53702e-006
-2.14	1.55641e-006
-2.139	1.57572e-006
-2.138	1.59493e-006
-2.137	1.61402e-006
-2.136	1.63299e-006
-2.135	1.65181e-006
-2.134	1.67047e-006
-2.133	1.68896e-006
-2.132	1.70725e-006
-2.131	1.72535e-006
-2.13	1.74322e-006
-2.129	1.76088e-006
-2.128	1.77829e-006
-2.127	1.79546e-006
-2.126	1.81237e-006
-2.125	1.82901e-006
-2.124	1.84538e-006
-2.123	1.86148e-006
-2.122	1.87729e-006
-2.121	1.89281e-006
-2.12	1.90803e-006
-2.119	1.92296e-006
-2.118	1.9376e-006
-2.117	1.95194e-006
-2.116	1.96598e-006
-2.115	1.97974e-006
-2.114	1.9932e-006
-2.113	2.00637e-006
-2.112	2.01927e-006
-2.111	2.03189e-006
-2.11	2.04425e-006
-2.109	2.05635e-006
-2.108	2.06821e-006
-2.107	2.07983e-006
-2.106	2.09122e-006
-2.105	2.10241e-006
-2.104	2.1134e-006
-2.103	2.12421e-006
-2.102	2.13485e-006
-2.101	2.14536e-006
-2.1	2.15573e-006
-2.099	2.16599e-006
-2.098	2.17617e-006
-2.097	2.18628e-006
-2.096	2.19634e-006
-2.095	2.20638e-006
-2.094	2.21642e-006
-2.093	2.22648e-006
-2.092	2.23659e-006
-2.091	2.24678e-006
-2.09	2.25706e-006
-2.089	2.26746e-006
-2.088	2.27801e-006
-2.087	2.28873e-006
-2.086	2.29966e-006
-2.085	2.31081e-006
-2.084	2.32222e-006
-2.083	2.33391e-006
-2.082	2.34591e-006
-2.081	2.35824e-006
-2.08	2.37093e-006
-2.079	2.384e-006
-2.078	2.39749e-006
-2.077	2.41141e-006
-2.076	2.42579e-006
-2.075	2.44066e-006
-2.074	2.45603e-006
-2.073	2.47194e-006
-2.072	2.4884e-006
-2.071	2.50543e-006
-2.07	2.52306e-006
-2.069	2.5413e-006
-2.068	2.56017e-006
-2.067	2.5797e-006
-2.066	2.59989e-006
-2.065	2.62076e-006
-2.064	2.64232e-006
-2.063	2.66459e-006
-2.062	2.68759e-006
-2.061	2.71131e-006
-2.06	2.73577e-006
-2.059	2.76098e-006
-2.058	2.78693e-006
-2.057	2.81365e-006
-2.056	2.84112e-006
-2.055	2.86936e-006
-2.054	2.89835e-006
-2.053	2.92811e-006
-2.052	2.95863e-006
-2.051	2.98989e-006
-2.05	3.02191e-006
-2.049	3.05466e-006
-2.048	3.08814e-006
-2.047	3.12235e-006
-2.046	3.15727e-006
-2.045	3.19288e-006
-2.044	3.22917e-006
-2.043	3.26613e-006
-2.042	3.30374e-006
-2.041	3.34198e-006
-2.04	3.38083e-006
-2.039	3.42028e-006
-2.038	3.46029e-006
-2.037	3.50084e-006
-2.036	3.54192e-006
-2.035	3.58349e-006
-2.034	3.62552e-006
-2.033	3.668e-006
-2.032	3.7109e-006
-2.031	3.75417e-006
-2.03	3.79781e-006
-2.029	3.84177e-006
-2.028	3.88603e-006
-2.027	3.93056e-006
-2.026	3.97532e-006
-2.025	4.02029e-006
-2.024	4.06542e-006
-2.023	4.11071e-006
-2.022	4.1561e-006
-2.021	4.20157e-006
-2.02	4.24708e-006
-2.019	4.29262e-006
-2.018	4.33814e-006
-2.017	4.38362e-006
-2.016	4.42902e-006
-2.015	4.47433e-006
-2.014	4.5195e-006
-2.013	4.56452e-006
-2.012	4.60936e-006
-2.011	4.65398e-006
-2.01	4.69837e-006
-2.009	4.74251e-006
-2.008	4.78637e-006
-2.007	4.82993e-006
-2.006	4.87317e-006
-2.005	4.91608e-006
-2.004	4.95863e-006
-2.003	5.00081e-006
-2.002	5.04262e-006
-2.001	5.08403e-006
-2	5.12503e-006
-1.999	5.16563e-006
-1.998	5.2058e-006
-1.997	5.24555e-006
-1.996	5.28487e-006
-1.995	5.32376e-006
-1.994	5.36223e-006
-1.993	5.40027e-006
-1.992	5.43789e-006
-1.991	5.47509e-006
-1.99	5.5119e-006
-1.989	5.5483e-006
-1.988	5.58432e-006
-1.987	5.61997e-006
-1.986	5.65526e-006
-1.985	5.69022e-006
-1.984	5.72486e-006
-1.983	5.75921e-006
-1.982	5.79328e-006
-1.981	5.8271e-006
-1.98	5.8607e-006
-1.979	5.89411e-006
-1.978	5.92735e-006
-1.977	5.96045e-006
-1.976	5.99344e-006
-1.975	6.02637e-006
-1.974	6.05927e-006
-1.973	6.09217e-006
-1.972	6.12511e-006
-1.971	6.15812e-006
-1.97	6.19125e-006
-1.969	6.22454e-006
-1.968	6.25802e-006
-1.967	6.29174e-006
-1.966	6.32575e-006
-1.965	6.36008e-006
-1.964	6.39477e-006
-1.963	6.42987e-006
-1.962	6.46541e-006
-1.961	6.50144e-006
-1.96	6.53802e-006
-1.959	6.57517e-006
-1.958	6.61295e-006
-1.957	6.65138e-006
-1.956	6.69052e-006
-1.955	6.73042e-006
-1.954	6.77108e-006
-1.953	6.81258e-006
-1.952	6.85494e-006
-1.951	6.89821e-006
-1.95	6.94241e-006
-1.949	6.98759e-006
-1.948	7.03377e-006
-1.947	7.08099e-006
-1.946	7.12927e-006
-1.945	7.17865e-006
-1.944	7.22917e-006
-1.943	7.28084e-006
-1.942	7.33368e-006
-1.941	7.38773e-006
-1.94	7.44298e-006
-1.939	7.49948e-006
-1.938	7.55723e-006
-1.937	7.61626e-006
-1.936	7.67654e-006
-1.935	7.73813e-006
-1.934	7.80103e-006
-1.933	7.86522e-006
-1.932	7.93073e-006
-1.931	7.99752e-006
-1.93	8.06564e-006
-1.929	8.13506e-006
-1.928	8.20578e-006
-1.927	8.27779e-006
-1.926	8.35108e-006
-1.925	8.42562e-006
-1.924	8.50143e-006
-1.923	8.57847e-006
-1.922	8.65673e-006
-1.921	8.73619e-006
-1.92	8.81684e-006
-1.919	8.89862e-006
-1.918	8.98153e-006
-1.917	9.06553e-006
-1.916	9.1506e-006
-1.915	9.2367e-006
-1.914	9.3238e-006
-1.913	9.41186e-006
-1.912	9.50087e-006
-1.911	9.59076e-006
-1.91	9.68151e-006
-1.909	9.77305e-006
-1.908	9.86538e-006
-1.907	9.95843e-006
-1.906	1.00522e-005
-1.905	1.01466e-005
-1.904	1.02415e-005
-1.903	1.03371e-005
-1.902	1.04332e-005
-1.901	1.05297e-005
-1.9	1.06266e-005
-1.899	1.0724e-005
-1.898	1.08216e-005
-1.897	1.09196e-005
-1.896	1.10178e-005
-1.895	1.11162e-005
-1.894	1.12148e-005
-1.893	1.13135e-005
-1.892	1.14123e-005
-1.891	1.15111e-005
-1.89	1.161e-005
-1.889	1.17088e-005
-1.888	1.18075e-005
-1.887	1.19062e-005
-1.886	1.20047e-005
-1.885	1.2103e-005
-1.884	1.22012e-005
-1.883	1.22991e-005
-1.882	1.23968e-005
-1.881	1.24942e-005
-1.88	1.25913e-005
-1.879	1.26882e-005
-1.878	1.27847e-005
-1.877	1.28809e-005
-1.876	1.29767e-005
-1.875	1.30722e-005
-1.874	1.31673e-005
-1.873	1.32621e-005
-1.872	1.33565e-005
-1.871	1.34505e-005
-1.87	1.35442e-005
-1.869	1.36375e-005
-1.868	1.37305e-005
-1.867	1.38232e-005
-1.866	1.39155e-005
-1.865	1.40076e-005
-1.864	1.40994e-005
-1.863	1.41909e-005
-1.862	1.42822e-005
-1.861	1.43733e-005
-1.86	1.44642e-005
-1.859	1.45551e-005
-1.858	1.46457e-005
-1.857	1.47364e-005
-1.856	1.4827e-005
-1.855	1.49176e-005
-1.854	1.50082e-005
-1.853	1.5099e-005
-1.852	1.51899e-005
-1.851	1.5281e-005
-1.85	1.53724e-005
-1.849	1.5464e-005
-1.848	1.55561e-005
-1.847	1.56485e-005
-1.846	1.57413e-005
-1.845	1.58347e-005
-1.844	1.59287e-005
-1.843	1.60233e-005
-1.842	1.61186e-005
-1.841	1.62146e-005
-1.84	1.63114e-005
-1.839	1.64092e-005
-1.838	1.65078e-005
-1.837	1.66074e-005
-1.836	1.67081e-005
-1.835	1.68098e-005
-1.834	1.69128e-005
-1.833	1.70169e-005
-1.832	1.71223e-005
-1.831	1.72291e-005
-1.83	1.73372e-005
-1.829	1.74467e-005
-1.828	1.75578e-005
-1.827	1.76704e-005
-1.826	1.77845e-005
-1.825	1.79003e-005
-1.824	1.80178e-005
-1.823	1.81371e-005
-1.822	1.82581e-005
-1.821	1.83809e-005
-1.82	1.85055e-005
-1.819	1.8632e-005
-1.818	1.87604e-005
-1.817	1.88908e-005
-1.816	1.90231e-005
-1.815	1.91574e-005
-1.814	1.92938e-005
-1.813	1.94322e-005
-1.812	1.95726e-005
-1.811	1.97151e-005
-1.81	1.98596e-005
-1.809	2.00063e-005
-1.808	2.0155e-005
-1.807	2.03059e-005
-1.806	2.04588e-005
-1.805	2.06138e-005
-1.804	2.07709e-005
-1.803	2.09301e-005
-1.802	2.10914e-005
-1.801	2.12547e-005
-1.8	2.142e-005
-1.799	2.15874e-005
-1.798	2.17567e-005
-1.797	2.19281e-005
-1.796	2.21013e-005
-1.795	2.22765e-005
-1.794	2.24536e-005
-1.793	2.26325e-005
-1.792	2.28132e-005
-1.791	2.29957e-005
-1.79	2.318e-005
-1.789	2.3366e-005
-1.788	2.35536e-005
-1.787	2.37428e-005
-1.786	2.39336e-005
-1.785	2.41259e-005
-1.784	2.43197e-005
-1.783	2.45149e-005
-1.782	2.47114e-005
-1.781	2.49094e-005
-1.78	2.51085e-005
-1.779	2.53089e-005
-1.778	2.55105e-005
-1.777	2.57132e-005
-1.776	2.59169e-005
-1.775	2.61217e-005
-1.774	2.63274e-005
-1.773	2.65341e-005
-1.772	2.67416e-005
-1.771	2.695e-005
-1.77	2.71591e-005
-1.769	2.7369e-005
-1.768	2.75795e-005
-1.767	2.77907e-005
-1.766	2.80024e-005
-1.765	2.82148e-005
-1.764	2.84276e-005
-1.763	2.86409e-005
-1.762	2.88548e-005
-1.761	2.90689e-005
-1.76	2.92835e-005
-1.759	2.94984e-005
-1.758	2.97136e-005
-1.757	2.99292e-005
-1.756	3.0145e-005
-1.755	3.03612e-005
-1.754	3.05775e-005
-1.753	3.07942e-005
-1.752	3.1011e-005
-1.751	3.12281e-005
-1.75	3.14455e-005
-1.749	3.1663e-005
-1.748	3.18808e-005
-1.747	3.20988e-005
-1.746	3.23171e-005
-1.745	3.25356e-005
-1.744	3.27544e-005
-1.743	3.29735e-005
-1.742	3.31929e-005
-1.741	3.34126e-005
-1.74	3.36328e-005
-1.739	3.38533e-005
-1.738	3.40743e-005
-1.737	3.42957e-005
-1.736	3.45177e-005
-1.735	3.47402e-005
-1.734	3.49633e-005
-1.733	3.51871e-005
-1.732	3.54116e-005
-1.731	3.56368e-005
-1.73	3.58628e-005
-1.729	3.60896e-005
-1.728	3.63175e-005
-1.727	3.65463e-005
-1.726	3.67761e-005
-1.725	3.7007e-005
-1.724	3.72392e-005
-1.723	3.74726e-005
-1.722	3.77072e-005
-1.721	3.79433e-005
-1.72	3.81808e-005
-1.719	3.84199e-005
-1.718	3.86605e-005
-1.717	3.89029e-005
-1.716	3.9147e-005
-1.715	3.93929e-005
-1.714	3.96406e-005
-1.713	3.98904e-005
-1.712	4.01422e-005
-1.711	4.03961e-005
-1.71	4.06521e-005
-1.709	4.09105e-005
-1.708	4.11711e-005
-1.707	4.14342e-005
-1.706	4.16997e-005
-1.705	4.19678e-005
-1.704	4.22383e-005
-1.703	4.25116e-005
-1.702	4.27876e-005
-1.701	4.30663e-005
-1.7	4.3348e-005
-1.699	4.36325e-005
-1.698	4.392e-005
-1.697	4.42104e-005
-1.696	4.45039e-005
-1.695	4.48004e-005
-1.694	4.51002e-005
-1.693	4.54031e-005
-1.692	4.57092e-005
-1.691	4.60186e-005
-1.69	4.63312e-005
-1.689	4.66471e-005
-1.688	4.69664e-005
-1.687	4.72892e-005
-1.686	4.76152e-005
-1.685	4.79446e-005
-1.684	4.82774e-005
-1.683	4.86136e-005
-1.682	4.89534e-005
-1.681	4.92966e-005
-1.68	4.96432e-005
-1.679	4.99932e-005
-1.678	5.03467e-005
-1.677	5.07037e-005
-1.676	5.10641e-005
-1.675	5.14279e-005
-1.674	5.1795e-005
-1.673	5.21655e-005
-1.672	5.25393e-005
-1.671	5.29166e-005
-1.67	5.32971e-005
-1.669	5.36809e-005
-1.668	5.4068e-005
-1.667	5.44584e-005
-1.666	5.48518e-005
-1.665	5.52485e-005
-1.664	5.56483e-005
-1.663	5.60511e-005
-1.662	5.6457e-005
-1.661	5.68659e-005
-1.66	5.72778e-005
-1.659	5.76925e-005
-1.658	5.81101e-005
-1.657	5.85306e-005
-1.656	5.89538e-005
-1.655	5.93797e-005
-1.654	5.98084e-005
-1.653	6.02397e-005
-1.652	6.06736e-005
-1.651	6.111e-005
-1.65	6.15489e-005
-1.649	6.19903e-005
-1.648	6.24341e-005
-1.647	6.28803e-005
-1.646	6.33288e-005
-1.645	6.37796e-005
-1.644	6.42327e-005
-1.643	6.46881e-005
-1.642	6.51455e-005
-1.641	6.56052e-005
-1.64	6.60669e-005
-1.639	6.65306e-005
-1.638	6.69965e-005
-1.637	6.74645e-005
-1.636	6.79344e-005
-1.635	6.84063e-005
-1.634	6.88801e-005
-1.633	6.9356e-005
-1.632	6.98336e-005
-1.631	7.03133e-005
-1.63	7.07949e-005
-1.629	7.12785e-005
-1.628	7.1764e-005
-1.627	7.22513e-005
-1.626	7.27406e-005
-1.625	7.32318e-005
-1.624	7.37251e-005
-1.623	7.42202e-005
-1.622	7.47174e-005
-1.621	7.52164e-005
-1.62	7.57176e-005
-1.619	7.62209e-005
-1.618	7.67263e-005
-1.617	7.72337e-005
-1.616	7.77432e-005
-1.615	7.8255e-005
-1.614	7.87691e-005
-1.613	7.92854e-005
-1.612	7.98041e-005
-1.611	8.03252e-005
-1.61	8.08488e-005
-1.609	8.13748e-005
-1.608	8.19035e-005
-1.607	8.24349e-005
-1.606	8.2969e-005
-1.605	8.35057e-005
-1.604	8.40454e-005
-1.603	8.4588e-005
-1.602	8.51336e-005
-1.601	8.56823e-005
-1.6	8.6234e-005
-1.599	8.67891e-005
-1.598	8.73475e-005
-1.597	8.79092e-005
-1.596	8.84746e-005
-1.595	8.90435e-005
-1.594	8.96159e-005
-1.593	9.01921e-005
-1.592	9.07723e-005
-1.591	9.13563e-005
-1.59	9.19444e-005
-1.589	9.25366e-005
-1.588	9.3133e-005
-1.587	9.37335e-005
-1.586	9.43385e-005
-1.585	9.4948e-005
-1.584	9.55621e-005
-1.583	9.61807e-005
-1.582	9.6804e-005
-1.581	9.74321e-005
-1.58	9.80652e-005
-1.579	9.87033e-005
-1.578	9.93462e-005
-1.577	9.99944e-005
-1.576	0.000100648
-1.575	0.000101306
-1.574	0.00010197
-1.573	0.00010264
-1.572	0.000103315
-1.571	0.000103995
-1.57	0.000104681
-1.569	0.000105373
-1.568	0.00010607
-1.567	0.000106774
-1.566	0.000107483
-1.565	0.000108198
-1.564	0.000108919
-1.563	0.000109646
-1.562	0.000110379
-1.561	0.000111118
-1.56	0.000111863
-1.559	0.000112614
-1.558	0.000113372
-1.557	0.000114135
-1.556	0.000114905
-1.555	0.000115682
-1.554	0.000116464
-1.553	0.000117253
-1.552	0.000118048
-1.551	0.000118849
-1.55	0.000119657
-1.549	0.000120471
-1.548	0.000121291
-1.547	0.000122117
-1.546	0.00012295
-1.545	0.00012379
-1.544	0.000124635
-1.543	0.000125487
-1.542	0.000126345
-1.541	0.000127209
-1.54	0.00012808
-1.539	0.000128957
-1.538	0.00012984
-1.537	0.00013073
-1.536	0.000131625
-1.535	0.000132527
-1.534	0.000133435
-1.533	0.000134349
-1.532	0.00013527
-1.531	0.000136196
-1.53	0.000137129
-1.529	0.000138067
-1.528	0.000139012
-1.527	0.000139962
-1.526	0.000140919
-1.525	0.000141881
-1.524	0.00014285
-1.523	0.000143824
-1.522	0.000144804
-1.521	0.000145791
-1.52	0.000146783
-1.519	0.000147781
-1.518	0.000148784
-1.517	0.000149794
-1.516	0.000150809
-1.515	0.000151831
-1.514	0.000152858
-1.513	0.000153891
-1.512	0.000154929
-1.511	0.000155974
-1.51	0.000157024
-1.509	0.00015808
-1.508	0.000159143
-1.507	0.00016021
-1.506	0.000161284
-1.505	0.000162363
-1.504	0.000163449
-1.503	0.00016454
-1.502	0.000165638
-1.501	0.000166741
-1.5	0.00016785
-1.499	0.000168965
-1.498	0.000170087
-1.497	0.000171214
-1.496	0.000172348
-1.495	0.000173488
-1.494	0.000174634
-1.493	0.000175787
-1.492	0.000176945
-1.491	0.000178111
-1.49	0.000179283
-1.489	0.000180461
-1.488	0.000181646
-1.487	0.000182838
-1.486	0.000184037
-1.485	0.000185242
-1.484	0.000186455
-1.483	0.000187674
-1.482	0.000188901
-1.481	0.000190135
-1.48	0.000191376
-1.479	0.000192625
-1.478	0.000193882
-1.477	0.000195146
-1.476	0.000196418
-1.475	0.000197697
-1.474	0.000198985
-1.473	0.00020028
-1.472	0.000201584
-1.471	0.000202896
-1.47	0.000204216
-1.469	0.000205545
-1.468	0.000206883
-1.467	0.000208229
-1.466	0.000209584
-1.465	0.000210948
-1.464	0.000212321
-1.463	0.000213704
-1.462	0.000215096
-1.461	0.000216497
-1.46	0.000217908
-1.459	0.000219328
-1.458	0.000220759
-1.457	0.000222199
-1.456	0.000223649
-1.455	0.00022511
-1.454	0.00022658
-1.453	0.000228061
-1.452	0.000229553
-1.451	0.000231055
-1.45	0.000232568
-1.449	0.000234092
-1.448	0.000235627
-1.447	0.000237172
-1.446	0.000238729
-1.445	0.000240297
-1.444	0.000241877
-1.443	0.000243468
-1.442	0.00024507
-1.441	0.000246684
-1.44	0.00024831
-1.439	0.000249948
-1.438	0.000251598
-1.437	0.000253259
-1.436	0.000254932
-1.435	0.000256618
-1.434	0.000258316
-1.433	0.000260027
-1.432	0.00026175
-1.431	0.000263485
-1.43	0.000265232
-1.429	0.000266993
-1.428	0.000268766
-1.427	0.000270551
-1.426	0.000272349
-1.425	0.000274161
-1.424	0.000275985
-1.423	0.000277822
-1.422	0.000279672
-1.421	0.000281535
-1.42	0.000283411
-1.419	0.000285301
-1.418	0.000287203
-1.417	0.000289119
-1.416	0.000291048
-1.415	0.00029299
-1.414	0.000294946
-1.413	0.000296915
-1.412	0.000298897
-1.411	0.000300893
-1.41	0.000302902
-1.409	0.000304925
-1.408	0.000306961
-1.407	0.000309011
-1.406	0.000311075
-1.405	0.000313152
-1.404	0.000315243
-1.403	0.000317348
-1.402	0.000319466
-1.401	0.000321598
-1.4	0.000323744
-1.399	0.000325904
-1.398	0.000328077
-1.397	0.000330264
-1.396	0.000332466
-1.395	0.000334681
-1.394	0.000336911
-1.393	0.000339154
-1.392	0.000341412
-1.391	0.000343684
-1.39	0.00034597
-1.389	0.00034827
-1.388	0.000350585
-1.387	0.000352914
-1.386	0.000355258
-1.385	0.000357615
-1.384	0.000359987
-1.383	0.000362374
-1.382	0.000364776
-1.381	0.000367192
-1.38	0.000369624
-1.379	0.00037207
-1.378	0.000374531
-1.377	0.000377007
-1.376	0.000379498
-1.375	0.000382005
-1.374	0.000384527
-1.373	0.000387063
-1.372	0.000389616
-1.371	0.000392185
-1.37	0.000394769
-1.369	0.000397369
-1.368	0.000399984
-1.367	0.000402616
-1.366	0.000405264
-1.365	0.000407928
-1.364	0.000410609
-1.363	0.000413307
-1.362	0.000416021
-1.361	0.000418751
-1.36	0.000421499
-1.359	0.000424264
-1.358	0.000427046
-1.357	0.000429846
-1.356	0.000432663
-1.355	0.000435498
-1.354	0.00043835
-1.353	0.000441221
-1.352	0.00044411
-1.351	0.000447017
-1.35	0.000449943
-1.349	0.000452887
-1.348	0.00045585
-1.347	0.000458832
-1.346	0.000461834
-1.345	0.000464855
-1.344	0.000467895
-1.343	0.000470955
-1.342	0.000474036
-1.341	0.000477136
-1.34	0.000480257
-1.339	0.000483397
-1.338	0.000486559
-1.337	0.000489741
-1.336	0.000492946
-1.335	0.00049617
-1.334	0.000499417
-1.333	0.000502685
-1.332	0.000505975
-1.331	0.000509286
-1.33	0.000512621
-1.329	0.000515977
-1.328	0.000519356
-1.327	0.000522757
-1.326	0.000526182
-1.325	0.000529631
-1.324	0.000533102
-1.323	0.000536596
-1.322	0.000540116
-1.321	0.000543658
-1.32	0.000547225
-1.319	0.000550816
-1.318	0.000554432
-1.317	0.000558072
-1.316	0.000561737
-1.315	0.000565426
-1.314	0.000569142
-1.313	0.000572883
-1.312	0.000576649
-1.311	0.000580441
-1.31	0.000584259
-1.309	0.000588103
-1.308	0.000591974
-1.307	0.000595871
-1.306	0.000599795
-1.305	0.000603744
-1.304	0.000607721
-1.303	0.000611726
-1.302	0.000615757
-1.301	0.000619816
-1.3	0.000623903
-1.299	0.000628018
-1.298	0.00063216
-1.297	0.00063633
-1.296	0.000640529
-1.295	0.000644756
-1.294	0.000649011
-1.293	0.000653296
-1.292	0.00065761
-1.291	0.000661952
-1.29	0.000666323
-1.289	0.000670724
-1.288	0.000675154
-1.287	0.000679614
-1.286	0.000684104
-1.285	0.000688623
-1.284	0.000693172
-1.283	0.000697753
-1.282	0.000702362
-1.281	0.000707003
-1.28	0.000711675
-1.279	0.000716377
-1.278	0.00072111
-1.277	0.000725875
-1.276	0.000730671
-1.275	0.000735497
-1.274	0.000740355
-1.273	0.000745246
-1.272	0.000750168
-1.271	0.000755123
-1.27	0.000760109
-1.269	0.000765127
-1.268	0.00077018
-1.267	0.000775264
-1.266	0.000780381
-1.265	0.00078553
-1.264	0.000790714
-1.263	0.000795931
-1.262	0.000801181
-1.261	0.000806466
-1.26	0.000811785
-1.259	0.000817137
-1.258	0.000822523
-1.257	0.000827944
-1.256	0.0008334
-1.255	0.000838891
-1.254	0.000844417
-1.253	0.000849977
-1.252	0.000855573
-1.251	0.000861206
-1.25	0.000866875
-1.249	0.00087258
-1.248	0.000878321
-1.247	0.000884099
-1.246	0.000889915
-1.245	0.000895766
-1.244	0.000901656
-1.243	0.000907584
-1.242	0.000913547
-1.241	0.00091955
-1.24	0.000925592
-1.239	0.000931671
-1.238	0.00093779
-1.237	0.000943948
-1.236	0.000950146
-1.235	0.000956384
-1.234	0.000962661
-1.233	0.000968978
-1.232	0.000975335
-1.231	0.000981735
-1.23	0.000988176
-1.229	0.000994657
-1.228	0.00100118
-1.227	0.00100775
-1.226	0.00101435
-1.225	0.001021
-1.224	0.0010277
-1.223	0.00103444
-1.222	0.00104122
-1.221	0.00104804
-1.22	0.00105491
-1.219	0.00106183
-1.218	0.00106878
-1.217	0.00107579
-1.216	0.00108284
-1.215	0.00108994
-1.214	0.00109708
-1.213	0.00110427
-1.212	0.00111151
-1.211	0.00111879
-1.21	0.00112612
-1.209	0.0011335
-1.208	0.00114093
-1.207	0.00114841
-1.206	0.00115594
-1.205	0.00116352
-1.204	0.00117114
-1.203	0.00117882
-1.202	0.00118655
-1.201	0.00119433
-1.2	0.00120216
-1.199	0.00121004
-1.198	0.00121798
-1.197	0.00122597
-1.196	0.00123401
-1.195	0.0012421
-1.194	0.00125025
-1.193	0.00125845
-1.192	0.00126671
-1.191	0.00127503
-1.19	0.00128339
-1.189	0.00129182
-1.188	0.0013003
-1.187	0.00130884
-1.186	0.00131743
-1.185	0.00132608
-1.184	0.00133479
-1.183	0.00134355
-1.182	0.00135238
-1.181	0.00136126
-1.18	0.0013702
-1.179	0.00137921
-1.178	0.00138827
-1.177	0.0013974
-1.176	0.00140658
-1.175	0.00141582
-1.174	0.00142513
-1.173	0.0014345
-1.172	0.00144393
-1.171	0.00145343
-1.17	0.00146298
-1.169	0.0014726
-1.168	0.00148229
-1.167	0.00149204
-1.166	0.00150185
-1.165	0.00151173
-1.164	0.00152168
-1.163	0.00153168
-1.162	0.00154176
-1.161	0.0015519
-1.16	0.00156211
-1.159	0.00157239
-1.158	0.00158274
-1.157	0.00159315
-1.156	0.00160363
-1.155	0.00161418
-1.154	0.0016248
-1.153	0.00163549
-1.152	0.00164626
-1.151	0.00165709
-1.15	0.00166799
-1.149	0.00167896
-1.148	0.00169001
-1.147	0.00170113
-1.146	0.00171232
-1.145	0.00172359
-1.144	0.00173493
-1.143	0.00174634
-1.142	0.00175783
-1.141	0.00176939
-1.14	0.00178103
-1.139	0.00179275
-1.138	0.00180454
-1.137	0.00181641
-1.136	0.00182835
-1.135	0.00184038
-1.134	0.00185248
-1.133	0.00186466
-1.132	0.00187692
-1.131	0.00188926
-1.13	0.00190167
-1.129	0.00191418
-1.128	0.00192676
-1.127	0.00193942
-1.126	0.00195217
-1.125	0.001965
-1.124	0.00197791
-1.123	0.0019909
-1.122	0.00200398
-1.121	0.00201715
-1.12	0.0020304
-1.119	0.00204374
-1.118	0.00205716
-1.117	0.00207067
-1.116	0.00208427
-1.115	0.00209796
-1.114	0.00211174
-1.113	0.0021256
-1.112	0.00213955
-1.111	0.0021536
-1.11	0.00216774
-1.109	0.00218197
-1.108	0.00219629
-1.107	0.0022107
-1.106	0.00222521
-1.105	0.00223981
-1.104	0.00225451
-1.103	0.00226931
-1.102	0.0022842
-1.101	0.00229919
-1.1	0.00231427
-1.099	0.00232946
-1.098	0.00234474
-1.097	0.00236012
-1.096	0.00237561
-1.095	0.00239119
-1.094	0.00240688
-1.093	0.00242267
-1.092	0.00243856
-1.091	0.00245455
-1.09	0.00247065
-1.089	0.00248686
-1.088	0.00250317
-1.087	0.00251959
-1.086	0.00253612
-1.085	0.00255275
-1.084	0.00256949
-1.083	0.00258635
-1.082	0.00260331
-1.081	0.00262039
-1.08	0.00263758
-1.079	0.00265488
-1.078	0.00267229
-1.077	0.00268982
-1.076	0.00270747
-1.075	0.00272523
-1.074	0.0027431
-1.073	0.0027611
-1.072	0.00277922
-1.071	0.00279745
-1.07	0.0028158
-1.069	0.00283428
-1.068	0.00285287
-1.067	0.00287159
-1.066	0.00289044
-1.065	0.0029094
-1.064	0.0029285
-1.063	0.00294772
-1.062	0.00296706
-1.061	0.00298653
-1.06	0.00300613
-1.059	0.00302587
-1.058	0.00304573
-1.057	0.00306572
-1.056	0.00308585
-1.055	0.0031061
-1.054	0.00312649
-1.053	0.00314702
-1.052	0.00316768
-1.051	0.00318848
-1.05	0.00320941
-1.049	0.00323049
-1.048	0.0032517
-1.047	0.00327305
-1.046	0.00329455
-1.045	0.00331619
-1.044	0.00333796
-1.043	0.00335989
-1.042	0.00338195
-1.041	0.00340417
-1.04	0.00342653
-1.039	0.00344903
-1.038	0.00347169
-1.037	0.00349449
-1.036	0.00351744
-1.035	0.00354055
-1.034	0.00356381
-1.033	0.00358722
-1.032	0.00361079
-1.031	0.00363451
-1.03	0.00365839
-1.029	0.00368242
-1.028	0.00370661
-1.027	0.00373095
-1.026	0.00375547
-1.025	0.00378014
-1.024	0.00380498
-1.023	0.00382997
-1.022	0.00385513
-1.021	0.00388046
-1.02	0.00390595
-1.019	0.00393161
-1.018	0.00395744
-1.017	0.00398344
-1.016	0.0040096
-1.015	0.00403594
-1.014	0.00406245
-1.013	0.00408914
-1.012	0.004116
-1.011	0.00414304
-1.01	0.00417025
-1.009	0.00419764
-1.008	0.0042252
-1.007	0.00425296
-1.006	0.00428089
-1.005	0.004309
-1.004	0.0043373
-1.003	0.00436579
-1.002	0.00439446
-1.001	0.00442332
-1	0.00445236
-0.999	0.0044816
-0.998	0.00451102
-0.997	0.00454065
-0.996	0.00457046
-0.995	0.00460047
-0.994	0.00463068
-0.993	0.00466108
-0.992	0.00469168
-0.991	0.00472248
-0.99	0.00475348
-0.989	0.00478469
-0.988	0.0048161
-0.987	0.00484771
-0.986	0.00487953
-0.985	0.00491156
-0.984	0.0049438
-0.983	0.00497625
-0.982	0.00500891
-0.981	0.00504179
-0.98	0.00507487
-0.979	0.00510818
-0.978	0.00514171
-0.977	0.00517545
-0.976	0.00520942
-0.975	0.00524361
-0.974	0.00527802
-0.973	0.00531266
-0.972	0.00534752
-0.971	0.00538262
-0.97	0.00541794
-0.969	0.00545349
-0.968	0.00548928
-0.967	0.0055253
-0.966	0.00556155
-0.965	0.00559805
-0.964	0.00563478
-0.963	0.00567175
-0.962	0.00570897
-0.961	0.00574644
-0.96	0.00578414
-0.959	0.00582209
-0.958	0.0058603
-0.957	0.00589875
-0.956	0.00593746
-0.955	0.00597642
-0.954	0.00601563
-0.953	0.00605511
-0.952	0.00609485
-0.951	0.00613484
-0.95	0.00617509
-0.949	0.00621561
-0.948	0.0062564
-0.947	0.00629745
-0.946	0.00633878
-0.945	0.00638037
-0.944	0.00642224
-0.943	0.00646439
-0.942	0.00650681
-0.941	0.00654951
-0.94	0.00659249
-0.939	0.00663575
-0.938	0.0066793
-0.937	0.00672313
-0.936	0.00676725
-0.935	0.00681166
-0.934	0.00685637
-0.933	0.00690136
-0.932	0.00694666
-0.931	0.00699225
-0.93	0.00703814
-0.929	0.00708434
-0.928	0.00713083
-0.927	0.00717763
-0.926	0.00722474
-0.925	0.00727217
-0.924	0.0073199
-0.923	0.00736795
-0.922	0.00741631
-0.921	0.007465
-0.92	0.007514
-0.919	0.00756332
-0.918	0.00761296
-0.917	0.00766294
-0.916	0.00771325
-0.915	0.00776388
-0.914	0.00781485
-0.913	0.00786615
-0.912	0.00791779
-0.911	0.00796977
-0.91	0.00802209
-0.909	0.00807475
-0.908	0.00812777
-0.907	0.00818113
-0.906	0.00823484
-0.905	0.0082889
-0.904	0.00834333
-0.903	0.00839811
-0.902	0.00845325
-0.901	0.00850874
-0.9	0.00856461
-0.899	0.00862085
-0.898	0.00867745
-0.897	0.00873442
-0.896	0.00879177
-0.895	0.00884949
-0.894	0.0089076
-0.893	0.00896608
-0.892	0.00902494
-0.891	0.0090842
-0.89	0.00914385
-0.889	0.00920389
-0.888	0.00926431
-0.887	0.00932514
-0.886	0.00938636
-0.885	0.00944799
-0.884	0.00951002
-0.883	0.00957246
-0.882	0.0096353
-0.881	0.00969857
-0.88	0.00976224
-0.879	0.00982633
-0.878	0.00989085
-0.877	0.00995578
-0.876	0.0100211
-0.875	0.0100869
-0.874	0.0101531
-0.873	0.0102198
-0.872	0.0102869
-0.871	0.0103544
-0.87	0.0104224
-0.869	0.0104908
-0.868	0.0105597
-0.867	0.010629
-0.866	0.0106988
-0.865	0.010769
-0.864	0.0108397
-0.863	0.0109108
-0.862	0.0109824
-0.861	0.0110545
-0.86	0.0111271
-0.859	0.0112001
-0.858	0.0112736
-0.857	0.0113476
-0.856	0.0114221
-0.855	0.0114971
-0.854	0.0115725
-0.853	0.0116485
-0.852	0.0117249
-0.851	0.0118019
-0.85	0.0118793
-0.849	0.0119573
-0.848	0.0120358
-0.847	0.0121148
-0.846	0.0121943
-0.845	0.0122743
-0.844	0.0123548
-0.843	0.0124359
-0.842	0.0125175
-0.841	0.0125997
-0.84	0.0126824
-0.839	0.0127656
-0.838	0.0128494
-0.837	0.0129337
-0.836	0.0130186
-0.835	0.013104
-0.834	0.01319
-0.833	0.0132766
-0.832	0.0133637
-0.831	0.0134514
-0.83	0.0135397
-0.829	0.0136285
-0.828	0.013718
-0.827	0.013808
-0.826	0.0138986
-0.825	0.0139898
-0.824	0.0140817
-0.823	0.0141741
-0.822	0.0142671
-0.821	0.0143607
-0.82	0.014455
-0.819	0.0145498
-0.818	0.0146453
-0.817	0.0147414
-0.816	0.0148382
-0.815	0.0149356
-0.814	0.0150336
-0.813	0.0151323
-0.812	0.0152316
-0.811	0.0153315
-0.81	0.0154322
-0.809	0.0155335
-0.808	0.0156354
-0.807	0.015738
-0.806	0.0158413
-0.805	0.0159453
-0.804	0.01605
-0.803	0.0161553
-0.802	0.0162613
-0.801	0.0163681
-0.8	0.0164755
-0.799	0.0165836
-0.798	0.0166925
-0.797	0.016802
-0.796	0.0169123
-0.795	0.0170233
-0.794	0.017135
-0.793	0.0172475
-0.792	0.0173607
-0.791	0.0174747
-0.79	0.0175894
-0.789	0.0177048
-0.788	0.017821
-0.787	0.017938
-0.786	0.0180557
-0.785	0.0181743
-0.784	0.0182935
-0.783	0.0184136
-0.782	0.0185345
-0.781	0.0186562
-0.78	0.0187786
-0.779	0.0189019
-0.778	0.0190259
-0.777	0.0191508
-0.776	0.0192765
-0.775	0.0194031
-0.774	0.0195304
-0.773	0.0196586
-0.772	0.0197877
-0.771	0.0199176
-0.77	0.0200483
-0.769	0.0201799
-0.768	0.0203124
-0.767	0.0204457
-0.766	0.0205799
-0.765	0.020715
-0.764	0.0208509
-0.763	0.0209878
-0.762	0.0211256
-0.761	0.0212643
-0.76	0.0214038
-0.759	0.0215443
-0.758	0.0216857
-0.757	0.0218281
-0.756	0.0219714
-0.755	0.0221156
-0.754	0.0222608
-0.753	0.0224069
-0.752	0.022554
-0.751	0.022702
-0.75	0.0228511
-0.749	0.0230011
-0.748	0.023152
-0.747	0.023304
-0.746	0.023457
-0.745	0.0236109
-0.744	0.0237659
-0.743	0.0239219
-0.742	0.0240789
-0.741	0.024237
-0.74	0.0243961
-0.739	0.0245562
-0.738	0.0247174
-0.737	0.0248797
-0.736	0.025043
-0.735	0.0252073
-0.734	0.0253728
-0.733	0.0255393
-0.732	0.025707
-0.731	0.0258757
-0.73	0.0260455
-0.729	0.0262165
-0.728	0.0263886
-0.727	0.0265617
-0.726	0.0267361
-0.725	0.0269116
-0.724	0.0270882
-0.723	0.027266
-0.722	0.0274449
-0.721	0.0276251
-0.72	0.0278064
-0.719	0.0279889
-0.718	0.0281726
-0.717	0.0283575
-0.716	0.0285436
-0.715	0.0287309
-0.714	0.0289195
-0.713	0.0291092
-0.712	0.0293003
-0.711	0.0294926
-0.71	0.0296862
-0.709	0.0298809
-0.708	0.0300771
-0.707	0.0302745
-0.706	0.0304732
-0.705	0.0306732
-0.704	0.0308744
-0.703	0.0310771
-0.702	0.031281
-0.701	0.0314863
-0.7	0.031693
-0.699	0.031901
-0.698	0.0321104
-0.697	0.0323211
-0.696	0.0325332
-0.695	0.0327467
-0.694	0.0329616
-0.693	0.0331779
-0.692	0.0333957
-0.691	0.0336148
-0.69	0.0338355
-0.689	0.0340575
-0.688	0.0342811
-0.687	0.0345061
-0.686	0.0347325
-0.685	0.0349605
-0.684	0.03519
-0.683	0.0354209
-0.682	0.0356534
-0.681	0.0358874
-0.68	0.0361229
-0.679	0.03636
-0.678	0.0365987
-0.677	0.0368389
-0.676	0.0370807
-0.675	0.0373241
-0.674	0.0375691
-0.673	0.0378156
-0.672	0.0380638
-0.671	0.0383137
-0.67	0.0385652
-0.669	0.0388183
-0.668	0.0390731
-0.667	0.0393295
-0.666	0.0395877
-0.665	0.0398475
-0.664	0.0401091
-0.663	0.0403723
-0.662	0.0406373
-0.661	0.040904
-0.66	0.0411725
-0.659	0.0414428
-0.658	0.0417148
-0.657	0.0419886
-0.656	0.0422642
-0.655	0.0425416
-0.654	0.0428208
-0.653	0.0431019
-0.652	0.0433848
-0.651	0.0436696
-0.65	0.0439562
-0.649	0.0442447
-0.648	0.0445351
-0.647	0.0448274
-0.646	0.0451216
-0.645	0.0454178
-0.644	0.0457159
-0.643	0.0460159
-0.642	0.046318
-0.641	0.046622
-0.64	0.046928
-0.639	0.047236
-0.638	0.047546
-0.637	0.0478581
-0.636	0.0481722
-0.635	0.0484884
-0.634	0.0488066
-0.633	0.049127
-0.632	0.0494494
-0.631	0.049774
-0.63	0.0501007
-0.629	0.0504295
-0.628	0.0507605
-0.627	0.0510937
-0.626	0.0514291
-0.625	0.0517666
-0.624	0.0521064
-0.623	0.0524484
-0.622	0.0527926
-0.621	0.0531391
-0.62	0.0534879
-0.619	0.0538389
-0.618	0.0541923
-0.617	0.054548
-0.616	0.054906
-0.615	0.0552664
-0.614	0.0556292
-0.613	0.0559943
-0.612	0.0563618
-0.611	0.0567318
-0.61	0.0571041
-0.609	0.0574789
-0.608	0.0578562
-0.607	0.0582359
-0.606	0.0586182
-0.605	0.0590029
-0.604	0.0593902
-0.603	0.05978
-0.602	0.0601724
-0.601	0.0605673
-0.6	0.0609649
-0.599	0.061365
-0.598	0.0617678
-0.597	0.0621731
-0.596	0.0625813
-0.595	0.062992
-0.594	0.0634055
-0.593	0.0638216
-0.592	0.0642406
-0.591	0.0646622
-0.59	0.0650866
-0.589	0.0655137
-0.588	0.0659437
-0.587	0.0663766
-0.586	0.0668123
-0.585	0.0672508
-0.584	0.0676922
-0.583	0.0681364
-0.582	0.0685837
-0.581	0.0690338
-0.58	0.0694869
-0.579	0.0699429
-0.578	0.070402
-0.577	0.070864
-0.576	0.0713291
-0.575	0.0717973
-0.574	0.0722685
-0.573	0.0727428
-0.572	0.0732202
-0.571	0.0737007
-0.57	0.0741844
-0.569	0.0746713
-0.568	0.0751614
-0.567	0.0756547
-0.566	0.0761512
-0.565	0.076651
-0.564	0.077154
-0.563	0.0776605
-0.562	0.0781702
-0.561	0.0786832
-0.56	0.0791996
-0.559	0.0797194
-0.558	0.0802426
-0.557	0.0807693
-0.556	0.0812994
-0.555	0.0818329
-0.554	0.08237
-0.553	0.0829107
-0.552	0.0834547
-0.551	0.0840025
-0.55	0.0845538
-0.549	0.0851088
-0.548	0.0856674
-0.547	0.0862296
-0.546	0.0867956
-0.545	0.0873652
-0.544	0.0879386
-0.543	0.0885159
-0.542	0.0890968
-0.541	0.0896816
-0.54	0.0902702
-0.539	0.0908627
-0.538	0.0914591
-0.537	0.0920593
-0.536	0.0926636
-0.535	0.0932719
-0.534	0.0938839
-0.533	0.0945002
-0.532	0.0951205
-0.531	0.0957448
-0.53	0.0963733
-0.529	0.0970059
-0.528	0.0976426
-0.527	0.0982834
-0.526	0.0989286
-0.525	0.0995779
-0.524	0.100231
-0.523	0.100889
-0.522	0.101552
-0.521	0.102218
-0.52	0.102889
-0.519	0.103564
-0.518	0.104244
-0.517	0.104928
-0.516	0.105617
-0.515	0.10631
-0.514	0.107008
-0.513	0.10771
-0.512	0.108417
-0.511	0.109129
-0.51	0.109845
-0.509	0.110566
-0.508	0.111292
-0.507	0.112022
-0.506	0.112758
-0.505	0.113498
-0.504	0.114243
-0.503	0.114992
-0.502	0.115747
-0.501	0.116507
-0.5	0.117272
-0.499	0.118041
-0.498	0.118816
-0.497	0.119596
-0.496	0.120381
-0.495	0.121171
-0.494	0.121966
-0.493	0.122767
-0.492	0.123572
-0.491	0.124384
-0.49	0.1252
-0.489	0.126022
-0.488	0.126849
-0.487	0.127681
-0.486	0.128519
-0.485	0.129363
-0.484	0.130212
-0.483	0.131066
-0.482	0.131927
-0.481	0.132793
-0.48	0.133664
-0.479	0.134541
-0.478	0.135424
-0.477	0.136313
-0.476	0.137208
-0.475	0.138108
-0.474	0.139015
-0.473	0.139927
-0.472	0.140846
-0.471	0.14177
-0.47	0.142701
-0.469	0.143637
-0.468	0.14458
-0.467	0.145529
-0.466	0.146484
-0.465	0.147445
-0.464	0.148413
-0.463	0.149387
-0.462	0.150368
-0.461	0.151355
-0.46	0.152348
-0.459	0.153348
-0.458	0.154355
-0.457	0.155368
-0.456	0.156387
-0.455	0.157414
-0.454	0.158447
-0.453	0.159487
-0.452	0.160534
-0.451	0.161588
-0.45	0.162648
-0.449	0.163716
-0.448	0.16479
-0.447	0.165872
-0.446	0.166961
-0.445	0.168056
-0.444	0.169159
-0.443	0.17027
-0.442	0.171387
-0.441	0.172512
-0.44	0.173644
-0.439	0.174784
-0.438	0.175931
-0.437	0.177086
-0.436	0.178248
-0.435	0.179418
-0.434	0.180596
-0.433	0.181781
-0.432	0.182974
-0.431	0.184175
-0.43	0.185384
-0.429	0.186601
-0.428	0.187825
-0.427	0.189058
-0.426	0.190299
-0.425	0.191548
-0.424	0.192805
-0.423	0.194071
-0.422	0.195344
-0.421	0.196626
-0.42	0.197917
-0.419	0.199216
-0.418	0.200523
-0.417	0.201839
-0.416	0.203164
-0.415	0.204497
-0.414	0.205889
-0.413	0.207391
-0.412	0.209005
-0.411	0.21073
-0.41	0.212569
-0.409	0.21452
-0.408	0.216585
-0.407	0.218764
-0.406	0.221056
-0.405	0.223462
-0.404	0.225981
-0.403	0.228612
-0.402	0.231356
-0.401	0.234211
-0.4	0.237176
-0.399	0.240251
-0.398	0.243434
-0.397	0.246724
-0.396	0.250119
-0.395	0.253618
-0.394	0.257219
-0.393	0.26092
-0.392	0.264718
-0.391	0.268613
-0.39	0.272603
-0.389	0.276683
-0.388	0.280851
-0.387	0.285106
-0.386	0.289445
-0.385	0.293864
-0.384	0.298362
-0.383	0.302935
-0.382	0.307579
-0.381	0.312292
-0.38	0.31707
-0.379	0.321911
-0.378	0.32681
-0.377	0.331765
-0.376	0.336772
-0.375	0.341827
-0.374	0.346927
-0.373	0.352068
-0.372	0.357247
-0.371	0.36246
-0.37	0.367703
-0.369	0.372972
-0.368	0.378265
-0.367	0.383578
-0.366	0.388905
-0.365	0.394244
-0.364	0.399635
-0.363	0.405119
-0.362	0.41069
-0.361	0.416341
-0.36	0.42207
-0.359	0.427866
-0.358	0.433728
-0.357	0.439647
-0.356	0.445618
-0.355	0.451634
-0.354	0.457689
-0.353	0.463778
-0.352	0.469894
-0.351	0.476029
-0.35	0.482181
-0.349	0.488338
-0.348	0.494499
-0.347	0.500654
-0.346	0.5068
-0.345	0.512925
-0.344	0.51903
-0.343	0.525103
-0.342	0.53114
-0.341	0.537135
-0.34	0.543082
-0.339	0.548974
-0.338	0.554806
-0.337	0.56057
-0.336	0.566264
-0.335	0.571876
-0.334	0.577407
-0.333	0.582846
-0.332	0.588191
-0.331	0.593435
-0.33	0.598573
-0.329	0.603598
-0.328	0.608509
-0.327	0.613297
-0.326	0.617959
-0.325	0.622489
-0.324	0.626885
-0.323	0.631139
-0.322	0.63525
-0.321	0.63921
-0.32	0.64302
-0.319	0.646671
-0.318	0.650163
-0.317	0.653492
-0.316	0.656653
-0.315	0.659644
-0.314	0.662462
-0.313	0.665103
-0.312	0.667568
-0.311	0.669849
-0.31	0.67195
-0.309	0.673863
-0.308	0.675591
-0.307	0.677128
-0.306	0.678479
-0.305	0.679635
-0.304	0.680599
-0.303	0.68137
-0.302	0.681948
-0.301	0.682333
-0.3	0.682521
-0.299	0.682517
-0.298	0.682317
-0.297	0.681924
-0.296	0.681337
-0.295	0.680559
-0.294	0.679589
-0.293	0.678428
-0.292	0.67708
-0.291	0.675544
-0.29	0.673823
-0.289	0.67192
-0.288	0.669833
-0.287	0.667572
-0.286	0.66513
-0.285	0.662519
-0.284	0.659735
-0.283	0.656786
-0.282	0.653671
-0.281	0.650397
-0.28	0.646967
-0.279	0.643384
-0.278	0.639651
-0.277	0.635776
-0.276	0.631757
-0.275	0.627607
-0.274	0.623322
-0.273	0.618913
-0.272	0.61438
-0.271	0.609733
-0.27	0.604973
-0.269	0.600107
-0.268	0.59514
-0.267	0.590079
-0.266	0.584925
-0.265	0.579691
-0.264	0.574374
-0.263	0.568989
-0.262	0.563534
-0.261	0.558021
-0.26	0.55245
-0.259	0.546835
-0.258	0.541173
-0.257	0.535479
-0.256	0.529751
-0.255	0.524002
-0.254	0.518235
-0.253	0.512457
-0.252	0.506674
-0.251	0.500893
-0.25	0.495119
-0.249	0.489362
-0.248	0.483621
-0.247	0.477912
-0.246	0.472231
-0.245	0.466594
-0.244	0.460999
-0.243	0.455458
-0.242	0.449972
-0.241	0.444553
-0.24	0.439202
-0.239	0.433926
-0.238	0.428732
-0.237	0.423626
-0.236	0.41861
-0.235	0.413697
-0.234	0.408882
-0.233	0.404179
-0.232	0.399589
-0.231	0.39512
-0.23	0.390773
-0.229	0.386556
-0.228	0.382472
-0.227	0.378527
-0.226	0.374723
-0.225	0.371068
-0.224	0.367561
-0.223	0.364211
-0.222	0.361019
-0.221	0.357989
-0.22	0.355123
-0.219	0.352429
-0.218	0.349903
-0.217	0.347555
-0.216	0.345383
-0.215	0.34339
-0.214	0.341581
-0.213	0.339955
-0.212	0.338516
-0.211	0.337265
-0.21	0.336203
-0.209	0.335333
-0.208	0.334653
-0.207	0.334168
-0.206	0.333876
-0.205	0.333778
-0.204	0.333875
-0.203	0.334165
-0.202	0.334651
-0.201	0.33533
-0.2	0.336205
-0.199	0.33727
-0.198	0.338529
-0.197	0.339979
-0.196	0.341617
-0.195	0.343444
-0.194	0.345458
-0.193	0.347655
-0.192	0.350036
-0.191	0.352595
-0.19	0.355333
-0.189	0.358245
-0.188	0.36133
-0.187	0.364582
-0.186	0.368001
-0.185	0.371582
-0.184	0.375322
-0.183	0.379215
-0.182	0.383262
-0.181	0.387453
-0.18	0.391788
-0.179	0.396261
-0.178	0.400868
-0.177	0.405604
-0.176	0.410465
-0.175	0.415444
-0.174	0.420538
-0.173	0.42574
-0.172	0.431048
-0.171	0.436451
-0.17	0.44195
-0.169	0.447534
-0.168	0.453202
-0.167	0.458942
-0.166	0.464756
-0.165	0.470631
-0.164	0.476566
-0.163	0.482551
-0.162	0.488583
-0.161	0.494653
-0.16	0.500758
-0.159	0.506888
-0.158	0.513042
-0.157	0.519208
-0.156	0.525382
-0.155	0.531559
-0.154	0.537731
-0.153	0.543891
-0.152	0.550036
-0.151	0.556155
-0.15	0.562247
-0.149	0.568301
-0.148	0.574313
-0.147	0.580278
-0.146	0.586188
-0.145	0.592037
-0.144	0.59782
-0.143	0.60353
-0.142	0.609161
-0.141	0.61471
-0.14	0.620168
-0.139	0.625531
-0.138	0.630795
-0.137	0.63595
-0.136	0.640996
-0.135	0.645925
-0.134	0.650732
-0.133	0.655414
-0.132	0.659962
-0.131	0.664378
-0.13	0.668652
-0.129	0.672782
-0.128	0.676763
-0.127	0.680592
-0.126	0.684264
-0.125	0.687775
-0.124	0.691124
-0.123	0.694305
-0.122	0.697317
-0.121	0.700155
-0.12	0.702817
-0.119	0.705302
-0.118	0.707604
-0.117	0.709725
-0.116	0.711659
-0.115	0.713407
-0.114	0.714967
-0.113	0.716334
-0.112	0.717514
-0.111	0.718498
-0.11	0.719291
-0.109	0.71989
-0.108	0.720294
-0.107	0.720505
-0.106	0.720519
-0.105	0.720342
-0.104	0.719969
-0.103	0.719403
-0.102	0.718646
-0.101	0.717696
-0.1	0.716558
