-4	0
-3.999	0
-3.998	0
-3.997	0
-3.996	0
-3.995	0
-3.994	0
-3.993	0
-3.992	0
-3.991	0
-3.99	0
-3.989	0
-3.988	0
-3.987	0
-3.986	0
-3.985	0
-3.984	0
-3.983	0
-3.982	0
-3.981	0
-3.98	0
-3.979	0
-3.978	0
-3.977	0
-3.976	0
-3.975	0
-3.974	0
-3.973	0
-3.972	0
-3.971	0
-3.97	0
-3.969	0
-3.968	0
-3.967	0
-3.966	0
-3.965	0
-3.964	0
-3.963	0
-3.962	0
-3.961	0
-3.96	0
-3.959	0
-3.958	0
-3.957	0
-3.956	0
-3.955	0
-3.954	0
-3.953	0
-3.952	0
-3.951	0
-3.95	0
-3.949	0
-3.948	0
-3.947	0
-3.946	0
-3.945	0
-3.944	0
-3.943	0
-3.942	0
-3.941	0
-3.94	0
-3.939	0
-3.938	0
-3.937	0
-3.936	0
-3.935	0
-3.934	0
-3.933	0
-3.932	0
-3.931	0
-3.93	0
-3.929	0
-3.928	0
-3.927	0
-3.926	0
-3.925	0
-3.924	0
-3.923	0
-3.922	0
-3.921	0
-3.92	0
-3.919	0
-3.918	0
-3.917	0
-3.916	0
-3.915	0
-3.914	0
-3.913	0
-3.912	0
-3.911	0
-3.91	0
-3.909	0
-3.908	0
-3.907	0
-3.906	0
-3.905	0
-3.904	0
-3.903	0
-3.902	0
-3.901	0
-3.9	0
-3.899	0
-3.898	0
-3.897	0
-3.896	0
-3.895	0
-3.894	0
-3.893	0
-3.892	0
-3.891	0
-3.89	0
-3.889	0
-3.888	0
-3.887	0
-3.886	0
-3.885	0
-3.884	0
-3.883	0
-3.882	0
-3.881	0
-3.88	0
-3.879	0
-3.878	0
-3.877	0
-3.876	0
-3.875	0
-3.874	0
-3.873	0
-3.872	0
-3.871	0
-3.87	0
-3.869	0
-3.868	0
-3.867	0
-3.866	0
-3.865	0
-3.864	0
-3.863	0
-3.862	0
-3.861	0
-3.86	0
-3.859	0
-3.858	0
-3.857	0
-3.856	0
-3.855	0
-3.854	0
-3.853	0
-3.852	0
-3.851	0
-3.85	0
-3.849	0
-3.848	0
-3.847	0
-3.846	0
-3.845	0
-3.844	0
-3.843	0
-3.842	0
-3.841	0
-3.84	0
-3.839	0
-3.838	0
-3.837	0
-3.836	0
-3.835	0
-3.834	0
-3.833	0
-3.832	0
-3.831	0
-3.83	0
-3.829	0
-3.828	0
-3.827	0
-3.826	0
-3.825	0
-3.824	0
-3.823	0
-3.822	0
-3.821	0
-3.82	0
-3.819	0
-3.818	0
-3.817	0
-3.816	0
-3.815	0
-3.814	0
-3.813	0
-3.812	0
-3.811	0
-3.81	0
-3.809	0
-3.808	0
-3.807	0
-3.806	0
-3.805	0
-3.804	0
-3.803	0
-3.802	0
-3.801	0
-3.8	0
-3.799	0
-3.798	0
-3.797	0
-3.796	0
-3.795	0
-3.794	0
-3.793	0
-3.792	0
-3.791	0
-3.79	0
-3.789	0
-3.788	0
-3.787	0
-3.786	0
-3.785	0
-3.784	0
-3.783	0
-3.782	0
-3.781	0
-3.78	0
-3.779	0
-3.778	0
-3.777	0
-3.776	0
-3.775	0
-3.774	0
-3.773	0
-3.772	0
-3.771	0
-3.77	0
-3.769	0
-3.768	0
-3.767	0
-3.766	0
-3.765	0
-3.764	0
-3.763	0
-3.762	0
-3.761	0
-3.76	0
-3.759	0
-3.758	0
-3.757	0
-3.756	0
-3.755	0
-3.754	0
-3.753	0
-3.752	0
-3.751	0
-3.75	0
-3.749	0
-3.748	0
-3.747	0
-3.746	0
-3.745	0
-3.744	0
-3.743	0
-3.742	0
-3.741	0
-3.74	0
-3.739	0
-3.738	0
-3.737	0
-3.736	0
-3.735	0
-3.734	0
-3.733	0
-3.732	0
-3.731	0
-3.73	0
-3.729	0
-3.728	0
-3.727	0
-3.726	0
-3.725	0
-3.724	0
-3.723	0
-3.722	0
-3.721	0
-3.72	0
-3.719	0
-3.718	0
-3.717	0
-3.716	0
-3.715	0
-3.714	0
-3.713	0
-3.712	0
-3.711	0
-3.71	0
-3.709	0
-3.708	0
-3.707	0
-3.706	0
-3.705	0
-3.704	0
-3.703	0
-3.702	0
-3.701	0
-3.7	0
-3.699	0
-3.698	0
-3.697	0
-3.696	0
-3.695	0
-3.694	0
-3.693	0
-3.692	0
-3.691	0
-3.69	0
-3.689	0
-3.688	0
-3.687	0
-3.686	0
-3.685	0
-3.684	0
-3.683	0
-3.682	0
-3.681	0
-3.68	0
-3.679	0
-3.678	0
-3.677	0
-3.676	0
-3.675	0
-3.674	0
-3.673	0
-3.672	0
-3.671	0
-3.67	0
-3.669	0
-3.668	0
-3.667	0
-3.666	0
-3.665	0
-3.664	0
-3.663	0
-3.662	0
-3.661	0
-3.66	0
-3.659	0
-3.658	0
-3.657	0
-3.656	0
-3.655	0
-3.654	0
-3.653	0
-3.652	0
-3.651	0
-3.65	0
-3.649	0
-3.648	0
-3.647	0
-3.646	0
-3.645	0
-3.644	0
-3.643	0
-3.642	0
-3.641	0
-3.64	0
-3.639	0
-3.638	0
-3.637	0
-3.636	0
-3.635	0
-3.634	0
-3.633	0
-3.632	0
-3.631	0
-3.63	0
-3.629	0
-3.628	0
-3.627	0
-3.626	0
-3.625	0
-3.624	0
-3.623	0
-3.622	0
-3.621	0
-3.62	0
-3.619	0
-3.618	0
-3.617	0
-3.616	0
-3.615	0
-3.614	0
-3.613	0
-3.612	0
-3.611	0
-3.61	0
-3.609	0
-3.608	0
-3.607	0
-3.606	0
-3.605	0
-3.604	0
-3.603	0
-3.602	0
-3.601	0
-3.6	0
-3.599	0
-3.598	0
-3.597	0
-3.596	0
-3.595	0
-3.594	0
-3.593	0
-3.592	0
-3.591	0
-3.59	0
-3.589	0
-3.588	0
-3.587	0
-3.586	0
-3.585	0
-3.584	0
-3.583	0
-3.582	0
-3.581	0
-3.58	0
-3.579	0
-3.578	0
-3.577	0
-3.576	0
-3.575	0
-3.574	0
-3.573	0
-3.572	0
-3.571	0
-3.57	0
-3.569	0
-3.568	0
-3.567	0
-3.566	0
-3.565	0
-3.564	0
-3.563	0
-3.562	0
-3.561	0
-3.56	0
-3.559	0
-3.558	0
-3.557	0
-3.556	0
-3.555	0
-3.554	0
-3.553	0
-3.552	0
-3.551	0
-3.55	0
-3.549	0
-3.548	0
-3.547	0
-3.546	0
-3.545	0
-3.544	0
-3.543	0
-3.542	0
-3.541	0
-3.54	0
-3.539	0
-3.538	0
-3.537	0
-3.536	0
-3.535	0
-3.534	0
-3.533	0
-3.532	0
-3.531	0
-3.53	0
-3.529	0
-3.528	0
-3.527	0
-3.526	0
-3.525	0
-3.524	0
-3.523	0
-3.522	0
-3.521	0
-3.52	0
-3.519	0
-3.518	0
-3.517	0
-3.516	0
-3.515	0
-3.514	0
-3.513	0
-3.512	0
-3.511	0
-3.51	0
-3.509	0
-3.508	0
-3.507	0
-3.506	0
-3.505	0
-3.504	0
-3.503	0
-3.502	0
-3.501	0
-3.5	0
-3.499	0
-3.498	0
-3.497	0
-3.496	0
-3.495	0
-3.494	0
-3.493	0
-3.492	0
-3.491	0
-3.49	0
-3.489	0
-3.488	0
-3.487	0
-3.486	0
-3.485	0
-3.484	0
-3.483	0
-3.482	0
-3.481	0
-3.48	0
-3.479	0
-3.478	0
-3.477	0
-3.476	0
-3.475	0
-3.474	0
-3.473	0
-3.472	0
-3.471	0
-3.47	0
-3.469	0
-3.468	0
-3.467	0
-3.466	0
-3.465	0
-3.464	0
-3.463	0
-3.462	0
-3.461	0
-3.46	0
-3.459	0
-3.458	0
-3.457	0
-3.456	0
-3.455	0
-3.454	0
-3.453	0
-3.452	0
-3.451	0
-3.45	0
-3.449	0
-3.448	0
-3.447	0
-3.446	0
-3.445	0
-3.444	0
-3.443	0
-3.442	0
-3.441	0
-3.44	0
-3.439	0
-3.438	0
-3.437	0
-3.436	0
-3.435	0
-3.434	0
-3.433	0
-3.432	0
-3.431	0
-3.43	0
-3.429	0
-3.428	0
-3.427	0
-3.426	0
-3.425	0
-3.424	0
-3.423	0
-3.422	0
-3.421	0
-3.42	0
-3.419	0
-3.418	0
-3.417	0
-3.416	0
-3.415	0
-3.414	0
-3.413	0
-3.412	0
-3.411	0
-3.41	0
-3.409	0
-3.408	0
-3.407	0
-3.406	0
-3.405	0
-3.404	0
-3.403	0
-3.402	0
-3.401	0
-3.4	0
-3.399	0
-3.398	0
-3.397	0
-3.396	0
-3.395	0
-3.394	0
-3.393	0
-3.392	0
-3.391	0
-3.39	0
-3.389	0
-3.388	0
-3.387	0
-3.386	0
-3.385	0
-3.384	0
-3.383	0
-3.382	0
-3.381	0
-3.38	0
-3.379	0
-3.378	0
-3.377	0
-3.376	0
-3.375	0
-3.374	0
-3.373	0
-3.372	0
-3.371	0
-3.37	0
-3.369	0
-3.368	0
-3.367	0
-3.366	0
-3.365	0
-3.364	0
-3.363	0
-3.362	0
-3.361	0
-3.36	0
-3.359	0
-3.358	0
-3.357	0
-3.356	0
-3.355	0
-3.354	0
-3.353	0
-3.352	0
-3.351	0
-3.35	0
-3.349	0
-3.348	0
-3.347	0
-3.346	0
-3.345	0
-3.344	0
-3.343	0
-3.342	0
-3.341	0
-3.34	0
-3.339	0
-3.338	0
-3.337	0
-3.336	0
-3.335	0
-3.334	0
-3.333	0
-3.332	0
-3.331	0
-3.33	0
-3.329	0
-3.328	0
-3.327	0
-3.326	0
-3.325	0
-3.324	0
-3.323	0
-3.322	0
-3.321	0
-3.32	0
-3.319	0
-3.318	0
-3.317	0
-3.316	0
-3.315	0
-3.314	0
-3.313	0
-3.312	0
-3.311	0
-3.31	0
-3.309	0
-3.308	0
-3.307	0
-3.306	0
-3.305	0
-3.304	0
-3.303	0
-3.302	0
-3.301	0
-3.3	0
-3.299	0
-3.298	0
-3.297	0
-3.296	0
-3.295	0
-3.294	0
-3.293	0
-3.292	0
-3.291	0
-3.29	0
-3.289	0
-3.288	0
-3.287	0
-3.286	0
-3.285	0
-3.284	0
-3.283	0
-3.282	0
-3.281	0
-3.28	0
-3.279	0
-3.278	0
-3.277	0
-3.276	0
-3.275	0
-3.274	0
-3.273	0
-3.272	0
-3.271	0
-3.27	0
-3.269	0
-3.268	0
-3.267	0
-3.266	0
-3.265	0
-3.264	0
-3.263	0
-3.262	0
-3.261	0
-3.26	0
-3.259	0
-3.258	0
-3.257	0
-3.256	0
-3.255	0
-3.254	0
-3.253	0
-3.252	0
-3.251	0
-3.25	0
-3.249	0
-3.248	0
-3.247	0
-3.246	0
-3.245	0
-3.244	0
-3.243	0
-3.242	0
-3.241	0
-3.24	0
-3.239	0
-3.238	0
-3.237	0
-3.236	0
-3.235	0
-3.234	0
-3.233	0
-3.232	0
-3.231	0
-3.23	0
-3.229	0
-3.228	0
-3.227	0
-3.226	0
-3.225	0
-3.224	0
-3.223	0
-3.222	0
-3.221	0
-3.22	0
-3.219	0
-3.218	0
-3.217	0
-3.216	0
-3.215	0
-3.214	0
-3.213	0
-3.212	0
-3.211	0
-3.21	0
-3.209	0
-3.208	0
-3.207	0
-3.206	0
-3.205	0
-3.204	0
-3.203	0
-3.202	0
-3.201	0
-3.2	0
-3.199	0
-3.198	0
-3.197	0
-3.196	0
-3.195	0
-3.194	0
-3.193	0
-3.192	0
-3.191	0
-3.19	0
-3.189	0
-3.188	0
-3.187	0
-3.186	0
-3.185	0
-3.184	0
-3.183	0
-3.182	0
-3.181	0
-3.18	0
-3.179	0
-3.178	0
-3.177	0
-3.176	0
-3.175	0
-3.174	0
-3.173	0
-3.172	0
-3.171	0
-3.17	0
-3.169	0
-3.168	0
-3.167	0
-3.166	0
-3.165	0
-3.164	0
-3.163	0
-3.162	0
-3.161	0
-3.16	0
-3.159	0
-3.158	0
-3.157	0
-3.156	0
-3.155	0
-3.154	0
-3.153	0
-3.152	0
-3.151	0
-3.15	0
-3.149	0
-3.148	0
-3.147	0
-3.146	0
-3.145	0
-3.144	0
-3.143	0
-3.142	0
-3.141	0
-3.14	0
-3.139	0
-3.138	0
-3.137	0
-3.136	0
-3.135	0
-3.134	0
-3.133	0
-3.132	0
-3.131	0
-3.13	0
-3.129	0
-3.128	0
-3.127	0
-3.126	0
-3.125	0
-3.124	0
-3.123	0
-3.122	0
-3.121	0
-3.12	0
-3.119	0
-3.118	0
-3.117	0
-3.116	0
-3.115	0
-3.114	0
-3.113	0
-3.112	0
-3.111	0
-3.11	0
-3.109	0
-3.108	0
-3.107	0
-3.106	0
-3.105	0
-3.104	0
-3.103	0
-3.102	0
-3.101	0
-3.1	0
-3.099	0
-3.098	0
-3.097	0
-3.096	0
-3.095	0
-3.094	0
-3.093	0
-3.092	0
-3.091	0
-3.09	0
-3.089	0
-3.088	0
-3.087	0
-3.086	0
-3.085	0
-3.084	0
-3.083	0
-3.082	0
-3.081	0
-3.08	0
-3.079	0
-3.078	0
-3.077	0
-3.076	0
-3.075	0
-3.074	3.92824e-077
-3.073	1.652e-077
-3.072	0
-3.071	6.47057e-078
-3.07	0
-3.069	6.55874e-078
-3.068	0
-3.067	2.24742e-077
-3.066	0
-3.065	0
-3.064	0
-3.063	1.4221e-076
-3.062	5.39269e-078
-3.061	0
-3.06	0
-3.059	2.17673e-077
-3.058	7.62012e-078
-3.057	7.0018e-077
-3.056	0
-3.055	4.94038e-077
-3.054	1.97322e-077
-3.053	0
-3.052	6.85584e-077
-3.051	5.53303e-077
-3.05	9.00725e-078
-3.049	1.16514e-077
-3.048	0
-3.047	6.05728e-078
-3.046	1.74703e-076
-3.045	8.28944e-078
-3.044	1.95127e-077
-3.043	0
-3.042	0
-3.041	0
-3.04	1.69331e-076
-3.039	0
-3.038	4.96011e-077
-3.037	5.90564e-077
-3.036	0
-3.035	9.97473e-077
-3.034	5.93374e-077
-3.033	2.13994e-077
-3.032	1.19128e-076
-3.031	1.27748e-077
-3.03	5.69861e-077
-3.029	0
-3.028	2.83132e-076
-3.027	2.36225e-077
-3.026	1.91727e-076
-3.025	6.2929e-077
-3.024	1.74226e-076
-3.023	4.11255e-076
-3.022	4.69602e-076
-3.021	1.62924e-075
-3.02	2.43999e-075
-3.019	4.65616e-075
-3.018	9.03733e-075
-3.017	1.66984e-074
-3.016	3.0511e-074
-3.015	5.72928e-074
-3.014	1.08761e-073
-3.013	2.00292e-073
-3.012	3.75108e-073
-3.011	6.9692e-073
-3.01	1.29803e-072
-3.009	2.41414e-072
-3.008	4.47995e-072
-3.007	8.30434e-072
-3.006	1.53709e-071
-3.005	2.84121e-071
-3.004	5.24528e-071
-3.003	9.67196e-071
-3.002	1.7815e-070
-3.001	3.27673e-070
-3	6.02008e-070
-2.999	1.1046e-069
-2.998	2.02433e-069
-2.997	3.70542e-069
-2.996	6.77389e-069
-2.995	1.2368e-068
-2.994	2.25541e-068
-2.993	4.1078e-068
-2.992	7.47219e-068
-2.991	1.3575e-067
-2.99	2.46314e-067
-2.989	4.46367e-067
-2.988	8.07877e-067
-2.987	1.46032e-066
-2.986	2.63633e-066
-2.985	4.75336e-066
-2.984	8.55947e-066
-2.983	1.53935e-065
-2.982	2.76487e-065
-2.981	4.95967e-065
-2.98	8.8853e-065
-2.979	1.58976e-064
-2.978	2.84072e-064
-2.977	5.06948e-064
-2.976	9.03511e-064
-2.975	1.60819e-063
-2.974	2.85875e-063
-2.973	5.0751e-063
-2.972	8.99797e-063
-2.971	1.59321e-062
-2.97	2.81727e-062
-2.969	4.97519e-062
-2.968	8.77436e-062
-2.967	1.54541e-061
-2.966	2.71827e-061
-2.965	4.77489e-061
-2.964	8.37627e-061
-2.963	1.46742e-060
-2.962	2.56729e-060
-2.961	4.48548e-060
-2.96	7.82628e-060
-2.959	1.36368e-059
-2.958	2.37289e-059
-2.957	4.12335e-059
-2.956	7.15531e-059
-2.955	1.23997e-058
-2.954	2.14583e-058
-2.953	3.70836e-058
-2.952	6.39981e-058
-2.951	1.10293e-057
-2.95	1.89813e-057
-2.949	3.26211e-057
-2.948	5.59838e-057
-2.947	9.59437e-057
-2.946	1.64195e-056
-2.945	2.80601e-056
-2.944	4.78855e-056
-2.943	8.16022e-056
-2.942	1.38861e-055
-2.941	2.35961e-055
-2.94	4.00384e-055
-2.939	6.78404e-055
-2.938	1.14782e-054
-2.937	1.93924e-054
-2.936	3.2716e-054
-2.935	5.51132e-054
-2.934	9.2708e-054
-2.933	1.55719e-053
-2.932	2.61174e-053
-2.931	4.37398e-053
-2.93	7.31445e-053
-2.929	1.22136e-052
-2.928	2.03637e-052
-2.927	3.39017e-052
-2.926	5.63555e-052
-2.925	9.35402e-052
-2.924	1.55026e-051
-2.923	2.56539e-051
-2.922	4.23881e-051
-2.921	6.99312e-051
-2.92	1.15195e-050
-2.919	1.89466e-050
-2.918	3.11143e-050
-2.917	5.10172e-050
-2.916	8.35217e-050
-2.915	1.36523e-049
-2.914	2.2281e-049
-2.913	3.63063e-049
-2.912	5.90671e-049
-2.911	9.5945e-049
-2.91	1.55601e-048
-2.909	2.51947e-048
-2.908	4.07298e-048
-2.907	6.57385e-048
-2.906	1.05932e-047
-2.905	1.70425e-047
-2.904	2.73737e-047
-2.903	4.38962e-047
-2.902	7.02765e-047
-2.901	1.12326e-046
-2.9	1.79239e-046
-2.899	2.8554e-046
-2.898	4.54129e-046
-2.897	7.21052e-046
-2.896	1.14295e-045
-2.895	1.80865e-045
-2.894	2.85724e-045
-2.893	4.50612e-045
-2.892	7.09444e-045
-2.891	1.11504e-044
-2.89	1.7495e-044
-2.889	2.74023e-044
-2.888	4.28455e-044
-2.887	6.68755e-044
-2.886	1.042e-043
-2.885	1.6207e-043
-2.884	2.51635e-043
-2.883	3.90003e-043
-2.882	6.03377e-043
-2.881	9.31817e-043
-2.88	1.43645e-042
-2.879	2.21035e-042
-2.878	3.39502e-042
-2.877	5.20509e-042
-2.876	7.96555e-042
-2.875	1.21675e-041
-2.874	1.85514e-041
-2.873	2.82321e-041
-2.872	4.28839e-041
-2.871	6.50166e-041
-2.87	9.83854e-041
-2.869	1.48596e-040
-2.868	2.24001e-040
-2.867	3.37019e-040
-2.866	5.06076e-040
-2.865	7.58455e-040
-2.864	1.13446e-039
-2.863	1.69353e-039
-2.862	2.52308e-039
-2.861	3.75147e-039
-2.86	5.56671e-039
-2.859	8.24358e-039
-2.858	1.21829e-038
-2.857	1.79677e-038
-2.856	2.64447e-038
-2.855	3.88402e-038
-2.854	5.69269e-038
-2.853	8.32604e-038
-2.852	1.21518e-037
-2.851	1.76975e-037
-2.85	2.57189e-037
-2.849	3.7295e-037
-2.848	5.39638e-037
-2.847	7.79111e-037
-2.846	1.12236e-036
-2.845	1.61324e-036
-2.844	2.3136e-036
-2.843	3.31048e-036
-2.842	4.7261e-036
-2.841	6.7315e-036
-2.84	9.56559e-036
-2.839	1.35611e-035
-2.838	1.91799e-035
-2.837	2.70623e-035
-2.836	3.80921e-035
-2.835	5.3487e-035
-2.834	7.49196e-035
-2.833	1.04681e-034
-2.832	1.45898e-034
-2.831	2.02829e-034
-2.83	2.81257e-034
-2.829	3.89001e-034
-2.828	5.36614e-034
-2.827	7.38287e-034
-2.826	1.01304e-033
-2.825	1.38627e-033
-2.824	1.89181e-033
-2.823	2.57455e-033
-2.822	3.49382e-033
-2.821	4.7278e-033
-2.82	6.37908e-033
-2.819	8.58185e-033
-2.818	1.15108e-032
-2.817	1.53927e-032
-2.816	2.05202e-032
-2.815	2.72701e-032
-2.814	3.61247e-032
-2.813	4.7699e-032
-2.812	6.2773e-032
-2.811	8.23315e-032
-2.81	1.07611e-031
-2.809	1.40157e-031
-2.808	1.81886e-031
-2.807	2.35165e-031
-2.806	3.02897e-031
-2.805	3.88615e-031
-2.804	4.96591e-031
-2.803	6.31942e-031
-2.802	8.00753e-031
-2.801	1.01018e-030
-2.8	1.26854e-030
-2.799	1.58542e-030
-2.798	1.97165e-030
-2.797	2.4393e-030
-2.796	3.00153e-030
-2.795	3.67236e-030
-2.794	4.46619e-030
-2.793	5.39715e-030
-2.792	6.47817e-030
-2.791	7.71967e-030
-2.79	9.12791e-030
-2.789	1.07027e-029
-2.788	1.24349e-029
-2.787	1.43034e-029
-2.786	1.62709e-029
-2.785	1.82812e-029
-2.784	2.0254e-029
-2.783	2.20826e-029
-2.782	2.36314e-029
-2.781	2.47369e-029
-2.78	2.52118e-029
-2.779	2.48575e-029
-2.778	2.34859e-029
-2.777	2.09569e-029
-2.776	1.72387e-029
-2.775	1.24973e-029
-2.774	7.23134e-030
-2.773	2.46435e-030
-2.772	1.61015e-032
-2.771	2.88031e-030
-2.77	1.57417e-029
-2.769	4.56763e-029
-2.768	1.03088e-028
-2.767	2.02959e-028
-2.766	3.66479e-028
-2.765	6.23196e-028
-2.764	1.01378e-027
-2.763	1.59362e-027
-2.762	2.43735e-027
-2.761	3.64475e-027
-2.76	5.34805e-027
-2.759	7.72127e-027
-2.758	1.09918e-026
-2.757	1.54552e-026
-2.756	2.14926e-026
-2.755	2.9594e-026
-2.754	4.0385e-026
-2.753	5.46612e-026
-2.752	7.34291e-026
-2.751	9.7957e-026
-2.75	1.29836e-025
-2.749	1.71056e-025
-2.748	2.24091e-025
-2.747	2.92012e-025
-2.746	3.78616e-025
-2.745	4.88577e-025
-2.744	6.27636e-025
-2.743	8.02819e-025
-2.742	1.0227e-024
-2.741	1.29771e-024
-2.74	1.64051e-024
-2.739	2.06639e-024
-2.738	2.59383e-024
-2.737	3.24503e-024
-2.736	4.04666e-024
-2.735	5.0306e-024
-2.734	6.23495e-024
-2.733	7.70504e-024
-2.732	9.49476e-024
-2.731	1.16679e-023
-2.73	1.42999e-023
-2.729	1.74797e-023
-2.728	2.13119e-023
-2.727	2.59194e-023
-2.726	3.14458e-023
-2.725	3.80594e-023
-2.724	4.59554e-023
-2.723	5.53617e-023
-2.722	6.65424e-023
-2.721	7.98025e-023
-2.72	9.54954e-023
-2.719	1.14027e-022
-2.718	1.35866e-022
-2.717	1.61547e-022
-2.716	1.91685e-022
-2.715	2.2698e-022
-2.714	2.67372e-022
-2.713	3.12425e-022
-2.712	3.62479e-022
-2.711	4.17891e-022
-2.71	4.79039e-022
-2.709	5.46311e-022
-2.708	6.2011e-022
-2.707	7.00849e-022
-2.706	7.8894e-022
-2.705	8.848e-022
-2.704	9.88841e-022
-2.703	1.10146e-021
-2.702	1.22306e-021
-2.701	1.35402e-021
-2.7	1.49469e-021
-2.699	1.64545e-021
-2.698	1.8066e-021
-2.697	1.97847e-021
-2.696	2.16133e-021
-2.695	2.35542e-021
-2.694	2.56097e-021
-2.693	2.77811e-021
-2.692	3.00694e-021
-2.691	3.24751e-021
-2.69	3.49979e-021
-2.689	3.76367e-021
-2.688	4.03895e-021
-2.687	4.32539e-021
-2.686	4.62265e-021
-2.685	4.93029e-021
-2.684	5.24779e-021
-2.683	5.57456e-021
-2.682	5.90987e-021
-2.681	6.25293e-021
-2.68	6.6028e-021
-2.679	6.9585e-021
-2.678	7.31892e-021
-2.677	7.68285e-021
-2.676	8.04904e-021
-2.675	8.41607e-021
-2.674	8.78254e-021
-2.673	9.14692e-021
-2.672	9.50764e-021
-2.671	9.86306e-021
-2.67	1.02115e-020
-2.669	1.05512e-020
-2.668	1.08805e-020
-2.667	1.11975e-020
-2.666	1.15004e-020
-2.665	1.17874e-020
-2.664	1.20569e-020
-2.663	1.23071e-020
-2.662	1.25364e-020
-2.661	1.27431e-020
-2.66	1.29258e-020
-2.659	1.30831e-020
-2.658	1.32136e-020
-2.657	1.33162e-020
-2.656	1.33898e-020
-2.655	1.34336e-020
-2.654	1.34469e-020
-2.653	1.34291e-020
-2.652	1.338e-020
-2.651	1.32995e-020
-2.65	1.31877e-020
-2.649	1.30452e-020
-2.648	1.28727e-020
-2.647	1.2671e-020
-2.646	1.24417e-020
-2.645	1.21863e-020
-2.644	1.1907e-020
-2.643	1.16062e-020
-2.642	1.12868e-020
-2.641	1.09524e-020
-2.64	1.06069e-020
-2.639	1.02549e-020
-2.638	9.90165e-021
-2.637	9.55289e-021
-2.636	9.21504e-021
-2.635	8.89532e-021
-2.634	8.60159e-021
-2.633	8.34253e-021
-2.632	8.12751e-021
-2.631	7.96685e-021
-2.63	7.87164e-021
-2.629	7.85396e-021
-2.628	7.92674e-021
-2.627	8.10397e-021
-2.626	8.40063e-021
-2.625	8.83273e-021
-2.624	9.41736e-021
-2.623	1.01727e-020
-2.622	1.11179e-020
-2.621	1.22732e-020
-2.62	1.36601e-020
-2.619	1.53008e-020
-2.618	1.72187e-020
-2.617	1.94381e-020
-2.616	2.19841e-020
-2.615	2.48828e-020
-2.614	2.81611e-020
-2.613	3.18465e-020
-2.612	3.59672e-020
-2.611	4.05524e-020
-2.61	4.56314e-020
-2.609	5.12341e-020
-2.608	5.7391e-020
-2.607	6.41327e-020
-2.606	7.14899e-020
-2.605	7.94933e-020
-2.604	8.81732e-020
-2.603	9.75594e-020
-2.602	1.07681e-019
-2.601	1.18567e-019
-2.6	1.30244e-019
-2.599	1.42737e-019
-2.598	1.56071e-019
-2.597	1.70267e-019
-2.596	1.85347e-019
-2.595	2.01328e-019
-2.594	2.18226e-019
-2.593	2.36053e-019
-2.592	2.54819e-019
-2.591	2.7453e-019
-2.59	2.95186e-019
-2.589	3.16787e-019
-2.588	3.39323e-019
-2.587	3.62784e-019
-2.586	3.87151e-019
-2.585	4.12402e-019
-2.584	4.38507e-019
-2.583	4.65432e-019
-2.582	4.93135e-019
-2.581	5.2157e-019
-2.58	5.50681e-019
-2.579	5.80407e-019
-2.578	6.10682e-019
-2.577	6.41428e-019
-2.576	6.72563e-019
-2.575	7.03999e-019
-2.574	7.35634e-019
-2.573	7.67366e-019
-2.572	7.99082e-019
-2.571	8.30667e-019
-2.57	8.61994e-019
-2.569	8.92931e-019
-2.568	9.23346e-019
-2.567	9.53098e-019
-2.566	9.82044e-019
-2.565	1.01004e-018
-2.564	1.03693e-018
-2.563	1.06257e-018
-2.562	1.0868e-018
-2.561	1.10948e-018
-2.56	1.13046e-018
-2.559	1.1496e-018
-2.558	1.16675e-018
-2.557	1.18179e-018
-2.556	1.19458e-018
-2.555	1.20501e-018
-2.554	1.21297e-018
-2.553	1.21838e-018
-2.552	1.22115e-018
-2.551	1.22122e-018
-2.55	1.21856e-018
-2.549	1.21314e-018
-2.548	1.20496e-018
-2.547	1.19406e-018
-2.546	1.18049e-018
-2.545	1.16435e-018
-2.544	1.14577e-018
-2.543	1.12489e-018
-2.542	1.10192e-018
-2.541	1.0771e-018
-2.54	1.0507e-018
-2.539	1.02305e-018
-2.538	9.94532e-019
-2.537	9.65561e-019
-2.536	9.36616e-019
-2.535	9.08225e-019
-2.534	8.80977e-019
-2.533	8.55511e-019
-2.532	8.3253e-019
-2.531	8.12799e-019
-2.53	7.9714e-019
-2.529	7.86442e-019
-2.528	7.81653e-019
-2.527	7.83789e-019
-2.526	7.93931e-019
-2.525	8.13224e-019
-2.524	8.42876e-019
-2.523	8.84162e-019
-2.522	9.38418e-019
-2.521	1.00704e-018
-2.52	1.09149e-018
-2.519	1.19328e-018
-2.518	1.31398e-018
-2.517	1.45519e-018
-2.516	1.6186e-018
-2.515	1.8059e-018
-2.514	2.01884e-018
-2.513	2.25919e-018
-2.512	2.52876e-018
-2.511	2.82935e-018
-2.51	3.16281e-018
-2.509	3.53099e-018
-2.508	3.9357e-018
-2.507	4.37877e-018
-2.506	4.86202e-018
-2.505	5.3872e-018
-2.504	5.95603e-018
-2.503	6.57017e-018
-2.502	7.23126e-018
-2.501	7.94079e-018
-2.5	8.7002e-018
-2.499	9.51082e-018
-2.498	1.03738e-017
-2.497	1.12904e-017
-2.496	1.22613e-017
-2.495	1.32874e-017
-2.494	1.43692e-017
-2.493	1.55072e-017
-2.492	1.67015e-017
-2.491	1.79521e-017
-2.49	1.92588e-017
-2.489	2.0621e-017
-2.488	2.2038e-017
-2.487	2.35088e-017
-2.486	2.5032e-017
-2.485	2.6606e-017
-2.484	2.82288e-017
-2.483	2.98982e-017
-2.482	3.16117e-017
-2.481	3.33661e-017
-2.48	3.51583e-017
-2.479	3.69847e-017
-2.478	3.88413e-017
-2.477	4.07237e-017
-2.476	4.26274e-017
-2.475	4.45472e-017
-2.474	4.6478e-017
-2.473	4.84139e-017
-2.472	5.03489e-017
-2.471	5.22767e-017
-2.47	5.41908e-017
-2.469	5.60842e-017
-2.468	5.79499e-017
-2.467	5.97803e-017
-2.466	6.15682e-017
-2.465	6.33057e-017
-2.464	6.49852e-017
-2.463	6.65985e-017
-2.462	6.81381e-017
-2.461	6.95958e-017
-2.46	7.09642e-017
-2.459	7.22355e-017
-2.458	7.34025e-017
-2.457	7.4458e-017
-2.456	7.53953e-017
-2.455	7.6208e-017
-2.454	7.68906e-017
-2.453	7.74378e-017
-2.452	7.78454e-017
-2.451	7.81094e-017
-2.45	7.82271e-017
-2.449	7.8197e-017
-2.448	7.80184e-017
-2.447	7.76919e-017
-2.446	7.72195e-017
-2.445	7.66044e-017
-2.444	7.58516e-017
-2.443	7.49678e-017
-2.442	7.3961e-017
-2.441	7.28417e-017
-2.44	7.1622e-017
-2.439	7.0316e-017
-2.438	6.89404e-017
-2.437	6.75137e-017
-2.436	6.60571e-017
-2.435	6.45943e-017
-2.434	6.31512e-017
-2.433	6.17568e-017
-2.432	6.04426e-017
-2.431	5.92427e-017
-2.43	5.81942e-017
-2.429	5.73372e-017
-2.428	5.67145e-017
-2.427	5.63717e-017
-2.426	5.63576e-017
-2.425	5.67237e-017
-2.424	5.75242e-017
-2.423	5.88163e-017
-2.422	6.06599e-017
-2.421	6.31176e-017
-2.42	6.62543e-017
-2.419	7.01375e-017
-2.418	7.48373e-017
-2.417	8.04252e-017
-2.416	8.69752e-017
-2.415	9.45625e-017
-2.414	1.03265e-016
-2.413	1.13159e-016
-2.412	1.24325e-016
-2.411	1.36842e-016
-2.41	1.50791e-016
-2.409	1.6625e-016
-2.408	1.83299e-016
-2.407	2.02018e-016
-2.406	2.22482e-016
-2.405	2.44767e-016
-2.404	2.68947e-016
-2.403	2.95091e-016
-2.402	3.23267e-016
-2.401	3.53538e-016
-2.4	3.85964e-016
-2.399	4.20599e-016
-2.398	4.57492e-016
-2.397	4.96684e-016
-2.396	5.38214e-016
-2.395	5.82108e-016
-2.394	6.28389e-016
-2.393	6.77071e-016
-2.392	7.28157e-016
-2.391	7.8164e-016
-2.39	8.37508e-016
-2.389	8.95732e-016
-2.388	9.56277e-016
-2.387	1.01909e-015
-2.386	1.08412e-015
-2.385	1.15129e-015
-2.384	1.22051e-015
-2.383	1.29169e-015
-2.382	1.36471e-015
-2.381	1.43945e-015
-2.38	1.51577e-015
-2.379	1.59351e-015
-2.378	1.67252e-015
-2.377	1.75261e-015
-2.376	1.83358e-015
-2.375	1.91524e-015
-2.374	1.99735e-015
-2.373	2.0797e-015
-2.372	2.16203e-015
-2.371	2.2441e-015
-2.37	2.32563e-015
-2.369	2.40637e-015
-2.368	2.48601e-015
-2.367	2.56428e-015
-2.366	2.64087e-015
-2.365	2.71549e-015
-2.364	2.78784e-015
-2.363	2.85761e-015
-2.362	2.9245e-015
-2.361	2.98821e-015
-2.36	3.04845e-015
-2.359	3.10492e-015
-2.358	3.15736e-015
-2.357	3.20548e-015
-2.356	3.24905e-015
-2.355	3.28782e-015
-2.354	3.32159e-015
-2.353	3.35015e-015
-2.352	3.37335e-015
-2.351	3.39105e-015
-2.35	3.40315e-015
-2.349	3.40958e-015
-2.348	3.41032e-015
-2.347	3.40538e-015
-2.346	3.39482e-015
-2.345	3.37875e-015
-2.344	3.35733e-015
-2.343	3.3308e-015
-2.342	3.29944e-015
-2.341	3.26359e-015
-2.34	3.22365e-015
-2.339	3.18013e-015
-2.338	3.13356e-015
-2.337	3.08457e-015
-2.336	3.03389e-015
-2.335	2.9823e-015
-2.334	2.93066e-015
-2.333	2.87994e-015
-2.332	2.83119e-015
-2.331	2.78552e-015
-2.33	2.74418e-015
-2.329	2.70847e-015
-2.328	2.67979e-015
-2.327	2.65963e-015
-2.326	2.64957e-015
-2.325	2.65127e-015
-2.324	2.6665e-015
-2.323	2.69709e-015
-2.322	2.74496e-015
-2.321	2.8121e-015
-2.32	2.90058e-015
-2.319	3.01254e-015
-2.318	3.15019e-015
-2.317	3.31577e-015
-2.316	3.5116e-015
-2.315	3.74004e-015
-2.314	4.00347e-015
-2.313	4.30432e-015
-2.312	4.64502e-015
-2.311	5.02801e-015
-2.31	5.45574e-015
-2.309	5.93063e-015
-2.308	6.45508e-015
-2.307	7.03144e-015
-2.306	7.66205e-015
-2.305	8.34913e-015
-2.304	9.09484e-015
-2.303	9.90126e-015
-2.302	1.07704e-014
-2.301	1.1704e-014
-2.3	1.27038e-014
-2.299	1.37714e-014
-2.298	1.49081e-014
-2.297	1.6115e-014
-2.296	1.73932e-014
-2.295	1.87434e-014
-2.294	2.01661e-014
-2.293	2.16616e-014
-2.292	2.32298e-014
-2.291	2.48705e-014
-2.29	2.6583e-014
-2.289	2.83665e-014
-2.288	3.02196e-014
-2.287	3.21409e-014
-2.286	3.41284e-014
-2.285	3.61799e-014
-2.284	3.82926e-014
-2.283	4.04636e-014
-2.282	4.26895e-014
-2.281	4.49664e-014
-2.28	4.72903e-014
-2.279	4.96566e-014
-2.278	5.20605e-014
-2.277	5.44965e-014
-2.276	5.6959e-014
-2.275	5.94421e-014
-2.274	6.19394e-014
-2.273	6.44442e-014
-2.272	6.69495e-014
-2.271	6.9448e-014
-2.27	7.19322e-014
-2.269	7.43944e-014
-2.268	7.68265e-014
-2.267	7.92204e-014
-2.266	8.15679e-014
-2.265	8.38605e-014
-2.264	8.609e-014
-2.263	8.82478e-014
-2.262	9.03255e-014
-2.261	9.23151e-014
-2.26	9.4208e-014
-2.259	9.59967e-014
-2.258	9.76736e-014
-2.257	9.92311e-014
-2.256	1.00663e-013
-2.255	1.01962e-013
-2.254	1.03124e-013
-2.253	1.04142e-013
-2.252	1.05012e-013
-2.251	1.05731e-013
-2.25	1.06296e-013
-2.249	1.06705e-013
-2.248	1.06957e-013
-2.247	1.07052e-013
-2.246	1.06993e-013
-2.245	1.06781e-013
-2.244	1.06421e-013
-2.243	1.05919e-013
-2.242	1.05281e-013
-2.241	1.04516e-013
-2.24	1.03634e-013
-2.239	1.02648e-013
-2.238	1.0157e-013
-2.237	1.00417e-013
-2.236	9.92062e-014
-2.235	9.79564e-014
-2.234	9.66893e-014
-2.233	9.5428e-014
-2.232	9.41978e-014
-2.231	9.3026e-014
-2.23	9.19421e-014
-2.229	9.09772e-014
-2.228	9.01651e-014
-2.227	8.95409e-014
-2.226	8.9142e-014
-2.225	8.90078e-014
-2.224	8.91792e-014
-2.223	8.96992e-014
-2.222	9.06124e-014
-2.221	9.1965e-014
-2.22	9.38046e-014
-2.219	9.61803e-014
-2.218	9.91424e-014
-2.217	1.02742e-013
-2.216	1.07032e-013
-2.215	1.12065e-013
-2.214	1.17894e-013
-2.213	1.24574e-013
-2.212	1.32159e-013
-2.211	1.40701e-013
-2.21	1.50256e-013
-2.209	1.60875e-013
-2.208	1.7261e-013
-2.207	1.85514e-013
-2.206	1.99634e-013
-2.205	2.15018e-013
-2.204	2.31713e-013
-2.203	2.4976e-013
-2.202	2.692e-013
-2.201	2.90072e-013
-2.2	3.12408e-013
-2.199	3.36239e-013
-2.198	3.61591e-013
-2.197	3.88485e-013
-2.196	4.16941e-013
-2.195	4.46969e-013
-2.194	4.78577e-013
-2.193	5.11766e-013
-2.192	5.46532e-013
-2.191	5.82863e-013
-2.19	6.20742e-013
-2.189	6.60145e-013
-2.188	7.01044e-013
-2.187	7.43398e-013
-2.186	7.87162e-013
-2.185	8.32286e-013
-2.184	8.78709e-013
-2.183	9.26363e-013
-2.182	9.75173e-013
-2.181	1.02506e-012
-2.18	1.07592e-012
-2.179	1.12768e-012
-2.178	1.18021e-012
-2.177	1.23341e-012
-2.176	1.28715e-012
-2.175	1.34132e-012
-2.174	1.39578e-012
-2.173	1.45039e-012
-2.172	1.505e-012
-2.171	1.55948e-012
-2.17	1.61365e-012
-2.169	1.66737e-012
-2.168	1.72047e-012
-2.167	1.77279e-012
-2.166	1.82416e-012
-2.165	1.87442e-012
-2.164	1.9234e-012
-2.163	1.97093e-012
-2.162	2.01685e-012
-2.161	2.06099e-012
-2.16	2.1032e-012
-2.159	2.14333e-012
-2.158	2.18123e-012
-2.157	2.21675e-012
-2.156	2.24977e-012
-2.155	2.28017e-012
-2.154	2.30784e-012
-2.153	2.33268e-012
-2.152	2.3546e-012
-2.151	2.37355e-012
-2.15	2.38947e-012
-2.149	2.40234e-012
-2.148	2.41212e-012
-2.147	2.41884e-012
-2.146	2.42252e-012
-2.145	2.42322e-012
-2.144	2.42101e-012
-2.143	2.416e-012
-2.142	2.40831e-012
-2.141	2.39811e-012
-2.14	2.38559e-012
-2.139	2.37096e-012
-2.138	2.35448e-012
-2.137	2.33642e-012
-2.136	2.31711e-012
-2.135	2.29688e-012
-2.134	2.27611e-012
-2.133	2.25522e-012
-2.132	2.23465e-012
-2.131	2.2149e-012
-2.13	2.19645e-012
-2.129	2.17988e-012
-2.128	2.16575e-012
-2.127	2.15468e-012
-2.126	2.14731e-012
-2.125	2.14432e-012
-2.124	2.14639e-012
-2.123	2.15427e-012
-2.122	2.16869e-012
-2.121	2.19045e-012
-2.12	2.22033e-012
-2.119	2.25916e-012
-2.118	2.30776e-012
-2.117	2.36698e-012
-2.116	2.43767e-012
-2.115	2.52071e-012
-2.114	2.61695e-012
-2.113	2.72727e-012
-2.112	2.85253e-012
-2.111	2.99358e-012
-2.11	3.15129e-012
-2.109	3.32646e-012
-2.108	3.51992e-012
-2.107	3.73245e-012
-2.106	3.9648e-012
-2.105	4.21771e-012
-2.104	4.49184e-012
-2.103	4.78786e-012
-2.102	5.10633e-012
-2.101	5.44782e-012
-2.1	5.81279e-012
-2.099	6.20167e-012
-2.098	6.61478e-012
-2.097	7.05244e-012
-2.096	7.51482e-012
-2.095	8.00206e-012
-2.094	8.51418e-012
-2.093	9.05113e-012
-2.092	9.61276e-012
-2.091	1.01988e-011
-2.09	1.0809e-011
-2.089	1.14428e-011
-2.088	1.20996e-011
-2.087	1.27789e-011
-2.086	1.34799e-011
-2.085	1.42016e-011
-2.084	1.49431e-011
-2.083	1.57032e-011
-2.082	1.64808e-011
-2.081	1.72745e-011
-2.08	1.80829e-011
-2.079	1.89045e-011
-2.078	1.97377e-011
-2.077	2.05805e-011
-2.076	2.14313e-011
-2.075	2.22882e-011
-2.074	2.3149e-011
-2.073	2.40117e-011
-2.072	2.48741e-011
-2.071	2.57341e-011
-2.07	2.65893e-011
-2.069	2.74374e-011
-2.068	2.82761e-011
-2.067	2.91028e-011
-2.066	2.99154e-011
-2.065	3.07112e-011
-2.064	3.1488e-011
-2.063	3.22435e-011
-2.062	3.29751e-011
-2.061	3.36807e-011
-2.06	3.43582e-011
-2.059	3.50053e-011
-2.058	3.562e-011
-2.057	3.62004e-011
-2.056	3.67448e-011
-2.055	3.72515e-011
-2.054	3.77191e-011
-2.053	3.81463e-011
-2.052	3.8532e-011
-2.051	3.88755e-011
-2.05	3.9176e-011
-2.049	3.94332e-011
-2.048	3.96471e-011
-2.047	3.98178e-011
-2.046	3.99458e-011
-2.045	4.0032e-011
-2.044	4.00774e-011
-2.043	4.00836e-011
-2.042	4.00523e-011
-2.041	3.99859e-011
-2.04	3.98868e-011
-2.039	3.97581e-011
-2.038	3.9603e-011
-2.037	3.94254e-011
-2.036	3.92296e-011
-2.035	3.902e-011
-2.034	3.88015e-011
-2.033	3.85796e-011
-2.032	3.83602e-011
-2.031	3.81493e-011
-2.03	3.79537e-011
-2.029	3.77802e-011
-2.028	3.76363e-011
-2.027	3.75296e-011
-2.026	3.74683e-011
-2.025	3.74607e-011
-2.024	3.75155e-011
-2.023	3.76418e-011
-2.022	3.78488e-011
-2.021	3.81461e-011
-2.02	3.85432e-011
-2.019	3.90501e-011
-2.018	3.96768e-011
-2.017	4.04334e-011
-2.016	4.13301e-011
-2.015	4.23771e-011
-2.014	4.35847e-011
-2.013	4.49629e-011
-2.012	4.65218e-011
-2.011	4.82713e-011
-2.01	5.02209e-011
-2.009	5.23802e-011
-2.008	5.47583e-011
-2.007	5.73638e-011
-2.006	6.02052e-011
-2.005	6.32903e-011
-2.004	6.66266e-011
-2.003	7.02207e-011
-2.002	7.4079e-011
-2.001	7.82068e-011
-2	8.26089e-011
-1.999	8.72894e-011
-1.998	9.22513e-011
-1.997	9.74969e-011
-1.996	1.03028e-010
-1.995	1.08844e-010
-1.994	1.14946e-010
-1.993	1.21331e-010
-1.992	1.27996e-010
-1.991	1.34939e-010
-1.99	1.42153e-010
-1.989	1.49633e-010
-1.988	1.57372e-010
-1.987	1.65361e-010
-1.986	1.7359e-010
-1.985	1.82049e-010
-1.984	1.90727e-010
-1.983	1.99608e-010
-1.982	2.0868e-010
-1.981	2.17926e-010
-1.98	2.27331e-010
-1.979	2.36876e-010
-1.978	2.46543e-010
-1.977	2.56312e-010
-1.976	2.66163e-010
-1.975	2.76074e-010
-1.974	2.86023e-010
-1.973	2.95987e-010
-1.972	3.05942e-010
-1.971	3.15864e-010
-1.97	3.25729e-010
-1.969	3.35511e-010
-1.968	3.45186e-010
-1.967	3.54728e-010
-1.966	3.64112e-010
-1.965	3.73313e-010
-1.964	3.82306e-010
-1.963	3.91066e-010
-1.962	3.99571e-010
-1.961	4.07797e-010
-1.96	4.15722e-010
-1.959	4.23324e-010
-1.958	4.30583e-010
-1.957	4.37481e-010
-1.956	4.44e-010
-1.955	4.50127e-010
-1.954	4.55846e-010
-1.953	4.61146e-010
-1.952	4.66017e-010
-1.951	4.70451e-010
-1.95	4.74446e-010
-1.949	4.77995e-010
-1.948	4.81103e-010
-1.947	4.83772e-010
-1.946	4.86008e-010
-1.945	4.8782e-010
-1.944	4.89222e-010
-1.943	4.90228e-010
-1.942	4.9086e-010
-1.941	4.9114e-010
-1.94	4.91093e-010
-1.939	4.9075e-010
-1.938	4.90145e-010
-1.937	4.89315e-010
-1.936	4.88302e-010
-1.935	4.87151e-010
-1.934	4.85909e-010
-1.933	4.84628e-010
-1.932	4.83364e-010
-1.931	4.82177e-010
-1.93	4.81128e-010
-1.929	4.80284e-010
-1.928	4.79713e-010
-1.927	4.79487e-010
-1.926	4.79681e-010
-1.925	4.80371e-010
-1.924	4.81637e-010
-1.923	4.83561e-010
-1.922	4.86228e-010
-1.921	4.8972e-010
-1.92	4.94125e-010
-1.919	4.99532e-010
-1.918	5.06027e-010
-1.917	5.137e-010
-1.916	5.22639e-010
-1.915	5.32932e-010
-1.914	5.44667e-010
-1.913	5.5793e-010
-1.912	5.72805e-010
-1.911	5.89377e-010
-1.91	6.07724e-010
-1.909	6.27924e-010
-1.908	6.50052e-010
-1.907	6.74178e-010
-1.906	7.00369e-010
-1.905	7.28687e-010
-1.904	7.59188e-010
-1.903	7.91924e-010
-1.902	8.26941e-010
-1.901	8.64278e-010
-1.9	9.03967e-010
-1.899	9.46037e-010
-1.898	9.90503e-010
-1.897	1.03738e-009
-1.896	1.08667e-009
-1.895	1.13836e-009
-1.894	1.19245e-009
-1.893	1.2489e-009
-1.892	1.30769e-009
-1.891	1.36878e-009
-1.89	1.43212e-009
-1.889	1.49764e-009
-1.888	1.56528e-009
-1.887	1.63497e-009
-1.886	1.7066e-009
-1.885	1.7801e-009
-1.884	1.85534e-009
-1.883	1.93222e-009
-1.882	2.0106e-009
-1.881	2.09037e-009
-1.88	2.17138e-009
-1.879	2.25347e-009
-1.878	2.3365e-009
-1.877	2.4203e-009
-1.876	2.5047e-009
-1.875	2.58953e-009
-1.874	2.67461e-009
-1.873	2.75975e-009
-1.872	2.84477e-009
-1.871	2.92947e-009
-1.87	3.01365e-009
-1.869	3.09714e-009
-1.868	3.17972e-009
-1.867	3.26121e-009
-1.866	3.34141e-009
-1.865	3.42014e-009
-1.864	3.49719e-009
-1.863	3.5724e-009
-1.862	3.64559e-009
-1.861	3.71658e-009
-1.86	3.78521e-009
-1.859	3.85134e-009
-1.858	3.91481e-009
-1.857	3.9755e-009
-1.856	4.03329e-009
-1.855	4.08807e-009
-1.854	4.13974e-009
-1.853	4.18824e-009
-1.852	4.23351e-009
-1.851	4.2755e-009
-1.85	4.31419e-009
-1.849	4.34959e-009
-1.848	4.38169e-009
-1.847	4.41055e-009
-1.846	4.43623e-009
-1.845	4.4588e-009
-1.844	4.47837e-009
-1.843	4.49508e-009
-1.842	4.50907e-009
-1.841	4.52052e-009
-1.84	4.52965e-009
-1.839	4.53666e-009
-1.838	4.54183e-009
-1.837	4.54542e-009
-1.836	4.54773e-009
-1.835	4.54909e-009
-1.834	4.54985e-009
-1.833	4.55038e-009
-1.832	4.55108e-009
-1.831	4.55237e-009
-1.83	4.55467e-009
-1.829	4.55846e-009
-1.828	4.56421e-009
-1.827	4.5724e-009
-1.826	4.58356e-009
-1.825	4.5982e-009
-1.824	4.61686e-009
-1.823	4.64009e-009
-1.822	4.66844e-009
-1.821	4.70249e-009
-1.82	4.74279e-009
-1.819	4.78992e-009
-1.818	4.84446e-009
-1.817	4.90697e-009
-1.816	4.97803e-009
-1.815	5.05819e-009
-1.814	5.14801e-009
-1.813	5.24801e-009
-1.812	5.35874e-009
-1.811	5.4807e-009
-1.81	5.61439e-009
-1.809	5.76025e-009
-1.808	5.91874e-009
-1.807	6.09027e-009
-1.806	6.27523e-009
-1.805	6.47397e-009
-1.804	6.68681e-009
-1.803	6.91403e-009
-1.802	7.15587e-009
-1.801	7.41253e-009
-1.8	7.68415e-009
-1.799	7.97084e-009
-1.798	8.27269e-009
-1.797	8.5897e-009
-1.796	8.92181e-009
-1.795	9.26894e-009
-1.794	9.63095e-009
-1.793	1.00076e-008
-1.792	1.03987e-008
-1.791	1.0804e-008
-1.79	1.1223e-008
-1.789	1.16553e-008
-1.788	1.21004e-008
-1.787	1.25579e-008
-1.786	1.30271e-008
-1.785	1.35074e-008
-1.784	1.39981e-008
-1.783	1.44985e-008
-1.782	1.50078e-008
-1.781	1.55251e-008
-1.78	1.60496e-008
-1.779	1.65803e-008
-1.778	1.71163e-008
-1.777	1.76566e-008
-1.776	1.82002e-008
-1.775	1.8746e-008
-1.774	1.9293e-008
-1.773	1.984e-008
-1.772	2.0386e-008
-1.771	2.09298e-008
-1.77	2.14704e-008
-1.769	2.20066e-008
-1.768	2.25372e-008
-1.767	2.30612e-008
-1.766	2.35776e-008
-1.765	2.40851e-008
-1.764	2.45829e-008
-1.763	2.50699e-008
-1.762	2.55451e-008
-1.761	2.60077e-008
-1.76	2.64567e-008
-1.759	2.68914e-008
-1.758	2.73109e-008
-1.757	2.77148e-008
-1.756	2.81023e-008
-1.755	2.84729e-008
-1.754	2.88263e-008
-1.753	2.91621e-008
-1.752	2.94799e-008
-1.751	2.97798e-008
-1.75	3.00616e-008
-1.749	3.03254e-008
-1.748	3.05714e-008
-1.747	3.07999e-008
-1.746	3.10113e-008
-1.745	3.12062e-008
-1.744	3.13852e-008
-1.743	3.15491e-008
-1.742	3.16988e-008
-1.741	3.18354e-008
-1.74	3.19599e-008
-1.739	3.20738e-008
-1.738	3.21783e-008
-1.737	3.22751e-008
-1.736	3.23658e-008
-1.735	3.24521e-008
-1.734	3.2536e-008
-1.733	3.26194e-008
-1.732	3.27045e-008
-1.731	3.27934e-008
-1.73	3.28885e-008
-1.729	3.2992e-008
-1.728	3.31065e-008
-1.727	3.32345e-008
-1.726	3.33786e-008
-1.725	3.35414e-008
-1.724	3.37257e-008
-1.723	3.39342e-008
-1.722	3.41696e-008
-1.721	3.44348e-008
-1.72	3.47325e-008
-1.719	3.50655e-008
-1.718	3.54365e-008
-1.717	3.58485e-008
-1.716	3.63039e-008
-1.715	3.68054e-008
-1.714	3.73558e-008
-1.713	3.79573e-008
-1.712	3.86126e-008
-1.711	3.93239e-008
-1.71	4.00933e-008
-1.709	4.09231e-008
-1.708	4.18151e-008
-1.707	4.2771e-008
-1.706	4.37927e-008
-1.705	4.48815e-008
-1.704	4.60387e-008
-1.703	4.72654e-008
-1.702	4.85626e-008
-1.701	4.99308e-008
-1.7	5.13706e-008
-1.699	5.28822e-008
-1.698	5.44657e-008
-1.697	5.61209e-008
-1.696	5.78473e-008
-1.695	5.96442e-008
-1.694	6.15106e-008
-1.693	6.34453e-008
-1.692	6.5447e-008
-1.691	6.7514e-008
-1.69	6.96443e-008
-1.689	7.18357e-008
-1.688	7.40858e-008
-1.687	7.6392e-008
-1.686	7.87513e-008
-1.685	8.11607e-008
-1.684	8.36169e-008
-1.683	8.61164e-008
-1.682	8.86553e-008
-1.681	9.12297e-008
-1.68	9.38358e-008
-1.679	9.64691e-008
-1.678	9.91254e-008
-1.677	1.018e-007
-1.676	1.04489e-007
-1.675	1.07187e-007
-1.674	1.09889e-007
-1.673	1.12591e-007
-1.672	1.15287e-007
-1.671	1.17974e-007
-1.67	1.20646e-007
-1.669	1.23298e-007
-1.668	1.25926e-007
-1.667	1.28525e-007
-1.666	1.31091e-007
-1.665	1.33618e-007
-1.664	1.36104e-007
-1.663	1.38543e-007
-1.662	1.40932e-007
-1.661	1.43268e-007
-1.66	1.45547e-007
-1.659	1.47765e-007
-1.658	1.49921e-007
-1.657	1.52011e-007
-1.656	1.54034e-007
-1.655	1.55987e-007
-1.654	1.57869e-007
-1.653	1.5968e-007
-1.652	1.61418e-007
-1.651	1.63084e-007
-1.65	1.64677e-007
-1.649	1.66199e-007
-1.648	1.6765e-007
-1.647	1.69032e-007
-1.646	1.70347e-007
-1.645	1.71598e-007
-1.644	1.72788e-007
-1.643	1.73921e-007
-1.642	1.75e-007
-1.641	1.7603e-007
-1.64	1.77016e-007
-1.639	1.77964e-007
-1.638	1.78879e-007
-1.637	1.79768e-007
-1.636	1.80638e-007
-1.635	1.81495e-007
-1.634	1.82349e-007
-1.633	1.83205e-007
-1.632	1.84075e-007
-1.631	1.84964e-007
-1.63	1.85884e-007
-1.629	1.86842e-007
-1.628	1.87849e-007
-1.627	1.88915e-007
-1.626	1.90049e-007
-1.625	1.91262e-007
-1.624	1.92564e-007
-1.623	1.93965e-007
-1.622	1.95475e-007
-1.621	1.97105e-007
-1.62	1.98865e-007
-1.619	2.00765e-007
-1.618	2.02816e-007
-1.617	2.05027e-007
-1.616	2.07409e-007
-1.615	2.09969e-007
-1.614	2.12718e-007
-1.613	2.15665e-007
-1.612	2.18816e-007
-1.611	2.22182e-007
-1.61	2.25769e-007
-1.609	2.29583e-007
-1.608	2.33632e-007
-1.607	2.37921e-007
-1.606	2.42456e-007
-1.605	2.47241e-007
-1.604	2.52279e-007
-1.603	2.57575e-007
-1.602	2.63129e-007
-1.601	2.68945e-007
-1.6	2.75023e-007
-1.599	2.81362e-007
-1.598	2.87963e-007
-1.597	2.94823e-007
-1.596	3.0194e-007
-1.595	3.0931e-007
-1.594	3.1693e-007
-1.593	3.24795e-007
-1.592	3.32898e-007
-1.591	3.41234e-007
-1.59	3.49793e-007
-1.589	3.58569e-007
-1.588	3.67552e-007
-1.587	3.76733e-007
-1.586	3.86099e-007
-1.585	3.95642e-007
-1.584	4.05348e-007
-1.583	4.15205e-007
-1.582	4.252e-007
-1.581	4.35319e-007
-1.58	4.45549e-007
-1.579	4.55874e-007
-1.578	4.66279e-007
-1.577	4.76751e-007
-1.576	4.87272e-007
-1.575	4.97828e-007
-1.574	5.08402e-007
-1.573	5.1898e-007
-1.572	5.29544e-007
-1.571	5.4008e-007
-1.57	5.50571e-007
-1.569	5.61003e-007
-1.568	5.71361e-007
-1.567	5.8163e-007
-1.566	5.91797e-007
-1.565	6.01845e-007
-1.564	6.11765e-007
-1.563	6.21542e-007
-1.562	6.31166e-007
-1.561	6.40626e-007
-1.56	6.49912e-007
-1.559	6.59015e-007
-1.558	6.67928e-007
-1.557	6.76643e-007
-1.556	6.85154e-007
-1.555	6.93458e-007
-1.554	7.01552e-007
-1.553	7.09432e-007
-1.552	7.171e-007
-1.551	7.24555e-007
-1.55	7.318e-007
-1.549	7.38837e-007
-1.548	7.45674e-007
-1.547	7.52314e-007
-1.546	7.58767e-007
-1.545	7.65042e-007
-1.544	7.71149e-007
-1.543	7.771e-007
-1.542	7.82911e-007
-1.541	7.88595e-007
-1.54	7.94168e-007
-1.539	7.99649e-007
-1.538	8.05057e-007
-1.537	8.10411e-007
-1.536	8.15734e-007
-1.535	8.21047e-007
-1.534	8.26376e-007
-1.533	8.31743e-007
-1.532	8.37177e-007
-1.531	8.42701e-007
-1.53	8.48344e-007
-1.529	8.54134e-007
-1.528	8.60098e-007
-1.527	8.66266e-007
-1.526	8.72668e-007
-1.525	8.79333e-007
-1.524	8.86289e-007
-1.523	8.93569e-007
-1.522	9.012e-007
-1.521	9.09211e-007
-1.52	9.17633e-007
-1.519	9.26493e-007
-1.518	9.3582e-007
-1.517	9.45642e-007
-1.516	9.55984e-007
-1.515	9.66873e-007
-1.514	9.78331e-007
-1.513	9.90386e-007
-1.512	1.00306e-006
-1.511	1.01636e-006
-1.51	1.03033e-006
-1.509	1.04497e-006
-1.508	1.0603e-006
-1.507	1.07634e-006
-1.506	1.0931e-006
-1.505	1.11058e-006
-1.504	1.1288e-006
-1.503	1.14777e-006
-1.502	1.16749e-006
-1.501	1.18796e-006
-1.5	1.20918e-006
-1.499	1.23115e-006
-1.498	1.25386e-006
-1.497	1.27732e-006
-1.496	1.30151e-006
-1.495	1.32641e-006
-1.494	1.35203e-006
-1.493	1.37834e-006
-1.492	1.40532e-006
-1.491	1.43296e-006
-1.49	1.46123e-006
-1.489	1.49011e-006
-1.488	1.51958e-006
-1.487	1.5496e-006
-1.486	1.58016e-006
-1.485	1.61121e-006
-1.484	1.64273e-006
-1.483	1.67468e-006
-1.482	1.70704e-006
-1.481	1.73975e-006
-1.48	1.77279e-006
-1.479	1.80612e-006
-1.478	1.83969e-006
-1.477	1.87348e-006
-1.476	1.90744e-006
-1.475	1.94153e-006
-1.474	1.97571e-006
-1.473	2.00994e-006
-1.472	2.04419e-006
-1.471	2.07842e-006
-1.47	2.11258e-006
-1.469	2.14664e-006
-1.468	2.18057e-006
-1.467	2.21433e-006
-1.466	2.24788e-006
-1.465	2.2812e-006
-1.464	2.31425e-006
-1.463	2.34701e-006
-1.462	2.37946e-006
-1.461	2.41156e-006
-1.46	2.4433e-006
-1.459	2.47465e-006
-1.458	2.5056e-006
-1.457	2.53615e-006
-1.456	2.56627e-006
-1.455	2.59596e-006
-1.454	2.62521e-006
-1.453	2.65403e-006
-1.452	2.68242e-006
-1.451	2.71038e-006
-1.45	2.73792e-006
-1.449	2.76505e-006
-1.448	2.79179e-006
-1.447	2.81815e-006
-1.446	2.84416e-006
-1.445	2.86985e-006
-1.444	2.89524e-006
-1.443	2.92036e-006
-1.442	2.94526e-006
-1.441	2.96996e-006
-1.44	2.99451e-006
-1.439	3.01896e-006
-1.438	3.04335e-006
-1.437	3.06773e-006
-1.436	3.09215e-006
-1.435	3.11667e-006
-1.434	3.14134e-006
-1.433	3.16623e-006
-1.432	3.19139e-006
-1.431	3.21688e-006
-1.43	3.24277e-006
-1.429	3.26914e-006
-1.428	3.29602e-006
-1.427	3.32351e-006
-1.426	3.35165e-006
-1.425	3.38053e-006
-1.424	3.4102e-006
-1.423	3.44073e-006
-1.422	3.47219e-006
-1.421	3.50465e-006
-1.42	3.53816e-006
-1.419	3.57279e-006
-1.418	3.60861e-006
-1.417	3.64567e-006
-1.416	3.68402e-006
-1.415	3.72373e-006
-1.414	3.76484e-006
-1.413	3.80741e-006
-1.412	3.85148e-006
-1.411	3.89709e-006
-1.41	3.94429e-006
-1.409	3.99312e-006
-1.408	4.04359e-006
-1.407	4.09575e-006
-1.406	4.14961e-006
-1.405	4.2052e-006
-1.404	4.26254e-006
-1.403	4.32164e-006
-1.402	4.3825e-006
-1.401	4.44513e-006
-1.4	4.50952e-006
-1.399	4.57567e-006
-1.398	4.64357e-006
-1.397	4.7132e-006
-1.396	4.78454e-006
-1.395	4.85757e-006
-1.394	4.93227e-006
-1.393	5.00858e-006
-1.392	5.08649e-006
-1.391	5.16595e-006
-1.39	5.24691e-006
-1.389	5.32932e-006
-1.388	5.41312e-006
-1.387	5.49828e-006
-1.386	5.58472e-006
-1.385	5.67238e-006
-1.384	5.76121e-006
-1.383	5.85112e-006
-1.382	5.94206e-006
-1.381	6.03395e-006
-1.38	6.12672e-006
-1.379	6.22029e-006
-1.378	6.31459e-006
-1.377	6.40955e-006
-1.376	6.50508e-006
-1.375	6.60112e-006
-1.374	6.69758e-006
-1.373	6.79441e-006
-1.372	6.89152e-006
-1.371	6.98884e-006
-1.37	7.08629e-006
-1.369	7.18383e-006
-1.368	7.28138e-006
-1.367	7.37887e-006
-1.366	7.47625e-006
-1.365	7.57346e-006
-1.364	7.67046e-006
-1.363	7.76718e-006
-1.362	7.8636e-006
-1.361	7.95967e-006
-1.36	8.05537e-006
-1.359	8.15064e-006
-1.358	8.24549e-006
-1.357	8.33988e-006
-1.356	8.4338e-006
-1.355	8.52726e-006
-1.354	8.62024e-006
-1.353	8.71277e-006
-1.352	8.80483e-006
-1.351	8.89645e-006
-1.35	8.98767e-006
-1.349	9.0785e-006
-1.348	9.16898e-006
-1.347	9.25917e-006
-1.346	9.34909e-006
-1.345	9.43881e-006
-1.344	9.52839e-006
-1.343	9.6179e-006
-1.342	9.70741e-006
-1.341	9.79698e-006
-1.34	9.88671e-006
-1.339	9.97667e-006
-1.338	1.0067e-005
-1.337	1.01577e-005
-1.336	1.0249e-005
-1.335	1.03409e-005
-1.334	1.04335e-005
-1.333	1.0527e-005
-1.332	1.06214e-005
-1.331	1.07169e-005
-1.33	1.08137e-005
-1.329	1.09117e-005
-1.328	1.10112e-005
-1.327	1.11122e-005
-1.326	1.12149e-005
-1.325	1.13194e-005
-1.324	1.14258e-005
-1.323	1.15342e-005
-1.322	1.16448e-005
-1.321	1.17577e-005
-1.32	1.18729e-005
-1.319	1.19906e-005
-1.318	1.21109e-005
-1.317	1.22339e-005
-1.316	1.23598e-005
-1.315	1.24885e-005
-1.314	1.26202e-005
-1.313	1.2755e-005
-1.312	1.28929e-005
-1.311	1.3034e-005
-1.31	1.31785e-005
-1.309	1.33263e-005
-1.308	1.34775e-005
-1.307	1.36322e-005
-1.306	1.37904e-005
-1.305	1.39521e-005
-1.304	1.41174e-005
-1.303	1.42863e-005
-1.302	1.44588e-005
-1.301	1.46349e-005
-1.3	1.48146e-005
-1.299	1.49979e-005
-1.298	1.51848e-005
-1.297	1.53753e-005
-1.296	1.55693e-005
-1.295	1.57668e-005
-1.294	1.59677e-005
-1.293	1.61721e-005
-1.292	1.63798e-005
-1.291	1.65908e-005
-1.29	1.6805e-005
-1.289	1.70224e-005
-1.288	1.72428e-005
-1.287	1.74663e-005
-1.286	1.76926e-005
-1.285	1.79218e-005
-1.284	1.81536e-005
-1.283	1.83881e-005
-1.282	1.86251e-005
-1.281	1.88645e-005
-1.28	1.91062e-005
-1.279	1.93501e-005
-1.278	1.95961e-005
-1.277	1.98442e-005
-1.276	2.00941e-005
-1.275	2.03457e-005
-1.274	2.05991e-005
-1.273	2.08541e-005
-1.272	2.11105e-005
-1.271	2.13683e-005
-1.27	2.16274e-005
-1.269	2.18877e-005
-1.268	2.21491e-005
-1.267	2.24116e-005
-1.266	2.2675e-005
-1.265	2.29394e-005
-1.264	2.32046e-005
-1.263	2.34705e-005
-1.262	2.37372e-005
-1.261	2.40046e-005
-1.26	2.42726e-005
-1.259	2.45413e-005
-1.258	2.48106e-005
-1.257	2.50805e-005
-1.256	2.53509e-005
-1.255	2.56221e-005
-1.254	2.58938e-005
-1.253	2.61662e-005
-1.252	2.64394e-005
-1.251	2.67132e-005
-1.25	2.69878e-005
-1.249	2.72633e-005
-1.248	2.75397e-005
-1.247	2.78171e-005
-1.246	2.80956e-005
-1.245	2.83752e-005
-1.244	2.86561e-005
-1.243	2.89385e-005
-1.242	2.92223e-005
-1.241	2.95078e-005
-1.24	2.97951e-005
-1.239	3.00842e-005
-1.238	3.03754e-005
-1.237	3.06689e-005
-1.236	3.09647e-005
-1.235	3.1263e-005
-1.234	3.1564e-005
-1.233	3.18678e-005
-1.232	3.21747e-005
-1.231	3.24848e-005
-1.23	3.27983e-005
-1.229	3.31153e-005
-1.228	3.34361e-005
-1.227	3.37608e-005
-1.226	3.40896e-005
-1.225	3.44227e-005
-1.224	3.47602e-005
-1.223	3.51023e-005
-1.222	3.54493e-005
-1.221	3.58012e-005
-1.22	3.61582e-005
-1.219	3.65205e-005
-1.218	3.68884e-005
-1.217	3.72617e-005
-1.216	3.76409e-005
-1.215	3.8026e-005
-1.214	3.84171e-005
-1.213	3.88144e-005
-1.212	3.92179e-005
-1.211	3.96279e-005
-1.21	4.00443e-005
-1.209	4.04674e-005
-1.208	4.08972e-005
-1.207	4.13337e-005
-1.206	4.17772e-005
-1.205	4.22275e-005
-1.204	4.26847e-005
-1.203	4.3149e-005
-1.202	4.36204e-005
-1.201	4.40988e-005
-1.2	4.45843e-005
-1.199	4.5077e-005
-1.198	4.55768e-005
-1.197	4.60837e-005
-1.196	4.65977e-005
-1.195	4.71189e-005
-1.194	4.7647e-005
-1.193	4.81822e-005
-1.192	4.87245e-005
-1.191	4.92736e-005
-1.19	4.98295e-005
-1.189	5.03924e-005
-1.188	5.09619e-005
-1.187	5.15382e-005
-1.186	5.21211e-005
-1.185	5.27105e-005
-1.184	5.33064e-005
-1.183	5.39086e-005
-1.182	5.45171e-005
-1.181	5.51318e-005
-1.18	5.57526e-005
-1.179	5.63795e-005
-1.178	5.70123e-005
-1.177	5.76509e-005
-1.176	5.82952e-005
-1.175	5.89452e-005
-1.174	5.96009e-005
-1.173	6.0262e-005
-1.172	6.09285e-005
-1.171	6.16005e-005
-1.17	6.22778e-005
-1.169	6.29604e-005
-1.168	6.36481e-005
-1.167	6.43409e-005
-1.166	6.50388e-005
-1.165	6.57419e-005
-1.164	6.645e-005
-1.163	6.71631e-005
-1.162	6.78812e-005
-1.161	6.86043e-005
-1.16	6.93326e-005
-1.159	7.00658e-005
-1.158	7.08042e-005
-1.157	7.15477e-005
-1.156	7.22962e-005
-1.155	7.305e-005
-1.154	7.38091e-005
-1.153	7.45736e-005
-1.152	7.53436e-005
-1.151	7.61191e-005
-1.15	7.69002e-005
-1.149	7.76872e-005
-1.148	7.848e-005
-1.147	7.92789e-005
-1.146	8.00839e-005
-1.145	8.08952e-005
-1.144	8.17131e-005
-1.143	8.25375e-005
-1.142	8.33689e-005
-1.141	8.42071e-005
-1.14	8.50528e-005
-1.139	8.59057e-005
-1.138	8.67663e-005
-1.137	8.76347e-005
-1.136	8.85112e-005
-1.135	8.9396e-005
-1.134	9.02891e-005
-1.133	9.1191e-005
-1.132	9.21019e-005
-1.131	9.30219e-005
-1.13	9.39513e-005
-1.129	9.48905e-005
-1.128	9.58395e-005
-1.127	9.67985e-005
-1.126	9.7768e-005
-1.125	9.8748e-005
-1.124	9.97389e-005
-1.123	0.000100741
-1.122	0.000101754
-1.121	0.000102779
-1.12	0.000103815
-1.119	0.000104864
-1.118	0.000105925
-1.117	0.000106998
-1.116	0.000108083
-1.115	0.000109182
-1.114	0.000110294
-1.113	0.000111418
-1.112	0.000112556
-1.111	0.000113708
-1.11	0.000114874
-1.109	0.000116053
-1.108	0.000117247
-1.107	0.000118454
-1.106	0.000119676
-1.105	0.000120913
-1.104	0.000122164
-1.103	0.00012343
-1.102	0.000124711
-1.101	0.000126007
-1.1	0.000127318
-1.099	0.000128644
-1.098	0.000129985
-1.097	0.000131342
-1.096	0.000132714
-1.095	0.000134102
-1.094	0.000135506
-1.093	0.000136925
-1.092	0.00013836
-1.091	0.000139811
-1.09	0.000141277
-1.089	0.00014276
-1.088	0.000144259
-1.087	0.000145773
-1.086	0.000147304
-1.085	0.00014885
-1.084	0.000150413
-1.083	0.000151992
-1.082	0.000153587
-1.081	0.000155199
-1.08	0.000156827
-1.079	0.000158471
-1.078	0.000160132
-1.077	0.000161809
-1.076	0.000163503
-1.075	0.000165213
-1.074	0.000166941
-1.073	0.000168684
-1.072	0.000170445
-1.071	0.000172223
-1.07	0.000174017
-1.069	0.000175828
-1.068	0.000177657
-1.067	0.000179503
-1.066	0.000181367
-1.065	0.000183248
-1.064	0.000185146
-1.063	0.000187062
-1.062	0.000188996
-1.061	0.000190949
-1.06	0.000192919
-1.059	0.000194908
-1.058	0.000196915
-1.057	0.000198941
-1.056	0.000200986
-1.055	0.00020305
-1.054	0.000205133
-1.053	0.000207236
-1.052	0.000209359
-1.051	0.000211501
-1.05	0.000213664
-1.049	0.000215847
-1.048	0.000218051
-1.047	0.000220276
-1.046	0.000222522
-1.045	0.000224789
-1.044	0.000227079
-1.043	0.00022939
-1.042	0.000231724
-1.041	0.00023408
-1.04	0.000236459
-1.039	0.000238862
-1.038	0.000241288
-1.037	0.000243738
-1.036	0.000246212
-1.035	0.000248711
-1.034	0.000251234
-1.033	0.000253783
-1.032	0.000256357
-1.031	0.000258957
-1.03	0.000261584
-1.029	0.000264236
-1.028	0.000266916
-1.027	0.000269623
-1.026	0.000272357
-1.025	0.000275119
-1.024	0.00027791
-1.023	0.000280729
-1.022	0.000283577
-1.021	0.000286454
-1.02	0.000289361
-1.019	0.000292298
-1.018	0.000295265
-1.017	0.000298263
-1.016	0.000301292
-1.015	0.000304353
-1.014	0.000307445
-1.013	0.000310569
-1.012	0.000313726
-1.011	0.000316915
-1.01	0.000320137
-1.009	0.000323393
-1.008	0.000326683
-1.007	0.000330007
-1.006	0.000333365
-1.005	0.000336759
-1.004	0.000340187
-1.003	0.000343651
-1.002	0.000347151
-1.001	0.000350687
-1	0.000354259
-0.999	0.000357869
-0.998	0.000361516
-0.997	0.0003652
-0.996	0.000368923
-0.995	0.000372683
-0.994	0.000376483
-0.993	0.000380321
-0.992	0.0003842
-0.991	0.000388118
-0.99	0.000392076
-0.989	0.000396075
-0.988	0.000400114
-0.987	0.000404195
-0.986	0.000408318
-0.985	0.000412483
-0.984	0.00041669
-0.983	0.000420941
-0.982	0.000425235
-0.981	0.000429572
-0.98	0.000433954
-0.979	0.00043838
-0.978	0.000442852
-0.977	0.000447369
-0.976	0.000451932
-0.975	0.000456542
-0.974	0.000461199
-0.973	0.000465902
-0.972	0.000470654
-0.971	0.000475454
-0.97	0.000480303
-0.969	0.0004852
-0.968	0.000490148
-0.967	0.000495146
-0.966	0.000500195
-0.965	0.000505296
-0.964	0.000510448
-0.963	0.000515653
-0.962	0.00052091
-0.961	0.000526221
-0.96	0.000531586
-0.959	0.000537006
-0.958	0.000542481
-0.957	0.000548012
-0.956	0.000553599
-0.955	0.000559242
-0.954	0.000564943
-0.953	0.000570703
-0.952	0.000576521
-0.951	0.000582399
-0.95	0.000588336
-0.949	0.000594333
-0.948	0.000600392
-0.947	0.000606512
-0.946	0.000612695
-0.945	0.00061894
-0.944	0.000625249
-0.943	0.000631622
-0.942	0.000638061
-0.941	0.000644564
-0.94	0.000651134
-0.939	0.000657771
-0.938	0.000664474
-0.937	0.000671247
-0.936	0.000678087
-0.935	0.000684997
-0.934	0.000691977
-0.933	0.000699028
-0.932	0.00070615
-0.931	0.000713344
-0.93	0.000720611
-0.929	0.000727951
-0.928	0.000735366
-0.927	0.000742855
-0.926	0.000750421
-0.925	0.000758062
-0.924	0.00076578
-0.923	0.000773576
-0.922	0.000781451
-0.921	0.000789404
-0.92	0.000797437
-0.919	0.000805552
-0.918	0.000813747
-0.917	0.000822026
-0.916	0.000830388
-0.915	0.000838832
-0.914	0.000847362
-0.913	0.000855976
-0.912	0.000864678
-0.911	0.000873467
-0.91	0.000882343
-0.909	0.000891308
-0.908	0.000900363
-0.907	0.000909509
-0.906	0.000918746
-0.905	0.000928076
-0.904	0.000937499
-0.903	0.000947017
-0.902	0.000956629
-0.901	0.000966339
-0.9	0.000976145
-0.899	0.00098605
-0.898	0.000996054
-0.897	0.00100616
-0.896	0.00101637
-0.895	0.00102667
-0.894	0.00103709
-0.893	0.0010476
-0.892	0.00105823
-0.891	0.00106896
-0.89	0.0010798
-0.889	0.00109074
-0.888	0.0011018
-0.887	0.00111297
-0.886	0.00112425
-0.885	0.00113565
-0.884	0.00114717
-0.883	0.0011588
-0.882	0.00117054
-0.881	0.00118241
-0.88	0.0011944
-0.879	0.00120651
-0.878	0.00121874
-0.877	0.0012311
-0.876	0.00124359
-0.875	0.0012562
-0.874	0.00126895
-0.873	0.00128182
-0.872	0.00129482
-0.871	0.00130796
-0.87	0.00132123
-0.869	0.00133464
-0.868	0.00134819
-0.867	0.00136188
-0.866	0.00137571
-0.865	0.00138967
-0.864	0.00140379
-0.863	0.00141805
-0.862	0.00143245
-0.861	0.00144701
-0.86	0.00146171
-0.859	0.00147657
-0.858	0.00149158
-0.857	0.00150675
-0.856	0.00152207
-0.855	0.00153755
-0.854	0.00155319
-0.853	0.00156899
-0.852	0.00158496
-0.851	0.00160109
-0.85	0.00161738
-0.849	0.00163385
-0.848	0.00165048
-0.847	0.00166728
-0.846	0.00168426
-0.845	0.00170141
-0.844	0.00171874
-0.843	0.00173625
-0.842	0.00175394
-0.841	0.0017718
-0.84	0.00178986
-0.839	0.00180809
-0.838	0.00182652
-0.837	0.00184513
-0.836	0.00186393
-0.835	0.00188293
-0.834	0.00190212
-0.833	0.0019215
-0.832	0.00194109
-0.831	0.00196087
-0.83	0.00198085
-0.829	0.00200103
-0.828	0.00202143
-0.827	0.00204202
-0.826	0.00206283
-0.825	0.00208385
-0.824	0.00210508
-0.823	0.00212653
-0.822	0.00214819
-0.821	0.00217007
-0.82	0.00219217
-0.819	0.0022145
-0.818	0.00223705
-0.817	0.00225982
-0.816	0.00228283
-0.815	0.00230607
-0.814	0.00232954
-0.813	0.00235325
-0.812	0.00237719
-0.811	0.00240138
-0.81	0.00242582
-0.809	0.00245049
-0.808	0.00247542
-0.807	0.00250059
-0.806	0.00252602
-0.805	0.0025517
-0.804	0.00257764
-0.803	0.00260384
-0.802	0.00263031
-0.801	0.00265704
-0.8	0.00268404
-0.799	0.00271131
-0.798	0.00273885
-0.797	0.00276667
-0.796	0.00279478
-0.795	0.00282316
-0.794	0.00285183
-0.793	0.00288079
-0.792	0.00291004
-0.791	0.00293959
-0.79	0.00296943
-0.789	0.00299958
-0.788	0.00303003
-0.787	0.00306079
-0.786	0.00309186
-0.785	0.00312324
-0.784	0.00315495
-0.783	0.00318697
-0.782	0.00321932
-0.781	0.003252
-0.78	0.00328501
-0.779	0.00331835
-0.778	0.00335204
-0.777	0.00338607
-0.776	0.00342044
-0.775	0.00345517
-0.774	0.00349025
-0.773	0.00352568
-0.772	0.00356148
-0.771	0.00359765
-0.77	0.00363418
-0.769	0.00367109
-0.768	0.00370838
-0.767	0.00374604
-0.766	0.0037841
-0.765	0.00382254
-0.764	0.00386138
-0.763	0.00390061
-0.762	0.00394025
-0.761	0.0039803
-0.76	0.00402075
-0.759	0.00406163
-0.758	0.00410291
-0.757	0.00414463
-0.756	0.00418677
-0.755	0.00422935
-0.754	0.00427236
-0.753	0.00431582
-0.752	0.00435972
-0.751	0.00440407
-0.75	0.00444887
-0.749	0.00449414
-0.748	0.00453987
-0.747	0.00458607
-0.746	0.00463275
-0.745	0.0046799
-0.744	0.00472754
-0.743	0.00477566
-0.742	0.00482428
-0.741	0.00487339
-0.74	0.00492302
-0.739	0.00497314
-0.738	0.00502378
-0.737	0.00507494
-0.736	0.00512662
-0.735	0.00517883
-0.734	0.00523157
-0.733	0.00528485
-0.732	0.00533868
-0.731	0.00539305
-0.73	0.00544798
-0.729	0.00550347
-0.728	0.00555952
-0.727	0.00561614
-0.726	0.00567335
-0.725	0.00573113
-0.724	0.0057895
-0.723	0.00584847
-0.722	0.00590804
-0.721	0.00596821
-0.72	0.00602899
-0.719	0.00609039
-0.718	0.00615242
-0.717	0.00621507
-0.716	0.00627836
-0.715	0.00634229
-0.714	0.00640687
-0.713	0.00647211
-0.712	0.006538
-0.711	0.00660456
-0.71	0.0066718
-0.709	0.00673972
-0.708	0.00680833
-0.707	0.00687764
-0.706	0.00694765
-0.705	0.00701836
-0.704	0.00708979
-0.703	0.00716195
-0.702	0.00723484
-0.701	0.00730846
-0.7	0.00738283
-0.699	0.00745795
-0.698	0.00753383
-0.697	0.00761049
-0.696	0.00768792
-0.695	0.00776614
-0.694	0.00784515
-0.693	0.00792495
-0.692	0.00800557
-0.691	0.008087
-0.69	0.00816926
-0.689	0.00825235
-0.688	0.00833629
-0.687	0.00842108
-0.686	0.00850672
-0.685	0.00859324
-0.684	0.00868064
-0.683	0.00876892
-0.682	0.0088581
-0.681	0.00894819
-0.68	0.00903919
-0.679	0.00913111
-0.678	0.00922397
-0.677	0.00931778
-0.676	0.00941253
-0.675	0.00950825
-0.674	0.00960495
-0.673	0.00970263
-0.672	0.0098013
-0.671	0.00990097
-0.67	0.0100017
-0.669	0.0101034
-0.668	0.0102061
-0.667	0.0103099
-0.666	0.0104148
-0.665	0.0105207
-0.664	0.0106277
-0.663	0.0107358
-0.662	0.010845
-0.661	0.0109553
-0.66	0.0110668
-0.659	0.0111794
-0.658	0.0112931
-0.657	0.011408
-0.656	0.011524
-0.655	0.0116413
-0.654	0.0117597
-0.653	0.0118794
-0.652	0.0120002
-0.651	0.0121223
-0.65	0.0122457
-0.649	0.0123703
-0.648	0.0124962
-0.647	0.0126233
-0.646	0.0127518
-0.645	0.0128816
-0.644	0.0130127
-0.643	0.0131451
-0.642	0.0132789
-0.641	0.0134141
-0.64	0.0135506
-0.639	0.0136886
-0.638	0.0138279
-0.637	0.0139687
-0.636	0.0141109
-0.635	0.0142545
-0.634	0.0143996
-0.633	0.0145462
-0.632	0.0146943
-0.631	0.0148439
-0.63	0.014995
-0.629	0.0151477
-0.628	0.0153019
-0.627	0.0154577
-0.626	0.0156151
-0.625	0.0157741
-0.624	0.0159347
-0.623	0.016097
-0.622	0.0162609
-0.621	0.0164264
-0.62	0.0165937
-0.619	0.0167626
-0.618	0.0169333
-0.617	0.0171058
-0.616	0.0172799
-0.615	0.0174559
-0.614	0.0176336
-0.613	0.0178132
-0.612	0.0179946
-0.611	0.0181778
-0.61	0.0183628
-0.609	0.0185498
-0.608	0.0187387
-0.607	0.0189295
-0.606	0.0191222
-0.605	0.019317
-0.604	0.0195136
-0.603	0.0197123
-0.602	0.019913
-0.601	0.0201158
-0.6	0.0203206
-0.599	0.0205275
-0.598	0.0207365
-0.597	0.0209476
-0.596	0.0211609
-0.595	0.0213763
-0.594	0.0215939
-0.593	0.0218138
-0.592	0.0220358
-0.591	0.0222602
-0.59	0.0224868
-0.589	0.0227157
-0.588	0.022947
-0.587	0.0231806
-0.586	0.0234166
-0.585	0.023655
-0.584	0.0238958
-0.583	0.024139
-0.582	0.0243848
-0.581	0.024633
-0.58	0.0248838
-0.579	0.0251371
-0.578	0.0253929
-0.577	0.0256514
-0.576	0.0259125
-0.575	0.0261763
-0.574	0.0264427
-0.573	0.0267119
-0.572	0.0269838
-0.571	0.0272584
-0.57	0.0275359
-0.569	0.0278161
-0.568	0.0280993
-0.567	0.0283853
-0.566	0.0286742
-0.565	0.0289661
-0.564	0.0292609
-0.563	0.0295587
-0.562	0.0298596
-0.561	0.0301635
-0.56	0.0304705
-0.559	0.0307806
-0.558	0.0310939
-0.557	0.0314103
-0.556	0.03173
-0.555	0.032053
-0.554	0.0323792
-0.553	0.0327087
-0.552	0.0330417
-0.551	0.0333779
-0.55	0.0337177
-0.549	0.0340608
-0.548	0.0344075
-0.547	0.0347577
-0.546	0.0351115
-0.545	0.0354688
-0.544	0.0358298
-0.543	0.0361946
-0.542	0.0365629
-0.541	0.0369351
-0.54	0.0373111
-0.539	0.0376908
-0.538	0.0380745
-0.537	0.038462
-0.536	0.0388535
-0.535	0.039249
-0.534	0.0396485
-0.533	0.0400521
-0.532	0.0404598
-0.531	0.0408717
-0.53	0.0412877
-0.529	0.0417081
-0.528	0.0421326
-0.527	0.0425615
-0.526	0.0429948
-0.525	0.0434325
-0.524	0.0438746
-0.523	0.0443213
-0.522	0.0447726
-0.521	0.0452284
-0.52	0.0456888
-0.519	0.046154
-0.518	0.0466239
-0.517	0.0470986
-0.516	0.0475781
-0.515	0.0480625
-0.514	0.0485518
-0.513	0.0490462
-0.512	0.0495456
-0.511	0.05005
-0.51	0.0505596
-0.509	0.0510743
-0.508	0.0515944
-0.507	0.0521197
-0.506	0.0526504
-0.505	0.0531865
-0.504	0.053728
-0.503	0.0542751
-0.502	0.0548277
-0.501	0.0553859
-0.5	0.0559499
-0.499	0.0565195
-0.498	0.0570951
-0.497	0.0576764
-0.496	0.0582636
-0.495	0.0588569
-0.494	0.0594561
-0.493	0.0600615
-0.492	0.060673
-0.491	0.0612908
-0.49	0.0619148
-0.489	0.0625453
-0.488	0.0631821
-0.487	0.0638254
-0.486	0.0644752
-0.485	0.0651317
-0.484	0.0657949
-0.483	0.0664648
-0.482	0.0671415
-0.481	0.0678251
-0.48	0.0685157
-0.479	0.0692132
-0.478	0.0699179
-0.477	0.0706298
-0.476	0.071349
-0.475	0.0720754
-0.474	0.0728092
-0.473	0.0735505
-0.472	0.0742993
-0.471	0.0750558
-0.47	0.0758199
-0.469	0.0765919
-0.468	0.0773716
-0.467	0.0781594
-0.466	0.0789552
-0.465	0.079759
-0.464	0.080571
-0.463	0.0813913
-0.462	0.08222
-0.461	0.083057
-0.46	0.0839025
-0.459	0.0847567
-0.458	0.0856196
-0.457	0.0864913
-0.456	0.0873717
-0.455	0.0882611
-0.454	0.0891598
-0.453	0.0900674
-0.452	0.0909843
-0.451	0.0919105
-0.45	0.0928461
-0.449	0.0937913
-0.448	0.0947461
-0.447	0.0957106
-0.446	0.096685
-0.445	0.0976691
-0.444	0.0986633
-0.443	0.0996677
-0.442	0.100682
-0.441	0.101707
-0.44	0.102742
-0.439	0.103788
-0.438	0.104845
-0.437	0.105912
-0.436	0.10699
-0.435	0.108079
-0.434	0.109179
-0.433	0.110291
-0.432	0.111413
-0.431	0.112548
-0.43	0.113693
-0.429	0.114851
-0.428	0.11602
-0.427	0.117201
-0.426	0.118394
-0.425	0.119599
-0.424	0.120816
-0.423	0.122046
-0.422	0.123289
-0.421	0.124543
-0.42	0.125811
-0.419	0.127092
-0.418	0.128386
-0.417	0.129693
-0.416	0.131013
-0.415	0.132347
-0.414	0.133739
-0.413	0.135238
-0.412	0.136845
-0.411	0.13856
-0.41	0.140385
-0.409	0.14232
-0.408	0.144365
-0.407	0.146521
-0.406	0.148786
-0.405	0.151162
-0.404	0.153647
-0.403	0.15624
-0.402	0.15894
-0.401	0.161747
-0.4	0.164659
-0.399	0.167674
-0.398	0.17079
-0.397	0.174006
-0.396	0.177319
-0.395	0.180727
-0.394	0.184228
-0.393	0.187818
-0.392	0.191495
-0.391	0.195256
-0.39	0.199097
-0.389	0.203016
-0.388	0.207009
-0.387	0.211073
-0.386	0.215204
-0.385	0.219398
-0.384	0.223652
-0.383	0.227961
-0.382	0.232322
-0.381	0.236731
-0.38	0.241184
-0.379	0.245677
-0.378	0.250206
-0.377	0.254766
-0.376	0.259354
-0.375	0.263965
-0.374	0.268597
-0.373	0.273244
-0.372	0.277903
-0.371	0.28257
-0.37	0.28724
-0.369	0.291912
-0.368	0.29658
-0.367	0.301242
-0.366	0.305894
-0.365	0.310533
-0.364	0.315209
-0.363	0.319977
-0.362	0.324826
-0.361	0.329753
-0.36	0.334747
-0.359	0.3398
-0.358	0.344906
-0.357	0.350055
-0.356	0.355239
-0.355	0.360451
-0.354	0.365682
-0.353	0.370924
-0.352	0.376167
-0.351	0.381405
-0.35	0.386629
-0.349	0.391829
-0.348	0.397001
-0.347	0.402131
-0.346	0.407215
-0.345	0.412244
-0.344	0.417209
-0.343	0.422104
-0.342	0.42692
-0.341	0.431648
-0.34	0.436284
-0.339	0.440818
-0.338	0.445243
-0.337	0.449553
-0.336	0.453741
-0.335	0.457801
-0.334	0.461724
-0.333	0.465509
-0.332	0.469144
-0.331	0.472628
-0.33	0.475953
-0.329	0.479115
-0.328	0.482108
-0.327	0.48493
-0.326	0.487574
-0.325	0.490036
-0.324	0.492315
-0.323	0.494404
-0.322	0.496304
-0.321	0.498008
-0.32	0.499517
-0.319	0.500827
-0.318	0.501936
-0.317	0.502845
-0.316	0.503549
-0.315	0.50405
-0.314	0.504347
-0.313	0.504441
-0.312	0.504329
-0.311	0.504015
-0.31	0.503497
-0.309	0.502779
-0.308	0.501861
-0.307	0.500746
-0.306	0.499434
-0.305	0.497931
-0.304	0.496236
-0.303	0.494355
-0.302	0.492291
-0.301	0.490047
-0.3	0.487628
-0.299	0.485038
-0.298	0.482282
-0.297	0.479364
-0.296	0.476291
-0.295	0.473066
-0.294	0.469698
-0.293	0.466189
-0.292	0.46255
-0.291	0.458783
-0.29	0.454897
-0.289	0.450899
-0.288	0.446794
-0.287	0.442593
-0.286	0.438298
-0.285	0.433922
-0.284	0.429469
-0.283	0.424948
-0.282	0.420368
-0.281	0.415735
-0.28	0.411058
-0.279	0.406345
-0.278	0.401605
-0.277	0.396846
-0.276	0.392075
-0.275	0.387302
-0.274	0.382535
-0.273	0.377781
-0.272	0.37305
-0.271	0.368349
-0.27	0.363688
-0.269	0.359073
-0.268	0.354513
-0.267	0.350016
-0.266	0.34559
-0.265	0.341242
-0.264	0.336981
-0.263	0.332813
-0.262	0.328746
-0.261	0.324788
-0.26	0.320944
-0.259	0.317223
-0.258	0.313631
-0.257	0.310172
-0.256	0.306856
-0.255	0.303686
-0.254	0.300669
-0.253	0.29781
-0.252	0.295113
-0.251	0.292586
-0.25	0.290231
-0.249	0.288053
-0.248	0.286056
-0.247	0.284244
-0.246	0.28262
-0.245	0.281187
-0.244	0.27995
-0.243	0.278908
-0.242	0.278064
-0.241	0.277422
-0.24	0.276982
-0.239	0.276744
-0.238	0.276711
-0.237	0.276882
-0.236	0.277257
-0.235	0.277838
-0.234	0.278621
-0.233	0.279608
-0.232	0.280797
-0.231	0.282185
-0.23	0.283772
-0.229	0.285554
-0.228	0.287531
-0.227	0.289697
-0.226	0.292051
-0.225	0.294589
-0.224	0.297308
-0.223	0.300202
-0.222	0.303268
-0.221	0.3065
-0.22	0.309895
-0.219	0.313447
-0.218	0.317149
-0.217	0.320998
-0.216	0.324985
-0.215	0.329107
-0.214	0.333355
-0.213	0.337724
-0.212	0.342206
-0.211	0.346794
-0.21	0.351482
-0.209	0.356261
-0.208	0.361125
-0.207	0.366066
-0.206	0.371075
-0.205	0.376146
-0.204	0.381269
-0.203	0.386438
-0.202	0.391643
-0.201	0.396876
-0.2	0.40213
-0.199	0.407396
-0.198	0.412666
-0.197	0.41793
-0.196	0.423182
-0.195	0.428412
-0.194	0.433613
-0.193	0.438776
-0.192	0.443893
-0.191	0.448956
-0.19	0.453957
-0.189	0.458888
-0.188	0.46374
-0.187	0.468509
-0.186	0.473184
-0.185	0.477759
-0.184	0.482227
-0.183	0.48658
-0.182	0.490813
-0.181	0.494917
-0.18	0.498888
-0.179	0.502718
-0.178	0.506402
-0.177	0.509934
-0.176	0.51331
-0.175	0.516521
-0.174	0.519566
-0.173	0.522439
-0.172	0.525135
-0.171	0.527652
-0.17	0.529983
-0.169	0.532128
-0.168	0.534081
-0.167	0.535841
-0.166	0.537405
-0.165	0.53877
-0.164	0.539936
-0.163	0.5409
-0.162	0.541661
-0.161	0.542219
-0.16	0.542572
-0.159	0.542723
-0.158	0.542667
-0.157	0.54241
-0.156	0.541948
-0.155	0.541286
-0.154	0.540425
-0.153	0.539365
-0.152	0.538109
-0.151	0.536659
-0.15	0.53502
-0.149	0.533193
-0.148	0.531182
-0.147	0.528991
-0.146	0.526625
-0.145	0.524087
-0.144	0.521381
-0.143	0.518514
-0.142	0.51549
-0.141	0.512314
-0.14	0.508993
-0.139	0.505533
-0.138	0.501938
-0.137	0.498217
-0.136	0.494375
-0.135	0.49042
-0.134	0.486358
-0.133	0.482196
-0.132	0.477943
-0.131	0.473605
-0.13	0.46919
-0.129	0.464706
-0.128	0.460161
-0.127	0.455562
-0.126	0.450918
-0.125	0.446238
-0.124	0.441528
-0.123	0.436798
-0.122	0.432056
-0.121	0.427309
-0.12	0.422568
-0.119	0.417838
-0.118	0.413131
-0.117	0.408452
-0.116	0.403812
-0.115	0.399216
-0.114	0.394674
-0.113	0.390196
-0.112	0.385785
-0.111	0.381452
-0.11	0.377205
-0.109	0.37305
-0.108	0.368995
-0.107	0.365047
-0.106	0.361214
-0.105	0.357501
-0.104	0.353916
-0.103	0.350464
-0.102	0.347154
-0.101	0.34399
-0.1	0.340975