-4	5.67424e-011
-3.999	5.67949e-011
-3.998	5.64231e-011
-3.997	5.62792e-011
-3.996	5.6425e-011
-3.995	5.62473e-011
-3.994	5.60795e-011
-3.993	5.61934e-011
-3.992	5.61022e-011
-3.991	5.59412e-011
-3.99	5.59571e-011
-3.989	5.58087e-011
-3.988	5.57923e-011
-3.987	5.58577e-011
-3.986	5.56218e-011
-3.985	5.55966e-011
-3.984	5.55968e-011
-3.983	5.5444e-011
-3.982	5.53457e-011
-3.981	5.51036e-011
-3.98	5.50681e-011
-3.979	5.4961e-011
-3.978	5.46807e-011
-3.977	5.47327e-011
-3.976	5.44974e-011
-3.975	5.41937e-011
-3.974	5.41988e-011
-3.973	5.40396e-011
-3.972	5.40236e-011
-3.971	5.38893e-011
-3.97	5.34611e-011
-3.969	5.33011e-011
-3.968	5.31032e-011
-3.967	5.28048e-011
-3.966	5.26589e-011
-3.965	5.2432e-011
-3.964	5.21555e-011
-3.963	5.19698e-011
-3.962	5.1779e-011
-3.961	5.16414e-011
-3.96	5.1546e-011
-3.959	5.13222e-011
-3.958	5.12179e-011
-3.957	5.10383e-011
-3.956	5.05343e-011
-3.955	5.0349e-011
-3.954	5.02416e-011
-3.953	4.99583e-011
-3.952	4.97997e-011
-3.951	4.92925e-011
-3.95	4.8842e-011
-3.949	4.8761e-011
-3.948	4.85149e-011
-3.947	4.82491e-011
-3.946	4.78678e-011
-3.945	4.76781e-011
-3.944	4.76271e-011
-3.943	4.70694e-011
-3.942	4.68799e-011
-3.941	4.68582e-011
-3.94	4.63158e-011
-3.939	4.59984e-011
-3.938	4.57594e-011
-3.937	4.54688e-011
-3.936	4.52347e-011
-3.935	4.47874e-011
-3.934	4.44285e-011
-3.933	4.4243e-011
-3.932	4.40526e-011
-3.931	4.3731e-011
-3.93	4.33989e-011
-3.929	4.32815e-011
-3.928	4.29087e-011
-3.927	4.23215e-011
-3.926	4.21259e-011
-3.925	4.1913e-011
-3.924	4.14476e-011
-3.923	4.12328e-011
-3.922	4.09564e-011
-3.921	4.05212e-011
-3.92	4.03856e-011
-3.919	4.01907e-011
-3.918	3.97779e-011
-3.917	3.94511e-011
-3.916	3.91817e-011
-3.915	3.87941e-011
-3.914	3.8498e-011
-3.913	3.83719e-011
-3.912	3.79484e-011
-3.911	3.76189e-011
-3.91	3.74045e-011
-3.909	3.68425e-011
-3.908	3.65225e-011
-3.907	3.6293e-011
-3.906	3.59955e-011
-3.905	3.58866e-011
-3.904	3.5563e-011
-3.903	3.52144e-011
-3.902	3.50309e-011
-3.901	3.48654e-011
-3.9	3.46111e-011
-3.899	3.41538e-011
-3.898	3.38794e-011
-3.897	3.36692e-011
-3.896	3.33108e-011
-3.895	3.30841e-011
-3.894	3.27014e-011
-3.893	3.23338e-011
-3.892	3.21874e-011
-3.891	3.18628e-011
-3.89	3.16687e-011
-3.889	3.15712e-011
-3.888	3.12747e-011
-3.887	3.09215e-011
-3.886	3.05861e-011
-3.885	3.04533e-011
-3.884	3.03558e-011
-3.883	3.0233e-011
-3.882	2.99361e-011
-3.881	2.9458e-011
-3.88	2.94174e-011
-3.879	2.93031e-011
-3.878	2.88964e-011
-3.877	2.8767e-011
-3.876	2.85659e-011
-3.875	2.83227e-011
-3.874	2.81632e-011
-3.873	2.7911e-011
-3.872	2.78638e-011
-3.871	2.77189e-011
-3.87	2.73401e-011
-3.869	2.71959e-011
-3.868	2.69932e-011
-3.867	2.68368e-011
-3.866	2.68507e-011
-3.865	2.66338e-011
-3.864	2.65954e-011
-3.863	2.6676e-011
-3.862	2.6481e-011
-3.861	2.61492e-011
-3.86	2.5943e-011
-3.859	2.60114e-011
-3.858	2.57885e-011
-3.857	2.54733e-011
-3.856	2.54851e-011
-3.855	2.53984e-011
-3.854	2.54504e-011
-3.853	2.53725e-011
-3.852	2.49954e-011
-3.851	2.50937e-011
-3.85	2.51539e-011
-3.849	2.49417e-011
-3.848	2.50097e-011
-3.847	2.49297e-011
-3.846	2.48276e-011
-3.845	2.5017e-011
-3.844	2.49682e-011
-3.843	2.48049e-011
-3.842	2.48459e-011
-3.841	2.48597e-011
-3.84	2.48722e-011
-3.839	2.49069e-011
-3.838	2.47798e-011
-3.837	2.47392e-011
-3.836	2.48443e-011
-3.835	2.47626e-011
-3.834	2.469e-011
-3.833	2.48419e-011
-3.832	2.49504e-011
-3.831	2.48596e-011
-3.83	2.49639e-011
-3.829	2.5233e-011
-3.828	2.51087e-011
-3.827	2.51919e-011
-3.826	2.55328e-011
-3.825	2.54268e-011
-3.824	2.54573e-011
-3.823	2.55777e-011
-3.822	2.56324e-011
-3.821	2.58899e-011
-3.82	2.58561e-011
-3.819	2.58603e-011
-3.818	2.61916e-011
-3.817	2.63984e-011
-3.816	2.63652e-011
-3.815	2.63822e-011
-3.814	2.67334e-011
-3.813	2.68675e-011
-3.812	2.6806e-011
-3.811	2.7043e-011
-3.81	2.72321e-011
-3.809	2.75048e-011
-3.808	2.78434e-011
-3.807	2.78384e-011
-3.806	2.78987e-011
-3.805	2.81159e-011
-3.804	2.83298e-011
-3.803	2.85624e-011
-3.802	2.8616e-011
-3.801	2.877e-011
-3.8	2.89641e-011
-3.799	2.91263e-011
-3.798	2.95866e-011
-3.797	2.98409e-011
-3.796	3.00462e-011
-3.795	3.05212e-011
-3.794	3.06716e-011
-3.793	3.06644e-011
-3.792	3.09608e-011
-3.791	3.13073e-011
-3.79	3.13967e-011
-3.789	3.16302e-011
-3.788	3.19629e-011
-3.787	3.2075e-011
-3.786	3.23963e-011
-3.785	3.28052e-011
-3.784	3.30961e-011
-3.783	3.33723e-011
-3.782	3.35496e-011
-3.781	3.37196e-011
-3.78	3.39513e-011
-3.779	3.43368e-011
-3.778	3.46785e-011
-3.777	3.48996e-011
-3.776	3.52096e-011
-3.775	3.544e-011
-3.774	3.57842e-011
-3.773	3.61394e-011
-3.772	3.62254e-011
-3.771	3.66188e-011
-3.77	3.70379e-011
-3.769	3.71078e-011
-3.768	3.74201e-011
-3.767	3.78346e-011
-3.766	3.81101e-011
-3.765	3.83779e-011
-3.764	3.87314e-011
-3.763	3.90806e-011
-3.762	3.91349e-011
-3.761	3.95002e-011
-3.76	4.00868e-011
-3.759	4.0169e-011
-3.758	4.05358e-011
-3.757	4.09982e-011
-3.756	4.11258e-011
-3.755	4.15688e-011
-3.754	4.18069e-011
-3.753	4.20089e-011
-3.752	4.2482e-011
-3.751	4.2601e-011
-3.75	4.27823e-011
-3.749	4.32195e-011
-3.748	4.36606e-011
-3.747	4.38911e-011
-3.746	4.39219e-011
-3.745	4.43138e-011
-3.744	4.46827e-011
-3.743	4.47099e-011
-3.742	4.51247e-011
-3.741	4.5636e-011
-3.74	4.57734e-011
-3.739	4.596e-011
-3.738	4.62616e-011
-3.737	4.67788e-011
-3.736	4.71327e-011
-3.735	4.72529e-011
-3.734	4.75805e-011
-3.733	4.76119e-011
-3.732	4.78476e-011
-3.731	4.83586e-011
-3.73	4.84961e-011
-3.729	4.87693e-011
-3.728	4.91536e-011
-3.727	4.94627e-011
-3.726	4.95543e-011
-3.725	4.97503e-011
-3.724	5.01108e-011
-3.723	5.00204e-011
-3.722	5.02809e-011
-3.721	5.07439e-011
-3.72	5.08181e-011
-3.719	5.11727e-011
-3.718	5.14994e-011
-3.717	5.15319e-011
-3.716	5.17429e-011
-3.715	5.21071e-011
-3.714	5.21098e-011
-3.713	5.21633e-011
-3.712	5.27008e-011
-3.711	5.26257e-011
-3.71	5.25777e-011
-3.709	5.32399e-011
-3.708	5.32337e-011
-3.707	5.32495e-011
-3.706	5.36942e-011
-3.705	5.37268e-011
-3.704	5.38724e-011
-3.703	5.39369e-011
-3.702	5.39681e-011
-3.701	5.43566e-011
-3.7	5.45696e-011
-3.699	5.46996e-011
-3.698	5.47077e-011
-3.697	5.47098e-011
-3.696	5.49045e-011
-3.695	5.477e-011
-3.694	5.47379e-011
-3.693	5.50311e-011
-3.692	5.51875e-011
-3.691	5.52523e-011
-3.69	5.53607e-011
-3.689	5.55728e-011
-3.688	5.56091e-011
-3.687	5.55969e-011
-3.686	5.56725e-011
-3.685	5.56045e-011
-3.684	5.55606e-011
-3.683	5.56557e-011
-3.682	5.58115e-011
-3.681	5.58659e-011
-3.68	5.58939e-011
-3.679	5.57612e-011
-3.678	5.57016e-011
-3.677	5.58724e-011
-3.676	5.57942e-011
-3.675	5.58288e-011
-3.674	5.58756e-011
-3.673	5.56994e-011
-3.672	5.55404e-011
-3.671	5.55322e-011
-3.67	5.57206e-011
-3.669	5.56674e-011
-3.668	5.54149e-011
-3.667	5.5209e-011
-3.666	5.52736e-011
-3.665	5.53695e-011
-3.664	5.511e-011
-3.663	5.50215e-011
-3.662	5.50696e-011
-3.661	5.49377e-011
-3.66	5.47832e-011
-3.659	5.4665e-011
-3.658	5.47564e-011
-3.657	5.48274e-011
-3.656	5.4394e-011
-3.655	5.40439e-011
-3.654	5.41069e-011
-3.653	5.40937e-011
-3.652	5.38624e-011
-3.651	5.35396e-011
-3.65	5.35661e-011
-3.649	5.35369e-011
-3.648	5.32282e-011
-3.647	5.31124e-011
-3.646	5.28182e-011
-3.645	5.25749e-011
-3.644	5.23587e-011
-3.643	5.21187e-011
-3.642	5.20975e-011
-3.641	5.18857e-011
-3.64	5.18928e-011
-3.639	5.17417e-011
-3.638	5.12343e-011
-3.637	5.09983e-011
-3.636	5.08119e-011
-3.635	5.05287e-011
-3.634	5.01231e-011
-3.633	5.00487e-011
-3.632	4.99473e-011
-3.631	4.95788e-011
-3.63	4.95527e-011
-3.629	4.94842e-011
-3.628	4.91538e-011
-3.627	4.87909e-011
-3.626	4.85714e-011
-3.625	4.82135e-011
-3.624	4.79163e-011
-3.623	4.77503e-011
-3.622	4.74079e-011
-3.621	4.71956e-011
-3.62	4.6644e-011
-3.619	4.62541e-011
-3.618	4.62162e-011
-3.617	4.58296e-011
-3.616	4.57316e-011
-3.615	4.55981e-011
-3.614	4.5162e-011
-3.613	4.4988e-011
-3.612	4.47102e-011
-3.611	4.42126e-011
-3.61	4.40342e-011
-3.609	4.37403e-011
-3.608	4.3236e-011
-3.607	4.32411e-011
-3.606	4.28609e-011
-3.605	4.2361e-011
-3.604	4.22241e-011
-3.603	4.17297e-011
-3.602	4.15919e-011
-3.601	4.14234e-011
-3.6	4.10629e-011
-3.599	4.0776e-011
-3.598	4.02772e-011
-3.597	4.01067e-011
-3.596	3.98082e-011
-3.595	3.94461e-011
-3.594	3.91607e-011
-3.593	3.86735e-011
-3.592	3.84158e-011
-3.591	3.812e-011
-3.59	3.7708e-011
-3.589	3.75116e-011
-3.588	3.73871e-011
-3.587	3.71593e-011
-3.586	3.68063e-011
-3.585	3.64158e-011
-3.584	3.62258e-011
-3.583	3.59338e-011
-3.582	3.55651e-011
-3.581	3.53061e-011
-3.58	3.49888e-011
-3.579	3.47414e-011
-3.578	3.42583e-011
-3.577	3.40107e-011
-3.576	3.39375e-011
-3.575	3.35671e-011
-3.574	3.33713e-011
-3.573	3.29682e-011
-3.572	3.26495e-011
-3.571	3.24017e-011
-3.57	3.20767e-011
-3.569	3.20026e-011
-3.568	3.15574e-011
-3.567	3.12961e-011
-3.566	3.11234e-011
-3.565	3.07745e-011
-3.564	3.06923e-011
-3.563	3.03695e-011
-3.562	3.01754e-011
-3.561	2.99524e-011
-3.56	2.94882e-011
-3.559	2.93604e-011
-3.558	2.92918e-011
-3.557	2.90266e-011
-3.556	2.86931e-011
-3.555	2.84642e-011
-3.554	2.84894e-011
-3.553	2.82908e-011
-3.552	2.78355e-011
-3.551	2.76383e-011
-3.55	2.72767e-011
-3.549	2.72076e-011
-3.548	2.73014e-011
-3.547	2.69979e-011
-3.546	2.6945e-011
-3.545	2.67986e-011
-3.544	2.64841e-011
-3.543	2.6326e-011
-3.542	2.62523e-011
-3.541	2.60187e-011
-3.54	2.57473e-011
-3.539	2.56991e-011
-3.538	2.56273e-011
-3.537	2.5299e-011
-3.536	2.51894e-011
-3.535	2.54594e-011
-3.534	2.51344e-011
-3.533	2.49439e-011
-3.532	2.49462e-011
-3.531	2.47615e-011
-3.53	2.48438e-011
-3.529	2.45602e-011
-3.528	2.45869e-011
-3.527	2.46032e-011
-3.526	2.4422e-011
-3.525	2.45658e-011
-3.524	2.43451e-011
-3.523	2.42679e-011
-3.522	2.43037e-011
-3.521	2.41996e-011
-3.52	2.41797e-011
-3.519	2.40509e-011
-3.518	2.39741e-011
-3.517	2.39949e-011
-3.516	2.39013e-011
-3.515	2.4032e-011
-3.514	2.41588e-011
-3.513	2.41399e-011
-3.512	2.42916e-011
-3.511	2.41426e-011
-3.51	2.40906e-011
-3.509	2.4124e-011
-3.508	2.42113e-011
-3.507	2.43722e-011
-3.506	2.43268e-011
-3.505	2.44977e-011
-3.504	2.46069e-011
-3.503	2.47072e-011
-3.502	2.46683e-011
-3.501	2.45392e-011
-3.5	2.46349e-011
-3.499	2.46746e-011
-3.498	2.47562e-011
-3.497	2.49461e-011
-3.496	2.50757e-011
-3.495	2.52944e-011
-3.494	2.54245e-011
-3.493	2.54992e-011
-3.492	2.57639e-011
-3.491	2.56675e-011
-3.49	2.60045e-011
-3.489	2.62534e-011
-3.488	2.62258e-011
-3.487	2.65491e-011
-3.486	2.63611e-011
-3.485	2.66038e-011
-3.484	2.69694e-011
-3.483	2.71482e-011
-3.482	2.72194e-011
-3.481	2.72638e-011
-3.48	2.75189e-011
-3.479	2.75747e-011
-3.478	2.79008e-011
-3.477	2.80905e-011
-3.476	2.82892e-011
-3.475	2.85238e-011
-3.474	2.88625e-011
-3.473	2.91996e-011
-3.472	2.93909e-011
-3.471	2.95537e-011
-3.47	2.9559e-011
-3.469	2.99906e-011
-3.468	3.01385e-011
-3.467	3.02492e-011
-3.466	3.06742e-011
-3.465	3.08695e-011
-3.464	3.12305e-011
-3.463	3.15103e-011
-3.462	3.15476e-011
-3.461	3.18772e-011
-3.46	3.21632e-011
-3.459	3.24349e-011
-3.458	3.27522e-011
-3.457	3.27697e-011
-3.456	3.3148e-011
-3.455	3.35718e-011
-3.454	3.37882e-011
-3.453	3.42395e-011
-3.452	3.4557e-011
-3.451	3.44985e-011
-3.45	3.47807e-011
-3.449	3.52977e-011
-3.448	3.56379e-011
-3.447	3.58954e-011
-3.446	3.61999e-011
-3.445	3.66447e-011
-3.444	3.67356e-011
-3.443	3.70484e-011
-3.442	3.72933e-011
-3.441	3.74473e-011
-3.44	3.80259e-011
-3.439	3.82881e-011
-3.438	3.84921e-011
-3.437	3.88705e-011
-3.436	3.92275e-011
-3.435	3.95555e-011
-3.434	3.97879e-011
-3.433	3.99995e-011
-3.432	4.00695e-011
-3.431	4.04126e-011
-3.43	4.09894e-011
-3.429	4.09668e-011
-3.428	4.13176e-011
-3.427	4.18712e-011
-3.426	4.2154e-011
-3.425	4.24476e-011
-3.424	4.26521e-011
-3.423	4.30601e-011
-3.422	4.34434e-011
-3.421	4.36651e-011
-3.42	4.38856e-011
-3.419	4.43564e-011
-3.418	4.46097e-011
-3.417	4.49953e-011
-3.416	4.51676e-011
-3.415	4.52357e-011
-3.414	4.5471e-011
-3.413	4.59562e-011
-3.412	4.64866e-011
-3.411	4.6411e-011
-3.41	4.6898e-011
-3.409	4.69341e-011
-3.408	4.70114e-011
-3.407	4.75215e-011
-3.406	4.77048e-011
-3.405	4.8081e-011
-3.404	4.84904e-011
-3.403	4.86594e-011
-3.402	4.86241e-011
-3.401	4.89756e-011
-3.4	4.93018e-011
-3.399	4.94117e-011
-3.398	4.98679e-011
-3.397	5.01559e-011
-3.396	5.01603e-011
-3.395	5.0568e-011
-3.394	5.07075e-011
-3.393	5.08058e-011
-3.392	5.09663e-011
-3.391	5.12231e-011
-3.39	5.15969e-011
-3.389	5.16841e-011
-3.388	5.17923e-011
-3.387	5.20908e-011
-3.386	5.23519e-011
-3.385	5.24922e-011
-3.384	5.25248e-011
-3.383	5.27653e-011
-3.382	5.3271e-011
-3.381	5.30517e-011
-3.38	5.33069e-011
-3.379	5.34558e-011
-3.378	5.36909e-011
-3.377	5.39449e-011
-3.376	5.36986e-011
-3.375	5.40147e-011
-3.374	5.38823e-011
-3.373	5.39193e-011
-3.372	5.43791e-011
-3.371	5.43756e-011
-3.37	5.44311e-011
-3.369	5.47814e-011
-3.368	5.45797e-011
-3.367	5.48039e-011
-3.366	5.499e-011
-3.365	5.50954e-011
-3.364	5.4933e-011
-3.363	5.49437e-011
-3.362	5.53499e-011
-3.361	5.5103e-011
-3.36	5.52057e-011
-3.359	5.50254e-011
-3.358	5.53079e-011
-3.357	5.55146e-011
-3.356	5.56086e-011
-3.355	5.55142e-011
-3.354	5.54105e-011
-3.353	5.56104e-011
-3.352	5.52932e-011
-3.351	5.53609e-011
-3.35	5.52966e-011
-3.349	5.5229e-011
-3.348	5.53179e-011
-3.347	5.53728e-011
-3.346	5.53252e-011
-3.345	5.53848e-011
-3.344	5.52838e-011
-3.343	5.51135e-011
-3.342	5.5109e-011
-3.341	5.48192e-011
-3.34	5.48266e-011
-3.339	5.50904e-011
-3.338	5.49827e-011
-3.337	5.47809e-011
-3.336	5.46848e-011
-3.335	5.44032e-011
-3.334	5.44317e-011
-3.333	5.43256e-011
-3.332	5.39865e-011
-3.331	5.41258e-011
-3.33	5.39716e-011
-3.329	5.37346e-011
-3.328	5.38455e-011
-3.327	5.36364e-011
-3.326	5.33902e-011
-3.325	5.32823e-011
-3.324	5.29583e-011
-3.323	5.27303e-011
-3.322	5.27403e-011
-3.321	5.27379e-011
-3.32	5.24287e-011
-3.319	5.22483e-011
-3.318	5.2168e-011
-3.317	5.16834e-011
-3.316	5.17828e-011
-3.315	5.15407e-011
-3.314	5.11352e-011
-3.313	5.12593e-011
-3.312	5.08761e-011
-3.311	5.05155e-011
-3.31	5.04786e-011
-3.309	5.02162e-011
-3.308	4.9769e-011
-3.307	4.98883e-011
-3.306	4.94224e-011
-3.305	4.93072e-011
-3.304	4.9235e-011
-3.303	4.88706e-011
-3.302	4.86992e-011
-3.301	4.82381e-011
-3.3	4.81805e-011
-3.299	4.76737e-011
-3.298	4.76778e-011
-3.297	4.7364e-011
-3.296	4.69961e-011
-3.295	4.67241e-011
-3.294	4.61101e-011
-3.293	4.59504e-011
-3.292	4.59483e-011
-3.291	4.55508e-011
-3.29	4.50833e-011
-3.289	4.51106e-011
-3.288	4.47886e-011
-3.287	4.46875e-011
-3.286	4.43602e-011
-3.285	4.38732e-011
-3.284	4.35211e-011
-3.283	4.34465e-011
-3.282	4.30781e-011
-3.281	4.27512e-011
-3.28	4.28246e-011
-3.279	4.23192e-011
-3.278	4.19885e-011
-3.277	4.15275e-011
-3.276	4.09636e-011
-3.275	4.07296e-011
-3.274	4.06808e-011
-3.273	4.03713e-011
-3.272	3.99852e-011
-3.271	3.98852e-011
-3.27	3.96778e-011
-3.269	3.91779e-011
-3.268	3.87595e-011
-3.267	3.87117e-011
-3.266	3.81592e-011
-3.265	3.79665e-011
-3.264	3.77147e-011
-3.263	3.73171e-011
-3.262	3.70887e-011
-3.261	3.6615e-011
-3.26	3.6535e-011
-3.259	3.60106e-011
-3.258	3.58889e-011
-3.257	3.56115e-011
-3.256	3.52873e-011
-3.255	3.51249e-011
-3.254	3.47808e-011
-3.253	3.45122e-011
-3.252	3.42527e-011
-3.251	3.40716e-011
-3.25	3.3604e-011
-3.249	3.32732e-011
-3.248	3.31256e-011
-3.247	3.27979e-011
-3.246	3.24325e-011
-3.245	3.23114e-011
-3.244	3.2005e-011
-3.243	3.1891e-011
-3.242	3.14294e-011
-3.241	3.12402e-011
-3.24	3.11718e-011
-3.239	3.09065e-011
-3.238	3.06038e-011
-3.237	3.01731e-011
-3.236	3.00955e-011
-3.235	2.96795e-011
-3.234	2.96795e-011
-3.233	2.94611e-011
-3.232	2.91242e-011
-3.231	2.88377e-011
-3.23	2.85754e-011
-3.229	2.84887e-011
-3.228	2.82733e-011
-3.227	2.81746e-011
-3.226	2.79357e-011
-3.225	2.79533e-011
-3.224	2.75974e-011
-3.223	2.74095e-011
-3.222	2.71825e-011
-3.221	2.69836e-011
-3.22	2.67879e-011
-3.219	2.64829e-011
-3.218	2.64908e-011
-3.217	2.62686e-011
-3.216	2.62946e-011
-3.215	2.62158e-011
-3.214	2.60143e-011
-3.213	2.57996e-011
-3.212	2.56475e-011
-3.211	2.57284e-011
-3.21	2.54431e-011
-3.209	2.52471e-011
-3.208	2.51184e-011
-3.207	2.50497e-011
-3.206	2.49944e-011
-3.205	2.48652e-011
-3.204	2.48835e-011
-3.203	2.48431e-011
-3.202	2.47753e-011
-3.201	2.47372e-011
-3.2	2.46278e-011
-3.199	2.45236e-011
-3.198	2.45837e-011
-3.197	2.42172e-011
-3.196	2.45652e-011
-3.195	2.43905e-011
-3.194	2.43466e-011
-3.193	2.44475e-011
-3.192	2.42086e-011
-3.191	2.42166e-011
-3.19	2.41599e-011
-3.189	2.42972e-011
-3.188	2.42256e-011
-3.187	2.43683e-011
-3.186	2.43943e-011
-3.185	2.44282e-011
-3.184	2.43327e-011
-3.183	2.44102e-011
-3.182	2.44475e-011
-3.181	2.44681e-011
-3.18	2.43756e-011
-3.179	2.44852e-011
-3.178	2.46289e-011
-3.177	2.46736e-011
-3.176	2.47938e-011
-3.175	2.49501e-011
-3.174	2.50873e-011
-3.173	2.51551e-011
-3.172	2.51799e-011
-3.171	2.53528e-011
-3.17	2.52996e-011
-3.169	2.54281e-011
-3.168	2.55565e-011
-3.167	2.55713e-011
-3.166	2.5976e-011
-3.165	2.6061e-011
-3.164	2.62458e-011
-3.163	2.64313e-011
-3.162	2.6536e-011
-3.161	2.64248e-011
-3.16	2.65818e-011
-3.159	2.68743e-011
-3.158	2.7167e-011
-3.157	2.72089e-011
-3.156	2.73935e-011
-3.155	2.77858e-011
-3.154	2.78742e-011
-3.153	2.80001e-011
-3.152	2.83801e-011
-3.151	2.83305e-011
-3.15	2.84641e-011
-3.149	2.88065e-011
-3.148	2.88792e-011
-3.147	2.91805e-011
-3.146	2.93601e-011
-3.145	2.99013e-011
-3.144	2.99021e-011
-3.143	3.0254e-011
-3.142	3.03798e-011
-3.141	3.04798e-011
-3.14	3.08946e-011
-3.139	3.111e-011
-3.138	3.11595e-011
-3.137	3.13981e-011
-3.136	3.18009e-011
-3.135	3.20789e-011
-3.134	3.26353e-011
-3.133	3.26421e-011
-3.132	3.29483e-011
-3.131	3.31987e-011
-3.13	3.35394e-011
-3.129	3.37645e-011
-3.128	3.38914e-011
-3.127	3.39966e-011
-3.126	3.45026e-011
-3.125	3.47861e-011
-3.124	3.50523e-011
-3.123	3.54231e-011
-3.122	3.56584e-011
-3.121	3.61037e-011
-3.12	3.61109e-011
-3.119	3.64841e-011
-3.118	3.66605e-011
-3.117	3.71915e-011
-3.116	3.78368e-011
-3.115	3.78901e-011
-3.114	3.81093e-011
-3.113	3.83524e-011
-3.112	3.87248e-011
-3.111	3.88896e-011
-3.11	3.91099e-011
-3.109	3.92494e-011
-3.108	3.9567e-011
-3.107	4.02224e-011
-3.106	4.01733e-011
-3.105	4.07559e-011
-3.104	4.12623e-011
-3.103	4.14205e-011
-3.102	4.16026e-011
-3.101	4.17228e-011
-3.1	4.20819e-011
-3.099	4.23986e-011
-3.098	4.27687e-011
-3.097	4.29334e-011
-3.096	4.35352e-011
-3.095	4.35679e-011
-3.094	4.39532e-011
-3.093	4.43348e-011
-3.092	4.42388e-011
-3.091	4.47129e-011
-3.09	4.48895e-011
-3.089	4.52119e-011
-3.088	4.55608e-011
-3.087	4.58457e-011
-3.086	4.64752e-011
-3.085	4.64988e-011
-3.084	4.65843e-011
-3.083	4.69841e-011
-3.082	4.70646e-011
-3.081	4.75459e-011
-3.08	4.7491e-011
-3.079	4.79202e-011
-3.078	4.80764e-011
-3.077	4.84698e-011
-3.076	4.88842e-011
-3.075	4.90721e-011
-3.074	4.93015e-011
-3.073	4.92236e-011
-3.072	4.94776e-011
-3.071	4.98122e-011
-3.07	5.01228e-011
-3.069	5.03632e-011
-3.068	5.0752e-011
-3.067	5.08907e-011
-3.066	5.11315e-011
-3.065	5.11528e-011
-3.064	5.13895e-011
-3.063	5.17252e-011
-3.062	5.15419e-011
-3.061	5.19893e-011
-3.06	5.20785e-011
-3.059	5.20637e-011
-3.058	5.23378e-011
-3.057	5.26428e-011
-3.056	5.28706e-011
-3.055	5.26641e-011
-3.054	5.31782e-011
-3.053	5.33594e-011
-3.052	5.33484e-011
-3.051	5.35211e-011
-3.05	5.35269e-011
-3.049	5.36134e-011
-3.048	5.39431e-011
-3.047	5.41085e-011
-3.046	5.41974e-011
-3.045	5.43182e-011
-3.044	5.43133e-011
-3.043	5.49043e-011
-3.042	5.47232e-011
-3.041	5.53405e-011
-3.04	5.51089e-011
-3.039	5.54015e-011
-3.038	5.60289e-011
-3.037	5.62856e-011
-3.036	5.68923e-011
-3.035	5.69896e-011
-3.034	5.80814e-011
-3.033	5.86356e-011
-3.032	5.95899e-011
-3.031	5.9894e-011
-3.03	6.10235e-011
-3.029	6.2102e-011
-3.028	6.29985e-011
-3.027	6.45757e-011
-3.026	6.56939e-011
-3.025	6.71222e-011
-3.024	6.85436e-011
-3.023	7.03807e-011
-3.022	7.19524e-011
-3.021	7.36883e-011
-3.02	7.53067e-011
-3.019	7.79596e-011
-3.018	7.99601e-011
-3.017	8.25068e-011
-3.016	8.53272e-011
-3.015	8.80332e-011
-3.014	9.07582e-011
-3.013	9.46831e-011
-3.012	9.75467e-011
-3.011	1.01075e-010
-3.01	1.05336e-010
-3.009	1.08841e-010
-3.008	1.14079e-010
-3.007	1.18424e-010
-3.006	1.24226e-010
-3.005	1.28461e-010
-3.004	1.34702e-010
-3.003	1.40912e-010
-3.002	1.46237e-010
-3.001	1.53793e-010
-3	1.60805e-010
-2.999	1.68306e-010
-2.998	1.76148e-010
-2.997	1.84405e-010
-2.996	1.9309e-010
-2.995	2.02614e-010
-2.994	2.12566e-010
-2.993	2.23545e-010
-2.992	2.35009e-010
-2.991	2.46105e-010
-2.99	2.57931e-010
-2.989	2.7136e-010
-2.988	2.8483e-010
-2.987	3.00167e-010
-2.986	3.16e-010
-2.985	3.30907e-010
-2.984	3.49217e-010
-2.983	3.67171e-010
-2.982	3.86622e-010
-2.981	4.07257e-010
-2.98	4.27192e-010
-2.979	4.50271e-010
-2.978	4.72895e-010
-2.977	4.97635e-010
-2.976	5.23969e-010
-2.975	5.5129e-010
-2.974	5.80229e-010
-2.973	6.10861e-010
-2.972	6.42481e-010
-2.971	6.75425e-010
-2.97	7.11528e-010
-2.969	7.46411e-010
-2.968	7.87297e-010
-2.967	8.28145e-010
-2.966	8.71857e-010
-2.965	9.1902e-010
-2.964	9.65385e-010
-2.963	1.01704e-009
-2.962	1.06984e-009
-2.961	1.12521e-009
-2.96	1.18322e-009
-2.959	1.24479e-009
-2.958	1.30963e-009
-2.957	1.37847e-009
-2.956	1.4484e-009
-2.955	1.52458e-009
-2.954	1.60363e-009
-2.953	1.68626e-009
-2.952	1.77351e-009
-2.951	1.8629e-009
-2.95	1.96237e-009
-2.949	2.06164e-009
-2.948	2.17038e-009
-2.947	2.28221e-009
-2.946	2.39851e-009
-2.945	2.52361e-009
-2.944	2.65101e-009
-2.943	2.78991e-009
-2.942	2.93197e-009
-2.941	3.08593e-009
-2.94	3.24075e-009
-2.939	3.41143e-009
-2.938	3.58493e-009
-2.937	3.76735e-009
-2.936	3.9632e-009
-2.935	4.162e-009
-2.934	4.37875e-009
-2.933	4.60039e-009
-2.932	4.83505e-009
-2.931	5.08044e-009
-2.93	5.341e-009
-2.929	5.61627e-009
-2.928	5.90318e-009
-2.927	6.20182e-009
-2.926	6.52294e-009
-2.925	6.85393e-009
-2.924	7.20553e-009
-2.923	7.57006e-009
-2.922	7.95728e-009
-2.921	8.36515e-009
-2.92	8.79171e-009
-2.919	9.24196e-009
-2.918	9.71073e-009
-2.917	1.02079e-008
-2.916	1.07245e-008
-2.915	1.12694e-008
-2.914	1.18448e-008
-2.913	1.24459e-008
-2.912	1.30801e-008
-2.911	1.37443e-008
-2.91	1.4448e-008
-2.909	1.51775e-008
-2.908	1.59563e-008
-2.907	1.67673e-008
-2.906	1.76217e-008
-2.905	1.85187e-008
-2.904	1.9461e-008
-2.903	2.04515e-008
-2.902	2.14853e-008
-2.901	2.25826e-008
-2.9	2.37204e-008
-2.899	2.49389e-008
-2.898	2.61896e-008
-2.897	2.75344e-008
-2.896	2.89304e-008
-2.895	3.04021e-008
-2.894	3.19397e-008
-2.893	3.35789e-008
-2.892	3.528e-008
-2.891	3.70736e-008
-2.89	3.89726e-008
-2.889	4.0935e-008
-2.888	4.30141e-008
-2.887	4.51986e-008
-2.886	4.74839e-008
-2.885	4.99064e-008
-2.884	5.24423e-008
-2.883	5.51058e-008
-2.882	5.79281e-008
-2.881	6.08593e-008
-2.88	6.39602e-008
-2.879	6.72012e-008
-2.878	7.06258e-008
-2.877	7.42016e-008
-2.876	7.7984e-008
-2.875	8.19292e-008
-2.874	8.6115e-008
-2.873	9.0484e-008
-2.872	9.50814e-008
-2.871	9.99243e-008
-2.87	1.04981e-007
-2.869	1.10345e-007
-2.868	1.15942e-007
-2.867	1.2184e-007
-2.866	1.28031e-007
-2.865	1.34542e-007
-2.864	1.41384e-007
-2.863	1.48572e-007
-2.862	1.56121e-007
-2.861	1.64038e-007
-2.86	1.72402e-007
-2.859	1.81137e-007
-2.858	1.90361e-007
-2.857	2.00024e-007
-2.856	2.10193e-007
-2.855	2.20867e-007
-2.854	2.32086e-007
-2.853	2.43919e-007
-2.852	2.56282e-007
-2.851	2.69321e-007
-2.85	2.83012e-007
-2.849	2.97394e-007
-2.848	3.1253e-007
-2.847	3.28406e-007
-2.846	3.45103e-007
-2.845	3.62672e-007
-2.844	3.81094e-007
-2.843	4.00469e-007
-2.842	4.20807e-007
-2.841	4.42182e-007
-2.84	4.64666e-007
-2.839	4.88268e-007
-2.838	5.13132e-007
-2.837	5.39203e-007
-2.836	5.66645e-007
-2.835	5.95442e-007
-2.834	6.25712e-007
-2.833	6.57529e-007
-2.832	6.90913e-007
-2.831	7.2611e-007
-2.83	7.62978e-007
-2.829	8.01784e-007
-2.828	8.42518e-007
-2.827	8.85332e-007
-2.826	9.30362e-007
-2.825	9.77645e-007
-2.824	1.02738e-006
-2.823	1.07954e-006
-2.822	1.1345e-006
-2.821	1.19215e-006
-2.82	1.25273e-006
-2.819	1.31641e-006
-2.818	1.38333e-006
-2.817	1.45372e-006
-2.816	1.52752e-006
-2.815	1.60523e-006
-2.814	1.6868e-006
-2.813	1.77256e-006
-2.812	1.86274e-006
-2.811	1.95735e-006
-2.81	2.05689e-006
-2.809	2.16143e-006
-2.808	2.27133e-006
-2.807	2.3868e-006
-2.806	2.50818e-006
-2.805	2.63568e-006
-2.804	2.76969e-006
-2.803	2.91053e-006
-2.802	3.05851e-006
-2.801	3.21399e-006
-2.8	3.3773e-006
-2.799	3.5491e-006
-2.798	3.72941e-006
-2.797	3.91918e-006
-2.796	4.11837e-006
-2.795	4.32767e-006
-2.794	4.5479e-006
-2.793	4.77887e-006
-2.792	5.02194e-006
-2.791	5.27718e-006
-2.79	5.54544e-006
-2.789	5.82741e-006
-2.788	6.12361e-006
-2.787	6.43501e-006
-2.786	6.76205e-006
-2.785	7.106e-006
-2.784	7.46728e-006
-2.783	7.84688e-006
-2.782	8.24583e-006
-2.781	8.66501e-006
-2.78	9.10554e-006
-2.779	9.56843e-006
-2.778	1.0055e-005
-2.777	1.05661e-005
-2.776	1.11034e-005
-2.775	1.16677e-005
-2.774	1.2261e-005
-2.773	1.28846e-005
-2.772	1.35392e-005
-2.771	1.42279e-005
-2.77	1.4951e-005
-2.769	1.57115e-005
-2.768	1.651e-005
-2.767	1.73495e-005
-2.766	1.82313e-005
-2.765	1.91583e-005
-2.764	2.01323e-005
-2.763	2.11562e-005
-2.762	2.22316e-005
-2.761	2.33619e-005
-2.76	2.45497e-005
-2.759	2.57978e-005
-2.758	2.71094e-005
-2.757	2.84876e-005
-2.756	2.9936e-005
-2.755	3.14579e-005
-2.754	3.30573e-005
-2.753	3.47376e-005
-2.752	3.65039e-005
-2.751	3.83597e-005
-2.75	4.031e-005
-2.749	4.23597e-005
-2.748	4.45133e-005
-2.747	4.67762e-005
-2.746	4.91546e-005
-2.745	5.16534e-005
-2.744	5.42796e-005
-2.743	5.70388e-005
-2.742	5.9939e-005
-2.741	6.29861e-005
-2.74	6.61887e-005
-2.739	6.95537e-005
-2.738	7.309e-005
-2.737	7.6806e-005
-2.736	8.07106e-005
-2.735	8.48141e-005
-2.734	8.9126e-005
-2.733	9.36571e-005
-2.732	9.84185e-005
-2.731	0.000103423
-2.73	0.00010868
-2.729	0.000114206
-2.728	0.000120012
-2.727	0.000126114
-2.726	0.000132525
-2.725	0.000139263
-2.724	0.000146343
-2.723	0.000153782
-2.722	0.000161601
-2.721	0.000169817
-2.72	0.00017845
-2.719	0.000187523
-2.718	0.000197056
-2.717	0.000207074
-2.716	0.000217602
-2.715	0.000228664
-2.714	0.000240289
-2.713	0.000252154
-2.712	0.000264241
-2.711	0.000276533
-2.71	0.000289012
-2.709	0.000301661
-2.708	0.000314461
-2.707	0.000327396
-2.706	0.000340445
-2.705	0.00035359
-2.704	0.000366813
-2.703	0.000380093
-2.702	0.000393414
-2.701	0.000406755
-2.7	0.000420098
-2.699	0.000433423
-2.698	0.000446711
-2.697	0.000459943
-2.696	0.000473101
-2.695	0.000486165
-2.694	0.000499117
-2.693	0.00051194
-2.692	0.000524613
-2.691	0.00053712
-2.69	0.000549442
-2.689	0.000561563
-2.688	0.000573464
-2.687	0.000585129
-2.686	0.000596542
-2.685	0.000607686
-2.684	0.000618546
-2.683	0.000629106
-2.682	0.000639352
-2.681	0.00064927
-2.68	0.000658845
-2.679	0.000668065
-2.678	0.000676915
-2.677	0.000685385
-2.676	0.000693464
-2.675	0.000701139
-2.674	0.0007084
-2.673	0.000715238
-2.672	0.000721642
-2.671	0.000727607
-2.67	0.000733122
-2.669	0.000738181
-2.668	0.000742776
-2.667	0.000746904
-2.666	0.000750559
-2.665	0.000753736
-2.664	0.000756434
-2.663	0.000758645
-2.662	0.000760371
-2.661	0.00076161
-2.66	0.000762361
-2.659	0.000762624
-2.658	0.000762399
-2.657	0.000761689
-2.656	0.000760495
-2.655	0.000758821
-2.654	0.000756671
-2.653	0.000754049
-2.652	0.00075096
-2.651	0.00074741
-2.65	0.000743406
-2.649	0.000738955
-2.648	0.000734065
-2.647	0.000728745
-2.646	0.000723004
-2.645	0.000716853
-2.644	0.000710301
-2.643	0.000703359
-2.642	0.00069604
-2.641	0.000688356
-2.64	0.00068032
-2.639	0.000671945
-2.638	0.000663246
-2.637	0.000654236
-2.636	0.00064493
-2.635	0.000635344
-2.634	0.000625495
-2.633	0.000615398
-2.632	0.00060507
-2.631	0.000594525
-2.63	0.000583784
-2.629	0.000572864
-2.628	0.000561782
-2.627	0.000550556
-2.626	0.000539205
-2.625	0.000527746
-2.624	0.0005162
-2.623	0.000504584
-2.622	0.000492918
-2.621	0.000481221
-2.62	0.000469511
-2.619	0.000457808
-2.618	0.00044613
-2.617	0.000434498
-2.616	0.000422929
-2.615	0.000411443
-2.614	0.000400059
-2.613	0.000388794
-2.612	0.000377669
-2.611	0.0003667
-2.61	0.000355906
-2.609	0.000345305
-2.608	0.000334913
-2.607	0.000324749
-2.606	0.000314829
-2.605	0.000305169
-2.604	0.000295787
-2.603	0.000286697
-2.602	0.000277914
-2.601	0.000269454
-2.6	0.000261331
-2.599	0.000253557
-2.598	0.000246148
-2.597	0.000239115
-2.596	0.000232471
-2.595	0.000226227
-2.594	0.000220394
-2.593	0.000214983
-2.592	0.000210003
-2.591	0.000205464
-2.59	0.000201373
-2.589	0.000197739
-2.588	0.00019457
-2.587	0.000191871
-2.586	0.000189647
-2.585	0.000187905
-2.584	0.000186647
-2.583	0.000185879
-2.582	0.000185602
-2.581	0.000185819
-2.58	0.00018653
-2.579	0.000187738
-2.578	0.00018944
-2.577	0.000191638
-2.576	0.000194329
-2.575	0.00019751
-2.574	0.000201179
-2.573	0.000205332
-2.572	0.000209964
-2.571	0.000215069
-2.57	0.000220644
-2.569	0.00022668
-2.568	0.000233169
-2.567	0.000240105
-2.566	0.000247478
-2.565	0.000255279
-2.564	0.000263498
-2.563	0.000272125
-2.562	0.000281147
-2.561	0.000290555
-2.56	0.000300335
-2.559	0.000310474
-2.558	0.000320958
-2.557	0.000331774
-2.556	0.000342907
-2.555	0.000354343
-2.554	0.000366066
-2.553	0.000378059
-2.552	0.000390308
-2.551	0.000402795
-2.55	0.000415504
-2.549	0.000428417
-2.548	0.000441516
-2.547	0.000454783
-2.546	0.000468202
-2.545	0.000481752
-2.544	0.000495417
-2.543	0.000509177
-2.542	0.000523012
-2.541	0.000536904
-2.54	0.000550836
-2.539	0.000564788
-2.538	0.000578739
-2.537	0.000592672
-2.536	0.000606566
-2.535	0.000620404
-2.534	0.000634165
-2.533	0.000647833
-2.532	0.000661387
-2.531	0.000674811
-2.53	0.000688084
-2.529	0.00070119
-2.528	0.00071411
-2.527	0.000726827
-2.526	0.000739326
-2.525	0.000751586
-2.524	0.000763595
-2.523	0.000775333
-2.522	0.000786786
-2.521	0.000797939
-2.52	0.000808778
-2.519	0.000819288
-2.518	0.000829455
-2.517	0.000839265
-2.516	0.000848709
-2.515	0.000857769
-2.514	0.000866438
-2.513	0.000874704
-2.512	0.000882555
-2.511	0.000889984
-2.51	0.00089698
-2.509	0.000903536
-2.508	0.000909644
-2.507	0.000915295
-2.506	0.000920485
-2.505	0.000925207
-2.504	0.000929458
-2.503	0.000933232
-2.502	0.000936525
-2.501	0.000939334
-2.5	0.00094166
-2.499	0.000943499
-2.498	0.000944852
-2.497	0.000945718
-2.496	0.000946098
-2.495	0.000945995
-2.494	0.000945409
-2.493	0.000944345
-2.492	0.000942809
-2.491	0.000940802
-2.49	0.00093833
-2.489	0.000935399
-2.488	0.000932017
-2.487	0.000928191
-2.486	0.000923928
-2.485	0.000919238
-2.484	0.000914128
-2.483	0.000908611
-2.482	0.000902696
-2.481	0.000896396
-2.48	0.000889721
-2.479	0.000882685
-2.478	0.0008753
-2.477	0.000867579
-2.476	0.000859537
-2.475	0.000851188
-2.474	0.000842546
-2.473	0.000833629
-2.472	0.000824452
-2.471	0.00081503
-2.47	0.00080538
-2.469	0.000795519
-2.468	0.000785465
-2.467	0.000775237
-2.466	0.000764849
-2.465	0.000754322
-2.464	0.000743674
-2.463	0.000732923
-2.462	0.000722088
-2.461	0.000711188
-2.46	0.000700241
-2.459	0.000689268
-2.458	0.000678286
-2.457	0.000667315
-2.456	0.000656373
-2.455	0.000645482
-2.454	0.000634657
-2.453	0.000623921
-2.452	0.000613289
-2.451	0.000602781
-2.45	0.000592418
-2.449	0.000582214
-2.448	0.000572191
-2.447	0.000562362
-2.446	0.000552749
-2.445	0.000543367
-2.444	0.000534232
-2.443	0.000525363
-2.442	0.000516773
-2.441	0.00050848
-2.44	0.000500499
-2.439	0.000492843
-2.438	0.000485527
-2.437	0.000478566
-2.436	0.000471972
-2.435	0.000465758
-2.434	0.000459936
-2.433	0.000454518
-2.432	0.000449513
-2.431	0.000444934
-2.43	0.00044079
-2.429	0.000437088
-2.428	0.000433838
-2.427	0.00043105
-2.426	0.000428727
-2.425	0.000426876
-2.424	0.000425503
-2.423	0.000424614
-2.422	0.000424213
-2.421	0.000424303
-2.42	0.000424886
-2.419	0.000425965
-2.418	0.000427542
-2.417	0.000429616
-2.416	0.000432186
-2.415	0.000435254
-2.414	0.000438816
-2.413	0.000442871
-2.412	0.000447414
-2.411	0.000452441
-2.41	0.000457951
-2.409	0.000463935
-2.408	0.000470387
-2.407	0.000477302
-2.406	0.000484672
-2.405	0.000492489
-2.404	0.000500744
-2.403	0.000509427
-2.402	0.000518529
-2.401	0.000528038
-2.4	0.000537944
-2.399	0.000548236
-2.398	0.0005589
-2.397	0.000569922
-2.396	0.00058129
-2.395	0.000592991
-2.394	0.000605008
-2.393	0.000617327
-2.392	0.000629932
-2.391	0.000642809
-2.39	0.000655939
-2.389	0.000669309
-2.388	0.0006829
-2.387	0.000696693
-2.386	0.000710673
-2.385	0.000724821
-2.384	0.00073912
-2.383	0.00075355
-2.382	0.000768092
-2.381	0.00078273
-2.38	0.000797442
-2.379	0.000812212
-2.378	0.000827021
-2.377	0.000841847
-2.376	0.000856674
-2.375	0.00087148
-2.374	0.000886247
-2.373	0.000900958
-2.372	0.000915593
-2.371	0.000930133
-2.37	0.00094456
-2.369	0.000958855
-2.368	0.000972999
-2.367	0.000986976
-2.366	0.00100077
-2.365	0.00101435
-2.364	0.00102772
-2.363	0.00104085
-2.362	0.00105373
-2.361	0.00106634
-2.36	0.00107866
-2.359	0.00109069
-2.358	0.0011024
-2.357	0.00111378
-2.356	0.00112482
-2.355	0.0011355
-2.354	0.00114581
-2.353	0.00115575
-2.352	0.0011653
-2.351	0.00117444
-2.35	0.00118316
-2.349	0.00119147
-2.348	0.00119935
-2.347	0.00120678
-2.346	0.00121377
-2.345	0.00122031
-2.344	0.00122638
-2.343	0.00123199
-2.342	0.00123713
-2.341	0.0012418
-2.34	0.00124599
-2.339	0.00124969
-2.338	0.00125292
-2.337	0.00125566
-2.336	0.00125792
-2.335	0.00125969
-2.334	0.00126098
-2.333	0.00126179
-2.332	0.00126212
-2.331	0.00126198
-2.33	0.00126137
-2.329	0.00126029
-2.328	0.00125875
-2.327	0.00125675
-2.326	0.00125431
-2.325	0.00125142
-2.324	0.00124811
-2.323	0.00124437
-2.322	0.00124022
-2.321	0.00123566
-2.32	0.00123071
-2.319	0.00122538
-2.318	0.00121968
-2.317	0.00121363
-2.316	0.00120723
-2.315	0.0012005
-2.314	0.00119345
-2.313	0.0011861
-2.312	0.00117847
-2.311	0.00117056
-2.31	0.0011624
-2.309	0.001154
-2.308	0.00114538
-2.307	0.00113655
-2.306	0.00112754
-2.305	0.00111836
-2.304	0.00110902
-2.303	0.00109955
-2.302	0.00108997
-2.301	0.00108028
-2.3	0.00107052
-2.299	0.00106071
-2.298	0.00105084
-2.297	0.00104096
-2.296	0.00103108
-2.295	0.00102121
-2.294	0.00101138
-2.293	0.00100161
-2.292	0.000991906
-2.291	0.000982297
-2.29	0.0009728
-2.289	0.000963432
-2.288	0.000954214
-2.287	0.000945162
-2.286	0.000936295
-2.285	0.00092763
-2.284	0.000919185
-2.283	0.000910977
-2.282	0.000903019
-2.281	0.000895335
-2.28	0.000887936
-2.279	0.000880838
-2.278	0.000874055
-2.277	0.000867605
-2.276	0.0008615
-2.275	0.000855755
-2.274	0.00085038
-2.273	0.00084539
-2.272	0.000840796
-2.271	0.00083661
-2.27	0.000832844
-2.269	0.000829506
-2.268	0.000826605
-2.267	0.000824155
-2.266	0.000822159
-2.265	0.000820625
-2.264	0.000819562
-2.263	0.000818976
-2.262	0.000818871
-2.261	0.000819253
-2.26	0.000820126
-2.259	0.000821491
-2.258	0.000823355
-2.257	0.000825716
-2.256	0.000828577
-2.255	0.000831937
-2.254	0.000835797
-2.253	0.000840156
-2.252	0.000845011
-2.251	0.00085036
-2.25	0.0008562
-2.249	0.000862526
-2.248	0.000869334
-2.247	0.00087662
-2.246	0.000884376
-2.245	0.000892594
-2.244	0.00090127
-2.243	0.000910394
-2.242	0.000919955
-2.241	0.000929946
-2.24	0.000940355
-2.239	0.000951175
-2.238	0.00096239
-2.237	0.00097399
-2.236	0.000985962
-2.235	0.000998295
-2.234	0.00101097
-2.233	0.00102398
-2.232	0.00103731
-2.231	0.00105094
-2.23	0.00106485
-2.229	0.00107904
-2.228	0.00109348
-2.227	0.00110816
-2.226	0.00112306
-2.225	0.00113816
-2.224	0.00115345
-2.223	0.00116891
-2.222	0.00118451
-2.221	0.00120025
-2.22	0.0012161
-2.219	0.00123205
-2.218	0.00124806
-2.217	0.00126414
-2.216	0.00128025
-2.215	0.00129639
-2.214	0.00131252
-2.213	0.00132863
-2.212	0.00134471
-2.211	0.00136072
-2.21	0.00137667
-2.209	0.00139251
-2.208	0.00140825
-2.207	0.00142385
-2.206	0.0014393
-2.205	0.00145458
-2.204	0.00146968
-2.203	0.00148458
-2.202	0.00149926
-2.201	0.0015137
-2.2	0.00152789
-2.199	0.00154181
-2.198	0.00155546
-2.197	0.0015688
-2.196	0.00158183
-2.195	0.00159453
-2.194	0.00160689
-2.193	0.0016189
-2.192	0.00163054
-2.191	0.00164181
-2.19	0.00165268
-2.189	0.00166316
-2.188	0.00167323
-2.187	0.00168288
-2.186	0.0016921
-2.185	0.00170089
-2.184	0.00170923
-2.183	0.00171712
-2.182	0.00172456
-2.181	0.00173154
-2.18	0.00173805
-2.179	0.00174409
-2.178	0.00174966
-2.177	0.00175475
-2.176	0.00175936
-2.175	0.0017635
-2.174	0.00176716
-2.173	0.00177034
-2.172	0.00177305
-2.171	0.00177528
-2.17	0.00177704
-2.169	0.00177833
-2.168	0.00177916
-2.167	0.00177953
-2.166	0.00177944
-2.165	0.00177891
-2.164	0.00177793
-2.163	0.00177653
-2.162	0.0017747
-2.161	0.00177245
-2.16	0.0017698
-2.159	0.00176675
-2.158	0.00176332
-2.157	0.00175952
-2.156	0.00175535
-2.155	0.00175084
-2.154	0.00174599
-2.153	0.00174082
-2.152	0.00173535
-2.151	0.00172958
-2.15	0.00172353
-2.149	0.00171722
-2.148	0.00171067
-2.147	0.00170389
-2.146	0.00169689
-2.145	0.0016897
-2.144	0.00168233
-2.143	0.0016748
-2.142	0.00166712
-2.141	0.00165932
-2.14	0.00165142
-2.139	0.00164343
-2.138	0.00163537
-2.137	0.00162726
-2.136	0.00161911
-2.135	0.00161096
-2.134	0.00160281
-2.133	0.00159469
-2.132	0.00158661
-2.131	0.0015786
-2.13	0.00157067
-2.129	0.00156284
-2.128	0.00155514
-2.127	0.00154756
-2.126	0.00154015
-2.125	0.00153291
-2.124	0.00152587
-2.123	0.00151903
-2.122	0.00151242
-2.121	0.00150606
-2.12	0.00149996
-2.119	0.00149413
-2.118	0.0014886
-2.117	0.00148337
-2.116	0.00147847
-2.115	0.00147391
-2.114	0.0014697
-2.113	0.00146585
-2.112	0.00146238
-2.111	0.0014593
-2.11	0.00145662
-2.109	0.00145436
-2.108	0.00145251
-2.107	0.00145111
-2.106	0.00145014
-2.105	0.00144963
-2.104	0.00144958
-2.103	0.00144999
-2.102	0.00145088
-2.101	0.00145225
-2.1	0.0014541
-2.099	0.00145645
-2.098	0.00145928
-2.097	0.00146262
-2.096	0.00146645
-2.095	0.00147078
-2.094	0.00147561
-2.093	0.00148095
-2.092	0.00148679
-2.091	0.00149312
-2.09	0.00149996
-2.089	0.00150729
-2.088	0.00151511
-2.087	0.00152342
-2.086	0.00153221
-2.085	0.00154147
-2.084	0.00155121
-2.083	0.00156141
-2.082	0.00157207
-2.081	0.00158317
-2.08	0.00159472
-2.079	0.00160669
-2.078	0.00161908
-2.077	0.00163188
-2.076	0.00164507
-2.075	0.00165865
-2.074	0.0016726
-2.073	0.00168691
-2.072	0.00170156
-2.071	0.00171655
-2.07	0.00173185
-2.069	0.00174745
-2.068	0.00176333
-2.067	0.00177949
-2.066	0.0017959
-2.065	0.00181254
-2.064	0.00182941
-2.063	0.00184648
-2.062	0.00186373
-2.061	0.00188115
-2.06	0.00189872
-2.059	0.00191642
-2.058	0.00193423
-2.057	0.00195214
-2.056	0.00197012
-2.055	0.00198816
-2.054	0.00200624
-2.053	0.00202433
-2.052	0.00204243
-2.051	0.0020605
-2.05	0.00207854
-2.049	0.00209652
-2.048	0.00211442
-2.047	0.00213223
-2.046	0.00214994
-2.045	0.00216751
-2.044	0.00218493
-2.043	0.00220219
-2.042	0.00221927
-2.041	0.00223615
-2.04	0.00225281
-2.039	0.00226924
-2.038	0.00228542
-2.037	0.00230134
-2.036	0.00231698
-2.035	0.00233233
-2.034	0.00234736
-2.033	0.00236208
-2.032	0.00237646
-2.031	0.00239049
-2.03	0.00240417
-2.029	0.00241748
-2.028	0.0024304
-2.027	0.00244293
-2.026	0.00245507
-2.025	0.00246679
-2.024	0.00247809
-2.023	0.00248896
-2.022	0.0024994
-2.021	0.0025094
-2.02	0.00251895
-2.019	0.00252806
-2.018	0.0025367
-2.017	0.00254489
-2.016	0.00255262
-2.015	0.00255988
-2.014	0.00256668
-2.013	0.00257301
-2.012	0.00257887
-2.011	0.00258427
-2.01	0.00258921
-2.009	0.00259369
-2.008	0.00259771
-2.007	0.00260127
-2.006	0.00260438
-2.005	0.00260705
-2.004	0.00260928
-2.003	0.00261107
-2.002	0.00261244
-2.001	0.0026134
-2	0.00261394
-1.999	0.00261408
-1.998	0.00261383
-1.997	0.00261321
-1.996	0.00261222
-1.995	0.00261086
-1.994	0.00260916
-1.993	0.00260713
-1.992	0.00260479
-1.991	0.00260213
-1.99	0.00259919
-1.989	0.00259596
-1.988	0.00259248
-1.987	0.00258875
-1.986	0.0025848
-1.985	0.00258063
-1.984	0.00257626
-1.983	0.00257171
-1.982	0.002567
-1.981	0.00256214
-1.98	0.00255716
-1.979	0.00255207
-1.978	0.00254689
-1.977	0.00254163
-1.976	0.00253633
-1.975	0.00253098
-1.974	0.00252562
-1.973	0.00252026
-1.972	0.00251492
-1.971	0.00250962
-1.97	0.00250438
-1.969	0.00249922
-1.968	0.00249415
-1.967	0.0024892
-1.966	0.00248438
-1.965	0.00247971
-1.964	0.00247521
-1.963	0.0024709
-1.962	0.00246678
-1.961	0.00246289
-1.96	0.00245924
-1.959	0.00245584
-1.958	0.00245271
-1.957	0.00244987
-1.956	0.00244732
-1.955	0.0024451
-1.954	0.0024432
-1.953	0.00244165
-1.952	0.00244046
-1.951	0.00243963
-1.95	0.0024392
-1.949	0.00243916
-1.948	0.00243953
-1.947	0.00244031
-1.946	0.00244152
-1.945	0.00244317
-1.944	0.00244527
-1.943	0.00244782
-1.942	0.00245083
-1.941	0.00245431
-1.94	0.00245827
-1.939	0.0024627
-1.938	0.00246762
-1.937	0.00247304
-1.936	0.00247895
-1.935	0.00248535
-1.934	0.00249226
-1.933	0.00249966
-1.932	0.00250756
-1.931	0.00251596
-1.93	0.00252486
-1.929	0.00253426
-1.928	0.00254416
-1.927	0.00255454
-1.926	0.00256541
-1.925	0.00257678
-1.924	0.00258861
-1.923	0.00260092
-1.922	0.0026137
-1.921	0.00262693
-1.92	0.00264062
-1.919	0.00265476
-1.918	0.00266932
-1.917	0.00268431
-1.916	0.00269971
-1.915	0.00271552
-1.914	0.00273172
-1.913	0.0027483
-1.912	0.00276524
-1.911	0.00278254
-1.91	0.00280017
-1.909	0.00281814
-1.908	0.00283642
-1.907	0.00285499
-1.906	0.00287385
-1.905	0.00289296
-1.904	0.00291233
-1.903	0.00293194
-1.902	0.00295176
-1.901	0.00297178
-1.9	0.00299198
-1.899	0.00301235
-1.898	0.00303286
-1.897	0.0030535
-1.896	0.00307426
-1.895	0.00309511
-1.894	0.00311603
-1.893	0.003137
-1.892	0.00315802
-1.891	0.00317906
-1.89	0.00320009
-1.889	0.00322111
-1.888	0.0032421
-1.887	0.00326303
-1.886	0.00328389
-1.885	0.00330467
-1.884	0.00332533
-1.883	0.00334587
-1.882	0.00336627
-1.881	0.00338651
-1.88	0.00340658
-1.879	0.00342645
-1.878	0.00344611
-1.877	0.00346556
-1.876	0.00348476
-1.875	0.00350371
-1.874	0.0035224
-1.873	0.0035408
-1.872	0.00355891
-1.871	0.00357671
-1.87	0.00359419
-1.869	0.00361133
-1.868	0.00362813
-1.867	0.00364458
-1.866	0.00366066
-1.865	0.00367636
-1.864	0.00369169
-1.863	0.00370662
-1.862	0.00372115
-1.861	0.00373526
-1.86	0.00374897
-1.859	0.00376226
-1.858	0.00377512
-1.857	0.00378756
-1.856	0.00379956
-1.855	0.00381113
-1.854	0.00382225
-1.853	0.00383294
-1.852	0.00384319
-1.851	0.003853
-1.85	0.00386236
-1.849	0.00387129
-1.848	0.00387978
-1.847	0.00388783
-1.846	0.00389545
-1.845	0.00390265
-1.844	0.00390942
-1.843	0.00391578
-1.842	0.00392172
-1.841	0.00392727
-1.84	0.00393241
-1.839	0.00393717
-1.838	0.00394154
-1.837	0.00394554
-1.836	0.00394918
-1.835	0.00395248
-1.834	0.00395543
-1.833	0.00395805
-1.832	0.00396036
-1.831	0.00396236
-1.83	0.00396408
-1.829	0.00396552
-1.828	0.00396669
-1.827	0.00396762
-1.826	0.00396832
-1.825	0.00396879
-1.824	0.00396907
-1.823	0.00396916
-1.822	0.00396908
-1.821	0.00396884
-1.82	0.00396848
-1.819	0.00396799
-1.818	0.00396739
-1.817	0.00396672
-1.816	0.00396598
-1.815	0.00396519
-1.814	0.00396436
-1.813	0.00396353
-1.812	0.00396271
-1.811	0.00396191
-1.81	0.00396114
-1.809	0.00396043
-1.808	0.00395981
-1.807	0.00395928
-1.806	0.00395887
-1.805	0.00395858
-1.804	0.00395845
-1.803	0.00395849
-1.802	0.0039587
-1.801	0.00395911
-1.8	0.00395974
-1.799	0.00396061
-1.798	0.00396172
-1.797	0.0039631
-1.796	0.00396476
-1.795	0.00396672
-1.794	0.00396898
-1.793	0.00397157
-1.792	0.0039745
-1.791	0.00397777
-1.79	0.00398141
-1.789	0.00398543
-1.788	0.00398983
-1.787	0.00399463
-1.786	0.00399983
-1.785	0.00400546
-1.784	0.00401152
-1.783	0.00401801
-1.782	0.00402495
-1.781	0.00403234
-1.78	0.00404019
-1.779	0.00404851
-1.778	0.0040573
-1.777	0.00406656
-1.776	0.0040763
-1.775	0.00408653
-1.774	0.00409724
-1.773	0.00410845
-1.772	0.00412013
-1.771	0.00413232
-1.77	0.004145
-1.769	0.00415816
-1.768	0.00417181
-1.767	0.00418595
-1.766	0.00420059
-1.765	0.00421568
-1.764	0.00423127
-1.763	0.00424733
-1.762	0.00426386
-1.761	0.00428085
-1.76	0.00429828
-1.759	0.00431618
-1.758	0.00433451
-1.757	0.00435326
-1.756	0.00437244
-1.755	0.00439203
-1.754	0.00441202
-1.753	0.00443241
-1.752	0.00445318
-1.751	0.00447432
-1.75	0.0044958
-1.749	0.00451764
-1.748	0.0045398
-1.747	0.00456228
-1.746	0.00458507
-1.745	0.00460814
-1.744	0.00463148
-1.743	0.00465509
-1.742	0.00467893
-1.741	0.004703
-1.74	0.00472728
-1.739	0.00475175
-1.738	0.00477641
-1.737	0.00480121
-1.736	0.00482617
-1.735	0.00485126
-1.734	0.00487646
-1.733	0.00490175
-1.732	0.00492711
-1.731	0.00495254
-1.73	0.00497799
-1.729	0.00500348
-1.728	0.00502898
-1.727	0.00505445
-1.726	0.0050799
-1.725	0.00510531
-1.724	0.00513066
-1.723	0.00515592
-1.722	0.00518109
-1.721	0.00520616
-1.72	0.00523109
-1.719	0.00525588
-1.718	0.00528051
-1.717	0.00530496
-1.716	0.00532924
-1.715	0.0053533
-1.714	0.00537714
-1.713	0.00540077
-1.712	0.00542414
-1.711	0.00544725
-1.71	0.0054701
-1.709	0.00549267
-1.708	0.00551494
-1.707	0.00553692
-1.706	0.00555857
-1.705	0.00557991
-1.704	0.00560092
-1.703	0.00562157
-1.702	0.0056419
-1.701	0.00566185
-1.7	0.00568145
-1.699	0.00570068
-1.698	0.00571953
-1.697	0.00573801
-1.696	0.00575609
-1.695	0.00577379
-1.694	0.00579111
-1.693	0.00580803
-1.692	0.00582455
-1.691	0.00584068
-1.69	0.00585642
-1.689	0.00587178
-1.688	0.00588672
-1.687	0.00590129
-1.686	0.00591545
-1.685	0.00592924
-1.684	0.00594266
-1.683	0.00595567
-1.682	0.00596832
-1.681	0.00598061
-1.68	0.00599254
-1.679	0.00600411
-1.678	0.00601533
-1.677	0.00602622
-1.676	0.00603677
-1.675	0.00604701
-1.674	0.00605694
-1.673	0.00606654
-1.672	0.00607587
-1.671	0.00608494
-1.67	0.00609374
-1.669	0.00610227
-1.668	0.00611057
-1.667	0.00611863
-1.666	0.00612648
-1.665	0.00613412
-1.664	0.00614157
-1.663	0.00614887
-1.662	0.006156
-1.661	0.00616298
-1.66	0.00616985
-1.659	0.0061766
-1.658	0.00618324
-1.657	0.00618982
-1.656	0.00619634
-1.655	0.0062028
-1.654	0.00620924
-1.653	0.00621566
-1.652	0.00622209
-1.651	0.00622854
-1.65	0.00623503
-1.649	0.00624157
-1.648	0.00624817
-1.647	0.00625487
-1.646	0.00626167
-1.645	0.00626859
-1.644	0.00627565
-1.643	0.00628287
-1.642	0.00629024
-1.641	0.00629781
-1.64	0.00630558
-1.639	0.00631357
-1.638	0.0063218
-1.637	0.00633025
-1.636	0.00633898
-1.635	0.00634798
-1.634	0.00635726
-1.633	0.00636686
-1.632	0.00637676
-1.631	0.006387
-1.63	0.00639758
-1.629	0.00640851
-1.628	0.0064198
-1.627	0.00643147
-1.626	0.00644352
-1.625	0.00645597
-1.624	0.00646881
-1.623	0.00648208
-1.622	0.00649576
-1.621	0.00650987
-1.62	0.00652443
-1.619	0.0065394
-1.618	0.00655482
-1.617	0.00657072
-1.616	0.00658706
-1.615	0.00660387
-1.614	0.00662113
-1.613	0.00663886
-1.612	0.00665706
-1.611	0.00667574
-1.61	0.00669488
-1.609	0.00671449
-1.608	0.00673458
-1.607	0.00675514
-1.606	0.00677618
-1.605	0.00679765
-1.604	0.0068196
-1.603	0.00684201
-1.602	0.00686488
-1.601	0.00688819
-1.6	0.00691194
-1.599	0.00693614
-1.598	0.00696078
-1.597	0.00698582
-1.596	0.0070113
-1.595	0.00703718
-1.594	0.00706346
-1.593	0.00709013
-1.592	0.0071172
-1.591	0.00714463
-1.59	0.0071724
-1.589	0.00720055
-1.588	0.00722902
-1.587	0.00725782
-1.586	0.00728694
-1.585	0.00731636
-1.584	0.00734606
-1.583	0.00737603
-1.582	0.00740627
-1.581	0.00743675
-1.58	0.00746746
-1.579	0.00749841
-1.578	0.00752955
-1.577	0.00756089
-1.576	0.00759239
-1.575	0.00762406
-1.574	0.00765588
-1.573	0.0076878
-1.572	0.00771985
-1.571	0.00775199
-1.57	0.00778422
-1.569	0.00781651
-1.568	0.00784886
-1.567	0.00788124
-1.566	0.00791364
-1.565	0.00794603
-1.564	0.00797842
-1.563	0.00801079
-1.562	0.00804312
-1.561	0.0080754
-1.56	0.00810759
-1.559	0.00813971
-1.558	0.00817172
-1.557	0.00820364
-1.556	0.00823541
-1.555	0.00826706
-1.554	0.00829855
-1.553	0.00832986
-1.552	0.00836102
-1.551	0.00839196
-1.55	0.00842274
-1.549	0.00845329
-1.548	0.00848362
-1.547	0.00851373
-1.546	0.00854358
-1.545	0.0085732
-1.544	0.00860256
-1.543	0.00863164
-1.542	0.00866046
-1.541	0.008689
-1.54	0.00871723
-1.539	0.00874519
-1.538	0.00877286
-1.537	0.00880023
-1.536	0.00882725
-1.535	0.00885401
-1.534	0.00888044
-1.533	0.00890655
-1.532	0.00893235
-1.531	0.00895782
-1.53	0.00898299
-1.529	0.00900783
-1.528	0.00903234
-1.527	0.00905654
-1.526	0.00908043
-1.525	0.00910401
-1.524	0.00912727
-1.523	0.00915024
-1.522	0.00917288
-1.521	0.00919524
-1.52	0.00921729
-1.519	0.00923908
-1.518	0.00926056
-1.517	0.00928179
-1.516	0.00930274
-1.515	0.00932342
-1.514	0.00934388
-1.513	0.00936408
-1.512	0.00938404
-1.511	0.00940378
-1.51	0.00942331
-1.509	0.00944263
-1.508	0.00946177
-1.507	0.0094807
-1.506	0.00949949
-1.505	0.00951811
-1.504	0.00953659
-1.503	0.00955496
-1.502	0.00957318
-1.501	0.00959131
-1.5	0.00960933
-1.499	0.00962728
-1.498	0.00964518
-1.497	0.00966301
-1.496	0.00968082
-1.495	0.0096986
-1.494	0.00971637
-1.493	0.00973414
-1.492	0.00975193
-1.491	0.00976976
-1.49	0.00978765
-1.489	0.00980559
-1.488	0.00982363
-1.487	0.00984174
-1.486	0.00985999
-1.485	0.00987834
-1.484	0.00989684
-1.483	0.0099155
-1.482	0.00993432
-1.481	0.00995332
-1.48	0.0099725
-1.479	0.00999191
-1.478	0.0100115
-1.477	0.0100314
-1.476	0.0100515
-1.475	0.0100719
-1.474	0.0100925
-1.473	0.0101134
-1.472	0.0101347
-1.471	0.0101562
-1.47	0.010178
-1.469	0.0102002
-1.468	0.0102227
-1.467	0.0102456
-1.466	0.0102689
-1.465	0.0102925
-1.464	0.0103164
-1.463	0.0103408
-1.462	0.0103655
-1.461	0.0103907
-1.46	0.0104162
-1.459	0.0104422
-1.458	0.0104685
-1.457	0.0104953
-1.456	0.0105226
-1.455	0.0105502
-1.454	0.0105783
-1.453	0.0106068
-1.452	0.0106358
-1.451	0.0106652
-1.45	0.010695
-1.449	0.0107253
-1.448	0.010756
-1.447	0.0107872
-1.446	0.0108188
-1.445	0.0108508
-1.444	0.0108833
-1.443	0.0109162
-1.442	0.0109496
-1.441	0.0109834
-1.44	0.0110175
-1.439	0.0110522
-1.438	0.0110872
-1.437	0.0111226
-1.436	0.0111585
-1.435	0.0111947
-1.434	0.0112313
-1.433	0.0112683
-1.432	0.0113057
-1.431	0.0113434
-1.43	0.0113815
-1.429	0.01142
-1.428	0.0114588
-1.427	0.0114979
-1.426	0.0115373
-1.425	0.011577
-1.424	0.0116171
-1.423	0.0116574
-1.422	0.011698
-1.421	0.0117389
-1.42	0.01178
-1.419	0.0118213
-1.418	0.0118629
-1.417	0.0119047
-1.416	0.0119467
-1.415	0.0119889
-1.414	0.0120313
-1.413	0.0120738
-1.412	0.0121165
-1.411	0.0121593
-1.41	0.0122023
-1.409	0.0122453
-1.408	0.0122885
-1.407	0.0123318
-1.406	0.0123751
-1.405	0.0124185
-1.404	0.0124619
-1.403	0.0125054
-1.402	0.0125489
-1.401	0.0125925
-1.4	0.012636
-1.399	0.0126795
-1.398	0.012723
-1.397	0.0127664
-1.396	0.0128098
-1.395	0.0128532
-1.394	0.0128965
-1.393	0.0129397
-1.392	0.0129828
-1.391	0.0130258
-1.39	0.0130687
-1.389	0.0131115
-1.388	0.0131542
-1.387	0.0131968
-1.386	0.0132391
-1.385	0.0132814
-1.384	0.0133235
-1.383	0.0133654
-1.382	0.0134072
-1.381	0.0134487
-1.38	0.0134902
-1.379	0.0135313
-1.378	0.0135724
-1.377	0.0136132
-1.376	0.0136538
-1.375	0.0136943
-1.374	0.0137345
-1.373	0.0137745
-1.372	0.0138143
-1.371	0.013854
-1.37	0.0138934
-1.369	0.0139325
-1.368	0.0139715
-1.367	0.0140103
-1.366	0.0140488
-1.365	0.0140872
-1.364	0.0141253
-1.363	0.0141633
-1.362	0.0142011
-1.361	0.0142386
-1.36	0.014276
-1.359	0.0143132
-1.358	0.0143502
-1.357	0.014387
-1.356	0.0144237
-1.355	0.0144602
-1.354	0.0144965
-1.353	0.0145327
-1.352	0.0145687
-1.351	0.0146046
-1.35	0.0146404
-1.349	0.0146761
-1.348	0.0147117
-1.347	0.0147471
-1.346	0.0147825
-1.345	0.0148178
-1.344	0.014853
-1.343	0.0148882
-1.342	0.0149233
-1.341	0.0149584
-1.34	0.0149934
-1.339	0.0150284
-1.338	0.0150635
-1.337	0.0150985
-1.336	0.0151335
-1.335	0.0151686
-1.334	0.0152037
-1.333	0.0152389
-1.332	0.0152741
-1.331	0.0153094
-1.33	0.0153449
-1.329	0.0153803
-1.328	0.015416
-1.327	0.0154517
-1.326	0.0154876
-1.325	0.0155236
-1.324	0.0155598
-1.323	0.0155961
-1.322	0.0156327
-1.321	0.0156694
-1.32	0.0157063
-1.319	0.0157435
-1.318	0.0157809
-1.317	0.0158185
-1.316	0.0158564
-1.315	0.0158945
-1.314	0.0159329
-1.313	0.0159716
-1.312	0.0160106
-1.311	0.0160499
-1.31	0.0160895
-1.309	0.0161294
-1.308	0.0161696
-1.307	0.0162101
-1.306	0.016251
-1.305	0.0162923
-1.304	0.0163339
-1.303	0.0163759
-1.302	0.0164182
-1.301	0.0164609
-1.3	0.016504
-1.299	0.0165475
-1.298	0.0165913
-1.297	0.0166356
-1.296	0.0166803
-1.295	0.0167253
-1.294	0.0167708
-1.293	0.0168166
-1.292	0.016863
-1.291	0.0169096
-1.29	0.0169567
-1.289	0.0170043
-1.288	0.0170522
-1.287	0.0171005
-1.286	0.0171493
-1.285	0.0171985
-1.284	0.017248
-1.283	0.017298
-1.282	0.0173484
-1.281	0.0173993
-1.28	0.0174505
-1.279	0.0175021
-1.278	0.0175541
-1.277	0.0176065
-1.276	0.0176593
-1.275	0.0177124
-1.274	0.017766
-1.273	0.0178199
-1.272	0.0178742
-1.271	0.0179288
-1.27	0.0179838
-1.269	0.0180391
-1.268	0.0180948
-1.267	0.0181509
-1.266	0.0182072
-1.265	0.0182639
-1.264	0.0183208
-1.263	0.0183781
-1.262	0.0184357
-1.261	0.0184936
-1.26	0.0185517
-1.259	0.0186101
-1.258	0.0186688
-1.257	0.0187277
-1.256	0.0187868
-1.255	0.0188462
-1.254	0.0189058
-1.253	0.0189656
-1.252	0.0190256
-1.251	0.0190858
-1.25	0.0191463
-1.249	0.0192068
-1.248	0.0192676
-1.247	0.0193285
-1.246	0.0193895
-1.245	0.0194507
-1.244	0.019512
-1.243	0.0195734
-1.242	0.0196349
-1.241	0.0196965
-1.24	0.0197582
-1.239	0.01982
-1.238	0.0198819
-1.237	0.0199438
-1.236	0.0200057
-1.235	0.0200678
-1.234	0.0201298
-1.233	0.0201919
-1.232	0.020254
-1.231	0.0203162
-1.23	0.0203783
-1.229	0.0204404
-1.228	0.0205026
-1.227	0.0205647
-1.226	0.0206268
-1.225	0.0206889
-1.224	0.0207509
-1.223	0.0208129
-1.222	0.0208749
-1.221	0.0209369
-1.22	0.0209988
-1.219	0.0210607
-1.218	0.0211224
-1.217	0.0211842
-1.216	0.0212459
-1.215	0.0213075
-1.214	0.0213691
-1.213	0.0214305
-1.212	0.021492
-1.211	0.0215533
-1.21	0.0216146
-1.209	0.0216759
-1.208	0.021737
-1.207	0.0217982
-1.206	0.0218592
-1.205	0.0219202
-1.204	0.0219811
-1.203	0.0220419
-1.202	0.0221027
-1.201	0.0221635
-1.2	0.0222242
-1.199	0.0222848
-1.198	0.0223454
-1.197	0.022406
-1.196	0.0224665
-1.195	0.022527
-1.194	0.0225875
-1.193	0.0226479
-1.192	0.0227083
-1.191	0.0227688
-1.19	0.0228292
-1.189	0.0228897
-1.188	0.0229501
-1.187	0.0230106
-1.186	0.023071
-1.185	0.0231316
-1.184	0.0231921
-1.183	0.0232527
-1.182	0.0233134
-1.181	0.0233741
-1.18	0.0234349
-1.179	0.0234958
-1.178	0.0235567
-1.177	0.0236178
-1.176	0.023679
-1.175	0.0237403
-1.174	0.0238017
-1.173	0.0238632
-1.172	0.0239249
-1.171	0.0239867
-1.17	0.0240487
-1.169	0.0241108
-1.168	0.0241731
-1.167	0.0242357
-1.166	0.0242984
-1.165	0.0243613
-1.164	0.0244244
-1.163	0.0244877
-1.162	0.0245513
-1.161	0.0246151
-1.16	0.0246792
-1.159	0.0247435
-1.158	0.0248081
-1.157	0.0248729
-1.156	0.0249381
-1.155	0.0250035
-1.154	0.0250692
-1.153	0.0251352
-1.152	0.0252016
-1.151	0.0252682
-1.15	0.0253351
-1.149	0.0254024
-1.148	0.0254701
-1.147	0.0255381
-1.146	0.0256064
-1.145	0.0256751
-1.144	0.0257442
-1.143	0.0258136
-1.142	0.0258834
-1.141	0.0259536
-1.14	0.0260241
-1.139	0.026095
-1.138	0.0261663
-1.137	0.026238
-1.136	0.0263102
-1.135	0.0263826
-1.134	0.0264555
-1.133	0.0265288
-1.132	0.0266025
-1.131	0.0266766
-1.13	0.0267511
-1.129	0.0268261
-1.128	0.0269014
-1.127	0.0269772
-1.126	0.0270533
-1.125	0.0271299
-1.124	0.0272069
-1.123	0.0272842
-1.122	0.027362
-1.121	0.0274402
-1.12	0.0275188
-1.119	0.0275978
-1.118	0.0276772
-1.117	0.027757
-1.116	0.0278373
-1.115	0.0279178
-1.114	0.0279988
-1.113	0.0280802
-1.112	0.0281619
-1.111	0.0282441
-1.11	0.0283266
-1.109	0.0284095
-1.108	0.0284927
-1.107	0.0285763
-1.106	0.0286603
-1.105	0.0287446
-1.104	0.0288293
-1.103	0.0289143
-1.102	0.0289996
-1.101	0.0290853
-1.1	0.0291713
-1.099	0.0292576
-1.098	0.0293443
-1.097	0.0294312
-1.096	0.0295184
-1.095	0.029606
-1.094	0.0296938
-1.093	0.0297819
-1.092	0.0298704
-1.091	0.029959
-1.09	0.030048
-1.089	0.0301371
-1.088	0.0302266
-1.087	0.0303162
-1.086	0.0304061
-1.085	0.0304963
-1.084	0.0305867
-1.083	0.0306773
-1.082	0.0307682
-1.081	0.0308591
-1.08	0.0309504
-1.079	0.0310418
-1.078	0.0311334
-1.077	0.0312253
-1.076	0.0313173
-1.075	0.0314094
-1.074	0.0315018
-1.073	0.0315943
-1.072	0.0316869
-1.071	0.0317798
-1.07	0.0318727
-1.069	0.0319659
-1.068	0.0320591
-1.067	0.0321525
-1.066	0.032246
-1.065	0.0323397
-1.064	0.0324336
-1.063	0.0325275
-1.062	0.0326216
-1.061	0.0327157
-1.06	0.03281
-1.059	0.0329045
-1.058	0.032999
-1.057	0.0330936
-1.056	0.0331883
-1.055	0.0332832
-1.054	0.0333782
-1.053	0.0334733
-1.052	0.0335686
-1.051	0.0336638
-1.05	0.0337592
-1.049	0.0338548
-1.048	0.0339504
-1.047	0.0340462
-1.046	0.0341421
-1.045	0.034238
-1.044	0.0343341
-1.043	0.0344304
-1.042	0.0345267
-1.041	0.0346231
-1.04	0.0347196
-1.039	0.0348164
-1.038	0.0349132
-1.037	0.0350101
-1.036	0.0351072
-1.035	0.0352045
-1.034	0.0353018
-1.033	0.0353994
-1.032	0.0354971
-1.031	0.0355949
-1.03	0.0356929
-1.029	0.035791
-1.028	0.0358894
-1.027	0.0359879
-1.026	0.0360866
-1.025	0.0361854
-1.024	0.0362844
-1.023	0.0363837
-1.022	0.0364831
-1.021	0.0365828
-1.02	0.0366827
-1.019	0.0367828
-1.018	0.036883
-1.017	0.0369836
-1.016	0.0370843
-1.015	0.0371854
-1.014	0.0372867
-1.013	0.0373882
-1.012	0.03749
-1.011	0.037592
-1.01	0.0376943
-1.009	0.0377969
-1.008	0.0378998
-1.007	0.038003
-1.006	0.0381065
-1.005	0.0382103
-1.004	0.0383143
-1.003	0.0384188
-1.002	0.0385235
-1.001	0.0386286
-1	0.038734
-0.999	0.0388397
-0.998	0.0389458
-0.997	0.0390522
-0.996	0.039159
-0.995	0.0392662
-0.994	0.0393737
-0.993	0.0394816
-0.992	0.03959
-0.991	0.0396986
-0.99	0.0398077
-0.989	0.0399172
-0.988	0.040027
-0.987	0.0401372
-0.986	0.040248
-0.985	0.040359
-0.984	0.0404705
-0.983	0.0405824
-0.982	0.0406948
-0.981	0.0408076
-0.98	0.0409207
-0.979	0.0410344
-0.978	0.0411485
-0.977	0.041263
-0.976	0.0413779
-0.975	0.0414933
-0.974	0.0416092
-0.973	0.0417254
-0.972	0.0418421
-0.971	0.0419594
-0.97	0.0420771
-0.969	0.0421952
-0.968	0.0423138
-0.967	0.0424327
-0.966	0.0425522
-0.965	0.0426721
-0.964	0.0427926
-0.963	0.0429134
-0.962	0.0430348
-0.961	0.0431565
-0.96	0.0432788
-0.959	0.0434015
-0.958	0.0435246
-0.957	0.0436483
-0.956	0.0437723
-0.955	0.0438968
-0.954	0.0440218
-0.953	0.0441473
-0.952	0.0442732
-0.951	0.0443995
-0.95	0.0445262
-0.949	0.0446535
-0.948	0.0447811
-0.947	0.0449092
-0.946	0.0450378
-0.945	0.0451666
-0.944	0.0452961
-0.943	0.045426
-0.942	0.0455563
-0.941	0.045687
-0.94	0.0458181
-0.939	0.0459497
-0.938	0.0460816
-0.937	0.046214
-0.936	0.0463468
-0.935	0.04648
-0.934	0.0466136
-0.933	0.0467476
-0.932	0.046882
-0.931	0.0470168
-0.93	0.047152
-0.929	0.0472876
-0.928	0.0474235
-0.927	0.0475599
-0.926	0.0476966
-0.925	0.0478337
-0.924	0.0479713
-0.923	0.0481091
-0.922	0.0482473
-0.921	0.0483859
-0.92	0.0485248
-0.919	0.0486641
-0.918	0.0488038
-0.917	0.0489438
-0.916	0.0490842
-0.915	0.0492249
-0.914	0.0493659
-0.913	0.0495073
-0.912	0.049649
-0.911	0.0497911
-0.91	0.0499336
-0.909	0.0500764
-0.908	0.0502194
-0.907	0.0503629
-0.906	0.0505066
-0.905	0.0506507
-0.904	0.0507951
-0.903	0.0509399
-0.902	0.0510849
-0.901	0.0512303
-0.9	0.051376
-0.899	0.051522
-0.898	0.0516684
-0.897	0.0518151
-0.896	0.0519621
-0.895	0.0521094
-0.894	0.052257
-0.893	0.052405
-0.892	0.0525534
-0.891	0.052702
-0.89	0.0528509
-0.889	0.0530002
-0.888	0.0531498
-0.887	0.0532997
-0.886	0.05345
-0.885	0.0536005
-0.884	0.0537514
-0.883	0.0539027
-0.882	0.0540543
-0.881	0.0542061
-0.88	0.0543584
-0.879	0.054511
-0.878	0.054664
-0.877	0.0548173
-0.876	0.0549709
-0.875	0.055125
-0.874	0.0552793
-0.873	0.055434
-0.872	0.0555891
-0.871	0.0557446
-0.87	0.0559004
-0.869	0.0560565
-0.868	0.0562131
-0.867	0.05637
-0.866	0.0565273
-0.865	0.0566851
-0.864	0.0568432
-0.863	0.0570017
-0.862	0.0571606
-0.861	0.0573199
-0.86	0.0574797
-0.859	0.0576398
-0.858	0.0578004
-0.857	0.0579612
-0.856	0.0581226
-0.855	0.0582845
-0.854	0.0584467
-0.853	0.0586094
-0.852	0.0587725
-0.851	0.0589361
-0.85	0.0591001
-0.849	0.0592646
-0.848	0.0594295
-0.847	0.059595
-0.846	0.0597609
-0.845	0.0599272
-0.844	0.060094
-0.843	0.0602613
-0.842	0.0604291
-0.841	0.0605974
-0.84	0.0607663
-0.839	0.0609355
-0.838	0.0611053
-0.837	0.0612755
-0.836	0.0614463
-0.835	0.0616176
-0.834	0.0617895
-0.833	0.0619619
-0.832	0.0621348
-0.831	0.0623082
-0.83	0.0624822
-0.829	0.0626567
-0.828	0.0628317
-0.827	0.0630073
-0.826	0.0631835
-0.825	0.0633602
-0.824	0.0635374
-0.823	0.0637151
-0.822	0.0638935
-0.821	0.0640725
-0.82	0.0642519
-0.819	0.0644319
-0.818	0.0646126
-0.817	0.0647938
-0.816	0.0649756
-0.815	0.0651579
-0.814	0.0653409
-0.813	0.0655244
-0.812	0.0657085
-0.811	0.0658931
-0.81	0.0660784
-0.809	0.0662643
-0.808	0.0664508
-0.807	0.0666379
-0.806	0.0668255
-0.805	0.0670137
-0.804	0.0672026
-0.803	0.067392
-0.802	0.067582
-0.801	0.0677727
-0.8	0.0679638
-0.799	0.0681557
-0.798	0.0683482
-0.797	0.0685412
-0.796	0.0687349
-0.795	0.0689291
-0.794	0.0691239
-0.793	0.0693194
-0.792	0.0695155
-0.791	0.069712
-0.79	0.0699093
-0.789	0.0701072
-0.788	0.0703056
-0.787	0.0705047
-0.786	0.0707045
-0.785	0.0709047
-0.784	0.0711056
-0.783	0.0713071
-0.782	0.0715092
-0.781	0.0717118
-0.78	0.071915
-0.779	0.072119
-0.778	0.0723235
-0.777	0.0725286
-0.776	0.0727343
-0.775	0.0729405
-0.774	0.0731474
-0.773	0.0733549
-0.772	0.0735629
-0.771	0.0737717
-0.77	0.073981
-0.769	0.0741909
-0.768	0.0744014
-0.767	0.0746124
-0.766	0.074824
-0.765	0.0750363
-0.764	0.0752492
-0.763	0.0754626
-0.762	0.0756766
-0.761	0.0758913
-0.76	0.0761064
-0.759	0.0763222
-0.758	0.0765386
-0.757	0.0767557
-0.756	0.0769733
-0.755	0.0771914
-0.754	0.0774102
-0.753	0.0776295
-0.752	0.0778494
-0.751	0.0780699
-0.75	0.0782912
-0.749	0.0785129
-0.748	0.0787352
-0.747	0.0789581
-0.746	0.0791815
-0.745	0.0794056
-0.744	0.0796303
-0.743	0.0798555
-0.742	0.0800813
-0.741	0.0803079
-0.74	0.0805349
-0.739	0.0807625
-0.738	0.0809908
-0.737	0.0812197
-0.736	0.0814491
-0.735	0.0816792
-0.734	0.0819098
-0.733	0.082141
-0.732	0.0823728
-0.731	0.0826054
-0.73	0.0828383
-0.729	0.083072
-0.728	0.0833064
-0.727	0.0835411
-0.726	0.0837767
-0.725	0.0840129
-0.724	0.0842496
-0.723	0.0844869
-0.722	0.0847249
-0.721	0.0849635
-0.72	0.0852028
-0.719	0.0854427
-0.718	0.0856831
-0.717	0.0859243
-0.716	0.086166
-0.715	0.0864084
-0.714	0.0866515
-0.713	0.0868952
-0.712	0.0871395
-0.711	0.0873845
-0.71	0.0876302
-0.709	0.0878764
-0.708	0.0881235
-0.707	0.0883711
-0.706	0.0886194
-0.705	0.0888683
-0.704	0.089118
-0.703	0.0893684
-0.702	0.0896193
-0.701	0.0898711
-0.7	0.0901233
-0.699	0.0903764
-0.698	0.0906302
-0.697	0.0908846
-0.696	0.0911398
-0.695	0.0913956
-0.694	0.0916521
-0.693	0.0919095
-0.692	0.0921674
-0.691	0.0924261
-0.69	0.0926856
-0.689	0.0929456
-0.688	0.0932065
-0.687	0.0934682
-0.686	0.0937305
-0.685	0.0939936
-0.684	0.0942575
-0.683	0.094522
-0.682	0.0947873
-0.681	0.0950535
-0.68	0.0953203
-0.679	0.095588
-0.678	0.0958564
-0.677	0.0961254
-0.676	0.0963954
-0.675	0.096666
-0.674	0.0969375
-0.673	0.09721
-0.672	0.097483
-0.671	0.0977569
-0.67	0.0980314
-0.669	0.0983067
-0.668	0.098583
-0.667	0.09886
-0.666	0.0991378
-0.665	0.0994166
-0.664	0.0996961
-0.663	0.0999763
-0.662	0.100257
-0.661	0.100539
-0.66	0.100822
-0.659	0.101106
-0.658	0.10139
-0.657	0.101675
-0.656	0.101962
-0.655	0.102248
-0.654	0.102536
-0.653	0.102825
-0.652	0.103114
-0.651	0.103404
-0.65	0.103695
-0.649	0.103988
-0.648	0.10428
-0.647	0.104574
-0.646	0.104869
-0.645	0.105164
-0.644	0.10546
-0.643	0.105758
-0.642	0.106056
-0.641	0.106355
-0.64	0.106654
-0.639	0.106955
-0.638	0.107257
-0.637	0.107559
-0.636	0.107862
-0.635	0.108166
-0.634	0.108472
-0.633	0.108778
-0.632	0.109084
-0.631	0.109392
-0.63	0.109701
-0.629	0.11001
-0.628	0.110321
-0.627	0.110632
-0.626	0.110944
-0.625	0.111257
-0.624	0.111571
-0.623	0.111886
-0.622	0.112202
-0.621	0.112519
-0.62	0.112836
-0.619	0.113155
-0.618	0.113474
-0.617	0.113795
-0.616	0.114116
-0.615	0.114438
-0.614	0.114761
-0.613	0.115085
-0.612	0.11541
-0.611	0.115736
-0.61	0.116063
-0.609	0.116391
-0.608	0.116719
-0.607	0.117049
-0.606	0.117379
-0.605	0.11771
-0.604	0.118043
-0.603	0.118376
-0.602	0.11871
-0.601	0.119045
-0.6	0.119381
-0.599	0.119718
-0.598	0.120056
-0.597	0.120395
-0.596	0.120735
-0.595	0.121076
-0.594	0.121418
-0.593	0.12176
-0.592	0.122104
-0.591	0.122448
-0.59	0.122794
-0.589	0.123141
-0.588	0.123488
-0.587	0.123836
-0.586	0.124186
-0.585	0.124536
-0.584	0.124888
-0.583	0.12524
-0.582	0.125593
-0.581	0.125947
-0.58	0.126303
-0.579	0.126659
-0.578	0.127016
-0.577	0.127374
-0.576	0.127734
-0.575	0.128094
-0.574	0.128455
-0.573	0.128817
-0.572	0.12918
-0.571	0.129544
-0.57	0.129909
-0.569	0.130276
-0.568	0.130643
-0.567	0.131011
-0.566	0.13138
-0.565	0.131751
-0.564	0.132122
-0.563	0.132494
-0.562	0.132867
-0.561	0.133242
-0.56	0.133617
-0.559	0.133994
-0.558	0.134371
-0.557	0.13475
-0.556	0.135129
-0.555	0.13551
-0.554	0.135892
-0.553	0.136274
-0.552	0.136658
-0.551	0.137043
-0.55	0.137429
-0.549	0.137816
-0.548	0.138204
-0.547	0.138593
-0.546	0.138984
-0.545	0.139375
-0.544	0.139767
-0.543	0.140161
-0.542	0.140556
-0.541	0.140951
-0.54	0.141348
-0.539	0.141746
-0.538	0.142145
-0.537	0.142545
-0.536	0.142947
-0.535	0.143349
-0.534	0.143753
-0.533	0.144157
-0.532	0.144563
-0.531	0.14497
-0.53	0.145378
-0.529	0.145787
-0.528	0.146198
-0.527	0.146609
-0.526	0.147022
-0.525	0.147436
-0.524	0.147851
-0.523	0.148267
-0.522	0.148684
-0.521	0.149103
-0.52	0.149523
-0.519	0.149944
-0.518	0.150366
-0.517	0.150789
-0.516	0.151214
-0.515	0.151639
-0.514	0.152066
-0.513	0.152494
-0.512	0.152924
-0.511	0.153354
-0.51	0.153786
-0.509	0.154219
-0.508	0.154653
-0.507	0.155089
-0.506	0.155525
-0.505	0.155963
-0.504	0.156402
-0.503	0.156843
-0.502	0.157284
-0.501	0.157727
-0.5	0.158172
-0.499	0.158617
-0.498	0.159064
-0.497	0.159512
-0.496	0.159961
-0.495	0.160411
-0.494	0.160863
-0.493	0.161316
-0.492	0.161771
-0.491	0.162226
-0.49	0.162683
-0.489	0.163142
-0.488	0.163601
-0.487	0.164062
-0.486	0.164524
-0.485	0.164988
-0.484	0.165453
-0.483	0.165919
-0.482	0.166387
-0.481	0.166855
-0.48	0.167326
-0.479	0.167797
-0.478	0.16827
-0.477	0.168744
-0.476	0.16922
-0.475	0.169697
-0.474	0.170175
-0.473	0.170655
-0.472	0.171136
-0.471	0.171618
-0.47	0.172101
-0.469	0.172587
-0.468	0.173073
-0.467	0.173561
-0.466	0.17405
-0.465	0.174541
-0.464	0.175033
-0.463	0.175526
-0.462	0.176021
-0.461	0.176517
-0.46	0.177015
-0.459	0.177514
-0.458	0.178015
-0.457	0.178517
-0.456	0.17902
-0.455	0.179524
-0.454	0.180031
-0.453	0.180538
-0.452	0.181047
-0.451	0.181558
-0.45	0.182069
-0.449	0.182583
-0.448	0.183098
-0.447	0.183614
-0.446	0.184132
-0.445	0.184651
-0.444	0.185171
-0.443	0.185693
-0.442	0.186217
-0.441	0.186742
-0.44	0.187268
-0.439	0.187796
-0.438	0.188326
-0.437	0.188857
-0.436	0.189389
-0.435	0.189923
-0.434	0.190459
-0.433	0.190995
-0.432	0.191534
-0.431	0.192074
-0.43	0.192615
-0.429	0.193158
-0.428	0.193703
-0.427	0.194249
-0.426	0.194796
-0.425	0.195346
-0.424	0.195896
-0.423	0.196449
-0.422	0.197002
-0.421	0.197557
-0.42	0.198114
-0.419	0.198673
-0.418	0.199232
-0.417	0.199794
-0.416	0.200357
-0.415	0.200922
-0.414	0.201521
-0.413	0.202188
-0.412	0.202925
-0.411	0.203732
-0.41	0.204609
-0.409	0.205557
-0.408	0.206576
-0.407	0.207665
-0.406	0.208827
-0.405	0.21006
-0.404	0.211364
-0.403	0.212742
-0.402	0.21419
-0.401	0.21571
-0.4	0.217303
-0.399	0.218967
-0.398	0.220702
-0.397	0.222509
-0.396	0.224385
-0.395	0.226333
-0.394	0.228351
-0.393	0.230438
-0.392	0.232594
-0.391	0.234818
-0.39	0.23711
-0.389	0.23947
-0.388	0.241895
-0.387	0.244386
-0.386	0.246942
-0.385	0.249561
-0.384	0.252243
-0.383	0.254988
-0.382	0.257792
-0.381	0.260657
-0.38	0.26358
-0.379	0.26656
-0.378	0.269597
-0.377	0.272689
-0.376	0.275834
-0.375	0.279032
-0.374	0.28228
-0.373	0.285578
-0.372	0.288925
-0.371	0.292318
-0.37	0.295755
-0.369	0.299237
-0.368	0.30276
-0.367	0.306324
-0.366	0.309926
-0.365	0.313566
-0.364	0.317259
-0.363	0.321025
-0.362	0.324858
-0.361	0.328761
-0.36	0.332728
-0.359	0.336759
-0.358	0.340848
-0.357	0.344997
-0.356	0.349201
-0.355	0.353458
-0.354	0.357767
-0.353	0.362123
-0.352	0.366527
-0.351	0.370972
-0.35	0.375459
-0.349	0.379983
-0.348	0.384543
-0.347	0.389136
-0.346	0.393758
-0.345	0.398409
-0.344	0.403084
-0.343	0.407782
-0.342	0.412499
-0.341	0.417233
-0.34	0.42198
-0.339	0.426738
-0.338	0.431506
-0.337	0.436277
-0.336	0.441053
-0.335	0.445829
-0.334	0.450603
-0.333	0.455369
-0.332	0.460128
-0.331	0.464879
-0.33	0.469612
-0.329	0.474331
-0.328	0.479029
-0.327	0.483707
-0.326	0.48836
-0.325	0.492986
-0.324	0.49758
-0.323	0.502143
-0.322	0.506672
-0.321	0.51116
-0.32	0.515611
-0.319	0.520016
-0.318	0.524378
-0.317	0.528688
-0.316	0.532952
-0.315	0.53716
-0.314	0.541314
-0.313	0.54541
-0.312	0.549444
-0.311	0.553419
-0.31	0.557325
-0.309	0.561167
-0.308	0.564937
-0.307	0.568637
-0.306	0.572263
-0.305	0.575812
-0.304	0.579286
-0.303	0.582678
-0.302	0.585989
-0.301	0.589218
-0.3	0.592359
-0.299	0.595414
-0.298	0.598379
-0.297	0.601256
-0.296	0.604037
-0.295	0.606727
-0.294	0.609319
-0.293	0.611815
-0.292	0.614215
-0.291	0.616511
-0.29	0.61871
-0.289	0.620804
-0.288	0.622797
-0.287	0.62468
-0.286	0.626466
-0.285	0.628139
-0.284	0.629704
-0.283	0.631164
-0.282	0.632514
-0.281	0.633753
-0.28	0.634881
-0.279	0.635901
-0.278	0.636804
-0.277	0.6376
-0.276	0.638279
-0.275	0.638847
-0.274	0.639302
-0.273	0.639643
-0.272	0.639869
-0.271	0.639982
-0.27	0.639983
-0.269	0.639868
-0.268	0.639641
-0.267	0.6393
-0.266	0.638846
-0.265	0.638279
-0.264	0.637601
-0.263	0.636809
-0.262	0.635906
-0.261	0.634893
-0.26	0.63377
-0.259	0.632536
-0.258	0.631195
-0.257	0.629745
-0.256	0.628189
-0.255	0.626525
-0.254	0.624759
-0.253	0.622888
-0.252	0.620914
-0.251	0.618839
-0.25	0.616662
-0.249	0.614391
-0.248	0.612019
-0.247	0.609553
-0.246	0.60699
-0.245	0.604338
-0.244	0.60159
-0.243	0.598756
-0.242	0.595833
-0.241	0.592824
-0.24	0.589733
-0.239	0.586556
-0.238	0.583302
-0.237	0.579966
-0.236	0.576559
-0.235	0.573072
-0.234	0.569517
-0.233	0.56589
-0.232	0.562195
-0.231	0.558436
-0.23	0.554613
-0.229	0.550729
-0.228	0.546786
-0.227	0.542789
-0.226	0.538735
-0.225	0.534632
-0.224	0.53048
-0.223	0.52628
-0.222	0.522038
-0.221	0.517755
-0.22	0.513432
-0.219	0.509074
-0.218	0.504682
-0.217	0.500259
-0.216	0.495809
-0.215	0.491334
-0.214	0.486834
-0.213	0.482316
-0.212	0.477781
-0.211	0.47323
-0.21	0.468669
-0.209	0.464097
-0.208	0.459521
-0.207	0.45494
-0.206	0.45036
-0.205	0.44578
-0.204	0.441207
-0.203	0.43664
-0.202	0.432084
-0.201	0.427541
-0.2	0.423013
-0.199	0.418506
-0.198	0.414018
-0.197	0.409556
-0.196	0.405119
-0.195	0.400713
-0.194	0.396337
-0.193	0.391998
-0.192	0.387694
-0.191	0.383433
-0.19	0.379211
-0.189	0.375036
-0.188	0.370909
-0.187	0.366832
-0.186	0.362807
-0.185	0.358837
-0.184	0.354925
-0.183	0.351071
-0.182	0.347282
-0.181	0.343556
-0.18	0.339896
-0.179	0.336306
-0.178	0.332787
-0.177	0.32934
-0.176	0.32597
-0.175	0.322677
-0.174	0.319463
-0.173	0.31633
-0.172	0.313281
-0.171	0.310317
-0.17	0.30744
-0.169	0.304651
-0.168	0.301952
-0.167	0.299347
-0.166	0.296834
-0.165	0.294416
-0.164	0.292097
-0.163	0.289874
-0.162	0.287751
-0.161	0.285728
-0.16	0.283808
-0.159	0.281992
-0.158	0.280279
-0.157	0.278672
-0.156	0.277171
-0.155	0.275778
-0.154	0.274493
-0.153	0.273317
-0.152	0.272252
-0.151	0.271296
-0.15	0.270452
-0.149	0.26972
-0.148	0.2691
-0.147	0.268592
-0.146	0.268197
-0.145	0.267917
-0.144	0.267749
-0.143	0.267695
-0.142	0.267754
-0.141	0.267928
-0.14	0.268215
-0.139	0.268616
-0.138	0.269131
-0.137	0.269759
-0.136	0.270499
-0.135	0.271352
-0.134	0.272319
-0.133	0.273394
-0.132	0.274583
-0.131	0.275881
-0.13	0.277289
-0.129	0.278806
-0.128	0.280431
-0.127	0.282163
-0.126	0.284001
-0.125	0.285945
-0.124	0.287991
-0.123	0.290143
-0.122	0.292394
-0.121	0.294747
-0.12	0.297198
-0.119	0.299748
-0.118	0.302394
-0.117	0.305133
-0.116	0.307968
-0.115	0.310893
-0.114	0.313908
-0.113	0.31701
-0.112	0.320202
-0.111	0.323475
-0.11	0.326833
-0.109	0.330271
-0.108	0.333787
-0.107	0.337381
-0.106	0.341049
-0.105	0.34479
-0.104	0.348601
-0.103	0.352482
-0.102	0.356427
-0.101	0.360437
-0.1	0.364509
