-4	6.04272e-010
-3.999	6.07076e-010
-3.998	6.06699e-010
-3.997	6.02131e-010
-3.996	6.04447e-010
-3.995	5.98274e-010
-3.994	5.99631e-010
-3.993	6.06692e-010
-3.992	6.05181e-010
-3.991	6.0249e-010
-3.99	6.02254e-010
-3.989	6.04068e-010
-3.988	6.04244e-010
-3.987	6.0186e-010
-3.986	5.97864e-010
-3.985	5.96915e-010
-3.984	5.94102e-010
-3.983	5.91584e-010
-3.982	5.96047e-010
-3.981	5.9407e-010
-3.98	5.9372e-010
-3.979	5.94334e-010
-3.978	5.89332e-010
-3.977	5.94275e-010
-3.976	5.9322e-010
-3.975	5.87575e-010
-3.974	5.85378e-010
-3.973	5.84255e-010
-3.972	5.86486e-010
-3.971	5.80714e-010
-3.97	5.77789e-010
-3.969	5.78566e-010
-3.968	5.74891e-010
-3.967	5.79306e-010
-3.966	5.78005e-010
-3.965	5.68721e-010
-3.964	5.73016e-010
-3.963	5.66984e-010
-3.962	5.62217e-010
-3.961	5.65626e-010
-3.96	5.58397e-010
-3.959	5.59342e-010
-3.958	5.6016e-010
-3.957	5.56808e-010
-3.956	5.53583e-010
-3.955	5.55621e-010
-3.954	5.52133e-010
-3.953	5.4534e-010
-3.952	5.4421e-010
-3.951	5.37027e-010
-3.95	5.3717e-010
-3.949	5.38499e-010
-3.948	5.36101e-010
-3.947	5.31587e-010
-3.946	5.30281e-010
-3.945	5.30656e-010
-3.944	5.26934e-010
-3.943	5.2313e-010
-3.942	5.18614e-010
-3.941	5.16913e-010
-3.94	5.13662e-010
-3.939	5.14246e-010
-3.938	5.0609e-010
-3.937	5.00541e-010
-3.936	5.04996e-010
-3.935	4.97378e-010
-3.934	4.94701e-010
-3.933	4.95026e-010
-3.932	4.93547e-010
-3.931	4.89899e-010
-3.93	4.84445e-010
-3.929	4.8393e-010
-3.928	4.80738e-010
-3.927	4.75604e-010
-3.926	4.70964e-010
-3.925	4.70694e-010
-3.924	4.70139e-010
-3.923	4.66257e-010
-3.922	4.59347e-010
-3.921	4.579e-010
-3.92	4.57881e-010
-3.919	4.50206e-010
-3.918	4.49739e-010
-3.917	4.44876e-010
-3.916	4.41979e-010
-3.915	4.41708e-010
-3.914	4.37027e-010
-3.913	4.38054e-010
-3.912	4.32142e-010
-3.911	4.29856e-010
-3.91	4.27773e-010
-3.909	4.21744e-010
-3.908	4.21084e-010
-3.907	4.17864e-010
-3.906	4.12386e-010
-3.905	4.08127e-010
-3.904	4.08561e-010
-3.903	4.05998e-010
-3.902	4.02271e-010
-3.901	4.00602e-010
-3.9	3.96704e-010
-3.899	3.94797e-010
-3.898	3.89629e-010
-3.897	3.84586e-010
-3.896	3.82979e-010
-3.895	3.78803e-010
-3.894	3.75402e-010
-3.893	3.72955e-010
-3.892	3.72794e-010
-3.891	3.69879e-010
-3.89	3.64939e-010
-3.889	3.66614e-010
-3.888	3.62875e-010
-3.887	3.56739e-010
-3.886	3.56051e-010
-3.885	3.53592e-010
-3.884	3.49323e-010
-3.883	3.47725e-010
-3.882	3.45332e-010
-3.881	3.40509e-010
-3.88	3.42857e-010
-3.879	3.4074e-010
-3.878	3.33375e-010
-3.877	3.3337e-010
-3.876	3.31149e-010
-3.875	3.28846e-010
-3.874	3.2766e-010
-3.873	3.23651e-010
-3.872	3.21147e-010
-3.871	3.21546e-010
-3.87	3.21283e-010
-3.869	3.15428e-010
-3.868	3.10896e-010
-3.867	3.12669e-010
-3.866	3.12759e-010
-3.865	3.05709e-010
-3.864	3.0348e-010
-3.863	3.05827e-010
-3.862	3.03961e-010
-3.861	3.03742e-010
-3.86	2.98652e-010
-3.859	2.9652e-010
-3.858	2.9684e-010
-3.857	2.919e-010
-3.856	2.90303e-010
-3.855	2.87266e-010
-3.854	2.8953e-010
-3.853	2.91204e-010
-3.852	2.88592e-010
-3.851	2.87098e-010
-3.85	2.83434e-010
-3.849	2.84207e-010
-3.848	2.8334e-010
-3.847	2.80339e-010
-3.846	2.79803e-010
-3.845	2.81551e-010
-3.844	2.81217e-010
-3.843	2.77984e-010
-3.842	2.78172e-010
-3.841	2.77491e-010
-3.84	2.77958e-010
-3.839	2.75126e-010
-3.838	2.72335e-010
-3.837	2.73849e-010
-3.836	2.71869e-010
-3.835	2.74352e-010
-3.834	2.73758e-010
-3.833	2.69403e-010
-3.832	2.69672e-010
-3.831	2.7205e-010
-3.83	2.71582e-010
-3.829	2.69404e-010
-3.828	2.71604e-010
-3.827	2.72031e-010
-3.826	2.73902e-010
-3.825	2.73719e-010
-3.824	2.71755e-010
-3.823	2.706e-010
-3.822	2.71188e-010
-3.821	2.73699e-010
-3.82	2.72653e-010
-3.819	2.73988e-010
-3.818	2.76758e-010
-3.817	2.77339e-010
-3.816	2.77228e-010
-3.815	2.79048e-010
-3.814	2.77772e-010
-3.813	2.7944e-010
-3.812	2.81144e-010
-3.811	2.80002e-010
-3.81	2.81718e-010
-3.809	2.82966e-010
-3.808	2.83222e-010
-3.807	2.81336e-010
-3.806	2.85737e-010
-3.805	2.86902e-010
-3.804	2.87926e-010
-3.803	2.91727e-010
-3.802	2.90355e-010
-3.801	2.92739e-010
-3.8	2.95536e-010
-3.799	2.96604e-010
-3.798	2.97466e-010
-3.797	2.99804e-010
-3.796	3.01757e-010
-3.795	3.01554e-010
-3.794	3.02728e-010
-3.793	3.07128e-010
-3.792	3.08217e-010
-3.791	3.08821e-010
-3.79	3.1225e-010
-3.789	3.11754e-010
-3.788	3.14619e-010
-3.787	3.18329e-010
-3.786	3.19155e-010
-3.785	3.22397e-010
-3.784	3.23926e-010
-3.783	3.25183e-010
-3.782	3.29888e-010
-3.781	3.32827e-010
-3.78	3.35692e-010
-3.779	3.36943e-010
-3.778	3.38772e-010
-3.777	3.42841e-010
-3.776	3.4146e-010
-3.775	3.44267e-010
-3.774	3.48231e-010
-3.773	3.51731e-010
-3.772	3.54841e-010
-3.771	3.56926e-010
-3.77	3.62206e-010
-3.769	3.62474e-010
-3.768	3.65607e-010
-3.767	3.68971e-010
-3.766	3.69966e-010
-3.765	3.71766e-010
-3.764	3.74137e-010
-3.763	3.78202e-010
-3.762	3.82352e-010
-3.761	3.85943e-010
-3.76	3.86388e-010
-3.759	3.903e-010
-3.758	3.94396e-010
-3.757	3.96667e-010
-3.756	3.96871e-010
-3.755	4.03384e-010
-3.754	4.08584e-010
-3.753	4.05221e-010
-3.752	4.10463e-010
-3.751	4.13841e-010
-3.75	4.17157e-010
-3.749	4.22065e-010
-3.748	4.25265e-010
-3.747	4.25549e-010
-3.746	4.3048e-010
-3.745	4.36573e-010
-3.744	4.3182e-010
-3.743	4.39186e-010
-3.742	4.46234e-010
-3.741	4.47297e-010
-3.74	4.48184e-010
-3.739	4.51779e-010
-3.738	4.56895e-010
-3.737	4.54952e-010
-3.736	4.63432e-010
-3.735	4.62581e-010
-3.734	4.61509e-010
-3.733	4.71598e-010
-3.732	4.70913e-010
-3.731	4.74487e-010
-3.73	4.80854e-010
-3.729	4.85368e-010
-3.728	4.86661e-010
-3.727	4.89893e-010
-3.726	4.96429e-010
-3.725	4.95802e-010
-3.724	4.96732e-010
-3.723	4.96688e-010
-3.722	4.97094e-010
-3.721	5.04154e-010
-3.72	5.11088e-010
-3.719	5.11561e-010
-3.718	5.15547e-010
-3.717	5.19783e-010
-3.716	5.20115e-010
-3.715	5.25925e-010
-3.714	5.30381e-010
-3.713	5.27421e-010
-3.712	5.26961e-010
-3.711	5.34069e-010
-3.71	5.37794e-010
-3.709	5.40263e-010
-3.708	5.42153e-010
-3.707	5.46944e-010
-3.706	5.51119e-010
-3.705	5.53581e-010
-3.704	5.54343e-010
-3.703	5.5457e-010
-3.702	5.58389e-010
-3.701	5.5687e-010
-3.7	5.54899e-010
-3.699	5.60338e-010
-3.698	5.65177e-010
-3.697	5.64138e-010
-3.696	5.70119e-010
-3.695	5.71266e-010
-3.694	5.74004e-010
-3.693	5.791e-010
-3.692	5.81246e-010
-3.691	5.82635e-010
-3.69	5.81157e-010
-3.689	5.84645e-010
-3.688	5.84392e-010
-3.687	5.87243e-010
-3.686	5.87816e-010
-3.685	5.8884e-010
-3.684	5.90614e-010
-3.683	5.90681e-010
-3.682	5.95018e-010
-3.681	5.96647e-010
-3.68	5.97258e-010
-3.679	6.00642e-010
-3.678	5.9926e-010
-3.677	5.96673e-010
-3.676	6.05258e-010
-3.675	6.09627e-010
-3.674	6.05979e-010
-3.673	6.0774e-010
-3.672	6.09646e-010
-3.671	6.07511e-010
-3.67	6.11826e-010
-3.669	6.12618e-010
-3.668	6.07156e-010
-3.667	6.1217e-010
-3.666	6.14593e-010
-3.665	6.08945e-010
-3.664	6.13738e-010
-3.663	6.11931e-010
-3.662	6.09505e-010
-3.661	6.18251e-010
-3.66	6.12619e-010
-3.659	6.12795e-010
-3.658	6.19844e-010
-3.657	6.14482e-010
-3.656	6.14825e-010
-3.655	6.19599e-010
-3.654	6.15197e-010
-3.653	6.1434e-010
-3.652	6.1501e-010
-3.651	6.14741e-010
-3.65	6.17917e-010
-3.649	6.15449e-010
-3.648	6.13284e-010
-3.647	6.11716e-010
-3.646	6.16221e-010
-3.645	6.1673e-010
-3.644	6.1431e-010
-3.643	6.15324e-010
-3.642	6.10165e-010
-3.641	6.10305e-010
-3.64	6.08996e-010
-3.639	6.10809e-010
-3.638	6.09652e-010
-3.637	6.04782e-010
-3.636	6.05356e-010
-3.635	6.04574e-010
-3.634	6.02013e-010
-3.633	5.98306e-010
-3.632	6.00981e-010
-3.631	5.99474e-010
-3.63	5.97676e-010
-3.629	5.97221e-010
-3.628	5.9362e-010
-3.627	5.9487e-010
-3.626	5.94502e-010
-3.625	5.89061e-010
-3.624	5.88904e-010
-3.623	5.90012e-010
-3.622	5.89279e-010
-3.621	5.86584e-010
-3.62	5.8229e-010
-3.619	5.84856e-010
-3.618	5.83181e-010
-3.617	5.77607e-010
-3.616	5.75096e-010
-3.615	5.7495e-010
-3.614	5.70083e-010
-3.613	5.70667e-010
-3.612	5.69205e-010
-3.611	5.61501e-010
-3.61	5.63869e-010
-3.609	5.60782e-010
-3.608	5.56364e-010
-3.607	5.57428e-010
-3.606	5.56676e-010
-3.605	5.50901e-010
-3.604	5.45424e-010
-3.603	5.46416e-010
-3.602	5.46878e-010
-3.601	5.39626e-010
-3.6	5.3778e-010
-3.599	5.37427e-010
-3.598	5.31411e-010
-3.597	5.30678e-010
-3.596	5.29987e-010
-3.595	5.25657e-010
-3.594	5.25845e-010
-3.593	5.23204e-010
-3.592	5.16159e-010
-3.591	5.18065e-010
-3.59	5.11266e-010
-3.589	5.05505e-010
-3.588	5.06997e-010
-3.587	5.00692e-010
-3.586	4.98552e-010
-3.585	4.95626e-010
-3.584	4.93464e-010
-3.583	4.93369e-010
-3.582	4.89143e-010
-3.581	4.90697e-010
-3.58	4.83589e-010
-3.579	4.77474e-010
-3.578	4.79769e-010
-3.577	4.71144e-010
-3.576	4.72177e-010
-3.575	4.70991e-010
-3.574	4.64128e-010
-3.573	4.61972e-010
-3.572	4.57885e-010
-3.571	4.57375e-010
-3.57	4.51049e-010
-3.569	4.4764e-010
-3.568	4.46109e-010
-3.567	4.42109e-010
-3.566	4.41029e-010
-3.565	4.38682e-010
-3.564	4.32228e-010
-3.563	4.3263e-010
-3.562	4.29489e-010
-3.561	4.2271e-010
-3.56	4.26533e-010
-3.559	4.17935e-010
-3.558	4.14266e-010
-3.557	4.14351e-010
-3.556	4.09541e-010
-3.555	4.05002e-010
-3.554	4.0253e-010
-3.553	4.04793e-010
-3.552	3.98331e-010
-3.551	3.95468e-010
-3.55	3.93561e-010
-3.549	3.90124e-010
-3.548	3.92115e-010
-3.547	3.86613e-010
-3.546	3.79008e-010
-3.545	3.78195e-010
-3.544	3.76272e-010
-3.543	3.74923e-010
-3.542	3.69446e-010
-3.541	3.66083e-010
-3.54	3.6472e-010
-3.539	3.60995e-010
-3.538	3.59719e-010
-3.537	3.56166e-010
-3.536	3.5409e-010
-3.535	3.52719e-010
-3.534	3.50649e-010
-3.533	3.45832e-010
-3.532	3.44318e-010
-3.531	3.44042e-010
-3.53	3.40073e-010
-3.529	3.38921e-010
-3.528	3.36185e-010
-3.527	3.35247e-010
-3.526	3.3174e-010
-3.525	3.29264e-010
-3.524	3.25184e-010
-3.523	3.22755e-010
-3.522	3.23472e-010
-3.521	3.19375e-010
-3.52	3.19339e-010
-3.519	3.17668e-010
-3.518	3.17019e-010
-3.517	3.15307e-010
-3.516	3.13052e-010
-3.515	3.10701e-010
-3.514	3.0726e-010
-3.513	3.08925e-010
-3.512	3.06505e-010
-3.511	3.0365e-010
-3.51	3.05105e-010
-3.509	3.01084e-010
-3.508	3.01541e-010
-3.507	2.98113e-010
-3.506	2.97611e-010
-3.505	2.96711e-010
-3.504	2.93978e-010
-3.503	2.95822e-010
-3.502	2.91558e-010
-3.501	2.92097e-010
-3.5	2.89687e-010
-3.499	2.88975e-010
-3.498	2.89809e-010
-3.497	2.85944e-010
-3.496	2.85668e-010
-3.495	2.8626e-010
-3.494	2.84297e-010
-3.493	2.85717e-010
-3.492	2.84722e-010
-3.491	2.83664e-010
-3.49	2.82291e-010
-3.489	2.82233e-010
-3.488	2.83068e-010
-3.487	2.82847e-010
-3.486	2.84893e-010
-3.485	2.83088e-010
-3.484	2.79536e-010
-3.483	2.832e-010
-3.482	2.82705e-010
-3.481	2.8334e-010
-3.48	2.84943e-010
-3.479	2.8552e-010
-3.478	2.85729e-010
-3.477	2.82784e-010
-3.476	2.83525e-010
-3.475	2.81509e-010
-3.474	2.81792e-010
-3.473	2.83673e-010
-3.472	2.86765e-010
-3.471	2.86936e-010
-3.47	2.90259e-010
-3.469	2.89528e-010
-3.468	2.90625e-010
-3.467	2.89978e-010
-3.466	2.90835e-010
-3.465	2.9128e-010
-3.464	2.91921e-010
-3.463	2.93774e-010
-3.462	2.94291e-010
-3.461	2.95753e-010
-3.46	2.97426e-010
-3.459	3.00015e-010
-3.458	2.97574e-010
-3.457	3.0028e-010
-3.456	3.03291e-010
-3.455	3.03419e-010
-3.454	3.03889e-010
-3.453	3.07659e-010
-3.452	3.09037e-010
-3.451	3.13069e-010
-3.45	3.1283e-010
-3.449	3.15376e-010
-3.448	3.17383e-010
-3.447	3.18085e-010
-3.446	3.21679e-010
-3.445	3.26535e-010
-3.444	3.27767e-010
-3.443	3.27722e-010
-3.442	3.26852e-010
-3.441	3.28263e-010
-3.44	3.32124e-010
-3.439	3.32991e-010
-3.438	3.34022e-010
-3.437	3.37334e-010
-3.436	3.41199e-010
-3.435	3.42511e-010
-3.434	3.44223e-010
-3.433	3.47316e-010
-3.432	3.51499e-010
-3.431	3.51324e-010
-3.43	3.53704e-010
-3.429	3.55723e-010
-3.428	3.63409e-010
-3.427	3.64387e-010
-3.426	3.6551e-010
-3.425	3.70792e-010
-3.424	3.71429e-010
-3.423	3.72716e-010
-3.422	3.77869e-010
-3.421	3.80119e-010
-3.42	3.85059e-010
-3.419	3.86061e-010
-3.418	3.90677e-010
-3.417	3.92476e-010
-3.416	3.93291e-010
-3.415	3.96077e-010
-3.414	3.98862e-010
-3.413	4.05673e-010
-3.412	4.03539e-010
-3.411	4.07939e-010
-3.41	4.12545e-010
-3.409	4.19747e-010
-3.408	4.17773e-010
-3.407	4.22012e-010
-3.406	4.26639e-010
-3.405	4.25951e-010
-3.404	4.29438e-010
-3.403	4.31954e-010
-3.402	4.34213e-010
-3.401	4.40292e-010
-3.4	4.45229e-010
-3.399	4.4603e-010
-3.398	4.48908e-010
-3.397	4.54352e-010
-3.396	4.55414e-010
-3.395	4.55731e-010
-3.394	4.59235e-010
-3.393	4.61601e-010
-3.392	4.6597e-010
-3.391	4.70736e-010
-3.39	4.72544e-010
-3.389	4.77614e-010
-3.388	4.83343e-010
-3.387	4.86282e-010
-3.386	4.86284e-010
-3.385	4.8653e-010
-3.384	4.94743e-010
-3.383	4.94474e-010
-3.382	4.96829e-010
-3.381	5.01521e-010
-3.38	4.99688e-010
-3.379	5.04436e-010
-3.378	5.17944e-010
-3.377	5.12594e-010
-3.376	5.18352e-010
-3.375	5.21153e-010
-3.374	5.22485e-010
-3.373	5.27787e-010
-3.372	5.28316e-010
-3.371	5.29918e-010
-3.37	5.32004e-010
-3.369	5.38898e-010
-3.368	5.35567e-010
-3.367	5.39045e-010
-3.366	5.44507e-010
-3.365	5.47084e-010
-3.364	5.47475e-010
-3.363	5.50126e-010
-3.362	5.52285e-010
-3.361	5.58887e-010
-3.36	5.57851e-010
-3.359	5.61502e-010
-3.358	5.62663e-010
-3.357	5.68422e-010
-3.356	5.69963e-010
-3.355	5.71156e-010
-3.354	5.74374e-010
-3.353	5.74413e-010
-3.352	5.76834e-010
-3.351	5.78421e-010
-3.35	5.83128e-010
-3.349	5.86352e-010
-3.348	5.86413e-010
-3.347	5.87703e-010
-3.346	5.92322e-010
-3.345	5.90209e-010
-3.344	5.98129e-010
-3.343	5.97281e-010
-3.342	5.937e-010
-3.341	5.96056e-010
-3.34	5.99859e-010
-3.339	5.98633e-010
-3.338	6.05003e-010
-3.337	6.04628e-010
-3.336	6.0425e-010
-3.335	6.11069e-010
-3.334	6.15219e-010
-3.333	6.13688e-010
-3.332	6.15633e-010
-3.331	6.13635e-010
-3.33	6.10389e-010
-3.329	6.14169e-010
-3.328	6.17318e-010
-3.327	6.13328e-010
-3.326	6.15516e-010
-3.325	6.20184e-010
-3.324	6.19703e-010
-3.323	6.26497e-010
-3.322	6.21293e-010
-3.321	6.26935e-010
-3.32	6.2195e-010
-3.319	6.24549e-010
-3.318	6.23865e-010
-3.317	6.23226e-010
-3.316	6.24797e-010
-3.315	6.24716e-010
-3.314	6.26072e-010
-3.313	6.29148e-010
-3.312	6.29184e-010
-3.311	6.29835e-010
-3.31	6.30978e-010
-3.309	6.31442e-010
-3.308	6.2983e-010
-3.307	6.23808e-010
-3.306	6.27556e-010
-3.305	6.22277e-010
-3.304	6.20016e-010
-3.303	6.22103e-010
-3.302	6.23859e-010
-3.301	6.22739e-010
-3.3	6.28445e-010
-3.299	6.2195e-010
-3.298	6.22969e-010
-3.297	6.25735e-010
-3.296	6.23125e-010
-3.295	6.20216e-010
-3.294	6.22174e-010
-3.293	6.18535e-010
-3.292	6.17643e-010
-3.291	6.18416e-010
-3.29	6.13841e-010
-3.289	6.13595e-010
-3.288	6.11541e-010
-3.287	6.075e-010
-3.286	6.09679e-010
-3.285	6.12888e-010
-3.284	6.1001e-010
-3.283	6.05414e-010
-3.282	6.04478e-010
-3.281	6.0789e-010
-3.28	6.01361e-010
-3.279	6.04159e-010
-3.278	6.02025e-010
-3.277	5.96269e-010
-3.276	5.96528e-010
-3.275	5.99585e-010
-3.274	5.94482e-010
-3.273	5.90088e-010
-3.272	5.89777e-010
-3.271	5.91474e-010
-3.27	5.85277e-010
-3.269	5.84451e-010
-3.268	5.78125e-010
-3.267	5.76455e-010
-3.266	5.75909e-010
-3.265	5.73728e-010
-3.264	5.74756e-010
-3.263	5.69899e-010
-3.262	5.67008e-010
-3.261	5.62539e-010
-3.26	5.65883e-010
-3.259	5.5912e-010
-3.258	5.58306e-010
-3.257	5.58712e-010
-3.256	5.52844e-010
-3.255	5.50723e-010
-3.254	5.50582e-010
-3.253	5.4288e-010
-3.252	5.41594e-010
-3.251	5.38809e-010
-3.25	5.35682e-010
-3.249	5.39802e-010
-3.248	5.36493e-010
-3.247	5.29654e-010
-3.246	5.29948e-010
-3.245	5.24469e-010
-3.244	5.19743e-010
-3.243	5.18579e-010
-3.242	5.14899e-010
-3.241	5.11056e-010
-3.24	5.09218e-010
-3.239	5.07424e-010
-3.238	5.04594e-010
-3.237	4.97625e-010
-3.236	4.9551e-010
-3.235	4.96299e-010
-3.234	4.89483e-010
-3.233	4.89327e-010
-3.232	4.81507e-010
-3.231	4.82435e-010
-3.23	4.79972e-010
-3.229	4.73986e-010
-3.228	4.7378e-010
-3.227	4.71948e-010
-3.226	4.65842e-010
-3.225	4.68196e-010
-3.224	4.61715e-010
-3.223	4.58223e-010
-3.222	4.58438e-010
-3.221	4.53244e-010
-3.22	4.50056e-010
-3.219	4.44826e-010
-3.218	4.44384e-010
-3.217	4.42607e-010
-3.216	4.37943e-010
-3.215	4.30907e-010
-3.214	4.30499e-010
-3.213	4.26711e-010
-3.212	4.26549e-010
-3.211	4.22507e-010
-3.21	4.18887e-010
-3.209	4.16967e-010
-3.208	4.12841e-010
-3.207	4.07878e-010
-3.206	4.09626e-010
-3.205	4.04479e-010
-3.204	4.0049e-010
-3.203	3.99473e-010
-3.202	3.95336e-010
-3.201	3.9486e-010
-3.2	3.94695e-010
-3.199	3.87335e-010
-3.198	3.85513e-010
-3.197	3.83757e-010
-3.196	3.78498e-010
-3.195	3.79121e-010
-3.194	3.71419e-010
-3.193	3.72079e-010
-3.192	3.69805e-010
-3.191	3.63089e-010
-3.19	3.64881e-010
-3.189	3.59083e-010
-3.188	3.55825e-010
-3.187	3.55969e-010
-3.186	3.54429e-010
-3.185	3.54489e-010
-3.184	3.49161e-010
-3.183	3.49021e-010
-3.182	3.46622e-010
-3.181	3.45639e-010
-3.18	3.40491e-010
-3.179	3.38299e-010
-3.178	3.35824e-010
-3.177	3.37186e-010
-3.176	3.31397e-010
-3.175	3.29191e-010
-3.174	3.31172e-010
-3.173	3.25969e-010
-3.172	3.26851e-010
-3.171	3.22955e-010
-3.17	3.21764e-010
-3.169	3.21866e-010
-3.168	3.18246e-010
-3.167	3.16673e-010
-3.166	3.16156e-010
-3.165	3.14639e-010
-3.164	3.11793e-010
-3.163	3.09747e-010
-3.162	3.09588e-010
-3.161	3.0757e-010
-3.16	3.08089e-010
-3.159	3.03569e-010
-3.158	3.01865e-010
-3.157	3.01501e-010
-3.156	3.04533e-010
-3.155	3.02637e-010
-3.154	3.00606e-010
-3.153	3.02239e-010
-3.152	2.99952e-010
-3.151	2.98879e-010
-3.15	2.98497e-010
-3.149	2.96969e-010
-3.148	2.97122e-010
-3.147	2.97372e-010
-3.146	2.969e-010
-3.145	2.9328e-010
-3.144	2.93782e-010
-3.143	2.92909e-010
-3.142	2.91816e-010
-3.141	2.91608e-010
-3.14	2.91818e-010
-3.139	2.95428e-010
-3.138	2.94046e-010
-3.137	2.94624e-010
-3.136	2.94527e-010
-3.135	2.9378e-010
-3.134	2.93675e-010
-3.133	2.94346e-010
-3.132	2.92433e-010
-3.131	2.95001e-010
-3.13	2.94299e-010
-3.129	2.95756e-010
-3.128	2.95928e-010
-3.127	2.98346e-010
-3.126	2.95731e-010
-3.125	2.9783e-010
-3.124	2.98647e-010
-3.123	2.97183e-010
-3.122	2.99824e-010
-3.121	3.00261e-010
-3.12	3.03951e-010
-3.119	3.03856e-010
-3.118	3.06446e-010
-3.117	3.07428e-010
-3.116	3.06999e-010
-3.115	3.08458e-010
-3.114	3.10665e-010
-3.113	3.10918e-010
-3.112	3.13727e-010
-3.111	3.12493e-010
-3.11	3.14111e-010
-3.109	3.16988e-010
-3.108	3.17156e-010
-3.107	3.22304e-010
-3.106	3.22308e-010
-3.105	3.22447e-010
-3.104	3.27957e-010
-3.103	3.2402e-010
-3.102	3.2689e-010
-3.101	3.27876e-010
-3.1	3.30893e-010
-3.099	3.35222e-010
-3.098	3.36279e-010
-3.097	3.35166e-010
-3.096	3.42325e-010
-3.095	3.42917e-010
-3.094	3.40911e-010
-3.093	3.44668e-010
-3.092	3.47154e-010
-3.091	3.52526e-010
-3.09	3.53179e-010
-3.089	3.54695e-010
-3.088	3.57653e-010
-3.087	3.62006e-010
-3.086	3.64491e-010
-3.085	3.67326e-010
-3.084	3.68421e-010
-3.083	3.71962e-010
-3.082	3.72732e-010
-3.081	3.76023e-010
-3.08	3.77875e-010
-3.079	3.80014e-010
-3.078	3.8512e-010
-3.077	3.89147e-010
-3.076	3.87875e-010
-3.075	3.93593e-010
-3.074	3.97061e-010
-3.073	4.0018e-010
-3.072	4.02289e-010
-3.071	4.04831e-010
-3.07	4.05915e-010
-3.069	4.08113e-010
-3.068	4.15644e-010
-3.067	4.12775e-010
-3.066	4.17827e-010
-3.065	4.24123e-010
-3.064	4.26121e-010
-3.063	4.28584e-010
-3.062	4.32295e-010
-3.061	4.34588e-010
-3.06	4.3927e-010
-3.059	4.39711e-010
-3.058	4.4194e-010
-3.057	4.42832e-010
-3.056	4.48096e-010
-3.055	4.52948e-010
-3.054	4.58617e-010
-3.053	4.58238e-010
-3.052	4.6051e-010
-3.051	4.69998e-010
-3.05	4.70615e-010
-3.049	4.72684e-010
-3.048	4.76313e-010
-3.047	4.78809e-010
-3.046	4.84155e-010
-3.045	4.8445e-010
-3.044	4.87808e-010
-3.043	4.8793e-010
-3.042	4.97549e-010
-3.041	4.96398e-010
-3.04	5.05701e-010
-3.039	5.08387e-010
-3.038	5.13067e-010
-3.037	5.20381e-010
-3.036	5.26559e-010
-3.035	5.39896e-010
-3.034	5.45759e-010
-3.033	5.54157e-010
-3.032	5.67179e-010
-3.031	5.73232e-010
-3.03	5.9563e-010
-3.029	6.03003e-010
-3.028	6.20457e-010
-3.027	6.40243e-010
-3.026	6.53564e-010
-3.025	6.71918e-010
-3.024	6.86215e-010
-3.023	7.09007e-010
-3.022	7.3409e-010
-3.021	7.51237e-010
-3.02	7.72228e-010
-3.019	7.98814e-010
-3.018	8.30362e-010
-3.017	8.59725e-010
-3.016	8.91027e-010
-3.015	9.2041e-010
-3.014	9.62048e-010
-3.013	9.95822e-010
-3.012	1.03702e-009
-3.011	1.0788e-009
-3.01	1.12349e-009
-3.009	1.17005e-009
-3.008	1.21735e-009
-3.007	1.27023e-009
-3.006	1.31512e-009
-3.005	1.39265e-009
-3.004	1.45006e-009
-3.003	1.51767e-009
-3.002	1.59357e-009
-3.001	1.66323e-009
-3	1.74274e-009
-2.999	1.82531e-009
-2.998	1.91673e-009
-2.997	2.00781e-009
-2.996	2.07862e-009
-2.995	2.21199e-009
-2.994	2.30007e-009
-2.993	2.43286e-009
-2.992	2.55789e-009
-2.991	2.67075e-009
-2.99	2.81674e-009
-2.989	2.94452e-009
-2.988	3.11646e-009
-2.987	3.27026e-009
-2.986	3.43249e-009
-2.985	3.6102e-009
-2.984	3.79452e-009
-2.983	3.98502e-009
-2.982	4.20099e-009
-2.981	4.40437e-009
-2.98	4.63886e-009
-2.979	4.87896e-009
-2.978	5.13804e-009
-2.977	5.41277e-009
-2.976	5.68037e-009
-2.975	5.9813e-009
-2.974	6.28649e-009
-2.973	6.61153e-009
-2.972	6.95695e-009
-2.971	7.3034e-009
-2.97	7.69082e-009
-2.969	8.10573e-009
-2.968	8.5357e-009
-2.967	8.9783e-009
-2.966	9.4357e-009
-2.965	9.92856e-009
-2.964	1.04488e-008
-2.963	1.10028e-008
-2.962	1.15625e-008
-2.961	1.21764e-008
-2.96	1.28046e-008
-2.959	1.348e-008
-2.958	1.41718e-008
-2.957	1.49092e-008
-2.956	1.56853e-008
-2.955	1.65126e-008
-2.954	1.73656e-008
-2.953	1.83063e-008
-2.952	1.91766e-008
-2.951	2.02506e-008
-2.95	2.12549e-008
-2.949	2.23564e-008
-2.948	2.35549e-008
-2.947	2.47188e-008
-2.946	2.60858e-008
-2.945	2.73484e-008
-2.944	2.88164e-008
-2.943	3.02804e-008
-2.942	3.18421e-008
-2.941	3.35137e-008
-2.94	3.5257e-008
-2.939	3.70317e-008
-2.938	3.90125e-008
-2.937	4.09495e-008
-2.936	4.31241e-008
-2.935	4.53395e-008
-2.934	4.7675e-008
-2.933	5.01407e-008
-2.932	5.27144e-008
-2.931	5.55125e-008
-2.93	5.82931e-008
-2.929	6.13681e-008
-2.928	6.44998e-008
-2.927	6.7776e-008
-2.926	7.1397e-008
-2.925	7.49485e-008
-2.924	7.88447e-008
-2.923	8.29126e-008
-2.922	8.70981e-008
-2.921	9.16926e-008
-2.92	9.63774e-008
-2.919	1.0136e-007
-2.918	1.06598e-007
-2.917	1.12074e-007
-2.916	1.17829e-007
-2.915	1.23871e-007
-2.914	1.30205e-007
-2.913	1.37022e-007
-2.912	1.4392e-007
-2.911	1.51459e-007
-2.91	1.59118e-007
-2.909	1.67421e-007
-2.908	1.76075e-007
-2.907	1.84968e-007
-2.906	1.9459e-007
-2.905	2.04463e-007
-2.904	2.15098e-007
-2.903	2.26003e-007
-2.902	2.37774e-007
-2.901	2.49843e-007
-2.9	2.62784e-007
-2.899	2.76186e-007
-2.898	2.90346e-007
-2.897	3.05379e-007
-2.896	3.2098e-007
-2.895	3.37527e-007
-2.894	3.5484e-007
-2.893	3.73134e-007
-2.892	3.92236e-007
-2.891	4.12447e-007
-2.89	4.33647e-007
-2.889	4.558e-007
-2.888	4.79244e-007
-2.887	5.0387e-007
-2.886	5.29608e-007
-2.885	5.56851e-007
-2.884	5.85278e-007
-2.883	6.15462e-007
-2.882	6.47003e-007
-2.881	6.80418e-007
-2.88	7.15137e-007
-2.879	7.51989e-007
-2.878	7.90556e-007
-2.877	8.31149e-007
-2.876	8.73912e-007
-2.875	9.18775e-007
-2.874	9.6584e-007
-2.873	1.01545e-006
-2.872	1.06768e-006
-2.871	1.1222e-006
-2.87	1.17992e-006
-2.869	1.24043e-006
-2.868	1.30426e-006
-2.867	1.37104e-006
-2.866	1.44167e-006
-2.865	1.51555e-006
-2.864	1.59325e-006
-2.863	1.67523e-006
-2.862	1.76106e-006
-2.861	1.8515e-006
-2.86	1.94644e-006
-2.859	2.04666e-006
-2.858	2.15165e-006
-2.857	2.26167e-006
-2.856	2.37826e-006
-2.855	2.5003e-006
-2.854	2.62863e-006
-2.853	2.76371e-006
-2.852	2.90502e-006
-2.851	3.05457e-006
-2.85	3.21096e-006
-2.849	3.37625e-006
-2.848	3.5492e-006
-2.847	3.73141e-006
-2.846	3.92309e-006
-2.845	4.12407e-006
-2.844	4.33623e-006
-2.843	4.55883e-006
-2.842	4.79315e-006
-2.841	5.0393e-006
-2.84	5.29726e-006
-2.839	5.56989e-006
-2.838	5.85549e-006
-2.837	6.15648e-006
-2.836	6.47251e-006
-2.835	6.80402e-006
-2.834	7.15438e-006
-2.833	7.52049e-006
-2.832	7.90677e-006
-2.831	8.3126e-006
-2.83	8.7398e-006
-2.829	9.18837e-006
-2.828	9.65933e-006
-2.827	1.01554e-005
-2.826	1.06772e-005
-2.825	1.12246e-005
-2.824	1.18015e-005
-2.823	1.24063e-005
-2.822	1.30431e-005
-2.821	1.37135e-005
-2.82	1.44174e-005
-2.819	1.51581e-005
-2.818	1.59357e-005
-2.817	1.67545e-005
-2.816	1.76139e-005
-2.815	1.85177e-005
-2.814	1.94687e-005
-2.813	2.0468e-005
-2.812	2.1518e-005
-2.811	2.26242e-005
-2.81	2.37842e-005
-2.809	2.50061e-005
-2.808	2.62898e-005
-2.807	2.76391e-005
-2.806	2.90589e-005
-2.805	3.05495e-005
-2.804	3.21194e-005
-2.803	3.37661e-005
-2.802	3.55006e-005
-2.801	3.73235e-005
-2.8	3.92387e-005
-2.799	4.12535e-005
-2.798	4.33691e-005
-2.797	4.55974e-005
-2.796	4.79366e-005
-2.795	5.04002e-005
-2.794	5.29867e-005
-2.793	5.57077e-005
-2.792	5.85661e-005
-2.791	6.1573e-005
-2.79	6.4734e-005
-2.789	6.80554e-005
-2.788	7.15506e-005
-2.787	7.52231e-005
-2.786	7.90844e-005
-2.785	8.31457e-005
-2.784	8.74115e-005
-2.783	9.19001e-005
-2.782	9.66183e-005
-2.781	0.000101578
-2.78	0.000106794
-2.779	0.000112274
-2.778	0.00011804
-2.777	0.000124098
-2.776	0.000130471
-2.775	0.000137169
-2.774	0.00014421
-2.773	0.000151613
-2.772	0.000159396
-2.771	0.000167578
-2.77	0.000176182
-2.769	0.000185224
-2.768	0.000194735
-2.767	0.000204733
-2.766	0.000215239
-2.765	0.000226293
-2.764	0.000237905
-2.763	0.000250123
-2.762	0.000262964
-2.761	0.000276459
-2.76	0.000290657
-2.759	0.000305571
-2.758	0.00032126
-2.757	0.000337755
-2.756	0.00035509
-2.755	0.00037332
-2.754	0.000392482
-2.753	0.000412636
-2.752	0.000433813
-2.751	0.000456086
-2.75	0.0004795
-2.749	0.000504117
-2.748	0.000529997
-2.747	0.000557213
-2.746	0.000585805
-2.745	0.000615888
-2.744	0.000647503
-2.743	0.000680742
-2.742	0.000715686
-2.741	0.000752423
-2.74	0.00079106
-2.739	0.00083166
-2.738	0.000874359
-2.737	0.000919234
-2.736	0.000966433
-2.735	0.00101604
-2.734	0.00106821
-2.733	0.00112304
-2.732	0.00118069
-2.731	0.00124131
-2.73	0.00130503
-2.729	0.00137202
-2.728	0.00144245
-2.727	0.00151651
-2.726	0.00159435
-2.725	0.00167621
-2.724	0.00176226
-2.723	0.00185272
-2.722	0.00194783
-2.721	0.00204784
-2.72	0.00215296
-2.719	0.00226348
-2.718	0.00237967
-2.717	0.00250183
-2.716	0.00263028
-2.715	0.0027653
-2.714	0.00290726
-2.713	0.00305196
-2.712	0.0031992
-2.711	0.00334878
-2.71	0.00350051
-2.709	0.0036542
-2.708	0.00380964
-2.707	0.00396662
-2.706	0.00412493
-2.705	0.00428436
-2.704	0.00444471
-2.703	0.00460575
-2.702	0.00476728
-2.701	0.0049291
-2.7	0.00509097
-2.699	0.00525268
-2.698	0.00541403
-2.697	0.00557479
-2.696	0.00573475
-2.695	0.00589371
-2.694	0.00605145
-2.693	0.00620777
-2.692	0.00636245
-2.691	0.00651531
-2.69	0.00666612
-2.689	0.00681469
-2.688	0.00696083
-2.687	0.00710434
-2.686	0.00724504
-2.685	0.00738274
-2.684	0.00751725
-2.683	0.00764842
-2.682	0.00777605
-2.681	0.00789998
-2.68	0.00802003
-2.679	0.0081361
-2.678	0.008248
-2.677	0.00835557
-2.676	0.00845868
-2.675	0.00855721
-2.674	0.00865104
-2.673	0.00874002
-2.672	0.00882405
-2.671	0.00890301
-2.67	0.00897682
-2.669	0.00904539
-2.668	0.00910859
-2.667	0.0091664
-2.666	0.0092187
-2.665	0.00926544
-2.664	0.00930657
-2.663	0.00934204
-2.662	0.00937181
-2.661	0.00939584
-2.66	0.00941412
-2.659	0.0094266
-2.658	0.00943331
-2.657	0.0094342
-2.656	0.00942931
-2.655	0.00941865
-2.654	0.00940223
-2.653	0.00938009
-2.652	0.00935226
-2.651	0.0093188
-2.65	0.00927973
-2.649	0.00923513
-2.648	0.00918508
-2.647	0.00912964
-2.646	0.0090689
-2.645	0.00900295
-2.644	0.00893187
-2.643	0.00885578
-2.642	0.00877479
-2.641	0.00868901
-2.64	0.00859857
-2.639	0.0085036
-2.638	0.00840423
-2.637	0.0083006
-2.636	0.00819288
-2.635	0.00808121
-2.634	0.00796574
-2.633	0.00784666
-2.632	0.0077241
-2.631	0.00759827
-2.63	0.00746933
-2.629	0.00733747
-2.628	0.00720288
-2.627	0.00706574
-2.626	0.00692624
-2.625	0.00678461
-2.624	0.00664101
-2.623	0.00649566
-2.622	0.00634877
-2.621	0.00620055
-2.62	0.0060512
-2.619	0.00590093
-2.618	0.00574996
-2.617	0.00559849
-2.616	0.00544674
-2.615	0.00529493
-2.614	0.00514328
-2.613	0.00499198
-2.612	0.00484128
-2.611	0.00469136
-2.61	0.00454244
-2.609	0.00439473
-2.608	0.00424845
-2.607	0.0041038
-2.606	0.00396099
-2.605	0.0038202
-2.604	0.00368166
-2.603	0.00354555
-2.602	0.00341206
-2.601	0.0032814
-2.6	0.00315373
-2.599	0.00302924
-2.598	0.00290812
-2.597	0.00279053
-2.596	0.00267664
-2.595	0.00256662
-2.594	0.00246062
-2.593	0.00235879
-2.592	0.00226129
-2.591	0.00216825
-2.59	0.00207981
-2.589	0.0019961
-2.588	0.00191723
-2.587	0.00184333
-2.586	0.0017745
-2.585	0.00171085
-2.584	0.00165247
-2.583	0.00159945
-2.582	0.00155186
-2.581	0.00150979
-2.58	0.0014733
-2.579	0.00144244
-2.578	0.00141728
-2.577	0.00139784
-2.576	0.00138416
-2.575	0.00137628
-2.574	0.00137421
-2.573	0.00137796
-2.572	0.00138754
-2.571	0.00140294
-2.57	0.00142415
-2.569	0.00145115
-2.568	0.00148391
-2.567	0.0015224
-2.566	0.00156657
-2.565	0.00161637
-2.564	0.00167176
-2.563	0.00173264
-2.562	0.00179895
-2.561	0.00187061
-2.56	0.00194754
-2.559	0.00202964
-2.558	0.0021168
-2.557	0.00220891
-2.556	0.00230586
-2.555	0.00240753
-2.554	0.00251378
-2.553	0.00262449
-2.552	0.0027395
-2.551	0.00285868
-2.55	0.00298186
-2.549	0.0031089
-2.548	0.00323962
-2.547	0.00337387
-2.546	0.00351146
-2.545	0.00365221
-2.544	0.00379595
-2.543	0.00394249
-2.542	0.00409164
-2.541	0.0042432
-2.54	0.00439698
-2.539	0.00455279
-2.538	0.0047104
-2.537	0.00486964
-2.536	0.00503028
-2.535	0.00519211
-2.534	0.00535492
-2.533	0.0055185
-2.532	0.00568266
-2.531	0.00584715
-2.53	0.00601177
-2.529	0.00617632
-2.528	0.00634058
-2.527	0.00650431
-2.526	0.00666731
-2.525	0.00682941
-2.524	0.00699034
-2.523	0.00714992
-2.522	0.00730794
-2.521	0.00746419
-2.52	0.00761846
-2.519	0.00777057
-2.518	0.00792032
-2.517	0.00806751
-2.516	0.00821194
-2.515	0.00835344
-2.514	0.00849183
-2.513	0.00862691
-2.512	0.00875851
-2.511	0.00888647
-2.51	0.00901064
-2.509	0.00913084
-2.508	0.00924692
-2.507	0.00935874
-2.506	0.00946616
-2.505	0.00956903
-2.504	0.00966723
-2.503	0.00976064
-2.502	0.00984913
-2.501	0.0099326
-2.5	0.010011
-2.499	0.0100841
-2.498	0.0101519
-2.497	0.0102143
-2.496	0.0102713
-2.495	0.0103227
-2.494	0.0103685
-2.493	0.0104087
-2.492	0.0104432
-2.491	0.010472
-2.49	0.0104951
-2.489	0.0105123
-2.488	0.0105238
-2.487	0.0105294
-2.486	0.0105293
-2.485	0.0105234
-2.484	0.0105118
-2.483	0.0104944
-2.482	0.0104713
-2.481	0.0104426
-2.48	0.0104083
-2.479	0.0103684
-2.478	0.010323
-2.477	0.0102723
-2.476	0.0102162
-2.475	0.0101548
-2.474	0.0100883
-2.473	0.0100168
-2.472	0.00994031
-2.471	0.00985904
-2.47	0.00977304
-2.469	0.00968247
-2.468	0.00958747
-2.467	0.00948817
-2.466	0.00938473
-2.465	0.00927729
-2.464	0.009166
-2.463	0.00905103
-2.462	0.00893255
-2.461	0.00881076
-2.46	0.00868579
-2.459	0.00855784
-2.458	0.0084271
-2.457	0.00829376
-2.456	0.00815799
-2.455	0.00802003
-2.454	0.00788005
-2.453	0.00773825
-2.452	0.00759484
-2.451	0.00745004
-2.45	0.00730404
-2.449	0.00715707
-2.448	0.00700932
-2.447	0.00686102
-2.446	0.00671236
-2.445	0.00656358
-2.444	0.00641488
-2.443	0.00626649
-2.442	0.00611861
-2.441	0.00597145
-2.44	0.00582523
-2.439	0.00568016
-2.438	0.00553645
-2.437	0.00539431
-2.436	0.00525394
-2.435	0.00511555
-2.434	0.00497932
-2.433	0.00484546
-2.432	0.00471418
-2.431	0.00458566
-2.43	0.00446008
-2.429	0.00433763
-2.428	0.00421848
-2.427	0.00410282
-2.426	0.00399081
-2.425	0.00388262
-2.424	0.0037784
-2.423	0.00367831
-2.422	0.0035825
-2.421	0.00349111
-2.42	0.00340429
-2.419	0.00332215
-2.418	0.00324482
-2.417	0.00317243
-2.416	0.00310507
-2.415	0.00304287
-2.414	0.00298592
-2.413	0.00293429
-2.412	0.00288808
-2.411	0.00284736
-2.41	0.00281222
-2.409	0.00278269
-2.408	0.00275883
-2.407	0.00274069
-2.406	0.00272831
-2.405	0.00272173
-2.404	0.00272096
-2.403	0.002726
-2.402	0.00273687
-2.401	0.00275358
-2.4	0.0027761
-2.399	0.00280442
-2.398	0.00283852
-2.397	0.00287837
-2.396	0.00292391
-2.395	0.00297511
-2.394	0.00303191
-2.393	0.00309424
-2.392	0.00316203
-2.391	0.00323519
-2.39	0.00331366
-2.389	0.00339734
-2.388	0.00348611
-2.387	0.00357987
-2.386	0.00367852
-2.385	0.00378193
-2.384	0.00388998
-2.383	0.00400253
-2.382	0.00411943
-2.381	0.00424055
-2.38	0.00436573
-2.379	0.00449482
-2.378	0.00462766
-2.377	0.00476407
-2.376	0.00490388
-2.375	0.00504693
-2.374	0.00519304
-2.373	0.00534199
-2.372	0.00549365
-2.371	0.00564776
-2.37	0.00580417
-2.369	0.00596266
-2.368	0.00612306
-2.367	0.00628512
-2.366	0.00644868
-2.365	0.00661349
-2.364	0.00677936
-2.363	0.00694609
-2.362	0.00711343
-2.361	0.0072812
-2.36	0.00744919
-2.359	0.00761716
-2.358	0.0077849
-2.357	0.00795221
-2.356	0.00811888
-2.355	0.00828469
-2.354	0.00844943
-2.353	0.00861287
-2.352	0.00877483
-2.351	0.00893509
-2.35	0.00909345
-2.349	0.00924972
-2.348	0.00940369
-2.347	0.00955516
-2.346	0.00970395
-2.345	0.00984986
-2.344	0.00999272
-2.343	0.0101323
-2.342	0.0102686
-2.341	0.0104012
-2.34	0.0105301
-2.339	0.0106551
-2.338	0.010776
-2.337	0.0108927
-2.336	0.011005
-2.335	0.0111129
-2.334	0.0112161
-2.333	0.0113146
-2.332	0.0114082
-2.331	0.0114969
-2.33	0.0115804
-2.329	0.0116588
-2.328	0.0117318
-2.327	0.0117996
-2.326	0.0118618
-2.325	0.0119186
-2.324	0.0119698
-2.323	0.0120154
-2.322	0.0120553
-2.321	0.0120895
-2.32	0.012118
-2.319	0.0121407
-2.318	0.0121576
-2.317	0.0121688
-2.316	0.0121741
-2.315	0.0121737
-2.314	0.0121675
-2.313	0.0121556
-2.312	0.012138
-2.311	0.0121147
-2.31	0.0120858
-2.309	0.0120514
-2.308	0.0120114
-2.307	0.011966
-2.306	0.0119153
-2.305	0.0118593
-2.304	0.0117981
-2.303	0.0117318
-2.302	0.0116606
-2.301	0.0115845
-2.3	0.0115037
-2.299	0.0114183
-2.298	0.0113284
-2.297	0.0112342
-2.296	0.0111357
-2.295	0.0110333
-2.294	0.0109269
-2.293	0.0108168
-2.292	0.0107032
-2.291	0.0105861
-2.29	0.0104659
-2.289	0.0103426
-2.288	0.0102165
-2.287	0.0100877
-2.286	0.00995643
-2.285	0.00982291
-2.284	0.00968732
-2.283	0.00954983
-2.282	0.00941068
-2.281	0.00927007
-2.28	0.0091282
-2.279	0.00898528
-2.278	0.00884155
-2.277	0.00869718
-2.276	0.00855238
-2.275	0.00840742
-2.274	0.00826248
-2.273	0.00811776
-2.272	0.00797349
-2.271	0.00782988
-2.27	0.00768715
-2.269	0.0075455
-2.268	0.00740515
-2.267	0.00726632
-2.266	0.00712918
-2.265	0.00699396
-2.264	0.00686085
-2.263	0.00673007
-2.262	0.00660178
-2.261	0.0064762
-2.26	0.00635352
-2.259	0.00623391
-2.258	0.00611754
-2.257	0.00600461
-2.256	0.00589529
-2.255	0.00578974
-2.254	0.00568811
-2.253	0.00559056
-2.252	0.00549727
-2.251	0.00540834
-2.25	0.00532396
-2.249	0.00524419
-2.248	0.00516922
-2.247	0.00509915
-2.246	0.00503409
-2.245	0.00497416
-2.244	0.00491945
-2.243	0.00487005
-2.242	0.00482603
-2.241	0.0047875
-2.24	0.00475452
-2.239	0.00472713
-2.238	0.00470542
-2.237	0.00468943
-2.236	0.00467917
-2.235	0.00467471
-2.234	0.00467606
-2.233	0.00468324
-2.232	0.00469624
-2.231	0.00471508
-2.23	0.00473975
-2.229	0.00477025
-2.228	0.00480652
-2.227	0.00484855
-2.226	0.00489633
-2.225	0.00494976
-2.224	0.00500881
-2.223	0.00507343
-2.222	0.00514353
-2.221	0.00521907
-2.22	0.00529993
-2.219	0.00538602
-2.218	0.00547726
-2.217	0.00557353
-2.216	0.00567473
-2.215	0.00578073
-2.214	0.00589142
-2.213	0.00600667
-2.212	0.00612632
-2.211	0.00625023
-2.21	0.00637828
-2.209	0.00651028
-2.208	0.00664609
-2.207	0.00678554
-2.206	0.00692845
-2.205	0.00707467
-2.204	0.00722398
-2.203	0.00737625
-2.202	0.00753126
-2.201	0.00768881
-2.2	0.00784872
-2.199	0.00801079
-2.198	0.00817482
-2.197	0.00834061
-2.196	0.00850795
-2.195	0.00867663
-2.194	0.00884643
-2.193	0.00901716
-2.192	0.00918861
-2.191	0.00936055
-2.19	0.00953279
-2.189	0.00970508
-2.188	0.00987722
-2.187	0.010049
-2.186	0.0102202
-2.185	0.0103906
-2.184	0.0105601
-2.183	0.0107283
-2.182	0.0108951
-2.181	0.0110603
-2.18	0.0112236
-2.179	0.011385
-2.178	0.0115441
-2.177	0.0117008
-2.176	0.0118548
-2.175	0.0120061
-2.174	0.0121543
-2.173	0.0122994
-2.172	0.0124412
-2.171	0.0125794
-2.17	0.012714
-2.169	0.0128447
-2.168	0.0129713
-2.167	0.0130939
-2.166	0.0132121
-2.165	0.0133259
-2.164	0.0134351
-2.163	0.0135396
-2.162	0.0136393
-2.161	0.013734
-2.16	0.0138237
-2.159	0.0139083
-2.158	0.0139876
-2.157	0.0140616
-2.156	0.0141302
-2.155	0.0141933
-2.154	0.0142508
-2.153	0.0143028
-2.152	0.0143491
-2.151	0.0143897
-2.15	0.0144246
-2.149	0.0144537
-2.148	0.0144771
-2.147	0.0144947
-2.146	0.0145065
-2.145	0.0145126
-2.144	0.0145129
-2.143	0.0145074
-2.142	0.0144963
-2.141	0.0144794
-2.14	0.014457
-2.139	0.014429
-2.138	0.0143954
-2.137	0.0143565
-2.136	0.0143121
-2.135	0.0142625
-2.134	0.0142076
-2.133	0.0141477
-2.132	0.0140828
-2.131	0.014013
-2.13	0.0139384
-2.129	0.0138591
-2.128	0.0137754
-2.127	0.0136873
-2.126	0.0135949
-2.125	0.0134985
-2.124	0.0133981
-2.123	0.013294
-2.122	0.0131863
-2.121	0.0130751
-2.12	0.0129606
-2.119	0.0128431
-2.118	0.0127226
-2.117	0.0125995
-2.116	0.0124738
-2.115	0.0123458
-2.114	0.0122157
-2.113	0.0120837
-2.112	0.0119498
-2.111	0.0118145
-2.11	0.0116779
-2.109	0.0115402
-2.108	0.0114015
-2.107	0.0112622
-2.106	0.0111224
-2.105	0.0109824
-2.104	0.0108423
-2.103	0.0107023
-2.102	0.0105628
-2.101	0.0104239
-2.1	0.0102858
-2.099	0.0101487
-2.098	0.0100128
-2.097	0.00987839
-2.096	0.00974563
-2.095	0.00961472
-2.094	0.00948586
-2.093	0.00935928
-2.092	0.00923514
-2.091	0.00911366
-2.09	0.00899501
-2.089	0.00887938
-2.088	0.00876694
-2.087	0.00865789
-2.086	0.00855241
-2.085	0.00845065
-2.084	0.00835276
-2.083	0.00825891
-2.082	0.00816928
-2.081	0.00808397
-2.08	0.00800316
-2.079	0.00792696
-2.078	0.0078555
-2.077	0.00778892
-2.076	0.00772733
-2.075	0.00767082
-2.074	0.00761953
-2.073	0.0075735
-2.072	0.00753285
-2.071	0.00749767
-2.07	0.00746804
-2.069	0.00744397
-2.068	0.00742559
-2.067	0.00741289
-2.066	0.00740595
-2.065	0.00740477
-2.064	0.00740943
-2.063	0.00741992
-2.062	0.00743624
-2.061	0.00745841
-2.06	0.00748642
-2.059	0.00752026
-2.058	0.00755991
-2.057	0.00760532
-2.056	0.00765649
-2.055	0.00771334
-2.054	0.00777586
-2.053	0.00784398
-2.052	0.0079176
-2.051	0.00799668
-2.05	0.00808113
-2.049	0.00817085
-2.048	0.00826576
-2.047	0.00836575
-2.046	0.0084707
-2.045	0.00858051
-2.044	0.00869506
-2.043	0.00881422
-2.042	0.00893783
-2.041	0.00906576
-2.04	0.00919787
-2.039	0.00933401
-2.038	0.00947402
-2.037	0.00961773
-2.036	0.00976497
-2.035	0.00991558
-2.034	0.0100694
-2.033	0.0102261
-2.032	0.0103858
-2.031	0.010548
-2.03	0.0107126
-2.029	0.0108795
-2.028	0.0110484
-2.027	0.0112192
-2.026	0.0113916
-2.025	0.0115654
-2.024	0.0117404
-2.023	0.0119164
-2.022	0.0120932
-2.021	0.0122706
-2.02	0.0124483
-2.019	0.0126262
-2.018	0.012804
-2.017	0.0129815
-2.016	0.0131585
-2.015	0.0133349
-2.014	0.0135103
-2.013	0.0136846
-2.012	0.0138575
-2.011	0.0140289
-2.01	0.0141985
-2.009	0.0143662
-2.008	0.0145318
-2.007	0.0146949
-2.006	0.0148556
-2.005	0.0150135
-2.004	0.0151685
-2.003	0.0153203
-2.002	0.0154689
-2.001	0.0156141
-2	0.0157556
-1.999	0.0158933
-1.998	0.0160271
-1.997	0.0161568
-1.996	0.0162822
-1.995	0.0164033
-1.994	0.0165198
-1.993	0.0166317
-1.992	0.0167388
-1.991	0.016841
-1.99	0.0169382
-1.989	0.0170303
-1.988	0.0171172
-1.987	0.0171988
-1.986	0.017275
-1.985	0.0173458
-1.984	0.0174111
-1.983	0.0174707
-1.982	0.0175248
-1.981	0.0175732
-1.98	0.0176159
-1.979	0.0176529
-1.978	0.0176841
-1.977	0.0177096
-1.976	0.0177293
-1.975	0.0177432
-1.974	0.0177514
-1.973	0.0177538
-1.972	0.0177505
-1.971	0.0177416
-1.97	0.017727
-1.969	0.0177068
-1.968	0.0176811
-1.967	0.01765
-1.966	0.0176134
-1.965	0.0175716
-1.964	0.0175246
-1.963	0.0174724
-1.962	0.0174152
-1.961	0.0173531
-1.96	0.0172862
-1.959	0.0172146
-1.958	0.0171385
-1.957	0.0170579
-1.956	0.0169731
-1.955	0.0168842
-1.954	0.0167913
-1.953	0.0166946
-1.952	0.0165942
-1.951	0.0164904
-1.95	0.0163832
-1.949	0.0162729
-1.948	0.0161597
-1.947	0.0160437
-1.946	0.0159251
-1.945	0.0158041
-1.944	0.015681
-1.943	0.0155558
-1.942	0.0154289
-1.941	0.0153004
-1.94	0.0151705
-1.939	0.0150395
-1.938	0.0149075
-1.937	0.0147747
-1.936	0.0146415
-1.935	0.0145079
-1.934	0.0143742
-1.933	0.0142406
-1.932	0.0141074
-1.931	0.0139747
-1.93	0.0138427
-1.929	0.0137117
-1.928	0.0135819
-1.927	0.0134535
-1.926	0.0133267
-1.925	0.0132016
-1.924	0.0130786
-1.923	0.0129578
-1.922	0.0128393
-1.921	0.0127235
-1.92	0.0126105
-1.919	0.0125004
-1.918	0.0123935
-1.917	0.01229
-1.916	0.0121899
-1.915	0.0120935
-1.914	0.012001
-1.913	0.0119124
-1.912	0.011828
-1.911	0.0117479
-1.91	0.0116723
-1.909	0.0116013
-1.908	0.011535
-1.907	0.0114735
-1.906	0.011417
-1.905	0.0113655
-1.904	0.0113192
-1.903	0.0112782
-1.902	0.0112426
-1.901	0.0112124
-1.9	0.0111877
-1.899	0.0111686
-1.898	0.0111551
-1.897	0.0111474
-1.896	0.0111454
-1.895	0.0111491
-1.894	0.0111588
-1.893	0.0111742
-1.892	0.0111955
-1.891	0.0112226
-1.89	0.0112556
-1.889	0.0112944
-1.888	0.0113391
-1.887	0.0113895
-1.886	0.0114458
-1.885	0.0115077
-1.884	0.0115754
-1.883	0.0116486
-1.882	0.0117274
-1.881	0.0118117
-1.88	0.0119014
-1.879	0.0119964
-1.878	0.0120967
-1.877	0.012202
-1.876	0.0123124
-1.875	0.0124277
-1.874	0.0125478
-1.873	0.0126725
-1.872	0.0128018
-1.871	0.0129354
-1.87	0.0130733
-1.869	0.0132152
-1.868	0.0133611
-1.867	0.0135108
-1.866	0.0136641
-1.865	0.0138207
-1.864	0.0139807
-1.863	0.0141437
-1.862	0.0143096
-1.861	0.0144782
-1.86	0.0146493
-1.859	0.0148227
-1.858	0.0149983
-1.857	0.0151757
-1.856	0.0153548
-1.855	0.0155355
-1.854	0.0157174
-1.853	0.0159004
-1.852	0.0160843
-1.851	0.0162689
-1.85	0.0164538
-1.849	0.016639
-1.848	0.0168243
-1.847	0.0170093
-1.846	0.0171939
-1.845	0.0173779
-1.844	0.017561
-1.843	0.0177431
-1.842	0.017924
-1.841	0.0181033
-1.84	0.018281
-1.839	0.0184568
-1.838	0.0186306
-1.837	0.0188021
-1.836	0.0189711
-1.835	0.0191374
-1.834	0.0193009
-1.833	0.0194614
-1.832	0.0196186
-1.831	0.0197725
-1.83	0.0199228
-1.829	0.0200694
-1.828	0.0202121
-1.827	0.0203507
-1.826	0.0204852
-1.825	0.0206154
-1.824	0.020741
-1.823	0.0208622
-1.822	0.0209785
-1.821	0.0210901
-1.82	0.0211966
-1.819	0.0212981
-1.818	0.0213944
-1.817	0.0214855
-1.816	0.0215713
-1.815	0.0216516
-1.814	0.0217265
-1.813	0.0217959
-1.812	0.0218596
-1.811	0.0219177
-1.81	0.0219701
-1.809	0.0220168
-1.808	0.0220578
-1.807	0.022093
-1.806	0.0221225
-1.805	0.0221462
-1.804	0.0221641
-1.803	0.0221764
-1.802	0.0221829
-1.801	0.0221838
-1.8	0.022179
-1.799	0.0221686
-1.798	0.0221528
-1.797	0.0221314
-1.796	0.0221047
-1.795	0.0220726
-1.794	0.0220353
-1.793	0.0219929
-1.792	0.0219454
-1.791	0.021893
-1.79	0.0218358
-1.789	0.0217738
-1.788	0.0217073
-1.787	0.0216363
-1.786	0.0215611
-1.785	0.0214816
-1.784	0.0213982
-1.783	0.0213109
-1.782	0.02122
-1.781	0.0211255
-1.78	0.0210277
-1.779	0.0209267
-1.778	0.0208226
-1.777	0.0207158
-1.776	0.0206063
-1.775	0.0204945
-1.774	0.0203803
-1.773	0.0202641
-1.772	0.0201462
-1.771	0.0200265
-1.77	0.0199055
-1.769	0.0197832
-1.768	0.0196599
-1.767	0.0195359
-1.766	0.0194112
-1.765	0.0192861
-1.764	0.019161
-1.763	0.0190358
-1.762	0.018911
-1.761	0.0187866
-1.76	0.0186629
-1.759	0.0185402
-1.758	0.0184185
-1.757	0.0182982
-1.756	0.0181794
-1.755	0.0180624
-1.754	0.0179474
-1.753	0.0178345
-1.752	0.0177239
-1.751	0.0176159
-1.75	0.0175106
-1.749	0.0174083
-1.748	0.0173091
-1.747	0.0172131
-1.746	0.0171206
-1.745	0.0170318
-1.744	0.0169468
-1.743	0.0168657
-1.742	0.0167888
-1.741	0.0167161
-1.74	0.0166479
-1.739	0.0165842
-1.738	0.0165252
-1.737	0.016471
-1.736	0.0164217
-1.735	0.0163775
-1.734	0.0163385
-1.733	0.0163047
-1.732	0.0162762
-1.731	0.0162532
-1.73	0.0162357
-1.729	0.0162238
-1.728	0.0162176
-1.727	0.016217
-1.726	0.0162222
-1.725	0.0162331
-1.724	0.0162499
-1.723	0.0162725
-1.722	0.016301
-1.721	0.0163354
-1.72	0.0163756
-1.719	0.0164216
-1.718	0.0164736
-1.717	0.0165313
-1.716	0.0165949
-1.715	0.0166642
-1.714	0.0167392
-1.713	0.0168199
-1.712	0.0169061
-1.711	0.0169979
-1.71	0.0170952
-1.709	0.0171977
-1.708	0.0173056
-1.707	0.0174186
-1.706	0.0175367
-1.705	0.0176598
-1.704	0.0177877
-1.703	0.0179203
-1.702	0.0180576
-1.701	0.0181992
-1.7	0.0183452
-1.699	0.0184952
-1.698	0.0186493
-1.697	0.0188072
-1.696	0.0189689
-1.695	0.019134
-1.694	0.0193024
-1.693	0.019474
-1.692	0.0196485
-1.691	0.0198258
-1.69	0.0200057
-1.689	0.020188
-1.688	0.0203725
-1.687	0.0205589
-1.686	0.0207472
-1.685	0.020937
-1.684	0.0211282
-1.683	0.0213207
-1.682	0.021514
-1.681	0.021708
-1.68	0.0219026
-1.679	0.0220975
-1.678	0.0222925
-1.677	0.0224874
-1.676	0.022682
-1.675	0.022876
-1.674	0.0230693
-1.673	0.0232616
-1.672	0.0234528
-1.671	0.0236425
-1.67	0.0238307
-1.669	0.024017
-1.668	0.0242014
-1.667	0.0243836
-1.666	0.0245634
-1.665	0.0247406
-1.664	0.024915
-1.663	0.0250865
-1.662	0.0252549
-1.661	0.0254199
-1.66	0.0255815
-1.659	0.0257394
-1.658	0.0258935
-1.657	0.0260436
-1.656	0.0261896
-1.655	0.0263313
-1.654	0.0264686
-1.653	0.0266014
-1.652	0.0267296
-1.651	0.0268529
-1.65	0.0269713
-1.649	0.0270847
-1.648	0.0271931
-1.647	0.0272962
-1.646	0.027394
-1.645	0.0274864
-1.644	0.0275735
-1.643	0.0276549
-1.642	0.0277309
-1.641	0.0278012
-1.64	0.027866
-1.639	0.027925
-1.638	0.0279783
-1.637	0.0280259
-1.636	0.0280677
-1.635	0.0281038
-1.634	0.0281342
-1.633	0.0281588
-1.632	0.0281778
-1.631	0.0281911
-1.63	0.0281988
-1.629	0.0282009
-1.628	0.0281974
-1.627	0.0281885
-1.626	0.0281742
-1.625	0.0281546
-1.624	0.0281297
-1.623	0.0280996
-1.622	0.0280645
-1.621	0.0280245
-1.62	0.0279796
-1.619	0.0279301
-1.618	0.0278758
-1.617	0.0278172
-1.616	0.0277542
-1.615	0.027687
-1.614	0.0276159
-1.613	0.0275407
-1.612	0.0274619
-1.611	0.0273795
-1.61	0.0272937
-1.609	0.0272047
-1.608	0.0271127
-1.607	0.0270178
-1.606	0.0269203
-1.605	0.0268203
-1.604	0.026718
-1.603	0.0266135
-1.602	0.0265073
-1.601	0.0263993
-1.6	0.0262899
-1.599	0.0261792
-1.598	0.0260675
-1.597	0.0259549
-1.596	0.0258417
-1.595	0.0257281
-1.594	0.0256142
-1.593	0.0255003
-1.592	0.0253867
-1.591	0.0252735
-1.59	0.025161
-1.589	0.0250493
-1.588	0.0249387
-1.587	0.0248294
-1.586	0.0247216
-1.585	0.0246155
-1.584	0.0245113
-1.583	0.0244091
-1.582	0.0243093
-1.581	0.024212
-1.58	0.0241174
-1.579	0.0240257
-1.578	0.0239371
-1.577	0.0238517
-1.576	0.0237697
-1.575	0.0236914
-1.574	0.0236168
-1.573	0.0235462
-1.572	0.0234796
-1.571	0.0234174
-1.57	0.0233594
-1.569	0.023306
-1.568	0.0232573
-1.567	0.0232134
-1.566	0.0231744
-1.565	0.0231404
-1.564	0.0231117
-1.563	0.0230881
-1.562	0.0230698
-1.561	0.023057
-1.56	0.0230497
-1.559	0.023048
-1.558	0.0230519
-1.557	0.0230615
-1.556	0.0230768
-1.555	0.023098
-1.554	0.023125
-1.553	0.0231579
-1.552	0.0231966
-1.551	0.0232412
-1.55	0.0232917
-1.549	0.0233481
-1.548	0.0234103
-1.547	0.0234784
-1.546	0.0235524
-1.545	0.0236321
-1.544	0.0237176
-1.543	0.0238088
-1.542	0.0239056
-1.541	0.0240079
-1.54	0.0241158
-1.539	0.024229
-1.538	0.0243476
-1.537	0.0244714
-1.536	0.0246004
-1.535	0.0247343
-1.534	0.0248732
-1.533	0.0250168
-1.532	0.0251651
-1.531	0.0253179
-1.53	0.025475
-1.529	0.0256364
-1.528	0.0258018
-1.527	0.0259712
-1.526	0.0261442
-1.525	0.0263209
-1.524	0.026501
-1.523	0.0266843
-1.522	0.0268706
-1.521	0.0270598
-1.52	0.0272517
-1.519	0.027446
-1.518	0.0276427
-1.517	0.0278413
-1.516	0.0280418
-1.515	0.028244
-1.514	0.0284478
-1.513	0.0286527
-1.512	0.0288587
-1.511	0.0290655
-1.51	0.0292729
-1.509	0.0294808
-1.508	0.0296888
-1.507	0.0298968
-1.506	0.0301046
-1.505	0.0303118
-1.504	0.0305185
-1.503	0.0307244
-1.502	0.030929
-1.501	0.0311324
-1.5	0.0313344
-1.499	0.0315345
-1.498	0.0317328
-1.497	0.031929
-1.496	0.0321228
-1.495	0.0323142
-1.494	0.0325028
-1.493	0.0326886
-1.492	0.0328714
-1.491	0.0330509
-1.49	0.0332271
-1.489	0.0333996
-1.488	0.0335684
-1.487	0.0337333
-1.486	0.0338941
-1.485	0.0340508
-1.484	0.0342031
-1.483	0.0343509
-1.482	0.0344942
-1.481	0.0346327
-1.48	0.0347663
-1.479	0.0348951
-1.478	0.0350187
-1.477	0.0351373
-1.476	0.0352506
-1.475	0.0353585
-1.474	0.0354611
-1.473	0.0355581
-1.472	0.0356498
-1.471	0.0357358
-1.47	0.0358163
-1.469	0.035891
-1.468	0.03596
-1.467	0.0360234
-1.466	0.0360812
-1.465	0.0361331
-1.464	0.0361794
-1.463	0.03622
-1.462	0.0362549
-1.461	0.0362841
-1.46	0.0363077
-1.459	0.0363258
-1.458	0.0363383
-1.457	0.0363454
-1.456	0.0363471
-1.455	0.0363435
-1.454	0.0363346
-1.453	0.0363205
-1.452	0.0363014
-1.451	0.0362773
-1.45	0.0362484
-1.449	0.0362148
-1.448	0.0361765
-1.447	0.0361338
-1.446	0.0360867
-1.445	0.0360354
-1.444	0.03598
-1.443	0.0359207
-1.442	0.0358578
-1.441	0.0357912
-1.44	0.0357211
-1.439	0.0356478
-1.438	0.0355715
-1.437	0.0354924
-1.436	0.0354104
-1.435	0.035326
-1.434	0.0352392
-1.433	0.0351504
-1.432	0.0350596
-1.431	0.0349671
-1.43	0.0348731
-1.429	0.0347778
-1.428	0.0346813
-1.427	0.034584
-1.426	0.034486
-1.425	0.0343876
-1.424	0.0342889
-1.423	0.0341902
-1.422	0.0340917
-1.421	0.0339936
-1.42	0.033896
-1.419	0.0337993
-1.418	0.0337036
-1.417	0.0336091
-1.416	0.0335161
-1.415	0.0334248
-1.414	0.0333353
-1.413	0.033248
-1.412	0.0331628
-1.411	0.0330801
-1.41	0.0330002
-1.409	0.032923
-1.408	0.0328489
-1.407	0.0327781
-1.406	0.0327106
-1.405	0.0326467
-1.404	0.0325865
-1.403	0.0325303
-1.402	0.0324782
-1.401	0.0324302
-1.4	0.0323866
-1.399	0.0323475
-1.398	0.0323131
-1.397	0.0322834
-1.396	0.0322587
-1.395	0.032239
-1.394	0.0322245
-1.393	0.0322151
-1.392	0.032211
-1.391	0.0322126
-1.39	0.0322194
-1.389	0.032232
-1.388	0.0322502
-1.387	0.032274
-1.386	0.0323036
-1.385	0.032339
-1.384	0.0323804
-1.383	0.0324276
-1.382	0.0324806
-1.381	0.0325396
-1.38	0.0326045
-1.379	0.0326752
-1.378	0.032752
-1.377	0.0328346
-1.376	0.032923
-1.375	0.0330172
-1.374	0.0331174
-1.373	0.0332232
-1.372	0.0333346
-1.371	0.0334517
-1.37	0.0335743
-1.369	0.0337025
-1.368	0.033836
-1.367	0.0339748
-1.366	0.0341187
-1.365	0.0342677
-1.364	0.0344217
-1.363	0.0345805
-1.362	0.0347441
-1.361	0.0349122
-1.36	0.0350849
-1.359	0.0352616
-1.358	0.0354427
-1.357	0.0356276
-1.356	0.0358165
-1.355	0.0360089
-1.354	0.0362049
-1.353	0.0364041
-1.352	0.0366066
-1.351	0.0368119
-1.35	0.0370201
-1.349	0.0372307
-1.348	0.0374438
-1.347	0.0376589
-1.346	0.037876
-1.345	0.0380949
-1.344	0.0383154
-1.343	0.0385373
-1.342	0.0387602
-1.341	0.0389841
-1.34	0.0392087
-1.339	0.0394338
-1.338	0.0396592
-1.337	0.0398847
-1.336	0.0401101
-1.335	0.040335
-1.334	0.0405594
-1.333	0.0407829
-1.332	0.0410057
-1.331	0.041227
-1.33	0.0414471
-1.329	0.0416655
-1.328	0.041882
-1.327	0.0420966
-1.326	0.0423091
-1.325	0.042519
-1.324	0.0427264
-1.323	0.0429309
-1.322	0.0431326
-1.321	0.0433311
-1.32	0.0435261
-1.319	0.0437178
-1.318	0.0439058
-1.317	0.0440899
-1.316	0.0442701
-1.315	0.0444462
-1.314	0.044618
-1.313	0.0447854
-1.312	0.0449483
-1.311	0.0451065
-1.31	0.0452599
-1.309	0.0454085
-1.308	0.0455521
-1.307	0.0456907
-1.306	0.045824
-1.305	0.045952
-1.304	0.0460747
-1.303	0.046192
-1.302	0.0463039
-1.301	0.0464102
-1.3	0.0465109
-1.299	0.0466061
-1.298	0.0466955
-1.297	0.0467794
-1.296	0.0468576
-1.295	0.0469302
-1.294	0.0469969
-1.293	0.0470581
-1.292	0.0471137
-1.291	0.0471636
-1.29	0.0472079
-1.289	0.0472466
-1.288	0.0472798
-1.287	0.0473076
-1.286	0.04733
-1.285	0.0473471
-1.284	0.047359
-1.283	0.0473657
-1.282	0.0473674
-1.281	0.047364
-1.28	0.0473559
-1.279	0.0473431
-1.278	0.0473256
-1.277	0.0473036
-1.276	0.0472772
-1.275	0.0472467
-1.274	0.047212
-1.273	0.0471736
-1.272	0.0471313
-1.271	0.0470853
-1.27	0.047036
-1.269	0.0469834
-1.268	0.0469277
-1.267	0.0468691
-1.266	0.0468077
-1.265	0.046744
-1.264	0.0466777
-1.263	0.0466094
-1.262	0.0465391
-1.261	0.0464671
-1.26	0.0463935
-1.259	0.0463186
-1.258	0.0462426
-1.257	0.0461656
-1.256	0.0460879
-1.255	0.0460099
-1.254	0.0459315
-1.253	0.045853
-1.252	0.0457746
-1.251	0.0456967
-1.25	0.0456193
-1.249	0.0455426
-1.248	0.0454671
-1.247	0.0453926
-1.246	0.0453196
-1.245	0.0452483
-1.244	0.0451789
-1.243	0.0451114
-1.242	0.0450462
-1.241	0.0449834
-1.24	0.0449234
-1.239	0.0448661
-1.238	0.0448118
-1.237	0.0447608
-1.236	0.044713
-1.235	0.0446688
-1.234	0.0446285
-1.233	0.0445919
-1.232	0.0445594
-1.231	0.0445313
-1.23	0.0445074
-1.229	0.044488
-1.228	0.0444733
-1.227	0.0444634
-1.226	0.0444583
-1.225	0.0444583
-1.224	0.0444634
-1.223	0.0444737
-1.222	0.0444894
-1.221	0.0445105
-1.22	0.0445371
-1.219	0.0445694
-1.218	0.0446073
-1.217	0.0446508
-1.216	0.0447002
-1.215	0.0447555
-1.214	0.0448165
-1.213	0.0448836
-1.212	0.0449565
-1.211	0.0450354
-1.21	0.0451202
-1.209	0.045211
-1.208	0.0453077
-1.207	0.0454104
-1.206	0.0455189
-1.205	0.0456333
-1.204	0.0457535
-1.203	0.0458795
-1.202	0.0460113
-1.201	0.0461488
-1.2	0.0462917
-1.199	0.0464403
-1.198	0.0465944
-1.197	0.0467538
-1.196	0.0469183
-1.195	0.0470881
-1.194	0.0472629
-1.193	0.0474426
-1.192	0.047627
-1.191	0.0478162
-1.19	0.0480098
-1.189	0.0482078
-1.188	0.0484101
-1.187	0.0486165
-1.186	0.0488267
-1.185	0.0490407
-1.184	0.0492582
-1.183	0.0494792
-1.182	0.0497034
-1.181	0.0499306
-1.18	0.0501607
-1.179	0.0503934
-1.178	0.0506286
-1.177	0.0508661
-1.176	0.0511056
-1.175	0.051347
-1.174	0.05159
-1.173	0.0518346
-1.172	0.0520803
-1.171	0.052327
-1.17	0.0525746
-1.169	0.0528228
-1.168	0.0530715
-1.167	0.0533203
-1.166	0.0535689
-1.165	0.0538174
-1.164	0.0540653
-1.163	0.0543126
-1.162	0.0545592
-1.161	0.0548045
-1.16	0.0550486
-1.159	0.0552911
-1.158	0.0555319
-1.157	0.0557708
-1.156	0.0560077
-1.155	0.0562422
-1.154	0.0564742
-1.153	0.0567034
-1.152	0.0569299
-1.151	0.0571532
-1.15	0.0573734
-1.149	0.0575902
-1.148	0.0578033
-1.147	0.0580128
-1.146	0.0582184
-1.145	0.0584198
-1.144	0.0586173
-1.143	0.0588103
-1.142	0.058999
-1.141	0.0591829
-1.14	0.0593623
-1.139	0.0595368
-1.138	0.0597064
-1.137	0.059871
-1.136	0.0600305
-1.135	0.0601847
-1.134	0.0603338
-1.133	0.0604774
-1.132	0.0606158
-1.131	0.0607486
-1.13	0.0608758
-1.129	0.0609976
-1.128	0.0611139
-1.127	0.0612244
-1.126	0.0613292
-1.125	0.0614287
-1.124	0.0615223
-1.123	0.0616103
-1.122	0.0616928
-1.121	0.0617696
-1.12	0.061841
-1.119	0.0619066
-1.118	0.061967
-1.117	0.0620218
-1.116	0.0620713
-1.115	0.0621156
-1.114	0.0621548
-1.113	0.0621886
-1.112	0.0622174
-1.111	0.0622414
-1.11	0.0622605
-1.109	0.0622749
-1.108	0.0622846
-1.107	0.0622899
-1.106	0.0622909
-1.105	0.0622876
-1.104	0.0622802
-1.103	0.0622689
-1.102	0.0622539
-1.101	0.0622353
-1.1	0.0622132
-1.099	0.0621879
-1.098	0.0621595
-1.097	0.0621281
-1.096	0.062094
-1.095	0.0620575
-1.094	0.0620185
-1.093	0.0619773
-1.092	0.0619342
-1.091	0.0618894
-1.09	0.061843
-1.089	0.0617953
-1.088	0.0617464
-1.087	0.0616966
-1.086	0.0616461
-1.085	0.061595
-1.084	0.0615436
-1.083	0.0614923
-1.082	0.061441
-1.081	0.06139
-1.08	0.0613397
-1.079	0.0612902
-1.078	0.0612415
-1.077	0.0611941
-1.076	0.0611481
-1.075	0.0611037
-1.074	0.0610612
-1.073	0.0610207
-1.072	0.0609824
-1.071	0.0609466
-1.07	0.0609133
-1.069	0.0608829
-1.068	0.0608556
-1.067	0.0608314
-1.066	0.0608105
-1.065	0.0607933
-1.064	0.0607798
-1.063	0.0607701
-1.062	0.0607645
-1.061	0.0607632
-1.06	0.0607663
-1.059	0.0607737
-1.058	0.0607858
-1.057	0.0608029
-1.056	0.0608248
-1.055	0.0608516
-1.054	0.0608836
-1.053	0.0609209
-1.052	0.0609635
-1.051	0.0610117
-1.05	0.0610652
-1.049	0.0611246
-1.048	0.0611895
-1.047	0.0612603
-1.046	0.0613369
-1.045	0.0614192
-1.044	0.0615075
-1.043	0.0616018
-1.042	0.061702
-1.041	0.0618081
-1.04	0.0619203
-1.039	0.0620384
-1.038	0.0621626
-1.037	0.0622928
-1.036	0.0624289
-1.035	0.062571
-1.034	0.062719
-1.033	0.0628727
-1.032	0.0630323
-1.031	0.0631977
-1.03	0.0633687
-1.029	0.0635452
-1.028	0.0637274
-1.027	0.0639149
-1.026	0.0641077
-1.025	0.0643057
-1.024	0.0645088
-1.023	0.064717
-1.022	0.0649301
-1.021	0.0651478
-1.02	0.0653701
-1.019	0.0655971
-1.018	0.0658283
-1.017	0.0660635
-1.016	0.0663031
-1.015	0.0665462
-1.014	0.0667932
-1.013	0.0670434
-1.012	0.0672972
-1.011	0.0675541
-1.01	0.0678137
-1.009	0.0680763
-1.008	0.0683414
-1.007	0.0686088
-1.006	0.0688785
-1.005	0.0691501
-1.004	0.0694235
-1.003	0.0696985
-1.002	0.0699749
-1.001	0.0702523
-1	0.0705307
-0.999	0.0708098
-0.998	0.0710895
-0.997	0.0713693
-0.996	0.0716492
-0.995	0.0719292
-0.994	0.0722085
-0.993	0.0724875
-0.992	0.0727657
-0.991	0.0730428
-0.99	0.073319
-0.989	0.0735933
-0.988	0.0738664
-0.987	0.0741375
-0.986	0.0744068
-0.985	0.0746738
-0.984	0.0749384
-0.983	0.0752004
-0.982	0.0754595
-0.981	0.0757159
-0.98	0.0759691
-0.979	0.076219
-0.978	0.0764655
-0.977	0.0767083
-0.976	0.0769473
-0.975	0.0771824
-0.974	0.0774135
-0.973	0.0776402
-0.972	0.0778627
-0.971	0.0780807
-0.97	0.078294
-0.969	0.0785027
-0.968	0.0787065
-0.967	0.0789054
-0.966	0.0790992
-0.965	0.079288
-0.964	0.0794716
-0.963	0.07965
-0.962	0.079823
-0.961	0.0799907
-0.96	0.0801529
-0.959	0.0803094
-0.958	0.0804607
-0.957	0.0806064
-0.956	0.0807464
-0.955	0.080881
-0.954	0.0810098
-0.953	0.0811333
-0.952	0.0812511
-0.951	0.0813635
-0.95	0.0814704
-0.949	0.0815716
-0.948	0.0816675
-0.947	0.0817581
-0.946	0.0818435
-0.945	0.0819233
-0.944	0.0819981
-0.943	0.0820678
-0.942	0.0821325
-0.941	0.0821924
-0.94	0.0822474
-0.939	0.0822978
-0.938	0.0823435
-0.937	0.0823849
-0.936	0.0824218
-0.935	0.0824547
-0.934	0.0824834
-0.933	0.0825081
-0.932	0.0825294
-0.931	0.0825468
-0.93	0.082561
-0.929	0.0825719
-0.928	0.0825795
-0.927	0.0825844
-0.926	0.0825866
-0.925	0.0825862
-0.924	0.0825835
-0.923	0.0825785
-0.922	0.0825718
-0.921	0.0825632
-0.92	0.0825531
-0.919	0.0825417
-0.918	0.082529
-0.917	0.0825156
-0.916	0.0825013
-0.915	0.0824866
-0.914	0.0824716
-0.913	0.0824565
-0.912	0.0824415
-0.911	0.0824268
-0.91	0.0824128
-0.909	0.0823996
-0.908	0.0823872
-0.907	0.0823762
-0.906	0.0823665
-0.905	0.0823584
-0.904	0.0823524
-0.903	0.0823482
-0.902	0.0823462
-0.901	0.0823467
-0.9	0.0823498
-0.899	0.0823558
-0.898	0.0823648
-0.897	0.0823771
-0.896	0.0823927
-0.895	0.0824118
-0.894	0.0824347
-0.893	0.0824615
-0.892	0.0824924
-0.891	0.0825275
-0.89	0.082567
-0.889	0.0826111
-0.888	0.0826598
-0.887	0.0827132
-0.886	0.0827718
-0.885	0.0828352
-0.884	0.082904
-0.883	0.082978
-0.882	0.0830574
-0.881	0.0831422
-0.88	0.0832327
-0.879	0.0833288
-0.878	0.0834307
-0.877	0.0835384
-0.876	0.0836519
-0.875	0.0837714
-0.874	0.0838968
-0.873	0.0840281
-0.872	0.0841654
-0.871	0.0843089
-0.87	0.0844585
-0.869	0.084614
-0.868	0.0847756
-0.867	0.0849434
-0.866	0.0851169
-0.865	0.0852968
-0.864	0.0854824
-0.863	0.085674
-0.862	0.0858715
-0.861	0.0860746
-0.86	0.0862837
-0.859	0.0864982
-0.858	0.0867187
-0.857	0.0869444
-0.856	0.0871756
-0.855	0.0874122
-0.854	0.0876539
-0.853	0.0879009
-0.852	0.0881527
-0.851	0.0884093
-0.85	0.0886706
-0.849	0.0889366
-0.848	0.0892069
-0.847	0.0894815
-0.846	0.0897601
-0.845	0.0900428
-0.844	0.0903294
-0.843	0.0906194
-0.842	0.0909129
-0.841	0.0912098
-0.84	0.0915096
-0.839	0.0918123
-0.838	0.0921177
-0.837	0.0924256
-0.836	0.0927359
-0.835	0.0930482
-0.834	0.0933624
-0.833	0.0936782
-0.832	0.0939956
-0.831	0.0943141
-0.83	0.0946339
-0.829	0.0949542
-0.828	0.0952753
-0.827	0.0955969
-0.826	0.0959186
-0.825	0.0962404
-0.824	0.0965617
-0.823	0.0968831
-0.822	0.0972034
-0.821	0.0975231
-0.82	0.0978417
-0.819	0.0981589
-0.818	0.0984748
-0.817	0.0987888
-0.816	0.0991012
-0.815	0.0994112
-0.814	0.0997191
-0.813	0.100025
-0.812	0.100327
-0.811	0.100627
-0.81	0.100924
-0.809	0.101218
-0.808	0.101509
-0.807	0.101796
-0.806	0.102079
-0.805	0.102359
-0.804	0.102634
-0.803	0.102906
-0.802	0.103173
-0.801	0.103436
-0.8	0.103694
-0.799	0.103948
-0.798	0.104197
-0.797	0.104441
-0.796	0.10468
-0.795	0.104915
-0.794	0.105144
-0.793	0.105368
-0.792	0.105587
-0.791	0.1058
-0.79	0.106009
-0.789	0.106211
-0.788	0.106409
-0.787	0.106601
-0.786	0.106788
-0.785	0.106969
-0.784	0.107144
-0.783	0.107314
-0.782	0.107479
-0.781	0.107638
-0.78	0.107792
-0.779	0.10794
-0.778	0.108083
-0.777	0.108221
-0.776	0.108353
-0.775	0.108481
-0.774	0.108603
-0.773	0.10872
-0.772	0.108832
-0.771	0.10894
-0.77	0.109043
-0.769	0.109141
-0.768	0.109234
-0.767	0.109323
-0.766	0.109408
-0.765	0.109489
-0.764	0.109566
-0.763	0.109639
-0.762	0.109708
-0.761	0.109774
-0.76	0.109836
-0.759	0.109895
-0.758	0.109951
-0.757	0.110005
-0.756	0.110055
-0.755	0.110103
-0.754	0.110149
-0.753	0.110193
-0.752	0.110234
-0.751	0.110274
-0.75	0.110313
-0.749	0.11035
-0.748	0.110386
-0.747	0.110422
-0.746	0.110456
-0.745	0.11049
-0.744	0.110524
-0.743	0.110558
-0.742	0.110592
-0.741	0.110626
-0.74	0.110661
-0.739	0.110697
-0.738	0.110734
-0.737	0.110772
-0.736	0.110811
-0.735	0.110852
-0.734	0.110895
-0.733	0.11094
-0.732	0.110987
-0.731	0.111037
-0.73	0.111089
-0.729	0.111145
-0.728	0.111203
-0.727	0.111264
-0.726	0.11133
-0.725	0.111398
-0.724	0.111471
-0.723	0.111547
-0.722	0.111627
-0.721	0.111712
-0.72	0.111801
-0.719	0.111895
-0.718	0.111993
-0.717	0.112097
-0.716	0.112205
-0.715	0.112318
-0.714	0.112437
-0.713	0.112561
-0.712	0.11269
-0.711	0.112825
-0.71	0.112965
-0.709	0.113112
-0.708	0.113264
-0.707	0.113422
-0.706	0.113585
-0.705	0.113755
-0.704	0.113931
-0.703	0.114113
-0.702	0.114301
-0.701	0.114495
-0.7	0.114695
-0.699	0.114901
-0.698	0.115114
-0.697	0.115332
-0.696	0.115557
-0.695	0.115788
-0.694	0.116024
-0.693	0.116267
-0.692	0.116516
-0.691	0.116771
-0.69	0.117031
-0.689	0.117297
-0.688	0.117569
-0.687	0.117847
-0.686	0.11813
-0.685	0.118419
-0.684	0.118712
-0.683	0.119011
-0.682	0.119316
-0.681	0.119625
-0.68	0.119938
-0.679	0.120257
-0.678	0.12058
-0.677	0.120907
-0.676	0.121239
-0.675	0.121575
-0.674	0.121915
-0.673	0.122258
-0.672	0.122605
-0.671	0.122956
-0.67	0.123309
-0.669	0.123666
-0.668	0.124025
-0.667	0.124387
-0.666	0.124751
-0.665	0.125118
-0.664	0.125487
-0.663	0.125857
-0.662	0.126229
-0.661	0.126603
-0.66	0.126978
-0.659	0.127354
-0.658	0.12773
-0.657	0.128107
-0.656	0.128485
-0.655	0.128862
-0.654	0.12924
-0.653	0.129617
-0.652	0.129994
-0.651	0.13037
-0.65	0.130745
-0.649	0.131119
-0.648	0.131491
-0.647	0.131863
-0.646	0.132232
-0.645	0.132599
-0.644	0.132965
-0.643	0.133328
-0.642	0.133689
-0.641	0.134047
-0.64	0.134402
-0.639	0.134754
-0.638	0.135103
-0.637	0.135448
-0.636	0.13579
-0.635	0.136129
-0.634	0.136463
-0.633	0.136794
-0.632	0.13712
-0.631	0.137443
-0.63	0.137761
-0.629	0.138074
-0.628	0.138383
-0.627	0.138688
-0.626	0.138987
-0.625	0.139282
-0.624	0.139572
-0.623	0.139856
-0.622	0.140136
-0.621	0.14041
-0.62	0.14068
-0.619	0.140944
-0.618	0.141203
-0.617	0.141456
-0.616	0.141704
-0.615	0.141947
-0.614	0.142184
-0.613	0.142417
-0.612	0.142644
-0.611	0.142865
-0.61	0.143081
-0.609	0.143292
-0.608	0.143498
-0.607	0.143698
-0.606	0.143894
-0.605	0.144084
-0.604	0.14427
-0.603	0.14445
-0.602	0.144626
-0.601	0.144797
-0.6	0.144963
-0.599	0.145125
-0.598	0.145282
-0.597	0.145435
-0.596	0.145584
-0.595	0.14573
-0.594	0.145871
-0.593	0.146008
-0.592	0.146142
-0.591	0.146272
-0.59	0.146399
-0.589	0.146523
-0.588	0.146644
-0.587	0.146762
-0.586	0.146878
-0.585	0.146991
-0.584	0.147102
-0.583	0.147211
-0.582	0.147318
-0.581	0.147424
-0.58	0.147528
-0.579	0.147631
-0.578	0.147733
-0.577	0.147834
-0.576	0.147934
-0.575	0.148035
-0.574	0.148134
-0.573	0.148234
-0.572	0.148335
-0.571	0.148435
-0.57	0.148537
-0.569	0.148639
-0.568	0.148742
-0.567	0.148846
-0.566	0.148953
-0.565	0.14906
-0.564	0.14917
-0.563	0.149282
-0.562	0.149396
-0.561	0.149513
-0.56	0.149632
-0.559	0.149755
-0.558	0.14988
-0.557	0.150009
-0.556	0.150141
-0.555	0.150277
-0.554	0.150417
-0.553	0.150561
-0.552	0.150709
-0.551	0.150861
-0.55	0.151018
-0.549	0.151179
-0.548	0.151345
-0.547	0.151516
-0.546	0.151692
-0.545	0.151873
-0.544	0.15206
-0.543	0.152252
-0.542	0.15245
-0.541	0.152652
-0.54	0.152861
-0.539	0.153076
-0.538	0.153296
-0.537	0.153522
-0.536	0.153754
-0.535	0.153993
-0.534	0.154237
-0.533	0.154487
-0.532	0.154744
-0.531	0.155007
-0.53	0.155276
-0.529	0.155551
-0.528	0.155832
-0.527	0.15612
-0.526	0.156413
-0.525	0.156713
-0.524	0.157019
-0.523	0.157331
-0.522	0.157649
-0.521	0.157973
-0.52	0.158303
-0.519	0.158639
-0.518	0.158981
-0.517	0.159328
-0.516	0.159681
-0.515	0.16004
-0.514	0.160404
-0.513	0.160773
-0.512	0.161147
-0.511	0.161526
-0.51	0.161911
-0.509	0.1623
-0.508	0.162693
-0.507	0.163092
-0.506	0.163494
-0.505	0.163901
-0.504	0.164312
-0.503	0.164726
-0.502	0.165145
-0.501	0.165566
-0.5	0.165991
-0.499	0.16642
-0.498	0.166851
-0.497	0.167285
-0.496	0.167722
-0.495	0.16816
-0.494	0.168601
-0.493	0.169044
-0.492	0.169489
-0.491	0.169936
-0.49	0.170384
-0.489	0.170833
-0.488	0.171282
-0.487	0.171733
-0.486	0.172184
-0.485	0.172635
-0.484	0.173087
-0.483	0.173538
-0.482	0.173989
-0.481	0.17444
-0.48	0.174889
-0.479	0.175339
-0.478	0.175786
-0.477	0.176233
-0.476	0.176678
-0.475	0.177121
-0.474	0.177562
-0.473	0.178001
-0.472	0.178438
-0.471	0.178872
-0.47	0.179304
-0.469	0.179733
-0.468	0.180159
-0.467	0.180582
-0.466	0.181002
-0.465	0.181418
-0.464	0.18183
-0.463	0.182239
-0.462	0.182644
-0.461	0.183045
-0.46	0.183442
-0.459	0.183834
-0.458	0.184222
-0.457	0.184606
-0.456	0.184985
-0.455	0.18536
-0.454	0.18573
-0.453	0.186095
-0.452	0.186455
-0.451	0.186811
-0.45	0.187161
-0.449	0.187506
-0.448	0.187846
-0.447	0.188182
-0.446	0.188512
-0.445	0.188837
-0.444	0.189157
-0.443	0.189472
-0.442	0.189782
-0.441	0.190086
-0.44	0.190386
-0.439	0.19068
-0.438	0.190969
-0.437	0.191254
-0.436	0.191534
-0.435	0.191808
-0.434	0.192078
-0.433	0.192344
-0.432	0.192604
-0.431	0.192861
-0.43	0.193113
-0.429	0.19336
-0.428	0.193604
-0.427	0.193843
-0.426	0.194078
-0.425	0.19431
-0.424	0.194538
-0.423	0.194762
-0.422	0.194983
-0.421	0.1952
-0.42	0.195415
-0.419	0.195627
-0.418	0.195835
-0.417	0.196042
-0.416	0.196246
-0.415	0.196447
-0.414	0.196676
-0.413	0.196966
-0.412	0.197315
-0.411	0.197725
-0.41	0.198196
-0.409	0.198729
-0.408	0.199325
-0.407	0.199984
-0.406	0.200706
-0.405	0.201491
-0.404	0.20234
-0.403	0.203254
-0.402	0.204232
-0.401	0.205275
-0.4	0.206382
-0.399	0.207555
-0.398	0.208793
-0.397	0.210095
-0.396	0.211463
-0.395	0.212895
-0.394	0.214392
-0.393	0.215954
-0.392	0.21758
-0.391	0.219271
-0.39	0.221025
-0.389	0.222843
-0.388	0.224723
-0.387	0.226667
-0.386	0.228672
-0.385	0.23074
-0.384	0.232868
-0.383	0.235057
-0.382	0.237306
-0.381	0.239614
-0.38	0.241981
-0.379	0.244405
-0.378	0.246886
-0.377	0.249423
-0.376	0.252016
-0.375	0.254663
-0.374	0.257363
-0.373	0.260115
-0.372	0.262919
-0.371	0.265773
-0.37	0.268677
-0.369	0.271628
-0.368	0.274626
-0.367	0.277671
-0.366	0.280759
-0.365	0.28389
-0.364	0.287081
-0.363	0.290339
-0.362	0.29367
-0.361	0.297065
-0.36	0.30053
-0.359	0.304056
-0.358	0.307647
-0.357	0.311298
-0.356	0.315008
-0.355	0.318775
-0.354	0.322595
-0.353	0.326472
-0.352	0.330397
-0.351	0.334372
-0.35	0.338393
-0.349	0.342461
-0.348	0.346571
-0.347	0.350721
-0.346	0.354911
-0.345	0.359137
-0.344	0.363398
-0.343	0.36769
-0.342	0.372013
-0.341	0.376365
-0.34	0.380739
-0.339	0.385141
-0.338	0.389561
-0.337	0.394
-0.336	0.398456
-0.335	0.402927
-0.334	0.40741
-0.333	0.411902
-0.332	0.416402
-0.331	0.420906
-0.33	0.425415
-0.329	0.429921
-0.328	0.434429
-0.327	0.438931
-0.326	0.443426
-0.325	0.447913
-0.324	0.45239
-0.323	0.456854
-0.322	0.461298
-0.321	0.46573
-0.32	0.470138
-0.319	0.474526
-0.318	0.478886
-0.317	0.483224
-0.316	0.487529
-0.315	0.491805
-0.314	0.496047
-0.313	0.500252
-0.312	0.504422
-0.311	0.508549
-0.31	0.512636
-0.309	0.516678
-0.308	0.520675
-0.307	0.524622
-0.306	0.52852
-0.305	0.532365
-0.304	0.536156
-0.303	0.539892
-0.302	0.543569
-0.301	0.547187
-0.3	0.550742
-0.299	0.554235
-0.298	0.557661
-0.297	0.561021
-0.296	0.564313
-0.295	0.567534
-0.294	0.570682
-0.293	0.573758
-0.292	0.576757
-0.291	0.57968
-0.29	0.582524
-0.289	0.585292
-0.288	0.587974
-0.287	0.590577
-0.286	0.593094
-0.285	0.595528
-0.284	0.597874
-0.283	0.600133
-0.282	0.602306
-0.281	0.604385
-0.28	0.606377
-0.279	0.608275
-0.278	0.610083
-0.277	0.611794
-0.276	0.613414
-0.275	0.614938
-0.274	0.616365
-0.273	0.617696
-0.272	0.61893
-0.271	0.620068
-0.27	0.621102
-0.269	0.622044
-0.268	0.622881
-0.267	0.623622
-0.266	0.624261
-0.265	0.6248
-0.264	0.62524
-0.263	0.625578
-0.262	0.625815
-0.261	0.625951
-0.26	0.625988
-0.259	0.625921
-0.258	0.625755
-0.257	0.625487
-0.256	0.62512
-0.255	0.624651
-0.254	0.624083
-0.253	0.623415
-0.252	0.622648
-0.251	0.621781
-0.25	0.620818
-0.249	0.619755
-0.248	0.618596
-0.247	0.61734
-0.246	0.615989
-0.245	0.614541
-0.244	0.612999
-0.243	0.611365
-0.242	0.609637
-0.241	0.607819
-0.24	0.605909
-0.239	0.603911
-0.238	0.601823
-0.237	0.599648
-0.236	0.597387
-0.235	0.595041
-0.234	0.592612
-0.233	0.590099
-0.232	0.587508
-0.231	0.584834
-0.23	0.582085
-0.229	0.579256
-0.228	0.576355
-0.227	0.573378
-0.226	0.570332
-0.225	0.567212
-0.224	0.564025
-0.223	0.560771
-0.222	0.557452
-0.221	0.554069
-0.22	0.550624
-0.219	0.547121
-0.218	0.543558
-0.217	0.53994
-0.216	0.536267
-0.215	0.532545
-0.214	0.528769
-0.213	0.524947
-0.212	0.521078
-0.211	0.517166
-0.21	0.513212
-0.209	0.509218
-0.208	0.505185
-0.207	0.501118
-0.206	0.497018
-0.205	0.492885
-0.204	0.488724
-0.203	0.484536
-0.202	0.480325
-0.201	0.476089
-0.2	0.471835
-0.199	0.467563
-0.198	0.463275
-0.197	0.458974
-0.196	0.454662
-0.195	0.450342
-0.194	0.446015
-0.193	0.441684
-0.192	0.437352
-0.191	0.43302
-0.19	0.428691
-0.189	0.424368
-0.188	0.420051
-0.187	0.415745
-0.186	0.41145
-0.185	0.407172
-0.184	0.402909
-0.183	0.398664
-0.182	0.394441
-0.181	0.390242
-0.18	0.386068
-0.179	0.381923
-0.178	0.377807
-0.177	0.373724
-0.176	0.369675
-0.175	0.365663
-0.174	0.36169
-0.173	0.357757
-0.172	0.353868
-0.171	0.350024
-0.17	0.346228
-0.169	0.342479
-0.168	0.338783
-0.167	0.33514
-0.166	0.331551
-0.165	0.328021
-0.164	0.324548
-0.163	0.321137
-0.162	0.317788
-0.161	0.314504
-0.16	0.311285
-0.159	0.308135
-0.158	0.305055
-0.157	0.302045
-0.156	0.299108
-0.155	0.296246
-0.154	0.29346
-0.153	0.290751
-0.152	0.288122
-0.151	0.285573
-0.15	0.283105
-0.149	0.280721
-0.148	0.27842
-0.147	0.276207
-0.146	0.274078
-0.145	0.272039
-0.144	0.270088
-0.143	0.268227
-0.142	0.266459
-0.141	0.264781
-0.14	0.263198
-0.139	0.261707
-0.138	0.260313
-0.137	0.259013
-0.136	0.25781
-0.135	0.256703
-0.134	0.255694
-0.133	0.254784
-0.132	0.253971
-0.131	0.253259
-0.13	0.252645
-0.129	0.252132
-0.128	0.251719
-0.127	0.251407
-0.126	0.251194
-0.125	0.251083
-0.124	0.251074
-0.123	0.251164
-0.122	0.251357
-0.121	0.251649
-0.12	0.252043
-0.119	0.252537
-0.118	0.253133
-0.117	0.253829
-0.116	0.254624
-0.115	0.255519
-0.114	0.256513
-0.113	0.257606
-0.112	0.258796
-0.111	0.260085
-0.11	0.261471
-0.109	0.262952
-0.108	0.26453
-0.107	0.266201
-0.106	0.267968
-0.105	0.269826
-0.104	0.271778
-0.103	0.273821
-0.102	0.275953
-0.101	0.278176
-0.1	0.280484
