-4	6.63887e-016
-3.999	6.63879e-016
-3.998	6.6373e-016
-3.997	6.63443e-016
-3.996	6.63015e-016
-3.995	6.62447e-016
-3.994	6.61741e-016
-3.993	6.60896e-016
-3.992	6.59913e-016
-3.991	6.58794e-016
-3.99	6.57538e-016
-3.989	6.5615e-016
-3.988	6.54627e-016
-3.987	6.52972e-016
-3.986	6.51185e-016
-3.985	6.49267e-016
-3.984	6.47223e-016
-3.983	6.4505e-016
-3.982	6.42752e-016
-3.981	6.40331e-016
-3.98	6.37787e-016
-3.979	6.35122e-016
-3.978	6.32338e-016
-3.977	6.29439e-016
-3.976	6.26425e-016
-3.975	6.23299e-016
-3.974	6.20066e-016
-3.973	6.16722e-016
-3.972	6.13274e-016
-3.971	6.09723e-016
-3.97	6.06071e-016
-3.969	6.02324e-016
-3.968	5.9848e-016
-3.967	5.94543e-016
-3.966	5.9052e-016
-3.965	5.86409e-016
-3.964	5.82214e-016
-3.963	5.7794e-016
-3.962	5.7359e-016
-3.961	5.69164e-016
-3.96	5.64668e-016
-3.959	5.60106e-016
-3.958	5.55481e-016
-3.957	5.50795e-016
-3.956	5.46053e-016
-3.955	5.41257e-016
-3.954	5.36413e-016
-3.953	5.31522e-016
-3.952	5.26591e-016
-3.951	5.21622e-016
-3.95	5.16619e-016
-3.949	5.11585e-016
-3.948	5.06526e-016
-3.947	5.01445e-016
-3.946	4.96347e-016
-3.945	4.91236e-016
-3.944	4.86116e-016
-3.943	4.80992e-016
-3.942	4.75864e-016
-3.941	4.70742e-016
-3.94	4.65629e-016
-3.939	4.60527e-016
-3.938	4.55442e-016
-3.937	4.50379e-016
-3.936	4.45343e-016
-3.935	4.40337e-016
-3.934	4.35367e-016
-3.933	4.30437e-016
-3.932	4.25551e-016
-3.931	4.20716e-016
-3.93	4.15933e-016
-3.929	4.1121e-016
-3.928	4.0655e-016
-3.927	4.01959e-016
-3.926	3.97439e-016
-3.925	3.92998e-016
-3.924	3.8864e-016
-3.923	3.84369e-016
-3.922	3.80189e-016
-3.921	3.76107e-016
-3.92	3.72125e-016
-3.919	3.6825e-016
-3.918	3.64487e-016
-3.917	3.60838e-016
-3.916	3.57311e-016
-3.915	3.53909e-016
-3.914	3.50636e-016
-3.913	3.47498e-016
-3.912	3.44499e-016
-3.911	3.41644e-016
-3.91	3.38938e-016
-3.909	3.36384e-016
-3.908	3.33988e-016
-3.907	3.31753e-016
-3.906	3.29685e-016
-3.905	3.27788e-016
-3.904	3.26067e-016
-3.903	3.24524e-016
-3.902	3.23167e-016
-3.901	3.21996e-016
-3.9	3.21018e-016
-3.899	3.20236e-016
-3.898	3.19655e-016
-3.897	3.19278e-016
-3.896	3.19109e-016
-3.895	3.19152e-016
-3.894	3.19411e-016
-3.893	3.19891e-016
-3.892	3.20593e-016
-3.891	3.21523e-016
-3.89	3.22682e-016
-3.889	3.24075e-016
-3.888	3.25706e-016
-3.887	3.27578e-016
-3.886	3.29693e-016
-3.885	3.32055e-016
-3.884	3.34667e-016
-3.883	3.37531e-016
-3.882	3.4065e-016
-3.881	3.44029e-016
-3.88	3.47666e-016
-3.879	3.51569e-016
-3.878	3.55736e-016
-3.877	3.60171e-016
-3.876	3.64877e-016
-3.875	3.69856e-016
-3.874	3.75108e-016
-3.873	3.80636e-016
-3.872	3.86442e-016
-3.871	3.92528e-016
-3.87	3.98894e-016
-3.869	4.05543e-016
-3.868	4.12476e-016
-3.867	4.19694e-016
-3.866	4.27197e-016
-3.865	4.34987e-016
-3.864	4.43064e-016
-3.863	4.51431e-016
-3.862	4.60084e-016
-3.861	4.69027e-016
-3.86	4.78261e-016
-3.859	4.87783e-016
-3.858	4.97595e-016
-3.857	5.07695e-016
-3.856	5.18085e-016
-3.855	5.28762e-016
-3.854	5.39728e-016
-3.853	5.50981e-016
-3.852	5.62521e-016
-3.851	5.74347e-016
-3.85	5.86455e-016
-3.849	5.98849e-016
-3.848	6.11523e-016
-3.847	6.24477e-016
-3.846	6.37711e-016
-3.845	6.51219e-016
-3.844	6.65003e-016
-3.843	6.79059e-016
-3.842	6.93386e-016
-3.841	7.07981e-016
-3.84	7.2284e-016
-3.839	7.37961e-016
-3.838	7.53344e-016
-3.837	7.68984e-016
-3.836	7.84876e-016
-3.835	8.01019e-016
-3.834	8.1741e-016
-3.833	8.34042e-016
-3.832	8.50916e-016
-3.831	8.68026e-016
-3.83	8.85367e-016
-3.829	9.02938e-016
-3.828	9.20734e-016
-3.827	9.38748e-016
-3.826	9.56976e-016
-3.825	9.75419e-016
-3.824	9.94062e-016
-3.823	1.01291e-015
-3.822	1.03195e-015
-3.821	1.05118e-015
-3.82	1.0706e-015
-3.819	1.0902e-015
-3.818	1.10997e-015
-3.817	1.12992e-015
-3.816	1.15002e-015
-3.815	1.17028e-015
-3.814	1.1907e-015
-3.813	1.21126e-015
-3.812	1.23196e-015
-3.811	1.2528e-015
-3.81	1.27376e-015
-3.809	1.29484e-015
-3.808	1.31604e-015
-3.807	1.33734e-015
-3.806	1.35874e-015
-3.805	1.38024e-015
-3.804	1.40183e-015
-3.803	1.42349e-015
-3.802	1.44523e-015
-3.801	1.46703e-015
-3.8	1.48889e-015
-3.799	1.5108e-015
-3.798	1.53276e-015
-3.797	1.55475e-015
-3.796	1.57677e-015
-3.795	1.59881e-015
-3.794	1.62087e-015
-3.793	1.64293e-015
-3.792	1.66499e-015
-3.791	1.68704e-015
-3.79	1.70907e-015
-3.789	1.73108e-015
-3.788	1.75306e-015
-3.787	1.775e-015
-3.786	1.79688e-015
-3.785	1.81871e-015
-3.784	1.84048e-015
-3.783	1.86218e-015
-3.782	1.88379e-015
-3.781	1.90531e-015
-3.78	1.92674e-015
-3.779	1.94806e-015
-3.778	1.96927e-015
-3.777	1.99037e-015
-3.776	2.01134e-015
-3.775	2.03216e-015
-3.774	2.05285e-015
-3.773	2.07338e-015
-3.772	2.09375e-015
-3.771	2.11396e-015
-3.77	2.13399e-015
-3.769	2.15384e-015
-3.768	2.1735e-015
-3.767	2.19296e-015
-3.766	2.21222e-015
-3.765	2.23126e-015
-3.764	2.25008e-015
-3.763	2.26868e-015
-3.762	2.28704e-015
-3.761	2.30516e-015
-3.76	2.32303e-015
-3.759	2.34064e-015
-3.758	2.358e-015
-3.757	2.37508e-015
-3.756	2.39188e-015
-3.755	2.40841e-015
-3.754	2.42464e-015
-3.753	2.44058e-015
-3.752	2.45622e-015
-3.751	2.47155e-015
-3.75	2.48657e-015
-3.749	2.50126e-015
-3.748	2.51563e-015
-3.747	2.52967e-015
-3.746	2.54338e-015
-3.745	2.55675e-015
-3.744	2.56976e-015
-3.743	2.58243e-015
-3.742	2.59474e-015
-3.741	2.60669e-015
-3.74	2.61828e-015
-3.739	2.62949e-015
-3.738	2.64033e-015
-3.737	2.6508e-015
-3.736	2.66088e-015
-3.735	2.67059e-015
-3.734	2.6799e-015
-3.733	2.68882e-015
-3.732	2.69735e-015
-3.731	2.70548e-015
-3.73	2.71322e-015
-3.729	2.72055e-015
-3.728	2.72748e-015
-3.727	2.734e-015
-3.726	2.74012e-015
-3.725	2.74583e-015
-3.724	2.75113e-015
-3.723	2.75602e-015
-3.722	2.76049e-015
-3.721	2.76456e-015
-3.72	2.76822e-015
-3.719	2.77146e-015
-3.718	2.77429e-015
-3.717	2.7767e-015
-3.716	2.77872e-015
-3.715	2.78032e-015
-3.714	2.78151e-015
-3.713	2.78229e-015
-3.712	2.78267e-015
-3.711	2.78264e-015
-3.71	2.78222e-015
-3.709	2.78138e-015
-3.708	2.78016e-015
-3.707	2.77854e-015
-3.706	2.77653e-015
-3.705	2.77414e-015
-3.704	2.77136e-015
-3.703	2.7682e-015
-3.702	2.76467e-015
-3.701	2.76076e-015
-3.7	2.75649e-015
-3.699	2.75186e-015
-3.698	2.74687e-015
-3.697	2.74153e-015
-3.696	2.73584e-015
-3.695	2.72982e-015
-3.694	2.72346e-015
-3.693	2.71677e-015
-3.692	2.70977e-015
-3.691	2.70245e-015
-3.69	2.69483e-015
-3.689	2.68691e-015
-3.688	2.67869e-015
-3.687	2.6702e-015
-3.686	2.66143e-015
-3.685	2.65239e-015
-3.684	2.6431e-015
-3.683	2.63355e-015
-3.682	2.62377e-015
-3.681	2.61376e-015
-3.68	2.60352e-015
-3.679	2.59308e-015
-3.678	2.58243e-015
-3.677	2.57159e-015
-3.676	2.56057e-015
-3.675	2.54938e-015
-3.674	2.53803e-015
-3.673	2.52654e-015
-3.672	2.5149e-015
-3.671	2.50315e-015
-3.67	2.49128e-015
-3.669	2.4793e-015
-3.668	2.46723e-015
-3.667	2.45509e-015
-3.666	2.44288e-015
-3.665	2.43061e-015
-3.664	2.41831e-015
-3.663	2.40598e-015
-3.662	2.39363e-015
-3.661	2.38128e-015
-3.66	2.36894e-015
-3.659	2.35663e-015
-3.658	2.34435e-015
-3.657	2.33212e-015
-3.656	2.31996e-015
-3.655	2.30789e-015
-3.654	2.2959e-015
-3.653	2.28402e-015
-3.652	2.27226e-015
-3.651	2.26064e-015
-3.65	2.24917e-015
-3.649	2.23786e-015
-3.648	2.22672e-015
-3.647	2.21579e-015
-3.646	2.20506e-015
-3.645	2.19455e-015
-3.644	2.18428e-015
-3.643	2.17426e-015
-3.642	2.1645e-015
-3.641	2.15503e-015
-3.64	2.14585e-015
-3.639	2.13698e-015
-3.638	2.12845e-015
-3.637	2.12025e-015
-3.636	2.1124e-015
-3.635	2.10492e-015
-3.634	2.09782e-015
-3.633	2.09112e-015
-3.632	2.08484e-015
-3.631	2.07899e-015
-3.63	2.07357e-015
-3.629	2.06862e-015
-3.628	2.06412e-015
-3.627	2.06012e-015
-3.626	2.05661e-015
-3.625	2.05362e-015
-3.624	2.05115e-015
-3.623	2.04923e-015
-3.622	2.04785e-015
-3.621	2.04705e-015
-3.62	2.04682e-015
-3.619	2.04719e-015
-3.618	2.04816e-015
-3.617	2.04976e-015
-3.616	2.05198e-015
-3.615	2.05485e-015
-3.614	2.05838e-015
-3.613	2.06257e-015
-3.612	2.06745e-015
-3.611	2.07302e-015
-3.61	2.07929e-015
-3.609	2.08628e-015
-3.608	2.09399e-015
-3.607	2.10244e-015
-3.606	2.11164e-015
-3.605	2.1216e-015
-3.604	2.13232e-015
-3.603	2.14382e-015
-3.602	2.15611e-015
-3.601	2.16919e-015
-3.6	2.18308e-015
-3.599	2.19778e-015
-3.598	2.2133e-015
-3.597	2.22965e-015
-3.596	2.24684e-015
-3.595	2.26487e-015
-3.594	2.28376e-015
-3.593	2.3035e-015
-3.592	2.3241e-015
-3.591	2.34558e-015
-3.59	2.36793e-015
-3.589	2.39116e-015
-3.588	2.41528e-015
-3.587	2.44028e-015
-3.586	2.46618e-015
-3.585	2.49299e-015
-3.584	2.52068e-015
-3.583	2.54928e-015
-3.582	2.5788e-015
-3.581	2.60921e-015
-3.58	2.64053e-015
-3.579	2.67277e-015
-3.578	2.70593e-015
-3.577	2.73999e-015
-3.576	2.77497e-015
-3.575	2.81085e-015
-3.574	2.84766e-015
-3.573	2.88538e-015
-3.572	2.92399e-015
-3.571	2.96353e-015
-3.57	3.00395e-015
-3.569	3.04529e-015
-3.568	3.08752e-015
-3.567	3.13065e-015
-3.566	3.17466e-015
-3.565	3.21956e-015
-3.564	3.26535e-015
-3.563	3.31201e-015
-3.562	3.35953e-015
-3.561	3.40792e-015
-3.56	3.45716e-015
-3.559	3.50725e-015
-3.558	3.55819e-015
-3.557	3.60995e-015
-3.556	3.66253e-015
-3.555	3.71593e-015
-3.554	3.77014e-015
-3.553	3.82513e-015
-3.552	3.88092e-015
-3.551	3.93748e-015
-3.55	3.99479e-015
-3.549	4.05286e-015
-3.548	4.11167e-015
-3.547	4.1712e-015
-3.546	4.23145e-015
-3.545	4.29239e-015
-3.544	4.35401e-015
-3.543	4.41632e-015
-3.542	4.47928e-015
-3.541	4.54288e-015
-3.54	4.6071e-015
-3.539	4.67194e-015
-3.538	4.73737e-015
-3.537	4.80337e-015
-3.536	4.86994e-015
-3.535	4.93705e-015
-3.534	5.00468e-015
-3.533	5.07282e-015
-3.532	5.14146e-015
-3.531	5.21056e-015
-3.53	5.28012e-015
-3.529	5.35011e-015
-3.528	5.42051e-015
-3.527	5.4913e-015
-3.526	5.56247e-015
-3.525	5.63399e-015
-3.524	5.70584e-015
-3.523	5.77799e-015
-3.522	5.85044e-015
-3.521	5.92316e-015
-3.52	5.99611e-015
-3.519	6.06929e-015
-3.518	6.14268e-015
-3.517	6.21624e-015
-3.516	6.28996e-015
-3.515	6.36381e-015
-3.514	6.43777e-015
-3.513	6.5118e-015
-3.512	6.5859e-015
-3.511	6.66005e-015
-3.51	6.7342e-015
-3.509	6.80835e-015
-3.508	6.88248e-015
-3.507	6.95654e-015
-3.506	7.03051e-015
-3.505	7.10438e-015
-3.504	7.17811e-015
-3.503	7.25169e-015
-3.502	7.32509e-015
-3.501	7.39828e-015
-3.5	7.47126e-015
-3.499	7.54397e-015
-3.498	7.61641e-015
-3.497	7.68856e-015
-3.496	7.76035e-015
-3.495	7.83181e-015
-3.494	7.9029e-015
-3.493	7.97357e-015
-3.492	8.04381e-015
-3.491	8.11362e-015
-3.49	8.18295e-015
-3.489	8.25179e-015
-3.488	8.3201e-015
-3.487	8.38784e-015
-3.486	8.45505e-015
-3.485	8.52164e-015
-3.484	8.58763e-015
-3.483	8.653e-015
-3.482	8.71766e-015
-3.481	8.78165e-015
-3.48	8.84494e-015
-3.479	8.90752e-015
-3.478	8.96932e-015
-3.477	9.03037e-015
-3.476	9.09061e-015
-3.475	9.15004e-015
-3.474	9.20864e-015
-3.473	9.26637e-015
-3.472	9.32324e-015
-3.471	9.37921e-015
-3.47	9.43424e-015
-3.469	9.48836e-015
-3.468	9.54154e-015
-3.467	9.59372e-015
-3.466	9.64494e-015
-3.465	9.69513e-015
-3.464	9.74433e-015
-3.463	9.79243e-015
-3.462	9.83953e-015
-3.461	9.88553e-015
-3.46	9.93048e-015
-3.459	9.97431e-015
-3.458	1.0017e-014
-3.457	1.00586e-014
-3.456	1.0099e-014
-3.455	1.01383e-014
-3.454	1.01765e-014
-3.453	1.02134e-014
-3.452	1.02492e-014
-3.451	1.02837e-014
-3.45	1.03171e-014
-3.449	1.03493e-014
-3.448	1.03802e-014
-3.447	1.04099e-014
-3.446	1.04384e-014
-3.445	1.04656e-014
-3.444	1.04916e-014
-3.443	1.05163e-014
-3.442	1.05397e-014
-3.441	1.05619e-014
-3.44	1.05828e-014
-3.439	1.06025e-014
-3.438	1.06209e-014
-3.437	1.0638e-014
-3.436	1.06538e-014
-3.435	1.06684e-014
-3.434	1.06817e-014
-3.433	1.06937e-014
-3.432	1.07045e-014
-3.431	1.0714e-014
-3.43	1.07223e-014
-3.429	1.07293e-014
-3.428	1.0735e-014
-3.427	1.07395e-014
-3.426	1.07428e-014
-3.425	1.07448e-014
-3.424	1.07456e-014
-3.423	1.07452e-014
-3.422	1.07436e-014
-3.421	1.07408e-014
-3.42	1.07369e-014
-3.419	1.07317e-014
-3.418	1.07255e-014
-3.417	1.0718e-014
-3.416	1.07095e-014
-3.415	1.06998e-014
-3.414	1.06891e-014
-3.413	1.06772e-014
-3.412	1.06643e-014
-3.411	1.06504e-014
-3.41	1.06354e-014
-3.409	1.06194e-014
-3.408	1.06025e-014
-3.407	1.05845e-014
-3.406	1.05656e-014
-3.405	1.05459e-014
-3.404	1.05252e-014
-3.403	1.05036e-014
-3.402	1.04811e-014
-3.401	1.04579e-014
-3.4	1.04339e-014
-3.399	1.0409e-014
-3.398	1.03834e-014
-3.397	1.03571e-014
-3.396	1.03301e-014
-3.395	1.03024e-014
-3.394	1.02741e-014
-3.393	1.02452e-014
-3.392	1.02157e-014
-3.391	1.01857e-014
-3.39	1.01551e-014
-3.389	1.01241e-014
-3.388	1.00926e-014
-3.387	1.00607e-014
-3.386	1.00284e-014
-3.385	9.99576e-015
-3.384	9.9628e-015
-3.383	9.92957e-015
-3.382	9.89606e-015
-3.381	9.86238e-015
-3.38	9.82851e-015
-3.379	9.79449e-015
-3.378	9.76039e-015
-3.377	9.72624e-015
-3.376	9.69203e-015
-3.375	9.65786e-015
-3.374	9.62373e-015
-3.373	9.58968e-015
-3.372	9.55577e-015
-3.371	9.52202e-015
-3.37	9.4885e-015
-3.369	9.45519e-015
-3.368	9.4222e-015
-3.367	9.38951e-015
-3.366	9.35721e-015
-3.365	9.3253e-015
-3.364	9.29384e-015
-3.363	9.26286e-015
-3.362	9.23242e-015
-3.361	9.20254e-015
-3.36	9.17329e-015
-3.359	9.14467e-015
-3.358	9.11676e-015
-3.357	9.08957e-015
-3.356	9.06313e-015
-3.355	9.03753e-015
-3.354	9.0128e-015
-3.353	8.98895e-015
-3.352	8.96604e-015
-3.351	8.94409e-015
-3.35	8.92317e-015
-3.349	8.9033e-015
-3.348	8.88452e-015
-3.347	8.86688e-015
-3.346	8.85041e-015
-3.345	8.83515e-015
-3.344	8.82116e-015
-3.343	8.80848e-015
-3.342	8.79708e-015
-3.341	8.78705e-015
-3.34	8.77845e-015
-3.339	8.77128e-015
-3.338	8.76561e-015
-3.337	8.76143e-015
-3.336	8.7588e-015
-3.335	8.75777e-015
-3.334	8.75835e-015
-3.333	8.76057e-015
-3.332	8.76448e-015
-3.331	8.77016e-015
-3.33	8.77755e-015
-3.329	8.78673e-015
-3.328	8.79772e-015
-3.327	8.81057e-015
-3.326	8.82529e-015
-3.325	8.84193e-015
-3.324	8.8605e-015
-3.323	8.88102e-015
-3.322	8.90353e-015
-3.321	8.9281e-015
-3.32	8.95467e-015
-3.319	8.98333e-015
-3.318	9.01408e-015
-3.317	9.04695e-015
-3.316	9.08192e-015
-3.315	9.11909e-015
-3.314	9.15846e-015
-3.313	9.19998e-015
-3.312	9.24374e-015
-3.311	9.28976e-015
-3.31	9.33799e-015
-3.309	9.38853e-015
-3.308	9.44133e-015
-3.307	9.49645e-015
-3.306	9.55388e-015
-3.305	9.61365e-015
-3.304	9.67574e-015
-3.303	9.74017e-015
-3.302	9.80696e-015
-3.301	9.87613e-015
-3.3	9.94768e-015
-3.299	1.00216e-014
-3.298	1.00979e-014
-3.297	1.01766e-014
-3.296	1.02577e-014
-3.295	1.03411e-014
-3.294	1.0427e-014
-3.293	1.05152e-014
-3.292	1.06059e-014
-3.291	1.0699e-014
-3.29	1.07944e-014
-3.289	1.08922e-014
-3.288	1.09924e-014
-3.287	1.10949e-014
-3.286	1.11998e-014
-3.285	1.13071e-014
-3.284	1.14166e-014
-3.283	1.15286e-014
-3.282	1.16428e-014
-3.281	1.17593e-014
-3.28	1.18781e-014
-3.279	1.19992e-014
-3.278	1.21226e-014
-3.277	1.22481e-014
-3.276	1.23759e-014
-3.275	1.25059e-014
-3.274	1.2638e-014
-3.273	1.27723e-014
-3.272	1.29087e-014
-3.271	1.30473e-014
-3.27	1.31878e-014
-3.269	1.33304e-014
-3.268	1.34751e-014
-3.267	1.36217e-014
-3.266	1.37702e-014
-3.265	1.39207e-014
-3.264	1.40731e-014
-3.263	1.42274e-014
-3.262	1.43834e-014
-3.261	1.45413e-014
-3.26	1.47009e-014
-3.259	1.48621e-014
-3.258	1.50251e-014
-3.257	1.51897e-014
-3.256	1.53559e-014
-3.255	1.55236e-014
-3.254	1.56928e-014
-3.253	1.58635e-014
-3.252	1.60356e-014
-3.251	1.62091e-014
-3.25	1.63839e-014
-3.249	1.656e-014
-3.248	1.67373e-014
-3.247	1.69158e-014
-3.246	1.70954e-014
-3.245	1.72761e-014
-3.244	1.74578e-014
-3.243	1.76405e-014
-3.242	1.78241e-014
-3.241	1.80086e-014
-3.24	1.81939e-014
-3.239	1.838e-014
-3.238	1.85668e-014
-3.237	1.87543e-014
-3.236	1.89423e-014
-3.235	1.91308e-014
-3.234	1.93199e-014
-3.233	1.95094e-014
-3.232	1.96993e-014
-3.231	1.98894e-014
-3.23	2.00798e-014
-3.229	2.02705e-014
-3.228	2.04612e-014
-3.227	2.0652e-014
-3.226	2.08429e-014
-3.225	2.10337e-014
-3.224	2.12243e-014
-3.223	2.14148e-014
-3.222	2.16051e-014
-3.221	2.17951e-014
-3.22	2.19848e-014
-3.219	2.2174e-014
-3.218	2.23628e-014
-3.217	2.2551e-014
-3.216	2.27386e-014
-3.215	2.29256e-014
-3.214	2.31119e-014
-3.213	2.32973e-014
-3.212	2.3482e-014
-3.211	2.36658e-014
-3.21	2.38485e-014
-3.209	2.40303e-014
-3.208	2.42111e-014
-3.207	2.43905e-014
-3.206	2.45689e-014
-3.205	2.47461e-014
-3.204	2.49219e-014
-3.203	2.50963e-014
-3.202	2.52693e-014
-3.201	2.54408e-014
-3.2	2.56108e-014
-3.199	2.57792e-014
-3.198	2.59459e-014
-3.197	2.6111e-014
-3.196	2.62743e-014
-3.195	2.64357e-014
-3.194	2.65953e-014
-3.193	2.6753e-014
-3.192	2.69087e-014
-3.191	2.70624e-014
-3.19	2.7214e-014
-3.189	2.73636e-014
-3.188	2.75109e-014
-3.187	2.76561e-014
-3.186	2.77989e-014
-3.185	2.79396e-014
-3.184	2.80778e-014
-3.183	2.82137e-014
-3.182	2.83471e-014
-3.181	2.84781e-014
-3.18	2.86066e-014
-3.179	2.87325e-014
-3.178	2.88559e-014
-3.177	2.89767e-014
-3.176	2.90947e-014
-3.175	2.92102e-014
-3.174	2.93228e-014
-3.173	2.94328e-014
-3.172	2.954e-014
-3.171	2.96443e-014
-3.17	2.97459e-014
-3.169	2.98446e-014
-3.168	2.99404e-014
-3.167	3.00333e-014
-3.166	3.01233e-014
-3.165	3.02103e-014
-3.164	3.02944e-014
-3.163	3.03755e-014
-3.162	3.04536e-014
-3.161	3.05287e-014
-3.16	3.06008e-014
-3.159	3.06699e-014
-3.158	3.07359e-014
-3.157	3.07989e-014
-3.156	3.08588e-014
-3.155	3.09157e-014
-3.154	3.09695e-014
-3.153	3.10203e-014
-3.152	3.1068e-014
-3.151	3.11126e-014
-3.15	3.11542e-014
-3.149	3.11927e-014
-3.148	3.12282e-014
-3.147	3.12607e-014
-3.146	3.12901e-014
-3.145	3.13166e-014
-3.144	3.134e-014
-3.143	3.13604e-014
-3.142	3.13779e-014
-3.141	3.13925e-014
-3.14	3.14041e-014
-3.139	3.14128e-014
-3.138	3.14186e-014
-3.137	3.14216e-014
-3.136	3.14217e-014
-3.135	3.1419e-014
-3.134	3.14137e-014
-3.133	3.14055e-014
-3.132	3.13946e-014
-3.131	3.1381e-014
-3.13	3.13649e-014
-3.129	3.13461e-014
-3.128	3.13248e-014
-3.127	3.13009e-014
-3.126	3.12746e-014
-3.125	3.12458e-014
-3.124	3.12147e-014
-3.123	3.11812e-014
-3.122	3.11454e-014
-3.121	3.11074e-014
-3.12	3.10672e-014
-3.119	3.1025e-014
-3.118	3.09805e-014
-3.117	3.09341e-014
-3.116	3.08857e-014
-3.115	3.08353e-014
-3.114	3.07832e-014
-3.113	3.07293e-014
-3.112	3.06736e-014
-3.111	3.06163e-014
-3.11	3.05573e-014
-3.109	3.04968e-014
-3.108	3.04349e-014
-3.107	3.03715e-014
-3.106	3.03069e-014
-3.105	3.0241e-014
-3.104	3.01739e-014
-3.103	3.01057e-014
-3.102	3.00364e-014
-3.101	2.99662e-014
-3.1	2.98951e-014
-3.099	2.98232e-014
-3.098	2.97505e-014
-3.097	2.96771e-014
-3.096	2.96032e-014
-3.095	2.95288e-014
-3.094	2.9454e-014
-3.093	2.93788e-014
-3.092	2.93033e-014
-3.091	2.92277e-014
-3.09	2.9152e-014
-3.089	2.90763e-014
-3.088	2.90006e-014
-3.087	2.8925e-014
-3.086	2.88497e-014
-3.085	2.87748e-014
-3.084	2.87002e-014
-3.083	2.86262e-014
-3.082	2.85526e-014
-3.081	2.84798e-014
-3.08	2.84078e-014
-3.079	2.83364e-014
-3.078	2.82661e-014
-3.077	2.81967e-014
-3.076	2.81285e-014
-3.075	2.80614e-014
-3.074	2.79956e-014
-3.073	2.79311e-014
-3.072	2.78681e-014
-3.071	2.78065e-014
-3.07	2.77466e-014
-3.069	2.76883e-014
-3.068	2.76318e-014
-3.067	2.75772e-014
-3.066	2.75245e-014
-3.065	2.74738e-014
-3.064	2.74252e-014
-3.063	2.73788e-014
-3.062	2.73345e-014
-3.061	2.72928e-014
-3.06	2.72534e-014
-3.059	2.72164e-014
-3.058	2.71821e-014
-3.057	2.71505e-014
-3.056	2.71214e-014
-3.055	2.70952e-014
-3.054	2.7072e-014
-3.053	2.70516e-014
-3.052	2.70342e-014
-3.051	2.702e-014
-3.05	2.7009e-014
-3.049	2.70011e-014
-3.048	2.69965e-014
-3.047	2.69953e-014
-3.046	2.69975e-014
-3.045	2.70032e-014
-3.044	2.70146e-014
-3.043	2.70357e-014
-3.042	2.70699e-014
-3.041	2.71206e-014
-3.04	2.71921e-014
-3.039	2.72886e-014
-3.038	2.7415e-014
-3.037	2.75763e-014
-3.036	2.77779e-014
-3.035	2.80259e-014
-3.034	2.83264e-014
-3.033	2.86862e-014
-3.032	2.91124e-014
-3.031	2.96123e-014
-3.03	3.01939e-014
-3.029	3.08658e-014
-3.028	3.16366e-014
-3.027	3.25158e-014
-3.026	3.35128e-014
-3.025	3.46381e-014
-3.024	3.59024e-014
-3.023	3.73168e-014
-3.022	3.88929e-014
-3.021	4.06431e-014
-3.02	4.25801e-014
-3.019	4.47172e-014
-3.018	4.70681e-014
-3.017	4.96472e-014
-3.016	5.24697e-014
-3.015	5.55506e-014
-3.014	5.89062e-014
-3.013	6.25535e-014
-3.012	6.65092e-014
-3.011	7.07913e-014
-3.01	7.54185e-014
-3.009	8.04094e-014
-3.008	8.57839e-014
-3.007	9.1562e-014
-3.006	9.77655e-014
-3.005	1.04414e-013
-3.004	1.11532e-013
-3.003	1.19141e-013
-3.002	1.27264e-013
-3.001	1.35925e-013
-3	1.45149e-013
-2.999	1.54961e-013
-2.998	1.65387e-013
-2.997	1.76454e-013
-2.996	1.88187e-013
-2.995	2.00614e-013
-2.994	2.13766e-013
-2.993	2.27667e-013
-2.992	2.4235e-013
-2.991	2.57844e-013
-2.99	2.74177e-013
-2.989	2.91382e-013
-2.988	3.0949e-013
-2.987	3.28533e-013
-2.986	3.48544e-013
-2.985	3.69553e-013
-2.984	3.91598e-013
-2.983	4.14709e-013
-2.982	4.38924e-013
-2.981	4.64275e-013
-2.98	4.90797e-013
-2.979	5.18532e-013
-2.978	5.47509e-013
-2.977	5.77771e-013
-2.976	6.09355e-013
-2.975	6.42299e-013
-2.974	6.76644e-013
-2.973	7.12428e-013
-2.972	7.49696e-013
-2.971	7.8849e-013
-2.97	8.28852e-013
-2.969	8.70831e-013
-2.968	9.1447e-013
-2.967	9.59823e-013
-2.966	1.00694e-012
-2.965	1.05587e-012
-2.964	1.10667e-012
-2.963	1.15941e-012
-2.962	1.21413e-012
-2.961	1.27092e-012
-2.96	1.32983e-012
-2.959	1.39094e-012
-2.958	1.45434e-012
-2.957	1.52011e-012
-2.956	1.58832e-012
-2.955	1.65911e-012
-2.954	1.73255e-012
-2.953	1.80878e-012
-2.952	1.88791e-012
-2.951	1.97008e-012
-2.95	2.05544e-012
-2.949	2.14415e-012
-2.948	2.23639e-012
-2.947	2.33233e-012
-2.946	2.4322e-012
-2.945	2.53623e-012
-2.944	2.64463e-012
-2.943	2.75772e-012
-2.942	2.87576e-012
-2.941	2.99908e-012
-2.94	3.12803e-012
-2.939	3.26299e-012
-2.938	3.40438e-012
-2.937	3.55264e-012
-2.936	3.70825e-012
-2.935	3.87179e-012
-2.934	4.04376e-012
-2.933	4.22487e-012
-2.932	4.41575e-012
-2.931	4.61714e-012
-2.93	4.82986e-012
-2.929	5.05477e-012
-2.928	5.29278e-012
-2.927	5.54495e-012
-2.926	5.81228e-012
-2.925	6.09602e-012
-2.924	6.39738e-012
-2.923	6.71776e-012
-2.922	7.05857e-012
-2.921	7.42141e-012
-2.92	7.80794e-012
-2.919	8.22001e-012
-2.918	8.65942e-012
-2.917	9.12836e-012
-2.916	9.62899e-012
-2.915	1.01636e-011
-2.914	1.07348e-011
-2.913	1.13452e-011
-2.912	1.19977e-011
-2.911	1.26952e-011
-2.91	1.3441e-011
-2.909	1.42386e-011
-2.908	1.50915e-011
-2.907	1.60035e-011
-2.906	1.69788e-011
-2.905	1.80216e-011
-2.904	1.91365e-011
-2.903	2.03283e-011
-2.902	2.1602e-011
-2.901	2.2963e-011
-2.9	2.44169e-011
-2.899	2.59696e-011
-2.898	2.76274e-011
-2.897	2.93966e-011
-2.896	3.12843e-011
-2.895	3.32975e-011
-2.894	3.54438e-011
-2.893	3.77312e-011
-2.892	4.01678e-011
-2.891	4.27621e-011
-2.89	4.55233e-011
-2.889	4.84605e-011
-2.888	5.15837e-011
-2.887	5.49028e-011
-2.886	5.84288e-011
-2.885	6.21721e-011
-2.884	6.61446e-011
-2.883	7.03579e-011
-2.882	7.48242e-011
-2.881	7.95561e-011
-2.88	8.45675e-011
-2.879	8.98705e-011
-2.878	9.54807e-011
-2.877	1.01412e-010
-2.876	1.07678e-010
-2.875	1.14297e-010
-2.874	1.21283e-010
-2.873	1.28652e-010
-2.872	1.36422e-010
-2.871	1.44609e-010
-2.87	1.53232e-010
-2.869	1.62307e-010
-2.868	1.71857e-010
-2.867	1.81897e-010
-2.866	1.92448e-010
-2.865	2.03531e-010
-2.864	2.15166e-010
-2.863	2.27374e-010
-2.862	2.40177e-010
-2.861	2.53598e-010
-2.86	2.67657e-010
-2.859	2.8238e-010
-2.858	2.9779e-010
-2.857	3.13911e-010
-2.856	3.30769e-010
-2.855	3.48389e-010
-2.854	3.66798e-010
-2.853	3.86022e-010
-2.852	4.06091e-010
-2.851	4.27032e-010
-2.85	4.48876e-010
-2.849	4.71652e-010
-2.848	4.95395e-010
-2.847	5.20134e-010
-2.846	5.45907e-010
-2.845	5.72747e-010
-2.844	6.00693e-010
-2.843	6.29784e-010
-2.842	6.60059e-010
-2.841	6.91564e-010
-2.84	7.24342e-010
-2.839	7.58443e-010
-2.838	7.93915e-010
-2.837	8.30813e-010
-2.836	8.69198e-010
-2.835	9.09124e-010
-2.834	9.50663e-010
-2.833	9.93881e-010
-2.832	1.03885e-009
-2.831	1.08566e-009
-2.83	1.13439e-009
-2.829	1.18514e-009
-2.828	1.238e-009
-2.827	1.29309e-009
-2.826	1.35052e-009
-2.825	1.41042e-009
-2.824	1.47292e-009
-2.823	1.53818e-009
-2.822	1.60635e-009
-2.821	1.67762e-009
-2.82	1.75216e-009
-2.819	1.83018e-009
-2.818	1.9119e-009
-2.817	1.99758e-009
-2.816	2.08745e-009
-2.815	2.1818e-009
-2.814	2.28094e-009
-2.813	2.3852e-009
-2.812	2.49492e-009
-2.811	2.61049e-009
-2.81	2.73233e-009
-2.809	2.86088e-009
-2.808	2.99662e-009
-2.807	3.14007e-009
-2.806	3.29178e-009
-2.805	3.45235e-009
-2.804	3.62245e-009
-2.803	3.80273e-009
-2.802	3.99396e-009
-2.801	4.19694e-009
-2.8	4.41248e-009
-2.799	4.64156e-009
-2.798	4.8851e-009
-2.797	5.14419e-009
-2.796	5.4199e-009
-2.795	5.71348e-009
-2.794	6.02613e-009
-2.793	6.35924e-009
-2.792	6.71425e-009
-2.791	7.09269e-009
-2.79	7.49617e-009
-2.789	7.92645e-009
-2.788	8.3853e-009
-2.787	8.87472e-009
-2.786	9.39677e-009
-2.785	9.95358e-009
-2.784	1.05475e-008
-2.783	1.11809e-008
-2.782	1.18563e-008
-2.781	1.25766e-008
-2.78	1.33445e-008
-2.779	1.41629e-008
-2.778	1.50352e-008
-2.777	1.59646e-008
-2.776	1.69545e-008
-2.775	1.80087e-008
-2.774	1.91309e-008
-2.773	2.03251e-008
-2.772	2.15957e-008
-2.771	2.29468e-008
-2.77	2.43832e-008
-2.769	2.59096e-008
-2.768	2.7531e-008
-2.767	2.92526e-008
-2.766	3.108e-008
-2.765	3.30184e-008
-2.764	3.50743e-008
-2.763	3.72531e-008
-2.762	3.95616e-008
-2.761	4.20064e-008
-2.76	4.45941e-008
-2.759	4.73318e-008
-2.758	5.02268e-008
-2.757	5.32868e-008
-2.756	5.65195e-008
-2.755	5.99329e-008
-2.754	6.35355e-008
-2.753	6.7336e-008
-2.752	7.13432e-008
-2.751	7.55658e-008
-2.75	8.00142e-008
-2.749	8.46974e-008
-2.748	8.96257e-008
-2.747	9.48091e-008
-2.746	1.00259e-007
-2.745	1.05985e-007
-2.744	1.12e-007
-2.743	1.18314e-007
-2.742	1.2494e-007
-2.741	1.31889e-007
-2.74	1.39176e-007
-2.739	1.46811e-007
-2.738	1.5481e-007
-2.737	1.63185e-007
-2.736	1.7195e-007
-2.735	1.81121e-007
-2.734	1.90712e-007
-2.733	2.00739e-007
-2.732	2.11219e-007
-2.731	2.22167e-007
-2.73	2.33602e-007
-2.729	2.45541e-007
-2.728	2.58003e-007
-2.727	2.71007e-007
-2.726	2.84574e-007
-2.725	2.98725e-007
-2.724	3.13483e-007
-2.723	3.2887e-007
-2.722	3.44911e-007
-2.721	3.61632e-007
-2.72	3.79061e-007
-2.719	3.97225e-007
-2.718	4.16157e-007
-2.717	4.35888e-007
-2.716	4.56452e-007
-2.715	4.77886e-007
-2.714	5.00035e-007
-2.713	5.22693e-007
-2.712	5.45822e-007
-2.711	5.69379e-007
-2.71	5.93327e-007
-2.709	6.17621e-007
-2.708	6.42222e-007
-2.707	6.67084e-007
-2.706	6.92166e-007
-2.705	7.17425e-007
-2.704	7.42817e-007
-2.703	7.68298e-007
-2.702	7.93825e-007
-2.701	8.19354e-007
-2.7	8.44841e-007
-2.699	8.70246e-007
-2.698	8.95523e-007
-2.697	9.20632e-007
-2.696	9.45529e-007
-2.695	9.70176e-007
-2.694	9.94532e-007
-2.693	1.01856e-006
-2.692	1.04221e-006
-2.691	1.06546e-006
-2.69	1.08827e-006
-2.689	1.1106e-006
-2.688	1.13242e-006
-2.687	1.15369e-006
-2.686	1.17439e-006
-2.685	1.19449e-006
-2.684	1.21395e-006
-2.683	1.23276e-006
-2.682	1.25088e-006
-2.681	1.2683e-006
-2.68	1.28499e-006
-2.679	1.30094e-006
-2.678	1.31612e-006
-2.677	1.33052e-006
-2.676	1.34413e-006
-2.675	1.35694e-006
-2.674	1.36893e-006
-2.673	1.3801e-006
-2.672	1.39044e-006
-2.671	1.39995e-006
-2.67	1.40863e-006
-2.669	1.41647e-006
-2.668	1.42349e-006
-2.667	1.42968e-006
-2.666	1.43505e-006
-2.665	1.4396e-006
-2.664	1.44336e-006
-2.663	1.44633e-006
-2.662	1.44852e-006
-2.661	1.44995e-006
-2.66	1.45065e-006
-2.659	1.45062e-006
-2.658	1.44989e-006
-2.657	1.44848e-006
-2.656	1.44642e-006
-2.655	1.44373e-006
-2.654	1.44045e-006
-2.653	1.4366e-006
-2.652	1.4322e-006
-2.651	1.4273e-006
-2.65	1.42192e-006
-2.649	1.4161e-006
-2.648	1.40987e-006
-2.647	1.40327e-006
-2.646	1.39634e-006
-2.645	1.38912e-006
-2.644	1.38163e-006
-2.643	1.37393e-006
-2.642	1.36605e-006
-2.641	1.35803e-006
-2.64	1.3499e-006
-2.639	1.34172e-006
-2.638	1.33353e-006
-2.637	1.32536e-006
-2.636	1.31725e-006
-2.635	1.30924e-006
-2.634	1.30138e-006
-2.633	1.29371e-006
-2.632	1.28625e-006
-2.631	1.27906e-006
-2.63	1.27218e-006
-2.629	1.26563e-006
-2.628	1.25946e-006
-2.627	1.25371e-006
-2.626	1.2484e-006
-2.625	1.24358e-006
-2.624	1.23927e-006
-2.623	1.23551e-006
-2.622	1.23233e-006
-2.621	1.22976e-006
-2.62	1.22783e-006
-2.619	1.22656e-006
-2.618	1.22599e-006
-2.617	1.22613e-006
-2.616	1.227e-006
-2.615	1.22864e-006
-2.614	1.23105e-006
-2.613	1.23426e-006
-2.612	1.23827e-006
-2.611	1.24311e-006
-2.61	1.24879e-006
-2.609	1.25532e-006
-2.608	1.2627e-006
-2.607	1.27094e-006
-2.606	1.28006e-006
-2.605	1.29004e-006
-2.604	1.3009e-006
-2.603	1.31263e-006
-2.602	1.32523e-006
-2.601	1.33869e-006
-2.6	1.35301e-006
-2.599	1.36819e-006
-2.598	1.38421e-006
-2.597	1.40106e-006
-2.596	1.41873e-006
-2.595	1.4372e-006
-2.594	1.45647e-006
-2.593	1.4765e-006
-2.592	1.49728e-006
-2.591	1.5188e-006
-2.59	1.54103e-006
-2.589	1.56394e-006
-2.588	1.58751e-006
-2.587	1.61172e-006
-2.586	1.63654e-006
-2.585	1.66194e-006
-2.584	1.68789e-006
-2.583	1.71436e-006
-2.582	1.74133e-006
-2.581	1.76875e-006
-2.58	1.7966e-006
-2.579	1.82485e-006
-2.578	1.85346e-006
-2.577	1.8824e-006
-2.576	1.91163e-006
-2.575	1.94112e-006
-2.574	1.97083e-006
-2.573	2.00074e-006
-2.572	2.0308e-006
-2.571	2.06098e-006
-2.57	2.09124e-006
-2.569	2.12156e-006
-2.568	2.1519e-006
-2.567	2.18221e-006
-2.566	2.21249e-006
-2.565	2.24268e-006
-2.564	2.27275e-006
-2.563	2.30268e-006
-2.562	2.33243e-006
-2.561	2.36198e-006
-2.56	2.39129e-006
-2.559	2.42035e-006
-2.558	2.44911e-006
-2.557	2.47756e-006
-2.556	2.50568e-006
-2.555	2.53343e-006
-2.554	2.5608e-006
-2.553	2.58776e-006
-2.552	2.6143e-006
-2.551	2.6404e-006
-2.55	2.66604e-006
-2.549	2.69121e-006
-2.548	2.71589e-006
-2.547	2.74008e-006
-2.546	2.76375e-006
-2.545	2.78691e-006
-2.544	2.80955e-006
-2.543	2.83165e-006
-2.542	2.85323e-006
-2.541	2.87426e-006
-2.54	2.89476e-006
-2.539	2.91472e-006
-2.538	2.93415e-006
-2.537	2.95305e-006
-2.536	2.97143e-006
-2.535	2.98929e-006
-2.534	3.00664e-006
-2.533	3.0235e-006
-2.532	3.03986e-006
-2.531	3.05576e-006
-2.53	3.07119e-006
-2.529	3.08619e-006
-2.528	3.10076e-006
-2.527	3.11492e-006
-2.526	3.12869e-006
-2.525	3.1421e-006
-2.524	3.15517e-006
-2.523	3.16791e-006
-2.522	3.18035e-006
-2.521	3.19252e-006
-2.52	3.20444e-006
-2.519	3.21614e-006
-2.518	3.22765e-006
-2.517	3.239e-006
-2.516	3.2502e-006
-2.515	3.26129e-006
-2.514	3.27231e-006
-2.513	3.28328e-006
-2.512	3.29423e-006
-2.511	3.30518e-006
-2.51	3.31618e-006
-2.509	3.32725e-006
-2.508	3.33842e-006
-2.507	3.34972e-006
-2.506	3.36118e-006
-2.505	3.37283e-006
-2.504	3.38471e-006
-2.503	3.39683e-006
-2.502	3.40924e-006
-2.501	3.42194e-006
-2.5	3.43499e-006
-2.499	3.44839e-006
-2.498	3.46218e-006
-2.497	3.47639e-006
-2.496	3.49104e-006
-2.495	3.50614e-006
-2.494	3.52173e-006
-2.493	3.53783e-006
-2.492	3.55445e-006
-2.491	3.57162e-006
-2.49	3.58935e-006
-2.489	3.60766e-006
-2.488	3.62657e-006
-2.487	3.64609e-006
-2.486	3.66625e-006
-2.485	3.68703e-006
-2.484	3.70847e-006
-2.483	3.73056e-006
-2.482	3.75332e-006
-2.481	3.77676e-006
-2.48	3.80087e-006
-2.479	3.82566e-006
-2.478	3.85114e-006
-2.477	3.87732e-006
-2.476	3.90417e-006
-2.475	3.93172e-006
-2.474	3.95994e-006
-2.473	3.98884e-006
-2.472	4.01842e-006
-2.471	4.04866e-006
-2.47	4.07955e-006
-2.469	4.11109e-006
-2.468	4.14328e-006
-2.467	4.17609e-006
-2.466	4.20952e-006
-2.465	4.24353e-006
-2.464	4.27814e-006
-2.463	4.31331e-006
-2.462	4.34902e-006
-2.461	4.38528e-006
-2.46	4.42205e-006
-2.459	4.45931e-006
-2.458	4.49705e-006
-2.457	4.53524e-006
-2.456	4.57386e-006
-2.455	4.61289e-006
-2.454	4.6523e-006
-2.453	4.69208e-006
-2.452	4.7322e-006
-2.451	4.77262e-006
-2.45	4.81334e-006
-2.449	4.85433e-006
-2.448	4.89557e-006
-2.447	4.93702e-006
-2.446	4.97866e-006
-2.445	5.02047e-006
-2.444	5.06242e-006
-2.443	5.1045e-006
-2.442	5.14668e-006
-2.441	5.18893e-006
-2.44	5.23123e-006
-2.439	5.27356e-006
-2.438	5.3159e-006
-2.437	5.35821e-006
-2.436	5.40052e-006
-2.435	5.44275e-006
-2.434	5.48492e-006
-2.433	5.52699e-006
-2.432	5.56896e-006
-2.431	5.61079e-006
-2.43	5.65249e-006
-2.429	5.69403e-006
-2.428	5.73541e-006
-2.427	5.77661e-006
-2.426	5.81761e-006
-2.425	5.85841e-006
-2.424	5.89899e-006
-2.423	5.93936e-006
-2.422	5.97951e-006
-2.421	6.01942e-006
-2.42	6.0591e-006
-2.419	6.09854e-006
-2.418	6.13774e-006
-2.417	6.17671e-006
-2.416	6.21544e-006
-2.415	6.25394e-006
-2.414	6.29219e-006
-2.413	6.33022e-006
-2.412	6.36803e-006
-2.411	6.40562e-006
-2.41	6.44301e-006
-2.409	6.4802e-006
-2.408	6.51721e-006
-2.407	6.55404e-006
-2.406	6.59071e-006
-2.405	6.62723e-006
-2.404	6.66362e-006
-2.403	6.69989e-006
-2.402	6.73607e-006
-2.401	6.77215e-006
-2.4	6.80818e-006
-2.399	6.84417e-006
-2.398	6.88012e-006
-2.397	6.91608e-006
-2.396	6.95207e-006
-2.395	6.98809e-006
-2.394	7.02417e-006
-2.393	7.06035e-006
-2.392	7.09662e-006
-2.391	7.13303e-006
-2.39	7.1696e-006
-2.389	7.20637e-006
-2.388	7.24333e-006
-2.387	7.28053e-006
-2.386	7.31798e-006
-2.385	7.35572e-006
-2.384	7.39375e-006
-2.383	7.43212e-006
-2.382	7.47084e-006
-2.381	7.50993e-006
-2.38	7.54945e-006
-2.379	7.58938e-006
-2.378	7.62975e-006
-2.377	7.67061e-006
-2.376	7.71195e-006
-2.375	7.7538e-006
-2.374	7.79619e-006
-2.373	7.83912e-006
-2.372	7.88263e-006
-2.371	7.92673e-006
-2.37	7.97143e-006
-2.369	8.01676e-006
-2.368	8.06272e-006
-2.367	8.10933e-006
-2.366	8.15661e-006
-2.365	8.20457e-006
-2.364	8.25321e-006
-2.363	8.30257e-006
-2.362	8.35262e-006
-2.361	8.40338e-006
-2.36	8.45485e-006
-2.359	8.50706e-006
-2.358	8.56e-006
-2.357	8.61368e-006
-2.356	8.66809e-006
-2.355	8.72324e-006
-2.354	8.77911e-006
-2.353	8.83572e-006
-2.352	8.89304e-006
-2.351	8.95111e-006
-2.35	9.00989e-006
-2.349	9.06937e-006
-2.348	9.12957e-006
-2.347	9.19045e-006
-2.346	9.25201e-006
-2.345	9.31425e-006
-2.344	9.37715e-006
-2.343	9.44068e-006
-2.342	9.50485e-006
-2.341	9.56965e-006
-2.34	9.63505e-006
-2.339	9.70102e-006
-2.338	9.76758e-006
-2.337	9.83467e-006
-2.336	9.9023e-006
-2.335	9.97042e-006
-2.334	1.0039e-005
-2.333	1.01081e-005
-2.332	1.01777e-005
-2.331	1.02476e-005
-2.33	1.0318e-005
-2.329	1.03887e-005
-2.328	1.04599e-005
-2.327	1.05313e-005
-2.326	1.0603e-005
-2.325	1.06751e-005
-2.324	1.07474e-005
-2.323	1.08199e-005
-2.322	1.08927e-005
-2.321	1.09657e-005
-2.32	1.10388e-005
-2.319	1.11121e-005
-2.318	1.11856e-005
-2.317	1.12592e-005
-2.316	1.13328e-005
-2.315	1.14066e-005
-2.314	1.14803e-005
-2.313	1.15542e-005
-2.312	1.1628e-005
-2.311	1.17019e-005
-2.31	1.17757e-005
-2.309	1.18495e-005
-2.308	1.19233e-005
-2.307	1.1997e-005
-2.306	1.20707e-005
-2.305	1.21442e-005
-2.304	1.22177e-005
-2.303	1.22911e-005
-2.302	1.23644e-005
-2.301	1.24376e-005
-2.3	1.25107e-005
-2.299	1.25836e-005
-2.298	1.26565e-005
-2.297	1.27292e-005
-2.296	1.28018e-005
-2.295	1.28743e-005
-2.294	1.29467e-005
-2.293	1.30189e-005
-2.292	1.30911e-005
-2.291	1.31631e-005
-2.29	1.32351e-005
-2.289	1.33069e-005
-2.288	1.33787e-005
-2.287	1.34505e-005
-2.286	1.35222e-005
-2.285	1.35939e-005
-2.284	1.36655e-005
-2.283	1.37372e-005
-2.282	1.38088e-005
-2.281	1.38805e-005
-2.28	1.39522e-005
-2.279	1.40241e-005
-2.278	1.4096e-005
-2.277	1.41681e-005
-2.276	1.42403e-005
-2.275	1.43126e-005
-2.274	1.43852e-005
-2.273	1.44579e-005
-2.272	1.4531e-005
-2.271	1.46042e-005
-2.27	1.46778e-005
-2.269	1.47517e-005
-2.268	1.4826e-005
-2.267	1.49006e-005
-2.266	1.49756e-005
-2.265	1.50511e-005
-2.264	1.51271e-005
-2.263	1.52035e-005
-2.262	1.52805e-005
-2.261	1.53581e-005
-2.26	1.54362e-005
-2.259	1.55149e-005
-2.258	1.55943e-005
-2.257	1.56744e-005
-2.256	1.57551e-005
-2.255	1.58366e-005
-2.254	1.59188e-005
-2.253	1.60018e-005
-2.252	1.60856e-005
-2.251	1.61703e-005
-2.25	1.62558e-005
-2.249	1.63422e-005
-2.248	1.64294e-005
-2.247	1.65176e-005
-2.246	1.66068e-005
-2.245	1.66969e-005
-2.244	1.67879e-005
-2.243	1.688e-005
-2.242	1.69731e-005
-2.241	1.70672e-005
-2.24	1.71623e-005
-2.239	1.72585e-005
-2.238	1.73558e-005
-2.237	1.74541e-005
-2.236	1.75536e-005
-2.235	1.76541e-005
-2.234	1.77557e-005
-2.233	1.78584e-005
-2.232	1.79622e-005
-2.231	1.80672e-005
-2.23	1.81732e-005
-2.229	1.82803e-005
-2.228	1.83886e-005
-2.227	1.84979e-005
-2.226	1.86084e-005
-2.225	1.87199e-005
-2.224	1.88325e-005
-2.223	1.89462e-005
-2.222	1.90609e-005
-2.221	1.91767e-005
-2.22	1.92935e-005
-2.219	1.94114e-005
-2.218	1.95302e-005
-2.217	1.96501e-005
-2.216	1.9771e-005
-2.215	1.98927e-005
-2.214	2.00155e-005
-2.213	2.01391e-005
-2.212	2.02636e-005
-2.211	2.0389e-005
-2.21	2.05153e-005
-2.209	2.06424e-005
-2.208	2.07703e-005
-2.207	2.0899e-005
-2.206	2.10285e-005
-2.205	2.11586e-005
-2.204	2.12895e-005
-2.203	2.1421e-005
-2.202	2.15532e-005
-2.201	2.16861e-005
-2.2	2.18195e-005
-2.199	2.19535e-005
-2.198	2.2088e-005
-2.197	2.22231e-005
-2.196	2.23587e-005
-2.195	2.24947e-005
-2.194	2.26312e-005
-2.193	2.27681e-005
-2.192	2.29054e-005
-2.191	2.3043e-005
-2.19	2.3181e-005
-2.189	2.33193e-005
-2.188	2.34579e-005
-2.187	2.35968e-005
-2.186	2.37359e-005
-2.185	2.38753e-005
-2.184	2.40148e-005
-2.183	2.41547e-005
-2.182	2.42946e-005
-2.181	2.44347e-005
-2.18	2.4575e-005
-2.179	2.47154e-005
-2.178	2.4856e-005
-2.177	2.49967e-005
-2.176	2.51374e-005
-2.175	2.52783e-005
-2.174	2.54192e-005
-2.173	2.55603e-005
-2.172	2.57014e-005
-2.171	2.58426e-005
-2.17	2.59839e-005
-2.169	2.61252e-005
-2.168	2.62667e-005
-2.167	2.64082e-005
-2.166	2.65498e-005
-2.165	2.66914e-005
-2.164	2.68332e-005
-2.163	2.69751e-005
-2.162	2.71172e-005
-2.161	2.72593e-005
-2.16	2.74016e-005
-2.159	2.75441e-005
-2.158	2.76868e-005
-2.157	2.78296e-005
-2.156	2.79727e-005
-2.155	2.81161e-005
-2.154	2.82596e-005
-2.153	2.84035e-005
-2.152	2.85477e-005
-2.151	2.86922e-005
-2.15	2.88371e-005
-2.149	2.89823e-005
-2.148	2.9128e-005
-2.147	2.92741e-005
-2.146	2.94207e-005
-2.145	2.95678e-005
-2.144	2.97154e-005
-2.143	2.98637e-005
-2.142	3.00125e-005
-2.141	3.0162e-005
-2.14	3.03121e-005
-2.139	3.0463e-005
-2.138	3.06146e-005
-2.137	3.0767e-005
-2.136	3.09203e-005
-2.135	3.10743e-005
-2.134	3.12293e-005
-2.133	3.13851e-005
-2.132	3.1542e-005
-2.131	3.16998e-005
-2.13	3.18587e-005
-2.129	3.20187e-005
-2.128	3.21797e-005
-2.127	3.23419e-005
-2.126	3.25053e-005
-2.125	3.26698e-005
-2.124	3.28356e-005
-2.123	3.30027e-005
-2.122	3.3171e-005
-2.121	3.33408e-005
-2.12	3.35118e-005
-2.119	3.36843e-005
-2.118	3.38582e-005
-2.117	3.40335e-005
-2.116	3.42103e-005
-2.115	3.43886e-005
-2.114	3.45684e-005
-2.113	3.47498e-005
-2.112	3.49327e-005
-2.111	3.51173e-005
-2.11	3.53033e-005
-2.109	3.54911e-005
-2.108	3.56804e-005
-2.107	3.58714e-005
-2.106	3.6064e-005
-2.105	3.62583e-005
-2.104	3.64543e-005
-2.103	3.6652e-005
-2.102	3.68513e-005
-2.101	3.70524e-005
-2.1	3.72552e-005
-2.099	3.74596e-005
-2.098	3.76657e-005
-2.097	3.78736e-005
-2.096	3.80832e-005
-2.095	3.82944e-005
-2.094	3.85073e-005
-2.093	3.8722e-005
-2.092	3.89382e-005
-2.091	3.91562e-005
-2.09	3.93759e-005
-2.089	3.9597e-005
-2.088	3.98199e-005
-2.087	4.00444e-005
-2.086	4.02705e-005
-2.085	4.04981e-005
-2.084	4.07273e-005
-2.083	4.09581e-005
-2.082	4.11903e-005
-2.081	4.14241e-005
-2.08	4.16594e-005
-2.079	4.1896e-005
-2.078	4.21342e-005
-2.077	4.23738e-005
-2.076	4.26146e-005
-2.075	4.28569e-005
-2.074	4.31006e-005
-2.073	4.33455e-005
-2.072	4.35917e-005
-2.071	4.38392e-005
-2.07	4.40879e-005
-2.069	4.43378e-005
-2.068	4.45889e-005
-2.067	4.48411e-005
-2.066	4.50944e-005
-2.065	4.53489e-005
-2.064	4.56043e-005
-2.063	4.58609e-005
-2.062	4.61185e-005
-2.061	4.63771e-005
-2.06	4.66367e-005
-2.059	4.68972e-005
-2.058	4.71586e-005
-2.057	4.7421e-005
-2.056	4.76842e-005
-2.055	4.79483e-005
-2.054	4.82132e-005
-2.053	4.8479e-005
-2.052	4.87456e-005
-2.051	4.9013e-005
-2.05	4.92811e-005
-2.049	4.955e-005
-2.048	4.98197e-005
-2.047	5.00901e-005
-2.046	5.03613e-005
-2.045	5.06332e-005
-2.044	5.09058e-005
-2.043	5.11791e-005
-2.042	5.1453e-005
-2.041	5.17278e-005
-2.04	5.20033e-005
-2.039	5.22793e-005
-2.038	5.25563e-005
-2.037	5.28339e-005
-2.036	5.31121e-005
-2.035	5.33911e-005
-2.034	5.36709e-005
-2.033	5.39514e-005
-2.032	5.42327e-005
-2.031	5.45148e-005
-2.03	5.47975e-005
-2.029	5.50812e-005
-2.028	5.53656e-005
-2.027	5.56509e-005
-2.026	5.5937e-005
-2.025	5.6224e-005
-2.024	5.65119e-005
-2.023	5.68006e-005
-2.022	5.70905e-005
-2.021	5.73813e-005
-2.02	5.76731e-005
-2.019	5.79659e-005
-2.018	5.82598e-005
-2.017	5.85547e-005
-2.016	5.88509e-005
-2.015	5.91481e-005
-2.014	5.94466e-005
-2.013	5.97464e-005
-2.012	6.00475e-005
-2.011	6.03498e-005
-2.01	6.06535e-005
-2.009	6.09586e-005
-2.008	6.12651e-005
-2.007	6.1573e-005
-2.006	6.18825e-005
-2.005	6.21935e-005
-2.004	6.25061e-005
-2.003	6.28203e-005
-2.002	6.31362e-005
-2.001	6.34538e-005
-2	6.37732e-005
-1.999	6.40943e-005
-1.998	6.44173e-005
-1.997	6.47422e-005
-1.996	6.50689e-005
-1.995	6.53977e-005
-1.994	6.57283e-005
-1.993	6.60611e-005
-1.992	6.63959e-005
-1.991	6.67328e-005
-1.99	6.70718e-005
-1.989	6.74131e-005
-1.988	6.77565e-005
-1.987	6.8102e-005
-1.986	6.84499e-005
-1.985	6.88001e-005
-1.984	6.91527e-005
-1.983	6.95076e-005
-1.982	6.9865e-005
-1.981	7.02247e-005
-1.98	7.05869e-005
-1.979	7.09517e-005
-1.978	7.13187e-005
-1.977	7.16884e-005
-1.976	7.20607e-005
-1.975	7.24355e-005
-1.974	7.28128e-005
-1.973	7.31928e-005
-1.972	7.35753e-005
-1.971	7.39606e-005
-1.97	7.43485e-005
-1.969	7.4739e-005
-1.968	7.51321e-005
-1.967	7.5528e-005
-1.966	7.59265e-005
-1.965	7.63276e-005
-1.964	7.67315e-005
-1.963	7.71381e-005
-1.962	7.75473e-005
-1.961	7.79593e-005
-1.96	7.8374e-005
-1.959	7.87912e-005
-1.958	7.92113e-005
-1.957	7.9634e-005
-1.956	8.00594e-005
-1.955	8.04875e-005
-1.954	8.09182e-005
-1.953	8.13516e-005
-1.952	8.17876e-005
-1.951	8.22263e-005
-1.95	8.26675e-005
-1.949	8.31113e-005
-1.948	8.35578e-005
-1.947	8.40068e-005
-1.946	8.44583e-005
-1.945	8.49124e-005
-1.944	8.53691e-005
-1.943	8.58282e-005
-1.942	8.629e-005
-1.941	8.6754e-005
-1.94	8.72206e-005
-1.939	8.76897e-005
-1.938	8.81611e-005
-1.937	8.86349e-005
-1.936	8.91111e-005
-1.935	8.95897e-005
-1.934	9.00707e-005
-1.933	9.05539e-005
-1.932	9.10396e-005
-1.931	9.15275e-005
-1.93	9.20177e-005
-1.929	9.251e-005
-1.928	9.30046e-005
-1.927	9.35015e-005
-1.926	9.40006e-005
-1.925	9.45018e-005
-1.924	9.50053e-005
-1.923	9.55109e-005
-1.922	9.60187e-005
-1.921	9.65286e-005
-1.92	9.70407e-005
-1.919	9.75549e-005
-1.918	9.80712e-005
-1.917	9.85895e-005
-1.916	9.911e-005
-1.915	9.96326e-005
-1.914	0.000100157
-1.913	0.000100684
-1.912	0.000101213
-1.911	0.000101744
-1.91	0.000102277
-1.909	0.000102812
-1.908	0.00010335
-1.907	0.000103889
-1.906	0.00010443
-1.905	0.000104974
-1.904	0.00010552
-1.903	0.000106068
-1.902	0.000106618
-1.901	0.00010717
-1.9	0.000107724
-1.899	0.000108281
-1.898	0.00010884
-1.897	0.000109401
-1.896	0.000109964
-1.895	0.00011053
-1.894	0.000111098
-1.893	0.000111668
-1.892	0.000112241
-1.891	0.000112816
-1.89	0.000113394
-1.889	0.000113973
-1.888	0.000114556
-1.887	0.000115141
-1.886	0.000115728
-1.885	0.000116318
-1.884	0.000116911
-1.883	0.000117506
-1.882	0.000118105
-1.881	0.000118705
-1.88	0.000119309
-1.879	0.000119915
-1.878	0.000120525
-1.877	0.000121137
-1.876	0.000121752
-1.875	0.00012237
-1.874	0.000122991
-1.873	0.000123616
-1.872	0.000124243
-1.871	0.000124874
-1.87	0.000125508
-1.869	0.000126145
-1.868	0.000126785
-1.867	0.000127429
-1.866	0.000128076
-1.865	0.000128726
-1.864	0.00012938
-1.863	0.000130038
-1.862	0.000130699
-1.861	0.000131364
-1.86	0.000132032
-1.859	0.000132704
-1.858	0.00013338
-1.857	0.00013406
-1.856	0.000134743
-1.855	0.00013543
-1.854	0.000136122
-1.853	0.000136817
-1.852	0.000137516
-1.851	0.00013822
-1.85	0.000138927
-1.849	0.000139639
-1.848	0.000140354
-1.847	0.000141073
-1.846	0.000141798
-1.845	0.000142526
-1.844	0.000143258
-1.843	0.000143995
-1.842	0.000144736
-1.841	0.000145482
-1.84	0.000146231
-1.839	0.000146986
-1.838	0.000147744
-1.837	0.000148507
-1.836	0.000149275
-1.835	0.000150047
-1.834	0.000150824
-1.833	0.000151605
-1.832	0.000152391
-1.831	0.000153182
-1.83	0.000153977
-1.829	0.000154776
-1.828	0.00015558
-1.827	0.000156389
-1.826	0.000157202
-1.825	0.000158021
-1.824	0.000158843
-1.823	0.000159671
-1.822	0.000160503
-1.821	0.00016134
-1.82	0.000162181
-1.819	0.000163027
-1.818	0.000163878
-1.817	0.000164734
-1.816	0.000165594
-1.815	0.000166459
-1.814	0.000167329
-1.813	0.000168203
-1.812	0.000169083
-1.811	0.000169966
-1.81	0.000170855
-1.809	0.000171748
-1.808	0.000172646
-1.807	0.000173549
-1.806	0.000174456
-1.805	0.000175368
-1.804	0.000176285
-1.803	0.000177206
-1.802	0.000178132
-1.801	0.000179063
-1.8	0.000179999
-1.799	0.000180939
-1.798	0.000181884
-1.797	0.000182834
-1.796	0.000183788
-1.795	0.000184747
-1.794	0.000185711
-1.793	0.000186679
-1.792	0.000187652
-1.791	0.00018863
-1.79	0.000189612
-1.789	0.0001906
-1.788	0.000191592
-1.787	0.000192588
-1.786	0.000193589
-1.785	0.000194595
-1.784	0.000195606
-1.783	0.000196622
-1.782	0.000197642
-1.781	0.000198667
-1.78	0.000199696
-1.779	0.000200731
-1.778	0.00020177
-1.777	0.000202815
-1.776	0.000203863
-1.775	0.000204917
-1.774	0.000205976
-1.773	0.00020704
-1.772	0.000208108
-1.771	0.000209182
-1.77	0.00021026
-1.769	0.000211344
-1.768	0.000212432
-1.767	0.000213526
-1.766	0.000214624
-1.765	0.000215728
-1.764	0.000216837
-1.763	0.000217951
-1.762	0.00021907
-1.761	0.000220194
-1.76	0.000221324
-1.759	0.000222459
-1.758	0.000223599
-1.757	0.000224744
-1.756	0.000225896
-1.755	0.000227053
-1.754	0.000228215
-1.753	0.000229383
-1.752	0.000230556
-1.751	0.000231735
-1.75	0.00023292
-1.749	0.00023411
-1.748	0.000235306
-1.747	0.000236508
-1.746	0.000237716
-1.745	0.00023893
-1.744	0.00024015
-1.743	0.000241376
-1.742	0.000242608
-1.741	0.000243847
-1.74	0.000245091
-1.739	0.000246342
-1.738	0.000247599
-1.737	0.000248863
-1.736	0.000250133
-1.735	0.000251409
-1.734	0.000252692
-1.733	0.000253982
-1.732	0.000255278
-1.731	0.000256581
-1.73	0.000257891
-1.729	0.000259208
-1.728	0.000260532
-1.727	0.000261862
-1.726	0.000263199
-1.725	0.000264544
-1.724	0.000265896
-1.723	0.000267255
-1.722	0.000268621
-1.721	0.000269994
-1.72	0.000271375
-1.719	0.000272764
-1.718	0.000274159
-1.717	0.000275562
-1.716	0.000276973
-1.715	0.000278391
-1.714	0.000279818
-1.713	0.000281251
-1.712	0.000282693
-1.711	0.000284142
-1.71	0.000285599
-1.709	0.000287064
-1.708	0.000288537
-1.707	0.000290018
-1.706	0.000291507
-1.705	0.000293004
-1.704	0.000294509
-1.703	0.000296023
-1.702	0.000297544
-1.701	0.000299074
-1.7	0.000300612
-1.699	0.000302159
-1.698	0.000303714
-1.697	0.000305277
-1.696	0.000306848
-1.695	0.000308429
-1.694	0.000310018
-1.693	0.000311615
-1.692	0.000313221
-1.691	0.000314835
-1.69	0.000316458
-1.689	0.00031809
-1.688	0.00031973
-1.687	0.00032138
-1.686	0.000323038
-1.685	0.000324705
-1.684	0.00032638
-1.683	0.000328065
-1.682	0.000329759
-1.681	0.00033146
-1.68	0.000333172
-1.679	0.000334892
-1.678	0.000336621
-1.677	0.00033836
-1.676	0.000340107
-1.675	0.000341863
-1.674	0.000343629
-1.673	0.000345404
-1.672	0.000347188
-1.671	0.000348981
-1.67	0.000350783
-1.669	0.000352594
-1.668	0.000354416
-1.667	0.000356245
-1.666	0.000358085
-1.665	0.000359933
-1.664	0.000361792
-1.663	0.000363659
-1.662	0.000365536
-1.661	0.000367423
-1.66	0.000369319
-1.659	0.000371224
-1.658	0.000373139
-1.657	0.000375064
-1.656	0.000376998
-1.655	0.000378942
-1.654	0.000380896
-1.653	0.000382859
-1.652	0.000384832
-1.651	0.000386815
-1.65	0.000388808
-1.649	0.000390811
-1.648	0.000392823
-1.647	0.000394846
-1.646	0.000396878
-1.645	0.00039892
-1.644	0.000400973
-1.643	0.000403036
-1.642	0.000405109
-1.641	0.000407192
-1.64	0.000409285
-1.639	0.000411389
-1.638	0.000413503
-1.637	0.000415628
-1.636	0.000417763
-1.635	0.000419908
-1.634	0.000422064
-1.633	0.000424231
-1.632	0.000426409
-1.631	0.000428597
-1.63	0.000430796
-1.629	0.000433006
-1.628	0.000435227
-1.627	0.000437458
-1.626	0.000439702
-1.625	0.000441956
-1.624	0.000444221
-1.623	0.000446497
-1.622	0.000448785
-1.621	0.000451084
-1.62	0.000453395
-1.619	0.000455716
-1.618	0.00045805
-1.617	0.000460396
-1.616	0.000462753
-1.615	0.000465122
-1.614	0.000467504
-1.613	0.000469897
-1.612	0.000472302
-1.611	0.000474719
-1.61	0.000477148
-1.609	0.000479589
-1.608	0.000482044
-1.607	0.000484511
-1.606	0.00048699
-1.605	0.000489481
-1.604	0.000491985
-1.603	0.000494503
-1.602	0.000497033
-1.601	0.000499576
-1.6	0.000502131
-1.599	0.0005047
-1.598	0.000507283
-1.597	0.000509879
-1.596	0.000512488
-1.595	0.00051511
-1.594	0.000517747
-1.593	0.000520396
-1.592	0.00052306
-1.591	0.000525736
-1.59	0.000528428
-1.589	0.000531132
-1.588	0.000533851
-1.587	0.000536585
-1.586	0.000539332
-1.585	0.000542094
-1.584	0.00054487
-1.583	0.000547661
-1.582	0.000550466
-1.581	0.000553286
-1.58	0.00055612
-1.579	0.00055897
-1.578	0.000561834
-1.577	0.000564713
-1.576	0.000567608
-1.575	0.000570517
-1.574	0.000573442
-1.573	0.000576383
-1.572	0.000579338
-1.571	0.000582309
-1.57	0.000585295
-1.569	0.000588297
-1.568	0.000591316
-1.567	0.00059435
-1.566	0.000597399
-1.565	0.000600465
-1.564	0.000603547
-1.563	0.000606643
-1.562	0.000609758
-1.561	0.000612888
-1.56	0.000616035
-1.559	0.000619198
-1.558	0.000622378
-1.557	0.000625574
-1.556	0.000628787
-1.555	0.000632016
-1.554	0.000635263
-1.553	0.000638527
-1.552	0.000641808
-1.551	0.000645105
-1.55	0.000648419
-1.549	0.000651751
-1.548	0.0006551
-1.547	0.000658467
-1.546	0.000661851
-1.545	0.000665252
-1.544	0.000668672
-1.543	0.000672108
-1.542	0.000675562
-1.541	0.000679035
-1.54	0.000682524
-1.539	0.000686032
-1.538	0.000689558
-1.537	0.000693103
-1.536	0.000696665
-1.535	0.000700247
-1.534	0.000703845
-1.533	0.000707462
-1.532	0.000711098
-1.531	0.000714753
-1.53	0.000718426
-1.529	0.000722117
-1.528	0.000725829
-1.527	0.000729558
-1.526	0.000733307
-1.525	0.000737075
-1.524	0.000740862
-1.523	0.000744668
-1.522	0.000748493
-1.521	0.000752338
-1.52	0.000756202
-1.519	0.000760086
-1.518	0.000763991
-1.517	0.000767914
-1.516	0.000771858
-1.515	0.000775821
-1.514	0.000779804
-1.513	0.000783808
-1.512	0.000787832
-1.511	0.000791876
-1.51	0.00079594
-1.509	0.000800025
-1.508	0.000804131
-1.507	0.000808257
-1.506	0.000812404
-1.505	0.000816572
-1.504	0.000820762
-1.503	0.000824973
-1.502	0.000829204
-1.501	0.000833458
-1.5	0.000837732
-1.499	0.000842028
-1.498	0.000846345
-1.497	0.000850686
-1.496	0.000855048
-1.495	0.000859431
-1.494	0.000863837
-1.493	0.000868265
-1.492	0.000872716
-1.491	0.000877189
-1.49	0.000881685
-1.489	0.000886204
-1.488	0.000890745
-1.487	0.000895309
-1.486	0.000899897
-1.485	0.000904507
-1.484	0.000909142
-1.483	0.000913799
-1.482	0.000918482
-1.481	0.000923186
-1.48	0.000927915
-1.479	0.000932668
-1.478	0.000937447
-1.477	0.000942248
-1.476	0.000947076
-1.475	0.000951927
-1.474	0.000956803
-1.473	0.000961702
-1.472	0.000966629
-1.471	0.00097158
-1.47	0.000976556
-1.469	0.000981557
-1.468	0.000986584
-1.467	0.000991639
-1.466	0.000996717
-1.465	0.00100182
-1.464	0.00100695
-1.463	0.00101211
-1.462	0.0010173
-1.461	0.00102251
-1.46	0.00102774
-1.459	0.00103301
-1.458	0.0010383
-1.457	0.00104362
-1.456	0.00104896
-1.455	0.00105434
-1.454	0.00105974
-1.453	0.00106517
-1.452	0.00107063
-1.451	0.00107611
-1.45	0.00108162
-1.449	0.00108717
-1.448	0.00109274
-1.447	0.00109834
-1.446	0.00110397
-1.445	0.00110962
-1.444	0.00111531
-1.443	0.00112103
-1.442	0.00112677
-1.441	0.00113255
-1.44	0.00113835
-1.439	0.00114419
-1.438	0.00115005
-1.437	0.00115595
-1.436	0.00116187
-1.435	0.00116783
-1.434	0.00117382
-1.433	0.00117984
-1.432	0.00118589
-1.431	0.00119197
-1.43	0.00119808
-1.429	0.00120422
-1.428	0.0012104
-1.427	0.0012166
-1.426	0.00122284
-1.425	0.00122911
-1.424	0.00123542
-1.423	0.00124176
-1.422	0.00124812
-1.421	0.00125453
-1.42	0.00126096
-1.419	0.00126743
-1.418	0.00127393
-1.417	0.00128046
-1.416	0.00128703
-1.415	0.00129364
-1.414	0.00130027
-1.413	0.00130694
-1.412	0.00131365
-1.411	0.00132039
-1.41	0.00132716
-1.409	0.00133397
-1.408	0.00134081
-1.407	0.00134769
-1.406	0.00135461
-1.405	0.00136156
-1.404	0.00136854
-1.403	0.00137556
-1.402	0.00138262
-1.401	0.00138971
-1.4	0.00139684
-1.399	0.00140401
-1.398	0.00141121
-1.397	0.00141845
-1.396	0.00142573
-1.395	0.00143305
-1.394	0.0014404
-1.393	0.00144779
-1.392	0.00145521
-1.391	0.00146268
-1.39	0.00147018
-1.389	0.00147773
-1.388	0.00148531
-1.387	0.00149293
-1.386	0.00150058
-1.385	0.00150828
-1.384	0.00151602
-1.383	0.00152379
-1.382	0.00153161
-1.381	0.00153946
-1.38	0.00154736
-1.379	0.0015553
-1.378	0.00156327
-1.377	0.00157129
-1.376	0.00157935
-1.375	0.00158745
-1.374	0.00159559
-1.373	0.00160377
-1.372	0.00161199
-1.371	0.00162026
-1.37	0.00162856
-1.369	0.00163691
-1.368	0.00164531
-1.367	0.00165374
-1.366	0.00166222
-1.365	0.00167074
-1.364	0.0016793
-1.363	0.00168791
-1.362	0.00169657
-1.361	0.00170526
-1.36	0.00171401
-1.359	0.00172279
-1.358	0.00173162
-1.357	0.0017405
-1.356	0.00174942
-1.355	0.00175839
-1.354	0.0017674
-1.353	0.00177646
-1.352	0.00178556
-1.351	0.00179471
-1.35	0.0018039
-1.349	0.00181315
-1.348	0.00182244
-1.347	0.00183178
-1.346	0.00184117
-1.345	0.0018506
-1.344	0.00186008
-1.343	0.00186962
-1.342	0.00187919
-1.341	0.00188882
-1.34	0.0018985
-1.339	0.00190823
-1.338	0.00191801
-1.337	0.00192783
-1.336	0.00193772
-1.335	0.00194764
-1.334	0.00195762
-1.333	0.00196765
-1.332	0.00197774
-1.331	0.00198787
-1.33	0.00199805
-1.329	0.0020083
-1.328	0.00201858
-1.327	0.00202893
-1.326	0.00203932
-1.325	0.00204977
-1.324	0.00206028
-1.323	0.00207083
-1.322	0.00208144
-1.321	0.00209211
-1.32	0.00210283
-1.319	0.00211361
-1.318	0.00212444
-1.317	0.00213532
-1.316	0.00214627
-1.315	0.00215727
-1.314	0.00216832
-1.313	0.00217944
-1.312	0.0021906
-1.311	0.00220183
-1.31	0.00221312
-1.309	0.00222446
-1.308	0.00223586
-1.307	0.00224732
-1.306	0.00225884
-1.305	0.00227042
-1.304	0.00228206
-1.303	0.00229375
-1.302	0.00230551
-1.301	0.00231733
-1.3	0.00232921
-1.299	0.00234115
-1.298	0.00235315
-1.297	0.00236521
-1.296	0.00237734
-1.295	0.00238953
-1.294	0.00240178
-1.293	0.00241409
-1.292	0.00242646
-1.291	0.00243891
-1.29	0.00245141
-1.289	0.00246398
-1.288	0.00247661
-1.287	0.00248931
-1.286	0.00250207
-1.285	0.0025149
-1.284	0.0025278
-1.283	0.00254075
-1.282	0.00255378
-1.281	0.00256687
-1.28	0.00258004
-1.279	0.00259326
-1.278	0.00260656
-1.277	0.00261993
-1.276	0.00263336
-1.275	0.00264686
-1.274	0.00266043
-1.273	0.00267407
-1.272	0.00268778
-1.271	0.00270156
-1.27	0.00271542
-1.269	0.00272934
-1.268	0.00274333
-1.267	0.0027574
-1.266	0.00277153
-1.265	0.00278575
-1.264	0.00280003
-1.263	0.00281439
-1.262	0.00282882
-1.261	0.00284332
-1.26	0.0028579
-1.259	0.00287255
-1.258	0.00288728
-1.257	0.00290208
-1.256	0.00291696
-1.255	0.00293191
-1.254	0.00294695
-1.253	0.00296206
-1.252	0.00297724
-1.251	0.0029925
-1.25	0.00300785
-1.249	0.00302327
-1.248	0.00303877
-1.247	0.00305434
-1.246	0.00307
-1.245	0.00308574
-1.244	0.00310156
-1.243	0.00311746
-1.242	0.00313344
-1.241	0.0031495
-1.24	0.00316564
-1.239	0.00318187
-1.238	0.00319818
-1.237	0.00321458
-1.236	0.00323106
-1.235	0.00324762
-1.234	0.00326427
-1.233	0.00328099
-1.232	0.00329781
-1.231	0.00331473
-1.23	0.00333171
-1.229	0.00334879
-1.228	0.00336596
-1.227	0.00338321
-1.226	0.00340055
-1.225	0.00341798
-1.224	0.0034355
-1.223	0.00345311
-1.222	0.00347081
-1.221	0.00348859
-1.22	0.00350648
-1.219	0.00352445
-1.218	0.00354251
-1.217	0.00356067
-1.216	0.00357892
-1.215	0.00359726
-1.214	0.0036157
-1.213	0.00363423
-1.212	0.00365286
-1.211	0.00367158
-1.21	0.0036904
-1.209	0.00370931
-1.208	0.00372832
-1.207	0.00374743
-1.206	0.00376664
-1.205	0.00378595
-1.204	0.00380535
-1.203	0.00382485
-1.202	0.00384445
-1.201	0.00386415
-1.2	0.00388396
-1.199	0.00390387
-1.198	0.00392387
-1.197	0.00394399
-1.196	0.0039642
-1.195	0.00398452
-1.194	0.00400494
-1.193	0.00402547
-1.192	0.00404609
-1.191	0.00406683
-1.19	0.00408767
-1.189	0.00410862
-1.188	0.00412968
-1.187	0.00415085
-1.186	0.00417212
-1.185	0.00419351
-1.184	0.00421499
-1.183	0.00423659
-1.182	0.00425831
-1.181	0.00428013
-1.18	0.00430207
-1.179	0.00432412
-1.178	0.00434628
-1.177	0.00436855
-1.176	0.00439095
-1.175	0.00441345
-1.174	0.00443607
-1.173	0.00445881
-1.172	0.00448166
-1.171	0.00450463
-1.17	0.00452772
-1.169	0.00455093
-1.168	0.00457426
-1.167	0.0045977
-1.166	0.00462127
-1.165	0.00464495
-1.164	0.00466876
-1.163	0.00469269
-1.162	0.00471674
-1.161	0.00474092
-1.16	0.00476522
-1.159	0.00478965
-1.158	0.0048142
-1.157	0.00483887
-1.156	0.00486367
-1.155	0.0048886
-1.154	0.00491366
-1.153	0.00493885
-1.152	0.00496417
-1.151	0.00498962
-1.15	0.0050152
-1.149	0.0050409
-1.148	0.00506675
-1.147	0.00509272
-1.146	0.00511882
-1.145	0.00514506
-1.144	0.00517144
-1.143	0.00519795
-1.142	0.00522459
-1.141	0.00525138
-1.14	0.0052783
-1.139	0.00530535
-1.138	0.00533255
-1.137	0.00535989
-1.136	0.00538737
-1.135	0.00541498
-1.134	0.00544275
-1.133	0.00547065
-1.132	0.00549869
-1.131	0.00552688
-1.13	0.00555521
-1.129	0.0055837
-1.128	0.00561231
-1.127	0.00564109
-1.126	0.00567
-1.125	0.00569907
-1.124	0.00572828
-1.123	0.00575765
-1.122	0.00578716
-1.121	0.00581683
-1.12	0.00584665
-1.119	0.00587662
-1.118	0.00590675
-1.117	0.00593703
-1.116	0.00596747
-1.115	0.00599806
-1.114	0.0060288
-1.113	0.0060597
-1.112	0.00609076
-1.111	0.00612198
-1.11	0.00615337
-1.109	0.00618491
-1.108	0.00621661
-1.107	0.00624848
-1.106	0.00628051
-1.105	0.0063127
-1.104	0.00634506
-1.103	0.00637757
-1.102	0.00641027
-1.101	0.00644313
-1.1	0.00647614
-1.099	0.00650935
-1.098	0.00654271
-1.097	0.00657624
-1.096	0.00660995
-1.095	0.00664383
-1.094	0.00667788
-1.093	0.00671211
-1.092	0.00674651
-1.091	0.00678109
-1.09	0.00681585
-1.089	0.00685079
-1.088	0.0068859
-1.087	0.00692119
-1.086	0.00695666
-1.085	0.00699232
-1.084	0.00702815
-1.083	0.00706417
-1.082	0.00710038
-1.081	0.00713678
-1.08	0.00717336
-1.079	0.00721011
-1.078	0.00724707
-1.077	0.00728422
-1.076	0.00732155
-1.075	0.00735907
-1.074	0.00739679
-1.073	0.0074347
-1.072	0.00747282
-1.071	0.00751111
-1.07	0.00754962
-1.069	0.00758831
-1.068	0.0076272
-1.067	0.0076663
-1.066	0.00770559
-1.065	0.00774508
-1.064	0.00778478
-1.063	0.00782468
-1.062	0.00786478
-1.061	0.00790509
-1.06	0.00794561
-1.059	0.00798633
-1.058	0.00802727
-1.057	0.00806842
-1.056	0.00810977
-1.055	0.00815134
-1.054	0.00819311
-1.053	0.00823512
-1.052	0.00827732
-1.051	0.00831975
-1.05	0.00836239
-1.049	0.00840526
-1.048	0.00844834
-1.047	0.00849165
-1.046	0.00853517
-1.045	0.00857892
-1.044	0.00862289
-1.043	0.00866709
-1.042	0.0087115
-1.041	0.00875616
-1.04	0.00880105
-1.039	0.00884617
-1.038	0.00889151
-1.037	0.00893709
-1.036	0.00898289
-1.035	0.00902893
-1.034	0.00907521
-1.033	0.00912172
-1.032	0.00916848
-1.031	0.00921548
-1.03	0.00926271
-1.029	0.00931019
-1.028	0.00935791
-1.027	0.00940587
-1.026	0.00945409
-1.025	0.00950254
-1.024	0.00955126
-1.023	0.00960021
-1.022	0.00964942
-1.021	0.00969888
-1.02	0.00974859
-1.019	0.00979855
-1.018	0.00984878
-1.017	0.00989926
-1.016	0.00995
-1.015	0.010001
-1.014	0.0100523
-1.013	0.0101038
-1.012	0.0101556
-1.011	0.0102076
-1.01	0.01026
-1.009	0.0103125
-1.008	0.0103654
-1.007	0.0104185
-1.006	0.0104719
-1.005	0.0105256
-1.004	0.0105796
-1.003	0.0106338
-1.002	0.0106883
-1.001	0.0107431
-1	0.0107981
-0.999	0.0108535
-0.998	0.0109091
-0.997	0.010965
-0.996	0.0110212
-0.995	0.0110777
-0.994	0.0111345
-0.993	0.0111916
-0.992	0.011249
-0.991	0.0113066
-0.99	0.0113646
-0.989	0.0114228
-0.988	0.0114814
-0.987	0.0115402
-0.986	0.0115994
-0.985	0.0116588
-0.984	0.0117186
-0.983	0.0117787
-0.982	0.011839
-0.981	0.0118997
-0.98	0.0119607
-0.979	0.012022
-0.978	0.0120837
-0.977	0.0121456
-0.976	0.0122079
-0.975	0.0122704
-0.974	0.0123333
-0.973	0.0123966
-0.972	0.0124601
-0.971	0.012524
-0.97	0.0125882
-0.969	0.0126527
-0.968	0.0127176
-0.967	0.0127827
-0.966	0.0128483
-0.965	0.0129141
-0.964	0.0129803
-0.963	0.0130468
-0.962	0.0131137
-0.961	0.0131809
-0.96	0.0132485
-0.959	0.0133164
-0.958	0.0133847
-0.957	0.0134533
-0.956	0.0135222
-0.955	0.0135915
-0.954	0.0136612
-0.953	0.0137312
-0.952	0.0138016
-0.951	0.0138724
-0.95	0.0139435
-0.949	0.0140149
-0.948	0.0140868
-0.947	0.014159
-0.946	0.0142315
-0.945	0.0143045
-0.944	0.0143778
-0.943	0.0144515
-0.942	0.0145256
-0.941	0.0146
-0.94	0.0146748
-0.939	0.0147501
-0.938	0.0148257
-0.937	0.0149016
-0.936	0.014978
-0.935	0.0150548
-0.934	0.015132
-0.933	0.0152095
-0.932	0.0152875
-0.931	0.0153658
-0.93	0.0154446
-0.929	0.0155237
-0.928	0.0156033
-0.927	0.0156833
-0.926	0.0157637
-0.925	0.0158445
-0.924	0.0159257
-0.923	0.0160073
-0.922	0.0160893
-0.921	0.0161718
-0.92	0.0162547
-0.919	0.016338
-0.918	0.0164217
-0.917	0.0165059
-0.916	0.0165905
-0.915	0.0166755
-0.914	0.016761
-0.913	0.0168469
-0.912	0.0169333
-0.911	0.0170201
-0.91	0.0171073
-0.909	0.017195
-0.908	0.0172831
-0.907	0.0173717
-0.906	0.0174608
-0.905	0.0175503
-0.904	0.0176402
-0.903	0.0177306
-0.902	0.0178215
-0.901	0.0179128
-0.9	0.0180047
-0.899	0.018097
-0.898	0.0181897
-0.897	0.018283
-0.896	0.0183767
-0.895	0.0184709
-0.894	0.0185655
-0.893	0.0186607
-0.892	0.0187564
-0.891	0.0188525
-0.89	0.0189492
-0.889	0.0190463
-0.888	0.0191439
-0.887	0.019242
-0.886	0.0193406
-0.885	0.0194398
-0.884	0.0195394
-0.883	0.0196396
-0.882	0.0197403
-0.881	0.0198415
-0.88	0.0199432
-0.879	0.0200454
-0.878	0.0201481
-0.877	0.0202514
-0.876	0.0203552
-0.875	0.0204596
-0.874	0.0205644
-0.873	0.0206698
-0.872	0.0207758
-0.871	0.0208823
-0.87	0.0209893
-0.869	0.0210969
-0.868	0.021205
-0.867	0.0213137
-0.866	0.021423
-0.865	0.0215328
-0.864	0.0216431
-0.863	0.0217541
-0.862	0.0218656
-0.861	0.0219776
-0.86	0.0220903
-0.859	0.0222035
-0.858	0.0223173
-0.857	0.0224317
-0.856	0.0225467
-0.855	0.0226622
-0.854	0.0227784
-0.853	0.0228952
-0.852	0.0230126
-0.851	0.0231305
-0.85	0.023249
-0.849	0.0233682
-0.848	0.023488
-0.847	0.0236084
-0.846	0.0237294
-0.845	0.023851
-0.844	0.0239733
-0.843	0.0240961
-0.842	0.0242196
-0.841	0.0243438
-0.84	0.0244685
-0.839	0.024594
-0.838	0.02472
-0.837	0.0248467
-0.836	0.0249741
-0.835	0.0251021
-0.834	0.0252307
-0.833	0.0253601
-0.832	0.0254901
-0.831	0.0256207
-0.83	0.025752
-0.829	0.025884
-0.828	0.0260167
-0.827	0.0261501
-0.826	0.0262841
-0.825	0.0264188
-0.824	0.0265542
-0.823	0.0266903
-0.822	0.0268272
-0.821	0.0269647
-0.82	0.0271029
-0.819	0.0272418
-0.818	0.0273814
-0.817	0.0275218
-0.816	0.0276628
-0.815	0.0278046
-0.814	0.0279472
-0.813	0.0280904
-0.812	0.0282344
-0.811	0.0283791
-0.81	0.0285246
-0.809	0.0286708
-0.808	0.0288178
-0.807	0.0289654
-0.806	0.0291139
-0.805	0.0292632
-0.804	0.0294132
-0.803	0.0295639
-0.802	0.0297155
-0.801	0.0298678
-0.8	0.0300209
-0.799	0.0301748
-0.798	0.0303294
-0.797	0.0304849
-0.796	0.0306412
-0.795	0.0307982
-0.794	0.0309561
-0.793	0.0311148
-0.792	0.0312742
-0.791	0.0314345
-0.79	0.0315956
-0.789	0.0317576
-0.788	0.0319204
-0.787	0.032084
-0.786	0.0322484
-0.785	0.0324137
-0.784	0.0325799
-0.783	0.0327469
-0.782	0.0329147
-0.781	0.0330834
-0.78	0.033253
-0.779	0.0334234
-0.778	0.0335947
-0.777	0.0337669
-0.776	0.03394
-0.775	0.0341139
-0.774	0.0342888
-0.773	0.0344645
-0.772	0.0346412
-0.771	0.0348187
-0.77	0.0349972
-0.769	0.0351766
-0.768	0.0353569
-0.767	0.0355381
-0.766	0.0357202
-0.765	0.0359034
-0.764	0.0360873
-0.763	0.0362724
-0.762	0.0364582
-0.761	0.0366451
-0.76	0.0368329
-0.759	0.0370218
-0.758	0.0372114
-0.757	0.0374022
-0.756	0.0375938
-0.755	0.0377866
-0.754	0.0379803
-0.753	0.038175
-0.752	0.0383707
-0.751	0.0385673
-0.75	0.038765
-0.749	0.0389637
-0.748	0.0391634
-0.747	0.0393641
-0.746	0.0395659
-0.745	0.0397687
-0.744	0.0399726
-0.743	0.0401774
-0.742	0.0403834
-0.741	0.0405904
-0.74	0.0407985
-0.739	0.0410076
-0.738	0.0412177
-0.737	0.041429
-0.736	0.0416414
-0.735	0.0418549
-0.734	0.0420694
-0.733	0.0422851
-0.732	0.0425018
-0.731	0.0427196
-0.73	0.0429386
-0.729	0.0431587
-0.728	0.0433799
-0.727	0.0436023
-0.726	0.0438258
-0.725	0.0440504
-0.724	0.0442762
-0.723	0.0445031
-0.722	0.0447313
-0.721	0.0449606
-0.72	0.0451911
-0.719	0.0454227
-0.718	0.0456555
-0.717	0.0458895
-0.716	0.0461247
-0.715	0.0463612
-0.714	0.0465988
-0.713	0.0468377
-0.712	0.0470777
-0.711	0.0473191
-0.71	0.0475616
-0.709	0.0478053
-0.708	0.0480504
-0.707	0.0482967
-0.706	0.0485443
-0.705	0.0487931
-0.704	0.0490432
-0.703	0.0492945
-0.702	0.0495472
-0.701	0.0498012
-0.7	0.0500564
-0.699	0.050313
-0.698	0.0505708
-0.697	0.05083
-0.696	0.0510905
-0.695	0.0513525
-0.694	0.0516157
-0.693	0.0518802
-0.692	0.0521462
-0.691	0.0524134
-0.69	0.0526821
-0.689	0.0529521
-0.688	0.0532235
-0.687	0.0534963
-0.686	0.0537705
-0.685	0.0540461
-0.684	0.0543231
-0.683	0.0546015
-0.682	0.0548814
-0.681	0.0551627
-0.68	0.0554454
-0.679	0.0557296
-0.678	0.0560152
-0.677	0.0563023
-0.676	0.0565909
-0.675	0.056881
-0.674	0.0571725
-0.673	0.0574656
-0.672	0.0577602
-0.671	0.0580562
-0.67	0.0583538
-0.669	0.0586529
-0.668	0.0589534
-0.667	0.0592556
-0.666	0.0595593
-0.665	0.0598648
-0.664	0.0601715
-0.663	0.06048
-0.662	0.0607899
-0.661	0.0611015
-0.66	0.0614147
-0.659	0.0617295
-0.658	0.0620459
-0.657	0.062364
-0.656	0.0626836
-0.655	0.063005
-0.654	0.063328
-0.653	0.0636525
-0.652	0.0639788
-0.651	0.0643067
-0.65	0.0646364
-0.649	0.0649677
-0.648	0.0653007
-0.647	0.0656353
-0.646	0.0659718
-0.645	0.0663099
-0.644	0.0666499
-0.643	0.0669915
-0.642	0.0673349
-0.641	0.0676801
-0.64	0.068027
-0.639	0.0683757
-0.638	0.0687262
-0.637	0.0690784
-0.636	0.0694325
-0.635	0.0697884
-0.634	0.0701461
-0.633	0.0705056
-0.632	0.070867
-0.631	0.0712303
-0.63	0.0715953
-0.629	0.0719623
-0.628	0.0723312
-0.627	0.072702
-0.626	0.0730746
-0.625	0.0734491
-0.624	0.0738256
-0.623	0.0742041
-0.622	0.0745843
-0.621	0.0749666
-0.62	0.0753508
-0.619	0.075737
-0.618	0.0761252
-0.617	0.0765155
-0.616	0.0769077
-0.615	0.0773018
-0.614	0.077698
-0.613	0.0780963
-0.612	0.0784966
-0.611	0.0788989
-0.61	0.0793033
-0.609	0.0797098
-0.608	0.0801184
-0.607	0.0805289
-0.606	0.0809417
-0.605	0.0813566
-0.604	0.0817736
-0.603	0.0821927
-0.602	0.082614
-0.601	0.0830374
-0.6	0.083463
-0.599	0.0838908
-0.598	0.0843208
-0.597	0.0847529
-0.596	0.0851874
-0.595	0.085624
-0.594	0.086063
-0.593	0.0865042
-0.592	0.0869475
-0.591	0.0873931
-0.59	0.0878411
-0.589	0.0882913
-0.588	0.0887438
-0.587	0.0891987
-0.586	0.0896559
-0.585	0.0901156
-0.584	0.0905775
-0.583	0.0910417
-0.582	0.0915083
-0.581	0.0919774
-0.58	0.0924489
-0.579	0.0929227
-0.578	0.093399
-0.577	0.0938778
-0.576	0.094359
-0.575	0.0948427
-0.574	0.0953289
-0.573	0.0958174
-0.572	0.0963086
-0.571	0.0968023
-0.57	0.0972986
-0.569	0.0977971
-0.568	0.0982983
-0.567	0.0988022
-0.566	0.0993088
-0.565	0.0998178
-0.564	0.100329
-0.563	0.100844
-0.562	0.101361
-0.561	0.10188
-0.56	0.102402
-0.559	0.102927
-0.558	0.103455
-0.557	0.103985
-0.556	0.104518
-0.555	0.105054
-0.554	0.105592
-0.553	0.106134
-0.552	0.106678
-0.551	0.107224
-0.55	0.107774
-0.549	0.108326
-0.548	0.108882
-0.547	0.10944
-0.546	0.110001
-0.545	0.110565
-0.544	0.111131
-0.543	0.111701
-0.542	0.112273
-0.541	0.112849
-0.54	0.113427
-0.539	0.114009
-0.538	0.114593
-0.537	0.11518
-0.536	0.115771
-0.535	0.116364
-0.534	0.116961
-0.533	0.11756
-0.532	0.118162
-0.531	0.118768
-0.53	0.119377
-0.529	0.119989
-0.528	0.120604
-0.527	0.121222
-0.526	0.121843
-0.525	0.122468
-0.524	0.123095
-0.523	0.123726
-0.522	0.124361
-0.521	0.124998
-0.52	0.125639
-0.519	0.126283
-0.518	0.12693
-0.517	0.12758
-0.516	0.128234
-0.515	0.128892
-0.514	0.129552
-0.513	0.130216
-0.512	0.130884
-0.511	0.131555
-0.51	0.132229
-0.509	0.132907
-0.508	0.133588
-0.507	0.134273
-0.506	0.134961
-0.505	0.135653
-0.504	0.136348
-0.503	0.137047
-0.502	0.137749
-0.501	0.138455
-0.5	0.139165
-0.499	0.139878
-0.498	0.140595
-0.497	0.141316
-0.496	0.14204
-0.495	0.142769
-0.494	0.1435
-0.493	0.144236
-0.492	0.144975
-0.491	0.145718
-0.49	0.146465
-0.489	0.147216
-0.488	0.147971
-0.487	0.148729
-0.486	0.149491
-0.485	0.150258
-0.484	0.151028
-0.483	0.151802
-0.482	0.15258
-0.481	0.153362
-0.48	0.154148
-0.479	0.154939
-0.478	0.155733
-0.477	0.156531
-0.476	0.157333
-0.475	0.15814
-0.474	0.15895
-0.473	0.159765
-0.472	0.160584
-0.471	0.161407
-0.47	0.162234
-0.469	0.163066
-0.468	0.163902
-0.467	0.164742
-0.466	0.165586
-0.465	0.166435
-0.464	0.167288
-0.463	0.168145
-0.462	0.169007
-0.461	0.169874
-0.46	0.170744
-0.459	0.17162
-0.458	0.172499
-0.457	0.173383
-0.456	0.174272
-0.455	0.175165
-0.454	0.176063
-0.453	0.176965
-0.452	0.177872
-0.451	0.178784
-0.45	0.179701
-0.449	0.180622
-0.448	0.181547
-0.447	0.182478
-0.446	0.183413
-0.445	0.184353
-0.444	0.185298
-0.443	0.186248
-0.442	0.187202
-0.441	0.188162
-0.44	0.189126
-0.439	0.190096
-0.438	0.19107
-0.437	0.192049
-0.436	0.193034
-0.435	0.194023
-0.434	0.195018
-0.433	0.196017
-0.432	0.197022
-0.431	0.198032
-0.43	0.199047
-0.429	0.200067
-0.428	0.201093
-0.427	0.202123
-0.426	0.203159
-0.425	0.204201
-0.424	0.205247
-0.423	0.206299
-0.422	0.207357
-0.421	0.20842
-0.42	0.209488
-0.419	0.210562
-0.418	0.211641
-0.417	0.212726
-0.416	0.213816
-0.415	0.214912
-0.414	0.216059
-0.413	0.217304
-0.412	0.218647
-0.411	0.220089
-0.41	0.221632
-0.409	0.223274
-0.408	0.225017
-0.407	0.226861
-0.406	0.228806
-0.405	0.230851
-0.404	0.232996
-0.403	0.235243
-0.402	0.237588
-0.401	0.240034
-0.4	0.242579
-0.399	0.245221
-0.398	0.247961
-0.397	0.250798
-0.396	0.25373
-0.395	0.256757
-0.394	0.259877
-0.393	0.263089
-0.392	0.266392
-0.391	0.269784
-0.39	0.273263
-0.389	0.276828
-0.388	0.280477
-0.387	0.284209
-0.386	0.288021
-0.385	0.291912
-0.384	0.295879
-0.383	0.29992
-0.382	0.304033
-0.381	0.308216
-0.38	0.312466
-0.379	0.31678
-0.378	0.321158
-0.377	0.325595
-0.376	0.330089
-0.375	0.334637
-0.374	0.339238
-0.373	0.343887
-0.372	0.348583
-0.371	0.353323
-0.37	0.358103
-0.369	0.36292
-0.368	0.367773
-0.367	0.372657
-0.366	0.37757
-0.365	0.382509
-0.364	0.387504
-0.363	0.392585
-0.362	0.397748
-0.361	0.40299
-0.36	0.408304
-0.359	0.413689
-0.358	0.419138
-0.357	0.42465
-0.356	0.430216
-0.355	0.435834
-0.354	0.4415
-0.353	0.447208
-0.352	0.452955
-0.351	0.458734
-0.35	0.464543
-0.349	0.470376
-0.348	0.476227
-0.347	0.482092
-0.346	0.487969
-0.345	0.493849
-0.344	0.49973
-0.343	0.505605
-0.342	0.511473
-0.341	0.517324
-0.34	0.523159
-0.339	0.528968
-0.338	0.53475
-0.337	0.540499
-0.336	0.54621
-0.335	0.551879
-0.334	0.557501
-0.333	0.56307
-0.332	0.568585
-0.331	0.574039
-0.33	0.579428
-0.329	0.584749
-0.328	0.589994
-0.327	0.595163
-0.326	0.600249
-0.325	0.605251
-0.324	0.610159
-0.323	0.614978
-0.322	0.619694
-0.321	0.624312
-0.32	0.628824
-0.319	0.633226
-0.318	0.637515
-0.317	0.641688
-0.316	0.645744
-0.315	0.649674
-0.314	0.653481
-0.313	0.657156
-0.312	0.660702
-0.311	0.664111
-0.31	0.667385
-0.309	0.670518
-0.308	0.673509
-0.307	0.676354
-0.306	0.679054
-0.305	0.681603
-0.304	0.684003
-0.303	0.686248
-0.302	0.688339
-0.301	0.690274
-0.3	0.692051
-0.299	0.69367
-0.298	0.695126
-0.297	0.696423
-0.296	0.697556
-0.295	0.698527
-0.294	0.699333
-0.293	0.699976
-0.292	0.700452
-0.291	0.700766
-0.29	0.700911
-0.289	0.700894
-0.288	0.70071
-0.287	0.700363
-0.286	0.69985
-0.285	0.699174
-0.284	0.698335
-0.283	0.697333
-0.282	0.696172
-0.281	0.694847
-0.28	0.693367
-0.279	0.691726
-0.278	0.689932
-0.277	0.68798
-0.276	0.68588
-0.275	0.683624
-0.274	0.681223
-0.273	0.678674
-0.272	0.675981
-0.271	0.673145
-0.27	0.67017
-0.269	0.667059
-0.268	0.663812
-0.267	0.660437
-0.266	0.656929
-0.265	0.6533
-0.264	0.649547
-0.263	0.645675
-0.262	0.641687
-0.261	0.637588
-0.26	0.633379
-0.259	0.629068
-0.258	0.624652
-0.257	0.620141
-0.256	0.615537
-0.255	0.610843
-0.254	0.606062
-0.253	0.601203
-0.252	0.596264
-0.251	0.591253
-0.25	0.586174
-0.249	0.581029
-0.248	0.575827
-0.247	0.570568
-0.246	0.56526
-0.245	0.559902
-0.244	0.554508
-0.243	0.549071
-0.242	0.543606
-0.241	0.538112
-0.24	0.532595
-0.239	0.52706
-0.238	0.521513
-0.237	0.515955
-0.236	0.510394
-0.235	0.504836
-0.234	0.49928
-0.233	0.493738
-0.232	0.488207
-0.231	0.4827
-0.23	0.477216
-0.229	0.471762
-0.228	0.466341
-0.227	0.460961
-0.226	0.455622
-0.225	0.450331
-0.224	0.445094
-0.223	0.439913
-0.222	0.434794
-0.221	0.429741
-0.22	0.424757
-0.219	0.419848
-0.218	0.415018
-0.217	0.41027
-0.216	0.405611
-0.215	0.401042
-0.214	0.396568
-0.213	0.392192
-0.212	0.38792
-0.211	0.383754
-0.21	0.379697
-0.209	0.375754
-0.208	0.371929
-0.207	0.368222
-0.206	0.36464
-0.205	0.361184
-0.204	0.357858
-0.203	0.354664
-0.202	0.351605
-0.201	0.348686
-0.2	0.345904
-0.199	0.343269
-0.198	0.340776
-0.197	0.338432
-0.196	0.336237
-0.195	0.334195
-0.194	0.332305
-0.193	0.330571
-0.192	0.328994
-0.191	0.327574
-0.19	0.326315
-0.189	0.325214
-0.188	0.324279
-0.187	0.323503
-0.186	0.322892
-0.185	0.322445
-0.184	0.322163
-0.183	0.322045
-0.182	0.322094
-0.181	0.322307
-0.18	0.322685
-0.179	0.32323
-0.178	0.323937
-0.177	0.324811
-0.176	0.325847
-0.175	0.327047
-0.174	0.328408
-0.173	0.329932
-0.172	0.331615
-0.171	0.333457
-0.17	0.335457
-0.169	0.337612
-0.168	0.339921
-0.167	0.342384
-0.166	0.344995
-0.165	0.347757
-0.164	0.350664
-0.163	0.353715
-0.162	0.356908
-0.161	0.36024
-0.16	0.363709
-0.159	0.36731
-0.158	0.371044
-0.157	0.374905
-0.156	0.378891
-0.155	0.382998
-0.154	0.387224
-0.153	0.391565
-0.152	0.396018
-0.151	0.400577
-0.15	0.405242
-0.149	0.410007
-0.148	0.414868
-0.147	0.419823
-0.146	0.424865
-0.145	0.429994
-0.144	0.435201
-0.143	0.440487
-0.142	0.445843
-0.141	0.451268
-0.14	0.456756
-0.139	0.462303
-0.138	0.467904
-0.137	0.473556
-0.136	0.479252
-0.135	0.484991
-0.134	0.490764
-0.133	0.496569
-0.132	0.502402
-0.131	0.508255
-0.13	0.514126
-0.129	0.52001
-0.128	0.525902
-0.127	0.531796
-0.126	0.53769
-0.125	0.543575
-0.124	0.549451
-0.123	0.555309
-0.122	0.561148
-0.121	0.56696
-0.12	0.572743
-0.119	0.578491
-0.118	0.584198
-0.117	0.589863
-0.116	0.595477
-0.115	0.60104
-0.114	0.606543
-0.113	0.611986
-0.112	0.61736
-0.111	0.622665
-0.11	0.627894
-0.109	0.633044
-0.108	0.638109
-0.107	0.643088
-0.106	0.647974
-0.105	0.652765
-0.104	0.657457
-0.103	0.662045
-0.102	0.666527
-0.101	0.670897
-0.1	0.675154
