-4	1.83145e-008
-3.999	1.83606e-008
-3.998	1.81106e-008
-3.997	1.81158e-008
-3.996	1.8143e-008
-3.995	1.82263e-008
-3.994	1.81433e-008
-3.993	1.81537e-008
-3.992	1.80257e-008
-3.991	1.81019e-008
-3.99	1.82366e-008
-3.989	1.81369e-008
-3.988	1.80113e-008
-3.987	1.79396e-008
-3.986	1.79212e-008
-3.985	1.79361e-008
-3.984	1.8308e-008
-3.983	1.8149e-008
-3.982	1.80334e-008
-3.981	1.8001e-008
-3.98	1.77134e-008
-3.979	1.7745e-008
-3.978	1.79607e-008
-3.977	1.77734e-008
-3.976	1.7878e-008
-3.975	1.76991e-008
-3.974	1.76828e-008
-3.973	1.76171e-008
-3.972	1.764e-008
-3.971	1.76731e-008
-3.97	1.7628e-008
-3.969	1.74454e-008
-3.968	1.73696e-008
-3.967	1.74448e-008
-3.966	1.75158e-008
-3.965	1.73141e-008
-3.964	1.73255e-008
-3.963	1.73245e-008
-3.962	1.70594e-008
-3.961	1.71516e-008
-3.96	1.71323e-008
-3.959	1.71433e-008
-3.958	1.70045e-008
-3.957	1.69433e-008
-3.956	1.6899e-008
-3.955	1.68692e-008
-3.954	1.67303e-008
-3.953	1.66043e-008
-3.952	1.6392e-008
-3.951	1.65186e-008
-3.95	1.65566e-008
-3.949	1.63924e-008
-3.948	1.64175e-008
-3.947	1.63302e-008
-3.946	1.62371e-008
-3.945	1.62523e-008
-3.944	1.60517e-008
-3.943	1.60391e-008
-3.942	1.60521e-008
-3.941	1.58933e-008
-3.94	1.58659e-008
-3.939	1.57833e-008
-3.938	1.57071e-008
-3.937	1.56105e-008
-3.936	1.53567e-008
-3.935	1.55185e-008
-3.934	1.54234e-008
-3.933	1.53703e-008
-3.932	1.53181e-008
-3.931	1.52792e-008
-3.93	1.52069e-008
-3.929	1.50204e-008
-3.928	1.48886e-008
-3.927	1.46693e-008
-3.926	1.47199e-008
-3.925	1.47202e-008
-3.924	1.46413e-008
-3.923	1.44094e-008
-3.922	1.44346e-008
-3.921	1.43921e-008
-3.92	1.42678e-008
-3.919	1.41942e-008
-3.918	1.41417e-008
-3.917	1.41066e-008
-3.916	1.39584e-008
-3.915	1.39043e-008
-3.914	1.3767e-008
-3.913	1.36824e-008
-3.912	1.37045e-008
-3.911	1.3536e-008
-3.91	1.34513e-008
-3.909	1.33966e-008
-3.908	1.33841e-008
-3.907	1.31625e-008
-3.906	1.31332e-008
-3.905	1.31591e-008
-3.904	1.2958e-008
-3.903	1.28364e-008
-3.902	1.26992e-008
-3.901	1.28023e-008
-3.9	1.27601e-008
-3.899	1.25517e-008
-3.898	1.24397e-008
-3.897	1.22658e-008
-3.896	1.2326e-008
-3.895	1.22191e-008
-3.894	1.20732e-008
-3.893	1.20562e-008
-3.892	1.19787e-008
-3.891	1.16887e-008
-3.89	1.16381e-008
-3.889	1.1698e-008
-3.888	1.16737e-008
-3.887	1.15591e-008
-3.886	1.13611e-008
-3.885	1.14582e-008
-3.884	1.13304e-008
-3.883	1.1223e-008
-3.882	1.11489e-008
-3.881	1.10225e-008
-3.88	1.10144e-008
-3.879	1.10477e-008
-3.878	1.08323e-008
-3.877	1.07508e-008
-3.876	1.07735e-008
-3.875	1.07149e-008
-3.874	1.05561e-008
-3.873	1.05803e-008
-3.872	1.04852e-008
-3.871	1.02827e-008
-3.87	1.02532e-008
-3.869	1.0183e-008
-3.868	1.00533e-008
-3.867	1.00259e-008
-3.866	1.004e-008
-3.865	9.965e-009
-3.864	9.98412e-009
-3.863	9.79001e-009
-3.862	9.69943e-009
-3.861	9.66816e-009
-3.86	9.61643e-009
-3.859	9.63196e-009
-3.858	9.56649e-009
-3.857	9.49666e-009
-3.856	9.44677e-009
-3.855	9.26458e-009
-3.854	9.24775e-009
-3.853	9.27781e-009
-3.852	9.23943e-009
-3.851	9.24098e-009
-3.85	9.06773e-009
-3.849	9.02559e-009
-3.848	9.05313e-009
-3.847	8.96109e-009
-3.846	8.88214e-009
-3.845	8.82115e-009
-3.844	8.85366e-009
-3.843	8.81566e-009
-3.842	8.71922e-009
-3.841	8.71409e-009
-3.84	8.68417e-009
-3.839	8.57048e-009
-3.838	8.5706e-009
-3.837	8.55697e-009
-3.836	8.61171e-009
-3.835	8.59186e-009
-3.834	8.391e-009
-3.833	8.33282e-009
-3.832	8.44087e-009
-3.831	8.44302e-009
-3.83	8.29214e-009
-3.829	8.30325e-009
-3.828	8.35857e-009
-3.827	8.3019e-009
-3.826	8.27749e-009
-3.825	8.22719e-009
-3.824	8.30906e-009
-3.823	8.31476e-009
-3.822	8.18692e-009
-3.821	8.21477e-009
-3.82	8.18784e-009
-3.819	8.20398e-009
-3.818	8.20531e-009
-3.817	8.20283e-009
-3.816	8.20222e-009
-3.815	8.2588e-009
-3.814	8.17389e-009
-3.813	8.1606e-009
-3.812	8.18182e-009
-3.811	8.20126e-009
-3.81	8.09124e-009
-3.809	8.10553e-009
-3.808	8.25784e-009
-3.807	8.31754e-009
-3.806	8.31741e-009
-3.805	8.25954e-009
-3.804	8.31307e-009
-3.803	8.3164e-009
-3.802	8.3804e-009
-3.801	8.35291e-009
-3.8	8.23056e-009
-3.799	8.27403e-009
-3.798	8.26921e-009
-3.797	8.1934e-009
-3.796	8.30285e-009
-3.795	8.49414e-009
-3.794	8.44043e-009
-3.793	8.49916e-009
-3.792	8.44937e-009
-3.791	8.45164e-009
-3.79	8.59449e-009
-3.789	8.4708e-009
-3.788	8.6019e-009
-3.787	8.73753e-009
-3.786	8.69815e-009
-3.785	8.75228e-009
-3.784	8.80583e-009
-3.783	8.77979e-009
-3.782	8.82157e-009
-3.781	8.95169e-009
-3.78	8.98318e-009
-3.779	9.05162e-009
-3.778	9.00821e-009
-3.777	9.02047e-009
-3.776	9.16262e-009
-3.775	9.22731e-009
-3.774	9.25833e-009
-3.773	9.25843e-009
-3.772	9.3906e-009
-3.771	9.4374e-009
-3.77	9.52239e-009
-3.769	9.43256e-009
-3.768	9.64729e-009
-3.767	9.59116e-009
-3.766	9.59723e-009
-3.765	9.74046e-009
-3.764	9.79129e-009
-3.763	9.92909e-009
-3.762	1.00502e-008
-3.761	1.00657e-008
-3.76	9.94467e-009
-3.759	1.01039e-008
-3.758	1.02025e-008
-3.757	1.02927e-008
-3.756	1.03225e-008
-3.755	1.03552e-008
-3.754	1.04571e-008
-3.753	1.05618e-008
-3.752	1.0638e-008
-3.751	1.06576e-008
-3.75	1.08344e-008
-3.749	1.08359e-008
-3.748	1.09277e-008
-3.747	1.10433e-008
-3.746	1.10923e-008
-3.745	1.12434e-008
-3.744	1.13076e-008
-3.743	1.14085e-008
-3.742	1.13795e-008
-3.741	1.13724e-008
-3.74	1.15867e-008
-3.739	1.15859e-008
-3.738	1.1653e-008
-3.737	1.18702e-008
-3.736	1.1896e-008
-3.735	1.19938e-008
-3.734	1.19494e-008
-3.733	1.1978e-008
-3.732	1.20906e-008
-3.731	1.23355e-008
-3.73	1.25209e-008
-3.729	1.26153e-008
-3.728	1.25684e-008
-3.727	1.25287e-008
-3.726	1.27884e-008
-3.725	1.28386e-008
-3.724	1.27432e-008
-3.723	1.30632e-008
-3.722	1.30304e-008
-3.721	1.29958e-008
-3.72	1.31732e-008
-3.719	1.33986e-008
-3.718	1.34443e-008
-3.717	1.37211e-008
-3.716	1.37155e-008
-3.715	1.36451e-008
-3.714	1.38922e-008
-3.713	1.36733e-008
-3.712	1.38664e-008
-3.711	1.39838e-008
-3.71	1.3967e-008
-3.709	1.41191e-008
-3.708	1.42883e-008
-3.707	1.44269e-008
-3.706	1.43855e-008
-3.705	1.45272e-008
-3.704	1.44169e-008
-3.703	1.46521e-008
-3.702	1.48138e-008
-3.701	1.47349e-008
-3.7	1.47979e-008
-3.699	1.50342e-008
-3.698	1.50749e-008
-3.697	1.51115e-008
-3.696	1.52899e-008
-3.695	1.52468e-008
-3.694	1.55521e-008
-3.693	1.54992e-008
-3.692	1.55742e-008
-3.691	1.56803e-008
-3.69	1.59319e-008
-3.689	1.58544e-008
-3.688	1.57921e-008
-3.687	1.5866e-008
-3.686	1.59525e-008
-3.685	1.60951e-008
-3.684	1.61381e-008
-3.683	1.62418e-008
-3.682	1.6203e-008
-3.681	1.64144e-008
-3.68	1.65449e-008
-3.679	1.66189e-008
-3.678	1.65026e-008
-3.677	1.63425e-008
-3.676	1.6542e-008
-3.675	1.66842e-008
-3.674	1.69042e-008
-3.673	1.68406e-008
-3.672	1.69919e-008
-3.671	1.69949e-008
-3.67	1.68997e-008
-3.669	1.70703e-008
-3.668	1.70757e-008
-3.667	1.72654e-008
-3.666	1.73659e-008
-3.665	1.74322e-008
-3.664	1.73411e-008
-3.663	1.74425e-008
-3.662	1.75642e-008
-3.661	1.74368e-008
-3.66	1.76528e-008
-3.659	1.76982e-008
-3.658	1.78805e-008
-3.657	1.78569e-008
-3.656	1.77602e-008
-3.655	1.7775e-008
-3.654	1.7883e-008
-3.653	1.79635e-008
-3.652	1.78831e-008
-3.651	1.81164e-008
-3.65	1.79091e-008
-3.649	1.79926e-008
-3.648	1.79988e-008
-3.647	1.81796e-008
-3.646	1.80942e-008
-3.645	1.80489e-008
-3.644	1.82461e-008
-3.643	1.81539e-008
-3.642	1.81818e-008
-3.641	1.82929e-008
-3.64	1.83556e-008
-3.639	1.83278e-008
-3.638	1.83292e-008
-3.637	1.81583e-008
-3.636	1.83474e-008
-3.635	1.8409e-008
-3.634	1.85158e-008
-3.633	1.85542e-008
-3.632	1.84702e-008
-3.631	1.83784e-008
-3.63	1.85053e-008
-3.629	1.84856e-008
-3.628	1.84441e-008
-3.627	1.83674e-008
-3.626	1.8332e-008
-3.625	1.84774e-008
-3.624	1.84334e-008
-3.623	1.85231e-008
-3.622	1.83955e-008
-3.621	1.84627e-008
-3.62	1.85473e-008
-3.619	1.84359e-008
-3.618	1.84227e-008
-3.617	1.83979e-008
-3.616	1.82693e-008
-3.615	1.81964e-008
-3.614	1.83334e-008
-3.613	1.83137e-008
-3.612	1.8362e-008
-3.611	1.84233e-008
-3.61	1.822e-008
-3.609	1.8308e-008
-3.608	1.83991e-008
-3.607	1.84196e-008
-3.606	1.81775e-008
-3.605	1.80887e-008
-3.604	1.81191e-008
-3.603	1.80098e-008
-3.602	1.81849e-008
-3.601	1.80746e-008
-3.6	1.79587e-008
-3.599	1.80767e-008
-3.598	1.79589e-008
-3.597	1.79929e-008
-3.596	1.80501e-008
-3.595	1.80352e-008
-3.594	1.78376e-008
-3.593	1.77052e-008
-3.592	1.76542e-008
-3.591	1.77359e-008
-3.59	1.77008e-008
-3.589	1.77377e-008
-3.588	1.74645e-008
-3.587	1.74992e-008
-3.586	1.73642e-008
-3.585	1.73369e-008
-3.584	1.74146e-008
-3.583	1.72253e-008
-3.582	1.74284e-008
-3.581	1.70923e-008
-3.58	1.695e-008
-3.579	1.69974e-008
-3.578	1.70714e-008
-3.577	1.66854e-008
-3.576	1.68162e-008
-3.575	1.68896e-008
-3.574	1.66916e-008
-3.573	1.67727e-008
-3.572	1.6487e-008
-3.571	1.65863e-008
-3.57	1.64311e-008
-3.569	1.65004e-008
-3.568	1.64115e-008
-3.567	1.6264e-008
-3.566	1.64206e-008
-3.565	1.60272e-008
-3.564	1.6093e-008
-3.563	1.60332e-008
-3.562	1.59635e-008
-3.561	1.58047e-008
-3.56	1.57138e-008
-3.559	1.5616e-008
-3.558	1.55657e-008
-3.557	1.55893e-008
-3.556	1.54868e-008
-3.555	1.54911e-008
-3.554	1.53101e-008
-3.553	1.53174e-008
-3.552	1.51668e-008
-3.551	1.49895e-008
-3.55	1.51304e-008
-3.549	1.48867e-008
-3.548	1.48557e-008
-3.547	1.47227e-008
-3.546	1.47188e-008
-3.545	1.46258e-008
-3.544	1.44452e-008
-3.543	1.44973e-008
-3.542	1.43538e-008
-3.541	1.4209e-008
-3.54	1.41663e-008
-3.539	1.42325e-008
-3.538	1.40285e-008
-3.537	1.39329e-008
-3.536	1.38135e-008
-3.535	1.3682e-008
-3.534	1.3607e-008
-3.533	1.36506e-008
-3.532	1.35515e-008
-3.531	1.34284e-008
-3.53	1.34895e-008
-3.529	1.33207e-008
-3.528	1.31445e-008
-3.527	1.31115e-008
-3.526	1.30665e-008
-3.525	1.29314e-008
-3.524	1.28756e-008
-3.523	1.27738e-008
-3.522	1.26081e-008
-3.521	1.26252e-008
-3.52	1.24097e-008
-3.519	1.23418e-008
-3.518	1.24065e-008
-3.517	1.23333e-008
-3.516	1.2048e-008
-3.515	1.20415e-008
-3.514	1.20427e-008
-3.513	1.1964e-008
-3.512	1.18193e-008
-3.511	1.17524e-008
-3.51	1.16768e-008
-3.509	1.15824e-008
-3.508	1.16075e-008
-3.507	1.15453e-008
-3.506	1.1468e-008
-3.505	1.13395e-008
-3.504	1.12806e-008
-3.503	1.12037e-008
-3.502	1.10918e-008
-3.501	1.10447e-008
-3.5	1.09832e-008
-3.499	1.0833e-008
-3.498	1.07967e-008
-3.497	1.07317e-008
-3.496	1.06614e-008
-3.495	1.05263e-008
-3.494	1.05001e-008
-3.493	1.04387e-008
-3.492	1.03574e-008
-3.491	1.04322e-008
-3.49	1.02983e-008
-3.489	1.01419e-008
-3.488	1.00295e-008
-3.487	9.92911e-009
-3.486	9.90125e-009
-3.485	9.9479e-009
-3.484	9.9451e-009
-3.483	9.81933e-009
-3.482	9.92799e-009
-3.481	9.69475e-009
-3.48	9.62011e-009
-3.479	9.62871e-009
-3.478	9.523e-009
-3.477	9.55178e-009
-3.476	9.50223e-009
-3.475	9.41837e-009
-3.474	9.29405e-009
-3.473	9.27623e-009
-3.472	9.31953e-009
-3.471	9.19727e-009
-3.47	9.18068e-009
-3.469	9.24307e-009
-3.468	9.13391e-009
-3.467	9.02126e-009
-3.466	9.03603e-009
-3.465	8.99926e-009
-3.464	8.95354e-009
-3.463	8.91174e-009
-3.462	8.79282e-009
-3.461	8.78058e-009
-3.46	8.73431e-009
-3.459	8.70541e-009
-3.458	8.63931e-009
-3.457	8.67276e-009
-3.456	8.71658e-009
-3.455	8.67211e-009
-3.454	8.63379e-009
-3.453	8.61551e-009
-3.452	8.53576e-009
-3.451	8.53507e-009
-3.45	8.50238e-009
-3.449	8.60875e-009
-3.448	8.61539e-009
-3.447	8.50779e-009
-3.446	8.44156e-009
-3.445	8.41928e-009
-3.444	8.54744e-009
-3.443	8.53702e-009
-3.442	8.49493e-009
-3.441	8.44058e-009
-3.44	8.45116e-009
-3.439	8.38165e-009
-3.438	8.38269e-009
-3.437	8.51926e-009
-3.436	8.4129e-009
-3.435	8.51282e-009
-3.434	8.52657e-009
-3.433	8.45027e-009
-3.432	8.45586e-009
-3.431	8.48576e-009
-3.43	8.50821e-009
-3.429	8.52807e-009
-3.428	8.49977e-009
-3.427	8.5737e-009
-3.426	8.55092e-009
-3.425	8.50381e-009
-3.424	8.59271e-009
-3.423	8.50474e-009
-3.422	8.62909e-009
-3.421	8.68125e-009
-3.42	8.8169e-009
-3.419	8.71665e-009
-3.418	8.66687e-009
-3.417	8.81026e-009
-3.416	8.75982e-009
-3.415	8.78902e-009
-3.414	8.87337e-009
-3.413	8.93409e-009
-3.412	8.91651e-009
-3.411	8.89586e-009
-3.41	8.93578e-009
-3.409	9.0008e-009
-3.408	9.07655e-009
-3.407	9.10745e-009
-3.406	9.23654e-009
-3.405	9.22899e-009
-3.404	9.26082e-009
-3.403	9.24069e-009
-3.402	9.26487e-009
-3.401	9.35812e-009
-3.4	9.3346e-009
-3.399	9.44724e-009
-3.398	9.6789e-009
-3.397	9.62743e-009
-3.396	9.50261e-009
-3.395	9.7175e-009
-3.394	9.71662e-009
-3.393	9.89735e-009
-3.392	9.9894e-009
-3.391	9.77584e-009
-3.39	9.81663e-009
-3.389	1.01371e-008
-3.388	1.00572e-008
-3.387	1.02238e-008
-3.386	1.04449e-008
-3.385	1.03615e-008
-3.384	1.05256e-008
-3.383	1.04228e-008
-3.382	1.03999e-008
-3.381	1.05698e-008
-3.38	1.06408e-008
-3.379	1.06761e-008
-3.378	1.07738e-008
-3.377	1.10724e-008
-3.376	1.09984e-008
-3.375	1.10755e-008
-3.374	1.10739e-008
-3.373	1.11764e-008
-3.372	1.12693e-008
-3.371	1.13044e-008
-3.37	1.15636e-008
-3.369	1.15542e-008
-3.368	1.15358e-008
-3.367	1.14634e-008
-3.366	1.17455e-008
-3.365	1.17951e-008
-3.364	1.18057e-008
-3.363	1.18954e-008
-3.362	1.20619e-008
-3.361	1.21707e-008
-3.36	1.21344e-008
-3.359	1.23416e-008
-3.358	1.21942e-008
-3.357	1.23267e-008
-3.356	1.25086e-008
-3.355	1.25972e-008
-3.354	1.27819e-008
-3.353	1.27863e-008
-3.352	1.29296e-008
-3.351	1.28478e-008
-3.35	1.30196e-008
-3.349	1.30608e-008
-3.348	1.32881e-008
-3.347	1.33818e-008
-3.346	1.33226e-008
-3.345	1.34023e-008
-3.344	1.3577e-008
-3.343	1.37458e-008
-3.342	1.38205e-008
-3.341	1.38184e-008
-3.34	1.37968e-008
-3.339	1.38796e-008
-3.338	1.39518e-008
-3.337	1.41961e-008
-3.336	1.42893e-008
-3.335	1.43532e-008
-3.334	1.43804e-008
-3.333	1.45999e-008
-3.332	1.463e-008
-3.331	1.44726e-008
-3.33	1.47411e-008
-3.329	1.49365e-008
-3.328	1.49133e-008
-3.327	1.49899e-008
-3.326	1.52175e-008
-3.325	1.50268e-008
-3.324	1.50352e-008
-3.323	1.52558e-008
-3.322	1.52983e-008
-3.321	1.54877e-008
-3.32	1.55727e-008
-3.319	1.57469e-008
-3.318	1.56884e-008
-3.317	1.57886e-008
-3.316	1.58901e-008
-3.315	1.60218e-008
-3.314	1.6075e-008
-3.313	1.5986e-008
-3.312	1.61601e-008
-3.311	1.63352e-008
-3.31	1.64708e-008
-3.309	1.65249e-008
-3.308	1.65028e-008
-3.307	1.65561e-008
-3.306	1.63423e-008
-3.305	1.65404e-008
-3.304	1.66899e-008
-3.303	1.67619e-008
-3.302	1.68889e-008
-3.301	1.69725e-008
-3.3	1.69679e-008
-3.299	1.71914e-008
-3.298	1.72573e-008
-3.297	1.72627e-008
-3.296	1.73505e-008
-3.295	1.7108e-008
-3.294	1.72057e-008
-3.293	1.73544e-008
-3.292	1.73295e-008
-3.291	1.75486e-008
-3.29	1.76755e-008
-3.289	1.75699e-008
-3.288	1.78791e-008
-3.287	1.78694e-008
-3.286	1.78719e-008
-3.285	1.77788e-008
-3.284	1.78337e-008
-3.283	1.81347e-008
-3.282	1.79776e-008
-3.281	1.8214e-008
-3.28	1.81438e-008
-3.279	1.79975e-008
-3.278	1.81353e-008
-3.277	1.8008e-008
-3.276	1.82686e-008
-3.275	1.82074e-008
-3.274	1.82949e-008
-3.273	1.82505e-008
-3.272	1.84295e-008
-3.271	1.84724e-008
-3.27	1.83069e-008
-3.269	1.83656e-008
-3.268	1.84634e-008
-3.267	1.84067e-008
-3.266	1.85447e-008
-3.265	1.87432e-008
-3.264	1.86687e-008
-3.263	1.86687e-008
-3.262	1.86506e-008
-3.261	1.85169e-008
-3.26	1.87261e-008
-3.259	1.87067e-008
-3.258	1.87171e-008
-3.257	1.87857e-008
-3.256	1.87458e-008
-3.255	1.87191e-008
-3.254	1.87558e-008
-3.253	1.87802e-008
-3.252	1.87823e-008
-3.251	1.88233e-008
-3.25	1.85772e-008
-3.249	1.87567e-008
-3.248	1.87949e-008
-3.247	1.86861e-008
-3.246	1.86814e-008
-3.245	1.88268e-008
-3.244	1.87463e-008
-3.243	1.85691e-008
-3.242	1.8642e-008
-3.241	1.8637e-008
-3.24	1.86343e-008
-3.239	1.87388e-008
-3.238	1.85709e-008
-3.237	1.84944e-008
-3.236	1.86497e-008
-3.235	1.84382e-008
-3.234	1.8367e-008
-3.233	1.86791e-008
-3.232	1.86718e-008
-3.231	1.868e-008
-3.23	1.85112e-008
-3.229	1.84236e-008
-3.228	1.83399e-008
-3.227	1.84466e-008
-3.226	1.85059e-008
-3.225	1.8513e-008
-3.224	1.83383e-008
-3.223	1.83285e-008
-3.222	1.8173e-008
-3.221	1.8083e-008
-3.22	1.82633e-008
-3.219	1.80871e-008
-3.218	1.80347e-008
-3.217	1.7891e-008
-3.216	1.79624e-008
-3.215	1.80686e-008
-3.214	1.78838e-008
-3.213	1.78577e-008
-3.212	1.78387e-008
-3.211	1.76075e-008
-3.21	1.76598e-008
-3.209	1.75455e-008
-3.208	1.76663e-008
-3.207	1.76377e-008
-3.206	1.73087e-008
-3.205	1.74445e-008
-3.204	1.74781e-008
-3.203	1.74676e-008
-3.202	1.73313e-008
-3.201	1.7162e-008
-3.2	1.71816e-008
-3.199	1.70167e-008
-3.198	1.68471e-008
-3.197	1.69884e-008
-3.196	1.69318e-008
-3.195	1.67458e-008
-3.194	1.68835e-008
-3.193	1.65842e-008
-3.192	1.64932e-008
-3.191	1.66137e-008
-3.19	1.65014e-008
-3.189	1.6373e-008
-3.188	1.63111e-008
-3.187	1.63405e-008
-3.186	1.61414e-008
-3.185	1.60744e-008
-3.184	1.59558e-008
-3.183	1.58157e-008
-3.182	1.58632e-008
-3.181	1.57936e-008
-3.18	1.57666e-008
-3.179	1.56614e-008
-3.178	1.55727e-008
-3.177	1.54805e-008
-3.176	1.53675e-008
-3.175	1.54238e-008
-3.174	1.53393e-008
-3.173	1.52385e-008
-3.172	1.50281e-008
-3.171	1.50041e-008
-3.17	1.47714e-008
-3.169	1.48804e-008
-3.168	1.48071e-008
-3.167	1.46371e-008
-3.166	1.47131e-008
-3.165	1.44684e-008
-3.164	1.44708e-008
-3.163	1.434e-008
-3.162	1.43428e-008
-3.161	1.42744e-008
-3.16	1.41388e-008
-3.159	1.40353e-008
-3.158	1.39373e-008
-3.157	1.38824e-008
-3.156	1.38101e-008
-3.155	1.37526e-008
-3.154	1.37065e-008
-3.153	1.34856e-008
-3.152	1.34451e-008
-3.151	1.32488e-008
-3.15	1.31355e-008
-3.149	1.31549e-008
-3.148	1.31193e-008
-3.147	1.3002e-008
-3.146	1.28389e-008
-3.145	1.289e-008
-3.144	1.27175e-008
-3.143	1.26411e-008
-3.142	1.25522e-008
-3.141	1.23717e-008
-3.14	1.23509e-008
-3.139	1.2329e-008
-3.138	1.2481e-008
-3.137	1.22253e-008
-3.136	1.20853e-008
-3.135	1.21049e-008
-3.134	1.19409e-008
-3.133	1.18504e-008
-3.132	1.18167e-008
-3.131	1.1672e-008
-3.13	1.1651e-008
-3.129	1.15765e-008
-3.128	1.14074e-008
-3.127	1.1371e-008
-3.126	1.12845e-008
-3.125	1.13388e-008
-3.124	1.12812e-008
-3.123	1.10453e-008
-3.122	1.10447e-008
-3.121	1.10934e-008
-3.12	1.09361e-008
-3.119	1.09029e-008
-3.118	1.06706e-008
-3.117	1.06237e-008
-3.116	1.05969e-008
-3.115	1.05123e-008
-3.114	1.05457e-008
-3.113	1.05264e-008
-3.112	1.0479e-008
-3.111	1.03244e-008
-3.11	1.02896e-008
-3.109	1.02453e-008
-3.108	1.00545e-008
-3.107	1.0154e-008
-3.106	9.9465e-009
-3.105	9.89463e-009
-3.104	9.90911e-009
-3.103	9.89545e-009
-3.102	9.80979e-009
-3.101	9.80494e-009
-3.1	9.74763e-009
-3.099	9.62949e-009
-3.098	9.59466e-009
-3.097	9.57779e-009
-3.096	9.6106e-009
-3.095	9.5583e-009
-3.094	9.29403e-009
-3.093	9.3214e-009
-3.092	9.35662e-009
-3.091	9.29398e-009
-3.09	9.28152e-009
-3.089	9.26032e-009
-3.088	9.20378e-009
-3.087	9.12642e-009
-3.086	9.01916e-009
-3.085	8.97845e-009
-3.084	9.20273e-009
-3.083	9.11401e-009
-3.082	8.97385e-009
-3.081	8.90575e-009
-3.08	8.89497e-009
-3.079	8.88019e-009
-3.078	8.9121e-009
-3.077	8.89086e-009
-3.076	9.01166e-009
-3.075	8.89539e-009
-3.074	8.85747e-009
-3.073	8.85428e-009
-3.072	8.76903e-009
-3.071	8.86196e-009
-3.07	8.76539e-009
-3.069	8.68468e-009
-3.068	8.81595e-009
-3.067	8.81766e-009
-3.066	8.7248e-009
-3.065	8.71385e-009
-3.064	8.73236e-009
-3.063	8.69094e-009
-3.062	8.82642e-009
-3.061	8.73504e-009
-3.06	8.75614e-009
-3.059	8.7094e-009
-3.058	8.63868e-009
-3.057	8.52956e-009
-3.056	8.8112e-009
-3.055	8.91349e-009
-3.054	8.76261e-009
-3.053	8.76663e-009
-3.052	8.76721e-009
-3.051	8.83195e-009
-3.05	8.82446e-009
-3.049	8.81787e-009
-3.048	8.89451e-009
-3.047	9.0109e-009
-3.046	8.97846e-009
-3.045	8.93992e-009
-3.044	9.11699e-009
-3.043	8.78741e-009
-3.042	9.35691e-009
-3.041	8.76299e-009
-3.04	9.42563e-009
-3.039	9.04232e-009
-3.038	9.52636e-009
-3.037	9.50382e-009
-3.036	9.66605e-009
-3.035	9.72801e-009
-3.034	1.00757e-008
-3.033	1.00659e-008
-3.032	1.05626e-008
-3.031	1.02051e-008
-3.03	1.1161e-008
-3.029	1.06103e-008
-3.028	1.14394e-008
-3.027	1.14244e-008
-3.026	1.18381e-008
-3.025	1.21627e-008
-3.024	1.25644e-008
-3.023	1.28577e-008
-3.022	1.34923e-008
-3.021	1.37415e-008
-3.02	1.45555e-008
-3.019	1.44418e-008
-3.018	1.54757e-008
-3.017	1.60629e-008
-3.016	1.66014e-008
-3.015	1.73886e-008
-3.014	1.79446e-008
-3.013	1.88182e-008
-3.012	1.92116e-008
-3.011	2.03898e-008
-3.01	2.11026e-008
-3.009	2.25403e-008
-3.008	2.28123e-008
-3.007	2.49309e-008
-3.006	2.48853e-008
-3.005	2.65773e-008
-3.004	2.77088e-008
-3.003	2.92008e-008
-3.002	3.0569e-008
-3.001	3.22327e-008
-3	3.33246e-008
-2.999	3.54667e-008
-2.998	3.64197e-008
-2.997	3.94701e-008
-2.996	4.03038e-008
-2.995	4.34764e-008
-2.994	4.48568e-008
-2.993	4.71841e-008
-2.992	4.9733e-008
-2.991	5.20887e-008
-2.99	5.49696e-008
-2.989	5.73954e-008
-2.988	6.06411e-008
-2.987	6.43516e-008
-2.986	6.67414e-008
-2.985	7.10656e-008
-2.984	7.42514e-008
-2.983	7.81435e-008
-2.982	8.23073e-008
-2.981	8.6506e-008
-2.98	9.14316e-008
-2.979	9.53251e-008
-2.978	1.00728e-007
-2.977	1.05515e-007
-2.976	1.11808e-007
-2.975	1.16807e-007
-2.974	1.24617e-007
-2.973	1.29703e-007
-2.972	1.3767e-007
-2.971	1.43813e-007
-2.97	1.5143e-007
-2.969	1.59046e-007
-2.968	1.68216e-007
-2.967	1.757e-007
-2.966	1.86824e-007
-2.965	1.93997e-007
-2.964	2.06535e-007
-2.963	2.16537e-007
-2.962	2.27677e-007
-2.961	2.40916e-007
-2.96	2.51861e-007
-2.959	2.66134e-007
-2.958	2.78286e-007
-2.957	2.93878e-007
-2.956	3.09371e-007
-2.955	3.24672e-007
-2.954	3.42596e-007
-2.953	3.59311e-007
-2.952	3.78603e-007
-2.951	3.98504e-007
-2.95	4.18682e-007
-2.949	4.40952e-007
-2.948	4.63983e-007
-2.947	4.8934e-007
-2.946	5.12599e-007
-2.945	5.4191e-007
-2.944	5.68122e-007
-2.943	5.9852e-007
-2.942	6.27925e-007
-2.941	6.61545e-007
-2.94	6.94699e-007
-2.939	7.3302e-007
-2.938	7.70347e-007
-2.937	8.10613e-007
-2.936	8.51763e-007
-2.935	8.96544e-007
-2.934	9.4191e-007
-2.933	9.9126e-007
-2.932	1.04169e-006
-2.931	1.09798e-006
-2.93	1.15348e-006
-2.929	1.21319e-006
-2.928	1.27547e-006
-2.927	1.34174e-006
-2.926	1.41e-006
-2.925	1.48527e-006
-2.924	1.55954e-006
-2.923	1.63967e-006
-2.922	1.72372e-006
-2.921	1.81439e-006
-2.92	1.90832e-006
-2.919	2.00876e-006
-2.918	2.11152e-006
-2.917	2.22033e-006
-2.916	2.33252e-006
-2.915	2.45214e-006
-2.914	2.57957e-006
-2.913	2.71425e-006
-2.912	2.85424e-006
-2.911	3.00058e-006
-2.91	3.15535e-006
-2.909	3.31834e-006
-2.908	3.49185e-006
-2.907	3.67115e-006
-2.906	3.86039e-006
-2.905	4.05826e-006
-2.904	4.26821e-006
-2.903	4.48607e-006
-2.902	4.71356e-006
-2.901	4.96256e-006
-2.9	5.21738e-006
-2.899	5.48791e-006
-2.898	5.76942e-006
-2.897	6.06359e-006
-2.896	6.38173e-006
-2.895	6.70458e-006
-2.894	7.05673e-006
-2.893	7.41756e-006
-2.892	7.7963e-006
-2.891	8.2021e-006
-2.89	8.62143e-006
-2.889	9.06916e-006
-2.888	9.53584e-006
-2.887	1.00216e-005
-2.886	1.05439e-005
-2.885	1.10832e-005
-2.884	1.1659e-005
-2.883	1.22507e-005
-2.882	1.28891e-005
-2.881	1.35475e-005
-2.88	1.42489e-005
-2.879	1.49792e-005
-2.878	1.5753e-005
-2.877	1.65628e-005
-2.876	1.74195e-005
-2.875	1.83133e-005
-2.874	1.92624e-005
-2.873	2.02446e-005
-2.872	2.12978e-005
-2.871	2.23889e-005
-2.87	2.35466e-005
-2.869	2.47507e-005
-2.868	2.60456e-005
-2.867	2.73658e-005
-2.866	2.87788e-005
-2.865	3.02625e-005
-2.864	3.18082e-005
-2.863	3.34673e-005
-2.862	3.51743e-005
-2.861	3.70075e-005
-2.86	3.88983e-005
-2.859	4.09047e-005
-2.858	4.30076e-005
-2.857	4.52156e-005
-2.856	4.75625e-005
-2.855	4.99999e-005
-2.854	5.25788e-005
-2.853	5.5288e-005
-2.852	5.81148e-005
-2.851	6.11336e-005
-2.85	6.42638e-005
-2.849	6.75898e-005
-2.848	7.1057e-005
-2.847	7.47235e-005
-2.846	7.85792e-005
-2.845	8.26174e-005
-2.844	8.68727e-005
-2.843	9.13356e-005
-2.842	9.60316e-005
-2.841	0.000100995
-2.84	0.000106165
-2.839	0.000111677
-2.838	0.000117407
-2.837	0.000123463
-2.836	0.000129812
-2.835	0.00013648
-2.834	0.000143509
-2.833	0.00015091
-2.832	0.000158706
-2.831	0.00016684
-2.83	0.000175482
-2.829	0.000184453
-2.828	0.000193982
-2.827	0.000203962
-2.826	0.000214464
-2.825	0.000225506
-2.824	0.000237105
-2.823	0.000249333
-2.822	0.000262194
-2.821	0.000275659
-2.82	0.00028988
-2.819	0.000304757
-2.818	0.000320497
-2.817	0.000336955
-2.816	0.000354333
-2.815	0.000372562
-2.814	0.000391744
-2.813	0.000411902
-2.812	0.000433113
-2.811	0.000455399
-2.81	0.000478871
-2.809	0.000503457
-2.808	0.000529474
-2.807	0.000556695
-2.806	0.00058538
-2.805	0.000615463
-2.804	0.000647198
-2.803	0.000680495
-2.802	0.000715518
-2.801	0.000752408
-2.8	0.000791047
-2.799	0.00083188
-2.798	0.000874629
-2.797	0.000919653
-2.796	0.000967033
-2.795	0.00101677
-2.794	0.00106915
-2.793	0.00112415
-2.792	0.00118208
-2.791	0.00124294
-2.79	0.00130678
-2.789	0.00137417
-2.788	0.00144481
-2.787	0.0015193
-2.786	0.00159739
-2.785	0.00167988
-2.784	0.00176604
-2.783	0.00185722
-2.782	0.00195257
-2.781	0.00205318
-2.78	0.00215881
-2.779	0.00227003
-2.778	0.00238681
-2.777	0.00250963
-2.776	0.00263881
-2.775	0.00277463
-2.774	0.00291738
-2.773	0.00306777
-2.772	0.00322555
-2.771	0.00339162
-2.77	0.00356618
-2.769	0.00374955
-2.768	0.00394283
-2.767	0.00414545
-2.766	0.00435914
-2.765	0.00458334
-2.764	0.00481916
-2.763	0.0050674
-2.762	0.00532807
-2.761	0.00560241
-2.76	0.00589062
-2.759	0.00619382
-2.758	0.00651272
-2.757	0.00684761
-2.756	0.00720055
-2.755	0.00757062
-2.754	0.00796057
-2.753	0.00837018
-2.752	0.00880109
-2.751	0.0092537
-2.75	0.00973021
-2.749	0.0102307
-2.748	0.0107577
-2.747	0.0113109
-2.746	0.0118934
-2.745	0.0125054
-2.744	0.0131492
-2.743	0.0138257
-2.742	0.0145372
-2.741	0.0152851
-2.74	0.016072
-2.739	0.0168991
-2.738	0.0177688
-2.737	0.0186839
-2.736	0.0196448
-2.735	0.0206565
-2.734	0.0217185
-2.733	0.0228373
-2.732	0.0240121
-2.731	0.0252478
-2.73	0.0265478
-2.729	0.0279134
-2.728	0.0293503
-2.727	0.0308608
-2.726	0.0324486
-2.725	0.0341194
-2.724	0.0358746
-2.723	0.0377217
-2.722	0.0396626
-2.721	0.0417035
-2.72	0.0438508
-2.719	0.0461069
-2.718	0.0484802
-2.717	0.0509753
-2.716	0.0535982
-2.715	0.0563572
-2.714	0.0592577
-2.713	0.0622117
-2.712	0.0652149
-2.711	0.0682644
-2.71	0.0713568
-2.709	0.074488
-2.708	0.0776544
-2.707	0.080852
-2.706	0.084078
-2.705	0.0873275
-2.704	0.0905972
-2.703	0.0938834
-2.702	0.0971814
-2.701	0.100489
-2.7	0.1038
-2.699	0.107112
-2.698	0.110421
-2.697	0.113723
-2.696	0.117014
-2.695	0.12029
-2.694	0.123548
-2.693	0.126783
-2.692	0.129991
-2.691	0.133169
-2.69	0.136313
-2.689	0.139421
-2.688	0.142486
-2.687	0.145506
-2.686	0.148479
-2.685	0.151399
-2.684	0.154264
-2.683	0.157071
-2.682	0.159815
-2.681	0.162494
-2.68	0.165104
-2.679	0.167643
-2.678	0.170108
-2.677	0.172495
-2.676	0.174802
-2.675	0.177026
-2.674	0.179165
-2.673	0.181215
-2.672	0.183175
-2.671	0.185043
-2.67	0.186815
-2.669	0.188491
-2.668	0.190067
-2.667	0.191543
-2.666	0.192916
-2.665	0.194185
-2.664	0.195348
-2.663	0.196405
-2.662	0.197353
-2.661	0.198192
-2.66	0.19892
-2.659	0.199537
-2.658	0.200043
-2.657	0.200436
-2.656	0.200716
-2.655	0.200883
-2.654	0.200937
-2.653	0.200877
-2.652	0.200704
-2.651	0.200418
-2.65	0.200018
-2.649	0.199507
-2.648	0.198884
-2.647	0.19815
-2.646	0.197307
-2.645	0.196354
-2.644	0.195294
-2.643	0.194126
-2.642	0.192854
-2.641	0.191478
-2.64	0.190001
-2.639	0.188423
-2.638	0.186747
-2.637	0.184974
-2.636	0.183108
-2.635	0.181148
-2.634	0.1791
-2.633	0.176965
-2.632	0.174745
-2.631	0.172443
-2.63	0.170061
-2.629	0.167604
-2.628	0.165072
-2.627	0.162471
-2.626	0.159802
-2.625	0.157069
-2.624	0.154275
-2.623	0.151423
-2.622	0.148518
-2.621	0.145561
-2.62	0.142557
-2.619	0.13951
-2.618	0.136423
-2.617	0.133299
-2.616	0.130143
-2.615	0.126958
-2.614	0.123748
-2.613	0.120517
-2.612	0.117268
-2.611	0.114005
-2.61	0.110734
-2.609	0.107456
-2.608	0.104176
-2.607	0.100899
-2.606	0.0976278
-2.605	0.0943662
-2.604	0.0911183
-2.603	0.0878881
-2.602	0.0846791
-2.601	0.0814956
-2.6	0.0783412
-2.599	0.0752196
-2.598	0.0721344
-2.597	0.0690895
-2.596	0.0660885
-2.595	0.0631349
-2.594	0.060232
-2.593	0.0573838
-2.592	0.0545931
-2.591	0.0518635
-2.59	0.0491985
-2.589	0.0466009
-2.588	0.0440742
-2.587	0.0416207
-2.586	0.039244
-2.585	0.0369465
-2.584	0.0347313
-2.583	0.0326012
-2.582	0.0305579
-2.581	0.0286045
-2.58	0.0267433
-2.579	0.0249765
-2.578	0.023306
-2.577	0.021734
-2.576	0.0202624
-2.575	0.0188927
-2.574	0.017627
-2.573	0.0164664
-2.572	0.0154124
-2.571	0.0144663
-2.57	0.0136295
-2.569	0.0129025
-2.568	0.0122866
-2.567	0.0117824
-2.566	0.0113905
-2.565	0.0111114
-2.564	0.0109455
-2.563	0.0108929
-2.562	0.0109539
-2.561	0.0111283
-2.56	0.0114157
-2.559	0.0118163
-2.558	0.0123293
-2.557	0.0129541
-2.556	0.0136902
-2.555	0.0145364
-2.554	0.0154921
-2.553	0.0165559
-2.552	0.0177266
-2.551	0.0190032
-2.55	0.0203839
-2.549	0.0218669
-2.548	0.0234507
-2.547	0.0251335
-2.546	0.0269135
-2.545	0.028788
-2.544	0.0307554
-2.543	0.0328132
-2.542	0.0349589
-2.541	0.03719
-2.54	0.0395037
-2.539	0.041898
-2.538	0.0443695
-2.537	0.046915
-2.536	0.0495321
-2.535	0.0522176
-2.534	0.0549682
-2.533	0.0577807
-2.532	0.060652
-2.531	0.0635784
-2.53	0.0665565
-2.529	0.0695832
-2.528	0.0726543
-2.527	0.0757668
-2.526	0.0789168
-2.525	0.0821003
-2.524	0.0853139
-2.523	0.0885535
-2.522	0.0918159
-2.521	0.0950967
-2.52	0.0983924
-2.519	0.101699
-2.518	0.105012
-2.517	0.108328
-2.516	0.111644
-2.515	0.114955
-2.514	0.118257
-2.513	0.121546
-2.512	0.124819
-2.511	0.128072
-2.51	0.131301
-2.509	0.134502
-2.508	0.137671
-2.507	0.140804
-2.506	0.143899
-2.505	0.146951
-2.504	0.149957
-2.503	0.152912
-2.502	0.155814
-2.501	0.158661
-2.5	0.161446
-2.499	0.164168
-2.498	0.166824
-2.497	0.169409
-2.496	0.171923
-2.495	0.17436
-2.494	0.17672
-2.493	0.178997
-2.492	0.181191
-2.491	0.183298
-2.49	0.185315
-2.489	0.187242
-2.488	0.189075
-2.487	0.190812
-2.486	0.192452
-2.485	0.193991
-2.484	0.19543
-2.483	0.196764
-2.482	0.197994
-2.481	0.199118
-2.48	0.200134
-2.479	0.201041
-2.478	0.201839
-2.477	0.202526
-2.476	0.203101
-2.475	0.203564
-2.474	0.203915
-2.473	0.204153
-2.472	0.204277
-2.471	0.204288
-2.47	0.204185
-2.469	0.203969
-2.468	0.20364
-2.467	0.203199
-2.466	0.202645
-2.465	0.20198
-2.464	0.201204
-2.463	0.200319
-2.462	0.199325
-2.461	0.198224
-2.46	0.197017
-2.459	0.195706
-2.458	0.194291
-2.457	0.192775
-2.456	0.191159
-2.455	0.189446
-2.454	0.187637
-2.453	0.185736
-2.452	0.183742
-2.451	0.181661
-2.45	0.179493
-2.449	0.177241
-2.448	0.174909
-2.447	0.172498
-2.446	0.170013
-2.445	0.167455
-2.444	0.164828
-2.443	0.162134
-2.442	0.159378
-2.441	0.156562
-2.44	0.15369
-2.439	0.150765
-2.438	0.14779
-2.437	0.14477
-2.436	0.141708
-2.435	0.138607
-2.434	0.135472
-2.433	0.132305
-2.432	0.129111
-2.431	0.125893
-2.43	0.122656
-2.429	0.119403
-2.428	0.116138
-2.427	0.112865
-2.426	0.109587
-2.425	0.10631
-2.424	0.103036
-2.423	0.0997691
-2.422	0.0965143
-2.421	0.0932746
-2.42	0.0900539
-2.419	0.0868564
-2.418	0.0836856
-2.417	0.0805458
-2.416	0.0774397
-2.415	0.074372
-2.414	0.0713458
-2.413	0.068365
-2.412	0.0654332
-2.411	0.0625535
-2.41	0.0597299
-2.409	0.056965
-2.408	0.0542629
-2.407	0.0516262
-2.406	0.0490585
-2.405	0.0465628
-2.404	0.0441415
-2.403	0.0417984
-2.402	0.0395358
-2.401	0.0373564
-2.4	0.0352629
-2.399	0.0332577
-2.398	0.0313434
-2.397	0.0295219
-2.396	0.0277959
-2.395	0.026167
-2.394	0.0246374
-2.393	0.0232091
-2.392	0.0218834
-2.391	0.0206622
-2.39	0.0195469
-2.389	0.0185388
-2.388	0.0176392
-2.387	0.016849
-2.386	0.0161694
-2.385	0.0156011
-2.384	0.0151448
-2.383	0.0148012
-2.382	0.0145706
-2.381	0.0144532
-2.38	0.0144494
-2.379	0.0145592
-2.378	0.0147823
-2.377	0.0151186
-2.376	0.0155677
-2.375	0.0161291
-2.374	0.0168021
-2.373	0.0175862
-2.372	0.0184802
-2.371	0.0194831
-2.37	0.0205936
-2.369	0.021811
-2.368	0.0231332
-2.367	0.0245591
-2.366	0.026087
-2.365	0.0277149
-2.364	0.0294408
-2.363	0.031263
-2.362	0.0331795
-2.361	0.0351878
-2.36	0.0372851
-2.359	0.0394698
-2.358	0.041739
-2.357	0.0440896
-2.356	0.0465197
-2.355	0.0490256
-2.354	0.0516051
-2.353	0.0542547
-2.352	0.0569712
-2.351	0.0597518
-2.35	0.0625931
-2.349	0.0654916
-2.348	0.068444
-2.347	0.0714468
-2.346	0.0744966
-2.345	0.0775898
-2.344	0.0807225
-2.343	0.0838911
-2.342	0.0870926
-2.341	0.0903221
-2.34	0.093576
-2.339	0.0968515
-2.338	0.100144
-2.337	0.103449
-2.336	0.106764
-2.335	0.110084
-2.334	0.113405
-2.333	0.116724
-2.332	0.120037
-2.331	0.12334
-2.33	0.126628
-2.329	0.129899
-2.328	0.133147
-2.327	0.136371
-2.326	0.139564
-2.325	0.142724
-2.324	0.145848
-2.323	0.148931
-2.322	0.15197
-2.321	0.154961
-2.32	0.157901
-2.319	0.160786
-2.318	0.163612
-2.317	0.166378
-2.316	0.169079
-2.315	0.171711
-2.314	0.174273
-2.313	0.176761
-2.312	0.179172
-2.311	0.181504
-2.31	0.183753
-2.309	0.185916
-2.308	0.187993
-2.307	0.189979
-2.306	0.191873
-2.305	0.193672
-2.304	0.195374
-2.303	0.196978
-2.302	0.198481
-2.301	0.199882
-2.3	0.201179
-2.299	0.202371
-2.298	0.203455
-2.297	0.204432
-2.296	0.2053
-2.295	0.206057
-2.294	0.206703
-2.293	0.207237
-2.292	0.207659
-2.291	0.207968
-2.29	0.208163
-2.289	0.208246
-2.288	0.208214
-2.287	0.20807
-2.286	0.207812
-2.285	0.20744
-2.284	0.206957
-2.283	0.206362
-2.282	0.205655
-2.281	0.204838
-2.28	0.203912
-2.279	0.202878
-2.278	0.201737
-2.277	0.200491
-2.276	0.19914
-2.275	0.197686
-2.274	0.196133
-2.273	0.19448
-2.272	0.192731
-2.271	0.190887
-2.27	0.18895
-2.269	0.186923
-2.268	0.184809
-2.267	0.182609
-2.266	0.180326
-2.265	0.177964
-2.264	0.175525
-2.263	0.173012
-2.262	0.170428
-2.261	0.167774
-2.26	0.165057
-2.259	0.162278
-2.258	0.15944
-2.257	0.156548
-2.256	0.153604
-2.255	0.150612
-2.254	0.147576
-2.253	0.144499
-2.252	0.141385
-2.251	0.138238
-2.25	0.135061
-2.249	0.131858
-2.248	0.128633
-2.247	0.12539
-2.246	0.122132
-2.245	0.118865
-2.244	0.11559
-2.243	0.112313
-2.242	0.109037
-2.241	0.105766
-2.24	0.102505
-2.239	0.0992567
-2.238	0.0960248
-2.237	0.0928138
-2.236	0.0896274
-2.235	0.0864694
-2.234	0.0833434
-2.233	0.0802531
-2.232	0.0772024
-2.231	0.0741948
-2.23	0.0712339
-2.229	0.0683235
-2.228	0.0654668
-2.227	0.062667
-2.226	0.0599278
-2.225	0.0572525
-2.224	0.0546441
-2.223	0.0521059
-2.222	0.0496408
-2.221	0.0472518
-2.22	0.0449415
-2.219	0.042713
-2.218	0.0405688
-2.217	0.0385118
-2.216	0.0365438
-2.215	0.0346677
-2.214	0.0328858
-2.213	0.0311997
-2.212	0.0296121
-2.211	0.0281244
-2.21	0.0267386
-2.209	0.0254561
-2.208	0.024279
-2.207	0.0232082
-2.206	0.0222453
-2.205	0.0213914
-2.204	0.0206473
-2.203	0.0200144
-2.202	0.0194931
-2.201	0.0190841
-2.2	0.0187879
-2.199	0.0186051
-2.198	0.0185357
-2.197	0.0185798
-2.196	0.0187376
-2.195	0.0190088
-2.194	0.0193931
-2.193	0.01989
-2.192	0.0204992
-2.191	0.0212199
-2.19	0.0220511
-2.189	0.022992
-2.188	0.0240414
-2.187	0.0251985
-2.186	0.0264612
-2.185	0.0278286
-2.184	0.0292993
-2.183	0.030871
-2.182	0.0325424
-2.181	0.0343109
-2.18	0.036175
-2.179	0.0381323
-2.178	0.0401808
-2.177	0.0423176
-2.176	0.0445408
-2.175	0.0468471
-2.174	0.0492344
-2.173	0.0516994
-2.172	0.0542399
-2.171	0.0568523
-2.17	0.0595337
-2.169	0.062281
-2.168	0.0650913
-2.167	0.0679606
-2.166	0.0708858
-2.165	0.073864
-2.164	0.0768913
-2.163	0.0799637
-2.162	0.083078
-2.161	0.0862313
-2.16	0.0894185
-2.159	0.0926367
-2.158	0.0958819
-2.157	0.0991508
-2.156	0.102438
-2.155	0.105742
-2.154	0.109057
-2.153	0.11238
-2.152	0.115707
-2.151	0.119033
-2.15	0.122356
-2.149	0.125671
-2.148	0.128974
-2.147	0.132261
-2.146	0.135529
-2.145	0.138774
-2.144	0.141991
-2.143	0.145178
-2.142	0.14833
-2.141	0.151443
-2.14	0.154514
-2.139	0.15754
-2.138	0.160517
-2.137	0.163441
-2.136	0.166309
-2.135	0.169117
-2.134	0.171863
-2.133	0.174542
-2.132	0.177152
-2.131	0.179691
-2.13	0.182154
-2.129	0.184539
-2.128	0.186843
-2.127	0.189064
-2.126	0.191198
-2.125	0.193244
-2.124	0.195199
-2.123	0.197061
-2.122	0.198826
-2.121	0.200495
-2.12	0.202064
-2.119	0.203531
-2.118	0.204896
-2.117	0.206156
-2.116	0.20731
-2.115	0.208356
-2.114	0.209294
-2.113	0.210122
-2.112	0.21084
-2.111	0.211446
-2.11	0.21194
-2.109	0.212321
-2.108	0.212589
-2.107	0.212744
-2.106	0.212784
-2.105	0.212712
-2.104	0.212526
-2.103	0.212226
-2.102	0.211814
-2.101	0.211289
-2.1	0.210653
-2.099	0.209907
-2.098	0.209049
-2.097	0.208083
-2.096	0.20701
-2.095	0.205829
-2.094	0.204544
-2.093	0.203155
-2.092	0.201665
-2.091	0.200074
-2.09	0.198385
-2.089	0.196601
-2.088	0.194722
-2.087	0.192752
-2.086	0.190692
-2.085	0.188546
-2.084	0.186315
-2.083	0.184002
-2.082	0.181611
-2.081	0.179144
-2.08	0.176604
-2.079	0.173994
-2.078	0.171317
-2.077	0.168576
-2.076	0.165774
-2.075	0.162917
-2.074	0.160005
-2.073	0.157043
-2.072	0.154035
-2.071	0.150983
-2.07	0.147892
-2.069	0.144765
-2.068	0.141607
-2.067	0.13842
-2.066	0.135209
-2.065	0.131977
-2.064	0.128729
-2.063	0.125468
-2.062	0.122198
-2.061	0.118922
-2.06	0.115646
-2.059	0.112373
-2.058	0.109106
-2.057	0.10585
-2.056	0.102608
-2.055	0.0993853
-2.054	0.0961844
-2.053	0.0930092
-2.052	0.0898638
-2.051	0.0867525
-2.05	0.0836781
-2.049	0.0806447
-2.048	0.0776558
-2.047	0.0747151
-2.046	0.0718263
-2.045	0.0689925
-2.044	0.0662169
-2.043	0.0635034
-2.042	0.060855
-2.041	0.0582747
-2.04	0.0557659
-2.039	0.0533314
-2.038	0.050974
-2.037	0.0486967
-2.036	0.0465021
-2.035	0.0443931
-2.034	0.0423721
-2.033	0.0404412
-2.032	0.038603
-2.031	0.0368601
-2.03	0.0352139
-2.029	0.0336667
-2.028	0.0322206
-2.027	0.0308767
-2.026	0.0296372
-2.025	0.0285035
-2.024	0.0274768
-2.023	0.0265585
-2.022	0.0257496
-2.021	0.0250511
-2.02	0.0244639
-2.019	0.0239888
-2.018	0.0236264
-2.017	0.023377
-2.016	0.0232412
-2.015	0.0232188
-2.014	0.0233101
-2.013	0.0235152
-2.012	0.0238335
-2.011	0.0242649
-2.01	0.0248089
-2.009	0.025465
-2.008	0.0262321
-2.007	0.0271097
-2.006	0.0280965
-2.005	0.0291918
-2.004	0.0303938
-2.003	0.0317013
-2.002	0.0331131
-2.001	0.0346272
-2	0.0362418
-1.999	0.0379553
-1.998	0.0397654
-1.997	0.0416706
-1.996	0.0436679
-1.995	0.0457553
-1.994	0.0479306
-1.993	0.0501909
-1.992	0.0525338
-1.991	0.0549564
-1.99	0.0574559
-1.989	0.0600291
-1.988	0.0626739
-1.987	0.0653861
-1.986	0.0681633
-1.985	0.0710016
-1.984	0.0738985
-1.983	0.0768498
-1.982	0.0798527
-1.981	0.0829026
-1.98	0.0859977
-1.979	0.0891327
-1.978	0.0923047
-1.977	0.0955101
-1.976	0.0987447
-1.975	0.102005
-1.974	0.105287
-1.973	0.108587
-1.972	0.111901
-1.971	0.115225
-1.97	0.118555
-1.969	0.121888
-1.968	0.125219
-1.967	0.128545
-1.966	0.131861
-1.965	0.135164
-1.964	0.13845
-1.963	0.141715
-1.962	0.144955
-1.961	0.148167
-1.96	0.151346
-1.959	0.154489
-1.958	0.157592
-1.957	0.160652
-1.956	0.163664
-1.955	0.166626
-1.954	0.169535
-1.953	0.172385
-1.952	0.175175
-1.951	0.1779
-1.95	0.180559
-1.949	0.183147
-1.948	0.185662
-1.947	0.1881
-1.946	0.19046
-1.945	0.192737
-1.944	0.19493
-1.943	0.197035
-1.942	0.199051
-1.941	0.200975
-1.94	0.202804
-1.939	0.204538
-1.938	0.206172
-1.937	0.207707
-1.936	0.20914
-1.935	0.210468
-1.934	0.211692
-1.933	0.212809
-1.932	0.213818
-1.931	0.214717
-1.93	0.215507
-1.929	0.216186
-1.928	0.216752
-1.927	0.217207
-1.926	0.217548
-1.925	0.217776
-1.924	0.21789
-1.923	0.217891
-1.922	0.217779
-1.921	0.217552
-1.92	0.217212
-1.919	0.21676
-1.918	0.216196
-1.917	0.21552
-1.916	0.214733
-1.915	0.213837
-1.914	0.212832
-1.913	0.21172
-1.912	0.210502
-1.911	0.209179
-1.91	0.207753
-1.909	0.206226
-1.908	0.204601
-1.907	0.202877
-1.906	0.201058
-1.905	0.199146
-1.904	0.197143
-1.903	0.195052
-1.902	0.192875
-1.901	0.190614
-1.9	0.188274
-1.899	0.185855
-1.898	0.18336
-1.897	0.180794
-1.896	0.17816
-1.895	0.17546
-1.894	0.172697
-1.893	0.169875
-1.892	0.166998
-1.891	0.164068
-1.89	0.161089
-1.889	0.158065
-1.888	0.155
-1.887	0.151896
-1.886	0.148757
-1.885	0.145589
-1.884	0.142394
-1.883	0.139176
-1.882	0.135938
-1.881	0.132685
-1.88	0.129422
-1.879	0.12615
-1.878	0.122876
-1.877	0.119601
-1.876	0.116331
-1.875	0.113069
-1.874	0.109819
-1.873	0.106585
-1.872	0.103371
-1.871	0.100181
-1.87	0.097018
-1.869	0.0938865
-1.868	0.0907901
-1.867	0.0877321
-1.866	0.0847166
-1.865	0.081747
-1.864	0.0788269
-1.863	0.0759601
-1.862	0.0731495
-1.861	0.0703989
-1.86	0.0677113
-1.859	0.0650902
-1.858	0.0625382
-1.857	0.0600591
-1.856	0.0576554
-1.855	0.0553299
-1.854	0.0530854
-1.853	0.0509252
-1.852	0.0488513
-1.851	0.0468662
-1.85	0.0449726
-1.849	0.0431723
-1.848	0.0414681
-1.847	0.0398616
-1.846	0.038355
-1.845	0.0369497
-1.844	0.0356479
-1.843	0.0344509
-1.842	0.0333602
-1.841	0.032377
-1.84	0.0315031
-1.839	0.0307387
-1.838	0.0300852
-1.837	0.0295433
-1.836	0.029114
-1.835	0.0287974
-1.834	0.0285944
-1.833	0.0285046
-1.832	0.0285287
-1.831	0.0286665
-1.83	0.028918
-1.829	0.0292826
-1.828	0.0297604
-1.827	0.0303506
-1.826	0.0310522
-1.825	0.0318654
-1.824	0.0327882
-1.823	0.0338201
-1.822	0.0349597
-1.821	0.036206
-1.82	0.0375574
-1.819	0.0390119
-1.818	0.0405685
-1.817	0.0422253
-1.816	0.0439798
-1.815	0.0458305
-1.814	0.0477749
-1.813	0.0498116
-1.812	0.0519367
-1.811	0.054149
-1.81	0.0564455
-1.809	0.0588235
-1.808	0.06128
-1.807	0.0638126
-1.806	0.0664184
-1.805	0.0690934
-1.804	0.0718357
-1.803	0.0746411
-1.802	0.0775072
-1.801	0.0804296
-1.8	0.083406
-1.799	0.086432
-1.798	0.0895047
-1.797	0.0926204
-1.796	0.095775
-1.795	0.098965
-1.794	0.102187
-1.793	0.105437
-1.792	0.108711
-1.791	0.112005
-1.79	0.115316
-1.789	0.11864
-1.788	0.121972
-1.787	0.125309
-1.786	0.128646
-1.785	0.131981
-1.784	0.135309
-1.783	0.138626
-1.782	0.141928
-1.781	0.145212
-1.78	0.148473
-1.779	0.151708
-1.778	0.154913
-1.777	0.158084
-1.776	0.161217
-1.775	0.16431
-1.774	0.167357
-1.773	0.170356
-1.772	0.173303
-1.771	0.176195
-1.77	0.179028
-1.769	0.181799
-1.768	0.184505
-1.767	0.187142
-1.766	0.189707
-1.765	0.192199
-1.764	0.194612
-1.763	0.196946
-1.762	0.199196
-1.761	0.20136
-1.76	0.203437
-1.759	0.205423
-1.758	0.207316
-1.757	0.209114
-1.756	0.210815
-1.755	0.212417
-1.754	0.213917
-1.753	0.215315
-1.752	0.216609
-1.751	0.217797
-1.75	0.218877
-1.749	0.219849
-1.748	0.220711
-1.747	0.221463
-1.746	0.222103
-1.745	0.222632
-1.744	0.223047
-1.743	0.22335
-1.742	0.223538
-1.741	0.223614
-1.74	0.223575
-1.739	0.223423
-1.738	0.223157
-1.737	0.222779
-1.736	0.222288
-1.735	0.221684
-1.734	0.22097
-1.733	0.220145
-1.732	0.21921
-1.731	0.218168
-1.73	0.217019
-1.729	0.215764
-1.728	0.214406
-1.727	0.212944
-1.726	0.211383
-1.725	0.209722
-1.724	0.207966
-1.723	0.206114
-1.722	0.20417
-1.721	0.202136
-1.72	0.200015
-1.719	0.197808
-1.718	0.19552
-1.717	0.193151
-1.716	0.190706
-1.715	0.188187
-1.714	0.185597
-1.713	0.18294
-1.712	0.180218
-1.711	0.177435
-1.71	0.174594
-1.709	0.171698
-1.708	0.168751
-1.707	0.165757
-1.706	0.162719
-1.705	0.15964
-1.704	0.156525
-1.703	0.153377
-1.702	0.1502
-1.701	0.146997
-1.7	0.143774
-1.699	0.140531
-1.698	0.137276
-1.697	0.134011
-1.696	0.13074
-1.695	0.127466
-1.694	0.124195
-1.693	0.120929
-1.692	0.117673
-1.691	0.11443
-1.69	0.111206
-1.689	0.108002
-1.688	0.104823
-1.687	0.101673
-1.686	0.0985562
-1.685	0.0954754
-1.684	0.0924352
-1.683	0.0894386
-1.682	0.0864889
-1.681	0.0835905
-1.68	0.0807463
-1.679	0.0779601
-1.678	0.0752343
-1.677	0.0725734
-1.676	0.0699798
-1.675	0.0674571
-1.674	0.0650077
-1.673	0.0626352
-1.672	0.0603423
-1.671	0.0581312
-1.67	0.056005
-1.669	0.0539664
-1.668	0.0520179
-1.667	0.0501613
-1.666	0.0483992
-1.665	0.0467337
-1.664	0.0451669
-1.663	0.0437007
-1.662	0.0423368
-1.661	0.0410766
-1.66	0.0399218
-1.659	0.0388741
-1.658	0.0379345
-1.657	0.0371041
-1.656	0.0363843
-1.655	0.0357752
-1.654	0.0352786
-1.653	0.0348944
-1.652	0.0346233
-1.651	0.0344657
-1.65	0.0344219
-1.649	0.0344917
-1.648	0.0346753
-1.647	0.0349726
-1.646	0.035383
-1.645	0.0359063
-1.644	0.0365418
-1.643	0.037289
-1.642	0.0381466
-1.641	0.0391139
-1.64	0.0401902
-1.639	0.0413735
-1.638	0.0426629
-1.637	0.0440569
-1.636	0.0455539
-1.635	0.0471522
-1.634	0.0488494
-1.633	0.0506442
-1.632	0.0525342
-1.631	0.0545176
-1.63	0.0565915
-1.629	0.058754
-1.628	0.061002
-1.627	0.0633334
-1.626	0.0657453
-1.625	0.0682352
-1.624	0.0707997
-1.623	0.0734361
-1.622	0.0761412
-1.621	0.0789116
-1.62	0.0817446
-1.619	0.0846366
-1.618	0.0875843
-1.617	0.0905841
-1.616	0.0936329
-1.615	0.0967265
-1.614	0.0998614
-1.613	0.103035
-1.612	0.106241
-1.611	0.109479
-1.61	0.112743
-1.609	0.11603
-1.608	0.119336
-1.607	0.122656
-1.606	0.125989
-1.605	0.129328
-1.604	0.13267
-1.603	0.136012
-1.602	0.139349
-1.601	0.142679
-1.6	0.145995
-1.599	0.149296
-1.598	0.152576
-1.597	0.155833
-1.596	0.159061
-1.595	0.162259
-1.594	0.165421
-1.593	0.168544
-1.592	0.171625
-1.591	0.17466
-1.59	0.177644
-1.589	0.180576
-1.588	0.183451
-1.587	0.186266
-1.586	0.189018
-1.585	0.191703
-1.584	0.194319
-1.583	0.196861
-1.582	0.199329
-1.581	0.201717
-1.58	0.204024
-1.579	0.206248
-1.578	0.208385
-1.577	0.210432
-1.576	0.212388
-1.575	0.21425
-1.574	0.216017
-1.573	0.217685
-1.572	0.219254
-1.571	0.220721
-1.57	0.222084
-1.569	0.223343
-1.568	0.224495
-1.567	0.225539
-1.566	0.226475
-1.565	0.2273
-1.564	0.228015
-1.563	0.228618
-1.562	0.229107
-1.561	0.229485
-1.56	0.229749
-1.559	0.2299
-1.558	0.229937
-1.557	0.22986
-1.556	0.229669
-1.555	0.229365
-1.554	0.228948
-1.553	0.228419
-1.552	0.227777
-1.551	0.227025
-1.55	0.226163
-1.549	0.225193
-1.548	0.224114
-1.547	0.222928
-1.546	0.221639
-1.545	0.220245
-1.544	0.21875
-1.543	0.217154
-1.542	0.215461
-1.541	0.213672
-1.54	0.211789
-1.539	0.209815
-1.538	0.207751
-1.537	0.205601
-1.536	0.203367
-1.535	0.20105
-1.534	0.198656
-1.533	0.196187
-1.532	0.193644
-1.531	0.191032
-1.53	0.188353
-1.529	0.185611
-1.528	0.182809
-1.527	0.17995
-1.526	0.177037
-1.525	0.174075
-1.524	0.171067
-1.523	0.168017
-1.522	0.164926
-1.521	0.161801
-1.52	0.158645
-1.519	0.15546
-1.518	0.152252
-1.517	0.149024
-1.516	0.145779
-1.515	0.142522
-1.514	0.139257
-1.513	0.135987
-1.512	0.132717
-1.511	0.129449
-1.51	0.126189
-1.509	0.12294
-1.508	0.119706
-1.507	0.116491
-1.506	0.113299
-1.505	0.110133
-1.504	0.106998
-1.503	0.103896
-1.502	0.100833
-1.501	0.0978104
-1.5	0.0948332
-1.499	0.091905
-1.498	0.0890285
-1.497	0.0862081
-1.496	0.0834464
-1.495	0.0807472
-1.494	0.0781135
-1.493	0.0755482
-1.492	0.0730549
-1.491	0.0706366
-1.49	0.0682957
-1.489	0.0660354
-1.488	0.0638583
-1.487	0.0617671
-1.486	0.0597641
-1.485	0.0578523
-1.484	0.0560333
-1.483	0.0543096
-1.482	0.0526832
-1.481	0.0511564
-1.48	0.0497305
-1.479	0.0484078
-1.478	0.0471893
-1.477	0.046077
-1.476	0.0450722
-1.475	0.0441757
-1.474	0.0433895
-1.473	0.0427136
-1.472	0.0421492
-1.471	0.0416973
-1.47	0.0413581
-1.469	0.0411322
-1.468	0.0410199
-1.467	0.0410212
-1.466	0.0411367
-1.465	0.0413657
-1.464	0.0417082
-1.463	0.0421638
-1.462	0.0427323
-1.461	0.0434125
-1.46	0.044204
-1.459	0.0451059
-1.458	0.0461174
-1.457	0.0472369
-1.456	0.0484635
-1.455	0.049795
-1.454	0.0512311
-1.453	0.0527695
-1.452	0.0544083
-1.451	0.0561459
-1.45	0.0579798
-1.449	0.0599086
-1.448	0.0619294
-1.447	0.0640405
-1.446	0.0662386
-1.445	0.0685222
-1.444	0.0708876
-1.443	0.0733326
-1.442	0.0758546
-1.441	0.07845
-1.44	0.0811162
-1.439	0.0838502
-1.438	0.0866485
-1.437	0.0895078
-1.436	0.0924248
-1.435	0.0953967
-1.434	0.0984191
-1.433	0.101489
-1.432	0.104603
-1.431	0.107756
-1.43	0.110947
-1.429	0.11417
-1.428	0.117422
-1.427	0.120699
-1.426	0.123999
-1.425	0.127314
-1.424	0.130644
-1.423	0.133984
-1.422	0.137329
-1.421	0.140676
-1.42	0.144021
-1.419	0.14736
-1.418	0.15069
-1.417	0.154006
-1.416	0.157304
-1.415	0.160581
-1.414	0.163831
-1.413	0.167054
-1.412	0.170243
-1.411	0.173397
-1.41	0.176509
-1.409	0.179578
-1.408	0.182599
-1.407	0.185569
-1.406	0.188484
-1.405	0.191342
-1.404	0.194139
-1.403	0.196871
-1.402	0.199535
-1.401	0.202129
-1.4	0.204649
-1.399	0.207091
-1.398	0.209455
-1.397	0.211736
-1.396	0.213932
-1.395	0.21604
-1.394	0.21806
-1.393	0.219985
-1.392	0.221817
-1.391	0.223552
-1.39	0.225188
-1.389	0.226724
-1.388	0.228157
-1.387	0.229486
-1.386	0.23071
-1.385	0.231826
-1.384	0.232835
-1.383	0.233734
-1.382	0.234523
-1.381	0.235201
-1.38	0.235766
-1.379	0.236219
-1.378	0.236559
-1.377	0.236786
-1.376	0.236898
-1.375	0.236897
-1.374	0.236782
-1.373	0.236554
-1.372	0.236212
-1.371	0.235758
-1.37	0.235191
-1.369	0.234513
-1.368	0.233724
-1.367	0.232826
-1.366	0.231819
-1.365	0.230705
-1.364	0.229484
-1.363	0.22816
-1.362	0.226732
-1.361	0.225204
-1.36	0.223576
-1.359	0.221851
-1.358	0.220031
-1.357	0.218117
-1.356	0.216114
-1.355	0.214021
-1.354	0.211843
-1.353	0.209582
-1.352	0.207241
-1.351	0.204822
-1.35	0.202329
-1.349	0.199764
-1.348	0.19713
-1.347	0.194431
-1.346	0.19167
-1.345	0.188849
-1.344	0.185974
-1.343	0.183046
-1.342	0.18007
-1.341	0.177049
-1.34	0.173987
-1.339	0.170887
-1.338	0.167753
-1.337	0.164589
-1.336	0.161399
-1.335	0.158187
-1.334	0.154955
-1.333	0.151709
-1.332	0.148451
-1.331	0.145187
-1.33	0.14192
-1.329	0.138653
-1.328	0.135392
-1.327	0.132138
-1.326	0.128897
-1.325	0.125673
-1.324	0.122469
-1.323	0.119289
-1.322	0.116138
-1.321	0.113017
-1.32	0.109932
-1.319	0.106887
-1.318	0.103884
-1.317	0.100928
-1.316	0.0980212
-1.315	0.095168
-1.314	0.0923721
-1.313	0.0896359
-1.312	0.0869635
-1.311	0.0843579
-1.31	0.0818222
-1.309	0.0793593
-1.308	0.076972
-1.307	0.0746636
-1.306	0.0724369
-1.305	0.0702945
-1.304	0.0682383
-1.303	0.0662718
-1.302	0.0643969
-1.301	0.0626162
-1.3	0.0609309
-1.299	0.0593444
-1.298	0.0578574
-1.297	0.0564727
-1.296	0.0551914
-1.295	0.0540152
-1.294	0.0529455
-1.293	0.0519836
-1.292	0.0511309
-1.291	0.0503882
-1.29	0.0497566
-1.289	0.0492369
-1.288	0.0488297
-1.287	0.0485354
-1.286	0.0483545
-1.285	0.0482877
-1.284	0.0483344
-1.283	0.0484946
-1.282	0.048769
-1.281	0.0491565
-1.28	0.0496572
-1.279	0.0502701
-1.278	0.0509951
-1.277	0.0518306
-1.276	0.052777
-1.275	0.0538315
-1.274	0.054994
-1.273	0.0562631
-1.272	0.0576371
-1.271	0.0591145
-1.27	0.0606934
-1.269	0.0623725
-1.268	0.0641496
-1.267	0.0660223
-1.266	0.0679889
-1.265	0.0700468
-1.264	0.0721941
-1.263	0.074428
-1.262	0.0767454
-1.261	0.0791449
-1.26	0.081622
-1.259	0.0841749
-1.258	0.0868011
-1.257	0.0894966
-1.256	0.0922581
-1.255	0.0950836
-1.254	0.0979684
-1.253	0.10091
-1.252	0.103905
-1.251	0.106949
-1.25	0.11004
-1.249	0.113173
-1.248	0.116344
-1.247	0.119551
-1.246	0.12279
-1.245	0.126056
-1.244	0.129346
-1.243	0.132656
-1.242	0.135982
-1.241	0.13932
-1.24	0.142666
-1.239	0.146017
-1.238	0.149368
-1.237	0.152715
-1.236	0.156056
-1.235	0.159385
-1.234	0.162699
-1.233	0.165995
-1.232	0.169267
-1.231	0.172513
-1.23	0.175728
-1.229	0.178909
-1.228	0.182052
-1.227	0.185153
-1.226	0.188209
-1.225	0.191216
-1.224	0.194171
-1.223	0.197071
-1.222	0.19991
-1.221	0.202689
-1.22	0.2054
-1.219	0.208044
-1.218	0.210615
-1.217	0.213111
-1.216	0.215531
-1.215	0.217869
-1.214	0.220123
-1.213	0.222292
-1.212	0.224372
-1.211	0.226361
-1.21	0.228258
-1.209	0.230059
-1.208	0.231762
-1.207	0.233366
-1.206	0.234869
-1.205	0.236268
-1.204	0.237565
-1.203	0.238753
-1.202	0.239835
-1.201	0.240808
-1.2	0.241671
-1.199	0.242424
-1.198	0.243065
-1.197	0.243594
-1.196	0.24401
-1.195	0.244312
-1.194	0.244502
-1.193	0.244577
-1.192	0.244539
-1.191	0.244386
-1.19	0.24412
-1.189	0.243742
-1.188	0.243251
-1.187	0.242647
-1.186	0.241932
-1.185	0.241108
-1.184	0.240174
-1.183	0.239132
-1.182	0.237983
-1.181	0.236728
-1.18	0.23537
-1.179	0.233909
-1.178	0.232348
-1.177	0.230689
-1.176	0.228933
-1.175	0.227082
-1.174	0.225139
-1.173	0.223107
-1.172	0.220987
-1.171	0.218783
-1.17	0.216496
-1.169	0.21413
-1.168	0.211687
-1.167	0.209171
-1.166	0.206585
-1.165	0.20393
-1.164	0.201212
-1.163	0.198433
-1.162	0.195596
-1.161	0.192705
-1.16	0.189762
-1.159	0.186774
-1.158	0.183741
-1.157	0.180669
-1.156	0.17756
-1.155	0.174418
-1.154	0.171248
-1.153	0.168053
-1.152	0.164836
-1.151	0.161603
-1.15	0.158356
-1.149	0.155099
-1.148	0.151837
-1.147	0.148573
-1.146	0.145312
-1.145	0.142056
-1.144	0.138811
-1.143	0.135579
-1.142	0.132366
-1.141	0.129174
-1.14	0.126007
-1.139	0.12287
-1.138	0.119766
-1.137	0.116699
-1.136	0.113672
-1.135	0.110689
-1.134	0.107755
-1.133	0.104871
-1.132	0.102042
-1.131	0.0992707
-1.13	0.0965614
-1.129	0.0939166
-1.128	0.0913398
-1.127	0.0888337
-1.126	0.0864018
-1.125	0.0840469
-1.124	0.0817714
-1.123	0.0795786
-1.122	0.0774712
-1.121	0.0754515
-1.12	0.0735216
-1.119	0.0716844
-1.118	0.069942
-1.117	0.0682964
-1.116	0.0667494
-1.115	0.0653033
-1.114	0.0639598
-1.113	0.0627203
-1.112	0.0615865
-1.111	0.0605599
-1.11	0.0596413
-1.109	0.0588324
-1.108	0.0581338
-1.107	0.0575468
-1.106	0.0570717
-1.105	0.0567093
-1.104	0.0564603
-1.103	0.0563246
-1.102	0.0563029
-1.101	0.0563947
-1.1	0.0566006
-1.099	0.05692
-1.098	0.0573527
-1.097	0.0578984
-1.096	0.0585561
-1.095	0.0593252
-1.094	0.0602052
-1.093	0.0611947
-1.092	0.0622927
-1.091	0.0634984
-1.09	0.0648097
-1.089	0.0662254
-1.088	0.0677439
-1.087	0.0693638
-1.086	0.0710828
-1.085	0.0728986
-1.084	0.0748101
-1.083	0.076814
-1.082	0.078909
-1.081	0.081092
-1.08	0.0833606
-1.079	0.0857123
-1.078	0.0881443
-1.077	0.0906537
-1.076	0.093238
-1.075	0.0958934
-1.074	0.0986169
-1.073	0.101407
-1.072	0.104258
-1.071	0.107168
-1.07	0.110134
-1.069	0.113151
-1.068	0.116217
-1.067	0.119328
-1.066	0.122479
-1.065	0.125669
-1.064	0.128892
-1.063	0.132145
-1.062	0.135424
-1.061	0.138726
-1.06	0.142046
-1.059	0.145382
-1.058	0.148727
-1.057	0.15208
-1.056	0.155436
-1.055	0.15879
-1.054	0.16214
-1.053	0.165481
-1.052	0.16881
-1.051	0.172122
-1.05	0.175414
-1.049	0.178681
-1.048	0.181921
-1.047	0.185127
-1.046	0.1883
-1.045	0.191432
-1.044	0.194522
-1.043	0.197565
-1.042	0.200558
-1.041	0.203498
-1.04	0.20638
-1.039	0.209203
-1.038	0.211961
-1.037	0.214653
-1.036	0.217275
-1.035	0.219824
-1.034	0.222296
-1.033	0.224691
-1.032	0.227003
-1.031	0.229231
-1.03	0.231373
-1.029	0.233425
-1.028	0.235385
-1.027	0.237251
-1.026	0.239021
-1.025	0.240693
-1.024	0.242265
-1.023	0.243735
-1.022	0.245102
-1.021	0.246363
-1.02	0.247518
-1.019	0.248565
-1.018	0.249503
-1.017	0.25033
-1.016	0.251047
-1.015	0.251651
-1.014	0.252144
-1.013	0.252523
-1.012	0.252789
-1.011	0.252941
-1.01	0.25298
-1.009	0.252904
-1.008	0.252715
-1.007	0.252414
-1.006	0.251998
-1.005	0.25147
-1.004	0.250831
-1.003	0.25008
-1.002	0.24922
-1.001	0.248251
-1	0.247174
-0.999	0.245991
-0.998	0.244703
-0.997	0.243311
-0.996	0.241819
-0.995	0.240226
-0.994	0.238535
-0.993	0.236749
-0.992	0.23487
-0.991	0.232898
-0.99	0.230838
-0.989	0.228691
-0.988	0.226461
-0.987	0.224149
-0.986	0.221759
-0.985	0.219293
-0.984	0.216756
-0.983	0.214149
-0.982	0.211475
-0.981	0.208738
-0.98	0.205942
-0.979	0.203089
-0.978	0.200183
-0.977	0.197228
-0.976	0.194227
-0.975	0.191184
-0.974	0.188102
-0.973	0.184985
-0.972	0.181836
-0.971	0.178661
-0.97	0.175461
-0.969	0.172243
-0.968	0.169008
-0.967	0.165762
-0.966	0.162506
-0.965	0.159247
-0.964	0.155987
-0.963	0.152732
-0.962	0.149484
-0.961	0.146247
-0.96	0.143026
-0.959	0.139824
-0.958	0.136644
-0.957	0.133492
-0.956	0.130371
-0.955	0.127284
-0.954	0.124235
-0.953	0.121228
-0.952	0.118266
-0.951	0.115353
-0.95	0.112493
-0.949	0.109689
-0.948	0.106944
-0.947	0.104262
-0.946	0.101645
-0.945	0.0990975
-0.944	0.0966222
-0.943	0.094222
-0.942	0.0918996
-0.941	0.0896579
-0.94	0.0875
-0.939	0.0854282
-0.938	0.0834444
-0.937	0.0815522
-0.936	0.0797531
-0.935	0.0780494
-0.934	0.0764436
-0.933	0.0749372
-0.932	0.0735321
-0.931	0.0722303
-0.93	0.0710331
-0.929	0.069942
-0.928	0.0689585
-0.927	0.0680836
-0.926	0.0673186
-0.925	0.0666646
-0.924	0.0661223
-0.923	0.0656923
-0.922	0.065375
-0.921	0.065171
-0.92	0.0650811
-0.919	0.0651045
-0.918	0.0652421
-0.917	0.0654932
-0.916	0.065858
-0.915	0.0663357
-0.914	0.0669265
-0.913	0.0676289
-0.912	0.0684424
-0.911	0.0693665
-0.91	0.0703998
-0.909	0.0715414
-0.908	0.0727893
-0.907	0.0741434
-0.906	0.0756007
-0.905	0.0771603
-0.904	0.0788205
-0.903	0.0805789
-0.902	0.0824345
-0.901	0.0843838
-0.9	0.0864253
-0.899	0.0885567
-0.898	0.0907754
-0.897	0.0930785
-0.896	0.0954641
-0.895	0.0979287
-0.894	0.10047
-0.893	0.103085
-0.892	0.105769
-0.891	0.108522
-0.89	0.111339
-0.889	0.114216
-0.888	0.117151
-0.887	0.12014
-0.886	0.12318
-0.885	0.126267
-0.884	0.129397
-0.883	0.132567
-0.882	0.135774
-0.881	0.139012
-0.88	0.14228
-0.879	0.145573
-0.878	0.148885
-0.877	0.152216
-0.876	0.15556
-0.875	0.158913
-0.874	0.162272
-0.873	0.165632
-0.872	0.16899
-0.871	0.172342
-0.87	0.175683
-0.869	0.179011
-0.868	0.182321
-0.867	0.185608
-0.866	0.18887
-0.865	0.192102
-0.864	0.195302
-0.863	0.198464
-0.862	0.201587
-0.861	0.204664
-0.86	0.207694
-0.859	0.210673
-0.858	0.213597
-0.857	0.216462
-0.856	0.219266
-0.855	0.222005
-0.854	0.224677
-0.853	0.227277
-0.852	0.229803
-0.851	0.232252
-0.85	0.234622
-0.849	0.236909
-0.848	0.23911
-0.847	0.241224
-0.846	0.243247
-0.845	0.245179
-0.844	0.247015
-0.843	0.248754
-0.842	0.250395
-0.841	0.251935
-0.84	0.253372
-0.839	0.254705
-0.838	0.255932
-0.837	0.257053
-0.836	0.258065
-0.835	0.258967
-0.834	0.25976
-0.833	0.26044
-0.832	0.261009
-0.831	0.261464
-0.83	0.261807
-0.829	0.262036
-0.828	0.262152
-0.827	0.262154
-0.826	0.262042
-0.825	0.261816
-0.824	0.261478
-0.823	0.261026
-0.822	0.260462
-0.821	0.259787
-0.82	0.259002
-0.819	0.258106
-0.818	0.257103
-0.817	0.255992
-0.816	0.254775
-0.815	0.253454
-0.814	0.25203
-0.813	0.250506
-0.812	0.248882
-0.811	0.247161
-0.81	0.245345
-0.809	0.243437
-0.808	0.241437
-0.807	0.23935
-0.806	0.237177
-0.805	0.234921
-0.804	0.232586
-0.803	0.230173
-0.802	0.227686
-0.801	0.225127
-0.8	0.2225
-0.799	0.219808
-0.798	0.217053
-0.797	0.21424
-0.796	0.211373
-0.795	0.208453
-0.794	0.205486
-0.793	0.202473
-0.792	0.19942
-0.791	0.196329
-0.79	0.193205
-0.789	0.190051
-0.788	0.186871
-0.787	0.183669
-0.786	0.180448
-0.785	0.177213
-0.784	0.173967
-0.783	0.170715
-0.782	0.167459
-0.781	0.164205
-0.78	0.160957
-0.779	0.157717
-0.778	0.154489
-0.777	0.151279
-0.776	0.148089
-0.775	0.144924
-0.774	0.141787
-0.773	0.138682
-0.772	0.135613
-0.771	0.132583
-0.77	0.129596
-0.769	0.126656
-0.768	0.123767
-0.767	0.120931
-0.766	0.118152
-0.765	0.115434
-0.764	0.112779
-0.763	0.110192
-0.762	0.107675
-0.761	0.10523
-0.76	0.102862
-0.759	0.100573
-0.758	0.098366
-0.757	0.0962432
-0.756	0.0942076
-0.755	0.092261
-0.754	0.0904066
-0.753	0.0886462
-0.752	0.0869824
-0.751	0.0854169
-0.75	0.0839509
-0.749	0.0825874
-0.748	0.0813276
-0.747	0.0801733
-0.746	0.0791252
-0.745	0.0781854
-0.744	0.0773543
-0.743	0.0766343
-0.742	0.0760247
-0.741	0.0755272
-0.74	0.0751423
-0.739	0.0748705
-0.738	0.0747122
-0.737	0.0746675
-0.736	0.074737
-0.735	0.0749201
-0.734	0.0752168
-0.733	0.0756271
-0.732	0.0761502
-0.731	0.0767856
-0.73	0.0775331
-0.729	0.0783911
-0.728	0.0793591
-0.727	0.0804363
-0.726	0.0816207
-0.725	0.082912
-0.724	0.0843079
-0.723	0.0858069
-0.722	0.0874079
-0.721	0.0891082
-0.72	0.0909065
-0.719	0.0928006
-0.718	0.094788
-0.717	0.096867
-0.716	0.0990348
-0.715	0.101289
-0.714	0.103627
-0.713	0.106046
-0.712	0.108543
-0.711	0.111116
-0.71	0.11376
-0.709	0.116475
-0.708	0.119256
-0.707	0.122099
-0.706	0.125003
-0.705	0.127962
-0.704	0.130975
-0.703	0.134036
-0.702	0.137144
-0.701	0.140294
-0.7	0.143482
-0.699	0.146705
-0.698	0.14996
-0.697	0.153241
-0.696	0.156546
-0.695	0.159872
-0.694	0.163211
-0.693	0.166564
-0.692	0.169925
-0.691	0.173289
-0.69	0.176654
-0.689	0.180014
-0.688	0.183367
-0.687	0.186709
-0.686	0.190035
-0.685	0.193342
-0.684	0.196625
-0.683	0.199881
-0.682	0.203108
-0.681	0.206299
-0.68	0.209452
-0.679	0.212563
-0.678	0.215628
-0.677	0.218645
-0.676	0.221609
-0.675	0.224517
-0.674	0.227366
-0.673	0.230151
-0.672	0.23287
-0.671	0.235522
-0.67	0.2381
-0.669	0.240603
-0.668	0.243029
-0.667	0.245373
-0.666	0.247635
-0.665	0.249809
-0.664	0.251896
-0.663	0.253891
-0.662	0.255792
-0.661	0.257599
-0.66	0.259307
-0.659	0.260916
-0.658	0.262424
-0.657	0.263829
-0.656	0.265128
-0.655	0.266322
-0.654	0.267408
-0.653	0.268385
-0.652	0.269253
-0.651	0.27001
-0.65	0.270655
-0.649	0.271187
-0.648	0.271607
-0.647	0.271914
-0.646	0.272106
-0.645	0.272186
-0.644	0.272151
-0.643	0.272002
-0.642	0.271741
-0.641	0.271366
-0.64	0.270879
-0.639	0.270279
-0.638	0.269569
-0.637	0.268748
-0.636	0.267818
-0.635	0.26678
-0.634	0.265636
-0.633	0.264386
-0.632	0.263032
-0.631	0.261576
-0.63	0.260021
-0.629	0.258367
-0.628	0.256616
-0.627	0.254771
-0.626	0.252834
-0.625	0.250808
-0.624	0.248694
-0.623	0.246495
-0.622	0.244215
-0.621	0.241856
-0.62	0.239421
-0.619	0.236912
-0.618	0.234333
-0.617	0.231686
-0.616	0.228976
-0.615	0.226205
-0.614	0.223377
-0.613	0.220495
-0.612	0.217563
-0.611	0.214583
-0.61	0.21156
-0.609	0.208498
-0.608	0.205399
-0.607	0.202268
-0.606	0.19911
-0.605	0.195926
-0.604	0.192721
-0.603	0.189499
-0.602	0.186265
-0.601	0.183021
-0.6	0.179772
-0.599	0.176522
-0.598	0.173273
-0.597	0.170032
-0.596	0.166801
-0.595	0.163585
-0.594	0.160386
-0.593	0.157209
-0.592	0.154058
-0.591	0.150937
-0.59	0.14785
-0.589	0.144799
-0.588	0.141789
-0.587	0.138824
-0.586	0.135906
-0.585	0.133041
-0.584	0.13023
-0.583	0.127477
-0.582	0.124786
-0.581	0.12216
-0.58	0.119603
-0.579	0.117117
-0.578	0.114704
-0.577	0.112369
-0.576	0.110114
-0.575	0.107942
-0.574	0.105856
-0.573	0.103856
-0.572	0.101948
-0.571	0.100132
-0.57	0.0984106
-0.569	0.0967867
-0.568	0.0952619
-0.567	0.0938377
-0.566	0.0925163
-0.565	0.0912991
-0.564	0.0901876
-0.563	0.0891837
-0.562	0.0882876
-0.561	0.0875014
-0.56	0.0868255
-0.559	0.0862615
-0.558	0.0858094
-0.557	0.0854701
-0.556	0.0852442
-0.555	0.0851317
-0.554	0.0851329
-0.553	0.0852481
-0.552	0.0854768
-0.551	0.0858196
-0.55	0.0862754
-0.549	0.086844
-0.548	0.0875246
-0.547	0.0883168
-0.546	0.0892196
-0.545	0.0902321
-0.544	0.0913529
-0.543	0.0925808
-0.542	0.0939151
-0.541	0.0953526
-0.54	0.096894
-0.539	0.0985356
-0.538	0.100277
-0.537	0.102114
-0.536	0.104047
-0.535	0.106073
-0.534	0.108189
-0.533	0.110393
-0.532	0.112683
-0.531	0.115055
-0.53	0.117507
-0.529	0.120037
-0.528	0.122641
-0.527	0.125317
-0.526	0.12806
-0.525	0.130869
-0.524	0.133739
-0.523	0.136668
-0.522	0.139651
-0.521	0.142687
-0.52	0.145771
-0.519	0.148899
-0.518	0.152068
-0.517	0.155274
-0.516	0.158514
-0.515	0.161783
-0.514	0.165079
-0.513	0.168396
-0.512	0.171732
-0.511	0.175082
-0.51	0.178443
-0.509	0.18181
-0.508	0.18518
-0.507	0.188548
-0.506	0.191912
-0.505	0.195266
-0.504	0.198607
-0.503	0.201932
-0.502	0.205236
-0.501	0.208515
-0.5	0.211766
-0.499	0.214985
-0.498	0.218167
-0.497	0.221312
-0.496	0.224411
-0.495	0.227464
-0.494	0.230467
-0.493	0.233416
-0.492	0.236308
-0.491	0.239139
-0.49	0.241907
-0.489	0.244606
-0.488	0.247236
-0.487	0.249794
-0.486	0.252274
-0.485	0.254676
-0.484	0.256996
-0.483	0.259231
-0.482	0.261379
-0.481	0.263438
-0.48	0.265405
-0.479	0.267277
-0.478	0.269053
-0.477	0.270731
-0.476	0.272309
-0.475	0.273784
-0.474	0.275156
-0.473	0.276423
-0.472	0.277583
-0.471	0.278635
-0.47	0.279578
-0.469	0.28041
-0.468	0.281132
-0.467	0.281742
-0.466	0.282239
-0.465	0.282622
-0.464	0.282893
-0.463	0.283051
-0.462	0.283093
-0.461	0.283022
-0.46	0.282838
-0.459	0.282541
-0.458	0.28213
-0.457	0.281607
-0.456	0.280973
-0.455	0.280228
-0.454	0.279372
-0.453	0.278408
-0.452	0.277337
-0.451	0.276159
-0.45	0.274877
-0.449	0.273491
-0.448	0.272003
-0.447	0.270417
-0.446	0.268733
-0.445	0.266953
-0.444	0.26508
-0.443	0.263115
-0.442	0.261062
-0.441	0.258922
-0.44	0.2567
-0.439	0.254395
-0.438	0.252013
-0.437	0.249556
-0.436	0.247026
-0.435	0.244428
-0.434	0.241763
-0.433	0.239036
-0.432	0.236249
-0.431	0.233406
-0.43	0.23051
-0.429	0.227565
-0.428	0.224575
-0.427	0.221542
-0.426	0.21847
-0.425	0.215365
-0.424	0.212229
-0.423	0.209065
-0.422	0.205879
-0.421	0.202673
-0.42	0.199451
-0.419	0.196217
-0.418	0.192977
-0.417	0.189731
-0.416	0.186486
-0.415	0.183246
-0.414	0.180037
-0.413	0.176892
-0.412	0.17381
-0.411	0.170796
-0.41	0.167851
-0.409	0.164977
-0.408	0.162178
-0.407	0.159455
-0.406	0.156811
-0.405	0.154248
-0.404	0.151768
-0.403	0.149373
-0.402	0.147065
-0.401	0.144847
-0.4	0.14272
-0.399	0.140686
-0.398	0.138747
-0.397	0.136905
-0.396	0.135161
-0.395	0.133517
-0.394	0.131975
-0.393	0.130536
-0.392	0.129202
-0.391	0.127974
-0.39	0.126854
-0.389	0.125843
-0.388	0.124941
-0.387	0.124151
-0.386	0.123473
-0.385	0.122908
-0.384	0.122458
-0.383	0.122123
-0.382	0.121904
-0.381	0.121801
-0.38	0.121816
-0.379	0.121948
-0.378	0.122199
-0.377	0.122569
-0.376	0.123058
-0.375	0.123667
-0.374	0.124396
-0.373	0.125245
-0.372	0.126214
-0.371	0.127303
-0.37	0.128511
-0.369	0.129841
-0.368	0.131289
-0.367	0.132857
-0.366	0.134543
-0.365	0.136349
-0.364	0.138279
-0.363	0.140337
-0.362	0.142526
-0.361	0.144841
-0.36	0.147284
-0.359	0.149853
-0.358	0.152545
-0.357	0.155363
-0.356	0.158301
-0.355	0.161361
-0.354	0.16454
-0.353	0.167839
-0.352	0.171253
-0.351	0.174784
-0.35	0.178428
-0.349	0.182184
-0.348	0.186051
-0.347	0.190028
-0.346	0.194111
-0.345	0.1983
-0.344	0.202593
-0.343	0.206987
-0.342	0.211481
-0.341	0.216075
-0.34	0.220763
-0.339	0.225545
-0.338	0.230419
-0.337	0.235383
-0.336	0.240436
-0.335	0.245572
-0.334	0.250793
-0.333	0.256093
-0.332	0.261474
-0.331	0.266929
-0.33	0.27246
-0.329	0.27806
-0.328	0.283731
-0.327	0.289467
-0.326	0.295269
-0.325	0.30113
-0.324	0.307053
-0.323	0.31303
-0.322	0.319062
-0.321	0.325144
-0.32	0.331276
-0.319	0.337453
-0.318	0.343673
-0.317	0.349934
-0.316	0.356233
-0.315	0.362565
-0.314	0.368931
-0.313	0.375327
-0.312	0.381748
-0.311	0.388194
-0.31	0.39466
-0.309	0.401146
-0.308	0.407645
-0.307	0.414158
-0.306	0.420679
-0.305	0.42721
-0.304	0.433743
-0.303	0.440279
-0.302	0.44681
-0.301	0.453339
-0.3	0.459858
-0.299	0.46637
-0.298	0.472868
-0.297	0.479351
-0.296	0.485812
-0.295	0.492253
-0.294	0.498672
-0.293	0.505061
-0.292	0.511421
-0.291	0.517749
-0.29	0.52404
-0.289	0.530295
-0.288	0.536508
-0.287	0.542677
-0.286	0.5488
-0.285	0.554872
-0.284	0.560897
-0.283	0.566864
-0.282	0.572776
-0.281	0.578628
-0.28	0.584418
-0.279	0.590143
-0.278	0.595803
-0.277	0.60139
-0.276	0.606909
-0.275	0.612349
-0.274	0.617716
-0.273	0.623003
-0.272	0.628209
-0.271	0.633331
-0.27	0.638368
-0.269	0.643317
-0.268	0.648175
-0.267	0.652941
-0.266	0.657614
-0.265	0.662189
-0.264	0.666666
-0.263	0.671044
-0.262	0.675318
-0.261	0.679491
-0.26	0.683553
-0.259	0.687512
-0.258	0.691358
-0.257	0.695097
-0.256	0.698721
-0.255	0.702233
-0.254	0.705626
-0.253	0.708904
-0.252	0.712061
-0.251	0.715103
-0.25	0.718019
-0.249	0.720815
-0.248	0.723486
-0.247	0.726033
-0.246	0.728454
-0.245	0.730748
-0.244	0.732913
-0.243	0.734951
-0.242	0.736858
-0.241	0.738634
-0.24	0.740281
-0.239	0.741793
-0.238	0.743174
-0.237	0.744421
-0.236	0.745535
-0.235	0.746515
-0.234	0.74736
-0.233	0.748068
-0.232	0.748643
-0.231	0.74908
-0.23	0.749385
-0.229	0.749551
-0.228	0.749584
-0.227	0.749479
-0.226	0.749239
-0.225	0.748863
-0.224	0.748353
-0.223	0.747707
-0.222	0.746927
-0.221	0.74601
-0.22	0.744961
-0.219	0.743777
-0.218	0.74246
-0.217	0.741012
-0.216	0.739433
-0.215	0.737721
-0.214	0.73588
-0.213	0.733909
-0.212	0.731809
-0.211	0.729583
-0.21	0.727228
-0.209	0.724749
-0.208	0.722143
-0.207	0.719418
-0.206	0.716567
-0.205	0.713598
-0.204	0.710509
-0.203	0.707302
-0.202	0.703978
-0.201	0.70054
-0.2	0.696987
-0.199	0.693323
-0.198	0.689547
-0.197	0.685664
-0.196	0.681673
-0.195	0.677579
-0.194	0.673382
-0.193	0.66908
-0.192	0.664681
-0.191	0.660183
-0.19	0.655591
-0.189	0.650904
-0.188	0.646127
-0.187	0.64126
-0.186	0.636306
-0.185	0.631267
-0.184	0.626146
-0.183	0.620943
-0.182	0.615664
-0.181	0.610307
-0.18	0.604879
-0.179	0.599377
-0.178	0.593809
-0.177	0.588174
-0.176	0.582476
-0.175	0.576718
-0.174	0.5709
-0.173	0.565026
-0.172	0.559101
-0.171	0.553123
-0.17	0.547097
-0.169	0.541026
-0.168	0.534914
-0.167	0.528761
-0.166	0.522571
-0.165	0.516348
-0.164	0.51009
-0.163	0.503807
-0.162	0.497494
-0.161	0.49116
-0.16	0.484806
-0.159	0.478434
-0.158	0.472047
-0.157	0.465649
-0.156	0.45924
-0.155	0.452826
-0.154	0.446408
-0.153	0.439991
-0.152	0.433574
-0.151	0.427163
-0.15	0.420761
-0.149	0.414369
-0.148	0.40799
-0.147	0.401629
-0.146	0.395287
-0.145	0.388966
-0.144	0.38267
-0.143	0.376402
-0.142	0.370166
-0.141	0.363962
-0.14	0.357795
-0.139	0.351665
-0.138	0.345577
-0.137	0.339533
-0.136	0.333537
-0.135	0.32759
-0.134	0.321696
-0.133	0.315855
-0.132	0.310073
-0.131	0.30435
-0.13	0.29869
-0.129	0.293096
-0.128	0.287568
-0.127	0.282111
-0.126	0.276726
-0.125	0.271415
-0.124	0.266182
-0.123	0.261029
-0.122	0.255957
-0.121	0.250969
-0.12	0.246068
-0.119	0.241254
-0.118	0.236532
-0.117	0.231902
-0.116	0.227366
-0.115	0.222929
-0.114	0.218589
-0.113	0.21435
-0.112	0.210214
-0.111	0.206182
-0.11	0.202257
-0.109	0.198439
-0.108	0.194731
-0.107	0.191134
-0.106	0.187651
-0.105	0.184282
-0.104	0.181028
-0.103	0.177892
-0.102	0.174875
-0.101	0.171979
-0.1	0.169205
