-4	6.08502e-025
-3.999	6.15398e-025
-3.998	6.22334e-025
-3.997	6.29309e-025
-3.996	6.36321e-025
-3.995	6.43371e-025
-3.994	6.50456e-025
-3.993	6.57575e-025
-3.992	6.64727e-025
-3.991	6.71911e-025
-3.99	6.79125e-025
-3.989	6.86367e-025
-3.988	6.93637e-025
-3.987	7.00934e-025
-3.986	7.08255e-025
-3.985	7.15601e-025
-3.984	7.22968e-025
-3.983	7.30353e-025
-3.982	7.37754e-025
-3.981	7.45173e-025
-3.98	7.52607e-025
-3.979	7.60055e-025
-3.978	7.67511e-025
-3.977	7.74977e-025
-3.976	7.82449e-025
-3.975	7.89926e-025
-3.974	7.97405e-025
-3.973	8.04884e-025
-3.972	8.12359e-025
-3.971	8.19832e-025
-3.97	8.27299e-025
-3.969	8.34756e-025
-3.968	8.42202e-025
-3.967	8.49633e-025
-3.966	8.57049e-025
-3.965	8.64445e-025
-3.964	8.7182e-025
-3.963	8.79173e-025
-3.962	8.86497e-025
-3.961	8.93792e-025
-3.96	9.01052e-025
-3.959	9.08282e-025
-3.958	9.15472e-025
-3.957	9.2262e-025
-3.956	9.29725e-025
-3.955	9.36782e-025
-3.954	9.43792e-025
-3.953	9.50748e-025
-3.952	9.57648e-025
-3.951	9.64489e-025
-3.95	9.71269e-025
-3.949	9.77982e-025
-3.948	9.84629e-025
-3.947	9.91205e-025
-3.946	9.97705e-025
-3.945	1.00413e-024
-3.944	1.01047e-024
-3.943	1.01672e-024
-3.942	1.02289e-024
-3.941	1.02897e-024
-3.94	1.03495e-024
-3.939	1.04084e-024
-3.938	1.04662e-024
-3.937	1.0523e-024
-3.936	1.05787e-024
-3.935	1.06333e-024
-3.934	1.06867e-024
-3.933	1.0739e-024
-3.932	1.07901e-024
-3.931	1.08399e-024
-3.93	1.08884e-024
-3.929	1.09357e-024
-3.928	1.09816e-024
-3.927	1.10261e-024
-3.926	1.10692e-024
-3.925	1.11109e-024
-3.924	1.1151e-024
-3.923	1.11897e-024
-3.922	1.12268e-024
-3.921	1.12624e-024
-3.92	1.12964e-024
-3.919	1.13288e-024
-3.918	1.13595e-024
-3.917	1.13885e-024
-3.916	1.14158e-024
-3.915	1.14414e-024
-3.914	1.14652e-024
-3.913	1.14872e-024
-3.912	1.15074e-024
-3.911	1.15258e-024
-3.91	1.15423e-024
-3.909	1.15568e-024
-3.908	1.15696e-024
-3.907	1.15804e-024
-3.906	1.15892e-024
-3.905	1.1596e-024
-3.904	1.1601e-024
-3.903	1.16038e-024
-3.902	1.16047e-024
-3.901	1.16035e-024
-3.9	1.16003e-024
-3.899	1.1595e-024
-3.898	1.15876e-024
-3.897	1.15782e-024
-3.896	1.15667e-024
-3.895	1.15532e-024
-3.894	1.15375e-024
-3.893	1.15198e-024
-3.892	1.14999e-024
-3.891	1.14779e-024
-3.89	1.14538e-024
-3.889	1.14276e-024
-3.888	1.13994e-024
-3.887	1.1369e-024
-3.886	1.13366e-024
-3.885	1.13021e-024
-3.884	1.12656e-024
-3.883	1.1227e-024
-3.882	1.11865e-024
-3.881	1.11439e-024
-3.88	1.10993e-024
-3.879	1.10528e-024
-3.878	1.10044e-024
-3.877	1.0954e-024
-3.876	1.09017e-024
-3.875	1.08476e-024
-3.874	1.07917e-024
-3.873	1.0734e-024
-3.872	1.06745e-024
-3.871	1.06134e-024
-3.87	1.05507e-024
-3.869	1.04862e-024
-3.868	1.04203e-024
-3.867	1.03528e-024
-3.866	1.02838e-024
-3.865	1.02135e-024
-3.864	1.01417e-024
-3.863	1.00687e-024
-3.862	9.99444e-025
-3.861	9.91901e-025
-3.86	9.84248e-025
-3.859	9.76489e-025
-3.858	9.68638e-025
-3.857	9.60699e-025
-3.856	9.5268e-025
-3.855	9.44583e-025
-3.854	9.36422e-025
-3.853	9.28207e-025
-3.852	9.19942e-025
-3.851	9.11641e-025
-3.85	9.03308e-025
-3.849	8.94955e-025
-3.848	8.86595e-025
-3.847	8.78232e-025
-3.846	8.6988e-025
-3.845	8.61546e-025
-3.844	8.53245e-025
-3.843	8.44988e-025
-3.842	8.36776e-025
-3.841	8.28635e-025
-3.84	8.20569e-025
-3.839	8.12591e-025
-3.838	8.04711e-025
-3.837	7.96944e-025
-3.836	7.89303e-025
-3.835	7.81798e-025
-3.834	7.74442e-025
-3.833	7.67251e-025
-3.832	7.60235e-025
-3.831	7.53409e-025
-3.83	7.46788e-025
-3.829	7.4038e-025
-3.828	7.34206e-025
-3.827	7.28277e-025
-3.826	7.22606e-025
-3.825	7.17209e-025
-3.824	7.12102e-025
-3.823	7.07295e-025
-3.822	7.02806e-025
-3.821	6.98647e-025
-3.82	6.94837e-025
-3.819	6.91387e-025
-3.818	6.88316e-025
-3.817	6.85633e-025
-3.816	6.83361e-025
-3.815	6.8151e-025
-3.814	6.80095e-025
-3.813	6.79134e-025
-3.812	6.78639e-025
-3.811	6.78629e-025
-3.81	6.79115e-025
-3.809	6.80114e-025
-3.808	6.8164e-025
-3.807	6.8371e-025
-3.806	6.86337e-025
-3.805	6.89536e-025
-3.804	6.93321e-025
-3.803	6.97709e-025
-3.802	7.02713e-025
-3.801	7.08346e-025
-3.8	7.14624e-025
-3.799	7.2156e-025
-3.798	7.29168e-025
-3.797	7.37463e-025
-3.796	7.46454e-025
-3.795	7.56157e-025
-3.794	7.66586e-025
-3.793	7.7775e-025
-3.792	7.89661e-025
-3.791	8.02335e-025
-3.79	8.15778e-025
-3.789	8.30004e-025
-3.788	8.45025e-025
-3.787	8.60849e-025
-3.786	8.77488e-025
-3.785	8.94943e-025
-3.784	9.13233e-025
-3.783	9.32365e-025
-3.782	9.52346e-025
-3.781	9.73185e-025
-3.78	9.94886e-025
-3.779	1.01746e-024
-3.778	1.0409e-024
-3.777	1.06523e-024
-3.776	1.09044e-024
-3.775	1.11654e-024
-3.774	1.14354e-024
-3.773	1.17143e-024
-3.772	1.20022e-024
-3.771	1.22991e-024
-3.77	1.2605e-024
-3.769	1.29199e-024
-3.768	1.32439e-024
-3.767	1.35768e-024
-3.766	1.39187e-024
-3.765	1.42695e-024
-3.764	1.46293e-024
-3.763	1.49979e-024
-3.762	1.53753e-024
-3.761	1.57615e-024
-3.76	1.61564e-024
-3.759	1.65598e-024
-3.758	1.69718e-024
-3.757	1.73922e-024
-3.756	1.78209e-024
-3.755	1.82579e-024
-3.754	1.87029e-024
-3.753	1.91559e-024
-3.752	1.96166e-024
-3.751	2.00851e-024
-3.75	2.0561e-024
-3.749	2.10443e-024
-3.748	2.15347e-024
-3.747	2.20321e-024
-3.746	2.25362e-024
-3.745	2.30469e-024
-3.744	2.3564e-024
-3.743	2.40872e-024
-3.742	2.46163e-024
-3.741	2.5151e-024
-3.74	2.5691e-024
-3.739	2.62361e-024
-3.738	2.67862e-024
-3.737	2.73406e-024
-3.736	2.78994e-024
-3.735	2.84622e-024
-3.734	2.90286e-024
-3.733	2.95983e-024
-3.732	3.01709e-024
-3.731	3.07462e-024
-3.73	3.13238e-024
-3.729	3.19034e-024
-3.728	3.24844e-024
-3.727	3.30666e-024
-3.726	3.36496e-024
-3.725	3.4233e-024
-3.724	3.48164e-024
-3.723	3.53994e-024
-3.722	3.59816e-024
-3.721	3.65625e-024
-3.72	3.71417e-024
-3.719	3.77189e-024
-3.718	3.82933e-024
-3.717	3.88647e-024
-3.716	3.94327e-024
-3.715	3.99967e-024
-3.714	4.05564e-024
-3.713	4.1111e-024
-3.712	4.16604e-024
-3.711	4.2204e-024
-3.71	4.27412e-024
-3.709	4.32717e-024
-3.708	4.37947e-024
-3.707	4.43098e-024
-3.706	4.48167e-024
-3.705	4.53147e-024
-3.704	4.58035e-024
-3.703	4.62825e-024
-3.702	4.67513e-024
-3.701	4.72091e-024
-3.7	4.76556e-024
-3.699	4.80903e-024
-3.698	4.85129e-024
-3.697	4.89227e-024
-3.696	4.93192e-024
-3.695	4.97019e-024
-3.694	5.00704e-024
-3.693	5.04242e-024
-3.692	5.07629e-024
-3.691	5.10862e-024
-3.69	5.13931e-024
-3.689	5.16836e-024
-3.688	5.19572e-024
-3.687	5.22133e-024
-3.686	5.24517e-024
-3.685	5.2672e-024
-3.684	5.28739e-024
-3.683	5.30569e-024
-3.682	5.32202e-024
-3.681	5.33642e-024
-3.68	5.34882e-024
-3.679	5.3592e-024
-3.678	5.36751e-024
-3.677	5.37375e-024
-3.676	5.37787e-024
-3.675	5.37986e-024
-3.674	5.3797e-024
-3.673	5.37737e-024
-3.672	5.37285e-024
-3.671	5.36613e-024
-3.67	5.35717e-024
-3.669	5.34599e-024
-3.668	5.33259e-024
-3.667	5.31692e-024
-3.666	5.29905e-024
-3.665	5.27895e-024
-3.664	5.25661e-024
-3.663	5.23204e-024
-3.662	5.20525e-024
-3.661	5.17626e-024
-3.66	5.14512e-024
-3.659	5.11181e-024
-3.658	5.07634e-024
-3.657	5.03879e-024
-3.656	4.99918e-024
-3.655	4.95753e-024
-3.654	4.9139e-024
-3.653	4.8683e-024
-3.652	4.82081e-024
-3.651	4.77147e-024
-3.65	4.72035e-024
-3.649	4.66752e-024
-3.648	4.61303e-024
-3.647	4.55694e-024
-3.646	4.49934e-024
-3.645	4.44033e-024
-3.644	4.37999e-024
-3.643	4.31839e-024
-3.642	4.25563e-024
-3.641	4.19183e-024
-3.64	4.12708e-024
-3.639	4.0615e-024
-3.638	3.99522e-024
-3.637	3.92835e-024
-3.636	3.86101e-024
-3.635	3.79333e-024
-3.634	3.72549e-024
-3.633	3.6576e-024
-3.632	3.58981e-024
-3.631	3.5223e-024
-3.63	3.45521e-024
-3.629	3.38874e-024
-3.628	3.32305e-024
-3.627	3.25829e-024
-3.626	3.1947e-024
-3.625	3.13244e-024
-3.624	3.07171e-024
-3.623	3.01274e-024
-3.622	2.95571e-024
-3.621	2.90087e-024
-3.62	2.8484e-024
-3.619	2.79858e-024
-3.618	2.75162e-024
-3.617	2.70776e-024
-3.616	2.66727e-024
-3.615	2.63037e-024
-3.614	2.59735e-024
-3.613	2.56846e-024
-3.612	2.544e-024
-3.611	2.52423e-024
-3.61	2.50943e-024
-3.609	2.4999e-024
-3.608	2.49595e-024
-3.607	2.49785e-024
-3.606	2.50594e-024
-3.605	2.52052e-024
-3.604	2.54191e-024
-3.603	2.57045e-024
-3.602	2.60645e-024
-3.601	2.65026e-024
-3.6	2.70222e-024
-3.599	2.76268e-024
-3.598	2.83199e-024
-3.597	2.9105e-024
-3.596	2.99859e-024
-3.595	3.09661e-024
-3.594	3.20494e-024
-3.593	3.32395e-024
-3.592	3.45402e-024
-3.591	3.59554e-024
-3.59	3.74888e-024
-3.589	3.91447e-024
-3.588	4.09267e-024
-3.587	4.28389e-024
-3.586	4.48853e-024
-3.585	4.70698e-024
-3.584	4.93968e-024
-3.583	5.18703e-024
-3.582	5.44941e-024
-3.581	5.72724e-024
-3.58	6.02096e-024
-3.579	6.33098e-024
-3.578	6.65776e-024
-3.577	7.00164e-024
-3.576	7.36309e-024
-3.575	7.7425e-024
-3.574	8.14032e-024
-3.573	8.55694e-024
-3.572	8.99281e-024
-3.571	9.44834e-024
-3.57	9.92395e-024
-3.569	1.042e-023
-3.568	1.0937e-023
-3.567	1.14753e-023
-3.566	1.20354e-023
-3.565	1.26175e-023
-3.564	1.32223e-023
-3.563	1.38499e-023
-3.562	1.45009e-023
-3.561	1.51756e-023
-3.56	1.58745e-023
-3.559	1.65979e-023
-3.558	1.73461e-023
-3.557	1.81196e-023
-3.556	1.89187e-023
-3.555	1.97438e-023
-3.554	2.05953e-023
-3.553	2.14734e-023
-3.552	2.23785e-023
-3.551	2.3311e-023
-3.55	2.42711e-023
-3.549	2.52592e-023
-3.548	2.62756e-023
-3.547	2.73206e-023
-3.546	2.83945e-023
-3.545	2.94974e-023
-3.544	3.06298e-023
-3.543	3.17918e-023
-3.542	3.29836e-023
-3.541	3.42056e-023
-3.54	3.54578e-023
-3.539	3.67407e-023
-3.538	3.80542e-023
-3.537	3.93985e-023
-3.536	4.07739e-023
-3.535	4.21805e-023
-3.534	4.36183e-023
-3.533	4.50874e-023
-3.532	4.65881e-023
-3.531	4.81205e-023
-3.53	4.96843e-023
-3.529	5.12798e-023
-3.528	5.2907e-023
-3.527	5.45659e-023
-3.526	5.62564e-023
-3.525	5.79787e-023
-3.524	5.97325e-023
-3.523	6.15179e-023
-3.522	6.33347e-023
-3.521	6.51828e-023
-3.52	6.7062e-023
-3.519	6.89723e-023
-3.518	7.09134e-023
-3.517	7.28853e-023
-3.516	7.48874e-023
-3.515	7.69197e-023
-3.514	7.89819e-023
-3.513	8.10739e-023
-3.512	8.3195e-023
-3.511	8.53452e-023
-3.51	8.75238e-023
-3.509	8.97307e-023
-3.508	9.19655e-023
-3.507	9.42275e-023
-3.506	9.65164e-023
-3.505	9.88319e-023
-3.504	1.01173e-022
-3.503	1.0354e-022
-3.502	1.05931e-022
-3.501	1.08347e-022
-3.5	1.10786e-022
-3.499	1.13248e-022
-3.498	1.15733e-022
-3.497	1.18239e-022
-3.496	1.20766e-022
-3.495	1.23313e-022
-3.494	1.2588e-022
-3.493	1.28465e-022
-3.492	1.31068e-022
-3.491	1.33687e-022
-3.49	1.36323e-022
-3.489	1.38974e-022
-3.488	1.4164e-022
-3.487	1.44318e-022
-3.486	1.47009e-022
-3.485	1.49711e-022
-3.484	1.52424e-022
-3.483	1.55145e-022
-3.482	1.57875e-022
-3.481	1.60612e-022
-3.48	1.63355e-022
-3.479	1.66102e-022
-3.478	1.68853e-022
-3.477	1.71607e-022
-3.476	1.74363e-022
-3.475	1.77118e-022
-3.474	1.79872e-022
-3.473	1.82624e-022
-3.472	1.85372e-022
-3.471	1.88115e-022
-3.47	1.90852e-022
-3.469	1.93581e-022
-3.468	1.96301e-022
-3.467	1.99011e-022
-3.466	2.01708e-022
-3.465	2.04393e-022
-3.464	2.07064e-022
-3.463	2.09718e-022
-3.462	2.12355e-022
-3.461	2.14973e-022
-3.46	2.17571e-022
-3.459	2.20147e-022
-3.458	2.227e-022
-3.457	2.25229e-022
-3.456	2.27731e-022
-3.455	2.30206e-022
-3.454	2.32652e-022
-3.453	2.35067e-022
-3.452	2.37451e-022
-3.451	2.398e-022
-3.45	2.42115e-022
-3.449	2.44393e-022
-3.448	2.46633e-022
-3.447	2.48833e-022
-3.446	2.50993e-022
-3.445	2.53111e-022
-3.444	2.55185e-022
-3.443	2.57213e-022
-3.442	2.59196e-022
-3.441	2.6113e-022
-3.44	2.63015e-022
-3.439	2.64849e-022
-3.438	2.66631e-022
-3.437	2.68359e-022
-3.436	2.70033e-022
-3.435	2.71651e-022
-3.434	2.73211e-022
-3.433	2.74714e-022
-3.432	2.76155e-022
-3.431	2.77537e-022
-3.43	2.78856e-022
-3.429	2.80113e-022
-3.428	2.81305e-022
-3.427	2.82433e-022
-3.426	2.83494e-022
-3.425	2.84488e-022
-3.424	2.85413e-022
-3.423	2.8627e-022
-3.422	2.87057e-022
-3.421	2.87775e-022
-3.42	2.8842e-022
-3.419	2.88994e-022
-3.418	2.89495e-022
-3.417	2.89923e-022
-3.416	2.90277e-022
-3.415	2.90559e-022
-3.414	2.90766e-022
-3.413	2.90898e-022
-3.412	2.90955e-022
-3.411	2.90936e-022
-3.41	2.90843e-022
-3.409	2.90674e-022
-3.408	2.9043e-022
-3.407	2.90111e-022
-3.406	2.89718e-022
-3.405	2.89249e-022
-3.404	2.88707e-022
-3.403	2.8809e-022
-3.402	2.874e-022
-3.401	2.86636e-022
-3.4	2.858e-022
-3.399	2.84892e-022
-3.398	2.83915e-022
-3.397	2.82866e-022
-3.396	2.8175e-022
-3.395	2.80565e-022
-3.394	2.79314e-022
-3.393	2.77998e-022
-3.392	2.76618e-022
-3.391	2.75174e-022
-3.39	2.73671e-022
-3.389	2.72108e-022
-3.388	2.70487e-022
-3.387	2.68811e-022
-3.386	2.67082e-022
-3.385	2.65301e-022
-3.384	2.6347e-022
-3.383	2.61592e-022
-3.382	2.59671e-022
-3.381	2.57706e-022
-3.38	2.55702e-022
-3.379	2.5366e-022
-3.378	2.51585e-022
-3.377	2.49479e-022
-3.376	2.47344e-022
-3.375	2.45184e-022
-3.374	2.43002e-022
-3.373	2.40803e-022
-3.372	2.38587e-022
-3.371	2.3636e-022
-3.37	2.34125e-022
-3.369	2.31887e-022
-3.368	2.29647e-022
-3.367	2.27411e-022
-3.366	2.25184e-022
-3.365	2.22969e-022
-3.364	2.2077e-022
-3.363	2.18592e-022
-3.362	2.16439e-022
-3.361	2.14316e-022
-3.36	2.12227e-022
-3.359	2.10178e-022
-3.358	2.08173e-022
-3.357	2.06217e-022
-3.356	2.04316e-022
-3.355	2.02474e-022
-3.354	2.00697e-022
-3.353	1.9899e-022
-3.352	1.97359e-022
-3.351	1.95809e-022
-3.35	1.94346e-022
-3.349	1.92976e-022
-3.348	1.91704e-022
-3.347	1.90536e-022
-3.346	1.89478e-022
-3.345	1.88535e-022
-3.344	1.87716e-022
-3.343	1.87024e-022
-3.342	1.86467e-022
-3.341	1.86051e-022
-3.34	1.85782e-022
-3.339	1.85667e-022
-3.338	1.85711e-022
-3.337	1.85922e-022
-3.336	1.86305e-022
-3.335	1.86868e-022
-3.334	1.87617e-022
-3.333	1.88558e-022
-3.332	1.89698e-022
-3.331	1.91044e-022
-3.33	1.92603e-022
-3.329	1.94381e-022
-3.328	1.96385e-022
-3.327	1.98621e-022
-3.326	2.01096e-022
-3.325	2.03818e-022
-3.324	2.06791e-022
-3.323	2.10024e-022
-3.322	2.13523e-022
-3.321	2.17294e-022
-3.32	2.21345e-022
-3.319	2.25681e-022
-3.318	2.30309e-022
-3.317	2.35235e-022
-3.316	2.40467e-022
-3.315	2.46009e-022
-3.314	2.5187e-022
-3.313	2.58054e-022
-3.312	2.64567e-022
-3.311	2.71416e-022
-3.31	2.78607e-022
-3.309	2.86147e-022
-3.308	2.94039e-022
-3.307	3.02291e-022
-3.306	3.10907e-022
-3.305	3.19893e-022
-3.304	3.29254e-022
-3.303	3.38996e-022
-3.302	3.49123e-022
-3.301	3.59642e-022
-3.3	3.70554e-022
-3.299	3.81867e-022
-3.298	3.93583e-022
-3.297	4.05708e-022
-3.296	4.18246e-022
-3.295	4.31199e-022
-3.294	4.44572e-022
-3.293	4.58369e-022
-3.292	4.72593e-022
-3.291	4.87247e-022
-3.29	5.02332e-022
-3.289	5.17855e-022
-3.288	5.33813e-022
-3.287	5.50213e-022
-3.286	5.67055e-022
-3.285	5.84339e-022
-3.284	6.02069e-022
-3.283	6.20246e-022
-3.282	6.38869e-022
-3.281	6.57941e-022
-3.28	6.77461e-022
-3.279	6.97431e-022
-3.278	7.17849e-022
-3.277	7.38716e-022
-3.276	7.60028e-022
-3.275	7.81786e-022
-3.274	8.03992e-022
-3.273	8.26641e-022
-3.272	8.49729e-022
-3.271	8.73257e-022
-3.27	8.97221e-022
-3.269	9.21622e-022
-3.268	9.46451e-022
-3.267	9.7171e-022
-3.266	9.97388e-022
-3.265	1.02348e-021
-3.264	1.05e-021
-3.263	1.07692e-021
-3.262	1.10425e-021
-3.261	1.13198e-021
-3.26	1.1601e-021
-3.259	1.1886e-021
-3.258	1.21749e-021
-3.257	1.24674e-021
-3.256	1.27637e-021
-3.255	1.30635e-021
-3.254	1.33668e-021
-3.253	1.36735e-021
-3.252	1.39836e-021
-3.251	1.42969e-021
-3.25	1.46133e-021
-3.249	1.49327e-021
-3.248	1.52552e-021
-3.247	1.55805e-021
-3.246	1.59084e-021
-3.245	1.6239e-021
-3.244	1.65721e-021
-3.243	1.69075e-021
-3.242	1.72452e-021
-3.241	1.75851e-021
-3.24	1.79269e-021
-3.239	1.82706e-021
-3.238	1.86161e-021
-3.237	1.89631e-021
-3.236	1.93116e-021
-3.235	1.96614e-021
-3.234	2.00124e-021
-3.233	2.03643e-021
-3.232	2.07171e-021
-3.231	2.10706e-021
-3.23	2.14246e-021
-3.229	2.1779e-021
-3.228	2.21336e-021
-3.227	2.24883e-021
-3.226	2.28427e-021
-3.225	2.31969e-021
-3.224	2.35507e-021
-3.223	2.39037e-021
-3.222	2.42559e-021
-3.221	2.46072e-021
-3.22	2.49572e-021
-3.219	2.53058e-021
-3.218	2.56528e-021
-3.217	2.59981e-021
-3.216	2.63415e-021
-3.215	2.66827e-021
-3.214	2.70216e-021
-3.213	2.73579e-021
-3.212	2.76915e-021
-3.211	2.80223e-021
-3.21	2.83499e-021
-3.209	2.86742e-021
-3.208	2.8995e-021
-3.207	2.93122e-021
-3.206	2.96255e-021
-3.205	2.99347e-021
-3.204	3.02396e-021
-3.203	3.05401e-021
-3.202	3.08359e-021
-3.201	3.11269e-021
-3.2	3.14128e-021
-3.199	3.16935e-021
-3.198	3.19687e-021
-3.197	3.22385e-021
-3.196	3.25023e-021
-3.195	3.27602e-021
-3.194	3.3012e-021
-3.193	3.32575e-021
-3.192	3.34964e-021
-3.191	3.37287e-021
-3.19	3.39541e-021
-3.189	3.41725e-021
-3.188	3.43838e-021
-3.187	3.45877e-021
-3.186	3.47842e-021
-3.185	3.4973e-021
-3.184	3.51541e-021
-3.183	3.53272e-021
-3.182	3.54922e-021
-3.181	3.56491e-021
-3.18	3.57977e-021
-3.179	3.59378e-021
-3.178	3.60694e-021
-3.177	3.61922e-021
-3.176	3.63063e-021
-3.175	3.64117e-021
-3.174	3.6508e-021
-3.173	3.65953e-021
-3.172	3.66734e-021
-3.171	3.67424e-021
-3.17	3.68021e-021
-3.169	3.68525e-021
-3.168	3.68936e-021
-3.167	3.69253e-021
-3.166	3.69475e-021
-3.165	3.69603e-021
-3.164	3.69637e-021
-3.163	3.69576e-021
-3.162	3.6942e-021
-3.161	3.69169e-021
-3.16	3.68825e-021
-3.159	3.68386e-021
-3.158	3.67853e-021
-3.157	3.67228e-021
-3.156	3.6651e-021
-3.155	3.657e-021
-3.154	3.64799e-021
-3.153	3.63809e-021
-3.152	3.62728e-021
-3.151	3.6156e-021
-3.15	3.60305e-021
-3.149	3.58966e-021
-3.148	3.57543e-021
-3.147	3.56037e-021
-3.146	3.54451e-021
-3.145	3.52787e-021
-3.144	3.51045e-021
-3.143	3.49229e-021
-3.142	3.47339e-021
-3.141	3.45381e-021
-3.14	3.43354e-021
-3.139	3.41262e-021
-3.138	3.39107e-021
-3.137	3.36892e-021
-3.136	3.34622e-021
-3.135	3.32297e-021
-3.134	3.29922e-021
-3.133	3.27498e-021
-3.132	3.25031e-021
-3.131	3.22524e-021
-3.13	3.1998e-021
-3.129	3.17403e-021
-3.128	3.14797e-021
-3.127	3.12167e-021
-3.126	3.09515e-021
-3.125	3.06847e-021
-3.124	3.04167e-021
-3.123	3.01479e-021
-3.122	2.9879e-021
-3.121	2.96102e-021
-3.12	2.93421e-021
-3.119	2.90751e-021
-3.118	2.88099e-021
-3.117	2.85469e-021
-3.116	2.82868e-021
-3.115	2.803e-021
-3.114	2.77771e-021
-3.113	2.75286e-021
-3.112	2.72852e-021
-3.111	2.70474e-021
-3.11	2.6816e-021
-3.109	2.65914e-021
-3.108	2.63743e-021
-3.107	2.61653e-021
-3.106	2.59651e-021
-3.105	2.57744e-021
-3.104	2.55939e-021
-3.103	2.54239e-021
-3.102	2.52656e-021
-3.101	2.51194e-021
-3.1	2.4986e-021
-3.099	2.48661e-021
-3.098	2.47606e-021
-3.097	2.467e-021
-3.096	2.45952e-021
-3.095	2.45368e-021
-3.094	2.44957e-021
-3.093	2.44723e-021
-3.092	2.44677e-021
-3.091	2.44826e-021
-3.09	2.45176e-021
-3.089	2.45736e-021
-3.088	2.46514e-021
-3.087	2.47515e-021
-3.086	2.4875e-021
-3.085	2.50224e-021
-3.084	2.51946e-021
-3.083	2.53924e-021
-3.082	2.56164e-021
-3.081	2.58677e-021
-3.08	2.61468e-021
-3.079	2.64545e-021
-3.078	2.67917e-021
-3.077	2.7159e-021
-3.076	2.75572e-021
-3.075	2.79871e-021
-3.074	2.84495e-021
-3.073	2.89451e-021
-3.072	2.94745e-021
-3.071	3.00387e-021
-3.07	3.06383e-021
-3.069	3.12739e-021
-3.068	3.19464e-021
-3.067	3.26565e-021
-3.066	3.34048e-021
-3.065	3.4192e-021
-3.064	3.50187e-021
-3.063	3.58858e-021
-3.062	3.67938e-021
-3.061	3.77432e-021
-3.06	3.87349e-021
-3.059	3.97693e-021
-3.058	4.08471e-021
-3.057	4.19689e-021
-3.056	4.31354e-021
-3.055	4.43466e-021
-3.054	4.56036e-021
-3.053	4.69068e-021
-3.052	4.82565e-021
-3.051	4.96533e-021
-3.05	5.10978e-021
-3.049	5.25902e-021
-3.048	5.41309e-021
-3.047	5.57207e-021
-3.046	5.73592e-021
-3.045	5.90476e-021
-3.044	6.09198e-021
-3.043	6.31343e-021
-3.042	6.57219e-021
-3.041	6.8718e-021
-3.04	7.21623e-021
-3.039	7.60986e-021
-3.038	8.05745e-021
-3.037	8.56436e-021
-3.036	9.13618e-021
-3.035	9.77921e-021
-3.034	1.05e-020
-3.033	1.13056e-020
-3.032	1.22036e-020
-3.031	1.32021e-020
-3.03	1.43096e-020
-3.029	1.55351e-020
-3.028	1.6888e-020
-3.027	1.83784e-020
-3.026	2.00167e-020
-3.025	2.18138e-020
-3.024	2.37812e-020
-3.023	2.59305e-020
-3.022	2.82742e-020
-3.021	3.08249e-020
-3.02	3.35956e-020
-3.019	3.66e-020
-3.018	3.98518e-020
-3.017	4.33651e-020
-3.016	4.71544e-020
-3.015	5.12342e-020
-3.014	5.56193e-020
-3.013	6.03246e-020
-3.012	6.53653e-020
-3.011	7.0756e-020
-3.01	7.65119e-020
-3.009	8.26475e-020
-3.008	8.91773e-020
-3.007	9.61156e-020
-3.006	1.03476e-019
-3.005	1.11271e-019
-3.004	1.19514e-019
-3.003	1.28216e-019
-3.002	1.37389e-019
-3.001	1.47041e-019
-3	1.57182e-019
-2.999	1.67819e-019
-2.998	1.78958e-019
-2.997	1.90606e-019
-2.996	2.02761e-019
-2.995	2.1543e-019
-2.994	2.28609e-019
-2.993	2.42299e-019
-2.992	2.56493e-019
-2.991	2.71187e-019
-2.99	2.86376e-019
-2.989	3.02047e-019
-2.988	3.1819e-019
-2.987	3.34794e-019
-2.986	3.51847e-019
-2.985	3.69329e-019
-2.984	3.87232e-019
-2.983	4.05537e-019
-2.982	4.24232e-019
-2.981	4.43301e-019
-2.98	4.62739e-019
-2.979	4.8253e-019
-2.978	5.02673e-019
-2.977	5.23173e-019
-2.976	5.44039e-019
-2.975	5.65286e-019
-2.974	5.86942e-019
-2.973	6.09053e-019
-2.972	6.31679e-019
-2.971	6.54889e-019
-2.97	6.78792e-019
-2.969	7.03505e-019
-2.968	7.29195e-019
-2.967	7.56038e-019
-2.966	7.84274e-019
-2.965	8.14186e-019
-2.964	8.46086e-019
-2.963	8.80376e-019
-2.962	9.17501e-019
-2.961	9.57987e-019
-2.96	1.00245e-018
-2.959	1.0516e-018
-2.958	1.10625e-018
-2.957	1.16731e-018
-2.956	1.23585e-018
-2.955	1.31306e-018
-2.954	1.40029e-018
-2.953	1.49908e-018
-2.952	1.61114e-018
-2.951	1.73839e-018
-2.95	1.88298e-018
-2.949	2.04733e-018
-2.948	2.23408e-018
-2.947	2.4462e-018
-2.946	2.687e-018
-2.945	2.96006e-018
-2.944	3.2694e-018
-2.943	3.61941e-018
-2.942	4.0149e-018
-2.941	4.46117e-018
-2.94	4.96403e-018
-2.939	5.52975e-018
-2.938	6.16523e-018
-2.937	6.87792e-018
-2.936	7.67597e-018
-2.935	8.56813e-018
-2.934	9.56398e-018
-2.933	1.06737e-017
-2.932	1.19084e-017
-2.931	1.328e-017
-2.93	1.48013e-017
-2.929	1.64859e-017
-2.928	1.83486e-017
-2.927	2.0405e-017
-2.926	2.26718e-017
-2.925	2.51669e-017
-2.924	2.79089e-017
-2.923	3.09181e-017
-2.922	3.42156e-017
-2.921	3.78239e-017
-2.92	4.17665e-017
-2.919	4.60682e-017
-2.918	5.07552e-017
-2.917	5.58547e-017
-2.916	6.13957e-017
-2.915	6.74074e-017
-2.914	7.39213e-017
-2.913	8.09695e-017
-2.912	8.85856e-017
-2.911	9.68037e-017
-2.91	1.0566e-016
-2.909	1.1519e-016
-2.908	1.25432e-016
-2.907	1.36424e-016
-2.906	1.48205e-016
-2.905	1.60815e-016
-2.904	1.74292e-016
-2.903	1.88679e-016
-2.902	2.04014e-016
-2.901	2.20337e-016
-2.9	2.3769e-016
-2.899	2.56111e-016
-2.898	2.75638e-016
-2.897	2.9631e-016
-2.896	3.18162e-016
-2.895	3.4123e-016
-2.894	3.65545e-016
-2.893	3.91139e-016
-2.892	4.18042e-016
-2.891	4.46276e-016
-2.89	4.75868e-016
-2.889	5.06836e-016
-2.888	5.39195e-016
-2.887	5.72958e-016
-2.886	6.08136e-016
-2.885	6.44732e-016
-2.884	6.82746e-016
-2.883	7.22178e-016
-2.882	7.63015e-016
-2.881	8.0525e-016
-2.88	8.48872e-016
-2.879	8.93856e-016
-2.878	9.40183e-016
-2.877	9.87833e-016
-2.876	1.03679e-015
-2.875	1.08701e-015
-2.874	1.13851e-015
-2.873	1.19124e-015
-2.872	1.2452e-015
-2.871	1.30039e-015
-2.87	1.35682e-015
-2.869	1.41451e-015
-2.868	1.47349e-015
-2.867	1.53386e-015
-2.866	1.59567e-015
-2.865	1.65907e-015
-2.864	1.72422e-015
-2.863	1.79133e-015
-2.862	1.86068e-015
-2.861	1.93259e-015
-2.86	2.00749e-015
-2.859	2.08584e-015
-2.858	2.16827e-015
-2.857	2.25544e-015
-2.856	2.34823e-015
-2.855	2.44758e-015
-2.854	2.55465e-015
-2.853	2.67076e-015
-2.852	2.79742e-015
-2.851	2.93638e-015
-2.85	3.08965e-015
-2.849	3.25952e-015
-2.848	3.44856e-015
-2.847	3.65972e-015
-2.846	3.8963e-015
-2.845	4.16203e-015
-2.844	4.46109e-015
-2.843	4.79811e-015
-2.842	5.17833e-015
-2.841	5.60751e-015
-2.84	6.09211e-015
-2.839	6.63923e-015
-2.838	7.25671e-015
-2.837	7.95322e-015
-2.836	8.73829e-015
-2.835	9.62235e-015
-2.834	1.06169e-014
-2.833	1.17343e-014
-2.832	1.29885e-014
-2.831	1.4394e-014
-2.83	1.59672e-014
-2.829	1.77254e-014
-2.828	1.96878e-014
-2.827	2.18746e-014
-2.826	2.43084e-014
-2.825	2.70123e-014
-2.824	3.00123e-014
-2.823	3.33355e-014
-2.822	3.70116e-014
-2.821	4.10719e-014
-2.82	4.55494e-014
-2.819	5.04802e-014
-2.818	5.59019e-014
-2.817	6.1855e-014
-2.816	6.83813e-014
-2.815	7.55262e-014
-2.814	8.33373e-014
-2.813	9.18637e-014
-2.812	1.01158e-013
-2.811	1.11275e-013
-2.81	1.22272e-013
-2.809	1.34209e-013
-2.808	1.47149e-013
-2.807	1.61154e-013
-2.806	1.76294e-013
-2.805	1.92636e-013
-2.804	2.10252e-013
-2.803	2.29216e-013
-2.802	2.49602e-013
-2.801	2.71486e-013
-2.8	2.94949e-013
-2.799	3.20067e-013
-2.798	3.46921e-013
-2.797	3.75591e-013
-2.796	4.06161e-013
-2.795	4.38708e-013
-2.794	4.73314e-013
-2.793	5.10058e-013
-2.792	5.49018e-013
-2.791	5.90271e-013
-2.79	6.33889e-013
-2.789	6.79945e-013
-2.788	7.28506e-013
-2.787	7.79637e-013
-2.786	8.33397e-013
-2.785	8.89841e-013
-2.784	9.49021e-013
-2.783	1.01098e-012
-2.782	1.07576e-012
-2.781	1.14338e-012
-2.78	1.21389e-012
-2.779	1.28728e-012
-2.778	1.3636e-012
-2.777	1.44282e-012
-2.776	1.52496e-012
-2.775	1.61002e-012
-2.774	1.69798e-012
-2.773	1.78883e-012
-2.772	1.88256e-012
-2.771	1.97915e-012
-2.77	2.07861e-012
-2.769	2.1809e-012
-2.768	2.28605e-012
-2.767	2.39405e-012
-2.766	2.50496e-012
-2.765	2.61881e-012
-2.764	2.73568e-012
-2.763	2.8557e-012
-2.762	2.97903e-012
-2.761	3.10589e-012
-2.76	3.23651e-012
-2.759	3.37129e-012
-2.758	3.51065e-012
-2.757	3.65512e-012
-2.756	3.80537e-012
-2.755	3.9622e-012
-2.754	4.12655e-012
-2.753	4.29956e-012
-2.752	4.48254e-012
-2.751	4.67708e-012
-2.75	4.88499e-012
-2.749	5.10838e-012
-2.748	5.3497e-012
-2.747	5.61172e-012
-2.746	5.89767e-012
-2.745	6.21121e-012
-2.744	6.55648e-012
-2.743	6.93812e-012
-2.742	7.36152e-012
-2.741	7.83252e-012
-2.74	8.35788e-012
-2.739	8.945e-012
-2.738	9.60225e-012
-2.737	1.03389e-011
-2.736	1.11651e-011
-2.735	1.20923e-011
-2.734	1.3133e-011
-2.733	1.4301e-011
-2.732	1.56115e-011
-2.731	1.70812e-011
-2.73	1.87283e-011
-2.729	2.05726e-011
-2.728	2.2636e-011
-2.727	2.4942e-011
-2.726	2.75162e-011
-2.725	3.03865e-011
-2.724	3.35829e-011
-2.723	3.71376e-011
-2.722	4.10857e-011
-2.721	4.54648e-011
-2.72	5.03152e-011
-2.719	5.56799e-011
-2.718	6.16054e-011
-2.717	6.81407e-011
-2.716	7.53383e-011
-2.715	8.32543e-011
-2.714	9.17967e-011
-2.713	1.00822e-010
-2.712	1.1032e-010
-2.711	1.20281e-010
-2.71	1.30692e-010
-2.709	1.4154e-010
-2.708	1.52811e-010
-2.707	1.64491e-010
-2.706	1.76563e-010
-2.705	1.89011e-010
-2.704	2.01816e-010
-2.703	2.14959e-010
-2.702	2.28422e-010
-2.701	2.42184e-010
-2.7	2.56222e-010
-2.699	2.70514e-010
-2.698	2.85039e-010
-2.697	2.99773e-010
-2.696	3.1469e-010
-2.695	3.29767e-010
-2.694	3.44978e-010
-2.693	3.60296e-010
-2.692	3.75696e-010
-2.691	3.91149e-010
-2.69	4.06629e-010
-2.689	4.2211e-010
-2.688	4.37561e-010
-2.687	4.52957e-010
-2.686	4.68267e-010
-2.685	4.83464e-010
-2.684	4.9852e-010
-2.683	5.13407e-010
-2.682	5.28096e-010
-2.681	5.42559e-010
-2.68	5.5677e-010
-2.679	5.70701e-010
-2.678	5.84324e-010
-2.677	5.97614e-010
-2.676	6.10544e-010
-2.675	6.2309e-010
-2.674	6.35228e-010
-2.673	6.46932e-010
-2.672	6.58182e-010
-2.671	6.68954e-010
-2.67	6.79229e-010
-2.669	6.88984e-010
-2.668	6.98204e-010
-2.667	7.06869e-010
-2.666	7.14966e-010
-2.665	7.22477e-010
-2.664	7.29393e-010
-2.663	7.35697e-010
-2.662	7.41383e-010
-2.661	7.46442e-010
-2.66	7.50865e-010
-2.659	7.54651e-010
-2.658	7.57794e-010
-2.657	7.60294e-010
-2.656	7.62152e-010
-2.655	7.63369e-010
-2.654	7.63953e-010
-2.653	7.6391e-010
-2.652	7.63246e-010
-2.651	7.61977e-010
-2.65	7.60115e-010
-2.649	7.57674e-010
-2.648	7.54673e-010
-2.647	7.51134e-010
-2.646	7.47076e-010
-2.645	7.42527e-010
-2.644	7.37513e-010
-2.643	7.32065e-010
-2.642	7.26215e-010
-2.641	7.19996e-010
-2.64	7.13444e-010
-2.639	7.06597e-010
-2.638	6.99498e-010
-2.637	6.92187e-010
-2.636	6.84713e-010
-2.635	6.77121e-010
-2.634	6.6946e-010
-2.633	6.61781e-010
-2.632	6.54136e-010
-2.631	6.46582e-010
-2.63	6.39174e-010
-2.629	6.31969e-010
-2.628	6.25029e-010
-2.627	6.18412e-010
-2.626	6.12183e-010
-2.625	6.06404e-010
-2.624	6.01138e-010
-2.623	5.96452e-010
-2.622	5.92411e-010
-2.621	5.89083e-010
-2.62	5.86533e-010
-2.619	5.8483e-010
-2.618	5.84041e-010
-2.617	5.84234e-010
-2.616	5.85474e-010
-2.615	5.87831e-010
-2.614	5.91369e-010
-2.613	5.96153e-010
-2.612	6.02251e-010
-2.611	6.09724e-010
-2.61	6.18635e-010
-2.609	6.29044e-010
-2.608	6.41009e-010
-2.607	6.5459e-010
-2.606	6.6984e-010
-2.605	6.86813e-010
-2.604	7.05556e-010
-2.603	7.26122e-010
-2.602	7.4855e-010
-2.601	7.72883e-010
-2.6	7.99161e-010
-2.599	8.27418e-010
-2.598	8.57683e-010
-2.597	8.89987e-010
-2.596	9.24351e-010
-2.595	9.60797e-010
-2.594	9.99334e-010
-2.593	1.03998e-009
-2.592	1.08273e-009
-2.591	1.1276e-009
-2.59	1.17458e-009
-2.589	1.22365e-009
-2.588	1.27482e-009
-2.587	1.32805e-009
-2.586	1.38332e-009
-2.585	1.44061e-009
-2.584	1.49987e-009
-2.583	1.56108e-009
-2.582	1.62418e-009
-2.581	1.68913e-009
-2.58	1.75586e-009
-2.579	1.82432e-009
-2.578	1.89443e-009
-2.577	1.96613e-009
-2.576	2.03934e-009
-2.575	2.11398e-009
-2.574	2.18996e-009
-2.573	2.26718e-009
-2.572	2.34556e-009
-2.571	2.42498e-009
-2.57	2.50536e-009
-2.569	2.58656e-009
-2.568	2.66848e-009
-2.567	2.75101e-009
-2.566	2.83402e-009
-2.565	2.91739e-009
-2.564	3.00098e-009
-2.563	3.08468e-009
-2.562	3.16836e-009
-2.561	3.25186e-009
-2.56	3.33507e-009
-2.559	3.41784e-009
-2.558	3.50005e-009
-2.557	3.58154e-009
-2.556	3.66219e-009
-2.555	3.74186e-009
-2.554	3.82041e-009
-2.553	3.8977e-009
-2.552	3.97361e-009
-2.551	4.04801e-009
-2.55	4.12076e-009
-2.549	4.19175e-009
-2.548	4.26085e-009
-2.547	4.32795e-009
-2.546	4.39294e-009
-2.545	4.4557e-009
-2.544	4.51615e-009
-2.543	4.57418e-009
-2.542	4.62971e-009
-2.541	4.68265e-009
-2.54	4.73294e-009
-2.539	4.78051e-009
-2.538	4.8253e-009
-2.537	4.86727e-009
-2.536	4.90638e-009
-2.535	4.94259e-009
-2.534	4.97591e-009
-2.533	5.0063e-009
-2.532	5.03379e-009
-2.531	5.05837e-009
-2.53	5.08008e-009
-2.529	5.09897e-009
-2.528	5.11508e-009
-2.527	5.12847e-009
-2.526	5.13921e-009
-2.525	5.14738e-009
-2.524	5.15311e-009
-2.523	5.15649e-009
-2.522	5.15765e-009
-2.521	5.15674e-009
-2.52	5.1539e-009
-2.519	5.1493e-009
-2.518	5.14311e-009
-2.517	5.13553e-009
-2.516	5.12676e-009
-2.515	5.11701e-009
-2.514	5.10651e-009
-2.513	5.09551e-009
-2.512	5.08423e-009
-2.511	5.07297e-009
-2.51	5.06197e-009
-2.509	5.05152e-009
-2.508	5.04191e-009
-2.507	5.03344e-009
-2.506	5.02643e-009
-2.505	5.02119e-009
-2.504	5.01803e-009
-2.503	5.01729e-009
-2.502	5.01931e-009
-2.501	5.02443e-009
-2.5	5.03299e-009
-2.499	5.04531e-009
-2.498	5.06178e-009
-2.497	5.08274e-009
-2.496	5.10852e-009
-2.495	5.13949e-009
-2.494	5.17599e-009
-2.493	5.21837e-009
-2.492	5.26696e-009
-2.491	5.32212e-009
-2.49	5.38415e-009
-2.489	5.4534e-009
-2.488	5.53018e-009
-2.487	5.61479e-009
-2.486	5.70752e-009
-2.485	5.80867e-009
-2.484	5.9185e-009
-2.483	6.03729e-009
-2.482	6.16528e-009
-2.481	6.30268e-009
-2.48	6.44971e-009
-2.479	6.60658e-009
-2.478	6.77345e-009
-2.477	6.95048e-009
-2.476	7.13783e-009
-2.475	7.33559e-009
-2.474	7.54385e-009
-2.473	7.7627e-009
-2.472	7.99217e-009
-2.471	8.23231e-009
-2.47	8.48307e-009
-2.469	8.74446e-009
-2.468	9.01644e-009
-2.467	9.29889e-009
-2.466	9.59173e-009
-2.465	9.8948e-009
-2.464	1.0208e-008
-2.463	1.05311e-008
-2.462	1.08638e-008
-2.461	1.1206e-008
-2.46	1.15574e-008
-2.459	1.19176e-008
-2.458	1.22864e-008
-2.457	1.26635e-008
-2.456	1.30483e-008
-2.455	1.34405e-008
-2.454	1.38398e-008
-2.453	1.42456e-008
-2.452	1.46575e-008
-2.451	1.50749e-008
-2.45	1.54975e-008
-2.449	1.59245e-008
-2.448	1.63556e-008
-2.447	1.679e-008
-2.446	1.72272e-008
-2.445	1.76667e-008
-2.444	1.81078e-008
-2.443	1.85497e-008
-2.442	1.89921e-008
-2.441	1.94341e-008
-2.44	1.98751e-008
-2.439	2.03145e-008
-2.438	2.07516e-008
-2.437	2.11857e-008
-2.436	2.16162e-008
-2.435	2.20425e-008
-2.434	2.24639e-008
-2.433	2.28797e-008
-2.432	2.32892e-008
-2.431	2.3692e-008
-2.43	2.40874e-008
-2.429	2.44747e-008
-2.428	2.48536e-008
-2.427	2.52232e-008
-2.426	2.55833e-008
-2.425	2.59332e-008
-2.424	2.62725e-008
-2.423	2.66008e-008
-2.422	2.69176e-008
-2.421	2.72226e-008
-2.42	2.75156e-008
-2.419	2.7796e-008
-2.418	2.80638e-008
-2.417	2.83186e-008
-2.416	2.85604e-008
-2.415	2.8789e-008
-2.414	2.90043e-008
-2.413	2.92064e-008
-2.412	2.93952e-008
-2.411	2.95708e-008
-2.41	2.97334e-008
-2.409	2.98832e-008
-2.408	3.00203e-008
-2.407	3.0145e-008
-2.406	3.0258e-008
-2.405	3.03592e-008
-2.404	3.04494e-008
-2.403	3.0529e-008
-2.402	3.05986e-008
-2.401	3.0659e-008
-2.4	3.07106e-008
-2.399	3.07543e-008
-2.398	3.07909e-008
-2.397	3.08213e-008
-2.396	3.08462e-008
-2.395	3.08668e-008
-2.394	3.08841e-008
-2.393	3.0899e-008
-2.392	3.09127e-008
-2.391	3.09263e-008
-2.39	3.09411e-008
-2.389	3.09582e-008
-2.388	3.09789e-008
-2.387	3.10045e-008
-2.386	3.10363e-008
-2.385	3.10759e-008
-2.384	3.11244e-008
-2.383	3.11833e-008
-2.382	3.1254e-008
-2.381	3.1338e-008
-2.38	3.14367e-008
-2.379	3.15516e-008
-2.378	3.16841e-008
-2.377	3.18358e-008
-2.376	3.2008e-008
-2.375	3.22022e-008
-2.374	3.24199e-008
-2.373	3.26624e-008
-2.372	3.29311e-008
-2.371	3.32275e-008
-2.37	3.35528e-008
-2.369	3.39083e-008
-2.368	3.42954e-008
-2.367	3.47151e-008
-2.366	3.51688e-008
-2.365	3.56574e-008
-2.364	3.61821e-008
-2.363	3.67439e-008
-2.362	3.73436e-008
-2.361	3.79822e-008
-2.36	3.86605e-008
-2.359	3.93791e-008
-2.358	4.01387e-008
-2.357	4.09397e-008
-2.356	4.17828e-008
-2.355	4.26682e-008
-2.354	4.35963e-008
-2.353	4.45672e-008
-2.352	4.5581e-008
-2.351	4.66377e-008
-2.35	4.77373e-008
-2.349	4.88794e-008
-2.348	5.00637e-008
-2.347	5.12899e-008
-2.346	5.25574e-008
-2.345	5.38655e-008
-2.344	5.52136e-008
-2.343	5.66008e-008
-2.342	5.8026e-008
-2.341	5.94884e-008
-2.34	6.09867e-008
-2.339	6.25197e-008
-2.338	6.4086e-008
-2.337	6.56841e-008
-2.336	6.73124e-008
-2.335	6.89694e-008
-2.334	7.06535e-008
-2.333	7.23626e-008
-2.332	7.40948e-008
-2.331	7.58483e-008
-2.33	7.76208e-008
-2.329	7.94105e-008
-2.328	8.12152e-008
-2.327	8.30324e-008
-2.326	8.486e-008
-2.325	8.66956e-008
-2.324	8.85369e-008
-2.323	9.03815e-008
-2.322	9.22269e-008
-2.321	9.40707e-008
-2.32	9.59104e-008
-2.319	9.77435e-008
-2.318	9.95676e-008
-2.317	1.0138e-007
-2.316	1.03179e-007
-2.315	1.04962e-007
-2.314	1.06726e-007
-2.313	1.08469e-007
-2.312	1.10188e-007
-2.311	1.11883e-007
-2.31	1.13549e-007
-2.309	1.15186e-007
-2.308	1.16791e-007
-2.307	1.18363e-007
-2.306	1.19899e-007
-2.305	1.21399e-007
-2.304	1.22859e-007
-2.303	1.24279e-007
-2.302	1.25658e-007
-2.301	1.26994e-007
-2.3	1.28286e-007
-2.299	1.29534e-007
-2.298	1.30736e-007
-2.297	1.31892e-007
-2.296	1.33002e-007
-2.295	1.34064e-007
-2.294	1.3508e-007
-2.293	1.36049e-007
-2.292	1.36972e-007
-2.291	1.37848e-007
-2.29	1.38679e-007
-2.289	1.39465e-007
-2.288	1.40207e-007
-2.287	1.40907e-007
-2.286	1.41565e-007
-2.285	1.42184e-007
-2.284	1.42765e-007
-2.283	1.43311e-007
-2.282	1.43822e-007
-2.281	1.44302e-007
-2.28	1.44753e-007
-2.279	1.45179e-007
-2.278	1.4558e-007
-2.277	1.45962e-007
-2.276	1.46326e-007
-2.275	1.46676e-007
-2.274	1.47016e-007
-2.273	1.4735e-007
-2.272	1.47681e-007
-2.271	1.48013e-007
-2.27	1.4835e-007
-2.269	1.48696e-007
-2.268	1.49056e-007
-2.267	1.49434e-007
-2.266	1.49834e-007
-2.265	1.50262e-007
-2.264	1.50721e-007
-2.263	1.51216e-007
-2.262	1.51751e-007
-2.261	1.52333e-007
-2.26	1.52964e-007
-2.259	1.5365e-007
-2.258	1.54396e-007
-2.257	1.55206e-007
-2.256	1.56085e-007
-2.255	1.57038e-007
-2.254	1.58068e-007
-2.253	1.5918e-007
-2.252	1.6038e-007
-2.251	1.6167e-007
-2.25	1.63055e-007
-2.249	1.64539e-007
-2.248	1.66125e-007
-2.247	1.67818e-007
-2.246	1.69621e-007
-2.245	1.71537e-007
-2.244	1.73569e-007
-2.243	1.7572e-007
-2.242	1.77993e-007
-2.241	1.8039e-007
-2.24	1.82914e-007
-2.239	1.85565e-007
-2.238	1.88347e-007
-2.237	1.9126e-007
-2.236	1.94305e-007
-2.235	1.97484e-007
-2.234	2.00796e-007
-2.233	2.04243e-007
-2.232	2.07823e-007
-2.231	2.11537e-007
-2.23	2.15383e-007
-2.229	2.19362e-007
-2.228	2.23471e-007
-2.227	2.27709e-007
-2.226	2.32074e-007
-2.225	2.36563e-007
-2.224	2.41175e-007
-2.223	2.45906e-007
-2.222	2.50754e-007
-2.221	2.55714e-007
-2.22	2.60782e-007
-2.219	2.65955e-007
-2.218	2.71229e-007
-2.217	2.76599e-007
-2.216	2.8206e-007
-2.215	2.87606e-007
-2.214	2.93233e-007
-2.213	2.98935e-007
-2.212	3.04705e-007
-2.211	3.10539e-007
-2.21	3.1643e-007
-2.209	3.22371e-007
-2.208	3.28356e-007
-2.207	3.34378e-007
-2.206	3.40431e-007
-2.205	3.46508e-007
-2.204	3.52602e-007
-2.203	3.58704e-007
-2.202	3.6481e-007
-2.201	3.70912e-007
-2.2	3.77002e-007
-2.199	3.83075e-007
-2.198	3.89121e-007
-2.197	3.95136e-007
-2.196	4.01112e-007
-2.195	4.07041e-007
-2.194	4.12918e-007
-2.193	4.18737e-007
-2.192	4.24491e-007
-2.191	4.30173e-007
-2.19	4.35778e-007
-2.189	4.41302e-007
-2.188	4.46737e-007
-2.187	4.52079e-007
-2.186	4.57324e-007
-2.185	4.62467e-007
-2.184	4.67504e-007
-2.183	4.7243e-007
-2.182	4.77243e-007
-2.181	4.81941e-007
-2.18	4.86519e-007
-2.179	4.90977e-007
-2.178	4.95312e-007
-2.177	4.99524e-007
-2.176	5.03611e-007
-2.175	5.07572e-007
-2.174	5.11408e-007
-2.173	5.1512e-007
-2.172	5.1871e-007
-2.171	5.22178e-007
-2.17	5.25526e-007
-2.169	5.28758e-007
-2.168	5.31876e-007
-2.167	5.34884e-007
-2.166	5.37786e-007
-2.165	5.40587e-007
-2.164	5.43291e-007
-2.163	5.45904e-007
-2.162	5.48432e-007
-2.161	5.50883e-007
-2.16	5.53263e-007
-2.159	5.55578e-007
-2.158	5.57838e-007
-2.157	5.60049e-007
-2.156	5.62222e-007
-2.155	5.64366e-007
-2.154	5.66489e-007
-2.153	5.686e-007
-2.152	5.70711e-007
-2.151	5.72831e-007
-2.15	5.74971e-007
-2.149	5.77144e-007
-2.148	5.79358e-007
-2.147	5.81625e-007
-2.146	5.83958e-007
-2.145	5.86367e-007
-2.144	5.88865e-007
-2.143	5.91461e-007
-2.142	5.9417e-007
-2.141	5.97003e-007
-2.14	5.9997e-007
-2.139	6.03084e-007
-2.138	6.06358e-007
-2.137	6.09801e-007
-2.136	6.13426e-007
-2.135	6.17243e-007
-2.134	6.21265e-007
-2.133	6.25501e-007
-2.132	6.29961e-007
-2.131	6.34656e-007
-2.13	6.39596e-007
-2.129	6.4479e-007
-2.128	6.50247e-007
-2.127	6.55975e-007
-2.126	6.61982e-007
-2.125	6.68278e-007
-2.124	6.74866e-007
-2.123	6.81755e-007
-2.122	6.88951e-007
-2.121	6.96458e-007
-2.12	7.04283e-007
-2.119	7.12427e-007
-2.118	7.20896e-007
-2.117	7.29691e-007
-2.116	7.38816e-007
-2.115	7.48269e-007
-2.114	7.58054e-007
-2.113	7.68169e-007
-2.112	7.78613e-007
-2.111	7.89387e-007
-2.11	8.00487e-007
-2.109	8.1191e-007
-2.108	8.23651e-007
-2.107	8.35708e-007
-2.106	8.48074e-007
-2.105	8.60744e-007
-2.104	8.73712e-007
-2.103	8.86968e-007
-2.102	9.00507e-007
-2.101	9.14318e-007
-2.1	9.28394e-007
-2.099	9.42724e-007
-2.098	9.57299e-007
-2.097	9.72103e-007
-2.096	9.8713e-007
-2.095	1.00236e-006
-2.094	1.01779e-006
-2.093	1.03341e-006
-2.092	1.04919e-006
-2.091	1.06512e-006
-2.09	1.0812e-006
-2.089	1.0974e-006
-2.088	1.11372e-006
-2.087	1.13013e-006
-2.086	1.14662e-006
-2.085	1.16317e-006
-2.084	1.17977e-006
-2.083	1.19641e-006
-2.082	1.21307e-006
-2.081	1.22972e-006
-2.08	1.24637e-006
-2.079	1.26298e-006
-2.078	1.27955e-006
-2.077	1.29606e-006
-2.076	1.3125e-006
-2.075	1.32885e-006
-2.074	1.34509e-006
-2.073	1.36122e-006
-2.072	1.37722e-006
-2.071	1.39307e-006
-2.07	1.40877e-006
-2.069	1.4243e-006
-2.068	1.43966e-006
-2.067	1.45482e-006
-2.066	1.46979e-006
-2.065	1.48455e-006
-2.064	1.49909e-006
-2.063	1.51341e-006
-2.062	1.52751e-006
-2.061	1.54136e-006
-2.06	1.55498e-006
-2.059	1.56836e-006
-2.058	1.58149e-006
-2.057	1.59436e-006
-2.056	1.60699e-006
-2.055	1.61937e-006
-2.054	1.63151e-006
-2.053	1.64339e-006
-2.052	1.65503e-006
-2.051	1.66644e-006
-2.05	1.67761e-006
-2.049	1.68855e-006
-2.048	1.69928e-006
-2.047	1.70979e-006
-2.046	1.7201e-006
-2.045	1.73021e-006
-2.044	1.74015e-006
-2.043	1.74992e-006
-2.042	1.75953e-006
-2.041	1.769e-006
-2.04	1.77835e-006
-2.039	1.78759e-006
-2.038	1.79673e-006
-2.037	1.8058e-006
-2.036	1.81481e-006
-2.035	1.82378e-006
-2.034	1.83274e-006
-2.033	1.84169e-006
-2.032	1.85067e-006
-2.031	1.85969e-006
-2.03	1.86878e-006
-2.029	1.87796e-006
-2.028	1.88725e-006
-2.027	1.89667e-006
-2.026	1.90625e-006
-2.025	1.91601e-006
-2.024	1.92598e-006
-2.023	1.93617e-006
-2.022	1.94661e-006
-2.021	1.95733e-006
-2.02	1.96834e-006
-2.019	1.97968e-006
-2.018	1.99136e-006
-2.017	2.00341e-006
-2.016	2.01585e-006
-2.015	2.0287e-006
-2.014	2.04198e-006
-2.013	2.05571e-006
-2.012	2.06992e-006
-2.011	2.08462e-006
-2.01	2.09983e-006
-2.009	2.11557e-006
-2.008	2.13186e-006
-2.007	2.14871e-006
-2.006	2.16614e-006
-2.005	2.18416e-006
-2.004	2.20278e-006
-2.003	2.22202e-006
-2.002	2.24188e-006
-2.001	2.26239e-006
-2	2.28354e-006
-1.999	2.30534e-006
-1.998	2.3278e-006
-1.997	2.35092e-006
-1.996	2.37471e-006
-1.995	2.39916e-006
-1.994	2.42429e-006
-1.993	2.45009e-006
-1.992	2.47655e-006
-1.991	2.50367e-006
-1.99	2.53145e-006
-1.989	2.55988e-006
-1.988	2.58896e-006
-1.987	2.61867e-006
-1.986	2.64901e-006
-1.985	2.67996e-006
-1.984	2.71151e-006
-1.983	2.74366e-006
-1.982	2.77636e-006
-1.981	2.80963e-006
-1.98	2.84343e-006
-1.979	2.87776e-006
-1.978	2.91258e-006
-1.977	2.94788e-006
-1.976	2.98364e-006
-1.975	3.01983e-006
-1.974	3.05643e-006
-1.973	3.09342e-006
-1.972	3.13078e-006
-1.971	3.16847e-006
-1.97	3.20648e-006
-1.969	3.24476e-006
-1.968	3.2833e-006
-1.967	3.32208e-006
-1.966	3.36105e-006
-1.965	3.40021e-006
-1.964	3.43951e-006
-1.963	3.47893e-006
-1.962	3.51844e-006
-1.961	3.55801e-006
-1.96	3.59763e-006
-1.959	3.63725e-006
-1.958	3.67686e-006
-1.957	3.71642e-006
-1.956	3.75592e-006
-1.955	3.79532e-006
-1.954	3.8346e-006
-1.953	3.87374e-006
-1.952	3.91273e-006
-1.951	3.95151e-006
-1.95	3.9901e-006
-1.949	4.02846e-006
-1.948	4.06657e-006
-1.947	4.10442e-006
-1.946	4.142e-006
-1.945	4.17928e-006
-1.944	4.21625e-006
-1.943	4.25291e-006
-1.942	4.28924e-006
-1.941	4.32523e-006
-1.94	4.36088e-006
-1.939	4.39619e-006
-1.938	4.43113e-006
-1.937	4.46572e-006
-1.936	4.49995e-006
-1.935	4.53384e-006
-1.934	4.56736e-006
-1.933	4.60054e-006
-1.932	4.63338e-006
-1.931	4.66588e-006
-1.93	4.69806e-006
-1.929	4.72994e-006
-1.928	4.7615e-006
-1.927	4.79279e-006
-1.926	4.82381e-006
-1.925	4.85458e-006
-1.924	4.88512e-006
-1.923	4.91545e-006
-1.922	4.9456e-006
-1.921	4.9756e-006
-1.92	5.00546e-006
-1.919	5.0352e-006
-1.918	5.06488e-006
-1.917	5.0945e-006
-1.916	5.12411e-006
-1.915	5.15373e-006
-1.914	5.1834e-006
-1.913	5.21315e-006
-1.912	5.24302e-006
-1.911	5.27304e-006
-1.91	5.30325e-006
-1.909	5.33368e-006
-1.908	5.36439e-006
-1.907	5.39539e-006
-1.906	5.42673e-006
-1.905	5.45844e-006
-1.904	5.49058e-006
-1.903	5.52317e-006
-1.902	5.55626e-006
-1.901	5.58988e-006
-1.9	5.62407e-006
-1.899	5.65887e-006
-1.898	5.69431e-006
-1.897	5.73044e-006
-1.896	5.76728e-006
-1.895	5.80488e-006
-1.894	5.84326e-006
-1.893	5.88246e-006
-1.892	5.92252e-006
-1.891	5.96347e-006
-1.89	6.00532e-006
-1.889	6.04812e-006
-1.888	6.0919e-006
-1.887	6.13667e-006
-1.886	6.18245e-006
-1.885	6.22928e-006
-1.884	6.27718e-006
-1.883	6.32616e-006
-1.882	6.37624e-006
-1.881	6.42743e-006
-1.88	6.47975e-006
-1.879	6.53322e-006
-1.878	6.58784e-006
-1.877	6.64361e-006
-1.876	6.70055e-006
-1.875	6.75865e-006
-1.874	6.81793e-006
-1.873	6.87838e-006
-1.872	6.93999e-006
-1.871	7.00277e-006
-1.87	7.06671e-006
-1.869	7.13179e-006
-1.868	7.19801e-006
-1.867	7.26535e-006
-1.866	7.33381e-006
-1.865	7.40336e-006
-1.864	7.47397e-006
-1.863	7.54565e-006
-1.862	7.61836e-006
-1.861	7.69208e-006
-1.86	7.76678e-006
-1.859	7.84244e-006
-1.858	7.91902e-006
-1.857	7.9965e-006
-1.856	8.07486e-006
-1.855	8.15404e-006
-1.854	8.23403e-006
-1.853	8.31477e-006
-1.852	8.39626e-006
-1.851	8.47844e-006
-1.85	8.56127e-006
-1.849	8.64473e-006
-1.848	8.72875e-006
-1.847	8.81333e-006
-1.846	8.89843e-006
-1.845	8.98396e-006
-1.844	9.06992e-006
-1.843	9.15627e-006
-1.842	9.24296e-006
-1.841	9.32995e-006
-1.84	9.41722e-006
-1.839	9.50471e-006
-1.838	9.59239e-006
-1.837	9.68022e-006
-1.836	9.76818e-006
-1.835	9.85622e-006
-1.834	9.9443e-006
-1.833	1.00324e-005
-1.832	1.01205e-005
-1.831	1.02085e-005
-1.83	1.02965e-005
-1.829	1.03844e-005
-1.828	1.04721e-005
-1.827	1.05597e-005
-1.826	1.06471e-005
-1.825	1.07344e-005
-1.824	1.08214e-005
-1.823	1.09082e-005
-1.822	1.09947e-005
-1.821	1.10811e-005
-1.82	1.11671e-005
-1.819	1.12529e-005
-1.818	1.13384e-005
-1.817	1.14237e-005
-1.816	1.15086e-005
-1.815	1.15933e-005
-1.814	1.16777e-005
-1.813	1.17619e-005
-1.812	1.18459e-005
-1.811	1.19296e-005
-1.81	1.20131e-005
-1.809	1.20963e-005
-1.808	1.21794e-005
-1.807	1.22623e-005
-1.806	1.23451e-005
-1.805	1.24278e-005
-1.804	1.25104e-005
-1.803	1.25929e-005
-1.802	1.26754e-005
-1.801	1.2758e-005
-1.8	1.28405e-005
-1.799	1.29232e-005
-1.798	1.3006e-005
-1.797	1.3089e-005
-1.796	1.31722e-005
-1.795	1.32557e-005
-1.794	1.33394e-005
-1.793	1.34235e-005
-1.792	1.3508e-005
-1.791	1.3593e-005
-1.79	1.36785e-005
-1.789	1.37645e-005
-1.788	1.38512e-005
-1.787	1.39385e-005
-1.786	1.40265e-005
-1.785	1.41152e-005
-1.784	1.42048e-005
-1.783	1.42953e-005
-1.782	1.43867e-005
-1.781	1.44791e-005
-1.78	1.45725e-005
-1.779	1.4667e-005
-1.778	1.47627e-005
-1.777	1.48595e-005
-1.776	1.49576e-005
-1.775	1.5057e-005
-1.774	1.51577e-005
-1.773	1.52598e-005
-1.772	1.53633e-005
-1.771	1.54683e-005
-1.77	1.55748e-005
-1.769	1.56829e-005
-1.768	1.57925e-005
-1.767	1.59038e-005
-1.766	1.60168e-005
-1.765	1.61315e-005
-1.764	1.62479e-005
-1.763	1.63661e-005
-1.762	1.6486e-005
-1.761	1.66078e-005
-1.76	1.67314e-005
-1.759	1.68569e-005
-1.758	1.69842e-005
-1.757	1.71134e-005
-1.756	1.72445e-005
-1.755	1.73776e-005
-1.754	1.75125e-005
-1.753	1.76493e-005
-1.752	1.77881e-005
-1.751	1.79288e-005
-1.75	1.80714e-005
-1.749	1.82159e-005
-1.748	1.83623e-005
-1.747	1.85106e-005
-1.746	1.86607e-005
-1.745	1.88128e-005
-1.744	1.89666e-005
-1.743	1.91223e-005
-1.742	1.92798e-005
-1.741	1.9439e-005
-1.74	1.95999e-005
-1.739	1.97626e-005
-1.738	1.9927e-005
-1.737	2.0093e-005
-1.736	2.02606e-005
-1.735	2.04298e-005
-1.734	2.06006e-005
-1.733	2.07728e-005
-1.732	2.09465e-005
-1.731	2.11216e-005
-1.73	2.12981e-005
-1.729	2.14759e-005
-1.728	2.16551e-005
-1.727	2.18354e-005
-1.726	2.2017e-005
-1.725	2.21997e-005
-1.724	2.23835e-005
-1.723	2.25685e-005
-1.722	2.27544e-005
-1.721	2.29413e-005
-1.72	2.31291e-005
-1.719	2.33178e-005
-1.718	2.35074e-005
-1.717	2.36977e-005
-1.716	2.38889e-005
-1.715	2.40807e-005
-1.714	2.42732e-005
-1.713	2.44664e-005
-1.712	2.46602e-005
-1.711	2.48546e-005
-1.71	2.50495e-005
-1.709	2.5245e-005
-1.708	2.54408e-005
-1.707	2.56372e-005
-1.706	2.5834e-005
-1.705	2.60313e-005
-1.704	2.62288e-005
-1.703	2.64268e-005
-1.702	2.66252e-005
-1.701	2.68239e-005
-1.7	2.70229e-005
-1.699	2.72223e-005
-1.698	2.7422e-005
-1.697	2.76219e-005
-1.696	2.78223e-005
-1.695	2.8023e-005
-1.694	2.8224e-005
-1.693	2.84254e-005
-1.692	2.86271e-005
-1.691	2.88292e-005
-1.69	2.90317e-005
-1.689	2.92347e-005
-1.688	2.9438e-005
-1.687	2.96419e-005
-1.686	2.98462e-005
-1.685	3.00511e-005
-1.684	3.02565e-005
-1.683	3.04626e-005
-1.682	3.06693e-005
-1.681	3.08767e-005
-1.68	3.10848e-005
-1.679	3.12937e-005
-1.678	3.15035e-005
-1.677	3.17141e-005
-1.676	3.19256e-005
-1.675	3.21382e-005
-1.674	3.23518e-005
-1.673	3.25665e-005
-1.672	3.27824e-005
-1.671	3.29995e-005
-1.67	3.32179e-005
-1.669	3.34376e-005
-1.668	3.36588e-005
-1.667	3.38815e-005
-1.666	3.41057e-005
-1.665	3.43315e-005
-1.664	3.45591e-005
-1.663	3.47883e-005
-1.662	3.50194e-005
-1.661	3.52524e-005
-1.66	3.54874e-005
-1.659	3.57243e-005
-1.658	3.59634e-005
-1.657	3.62046e-005
-1.656	3.6448e-005
-1.655	3.66937e-005
-1.654	3.69417e-005
-1.653	3.71922e-005
-1.652	3.74451e-005
-1.651	3.77006e-005
-1.65	3.79586e-005
-1.649	3.82193e-005
-1.648	3.84827e-005
-1.647	3.87488e-005
-1.646	3.90177e-005
-1.645	3.92894e-005
-1.644	3.9564e-005
-1.643	3.98416e-005
-1.642	4.01221e-005
-1.641	4.04056e-005
-1.64	4.06922e-005
-1.639	4.09818e-005
-1.638	4.12746e-005
-1.637	4.15705e-005
-1.636	4.18696e-005
-1.635	4.21718e-005
-1.634	4.24772e-005
-1.633	4.27858e-005
-1.632	4.30978e-005
-1.631	4.34128e-005
-1.63	4.37312e-005
-1.629	4.40529e-005
-1.628	4.43777e-005
-1.627	4.47059e-005
-1.626	4.50373e-005
-1.625	4.53719e-005
-1.624	4.57098e-005
-1.623	4.60509e-005
-1.622	4.63953e-005
-1.621	4.67429e-005
-1.62	4.70935e-005
-1.619	4.74474e-005
-1.618	4.78045e-005
-1.617	4.81646e-005
-1.616	4.8528e-005
-1.615	4.88943e-005
-1.614	4.92637e-005
-1.613	4.9636e-005
-1.612	5.00115e-005
-1.611	5.03897e-005
-1.61	5.0771e-005
-1.609	5.11551e-005
-1.608	5.1542e-005
-1.607	5.19318e-005
-1.606	5.23242e-005
-1.605	5.27196e-005
-1.604	5.31175e-005
-1.603	5.35181e-005
-1.602	5.39212e-005
-1.601	5.4327e-005
-1.6	5.47353e-005
-1.599	5.51461e-005
-1.598	5.55593e-005
-1.597	5.5975e-005
-1.596	5.6393e-005
-1.595	5.68134e-005
-1.594	5.72362e-005
-1.593	5.76612e-005
-1.592	5.80884e-005
-1.591	5.85178e-005
-1.59	5.89496e-005
-1.589	5.93835e-005
-1.588	5.98195e-005
-1.587	6.02576e-005
-1.586	6.06978e-005
-1.585	6.11402e-005
-1.584	6.15845e-005
-1.583	6.20311e-005
-1.582	6.24797e-005
-1.581	6.29302e-005
-1.58	6.33828e-005
-1.579	6.38375e-005
-1.578	6.42942e-005
-1.577	6.47529e-005
-1.576	6.52137e-005
-1.575	6.56766e-005
-1.574	6.61415e-005
-1.573	6.66086e-005
-1.572	6.70777e-005
-1.571	6.75489e-005
-1.57	6.80224e-005
-1.569	6.8498e-005
-1.568	6.89757e-005
-1.567	6.94558e-005
-1.566	6.99381e-005
-1.565	7.04229e-005
-1.564	7.09098e-005
-1.563	7.13992e-005
-1.562	7.18912e-005
-1.561	7.23856e-005
-1.56	7.28826e-005
-1.559	7.33822e-005
-1.558	7.38844e-005
-1.557	7.43893e-005
-1.556	7.48972e-005
-1.555	7.54079e-005
-1.554	7.59215e-005
-1.553	7.64382e-005
-1.552	7.69579e-005
-1.551	7.74807e-005
-1.55	7.80068e-005
-1.549	7.85363e-005
-1.548	7.90689e-005
-1.547	7.96051e-005
-1.546	8.01449e-005
-1.545	8.06883e-005
-1.544	8.12355e-005
-1.543	8.17863e-005
-1.542	8.23411e-005
-1.541	8.28997e-005
-1.54	8.34624e-005
-1.539	8.40293e-005
-1.538	8.46004e-005
-1.537	8.51757e-005
-1.536	8.57555e-005
-1.535	8.63396e-005
-1.534	8.69284e-005
-1.533	8.75217e-005
-1.532	8.81197e-005
-1.531	8.87226e-005
-1.53	8.93302e-005
-1.529	8.99427e-005
-1.528	9.05604e-005
-1.527	9.11831e-005
-1.526	9.18109e-005
-1.525	9.24439e-005
-1.524	9.30822e-005
-1.523	9.37259e-005
-1.522	9.43751e-005
-1.521	9.50297e-005
-1.52	9.569e-005
-1.519	9.63557e-005
-1.518	9.70271e-005
-1.517	9.77043e-005
-1.516	9.83872e-005
-1.515	9.9076e-005
-1.514	9.97706e-005
-1.513	0.000100471
-1.512	0.000101178
-1.511	0.00010189
-1.51	0.000102609
-1.509	0.000103333
-1.508	0.000104064
-1.507	0.000104801
-1.506	0.000105544
-1.505	0.000106293
-1.504	0.000107048
-1.503	0.00010781
-1.502	0.000108577
-1.501	0.000109351
-1.5	0.000110131
-1.499	0.000110918
-1.498	0.00011171
-1.497	0.000112509
-1.496	0.000113315
-1.495	0.000114126
-1.494	0.000114944
-1.493	0.000115768
-1.492	0.000116598
-1.491	0.000117435
-1.49	0.000118278
-1.489	0.000119127
-1.488	0.000119982
-1.487	0.000120844
-1.486	0.000121711
-1.485	0.000122585
-1.484	0.000123465
-1.483	0.000124352
-1.482	0.000125244
-1.481	0.000126143
-1.48	0.000127047
-1.479	0.000127958
-1.478	0.000128875
-1.477	0.000129798
-1.476	0.000130727
-1.475	0.000131662
-1.474	0.000132604
-1.473	0.000133551
-1.472	0.000134504
-1.471	0.000135464
-1.47	0.000136429
-1.469	0.0001374
-1.468	0.000138378
-1.467	0.000139361
-1.466	0.000140351
-1.465	0.000141347
-1.464	0.000142348
-1.463	0.000143356
-1.462	0.000144369
-1.461	0.000145389
-1.46	0.000146415
-1.459	0.000147447
-1.458	0.000148485
-1.457	0.000149529
-1.456	0.000150579
-1.455	0.000151636
-1.454	0.000152698
-1.453	0.000153767
-1.452	0.000154843
-1.451	0.000155924
-1.45	0.000157012
-1.449	0.000158106
-1.448	0.000159207
-1.447	0.000160315
-1.446	0.000161429
-1.445	0.000162549
-1.444	0.000163676
-1.443	0.00016481
-1.442	0.000165951
-1.441	0.000167099
-1.44	0.000168254
-1.439	0.000169416
-1.438	0.000170585
-1.437	0.000171761
-1.436	0.000172944
-1.435	0.000174135
-1.434	0.000175333
-1.433	0.000176539
-1.432	0.000177753
-1.431	0.000178974
-1.43	0.000180203
-1.429	0.00018144
-1.428	0.000182685
-1.427	0.000183939
-1.426	0.0001852
-1.425	0.000186471
-1.424	0.000187749
-1.423	0.000189036
-1.422	0.000190332
-1.421	0.000191636
-1.42	0.00019295
-1.419	0.000194272
-1.418	0.000195604
-1.417	0.000196945
-1.416	0.000198296
-1.415	0.000199656
-1.414	0.000201025
-1.413	0.000202405
-1.412	0.000203794
-1.411	0.000205193
-1.41	0.000206603
-1.409	0.000208022
-1.408	0.000209452
-1.407	0.000210893
-1.406	0.000212344
-1.405	0.000213805
-1.404	0.000215278
-1.403	0.000216761
-1.402	0.000218256
-1.401	0.000219761
-1.4	0.000221278
-1.399	0.000222806
-1.398	0.000224346
-1.397	0.000225898
-1.396	0.000227461
-1.395	0.000229035
-1.394	0.000230622
-1.393	0.000232221
-1.392	0.000233831
-1.391	0.000235454
-1.39	0.000237089
-1.389	0.000238737
-1.388	0.000240396
-1.387	0.000242069
-1.386	0.000243753
-1.385	0.000245451
-1.384	0.000247162
-1.383	0.000248885
-1.382	0.000250621
-1.381	0.00025237
-1.38	0.000254132
-1.379	0.000255907
-1.378	0.000257695
-1.377	0.000259497
-1.376	0.000261312
-1.375	0.00026314
-1.374	0.000264982
-1.373	0.000266837
-1.372	0.000268706
-1.371	0.000270589
-1.37	0.000272485
-1.369	0.000274394
-1.368	0.000276318
-1.367	0.000278255
-1.366	0.000280206
-1.365	0.000282172
-1.364	0.000284151
-1.363	0.000286144
-1.362	0.000288151
-1.361	0.000290172
-1.36	0.000292208
-1.359	0.000294257
-1.358	0.000296321
-1.357	0.000298399
-1.356	0.000300491
-1.355	0.000302598
-1.354	0.000304719
-1.353	0.000306855
-1.352	0.000309005
-1.351	0.00031117
-1.35	0.000313349
-1.349	0.000315543
-1.348	0.000317752
-1.347	0.000319976
-1.346	0.000322214
-1.345	0.000324467
-1.344	0.000326735
-1.343	0.000329018
-1.342	0.000331317
-1.341	0.00033363
-1.34	0.000335959
-1.339	0.000338303
-1.338	0.000340662
-1.337	0.000343037
-1.336	0.000345427
-1.335	0.000347833
-1.334	0.000350255
-1.333	0.000352692
-1.332	0.000355145
-1.331	0.000357614
-1.33	0.000360099
-1.329	0.000362601
-1.328	0.000365119
-1.327	0.000367653
-1.326	0.000370203
-1.325	0.00037277
-1.324	0.000375354
-1.323	0.000377955
-1.322	0.000380573
-1.321	0.000383207
-1.32	0.000385859
-1.319	0.000388528
-1.318	0.000391215
-1.317	0.000393919
-1.316	0.000396641
-1.315	0.000399381
-1.314	0.000402139
-1.313	0.000404915
-1.312	0.000407709
-1.311	0.000410522
-1.31	0.000413354
-1.309	0.000416205
-1.308	0.000419075
-1.307	0.000421963
-1.306	0.000424871
-1.305	0.000427799
-1.304	0.000430747
-1.303	0.000433714
-1.302	0.000436702
-1.301	0.000439709
-1.3	0.000442737
-1.299	0.000445786
-1.298	0.000448855
-1.297	0.000451946
-1.296	0.000455058
-1.295	0.000458192
-1.294	0.000461346
-1.293	0.000464523
-1.292	0.000467722
-1.291	0.000470943
-1.29	0.000474186
-1.289	0.000477452
-1.288	0.000480741
-1.287	0.000484053
-1.286	0.000487388
-1.285	0.000490746
-1.284	0.000494129
-1.283	0.000497534
-1.282	0.000500964
-1.281	0.000504418
-1.28	0.000507898
-1.279	0.000511401
-1.278	0.000514929
-1.277	0.000518482
-1.276	0.000522061
-1.275	0.000525665
-1.274	0.000529295
-1.273	0.000532951
-1.272	0.000536632
-1.271	0.000540341
-1.27	0.000544075
-1.269	0.000547837
-1.268	0.000551626
-1.267	0.000555441
-1.266	0.000559283
-1.265	0.000563154
-1.264	0.000567051
-1.263	0.000570977
-1.262	0.000574931
-1.261	0.000578914
-1.26	0.000582924
-1.259	0.000586962
-1.258	0.000591031
-1.257	0.000595129
-1.256	0.000599254
-1.255	0.000603411
-1.254	0.000607597
-1.253	0.000611811
-1.252	0.000616057
-1.251	0.000620332
-1.25	0.000624637
-1.249	0.000628974
-1.248	0.000633341
-1.247	0.000637738
-1.246	0.000642167
-1.245	0.000646627
-1.244	0.000651118
-1.243	0.00065564
-1.242	0.000660196
-1.241	0.000664782
-1.24	0.000669401
-1.239	0.000674052
-1.238	0.000678735
-1.237	0.000683451
-1.236	0.0006882
-1.235	0.000692982
-1.234	0.000697798
-1.233	0.000702646
-1.232	0.000707528
-1.231	0.000712444
-1.23	0.000717394
-1.229	0.000722377
-1.228	0.000727396
-1.227	0.000732449
-1.226	0.000737536
-1.225	0.000742658
-1.224	0.000747816
-1.223	0.000753008
-1.222	0.000758236
-1.221	0.000763499
-1.22	0.0007688
-1.219	0.000774135
-1.218	0.000779508
-1.217	0.000784917
-1.216	0.000790361
-1.215	0.000795843
-1.214	0.000801363
-1.213	0.000806919
-1.212	0.000812513
-1.211	0.000818146
-1.21	0.000823816
-1.209	0.000829524
-1.208	0.000835271
-1.207	0.000841058
-1.206	0.000846883
-1.205	0.000852746
-1.204	0.000858649
-1.203	0.000864593
-1.202	0.000870577
-1.201	0.000876602
-1.2	0.000882666
-1.199	0.000888773
-1.198	0.000894918
-1.197	0.000901107
-1.196	0.000907337
-1.195	0.00091361
-1.194	0.000919925
-1.193	0.000926282
-1.192	0.000932682
-1.191	0.000939125
-1.19	0.000945613
-1.189	0.000952145
-1.188	0.000958721
-1.187	0.000965339
-1.186	0.000972006
-1.185	0.000978717
-1.184	0.000985474
-1.183	0.000992277
-1.182	0.000999125
-1.181	0.00100602
-1.18	0.00101296
-1.179	0.00101995
-1.178	0.00102699
-1.177	0.00103408
-1.176	0.00104121
-1.175	0.0010484
-1.174	0.00105563
-1.173	0.00106291
-1.172	0.00107024
-1.171	0.00107763
-1.17	0.00108506
-1.169	0.00109255
-1.168	0.00110008
-1.167	0.00110767
-1.166	0.00111531
-1.165	0.00112301
-1.164	0.00113076
-1.163	0.00113856
-1.162	0.00114641
-1.161	0.00115432
-1.16	0.00116229
-1.159	0.00117031
-1.158	0.00117839
-1.157	0.00118652
-1.156	0.00119471
-1.155	0.00120296
-1.154	0.00121126
-1.153	0.00121962
-1.152	0.00122804
-1.151	0.00123652
-1.15	0.00124506
-1.149	0.00125366
-1.148	0.00126232
-1.147	0.00127104
-1.146	0.00127982
-1.145	0.00128866
-1.144	0.00129757
-1.143	0.00130653
-1.142	0.00131556
-1.141	0.00132465
-1.14	0.00133381
-1.139	0.00134303
-1.138	0.00135231
-1.137	0.00136166
-1.136	0.00137108
-1.135	0.00138056
-1.134	0.00139011
-1.133	0.00139972
-1.132	0.0014094
-1.131	0.00141915
-1.13	0.00142897
-1.129	0.00143886
-1.128	0.00144881
-1.127	0.00145883
-1.126	0.00146893
-1.125	0.00147909
-1.124	0.00148933
-1.123	0.00149964
-1.122	0.00151002
-1.121	0.00152047
-1.12	0.00153099
-1.119	0.00154159
-1.118	0.00155227
-1.117	0.00156301
-1.116	0.00157383
-1.115	0.00158473
-1.114	0.0015957
-1.113	0.00160675
-1.112	0.00161787
-1.111	0.00162907
-1.11	0.00164035
-1.109	0.00165171
-1.108	0.00166314
-1.107	0.00167466
-1.106	0.00168626
-1.105	0.00169793
-1.104	0.00170969
-1.103	0.00172152
-1.102	0.00173344
-1.101	0.00174544
-1.1	0.00175752
-1.099	0.00176969
-1.098	0.00178194
-1.097	0.00179427
-1.096	0.00180669
-1.095	0.0018192
-1.094	0.00183179
-1.093	0.00184447
-1.092	0.00185723
-1.091	0.00187008
-1.09	0.00188302
-1.089	0.00189605
-1.088	0.00190917
-1.087	0.00192238
-1.086	0.00193568
-1.085	0.00194907
-1.084	0.00196255
-1.083	0.00197612
-1.082	0.00198979
-1.081	0.00200355
-1.08	0.0020174
-1.079	0.00203136
-1.078	0.0020454
-1.077	0.00205954
-1.076	0.00207378
-1.075	0.00208812
-1.074	0.00210255
-1.073	0.00211708
-1.072	0.00213172
-1.071	0.00214645
-1.07	0.00216128
-1.069	0.00217622
-1.068	0.00219125
-1.067	0.0022064
-1.066	0.00222164
-1.065	0.00223699
-1.064	0.00225244
-1.063	0.002268
-1.062	0.00228367
-1.061	0.00229944
-1.06	0.00231532
-1.059	0.00233131
-1.058	0.00234742
-1.057	0.00236363
-1.056	0.00237995
-1.055	0.00239639
-1.054	0.00241293
-1.053	0.00242959
-1.052	0.00244637
-1.051	0.00246326
-1.05	0.00248027
-1.049	0.0024974
-1.048	0.00251464
-1.047	0.002532
-1.046	0.00254949
-1.045	0.00256709
-1.044	0.00258482
-1.043	0.00260266
-1.042	0.00262063
-1.041	0.00263873
-1.04	0.00265695
-1.039	0.00267529
-1.038	0.00269377
-1.037	0.00271237
-1.036	0.0027311
-1.035	0.00274996
-1.034	0.00276894
-1.033	0.00278806
-1.032	0.00280732
-1.031	0.0028267
-1.03	0.00284623
-1.029	0.00286588
-1.028	0.00288568
-1.027	0.00290561
-1.026	0.00292567
-1.025	0.00294588
-1.024	0.00296623
-1.023	0.00298672
-1.022	0.00300735
-1.021	0.00302813
-1.02	0.00304905
-1.019	0.00307011
-1.018	0.00309132
-1.017	0.00311268
-1.016	0.00313419
-1.015	0.00315585
-1.014	0.00317765
-1.013	0.00319961
-1.012	0.00322172
-1.011	0.00324399
-1.01	0.00326641
-1.009	0.00328898
-1.008	0.00331171
-1.007	0.0033346
-1.006	0.00335765
-1.005	0.00338086
-1.004	0.00340423
-1.003	0.00342776
-1.002	0.00345146
-1.001	0.00347532
-1	0.00349935
-0.999	0.00352354
-0.998	0.0035479
-0.997	0.00357243
-0.996	0.00359712
-0.995	0.003622
-0.994	0.00364704
-0.993	0.00367225
-0.992	0.00369764
-0.991	0.00372321
-0.99	0.00374896
-0.989	0.00377488
-0.988	0.00380098
-0.987	0.00382726
-0.986	0.00385372
-0.985	0.00388037
-0.984	0.0039072
-0.983	0.00393422
-0.982	0.00396142
-0.981	0.00398881
-0.98	0.0040164
-0.979	0.00404416
-0.978	0.00407213
-0.977	0.00410029
-0.976	0.00412864
-0.975	0.00415718
-0.974	0.00418593
-0.973	0.00421487
-0.972	0.00424401
-0.971	0.00427336
-0.97	0.0043029
-0.969	0.00433265
-0.968	0.00436261
-0.967	0.00439277
-0.966	0.00442313
-0.965	0.00445371
-0.964	0.0044845
-0.963	0.00451549
-0.962	0.00454672
-0.961	0.00457815
-0.96	0.00460979
-0.959	0.00464166
-0.958	0.00467374
-0.957	0.00470604
-0.956	0.00473857
-0.955	0.00477132
-0.954	0.0048043
-0.953	0.0048375
-0.952	0.00487092
-0.951	0.0049046
-0.95	0.00493849
-0.949	0.00497262
-0.948	0.00500698
-0.947	0.00504158
-0.946	0.00507641
-0.945	0.00511149
-0.944	0.00514682
-0.943	0.00518238
-0.942	0.00521819
-0.941	0.00525425
-0.94	0.00529055
-0.939	0.0053271
-0.938	0.00536391
-0.937	0.00540097
-0.936	0.00543828
-0.935	0.00547585
-0.934	0.00551369
-0.933	0.00555178
-0.932	0.00559013
-0.931	0.00562875
-0.93	0.00566763
-0.929	0.00570679
-0.928	0.00574621
-0.927	0.0057859
-0.926	0.00582587
-0.925	0.00586612
-0.924	0.00590663
-0.923	0.00594744
-0.922	0.00598852
-0.921	0.00602989
-0.92	0.00607154
-0.919	0.00611348
-0.918	0.0061557
-0.917	0.00619823
-0.916	0.00624104
-0.915	0.00628415
-0.914	0.00632756
-0.913	0.00637126
-0.912	0.00641527
-0.911	0.00645959
-0.91	0.0065042
-0.909	0.00654913
-0.908	0.00659437
-0.907	0.00663992
-0.906	0.0066858
-0.905	0.00673198
-0.904	0.00677848
-0.903	0.00682531
-0.902	0.00687245
-0.901	0.00691994
-0.9	0.00696774
-0.899	0.00701588
-0.898	0.00706434
-0.897	0.00711314
-0.896	0.00716228
-0.895	0.00721176
-0.894	0.00726159
-0.893	0.00731176
-0.892	0.00736228
-0.891	0.00741314
-0.89	0.00746436
-0.889	0.00751594
-0.888	0.00756787
-0.887	0.00762015
-0.886	0.0076728
-0.885	0.00772582
-0.884	0.0077792
-0.883	0.00783295
-0.882	0.00788708
-0.881	0.00794159
-0.88	0.00799646
-0.879	0.00805173
-0.878	0.00810737
-0.877	0.00816339
-0.876	0.0082198
-0.875	0.00827661
-0.874	0.00833382
-0.873	0.00839141
-0.872	0.0084494
-0.871	0.0085078
-0.87	0.0085666
-0.869	0.0086258
-0.868	0.00868542
-0.867	0.00874545
-0.866	0.00880589
-0.865	0.00886676
-0.864	0.00892803
-0.863	0.00898975
-0.862	0.00905189
-0.861	0.00911445
-0.86	0.00917745
-0.859	0.00924089
-0.858	0.00930474
-0.857	0.00936907
-0.856	0.00943382
-0.855	0.00949902
-0.854	0.00956467
-0.853	0.00963078
-0.852	0.00969735
-0.851	0.00976436
-0.85	0.00983186
-0.849	0.00989981
-0.848	0.00996823
-0.847	0.0100371
-0.846	0.0101065
-0.845	0.0101764
-0.844	0.0102467
-0.843	0.0103175
-0.842	0.0103888
-0.841	0.0104606
-0.84	0.0105329
-0.839	0.0106057
-0.838	0.010679
-0.837	0.0107528
-0.836	0.0108271
-0.835	0.0109019
-0.834	0.0109773
-0.833	0.0110531
-0.832	0.0111295
-0.831	0.0112064
-0.83	0.0112839
-0.829	0.0113618
-0.828	0.0114403
-0.827	0.0115194
-0.826	0.011599
-0.825	0.0116791
-0.824	0.0117598
-0.823	0.0118411
-0.822	0.0119229
-0.821	0.0120053
-0.82	0.0120883
-0.819	0.0121718
-0.818	0.0122559
-0.817	0.0123406
-0.816	0.0124258
-0.815	0.0125117
-0.814	0.0125981
-0.813	0.0126852
-0.812	0.0127728
-0.811	0.0128611
-0.81	0.0129499
-0.809	0.0130394
-0.808	0.0131295
-0.807	0.0132202
-0.806	0.0133115
-0.805	0.0134035
-0.804	0.0134961
-0.803	0.0135894
-0.802	0.0136833
-0.801	0.0137778
-0.8	0.013873
-0.799	0.0139688
-0.798	0.0140653
-0.797	0.0141625
-0.796	0.0142604
-0.795	0.0143589
-0.794	0.0144581
-0.793	0.014558
-0.792	0.0146586
-0.791	0.0147599
-0.79	0.0148618
-0.789	0.0149645
-0.788	0.0150679
-0.787	0.015172
-0.786	0.0152768
-0.785	0.0153824
-0.784	0.0154886
-0.783	0.0155957
-0.782	0.0157034
-0.781	0.0158119
-0.78	0.0159212
-0.779	0.0160312
-0.778	0.0161419
-0.777	0.0162535
-0.776	0.0163657
-0.775	0.0164788
-0.774	0.0165927
-0.773	0.0167073
-0.772	0.0168227
-0.771	0.016939
-0.77	0.017056
-0.769	0.0171738
-0.768	0.0172925
-0.767	0.017412
-0.766	0.0175323
-0.765	0.0176534
-0.764	0.0177754
-0.763	0.0178982
-0.762	0.0180219
-0.761	0.0181464
-0.76	0.0182718
-0.759	0.0183981
-0.758	0.0185252
-0.757	0.0186532
-0.756	0.0187821
-0.755	0.0189118
-0.754	0.0190425
-0.753	0.0191741
-0.752	0.0193066
-0.751	0.01944
-0.75	0.0195743
-0.749	0.0197096
-0.748	0.0198458
-0.747	0.0199829
-0.746	0.020121
-0.745	0.02026
-0.744	0.0204
-0.743	0.020541
-0.742	0.0206829
-0.741	0.0208259
-0.74	0.0209698
-0.739	0.0211147
-0.738	0.0212606
-0.737	0.0214075
-0.736	0.0215555
-0.735	0.0217044
-0.734	0.0218544
-0.733	0.0220054
-0.732	0.0221575
-0.731	0.0223106
-0.73	0.0224648
-0.729	0.0226201
-0.728	0.0227764
-0.727	0.0229338
-0.726	0.0230923
-0.725	0.0232519
-0.724	0.0234125
-0.723	0.0235743
-0.722	0.0237373
-0.721	0.0239013
-0.72	0.0240665
-0.719	0.0242328
-0.718	0.0244003
-0.717	0.0245689
-0.716	0.0247386
-0.715	0.0249096
-0.714	0.0250817
-0.713	0.0252551
-0.712	0.0254296
-0.711	0.0256053
-0.71	0.0257823
-0.709	0.0259604
-0.708	0.0261398
-0.707	0.0263205
-0.706	0.0265023
-0.705	0.0266854
-0.704	0.0268698
-0.703	0.0270555
-0.702	0.0272425
-0.701	0.0274307
-0.7	0.0276202
-0.699	0.0278111
-0.698	0.0280033
-0.697	0.0281967
-0.696	0.0283916
-0.695	0.0285878
-0.694	0.0287853
-0.693	0.0289842
-0.692	0.0291845
-0.691	0.0293861
-0.69	0.0295892
-0.689	0.0297936
-0.688	0.0299995
-0.687	0.0302068
-0.686	0.0304155
-0.685	0.0306256
-0.684	0.0308372
-0.683	0.0310503
-0.682	0.0312649
-0.681	0.0314809
-0.68	0.0316984
-0.679	0.0319174
-0.678	0.0321379
-0.677	0.03236
-0.676	0.0325835
-0.675	0.0328087
-0.674	0.0330353
-0.673	0.0332636
-0.672	0.0334935
-0.671	0.0337249
-0.67	0.0339579
-0.669	0.0341925
-0.668	0.0344288
-0.667	0.0346667
-0.666	0.0349062
-0.665	0.0351474
-0.664	0.0353902
-0.663	0.0356348
-0.662	0.035881
-0.661	0.0361289
-0.66	0.0363785
-0.659	0.0366299
-0.658	0.0368829
-0.657	0.0371378
-0.656	0.0373945
-0.655	0.0376528
-0.654	0.037913
-0.653	0.038175
-0.652	0.0384388
-0.651	0.0387044
-0.65	0.0389718
-0.649	0.0392411
-0.648	0.0395122
-0.647	0.0397852
-0.646	0.0400601
-0.645	0.040337
-0.644	0.0406157
-0.643	0.0408963
-0.642	0.0411789
-0.641	0.0414634
-0.64	0.0417499
-0.639	0.0420384
-0.638	0.0423289
-0.637	0.0426214
-0.636	0.0429159
-0.635	0.0432124
-0.634	0.043511
-0.633	0.0438117
-0.632	0.0441144
-0.631	0.0444192
-0.63	0.0447261
-0.629	0.0450351
-0.628	0.0453464
-0.627	0.0456597
-0.626	0.0459752
-0.625	0.0462929
-0.624	0.0466128
-0.623	0.0469349
-0.622	0.0472591
-0.621	0.0475857
-0.62	0.0479145
-0.619	0.0482456
-0.618	0.048579
-0.617	0.0489147
-0.616	0.0492526
-0.615	0.049593
-0.614	0.0499357
-0.613	0.0502807
-0.612	0.0506281
-0.611	0.050978
-0.61	0.0513302
-0.609	0.0516849
-0.608	0.0520421
-0.607	0.0524017
-0.606	0.0527637
-0.605	0.0531283
-0.604	0.0534954
-0.603	0.0538651
-0.602	0.0542373
-0.601	0.0546121
-0.6	0.0549895
-0.599	0.0553694
-0.598	0.055752
-0.597	0.0561373
-0.596	0.0565253
-0.595	0.0569158
-0.594	0.0573091
-0.593	0.0577051
-0.592	0.0581039
-0.591	0.0585054
-0.59	0.0589097
-0.589	0.0593168
-0.588	0.0597266
-0.587	0.0601394
-0.586	0.060555
-0.585	0.0609734
-0.584	0.0613948
-0.583	0.061819
-0.582	0.0622462
-0.581	0.0626763
-0.58	0.0631094
-0.579	0.0635455
-0.578	0.0639846
-0.577	0.0644268
-0.576	0.064872
-0.575	0.0653202
-0.574	0.0657716
-0.573	0.0662261
-0.572	0.0666837
-0.571	0.0671444
-0.57	0.0676084
-0.569	0.0680756
-0.568	0.068546
-0.567	0.0690197
-0.566	0.0694965
-0.565	0.0699768
-0.564	0.0704603
-0.563	0.0709472
-0.562	0.0714373
-0.561	0.071931
-0.56	0.072428
-0.559	0.0729284
-0.558	0.0734324
-0.557	0.0739398
-0.556	0.0744507
-0.555	0.0749651
-0.554	0.0754831
-0.553	0.0760047
-0.552	0.0765298
-0.551	0.0770586
-0.55	0.0775911
-0.549	0.0781271
-0.548	0.078667
-0.547	0.0792105
-0.546	0.0797579
-0.545	0.080309
-0.544	0.0808639
-0.543	0.0814226
-0.542	0.0819852
-0.541	0.0825517
-0.54	0.0831221
-0.539	0.0836964
-0.538	0.0842746
-0.537	0.0848569
-0.536	0.0854432
-0.535	0.0860337
-0.534	0.0866281
-0.533	0.0872267
-0.532	0.0878293
-0.531	0.0884362
-0.53	0.0890472
-0.529	0.0896626
-0.528	0.0902822
-0.527	0.090906
-0.526	0.0915342
-0.525	0.0921666
-0.524	0.0928034
-0.523	0.0934447
-0.522	0.0940904
-0.521	0.0947406
-0.52	0.0953951
-0.519	0.0960544
-0.518	0.0967181
-0.517	0.0973864
-0.516	0.0980594
-0.515	0.098737
-0.514	0.0994193
-0.513	0.100106
-0.512	0.100798
-0.511	0.101495
-0.51	0.102196
-0.509	0.102902
-0.508	0.103613
-0.507	0.104329
-0.506	0.10505
-0.505	0.105776
-0.504	0.106507
-0.503	0.107243
-0.502	0.107984
-0.501	0.10873
-0.5	0.109481
-0.499	0.110238
-0.498	0.111
-0.497	0.111767
-0.496	0.112539
-0.495	0.113316
-0.494	0.114099
-0.493	0.114888
-0.492	0.115682
-0.491	0.116481
-0.49	0.117286
-0.489	0.118096
-0.488	0.118912
-0.487	0.119734
-0.486	0.120561
-0.485	0.121395
-0.484	0.122233
-0.483	0.123078
-0.482	0.123928
-0.481	0.124785
-0.48	0.125647
-0.479	0.126515
-0.478	0.127389
-0.477	0.12827
-0.476	0.129156
-0.475	0.130048
-0.474	0.130947
-0.473	0.131852
-0.472	0.132763
-0.471	0.13368
-0.47	0.134604
-0.469	0.135534
-0.468	0.136471
-0.467	0.137413
-0.466	0.138363
-0.465	0.139319
-0.464	0.140282
-0.463	0.141251
-0.462	0.142227
-0.461	0.14321
-0.46	0.144199
-0.459	0.145196
-0.458	0.146199
-0.457	0.147209
-0.456	0.148226
-0.455	0.149251
-0.454	0.150282
-0.453	0.151321
-0.452	0.152366
-0.451	0.153419
-0.45	0.154479
-0.449	0.155547
-0.448	0.156621
-0.447	0.157704
-0.446	0.158794
-0.445	0.159891
-0.444	0.160996
-0.443	0.162108
-0.442	0.163228
-0.441	0.164356
-0.44	0.165492
-0.439	0.166636
-0.438	0.167787
-0.437	0.168946
-0.436	0.170114
-0.435	0.171289
-0.434	0.172473
-0.433	0.173665
-0.432	0.174865
-0.431	0.176073
-0.43	0.17729
-0.429	0.178515
-0.428	0.179748
-0.427	0.18099
-0.426	0.182241
-0.425	0.1835
-0.424	0.184768
-0.423	0.186045
-0.422	0.18733
-0.421	0.188625
-0.42	0.189928
-0.419	0.19124
-0.418	0.192562
-0.417	0.193892
-0.416	0.195232
-0.415	0.196581
-0.414	0.197989
-0.413	0.199509
-0.412	0.201142
-0.411	0.202888
-0.41	0.204748
-0.409	0.206723
-0.408	0.208813
-0.407	0.211018
-0.406	0.213337
-0.405	0.215772
-0.404	0.218321
-0.403	0.220984
-0.402	0.223761
-0.401	0.22665
-0.4	0.22965
-0.399	0.232761
-0.398	0.235981
-0.397	0.239308
-0.396	0.242741
-0.395	0.246279
-0.394	0.249919
-0.393	0.25366
-0.392	0.257498
-0.391	0.261433
-0.39	0.265461
-0.389	0.269581
-0.388	0.273788
-0.387	0.278082
-0.386	0.282458
-0.385	0.286914
-0.384	0.291447
-0.383	0.296054
-0.382	0.300731
-0.381	0.305474
-0.38	0.310282
-0.379	0.315149
-0.378	0.320073
-0.377	0.325051
-0.376	0.330077
-0.375	0.33515
-0.374	0.340264
-0.373	0.345417
-0.372	0.350603
-0.371	0.355822
-0.37	0.361066
-0.369	0.366334
-0.368	0.37162
-0.367	0.376923
-0.366	0.382237
-0.365	0.387559
-0.364	0.39293
-0.363	0.398394
-0.362	0.403946
-0.361	0.409579
-0.36	0.415287
-0.359	0.421063
-0.358	0.426902
-0.357	0.432798
-0.356	0.438743
-0.355	0.444731
-0.354	0.450757
-0.353	0.456813
-0.352	0.462893
-0.351	0.46899
-0.35	0.475097
-0.349	0.481209
-0.348	0.487318
-0.347	0.493418
-0.346	0.499502
-0.345	0.505563
-0.344	0.511596
-0.343	0.517593
-0.342	0.523549
-0.341	0.529455
-0.34	0.535308
-0.339	0.541097
-0.338	0.54682
-0.337	0.55247
-0.336	0.558039
-0.335	0.563524
-0.334	0.568915
-0.333	0.574209
-0.332	0.579401
-0.331	0.584483
-0.33	0.589451
-0.329	0.594299
-0.328	0.599022
-0.327	0.603617
-0.326	0.608075
-0.325	0.612393
-0.324	0.616569
-0.323	0.620595
-0.322	0.624468
-0.321	0.628185
-0.32	0.631739
-0.319	0.63513
-0.318	0.638352
-0.317	0.6414
-0.316	0.644277
-0.315	0.646974
-0.314	0.649489
-0.313	0.651823
-0.312	0.65397
-0.311	0.655928
-0.31	0.657699
-0.309	0.659276
-0.308	0.66066
-0.307	0.661851
-0.306	0.662845
-0.305	0.663644
-0.304	0.664243
-0.303	0.664646
-0.302	0.664851
-0.301	0.664859
-0.3	0.664668
-0.299	0.66428
-0.298	0.663695
-0.297	0.662915
-0.296	0.661941
-0.295	0.660773
-0.294	0.659412
-0.293	0.657863
-0.292	0.656124
-0.291	0.6542
-0.29	0.652092
-0.289	0.649804
-0.288	0.647338
-0.287	0.644696
-0.286	0.641882
-0.285	0.6389
-0.284	0.635753
-0.283	0.632443
-0.282	0.628978
-0.281	0.625358
-0.28	0.62159
-0.279	0.617677
-0.278	0.613624
-0.277	0.609437
-0.276	0.605118
-0.275	0.600674
-0.274	0.596111
-0.273	0.591432
-0.272	0.586645
-0.271	0.581754
-0.27	0.576765
-0.269	0.571683
-0.268	0.566516
-0.267	0.561269
-0.266	0.555946
-0.265	0.550557
-0.264	0.545106
-0.263	0.539599
-0.262	0.534044
-0.261	0.528446
-0.26	0.522812
-0.259	0.517148
-0.258	0.511462
-0.257	0.50576
-0.256	0.500047
-0.255	0.494332
-0.254	0.488621
-0.253	0.482919
-0.252	0.477234
-0.251	0.471573
-0.25	0.465941
-0.249	0.460346
-0.248	0.454794
-0.247	0.449291
-0.246	0.443845
-0.245	0.43846
-0.244	0.433144
-0.243	0.427902
-0.242	0.422741
-0.241	0.417667
-0.24	0.412686
-0.239	0.407802
-0.238	0.403022
-0.237	0.398353
-0.236	0.393799
-0.235	0.389365
-0.234	0.385057
-0.233	0.380879
-0.232	0.376837
-0.231	0.372935
-0.23	0.369179
-0.229	0.365571
-0.228	0.362118
-0.227	0.358822
-0.226	0.355687
-0.225	0.352719
-0.224	0.349919
-0.223	0.347291
-0.222	0.34484
-0.221	0.342566
-0.22	0.340473
-0.219	0.338566
-0.218	0.336843
-0.217	0.33531
-0.216	0.333966
-0.215	0.332815
-0.214	0.331857
-0.213	0.331093
-0.212	0.330526
-0.211	0.330156
-0.21	0.329984
-0.209	0.330009
-0.208	0.330232
-0.207	0.330653
-0.206	0.331273
-0.205	0.332089
-0.204	0.333101
-0.203	0.334311
-0.202	0.335714
-0.201	0.337312
-0.2	0.3391
-0.199	0.341079
-0.198	0.343246
-0.197	0.345599
-0.196	0.348135
-0.195	0.350851
-0.194	0.353746
-0.193	0.356816
-0.192	0.360058
-0.191	0.363468
-0.19	0.367043
-0.189	0.370779
-0.188	0.374672
-0.187	0.378718
-0.186	0.382913
-0.185	0.387252
-0.184	0.391731
-0.183	0.396344
-0.182	0.401086
-0.181	0.405955
-0.18	0.410943
-0.179	0.416045
-0.178	0.421255
-0.177	0.426569
-0.176	0.43198
-0.175	0.437484
-0.174	0.443072
-0.173	0.44874
-0.172	0.454482
-0.171	0.460292
-0.17	0.466162
-0.169	0.472087
-0.168	0.478061
-0.167	0.484076
-0.166	0.490128
-0.165	0.496207
-0.164	0.502309
-0.163	0.508427
-0.162	0.514554
-0.161	0.520684
-0.16	0.526808
-0.159	0.532923
-0.158	0.53902
-0.157	0.545093
-0.156	0.551137
-0.155	0.557141
-0.154	0.563104
-0.153	0.569016
-0.152	0.574872
-0.151	0.580664
-0.15	0.586389
-0.149	0.592038
-0.148	0.597606
-0.147	0.603087
-0.146	0.608474
-0.145	0.613763
-0.144	0.618947
-0.143	0.624021
-0.142	0.628979
-0.141	0.633817
-0.14	0.638529
-0.139	0.643109
-0.138	0.647554
-0.137	0.651857
-0.136	0.656016
-0.135	0.660025
-0.134	0.663879
-0.133	0.667576
-0.132	0.67111
-0.131	0.67448
-0.13	0.677679
-0.129	0.680707
-0.128	0.683559
-0.127	0.686232
-0.126	0.688725
-0.125	0.691032
-0.124	0.693154
-0.123	0.695087
-0.122	0.69683
-0.121	0.698381
-0.12	0.699737
-0.119	0.700901
-0.118	0.701867
-0.117	0.702636
-0.116	0.703209
-0.115	0.703583
-0.114	0.703761
-0.113	0.703739
-0.112	0.703521
-0.111	0.703104
-0.11	0.702493
-0.109	0.701685
-0.108	0.700683
-0.107	0.699488
-0.106	0.698101
-0.105	0.696526
-0.104	0.694761
-0.103	0.692813
-0.102	0.690682
-0.101	0.688368
-0.1	0.68588
