-4	0
-3.999	0
-3.998	0
-3.997	0
-3.996	0
-3.995	0
-3.994	0
-3.993	0
-3.992	0
-3.991	0
-3.99	0
-3.989	0
-3.988	0
-3.987	0
-3.986	0
-3.985	0
-3.984	0
-3.983	0
-3.982	0
-3.981	0
-3.98	0
-3.979	0
-3.978	0
-3.977	0
-3.976	0
-3.975	0
-3.974	0
-3.973	0
-3.972	0
-3.971	0
-3.97	0
-3.969	0
-3.968	0
-3.967	0
-3.966	0
-3.965	0
-3.964	0
-3.963	0
-3.962	0
-3.961	0
-3.96	0
-3.959	0
-3.958	0
-3.957	0
-3.956	0
-3.955	0
-3.954	0
-3.953	0
-3.952	0
-3.951	0
-3.95	0
-3.949	0
-3.948	0
-3.947	0
-3.946	0
-3.945	0
-3.944	0
-3.943	0
-3.942	0
-3.941	0
-3.94	0
-3.939	0
-3.938	0
-3.937	0
-3.936	0
-3.935	0
-3.934	0
-3.933	0
-3.932	0
-3.931	0
-3.93	0
-3.929	0
-3.928	0
-3.927	0
-3.926	0
-3.925	0
-3.924	0
-3.923	0
-3.922	0
-3.921	0
-3.92	0
-3.919	0
-3.918	0
-3.917	0
-3.916	0
-3.915	0
-3.914	0
-3.913	0
-3.912	0
-3.911	0
-3.91	0
-3.909	0
-3.908	0
-3.907	0
-3.906	0
-3.905	0
-3.904	0
-3.903	0
-3.902	0
-3.901	0
-3.9	0
-3.899	0
-3.898	0
-3.897	0
-3.896	0
-3.895	0
-3.894	0
-3.893	0
-3.892	0
-3.891	0
-3.89	0
-3.889	0
-3.888	0
-3.887	0
-3.886	0
-3.885	0
-3.884	0
-3.883	0
-3.882	0
-3.881	0
-3.88	0
-3.879	0
-3.878	0
-3.877	0
-3.876	0
-3.875	0
-3.874	0
-3.873	0
-3.872	0
-3.871	0
-3.87	0
-3.869	0
-3.868	0
-3.867	0
-3.866	0
-3.865	0
-3.864	0
-3.863	0
-3.862	0
-3.861	0
-3.86	0
-3.859	0
-3.858	0
-3.857	0
-3.856	0
-3.855	0
-3.854	0
-3.853	0
-3.852	0
-3.851	0
-3.85	0
-3.849	0
-3.848	0
-3.847	0
-3.846	0
-3.845	0
-3.844	0
-3.843	0
-3.842	0
-3.841	0
-3.84	0
-3.839	0
-3.838	0
-3.837	0
-3.836	0
-3.835	0
-3.834	0
-3.833	0
-3.832	0
-3.831	0
-3.83	0
-3.829	0
-3.828	0
-3.827	0
-3.826	0
-3.825	0
-3.824	0
-3.823	0
-3.822	0
-3.821	0
-3.82	0
-3.819	0
-3.818	0
-3.817	0
-3.816	0
-3.815	0
-3.814	0
-3.813	0
-3.812	0
-3.811	0
-3.81	0
-3.809	0
-3.808	0
-3.807	0
-3.806	0
-3.805	0
-3.804	0
-3.803	0
-3.802	0
-3.801	0
-3.8	0
-3.799	0
-3.798	0
-3.797	0
-3.796	0
-3.795	0
-3.794	0
-3.793	0
-3.792	0
-3.791	0
-3.79	0
-3.789	0
-3.788	0
-3.787	0
-3.786	0
-3.785	0
-3.784	0
-3.783	0
-3.782	0
-3.781	0
-3.78	0
-3.779	0
-3.778	0
-3.777	0
-3.776	0
-3.775	0
-3.774	0
-3.773	0
-3.772	0
-3.771	0
-3.77	0
-3.769	0
-3.768	0
-3.767	0
-3.766	0
-3.765	0
-3.764	0
-3.763	0
-3.762	0
-3.761	0
-3.76	0
-3.759	0
-3.758	0
-3.757	0
-3.756	0
-3.755	0
-3.754	0
-3.753	0
-3.752	0
-3.751	0
-3.75	0
-3.749	0
-3.748	0
-3.747	0
-3.746	0
-3.745	0
-3.744	0
-3.743	0
-3.742	0
-3.741	0
-3.74	0
-3.739	0
-3.738	0
-3.737	0
-3.736	0
-3.735	0
-3.734	0
-3.733	0
-3.732	0
-3.731	0
-3.73	0
-3.729	0
-3.728	0
-3.727	0
-3.726	0
-3.725	0
-3.724	0
-3.723	0
-3.722	0
-3.721	0
-3.72	0
-3.719	0
-3.718	0
-3.717	0
-3.716	0
-3.715	0
-3.714	0
-3.713	0
-3.712	0
-3.711	0
-3.71	0
-3.709	0
-3.708	0
-3.707	0
-3.706	0
-3.705	0
-3.704	0
-3.703	0
-3.702	0
-3.701	0
-3.7	0
-3.699	0
-3.698	0
-3.697	0
-3.696	0
-3.695	0
-3.694	0
-3.693	0
-3.692	0
-3.691	0
-3.69	0
-3.689	0
-3.688	0
-3.687	0
-3.686	0
-3.685	0
-3.684	0
-3.683	0
-3.682	0
-3.681	0
-3.68	0
-3.679	0
-3.678	0
-3.677	0
-3.676	0
-3.675	0
-3.674	0
-3.673	0
-3.672	0
-3.671	0
-3.67	0
-3.669	0
-3.668	0
-3.667	0
-3.666	0
-3.665	0
-3.664	0
-3.663	0
-3.662	0
-3.661	0
-3.66	0
-3.659	0
-3.658	0
-3.657	0
-3.656	0
-3.655	0
-3.654	0
-3.653	0
-3.652	0
-3.651	0
-3.65	0
-3.649	0
-3.648	0
-3.647	0
-3.646	0
-3.645	0
-3.644	0
-3.643	0
-3.642	0
-3.641	0
-3.64	0
-3.639	0
-3.638	0
-3.637	0
-3.636	0
-3.635	0
-3.634	0
-3.633	0
-3.632	0
-3.631	0
-3.63	0
-3.629	0
-3.628	0
-3.627	0
-3.626	0
-3.625	0
-3.624	0
-3.623	0
-3.622	0
-3.621	0
-3.62	0
-3.619	0
-3.618	0
-3.617	0
-3.616	0
-3.615	0
-3.614	0
-3.613	0
-3.612	0
-3.611	0
-3.61	0
-3.609	0
-3.608	0
-3.607	0
-3.606	0
-3.605	0
-3.604	0
-3.603	0
-3.602	0
-3.601	0
-3.6	0
-3.599	0
-3.598	0
-3.597	0
-3.596	0
-3.595	0
-3.594	0
-3.593	0
-3.592	0
-3.591	0
-3.59	0
-3.589	0
-3.588	0
-3.587	0
-3.586	0
-3.585	0
-3.584	0
-3.583	0
-3.582	0
-3.581	0
-3.58	0
-3.579	0
-3.578	0
-3.577	0
-3.576	0
-3.575	0
-3.574	0
-3.573	0
-3.572	0
-3.571	0
-3.57	0
-3.569	0
-3.568	0
-3.567	0
-3.566	0
-3.565	0
-3.564	0
-3.563	0
-3.562	0
-3.561	0
-3.56	0
-3.559	0
-3.558	0
-3.557	0
-3.556	0
-3.555	0
-3.554	0
-3.553	0
-3.552	0
-3.551	0
-3.55	0
-3.549	0
-3.548	0
-3.547	0
-3.546	0
-3.545	0
-3.544	0
-3.543	0
-3.542	0
-3.541	0
-3.54	0
-3.539	0
-3.538	0
-3.537	0
-3.536	0
-3.535	0
-3.534	0
-3.533	0
-3.532	0
-3.531	0
-3.53	0
-3.529	0
-3.528	0
-3.527	0
-3.526	0
-3.525	0
-3.524	0
-3.523	0
-3.522	0
-3.521	0
-3.52	0
-3.519	0
-3.518	0
-3.517	0
-3.516	0
-3.515	0
-3.514	0
-3.513	0
-3.512	0
-3.511	0
-3.51	0
-3.509	0
-3.508	0
-3.507	0
-3.506	0
-3.505	0
-3.504	0
-3.503	0
-3.502	0
-3.501	0
-3.5	0
-3.499	0
-3.498	0
-3.497	0
-3.496	0
-3.495	0
-3.494	0
-3.493	0
-3.492	0
-3.491	0
-3.49	0
-3.489	0
-3.488	0
-3.487	0
-3.486	0
-3.485	0
-3.484	0
-3.483	0
-3.482	0
-3.481	0
-3.48	0
-3.479	0
-3.478	0
-3.477	0
-3.476	0
-3.475	0
-3.474	0
-3.473	0
-3.472	0
-3.471	0
-3.47	0
-3.469	0
-3.468	0
-3.467	0
-3.466	0
-3.465	0
-3.464	0
-3.463	0
-3.462	0
-3.461	0
-3.46	0
-3.459	0
-3.458	0
-3.457	0
-3.456	0
-3.455	0
-3.454	0
-3.453	0
-3.452	0
-3.451	0
-3.45	0
-3.449	0
-3.448	0
-3.447	0
-3.446	0
-3.445	0
-3.444	0
-3.443	0
-3.442	0
-3.441	0
-3.44	0
-3.439	0
-3.438	0
-3.437	0
-3.436	0
-3.435	0
-3.434	0
-3.433	0
-3.432	0
-3.431	0
-3.43	0
-3.429	0
-3.428	0
-3.427	0
-3.426	0
-3.425	0
-3.424	0
-3.423	0
-3.422	0
-3.421	0
-3.42	0
-3.419	0
-3.418	0
-3.417	0
-3.416	0
-3.415	0
-3.414	0
-3.413	0
-3.412	0
-3.411	0
-3.41	0
-3.409	0
-3.408	0
-3.407	0
-3.406	0
-3.405	0
-3.404	0
-3.403	0
-3.402	0
-3.401	0
-3.4	0
-3.399	0
-3.398	0
-3.397	0
-3.396	0
-3.395	0
-3.394	0
-3.393	0
-3.392	0
-3.391	0
-3.39	0
-3.389	0
-3.388	0
-3.387	0
-3.386	0
-3.385	0
-3.384	0
-3.383	0
-3.382	0
-3.381	0
-3.38	0
-3.379	0
-3.378	0
-3.377	0
-3.376	0
-3.375	0
-3.374	0
-3.373	0
-3.372	0
-3.371	0
-3.37	0
-3.369	0
-3.368	0
-3.367	0
-3.366	0
-3.365	0
-3.364	0
-3.363	0
-3.362	0
-3.361	0
-3.36	0
-3.359	0
-3.358	0
-3.357	0
-3.356	0
-3.355	0
-3.354	0
-3.353	0
-3.352	0
-3.351	0
-3.35	0
-3.349	0
-3.348	0
-3.347	0
-3.346	0
-3.345	0
-3.344	0
-3.343	0
-3.342	0
-3.341	0
-3.34	0
-3.339	0
-3.338	0
-3.337	0
-3.336	0
-3.335	0
-3.334	0
-3.333	0
-3.332	0
-3.331	0
-3.33	0
-3.329	0
-3.328	0
-3.327	0
-3.326	0
-3.325	0
-3.324	0
-3.323	0
-3.322	0
-3.321	0
-3.32	0
-3.319	0
-3.318	0
-3.317	0
-3.316	0
-3.315	0
-3.314	0
-3.313	0
-3.312	0
-3.311	0
-3.31	0
-3.309	0
-3.308	0
-3.307	0
-3.306	0
-3.305	0
-3.304	0
-3.303	0
-3.302	0
-3.301	0
-3.3	0
-3.299	0
-3.298	0
-3.297	0
-3.296	0
-3.295	0
-3.294	0
-3.293	0
-3.292	0
-3.291	0
-3.29	0
-3.289	0
-3.288	0
-3.287	0
-3.286	0
-3.285	0
-3.284	0
-3.283	0
-3.282	0
-3.281	0
-3.28	0
-3.279	0
-3.278	0
-3.277	0
-3.276	0
-3.275	0
-3.274	0
-3.273	0
-3.272	0
-3.271	0
-3.27	0
-3.269	0
-3.268	0
-3.267	0
-3.266	0
-3.265	0
-3.264	0
-3.263	0
-3.262	0
-3.261	0
-3.26	0
-3.259	0
-3.258	0
-3.257	0
-3.256	0
-3.255	0
-3.254	0
-3.253	0
-3.252	0
-3.251	0
-3.25	0
-3.249	0
-3.248	0
-3.247	0
-3.246	0
-3.245	0
-3.244	0
-3.243	0
-3.242	0
-3.241	0
-3.24	0
-3.239	0
-3.238	0
-3.237	0
-3.236	0
-3.235	0
-3.234	0
-3.233	0
-3.232	0
-3.231	0
-3.23	0
-3.229	0
-3.228	0
-3.227	0
-3.226	0
-3.225	0
-3.224	0
-3.223	0
-3.222	0
-3.221	0
-3.22	0
-3.219	0
-3.218	0
-3.217	0
-3.216	0
-3.215	0
-3.214	0
-3.213	0
-3.212	0
-3.211	0
-3.21	0
-3.209	0
-3.208	0
-3.207	0
-3.206	0
-3.205	0
-3.204	0
-3.203	0
-3.202	0
-3.201	0
-3.2	0
-3.199	0
-3.198	0
-3.197	0
-3.196	0
-3.195	0
-3.194	0
-3.193	0
-3.192	0
-3.191	0
-3.19	0
-3.189	0
-3.188	0
-3.187	0
-3.186	0
-3.185	0
-3.184	0
-3.183	0
-3.182	0
-3.181	0
-3.18	0
-3.179	0
-3.178	0
-3.177	0
-3.176	0
-3.175	0
-3.174	0
-3.173	0
-3.172	0
-3.171	0
-3.17	0
-3.169	0
-3.168	0
-3.167	0
-3.166	0
-3.165	0
-3.164	0
-3.163	0
-3.162	0
-3.161	0
-3.16	0
-3.159	0
-3.158	0
-3.157	0
-3.156	0
-3.155	0
-3.154	0
-3.153	0
-3.152	0
-3.151	0
-3.15	0
-3.149	0
-3.148	0
-3.147	0
-3.146	0
-3.145	0
-3.144	0
-3.143	0
-3.142	0
-3.141	0
-3.14	0
-3.139	0
-3.138	0
-3.137	0
-3.136	0
-3.135	0
-3.134	0
-3.133	0
-3.132	0
-3.131	0
-3.13	0
-3.129	0
-3.128	0
-3.127	0
-3.126	0
-3.125	0
-3.124	0
-3.123	0
-3.122	0
-3.121	0
-3.12	0
-3.119	0
-3.118	0
-3.117	0
-3.116	0
-3.115	0
-3.114	0
-3.113	0
-3.112	0
-3.111	0
-3.11	0
-3.109	0
-3.108	0
-3.107	0
-3.106	0
-3.105	0
-3.104	0
-3.103	0
-3.102	0
-3.101	0
-3.1	0
-3.099	0
-3.098	0
-3.097	0
-3.096	0
-3.095	0
-3.094	0
-3.093	0
-3.092	0
-3.091	0
-3.09	0
-3.089	0
-3.088	0
-3.087	0
-3.086	0
-3.085	0
-3.084	0
-3.083	0
-3.082	0
-3.081	0
-3.08	0
-3.079	0
-3.078	0
-3.077	0
-3.076	0
-3.075	0
-3.074	0
-3.073	0
-3.072	0
-3.071	0
-3.07	0
-3.069	0
-3.068	0
-3.067	0
-3.066	0
-3.065	0
-3.064	0
-3.063	0
-3.062	0
-3.061	0
-3.06	0
-3.059	0
-3.058	0
-3.057	0
-3.056	0
-3.055	0
-3.054	0
-3.053	0
-3.052	0
-3.051	0
-3.05	0
-3.049	0
-3.048	0
-3.047	0
-3.046	0
-3.045	0
-3.044	0
-3.043	0
-3.042	0
-3.041	0
-3.04	0
-3.039	0
-3.038	0
-3.037	0
-3.036	0
-3.035	0
-3.034	0
-3.033	0
-3.032	0
-3.031	0
-3.03	0
-3.029	0
-3.028	0
-3.027	0
-3.026	0
-3.025	0
-3.024	0
-3.023	0
-3.022	0
-3.021	0
-3.02	0
-3.019	0
-3.018	0
-3.017	0
-3.016	0
-3.015	0
-3.014	0
-3.013	0
-3.012	0
-3.011	0
-3.01	0
-3.009	0
-3.008	0
-3.007	0
-3.006	0
-3.005	0
-3.004	0
-3.003	0
-3.002	0
-3.001	0
-3	0
-2.999	0
-2.998	0
-2.997	0
-2.996	0
-2.995	0
-2.994	0
-2.993	0
-2.992	0
-2.991	0
-2.99	0
-2.989	0
-2.988	0
-2.987	0
-2.986	0
-2.985	0
-2.984	0
-2.983	0
-2.982	0
-2.981	0
-2.98	0
-2.979	0
-2.978	0
-2.977	0
-2.976	0
-2.975	0
-2.974	0
-2.973	0
-2.972	0
-2.971	0
-2.97	0
-2.969	0
-2.968	0
-2.967	0
-2.966	0
-2.965	0
-2.964	0
-2.963	0
-2.962	0
-2.961	0
-2.96	0
-2.959	0
-2.958	0
-2.957	0
-2.956	0
-2.955	0
-2.954	0
-2.953	0
-2.952	0
-2.951	0
-2.95	0
-2.949	0
-2.948	0
-2.947	0
-2.946	0
-2.945	0
-2.944	0
-2.943	0
-2.942	0
-2.941	0
-2.94	0
-2.939	0
-2.938	0
-2.937	0
-2.936	0
-2.935	0
-2.934	0
-2.933	0
-2.932	0
-2.931	0
-2.93	0
-2.929	0
-2.928	0
-2.927	0
-2.926	0
-2.925	0
-2.924	0
-2.923	0
-2.922	0
-2.921	0
-2.92	0
-2.919	0
-2.918	0
-2.917	0
-2.916	0
-2.915	0
-2.914	0
-2.913	0
-2.912	0
-2.911	0
-2.91	0
-2.909	0
-2.908	0
-2.907	0
-2.906	0
-2.905	0
-2.904	0
-2.903	0
-2.902	0
-2.901	0
-2.9	0
-2.899	0
-2.898	0
-2.897	0
-2.896	0
-2.895	0
-2.894	0
-2.893	0
-2.892	0
-2.891	0
-2.89	0
-2.889	0
-2.888	0
-2.887	0
-2.886	0
-2.885	0
-2.884	0
-2.883	0
-2.882	0
-2.881	0
-2.88	0
-2.879	0
-2.878	0
-2.877	0
-2.876	0
-2.875	0
-2.874	0
-2.873	0
-2.872	0
-2.871	0
-2.87	0
-2.869	0
-2.868	0
-2.867	0
-2.866	0
-2.865	0
-2.864	0
-2.863	0
-2.862	0
-2.861	0
-2.86	0
-2.859	0
-2.858	0
-2.857	0
-2.856	0
-2.855	0
-2.854	0
-2.853	0
-2.852	0
-2.851	0
-2.85	0
-2.849	0
-2.848	0
-2.847	0
-2.846	0
-2.845	0
-2.844	0
-2.843	0
-2.842	0
-2.841	0
-2.84	0
-2.839	0
-2.838	0
-2.837	0
-2.836	0
-2.835	0
-2.834	0
-2.833	0
-2.832	0
-2.831	0
-2.83	0
-2.829	0
-2.828	0
-2.827	0
-2.826	0
-2.825	0
-2.824	0
-2.823	0
-2.822	0
-2.821	0
-2.82	0
-2.819	0
-2.818	0
-2.817	0
-2.816	0
-2.815	0
-2.814	0
-2.813	0
-2.812	0
-2.811	0
-2.81	0
-2.809	0
-2.808	0
-2.807	0
-2.806	0
-2.805	0
-2.804	0
-2.803	0
-2.802	0
-2.801	0
-2.8	0
-2.799	0
-2.798	0
-2.797	0
-2.796	0
-2.795	0
-2.794	0
-2.793	0
-2.792	0
-2.791	0
-2.79	0
-2.789	0
-2.788	0
-2.787	0
-2.786	0
-2.785	0
-2.784	0
-2.783	0
-2.782	0
-2.781	0
-2.78	0
-2.779	0
-2.778	0
-2.777	0
-2.776	0
-2.775	0
-2.774	0
-2.773	0
-2.772	0
-2.771	0
-2.77	0
-2.769	0
-2.768	0
-2.767	0
-2.766	0
-2.765	0
-2.764	0
-2.763	0
-2.762	0
-2.761	0
-2.76	0
-2.759	0
-2.758	0
-2.757	0
-2.756	0
-2.755	0
-2.754	0
-2.753	0
-2.752	0
-2.751	0
-2.75	0
-2.749	0
-2.748	0
-2.747	0
-2.746	0
-2.745	0
-2.744	0
-2.743	0
-2.742	0
-2.741	0
-2.74	0
-2.739	0
-2.738	0
-2.737	0
-2.736	0
-2.735	0
-2.734	0
-2.733	0
-2.732	0
-2.731	0
-2.73	0
-2.729	0
-2.728	0
-2.727	0
-2.726	0
-2.725	0
-2.724	0
-2.723	0
-2.722	0
-2.721	0
-2.72	0
-2.719	0
-2.718	0
-2.717	0
-2.716	0
-2.715	0
-2.714	0
-2.713	0
-2.712	0
-2.711	0
-2.71	0
-2.709	0
-2.708	0
-2.707	0
-2.706	0
-2.705	0
-2.704	0
-2.703	0
-2.702	0
-2.701	0
-2.7	0
-2.699	0
-2.698	0
-2.697	0
-2.696	0
-2.695	0
-2.694	0
-2.693	0
-2.692	0
-2.691	0
-2.69	0
-2.689	0
-2.688	0
-2.687	0
-2.686	0
-2.685	0
-2.684	0
-2.683	0
-2.682	0
-2.681	0
-2.68	0
-2.679	0
-2.678	0
-2.677	0
-2.676	0
-2.675	0
-2.674	0
-2.673	0
-2.672	0
-2.671	0
-2.67	0
-2.669	0
-2.668	0
-2.667	0
-2.666	0
-2.665	0
-2.664	0
-2.663	0
-2.662	0
-2.661	0
-2.66	0
-2.659	0
-2.658	0
-2.657	0
-2.656	0
-2.655	0
-2.654	0
-2.653	0
-2.652	0
-2.651	0
-2.65	0
-2.649	0
-2.648	0
-2.647	0
-2.646	0
-2.645	0
-2.644	0
-2.643	0
-2.642	0
-2.641	0
-2.64	0
-2.639	0
-2.638	0
-2.637	0
-2.636	0
-2.635	0
-2.634	0
-2.633	0
-2.632	0
-2.631	0
-2.63	0
-2.629	0
-2.628	0
-2.627	0
-2.626	0
-2.625	0
-2.624	0
-2.623	0
-2.622	0
-2.621	0
-2.62	0
-2.619	0
-2.618	0
-2.617	0
-2.616	0
-2.615	0
-2.614	0
-2.613	0
-2.612	0
-2.611	0
-2.61	0
-2.609	0
-2.608	0
-2.607	0
-2.606	0
-2.605	0
-2.604	0
-2.603	0
-2.602	0
-2.601	0
-2.6	0
-2.599	0
-2.598	0
-2.597	0
-2.596	0
-2.595	0
-2.594	0
-2.593	1.36082e-076
-2.592	9.31582e-076
-2.591	3.83921e-075
-2.59	1.27157e-074
-2.589	3.94432e-074
-2.588	1.29729e-073
-2.587	4.54695e-073
-2.586	1.6388e-072
-2.585	5.9589e-072
-2.584	2.16458e-071
-2.583	7.82828e-071
-2.582	2.81622e-070
-2.581	1.0074e-069
-2.58	3.58289e-069
-2.579	1.2669e-068
-2.578	4.45372e-068
-2.577	1.55656e-067
-2.576	5.40833e-067
-2.575	1.86811e-066
-2.574	6.41466e-066
-2.573	2.1896e-065
-2.572	7.42962e-065
-2.571	2.50591e-064
-2.57	8.4014e-064
-2.569	2.7997e-063
-2.568	9.27328e-063
-2.567	3.05285e-062
-2.566	9.98887e-062
-2.565	3.24827e-061
-2.564	1.04979e-060
-2.563	3.37171e-060
-2.562	1.07619e-059
-2.561	3.41348e-059
-2.56	1.07589e-058
-2.559	3.36968e-058
-2.558	1.04868e-057
-2.557	3.24275e-057
-2.556	9.96303e-057
-2.555	3.04131e-056
-2.554	9.22376e-056
-2.553	2.77918e-055
-2.552	8.31906e-055
-2.551	2.47379e-054
-2.55	7.30751e-054
-2.549	2.14426e-053
-2.548	6.24985e-053
-2.547	1.80939e-052
-2.546	5.20293e-052
-2.545	1.48594e-051
-2.544	4.21476e-051
-2.543	1.18726e-050
-2.542	3.3213e-050
-2.541	9.22647e-050
-2.54	2.54515e-049
-2.539	6.97141e-049
-2.538	1.89602e-048
-2.537	5.11984e-048
-2.536	1.37261e-047
-2.535	3.65334e-047
-2.534	9.65314e-047
-2.533	2.53199e-046
-2.532	6.5925e-046
-2.531	1.70377e-045
-2.53	4.3704e-045
-2.529	1.11266e-044
-2.528	2.81132e-044
-2.527	7.04923e-044
-2.526	1.75402e-043
-2.525	4.33076e-043
-2.524	1.06098e-042
-2.523	2.57893e-042
-2.522	6.2192e-042
-2.521	1.48787e-041
-2.52	3.5311e-041
-2.519	8.31261e-041
-2.518	1.94098e-040
-2.517	4.49505e-040
-2.516	1.0324e-039
-2.515	2.35141e-039
-2.514	5.31069e-039
-2.513	1.18927e-038
-2.512	2.64052e-038
-2.511	5.81223e-038
-2.51	1.26826e-037
-2.509	2.74313e-037
-2.508	5.8807e-037
-2.507	1.24944e-036
-2.506	2.63069e-036
-2.505	5.4885e-036
-2.504	1.13456e-035
-2.503	2.32353e-035
-2.502	4.71387e-035
-2.501	9.47261e-035
-2.5	1.8853e-034
-2.499	3.71587e-034
-2.498	7.25212e-034
-2.497	1.40134e-033
-2.496	2.68066e-033
-2.495	5.07582e-033
-2.494	9.51224e-033
-2.493	1.76405e-032
-2.492	3.23691e-032
-2.491	5.87593e-032
-2.49	1.05507e-031
-2.489	1.87359e-031
-2.488	3.28991e-031
-2.487	5.71121e-031
-2.486	9.79997e-031
-2.485	1.66182e-030
-2.484	2.7843e-030
-2.483	4.60804e-030
-2.482	7.53144e-030
-2.481	1.2153e-029
-2.48	1.93559e-029
-2.479	3.04174e-029
-2.478	4.71482e-029
-2.477	7.20571e-029
-2.476	1.08536e-028
-2.475	1.61048e-028
-2.474	2.35281e-028
-2.473	3.38232e-028
-2.472	4.78121e-028
-2.471	6.64068e-028
-2.47	9.05391e-028
-2.469	1.2104e-027
-2.468	1.58459e-027
-2.467	2.02812e-027
-2.466	2.5327e-027
-2.465	3.07801e-027
-2.464	3.62825e-027
-2.463	4.12967e-027
-2.462	4.51039e-027
-2.461	4.68451e-027
-2.46	4.563e-027
-2.459	4.07432e-027
-2.458	3.19833e-027
-2.457	2.01696e-027
-2.456	7.8508e-028
-2.455	2.4366e-029
-2.454	6.41749e-028
-2.453	4.0728e-027
-2.452	1.24486e-026
-2.451	2.8783e-026
-2.45	5.71761e-026
-2.449	1.03029e-025
-2.448	1.73262e-025
-2.447	2.76542e-025
-2.446	4.23498e-025
-2.445	6.26953e-025
-2.444	9.02152e-025
-2.443	1.267e-024
-2.442	1.74233e-024
-2.441	2.3522e-024
-2.44	3.12421e-024
-2.439	4.08985e-024
-2.438	5.28496e-024
-2.437	6.75007e-024
-2.436	8.5309e-024
-2.435	1.06788e-023
-2.434	1.32509e-023
-2.433	1.63109e-023
-2.432	1.99288e-023
-2.431	2.41813e-023
-2.43	2.91519e-023
-2.429	3.49307e-023
-2.428	4.16145e-023
-2.427	4.93061e-023
-2.426	5.81149e-023
-2.425	6.81562e-023
-2.424	7.95511e-023
-2.423	9.24266e-023
-2.422	1.06915e-022
-2.421	1.23155e-022
-2.42	1.4129e-022
-2.419	1.61467e-022
-2.418	1.83839e-022
-2.417	2.08561e-022
-2.416	2.35791e-022
-2.415	2.65688e-022
-2.414	2.98408e-022
-2.413	3.34106e-022
-2.412	3.72932e-022
-2.411	4.1503e-022
-2.41	4.60531e-022
-2.409	5.09561e-022
-2.408	5.62229e-022
-2.407	6.18632e-022
-2.406	6.78851e-022
-2.405	7.42947e-022
-2.404	8.10961e-022
-2.403	8.82913e-022
-2.402	9.58799e-022
-2.401	1.03859e-021
-2.4	1.12222e-021
-2.399	1.20962e-021
-2.398	1.30066e-021
-2.397	1.39519e-021
-2.396	1.49302e-021
-2.395	1.59396e-021
-2.394	1.69773e-021
-2.393	1.80406e-021
-2.392	1.91262e-021
-2.391	2.02307e-021
-2.39	2.13502e-021
-2.389	2.24804e-021
-2.388	2.36169e-021
-2.387	2.47548e-021
-2.386	2.5889e-021
-2.385	2.70142e-021
-2.384	2.81248e-021
-2.383	2.92149e-021
-2.382	3.02786e-021
-2.381	3.13098e-021
-2.38	3.23024e-021
-2.379	3.325e-021
-2.378	3.41467e-021
-2.377	3.4986e-021
-2.376	3.57621e-021
-2.375	3.64691e-021
-2.374	3.71014e-021
-2.373	3.76537e-021
-2.372	3.8121e-021
-2.371	3.84987e-021
-2.37	3.87829e-021
-2.369	3.89699e-021
-2.368	3.90569e-021
-2.367	3.90416e-021
-2.366	3.89226e-021
-2.365	3.86993e-021
-2.364	3.83724e-021
-2.363	3.79432e-021
-2.362	3.74145e-021
-2.361	3.67903e-021
-2.36	3.60764e-021
-2.359	3.52795e-021
-2.358	3.44087e-021
-2.357	3.34746e-021
-2.356	3.24902e-021
-2.355	3.14704e-021
-2.354	3.0433e-021
-2.353	2.9398e-021
-2.352	2.83885e-021
-2.351	2.74305e-021
-2.35	2.65532e-021
-2.349	2.5789e-021
-2.348	2.51743e-021
-2.347	2.47486e-021
-2.346	2.45558e-021
-2.345	2.46436e-021
-2.344	2.50638e-021
-2.343	2.5873e-021
-2.342	2.7132e-021
-2.341	2.89061e-021
-2.34	3.12655e-021
-2.339	3.42851e-021
-2.338	3.80443e-021
-2.337	4.26276e-021
-2.336	4.81235e-021
-2.335	5.46255e-021
-2.334	6.22309e-021
-2.333	7.10415e-021
-2.332	8.11625e-021
-2.331	9.27033e-021
-2.33	1.05776e-020
-2.329	1.20497e-020
-2.328	1.36983e-020
-2.327	1.55356e-020
-2.326	1.75738e-020
-2.325	1.98251e-020
-2.324	2.2302e-020
-2.323	2.50168e-020
-2.322	2.79817e-020
-2.321	3.12088e-020
-2.32	3.47097e-020
-2.319	3.84955e-020
-2.318	4.2577e-020
-2.317	4.69641e-020
-2.316	5.1666e-020
-2.315	5.66908e-020
-2.314	6.20457e-020
-2.313	6.77365e-020
-2.312	7.3768e-020
-2.311	8.01432e-020
-2.31	8.68636e-020
-2.309	9.39287e-020
-2.308	1.01336e-019
-2.307	1.09082e-019
-2.306	1.17159e-019
-2.305	1.25557e-019
-2.304	1.34266e-019
-2.303	1.4327e-019
-2.302	1.52553e-019
-2.301	1.62092e-019
-2.3	1.71866e-019
-2.299	1.81847e-019
-2.298	1.92006e-019
-2.297	2.0231e-019
-2.296	2.12723e-019
-2.295	2.23204e-019
-2.294	2.33713e-019
-2.293	2.44205e-019
-2.292	2.5463e-019
-2.291	2.64938e-019
-2.29	2.75076e-019
-2.289	2.8499e-019
-2.288	2.94622e-019
-2.287	3.03914e-019
-2.286	3.12807e-019
-2.285	3.21242e-019
-2.284	3.29156e-019
-2.283	3.36493e-019
-2.282	3.43193e-019
-2.281	3.49199e-019
-2.28	3.54458e-019
-2.279	3.58917e-019
-2.278	3.6253e-019
-2.277	3.65253e-019
-2.276	3.67051e-019
-2.275	3.67893e-019
-2.274	3.67758e-019
-2.273	3.66631e-019
-2.272	3.6451e-019
-2.271	3.61403e-019
-2.27	3.57329e-019
-2.269	3.52321e-019
-2.268	3.4643e-019
-2.267	3.39717e-019
-2.266	3.32267e-019
-2.265	3.24177e-019
-2.264	3.15568e-019
-2.263	3.06581e-019
-2.262	2.97376e-019
-2.261	2.8814e-019
-2.26	2.79081e-019
-2.259	2.70434e-019
-2.258	2.62461e-019
-2.257	2.55451e-019
-2.256	2.49718e-019
-2.255	2.45609e-019
-2.254	2.43498e-019
-2.253	2.43791e-019
-2.252	2.46924e-019
-2.251	2.53361e-019
-2.25	2.636e-019
-2.249	2.78167e-019
-2.248	2.97621e-019
-2.247	3.22549e-019
-2.246	3.53565e-019
-2.245	3.91315e-019
-2.244	4.36467e-019
-2.243	4.89717e-019
-2.242	5.51784e-019
-2.241	6.23403e-019
-2.24	7.05334e-019
-2.239	7.98348e-019
-2.238	9.03229e-019
-2.237	1.02077e-018
-2.236	1.15178e-018
-2.235	1.29704e-018
-2.234	1.45736e-018
-2.233	1.63352e-018
-2.232	1.8263e-018
-2.231	2.03645e-018
-2.23	2.26471e-018
-2.229	2.51175e-018
-2.228	2.77826e-018
-2.227	3.06482e-018
-2.226	3.37202e-018
-2.225	3.70035e-018
-2.224	4.05023e-018
-2.223	4.42203e-018
-2.222	4.81602e-018
-2.221	5.2324e-018
-2.22	5.67125e-018
-2.219	6.13254e-018
-2.218	6.61617e-018
-2.217	7.12186e-018
-2.216	7.64925e-018
-2.215	8.19781e-018
-2.214	8.76689e-018
-2.213	9.3557e-018
-2.212	9.96327e-018
-2.211	1.05885e-017
-2.21	1.123e-017
-2.209	1.18864e-017
-2.208	1.25562e-017
-2.207	1.32374e-017
-2.206	1.39281e-017
-2.205	1.46262e-017
-2.204	1.53294e-017
-2.203	1.60352e-017
-2.202	1.67409e-017
-2.201	1.74439e-017
-2.2	1.81412e-017
-2.199	1.88297e-017
-2.198	1.95063e-017
-2.197	2.01676e-017
-2.196	2.08104e-017
-2.195	2.14312e-017
-2.194	2.20265e-017
-2.193	2.25928e-017
-2.192	2.31268e-017
-2.191	2.36249e-017
-2.19	2.40839e-017
-2.189	2.45005e-017
-2.188	2.48715e-017
-2.187	2.51942e-017
-2.186	2.5466e-017
-2.185	2.56843e-017
-2.184	2.58473e-017
-2.183	2.59532e-017
-2.182	2.60009e-017
-2.181	2.59897e-017
-2.18	2.59194e-017
-2.179	2.57906e-017
-2.178	2.56044e-017
-2.177	2.53627e-017
-2.176	2.50682e-017
-2.175	2.47244e-017
-2.174	2.43359e-017
-2.173	2.39079e-017
-2.172	2.34471e-017
-2.171	2.29611e-017
-2.17	2.24586e-017
-2.169	2.19495e-017
-2.168	2.14452e-017
-2.167	2.09581e-017
-2.166	2.05022e-017
-2.165	2.00928e-017
-2.164	1.97467e-017
-2.163	1.94819e-017
-2.162	1.93182e-017
-2.161	1.92767e-017
-2.16	1.93801e-017
-2.159	1.96526e-017
-2.158	2.01197e-017
-2.157	2.08084e-017
-2.156	2.17473e-017
-2.155	2.29661e-017
-2.154	2.44958e-017
-2.153	2.63689e-017
-2.152	2.86188e-017
-2.151	3.12799e-017
-2.15	3.43877e-017
-2.149	3.79784e-017
-2.148	4.20886e-017
-2.147	4.67559e-017
-2.146	5.20178e-017
-2.145	5.79119e-017
-2.144	6.4476e-017
-2.143	7.17472e-017
-2.142	7.97625e-017
-2.141	8.85576e-017
-2.14	9.81675e-017
-2.139	1.08626e-016
-2.138	1.19964e-016
-2.137	1.32213e-016
-2.136	1.45399e-016
-2.135	1.59548e-016
-2.134	1.74682e-016
-2.133	1.90821e-016
-2.132	2.07979e-016
-2.131	2.26167e-016
-2.13	2.45394e-016
-2.129	2.65662e-016
-2.128	2.86969e-016
-2.127	3.09307e-016
-2.126	3.32664e-016
-2.125	3.5702e-016
-2.124	3.82351e-016
-2.123	4.08626e-016
-2.122	4.35807e-016
-2.121	4.63849e-016
-2.12	4.927e-016
-2.119	5.22304e-016
-2.118	5.52593e-016
-2.117	5.83494e-016
-2.116	6.14929e-016
-2.115	6.46808e-016
-2.114	6.79039e-016
-2.113	7.11519e-016
-2.112	7.44142e-016
-2.111	7.7679e-016
-2.11	8.09348e-016
-2.109	8.41687e-016
-2.108	8.73678e-016
-2.107	9.05184e-016
-2.106	9.36067e-016
-2.105	9.66186e-016
-2.104	9.95396e-016
-2.103	1.02355e-015
-2.102	1.05051e-015
-2.101	1.07613e-015
-2.1	1.10026e-015
-2.099	1.12278e-015
-2.098	1.14353e-015
-2.097	1.16241e-015
-2.096	1.17928e-015
-2.095	1.19404e-015
-2.094	1.2066e-015
-2.093	1.21687e-015
-2.092	1.22477e-015
-2.091	1.23027e-015
-2.09	1.23332e-015
-2.089	1.23391e-015
-2.088	1.23206e-015
-2.087	1.2278e-015
-2.086	1.22119e-015
-2.085	1.21233e-015
-2.084	1.20135e-015
-2.083	1.1884e-015
-2.082	1.17368e-015
-2.081	1.15742e-015
-2.08	1.1399e-015
-2.079	1.12142e-015
-2.078	1.10235e-015
-2.077	1.08308e-015
-2.076	1.06407e-015
-2.075	1.0458e-015
-2.074	1.02883e-015
-2.073	1.01375e-015
-2.072	1.00119e-015
-2.071	9.91857e-016
-2.07	9.86486e-016
-2.069	9.85875e-016
-2.068	9.9086e-016
-2.067	1.00234e-015
-2.066	1.02125e-015
-2.065	1.04857e-015
-2.064	1.08533e-015
-2.063	1.1326e-015
-2.062	1.19149e-015
-2.061	1.26313e-015
-2.06	1.34871e-015
-2.059	1.44941e-015
-2.058	1.56647e-015
-2.057	1.70111e-015
-2.056	1.85459e-015
-2.055	2.02818e-015
-2.054	2.2231e-015
-2.053	2.44062e-015
-2.052	2.68196e-015
-2.051	2.94833e-015
-2.05	3.2409e-015
-2.049	3.5608e-015
-2.048	3.90912e-015
-2.047	4.28687e-015
-2.046	4.69502e-015
-2.045	5.13444e-015
-2.044	5.60591e-015
-2.043	6.11012e-015
-2.042	6.64765e-015
-2.041	7.21897e-015
-2.04	7.82438e-015
-2.039	8.4641e-015
-2.038	9.13815e-015
-2.037	9.84642e-015
-2.036	1.05886e-014
-2.035	1.13643e-014
-2.034	1.21727e-014
-2.033	1.30131e-014
-2.032	1.38845e-014
-2.031	1.47855e-014
-2.03	1.57147e-014
-2.029	1.66705e-014
-2.028	1.76509e-014
-2.027	1.86538e-014
-2.026	1.96769e-014
-2.025	2.07177e-014
-2.024	2.17733e-014
-2.023	2.28409e-014
-2.022	2.39172e-014
-2.021	2.49989e-014
-2.02	2.60825e-014
-2.019	2.71641e-014
-2.018	2.824e-014
-2.017	2.93061e-014
-2.016	3.03583e-014
-2.015	3.13924e-014
-2.014	3.24039e-014
-2.013	3.33887e-014
-2.012	3.43422e-014
-2.011	3.52602e-014
-2.01	3.61382e-014
-2.009	3.6972e-014
-2.008	3.77577e-014
-2.007	3.8491e-014
-2.006	3.91683e-014
-2.005	3.97861e-014
-2.004	4.0341e-014
-2.003	4.08302e-014
-2.002	4.12512e-014
-2.001	4.16019e-014
-2	4.18806e-014
-1.999	4.20863e-014
-1.998	4.22186e-014
-1.997	4.22776e-014
-1.996	4.22641e-014
-1.995	4.21799e-014
-1.994	4.20274e-014
-1.993	4.18098e-014
-1.992	4.15313e-014
-1.991	4.11971e-014
-1.99	4.08133e-014
-1.989	4.03871e-014
-1.988	3.99267e-014
-1.987	3.94415e-014
-1.986	3.89422e-014
-1.985	3.84402e-014
-1.984	3.79487e-014
-1.983	3.74815e-014
-1.982	3.70542e-014
-1.981	3.66833e-014
-1.98	3.63868e-014
-1.979	3.61834e-014
-1.978	3.60935e-014
-1.977	3.61386e-014
-1.976	3.63411e-014
-1.975	3.67247e-014
-1.974	3.73142e-014
-1.973	3.81351e-014
-1.972	3.92142e-014
-1.971	4.05789e-014
-1.97	4.22572e-014
-1.969	4.42781e-014
-1.968	4.66708e-014
-1.967	4.94651e-014
-1.966	5.2691e-014
-1.965	5.63784e-014
-1.964	6.05577e-014
-1.963	6.52586e-014
-1.962	7.05107e-014
-1.961	7.63428e-014
-1.96	8.27831e-014
-1.959	8.98588e-014
-1.958	9.75964e-014
-1.957	1.0602e-013
-1.956	1.15154e-013
-1.955	1.25018e-013
-1.954	1.35632e-013
-1.953	1.47014e-013
-1.952	1.59178e-013
-1.951	1.72136e-013
-1.95	1.85897e-013
-1.949	2.00467e-013
-1.948	2.15849e-013
-1.947	2.3204e-013
-1.946	2.49038e-013
-1.945	2.66833e-013
-1.944	2.85413e-013
-1.943	3.0476e-013
-1.942	3.24853e-013
-1.941	3.45666e-013
-1.94	3.6717e-013
-1.939	3.89328e-013
-1.938	4.121e-013
-1.937	4.35443e-013
-1.936	4.59307e-013
-1.935	4.83637e-013
-1.934	5.08376e-013
-1.933	5.3346e-013
-1.932	5.58821e-013
-1.931	5.84387e-013
-1.93	6.10083e-013
-1.929	6.3583e-013
-1.928	6.61544e-013
-1.927	6.87138e-013
-1.926	7.12526e-013
-1.925	7.37616e-013
-1.924	7.62315e-013
-1.923	7.8653e-013
-1.922	8.10167e-013
-1.921	8.3313e-013
-1.92	8.55326e-013
-1.919	8.76663e-013
-1.918	8.97049e-013
-1.917	9.16398e-013
-1.916	9.34626e-013
-1.915	9.51653e-013
-1.914	9.67406e-013
-1.913	9.81813e-013
-1.912	9.9482e-013
-1.911	1.00637e-012
-1.91	1.01642e-012
-1.909	1.02494e-012
-1.908	1.03191e-012
-1.907	1.03731e-012
-1.906	1.04115e-012
-1.905	1.04346e-012
-1.904	1.04424e-012
-1.903	1.04357e-012
-1.902	1.0415e-012
-1.901	1.03811e-012
-1.9	1.03352e-012
-1.899	1.02782e-012
-1.898	1.02117e-012
-1.897	1.01373e-012
-1.896	1.00568e-012
-1.895	9.97213e-013
-1.894	9.88565e-013
-1.893	9.79977e-013
-1.892	9.71718e-013
-1.891	9.6408e-013
-1.89	9.57375e-013
-1.889	9.51938e-013
-1.888	9.48124e-013
-1.887	9.46311e-013
-1.886	9.46893e-013
-1.885	9.50288e-013
-1.884	9.56929e-013
-1.883	9.6727e-013
-1.882	9.81775e-013
-1.881	1.00093e-012
-1.88	1.02522e-012
-1.879	1.05516e-012
-1.878	1.09125e-012
-1.877	1.13403e-012
-1.876	1.184e-012
-1.875	1.24171e-012
-1.874	1.30766e-012
-1.873	1.38239e-012
-1.872	1.46641e-012
-1.871	1.56021e-012
-1.87	1.6643e-012
-1.869	1.77914e-012
-1.868	1.9052e-012
-1.867	2.0429e-012
-1.866	2.19264e-012
-1.865	2.3548e-012
-1.864	2.52973e-012
-1.863	2.71772e-012
-1.862	2.91904e-012
-1.861	3.13389e-012
-1.86	3.36246e-012
-1.859	3.60485e-012
-1.858	3.86112e-012
-1.857	4.1313e-012
-1.856	4.4153e-012
-1.855	4.71301e-012
-1.854	5.02425e-012
-1.853	5.34876e-012
-1.852	5.68621e-012
-1.851	6.0362e-012
-1.85	6.39826e-012
-1.849	6.77185e-012
-1.848	7.15634e-012
-1.847	7.55102e-012
-1.846	7.95514e-012
-1.845	8.36786e-012
-1.844	8.78824e-012
-1.843	9.2153e-012
-1.842	9.64798e-012
-1.841	1.00852e-011
-1.84	1.05257e-011
-1.839	1.09682e-011
-1.838	1.14116e-011
-1.837	1.18544e-011
-1.836	1.22952e-011
-1.835	1.27327e-011
-1.834	1.31654e-011
-1.833	1.35918e-011
-1.832	1.40105e-011
-1.831	1.442e-011
-1.83	1.48188e-011
-1.829	1.52054e-011
-1.828	1.55785e-011
-1.827	1.59367e-011
-1.826	1.62786e-011
-1.825	1.6603e-011
-1.824	1.69086e-011
-1.823	1.71945e-011
-1.822	1.74596e-011
-1.821	1.77029e-011
-1.82	1.79238e-011
-1.819	1.81216e-011
-1.818	1.82959e-011
-1.817	1.84464e-011
-1.816	1.8573e-011
-1.815	1.86757e-011
-1.814	1.8755e-011
-1.813	1.88112e-011
-1.812	1.88451e-011
-1.811	1.88577e-011
-1.81	1.88503e-011
-1.809	1.88243e-011
-1.808	1.87814e-011
-1.807	1.87237e-011
-1.806	1.86536e-011
-1.805	1.85736e-011
-1.804	1.84866e-011
-1.803	1.83958e-011
-1.802	1.83047e-011
-1.801	1.8217e-011
-1.8	1.81367e-011
-1.799	1.80683e-011
-1.798	1.80163e-011
-1.797	1.79856e-011
-1.796	1.79813e-011
-1.795	1.80088e-011
-1.794	1.80737e-011
-1.793	1.81818e-011
-1.792	1.83393e-011
-1.791	1.85521e-011
-1.79	1.88268e-011
-1.789	1.91698e-011
-1.788	1.95876e-011
-1.787	2.00869e-011
-1.786	2.06745e-011
-1.785	2.1357e-011
-1.784	2.21412e-011
-1.783	2.30336e-011
-1.782	2.40408e-011
-1.781	2.51691e-011
-1.78	2.64248e-011
-1.779	2.7814e-011
-1.778	2.93424e-011
-1.777	3.10154e-011
-1.776	3.28382e-011
-1.775	3.48154e-011
-1.774	3.69513e-011
-1.773	3.925e-011
-1.772	4.17146e-011
-1.771	4.4348e-011
-1.77	4.71522e-011
-1.769	5.01289e-011
-1.768	5.32789e-011
-1.767	5.66025e-011
-1.766	6.00991e-011
-1.765	6.37674e-011
-1.764	6.76053e-011
-1.763	7.16097e-011
-1.762	7.57771e-011
-1.761	8.01028e-011
-1.76	8.45815e-011
-1.759	8.92067e-011
-1.758	9.3971e-011
-1.757	9.88666e-011
-1.756	1.03885e-010
-1.755	1.09015e-010
-1.754	1.14247e-010
-1.753	1.1957e-010
-1.752	1.24971e-010
-1.751	1.30437e-010
-1.75	1.35955e-010
-1.749	1.41511e-010
-1.748	1.47089e-010
-1.747	1.52674e-010
-1.746	1.58251e-010
-1.745	1.63803e-010
-1.744	1.69313e-010
-1.743	1.74766e-010
-1.742	1.80144e-010
-1.741	1.8543e-010
-1.74	1.90608e-010
-1.739	1.95661e-010
-1.738	2.00573e-010
-1.737	2.05328e-010
-1.736	2.09911e-010
-1.735	2.14307e-010
-1.734	2.18503e-010
-1.733	2.22487e-010
-1.732	2.26246e-010
-1.731	2.29769e-010
-1.73	2.33049e-010
-1.729	2.36076e-010
-1.728	2.38846e-010
-1.727	2.41354e-010
-1.726	2.43598e-010
-1.725	2.45578e-010
-1.724	2.47295e-010
-1.723	2.48753e-010
-1.722	2.49958e-010
-1.721	2.5092e-010
-1.72	2.51649e-010
-1.719	2.52161e-010
-1.718	2.5247e-010
-1.717	2.52598e-010
-1.716	2.52564e-010
-1.715	2.52396e-010
-1.714	2.52121e-010
-1.713	2.51768e-010
-1.712	2.51372e-010
-1.711	2.50968e-010
-1.71	2.50597e-010
-1.709	2.50299e-010
-1.708	2.5012e-010
-1.707	2.50105e-010
-1.706	2.50305e-010
-1.705	2.5077e-010
-1.704	2.51555e-010
-1.703	2.52716e-010
-1.702	2.54308e-010
-1.701	2.56393e-010
-1.7	2.5903e-010
-1.699	2.62281e-010
-1.698	2.66208e-010
-1.697	2.70874e-010
-1.696	2.76343e-010
-1.695	2.82676e-010
-1.694	2.89938e-010
-1.693	2.9819e-010
-1.692	3.07494e-010
-1.691	3.17908e-010
-1.69	3.29493e-010
-1.689	3.42302e-010
-1.688	3.56389e-010
-1.687	3.71806e-010
-1.686	3.88598e-010
-1.685	4.0681e-010
-1.684	4.26482e-010
-1.683	4.47648e-010
-1.682	4.70341e-010
-1.681	4.94584e-010
-1.68	5.20398e-010
-1.679	5.47799e-010
-1.678	5.76793e-010
-1.677	6.07383e-010
-1.676	6.39565e-010
-1.675	6.73328e-010
-1.674	7.08654e-010
-1.673	7.45517e-010
-1.672	7.83884e-010
-1.671	8.23716e-010
-1.67	8.64964e-010
-1.669	9.07575e-010
-1.668	9.51486e-010
-1.667	9.96626e-010
-1.666	1.04292e-009
-1.665	1.09028e-009
-1.664	1.13862e-009
-1.663	1.18783e-009
-1.662	1.23783e-009
-1.661	1.28848e-009
-1.66	1.33969e-009
-1.659	1.39132e-009
-1.658	1.44325e-009
-1.657	1.49535e-009
-1.656	1.54748e-009
-1.655	1.59952e-009
-1.654	1.65132e-009
-1.653	1.70273e-009
-1.652	1.75363e-009
-1.651	1.80386e-009
-1.65	1.85329e-009
-1.649	1.90178e-009
-1.648	1.9492e-009
-1.647	1.9954e-009
-1.646	2.04028e-009
-1.645	2.08369e-009
-1.644	2.12554e-009
-1.643	2.16571e-009
-1.642	2.2041e-009
-1.641	2.24063e-009
-1.64	2.27522e-009
-1.639	2.3078e-009
-1.638	2.33832e-009
-1.637	2.36675e-009
-1.636	2.39304e-009
-1.635	2.41721e-009
-1.634	2.43925e-009
-1.633	2.45919e-009
-1.632	2.47706e-009
-1.631	2.49295e-009
-1.63	2.5069e-009
-1.629	2.51904e-009
-1.628	2.52948e-009
-1.627	2.53836e-009
-1.626	2.54584e-009
-1.625	2.55209e-009
-1.624	2.55733e-009
-1.623	2.56177e-009
-1.622	2.56566e-009
-1.621	2.56926e-009
-1.62	2.57285e-009
-1.619	2.57673e-009
-1.618	2.58123e-009
-1.617	2.58667e-009
-1.616	2.59343e-009
-1.615	2.60186e-009
-1.614	2.61235e-009
-1.613	2.62531e-009
-1.612	2.64113e-009
-1.611	2.66025e-009
-1.61	2.68309e-009
-1.609	2.71008e-009
-1.608	2.74167e-009
-1.607	2.77829e-009
-1.606	2.8204e-009
-1.605	2.86843e-009
-1.604	2.92284e-009
-1.603	2.98404e-009
-1.602	3.05246e-009
-1.601	3.12851e-009
-1.6	3.21261e-009
-1.599	3.30512e-009
-1.598	3.40643e-009
-1.597	3.51687e-009
-1.596	3.63677e-009
-1.595	3.76643e-009
-1.594	3.90611e-009
-1.593	4.05606e-009
-1.592	4.21647e-009
-1.591	4.38753e-009
-1.59	4.56936e-009
-1.589	4.76206e-009
-1.588	4.9657e-009
-1.587	5.18028e-009
-1.586	5.40577e-009
-1.585	5.64209e-009
-1.584	5.88913e-009
-1.583	6.14672e-009
-1.582	6.41464e-009
-1.581	6.69263e-009
-1.58	6.98036e-009
-1.579	7.2775e-009
-1.578	7.58363e-009
-1.577	7.89829e-009
-1.576	8.22099e-009
-1.575	8.55117e-009
-1.574	8.88825e-009
-1.573	9.2316e-009
-1.572	9.58055e-009
-1.571	9.93441e-009
-1.57	1.02924e-008
-1.569	1.06538e-008
-1.568	1.10178e-008
-1.567	1.13835e-008
-1.566	1.17502e-008
-1.565	1.21169e-008
-1.564	1.24828e-008
-1.563	1.2847e-008
-1.562	1.32086e-008
-1.561	1.35668e-008
-1.56	1.39207e-008
-1.559	1.42694e-008
-1.558	1.4612e-008
-1.557	1.49479e-008
-1.556	1.52761e-008
-1.555	1.5596e-008
-1.554	1.59068e-008
-1.553	1.62079e-008
-1.552	1.64986e-008
-1.551	1.67785e-008
-1.55	1.70471e-008
-1.549	1.73039e-008
-1.548	1.75487e-008
-1.547	1.77811e-008
-1.546	1.8001e-008
-1.545	1.82083e-008
-1.544	1.8403e-008
-1.543	1.85854e-008
-1.542	1.87555e-008
-1.541	1.89137e-008
-1.54	1.90605e-008
-1.539	1.91963e-008
-1.538	1.9322e-008
-1.537	1.94381e-008
-1.536	1.95456e-008
-1.535	1.96456e-008
-1.534	1.9739e-008
-1.533	1.98272e-008
-1.532	1.99115e-008
-1.531	1.99934e-008
-1.53	2.00743e-008
-1.529	2.01559e-008
-1.528	2.02401e-008
-1.527	2.03285e-008
-1.526	2.04232e-008
-1.525	2.05262e-008
-1.524	2.06396e-008
-1.523	2.07654e-008
-1.522	2.09059e-008
-1.521	2.10634e-008
-1.52	2.12402e-008
-1.519	2.14385e-008
-1.518	2.16608e-008
-1.517	2.19094e-008
-1.516	2.21865e-008
-1.515	2.24947e-008
-1.514	2.28361e-008
-1.513	2.32131e-008
-1.512	2.36278e-008
-1.511	2.40824e-008
-1.51	2.4579e-008
-1.509	2.51196e-008
-1.508	2.5706e-008
-1.507	2.63402e-008
-1.506	2.70236e-008
-1.505	2.77578e-008
-1.504	2.85442e-008
-1.503	2.9384e-008
-1.502	3.02783e-008
-1.501	3.12278e-008
-1.5	3.22333e-008
-1.499	3.32952e-008
-1.498	3.44138e-008
-1.497	3.55892e-008
-1.496	3.68211e-008
-1.495	3.81092e-008
-1.494	3.94528e-008
-1.493	4.08511e-008
-1.492	4.2303e-008
-1.491	4.38073e-008
-1.49	4.53622e-008
-1.489	4.69661e-008
-1.488	4.8617e-008
-1.487	5.03126e-008
-1.486	5.20504e-008
-1.485	5.38279e-008
-1.484	5.5642e-008
-1.483	5.74898e-008
-1.482	5.93681e-008
-1.481	6.12734e-008
-1.48	6.32022e-008
-1.479	6.51508e-008
-1.478	6.71153e-008
-1.477	6.9092e-008
-1.476	7.10767e-008
-1.475	7.30654e-008
-1.474	7.50542e-008
-1.473	7.70386e-008
-1.472	7.90146e-008
-1.471	8.09782e-008
-1.47	8.29253e-008
-1.469	8.4852e-008
-1.468	8.67543e-008
-1.467	8.86286e-008
-1.466	9.04711e-008
-1.465	9.22785e-008
-1.464	9.40477e-008
-1.463	9.57756e-008
-1.462	9.74594e-008
-1.461	9.90965e-008
-1.46	1.00685e-007
-1.459	1.02223e-007
-1.458	1.03709e-007
-1.457	1.05141e-007
-1.456	1.0652e-007
-1.455	1.07845e-007
-1.454	1.09115e-007
-1.453	1.10331e-007
-1.452	1.11495e-007
-1.451	1.12608e-007
-1.45	1.13671e-007
-1.449	1.14686e-007
-1.448	1.15658e-007
-1.447	1.16588e-007
-1.446	1.17482e-007
-1.445	1.18342e-007
-1.444	1.19174e-007
-1.443	1.19983e-007
-1.442	1.20775e-007
-1.441	1.21556e-007
-1.44	1.22332e-007
-1.439	1.2311e-007
-1.438	1.23898e-007
-1.437	1.24703e-007
-1.436	1.25533e-007
-1.435	1.26397e-007
-1.434	1.27303e-007
-1.433	1.28261e-007
-1.432	1.29278e-007
-1.431	1.30365e-007
-1.43	1.31531e-007
-1.429	1.32785e-007
-1.428	1.34136e-007
-1.427	1.35595e-007
-1.426	1.37171e-007
-1.425	1.38872e-007
-1.424	1.4071e-007
-1.423	1.42691e-007
-1.422	1.44826e-007
-1.421	1.47122e-007
-1.42	1.49589e-007
-1.419	1.52233e-007
-1.418	1.55063e-007
-1.417	1.58085e-007
-1.416	1.61305e-007
-1.415	1.6473e-007
-1.414	1.68364e-007
-1.413	1.72213e-007
-1.412	1.76281e-007
-1.411	1.8057e-007
-1.41	1.85083e-007
-1.409	1.89822e-007
-1.408	1.94787e-007
-1.407	1.9998e-007
-1.406	2.05398e-007
-1.405	2.11042e-007
-1.404	2.16907e-007
-1.403	2.22991e-007
-1.402	2.2929e-007
-1.401	2.35798e-007
-1.4	2.42511e-007
-1.399	2.4942e-007
-1.398	2.56518e-007
-1.397	2.63798e-007
-1.396	2.7125e-007
-1.395	2.78863e-007
-1.394	2.86629e-007
-1.393	2.94534e-007
-1.392	3.02568e-007
-1.391	3.10718e-007
-1.39	3.1897e-007
-1.389	3.27312e-007
-1.388	3.3573e-007
-1.387	3.4421e-007
-1.386	3.52737e-007
-1.385	3.61296e-007
-1.384	3.69874e-007
-1.383	3.78454e-007
-1.382	3.87024e-007
-1.381	3.95568e-007
-1.38	4.04072e-007
-1.379	4.12522e-007
-1.378	4.20905e-007
-1.377	4.29207e-007
-1.376	4.37416e-007
-1.375	4.45521e-007
-1.374	4.53509e-007
-1.373	4.61372e-007
-1.372	4.69099e-007
-1.371	4.76682e-007
-1.37	4.84115e-007
-1.369	4.91391e-007
-1.368	4.98504e-007
-1.367	5.05452e-007
-1.366	5.12231e-007
-1.365	5.18843e-007
-1.364	5.25285e-007
-1.363	5.3156e-007
-1.362	5.37672e-007
-1.361	5.43626e-007
-1.36	5.49429e-007
-1.359	5.55087e-007
-1.358	5.60612e-007
-1.357	5.66014e-007
-1.356	5.71306e-007
-1.355	5.76501e-007
-1.354	5.81616e-007
-1.353	5.86669e-007
-1.352	5.91677e-007
-1.351	5.96662e-007
-1.35	6.01644e-007
-1.349	6.06646e-007
-1.348	6.11693e-007
-1.347	6.16806e-007
-1.346	6.22016e-007
-1.345	6.27346e-007
-1.344	6.32826e-007
-1.343	6.38483e-007
-1.342	6.44347e-007
-1.341	6.50446e-007
-1.34	6.5681e-007
-1.339	6.63469e-007
-1.338	6.70453e-007
-1.337	6.77791e-007
-1.336	6.85514e-007
-1.335	6.9365e-007
-1.334	7.02228e-007
-1.333	7.11276e-007
-1.332	7.2082e-007
-1.331	7.30889e-007
-1.33	7.41505e-007
-1.329	7.52694e-007
-1.328	7.64478e-007
-1.327	7.76878e-007
-1.326	7.89913e-007
-1.325	8.036e-007
-1.324	8.17957e-007
-1.323	8.32996e-007
-1.322	8.48727e-007
-1.321	8.65163e-007
-1.32	8.8231e-007
-1.319	9.00174e-007
-1.318	9.18756e-007
-1.317	9.38056e-007
-1.316	9.58072e-007
-1.315	9.78802e-007
-1.314	1.00024e-006
-1.313	1.02236e-006
-1.312	1.04518e-006
-1.311	1.06866e-006
-1.31	1.09279e-006
-1.309	1.11755e-006
-1.308	1.14292e-006
-1.307	1.16888e-006
-1.306	1.1954e-006
-1.305	1.22245e-006
-1.304	1.25e-006
-1.303	1.27802e-006
-1.302	1.30649e-006
-1.301	1.33535e-006
-1.3	1.36458e-006
-1.299	1.39413e-006
-1.298	1.42398e-006
-1.297	1.45408e-006
-1.296	1.48439e-006
-1.295	1.51488e-006
-1.294	1.54549e-006
-1.293	1.5762e-006
-1.292	1.60697e-006
-1.291	1.63775e-006
-1.29	1.6685e-006
-1.289	1.6992e-006
-1.288	1.72979e-006
-1.287	1.76026e-006
-1.286	1.79056e-006
-1.285	1.82068e-006
-1.284	1.85056e-006
-1.283	1.8802e-006
-1.282	1.90957e-006
-1.281	1.93865e-006
-1.28	1.96741e-006
-1.279	1.99585e-006
-1.278	2.02395e-006
-1.277	2.0517e-006
-1.276	2.07911e-006
-1.275	2.10616e-006
-1.274	2.13287e-006
-1.273	2.15923e-006
-1.272	2.18527e-006
-1.271	2.21099e-006
-1.27	2.23641e-006
-1.269	2.26156e-006
-1.268	2.28645e-006
-1.267	2.31113e-006
-1.266	2.33563e-006
-1.265	2.35999e-006
-1.264	2.38424e-006
-1.263	2.40843e-006
-1.262	2.43261e-006
-1.261	2.45684e-006
-1.26	2.48117e-006
-1.259	2.50565e-006
-1.258	2.53036e-006
-1.257	2.55535e-006
-1.256	2.58069e-006
-1.255	2.60644e-006
-1.254	2.63269e-006
-1.253	2.65949e-006
-1.252	2.68693e-006
-1.251	2.71508e-006
-1.25	2.744e-006
-1.249	2.77377e-006
-1.248	2.80446e-006
-1.247	2.83616e-006
-1.246	2.86893e-006
-1.245	2.90286e-006
-1.244	2.93799e-006
-1.243	2.9744e-006
-1.242	3.01216e-006
-1.241	3.05134e-006
-1.24	3.09198e-006
-1.239	3.13416e-006
-1.238	3.17793e-006
-1.237	3.22332e-006
-1.236	3.2704e-006
-1.235	3.31919e-006
-1.234	3.36975e-006
-1.233	3.42211e-006
-1.232	3.47628e-006
-1.231	3.53229e-006
-1.23	3.59017e-006
-1.229	3.64992e-006
-1.228	3.71155e-006
-1.227	3.77507e-006
-1.226	3.84045e-006
-1.225	3.9077e-006
-1.224	3.97681e-006
-1.223	4.04774e-006
-1.222	4.12048e-006
-1.221	4.19499e-006
-1.22	4.27123e-006
-1.219	4.34916e-006
-1.218	4.42873e-006
-1.217	4.50989e-006
-1.216	4.59259e-006
-1.215	4.67677e-006
-1.214	4.76234e-006
-1.213	4.84926e-006
-1.212	4.93745e-006
-1.211	5.02683e-006
-1.21	5.11734e-006
-1.209	5.20888e-006
-1.208	5.30138e-006
-1.207	5.39475e-006
-1.206	5.48893e-006
-1.205	5.58381e-006
-1.204	5.67932e-006
-1.203	5.77538e-006
-1.202	5.87191e-006
-1.201	5.96883e-006
-1.2	6.06607e-006
-1.199	6.16354e-006
-1.198	6.26118e-006
-1.197	6.35892e-006
-1.196	6.45669e-006
-1.195	6.55445e-006
-1.194	6.65213e-006
-1.193	6.74969e-006
-1.192	6.84708e-006
-1.191	6.94426e-006
-1.19	7.04122e-006
-1.189	7.13792e-006
-1.188	7.23435e-006
-1.187	7.33049e-006
-1.186	7.42635e-006
-1.185	7.52194e-006
-1.184	7.61726e-006
-1.183	7.71234e-006
-1.182	7.80722e-006
-1.181	7.90191e-006
-1.18	7.99648e-006
-1.179	8.09098e-006
-1.178	8.18547e-006
-1.177	8.28001e-006
-1.176	8.37471e-006
-1.175	8.46962e-006
-1.174	8.56484e-006
-1.173	8.66048e-006
-1.172	8.75665e-006
-1.171	8.85345e-006
-1.17	8.951e-006
-1.169	9.04942e-006
-1.168	9.14885e-006
-1.167	9.24941e-006
-1.166	9.35125e-006
-1.165	9.45451e-006
-1.164	9.55933e-006
-1.163	9.66584e-006
-1.162	9.77421e-006
-1.161	9.88459e-006
-1.16	9.99711e-006
-1.159	1.01119e-005
-1.158	1.02292e-005
-1.157	1.03491e-005
-1.156	1.04716e-005
-1.155	1.05971e-005
-1.154	1.07256e-005
-1.153	1.08572e-005
-1.152	1.09922e-005
-1.151	1.11305e-005
-1.15	1.12723e-005
-1.149	1.14178e-005
-1.148	1.15671e-005
-1.147	1.17202e-005
-1.146	1.18772e-005
-1.145	1.20382e-005
-1.144	1.22033e-005
-1.143	1.23725e-005
-1.142	1.2546e-005
-1.141	1.27237e-005
-1.14	1.29057e-005
-1.139	1.3092e-005
-1.138	1.32827e-005
-1.137	1.34777e-005
-1.136	1.3677e-005
-1.135	1.38807e-005
-1.134	1.40886e-005
-1.133	1.43008e-005
-1.132	1.45173e-005
-1.131	1.47379e-005
-1.13	1.49627e-005
-1.129	1.51915e-005
-1.128	1.54243e-005
-1.127	1.56609e-005
-1.126	1.59014e-005
-1.125	1.61455e-005
-1.124	1.63933e-005
-1.123	1.66446e-005
-1.122	1.68992e-005
-1.121	1.71571e-005
-1.12	1.74181e-005
-1.119	1.76822e-005
-1.118	1.79491e-005
-1.117	1.82188e-005
-1.116	1.84912e-005
-1.115	1.87661e-005
-1.114	1.90433e-005
-1.113	1.93229e-005
-1.112	1.96046e-005
-1.111	1.98884e-005
-1.11	2.01741e-005
-1.109	2.04616e-005
-1.108	2.07509e-005
-1.107	2.10418e-005
-1.106	2.13343e-005
-1.105	2.16283e-005
-1.104	2.19237e-005
-1.103	2.22205e-005
-1.102	2.25187e-005
-1.101	2.28181e-005
-1.1	2.31188e-005
-1.099	2.34208e-005
-1.098	2.37241e-005
-1.097	2.40287e-005
-1.096	2.43346e-005
-1.095	2.46419e-005
-1.094	2.49506e-005
-1.093	2.52608e-005
-1.092	2.55726e-005
-1.091	2.5886e-005
-1.09	2.62013e-005
-1.089	2.65184e-005
-1.088	2.68375e-005
-1.087	2.71588e-005
-1.086	2.74824e-005
-1.085	2.78086e-005
-1.084	2.81374e-005
-1.083	2.84691e-005
-1.082	2.88039e-005
-1.081	2.91419e-005
-1.08	2.94835e-005
-1.079	2.98288e-005
-1.078	3.0178e-005
-1.077	3.05314e-005
-1.076	3.08893e-005
-1.075	3.12518e-005
-1.074	3.16192e-005
-1.073	3.19919e-005
-1.072	3.237e-005
-1.071	3.27538e-005
-1.07	3.31436e-005
-1.069	3.35395e-005
-1.068	3.39419e-005
-1.067	3.43511e-005
-1.066	3.47671e-005
-1.065	3.51904e-005
-1.064	3.5621e-005
-1.063	3.60593e-005
-1.062	3.65055e-005
-1.061	3.69597e-005
-1.06	3.74222e-005
-1.059	3.78931e-005
-1.058	3.83727e-005
-1.057	3.8861e-005
-1.056	3.93583e-005
-1.055	3.98647e-005
-1.054	4.03802e-005
-1.053	4.09052e-005
-1.052	4.14396e-005
-1.051	4.19835e-005
-1.05	4.25369e-005
-1.049	4.31001e-005
-1.048	4.36729e-005
-1.047	4.42555e-005
-1.046	4.48478e-005
-1.045	4.54499e-005
-1.044	4.60618e-005
-1.043	4.66835e-005
-1.042	4.73148e-005
-1.041	4.79559e-005
-1.04	4.86065e-005
-1.039	4.92667e-005
-1.038	4.99364e-005
-1.037	5.06155e-005
-1.036	5.1304e-005
-1.035	5.20017e-005
-1.034	5.27085e-005
-1.033	5.34244e-005
-1.032	5.41491e-005
-1.031	5.48827e-005
-1.03	5.5625e-005
-1.029	5.63759e-005
-1.028	5.71353e-005
-1.027	5.7903e-005
-1.026	5.8679e-005
-1.025	5.94632e-005
-1.024	6.02554e-005
-1.023	6.10555e-005
-1.022	6.18636e-005
-1.021	6.26796e-005
-1.02	6.35033e-005
-1.019	6.43346e-005
-1.018	6.51736e-005
-1.017	6.60202e-005
-1.016	6.68745e-005
-1.015	6.77364e-005
-1.014	6.86059e-005
-1.013	6.94831e-005
-1.012	7.03679e-005
-1.011	7.12605e-005
-1.01	7.2161e-005
-1.009	7.30693e-005
-1.008	7.39858e-005
-1.007	7.49104e-005
-1.006	7.58433e-005
-1.005	7.67847e-005
-1.004	7.77347e-005
-1.003	7.86937e-005
-1.002	7.96618e-005
-1.001	8.06392e-005
-1	8.16261e-005
-0.999	8.26231e-005
-0.998	8.363e-005
-0.997	8.46474e-005
-0.996	8.56756e-005
-0.995	8.67149e-005
-0.994	8.77656e-005
-0.993	8.8828e-005
-0.992	8.99028e-005
-0.991	9.099e-005
-0.99	9.20901e-005
-0.989	9.32037e-005
-0.988	9.43307e-005
-0.987	9.5472e-005
-0.986	9.66278e-005
-0.985	9.77984e-005
-0.984	9.89844e-005
-0.983	0.000100186
-0.982	0.000101404
-0.981	0.000102639
-0.98	0.00010389
-0.979	0.000105159
-0.978	0.000106446
-0.977	0.000107751
-0.976	0.000109074
-0.975	0.000110417
-0.974	0.000111779
-0.973	0.00011316
-0.972	0.000114561
-0.971	0.000115983
-0.97	0.000117426
-0.969	0.000118889
-0.968	0.000120373
-0.967	0.00012188
-0.966	0.000123408
-0.965	0.000124958
-0.964	0.00012653
-0.963	0.000128125
-0.962	0.000129743
-0.961	0.000131383
-0.96	0.000133047
-0.959	0.000134734
-0.958	0.000136445
-0.957	0.000138179
-0.956	0.000139937
-0.955	0.000141718
-0.954	0.000143524
-0.953	0.000145353
-0.952	0.000147207
-0.951	0.000149085
-0.95	0.000150987
-0.949	0.000152913
-0.948	0.000154864
-0.947	0.00015684
-0.946	0.00015884
-0.945	0.000160864
-0.944	0.000162913
-0.943	0.000164987
-0.942	0.000167086
-0.941	0.000169209
-0.94	0.000171357
-0.939	0.000173531
-0.938	0.000175729
-0.937	0.000177953
-0.936	0.000180202
-0.935	0.000182476
-0.934	0.000184776
-0.933	0.000187101
-0.932	0.000189453
-0.931	0.00019183
-0.93	0.000194234
-0.929	0.000196665
-0.928	0.000199122
-0.927	0.000201606
-0.926	0.000204118
-0.925	0.000206657
-0.924	0.000209224
-0.923	0.000211819
-0.922	0.000214443
-0.921	0.000217097
-0.92	0.00021978
-0.919	0.000222492
-0.918	0.000225236
-0.917	0.00022801
-0.916	0.000230815
-0.915	0.000233653
-0.914	0.000236523
-0.913	0.000239426
-0.912	0.000242363
-0.911	0.000245334
-0.91	0.00024834
-0.909	0.000251382
-0.908	0.000254461
-0.907	0.000257576
-0.906	0.000260728
-0.905	0.00026392
-0.904	0.00026715
-0.903	0.00027042
-0.902	0.000273731
-0.901	0.000277083
-0.9	0.000280477
-0.899	0.000283913
-0.898	0.000287394
-0.897	0.000290919
-0.896	0.000294489
-0.895	0.000298105
-0.894	0.000301767
-0.893	0.000305477
-0.892	0.000309235
-0.891	0.000313041
-0.89	0.000316898
-0.889	0.000320804
-0.888	0.000324762
-0.887	0.000328772
-0.886	0.000332834
-0.885	0.00033695
-0.884	0.000341119
-0.883	0.000345343
-0.882	0.000349622
-0.881	0.000353957
-0.88	0.000358349
-0.879	0.000362798
-0.878	0.000367304
-0.877	0.000371869
-0.876	0.000376493
-0.875	0.000381177
-0.874	0.000385921
-0.873	0.000390725
-0.872	0.000395591
-0.871	0.000400518
-0.87	0.000405509
-0.869	0.000410562
-0.868	0.000415678
-0.867	0.000420858
-0.866	0.000426103
-0.865	0.000431413
-0.864	0.000436789
-0.863	0.000442231
-0.862	0.000447739
-0.861	0.000453315
-0.86	0.000458958
-0.859	0.00046467
-0.858	0.000470451
-0.857	0.000476301
-0.856	0.000482222
-0.855	0.000488214
-0.854	0.000494276
-0.853	0.000500411
-0.852	0.000506619
-0.851	0.000512901
-0.85	0.000519256
-0.849	0.000525686
-0.848	0.000532193
-0.847	0.000538776
-0.846	0.000545436
-0.845	0.000552175
-0.844	0.000558993
-0.843	0.000565891
-0.842	0.000572871
-0.841	0.000579933
-0.84	0.000587077
-0.839	0.000594307
-0.838	0.000601621
-0.837	0.000609022
-0.836	0.000616511
-0.835	0.000624089
-0.834	0.000631758
-0.833	0.000639518
-0.832	0.000647371
-0.831	0.000655318
-0.83	0.000663361
-0.829	0.000671501
-0.828	0.00067974
-0.827	0.000688079
-0.826	0.000696519
-0.825	0.000705063
-0.824	0.000713711
-0.823	0.000722466
-0.822	0.000731328
-0.821	0.0007403
-0.82	0.000749384
-0.819	0.000758581
-0.818	0.000767892
-0.817	0.000777319
-0.816	0.000786865
-0.815	0.00079653
-0.814	0.000806317
-0.813	0.000816228
-0.812	0.000826264
-0.811	0.000836426
-0.81	0.000846718
-0.809	0.00085714
-0.808	0.000867694
-0.807	0.000878384
-0.806	0.000889207
-0.805	0.000900169
-0.804	0.000911271
-0.803	0.000922513
-0.802	0.000933899
-0.801	0.00094543
-0.8	0.000957107
-0.799	0.000968933
-0.798	0.00098091
-0.797	0.000993037
-0.796	0.00100532
-0.795	0.00101776
-0.794	0.00103035
-0.793	0.0010431
-0.792	0.00105602
-0.791	0.00106909
-0.79	0.00108233
-0.789	0.00109574
-0.788	0.00110931
-0.787	0.00112306
-0.786	0.00113697
-0.785	0.00115106
-0.784	0.00116532
-0.783	0.00117976
-0.782	0.00119437
-0.781	0.00120917
-0.78	0.00122415
-0.779	0.00123931
-0.778	0.00125466
-0.777	0.00127019
-0.776	0.00128592
-0.775	0.00130183
-0.774	0.00131794
-0.773	0.00133425
-0.772	0.00135075
-0.771	0.00136745
-0.77	0.00138436
-0.769	0.00140147
-0.768	0.00141878
-0.767	0.0014363
-0.766	0.00145404
-0.765	0.00147198
-0.764	0.00149015
-0.763	0.00150853
-0.762	0.00152713
-0.761	0.00154596
-0.76	0.00156501
-0.759	0.00158429
-0.758	0.0016038
-0.757	0.00162355
-0.756	0.00164353
-0.755	0.00166376
-0.754	0.00168423
-0.753	0.00170495
-0.752	0.00172591
-0.751	0.00174713
-0.75	0.00176861
-0.749	0.00179035
-0.748	0.00181235
-0.747	0.00183462
-0.746	0.00185716
-0.745	0.00187997
-0.744	0.00190307
-0.743	0.00192644
-0.742	0.00195011
-0.741	0.00197406
-0.74	0.00199831
-0.739	0.00202285
-0.738	0.0020477
-0.737	0.00207286
-0.736	0.00209833
-0.735	0.00212411
-0.734	0.00215021
-0.733	0.00217663
-0.732	0.00220339
-0.731	0.00223048
-0.73	0.0022579
-0.729	0.00228567
-0.728	0.00231379
-0.727	0.00234225
-0.726	0.00237108
-0.725	0.00240026
-0.724	0.00242981
-0.723	0.00245973
-0.722	0.00249003
-0.721	0.00252071
-0.72	0.00255177
-0.719	0.00258322
-0.718	0.00261507
-0.717	0.00264732
-0.716	0.00267997
-0.715	0.00271303
-0.714	0.00274651
-0.713	0.00278041
-0.712	0.00281473
-0.711	0.00284949
-0.71	0.00288467
-0.709	0.0029203
-0.708	0.00295638
-0.707	0.0029929
-0.706	0.00302988
-0.705	0.00306733
-0.704	0.00310524
-0.703	0.00314362
-0.702	0.00318249
-0.701	0.00322183
-0.7	0.00326166
-0.699	0.00330198
-0.698	0.00334281
-0.697	0.00338414
-0.696	0.00342598
-0.695	0.00346833
-0.694	0.00351122
-0.693	0.00355463
-0.692	0.00359857
-0.691	0.00364305
-0.69	0.00368808
-0.689	0.00373366
-0.688	0.0037798
-0.687	0.0038265
-0.686	0.00387378
-0.685	0.00392164
-0.684	0.00397008
-0.683	0.00401912
-0.682	0.00406874
-0.681	0.00411898
-0.68	0.00416983
-0.679	0.00422129
-0.678	0.00427339
-0.677	0.00432612
-0.676	0.0043795
-0.675	0.00443352
-0.674	0.0044882
-0.673	0.00454355
-0.672	0.00459957
-0.671	0.00465628
-0.67	0.00471367
-0.669	0.00477177
-0.668	0.00483058
-0.667	0.0048901
-0.666	0.00495035
-0.665	0.00501134
-0.664	0.00507307
-0.663	0.00513556
-0.662	0.0051988
-0.661	0.00526283
-0.66	0.00532764
-0.659	0.00539325
-0.658	0.00545965
-0.657	0.00552688
-0.656	0.00559493
-0.655	0.00566381
-0.654	0.00573355
-0.653	0.00580414
-0.652	0.00587561
-0.651	0.00594795
-0.65	0.00602119
-0.649	0.00609532
-0.648	0.00617038
-0.647	0.00624637
-0.646	0.00632329
-0.645	0.00640117
-0.644	0.00648001
-0.643	0.00655983
-0.642	0.00664064
-0.641	0.00672245
-0.64	0.00680528
-0.639	0.00688913
-0.638	0.00697402
-0.637	0.00705997
-0.636	0.00714698
-0.635	0.00723508
-0.634	0.00732427
-0.633	0.00741458
-0.632	0.007506
-0.631	0.00759856
-0.63	0.00769228
-0.629	0.00778715
-0.628	0.0078832
-0.627	0.00798045
-0.626	0.0080789
-0.625	0.00817859
-0.624	0.00827951
-0.623	0.00838167
-0.622	0.00848512
-0.621	0.00858984
-0.62	0.00869586
-0.619	0.00880321
-0.618	0.00891188
-0.617	0.00902189
-0.616	0.00913328
-0.615	0.00924604
-0.614	0.0093602
-0.613	0.00947577
-0.612	0.00959277
-0.611	0.00971122
-0.61	0.00983113
-0.609	0.00995252
-0.608	0.0100754
-0.607	0.0101998
-0.606	0.0103258
-0.605	0.0104533
-0.604	0.0105824
-0.603	0.010713
-0.602	0.0108453
-0.601	0.0109792
-0.6	0.0111148
-0.599	0.011252
-0.598	0.0113909
-0.597	0.0115315
-0.596	0.0116739
-0.595	0.011818
-0.594	0.0119639
-0.593	0.0121116
-0.592	0.0122611
-0.591	0.0124124
-0.59	0.0125656
-0.589	0.0127207
-0.588	0.0128776
-0.587	0.0130365
-0.586	0.0131974
-0.585	0.0133602
-0.584	0.0135251
-0.583	0.013692
-0.582	0.0138609
-0.581	0.0140319
-0.58	0.014205
-0.579	0.0143802
-0.578	0.0145576
-0.577	0.0147372
-0.576	0.0149189
-0.575	0.0151029
-0.574	0.0152892
-0.573	0.0154778
-0.572	0.0156687
-0.571	0.0158619
-0.57	0.0160575
-0.569	0.0162555
-0.568	0.016456
-0.567	0.016659
-0.566	0.0168644
-0.565	0.0170724
-0.564	0.0172829
-0.563	0.0174961
-0.562	0.0177118
-0.561	0.0179303
-0.56	0.0181514
-0.559	0.0183753
-0.558	0.0186019
-0.557	0.0188313
-0.556	0.0190636
-0.555	0.0192987
-0.554	0.0195367
-0.553	0.0197777
-0.552	0.0200216
-0.551	0.0202686
-0.55	0.0205186
-0.549	0.0207717
-0.548	0.021028
-0.547	0.0212874
-0.546	0.02155
-0.545	0.0218159
-0.544	0.022085
-0.543	0.0223575
-0.542	0.0226334
-0.541	0.0229126
-0.54	0.0231953
-0.539	0.0234815
-0.538	0.0237713
-0.537	0.0240646
-0.536	0.0243615
-0.535	0.0246621
-0.534	0.0249665
-0.533	0.0252746
-0.532	0.0255864
-0.531	0.0259022
-0.53	0.0262219
-0.529	0.0265454
-0.528	0.026873
-0.527	0.0272047
-0.526	0.0275404
-0.525	0.0278803
-0.524	0.0282244
-0.523	0.0285727
-0.522	0.0289253
-0.521	0.0292823
-0.52	0.0296436
-0.519	0.0300095
-0.518	0.0303798
-0.517	0.0307547
-0.516	0.0311343
-0.515	0.0315185
-0.514	0.0319075
-0.513	0.0323012
-0.512	0.0326998
-0.511	0.0331034
-0.51	0.0335119
-0.509	0.0339254
-0.508	0.034344
-0.507	0.0347678
-0.506	0.0351969
-0.505	0.0356312
-0.504	0.0360709
-0.503	0.036516
-0.502	0.0369665
-0.501	0.0374227
-0.5	0.0378845
-0.499	0.0383519
-0.498	0.0388252
-0.497	0.0393042
-0.496	0.0397892
-0.495	0.0402802
-0.494	0.0407772
-0.493	0.0412803
-0.492	0.0417897
-0.491	0.0423053
-0.49	0.0428273
-0.489	0.0433558
-0.488	0.0438907
-0.487	0.0444323
-0.486	0.0449806
-0.485	0.0455356
-0.484	0.0460975
-0.483	0.0466663
-0.482	0.0472421
-0.481	0.0478251
-0.48	0.0484152
-0.479	0.0490126
-0.478	0.0496174
-0.477	0.0502296
-0.476	0.0508494
-0.475	0.051477
-0.474	0.0521122
-0.473	0.0527552
-0.472	0.0534062
-0.471	0.0540653
-0.47	0.0547325
-0.469	0.0554078
-0.468	0.0560916
-0.467	0.0567838
-0.466	0.0574845
-0.465	0.0581939
-0.464	0.058912
-0.463	0.059639
-0.462	0.060375
-0.461	0.06112
-0.46	0.0618743
-0.459	0.0626379
-0.458	0.0634109
-0.457	0.0641934
-0.456	0.0649855
-0.455	0.0657875
-0.454	0.0665994
-0.453	0.0674213
-0.452	0.0682533
-0.451	0.0690956
-0.45	0.0699483
-0.449	0.0708115
-0.448	0.0716853
-0.447	0.07257
-0.446	0.0734655
-0.445	0.0743721
-0.444	0.0752899
-0.443	0.076219
-0.442	0.0771596
-0.441	0.0781117
-0.44	0.0790756
-0.439	0.0800515
-0.438	0.0810393
-0.437	0.0820393
-0.436	0.0830517
-0.435	0.0840766
-0.434	0.085114
-0.433	0.0861642
-0.432	0.0872275
-0.431	0.0883039
-0.43	0.0893935
-0.429	0.0904966
-0.428	0.0916132
-0.427	0.0927437
-0.426	0.093888
-0.425	0.0950465
-0.424	0.0962192
-0.423	0.0974064
-0.422	0.0986084
-0.421	0.0998251
-0.42	0.101057
-0.419	0.102304
-0.418	0.103566
-0.417	0.104844
-0.416	0.106137
-0.415	0.107447
-0.414	0.108809
-0.413	0.110261
-0.412	0.111805
-0.411	0.113443
-0.41	0.115175
-0.409	0.117003
-0.408	0.118926
-0.407	0.120947
-0.406	0.123063
-0.405	0.125276
-0.404	0.127585
-0.403	0.12999
-0.402	0.13249
-0.401	0.135084
-0.4	0.137771
-0.399	0.140549
-0.398	0.143417
-0.397	0.146374
-0.396	0.149416
-0.395	0.152543
-0.394	0.155751
-0.393	0.159039
-0.392	0.162403
-0.391	0.165842
-0.39	0.169352
-0.389	0.17293
-0.388	0.176573
-0.387	0.180278
-0.386	0.184042
-0.385	0.187861
-0.384	0.191733
-0.383	0.195653
-0.382	0.199618
-0.381	0.203624
-0.38	0.20767
-0.379	0.21175
-0.378	0.215861
-0.377	0.220001
-0.376	0.224165
-0.375	0.228351
-0.374	0.232555
-0.373	0.236775
-0.372	0.241008
-0.371	0.245249
-0.37	0.249498
-0.369	0.253751
-0.368	0.258006
-0.367	0.26226
-0.366	0.266512
-0.365	0.27076
-0.364	0.275078
-0.363	0.279542
-0.362	0.284144
-0.361	0.288874
-0.36	0.293725
-0.359	0.298685
-0.358	0.303747
-0.357	0.308899
-0.356	0.314134
-0.355	0.31944
-0.354	0.324807
-0.353	0.330225
-0.352	0.335684
-0.351	0.341173
-0.35	0.346681
-0.349	0.352199
-0.348	0.357715
-0.347	0.363218
-0.346	0.3687
-0.345	0.374147
-0.344	0.379552
-0.343	0.384901
-0.342	0.390188
-0.341	0.395399
-0.34	0.400526
-0.339	0.40556
-0.338	0.410488
-0.337	0.415305
-0.336	0.419998
-0.335	0.42456
-0.334	0.428983
-0.333	0.433257
-0.332	0.437375
-0.331	0.441329
-0.33	0.44511
-0.329	0.448713
-0.328	0.452131
-0.327	0.455358
-0.326	0.458386
-0.325	0.461211
-0.324	0.463828
-0.323	0.466231
-0.322	0.468417
-0.321	0.470383
-0.32	0.472122
-0.319	0.473634
-0.318	0.474917
-0.317	0.475966
-0.316	0.476782
-0.315	0.477362
-0.314	0.477708
-0.313	0.477817
-0.312	0.477692
-0.311	0.477331
-0.31	0.476736
-0.309	0.475912
-0.308	0.474856
-0.307	0.473574
-0.306	0.472069
-0.305	0.470343
-0.304	0.468401
-0.303	0.466248
-0.302	0.463888
-0.301	0.461326
-0.3	0.45857
-0.299	0.455623
-0.298	0.452493
-0.297	0.449187
-0.296	0.445712
-0.295	0.442075
-0.294	0.438284
-0.293	0.434349
-0.292	0.430275
-0.291	0.426074
-0.29	0.421754
-0.289	0.417323
-0.288	0.412792
-0.287	0.40817
-0.286	0.403467
-0.285	0.398693
-0.284	0.393859
-0.283	0.388973
-0.282	0.384048
-0.281	0.379093
-0.28	0.374119
-0.279	0.369136
-0.278	0.364156
-0.277	0.359187
-0.276	0.354243
-0.275	0.349332
-0.274	0.344464
-0.273	0.339653
-0.272	0.334905
-0.271	0.330232
-0.27	0.325644
-0.269	0.321151
-0.268	0.316762
-0.267	0.312487
-0.266	0.308335
-0.265	0.304313
-0.264	0.300433
-0.263	0.296702
-0.262	0.293127
-0.261	0.289717
-0.26	0.286479
-0.259	0.28342
-0.258	0.280547
-0.257	0.277866
-0.256	0.275383
-0.255	0.273104
-0.254	0.271035
-0.253	0.269178
-0.252	0.26754
-0.251	0.266123
-0.25	0.264932
-0.249	0.263968
-0.248	0.263236
-0.247	0.262737
-0.246	0.26247
-0.245	0.262441
-0.244	0.262647
-0.243	0.263089
-0.242	0.263767
-0.241	0.26468
-0.24	0.265827
-0.239	0.267206
-0.238	0.268816
-0.237	0.270652
-0.236	0.272712
-0.235	0.274993
-0.234	0.27749
-0.233	0.280199
-0.232	0.283116
-0.231	0.286234
-0.23	0.289549
-0.229	0.293054
-0.228	0.296742
-0.227	0.300607
-0.226	0.304641
-0.225	0.308838
-0.224	0.313189
-0.223	0.317685
-0.222	0.322319
-0.221	0.327082
-0.22	0.331964
-0.219	0.336956
-0.218	0.34205
-0.217	0.347235
-0.216	0.352501
-0.215	0.357839
-0.214	0.363238
-0.213	0.368689
-0.212	0.374178
-0.211	0.3797
-0.21	0.385239
-0.209	0.390789
-0.208	0.396336
-0.207	0.401871
-0.206	0.407384
-0.205	0.412862
-0.204	0.418298
-0.203	0.42368
-0.202	0.428996
-0.201	0.434239
-0.2	0.439397
-0.199	0.444461
-0.198	0.449421
-0.197	0.454268
-0.196	0.458992
-0.195	0.463585
-0.194	0.468039
-0.193	0.472343
-0.192	0.476492
-0.191	0.480476
-0.19	0.484288
-0.189	0.487922
-0.188	0.491371
-0.187	0.494627
-0.186	0.497687
-0.185	0.500542
-0.184	0.503189
-0.183	0.505623
-0.182	0.507839
-0.181	0.509835
-0.18	0.511604
-0.179	0.513148
-0.178	0.51446
-0.177	0.51554
-0.176	0.516387
-0.175	0.516998
-0.174	0.517373
-0.173	0.517514
-0.172	0.517418
-0.171	0.517088
-0.17	0.516525
-0.169	0.515729
-0.168	0.514705
-0.167	0.513455
-0.166	0.51198
-0.165	0.510285
-0.164	0.508374
-0.163	0.506253
-0.162	0.503924
-0.161	0.501393
-0.16	0.498668
-0.159	0.495752
-0.158	0.492654
-0.157	0.48938
-0.156	0.485935
-0.155	0.482331
-0.154	0.478572
-0.153	0.474668
-0.152	0.470627
-0.151	0.466458
-0.15	0.46217
-0.149	0.457772
-0.148	0.453274
-0.147	0.448684
-0.146	0.444014
-0.145	0.439274
-0.144	0.434472
-0.143	0.42962
-0.142	0.424728
-0.141	0.419806
-0.14	0.414866
-0.139	0.409917
-0.138	0.404971
-0.137	0.400037
-0.136	0.395126
-0.135	0.39025
-0.134	0.385417
-0.133	0.380639
-0.132	0.375927
-0.131	0.371289
-0.13	0.366736
-0.129	0.362277
-0.128	0.357924
-0.127	0.353684
-0.126	0.349567
-0.125	0.345581
-0.124	0.341737
-0.123	0.338041
-0.122	0.334502
-0.121	0.331129
-0.12	0.327927
-0.119	0.324903
-0.118	0.322067
-0.117	0.319422
-0.116	0.316976
-0.115	0.314733
-0.114	0.312701
-0.113	0.31088
-0.112	0.309279
-0.111	0.3079
-0.11	0.306745
-0.109	0.305818
-0.108	0.305122
-0.107	0.30466
-0.106	0.304431
-0.105	0.304438
-0.104	0.304681
-0.103	0.30516
-0.102	0.305875
-0.101	0.306825
-0.1	0.30801
