-4	0
-3.999	0
-3.998	0
-3.997	0
-3.996	0
-3.995	0
-3.994	0
-3.993	0
-3.992	0
-3.991	0
-3.99	0
-3.989	0
-3.988	0
-3.987	0
-3.986	0
-3.985	0
-3.984	0
-3.983	0
-3.982	0
-3.981	0
-3.98	0
-3.979	0
-3.978	0
-3.977	0
-3.976	0
-3.975	0
-3.974	0
-3.973	0
-3.972	0
-3.971	0
-3.97	0
-3.969	0
-3.968	0
-3.967	0
-3.966	0
-3.965	0
-3.964	0
-3.963	0
-3.962	0
-3.961	0
-3.96	0
-3.959	0
-3.958	0
-3.957	0
-3.956	0
-3.955	0
-3.954	0
-3.953	0
-3.952	0
-3.951	0
-3.95	0
-3.949	0
-3.948	0
-3.947	0
-3.946	0
-3.945	0
-3.944	0
-3.943	0
-3.942	0
-3.941	0
-3.94	0
-3.939	0
-3.938	0
-3.937	0
-3.936	0
-3.935	0
-3.934	0
-3.933	0
-3.932	0
-3.931	0
-3.93	0
-3.929	0
-3.928	0
-3.927	0
-3.926	0
-3.925	0
-3.924	0
-3.923	0
-3.922	0
-3.921	0
-3.92	0
-3.919	0
-3.918	0
-3.917	0
-3.916	0
-3.915	0
-3.914	0
-3.913	0
-3.912	0
-3.911	0
-3.91	0
-3.909	0
-3.908	0
-3.907	0
-3.906	0
-3.905	0
-3.904	0
-3.903	0
-3.902	0
-3.901	0
-3.9	0
-3.899	0
-3.898	0
-3.897	0
-3.896	0
-3.895	0
-3.894	0
-3.893	0
-3.892	0
-3.891	0
-3.89	0
-3.889	0
-3.888	0
-3.887	0
-3.886	0
-3.885	0
-3.884	0
-3.883	0
-3.882	0
-3.881	0
-3.88	0
-3.879	0
-3.878	0
-3.877	0
-3.876	0
-3.875	0
-3.874	0
-3.873	0
-3.872	0
-3.871	0
-3.87	0
-3.869	0
-3.868	0
-3.867	0
-3.866	0
-3.865	0
-3.864	0
-3.863	0
-3.862	0
-3.861	0
-3.86	0
-3.859	0
-3.858	0
-3.857	0
-3.856	0
-3.855	0
-3.854	0
-3.853	0
-3.852	0
-3.851	0
-3.85	0
-3.849	0
-3.848	0
-3.847	0
-3.846	0
-3.845	0
-3.844	0
-3.843	0
-3.842	0
-3.841	0
-3.84	0
-3.839	0
-3.838	0
-3.837	0
-3.836	0
-3.835	0
-3.834	0
-3.833	0
-3.832	0
-3.831	0
-3.83	0
-3.829	0
-3.828	0
-3.827	0
-3.826	0
-3.825	0
-3.824	0
-3.823	0
-3.822	0
-3.821	0
-3.82	0
-3.819	0
-3.818	0
-3.817	0
-3.816	0
-3.815	0
-3.814	0
-3.813	0
-3.812	0
-3.811	0
-3.81	0
-3.809	0
-3.808	0
-3.807	0
-3.806	0
-3.805	0
-3.804	0
-3.803	0
-3.802	0
-3.801	0
-3.8	0
-3.799	0
-3.798	0
-3.797	0
-3.796	0
-3.795	0
-3.794	0
-3.793	0
-3.792	0
-3.791	0
-3.79	0
-3.789	0
-3.788	0
-3.787	0
-3.786	0
-3.785	0
-3.784	0
-3.783	0
-3.782	0
-3.781	0
-3.78	0
-3.779	0
-3.778	0
-3.777	0
-3.776	0
-3.775	0
-3.774	0
-3.773	0
-3.772	0
-3.771	0
-3.77	0
-3.769	0
-3.768	0
-3.767	0
-3.766	0
-3.765	0
-3.764	0
-3.763	0
-3.762	0
-3.761	0
-3.76	0
-3.759	0
-3.758	0
-3.757	0
-3.756	0
-3.755	0
-3.754	0
-3.753	0
-3.752	0
-3.751	0
-3.75	0
-3.749	0
-3.748	0
-3.747	0
-3.746	0
-3.745	0
-3.744	0
-3.743	0
-3.742	0
-3.741	0
-3.74	0
-3.739	0
-3.738	0
-3.737	0
-3.736	0
-3.735	0
-3.734	0
-3.733	0
-3.732	0
-3.731	0
-3.73	0
-3.729	0
-3.728	0
-3.727	0
-3.726	0
-3.725	0
-3.724	0
-3.723	0
-3.722	0
-3.721	0
-3.72	0
-3.719	0
-3.718	0
-3.717	0
-3.716	0
-3.715	0
-3.714	0
-3.713	0
-3.712	0
-3.711	0
-3.71	0
-3.709	0
-3.708	0
-3.707	0
-3.706	0
-3.705	0
-3.704	0
-3.703	0
-3.702	0
-3.701	0
-3.7	0
-3.699	0
-3.698	0
-3.697	0
-3.696	0
-3.695	0
-3.694	0
-3.693	0
-3.692	0
-3.691	0
-3.69	0
-3.689	0
-3.688	0
-3.687	0
-3.686	0
-3.685	0
-3.684	0
-3.683	0
-3.682	0
-3.681	0
-3.68	0
-3.679	0
-3.678	0
-3.677	0
-3.676	0
-3.675	0
-3.674	0
-3.673	0
-3.672	0
-3.671	0
-3.67	0
-3.669	0
-3.668	0
-3.667	0
-3.666	0
-3.665	0
-3.664	0
-3.663	0
-3.662	0
-3.661	0
-3.66	0
-3.659	0
-3.658	0
-3.657	0
-3.656	0
-3.655	0
-3.654	0
-3.653	0
-3.652	0
-3.651	0
-3.65	0
-3.649	0
-3.648	0
-3.647	0
-3.646	0
-3.645	0
-3.644	0
-3.643	0
-3.642	0
-3.641	0
-3.64	0
-3.639	0
-3.638	0
-3.637	0
-3.636	0
-3.635	0
-3.634	0
-3.633	0
-3.632	0
-3.631	0
-3.63	0
-3.629	0
-3.628	0
-3.627	0
-3.626	0
-3.625	0
-3.624	0
-3.623	0
-3.622	0
-3.621	0
-3.62	0
-3.619	0
-3.618	0
-3.617	0
-3.616	0
-3.615	0
-3.614	0
-3.613	0
-3.612	0
-3.611	0
-3.61	0
-3.609	0
-3.608	0
-3.607	0
-3.606	0
-3.605	0
-3.604	0
-3.603	0
-3.602	0
-3.601	0
-3.6	0
-3.599	0
-3.598	0
-3.597	0
-3.596	0
-3.595	0
-3.594	0
-3.593	0
-3.592	0
-3.591	0
-3.59	0
-3.589	0
-3.588	0
-3.587	0
-3.586	0
-3.585	0
-3.584	0
-3.583	0
-3.582	0
-3.581	0
-3.58	0
-3.579	0
-3.578	0
-3.577	0
-3.576	0
-3.575	0
-3.574	0
-3.573	0
-3.572	0
-3.571	0
-3.57	0
-3.569	0
-3.568	0
-3.567	0
-3.566	0
-3.565	0
-3.564	0
-3.563	0
-3.562	0
-3.561	0
-3.56	0
-3.559	0
-3.558	0
-3.557	0
-3.556	0
-3.555	0
-3.554	0
-3.553	0
-3.552	0
-3.551	0
-3.55	0
-3.549	0
-3.548	0
-3.547	0
-3.546	0
-3.545	0
-3.544	0
-3.543	0
-3.542	0
-3.541	0
-3.54	0
-3.539	0
-3.538	0
-3.537	0
-3.536	0
-3.535	0
-3.534	0
-3.533	0
-3.532	0
-3.531	0
-3.53	0
-3.529	0
-3.528	0
-3.527	0
-3.526	0
-3.525	0
-3.524	0
-3.523	0
-3.522	0
-3.521	0
-3.52	0
-3.519	0
-3.518	0
-3.517	0
-3.516	0
-3.515	0
-3.514	0
-3.513	0
-3.512	0
-3.511	0
-3.51	0
-3.509	0
-3.508	0
-3.507	0
-3.506	0
-3.505	0
-3.504	0
-3.503	0
-3.502	0
-3.501	0
-3.5	0
-3.499	0
-3.498	0
-3.497	0
-3.496	0
-3.495	0
-3.494	0
-3.493	0
-3.492	0
-3.491	0
-3.49	0
-3.489	0
-3.488	0
-3.487	0
-3.486	0
-3.485	0
-3.484	0
-3.483	0
-3.482	0
-3.481	0
-3.48	0
-3.479	0
-3.478	0
-3.477	0
-3.476	0
-3.475	0
-3.474	0
-3.473	0
-3.472	0
-3.471	0
-3.47	0
-3.469	0
-3.468	0
-3.467	0
-3.466	0
-3.465	0
-3.464	0
-3.463	0
-3.462	0
-3.461	0
-3.46	0
-3.459	0
-3.458	0
-3.457	0
-3.456	0
-3.455	0
-3.454	0
-3.453	0
-3.452	0
-3.451	0
-3.45	0
-3.449	0
-3.448	0
-3.447	0
-3.446	0
-3.445	0
-3.444	0
-3.443	0
-3.442	0
-3.441	0
-3.44	0
-3.439	0
-3.438	0
-3.437	0
-3.436	0
-3.435	0
-3.434	0
-3.433	0
-3.432	0
-3.431	0
-3.43	0
-3.429	0
-3.428	0
-3.427	0
-3.426	0
-3.425	0
-3.424	0
-3.423	0
-3.422	0
-3.421	0
-3.42	0
-3.419	0
-3.418	0
-3.417	0
-3.416	0
-3.415	0
-3.414	0
-3.413	0
-3.412	0
-3.411	0
-3.41	0
-3.409	0
-3.408	0
-3.407	0
-3.406	0
-3.405	0
-3.404	0
-3.403	0
-3.402	0
-3.401	0
-3.4	0
-3.399	0
-3.398	0
-3.397	0
-3.396	0
-3.395	0
-3.394	0
-3.393	0
-3.392	0
-3.391	0
-3.39	0
-3.389	0
-3.388	0
-3.387	0
-3.386	0
-3.385	0
-3.384	0
-3.383	0
-3.382	0
-3.381	0
-3.38	0
-3.379	0
-3.378	0
-3.377	0
-3.376	0
-3.375	0
-3.374	0
-3.373	0
-3.372	0
-3.371	0
-3.37	0
-3.369	0
-3.368	0
-3.367	0
-3.366	0
-3.365	0
-3.364	0
-3.363	0
-3.362	0
-3.361	0
-3.36	0
-3.359	0
-3.358	0
-3.357	0
-3.356	0
-3.355	0
-3.354	0
-3.353	0
-3.352	0
-3.351	0
-3.35	0
-3.349	0
-3.348	0
-3.347	0
-3.346	0
-3.345	0
-3.344	0
-3.343	0
-3.342	0
-3.341	0
-3.34	0
-3.339	0
-3.338	0
-3.337	0
-3.336	0
-3.335	0
-3.334	0
-3.333	0
-3.332	0
-3.331	0
-3.33	0
-3.329	0
-3.328	0
-3.327	0
-3.326	0
-3.325	0
-3.324	0
-3.323	0
-3.322	0
-3.321	0
-3.32	0
-3.319	0
-3.318	0
-3.317	0
-3.316	0
-3.315	0
-3.314	0
-3.313	0
-3.312	0
-3.311	0
-3.31	0
-3.309	0
-3.308	0
-3.307	0
-3.306	0
-3.305	0
-3.304	0
-3.303	0
-3.302	0
-3.301	0
-3.3	0
-3.299	0
-3.298	0
-3.297	0
-3.296	0
-3.295	0
-3.294	0
-3.293	0
-3.292	0
-3.291	0
-3.29	0
-3.289	0
-3.288	0
-3.287	0
-3.286	0
-3.285	0
-3.284	0
-3.283	0
-3.282	0
-3.281	0
-3.28	0
-3.279	0
-3.278	0
-3.277	0
-3.276	0
-3.275	0
-3.274	0
-3.273	0
-3.272	0
-3.271	0
-3.27	0
-3.269	0
-3.268	0
-3.267	0
-3.266	0
-3.265	0
-3.264	0
-3.263	0
-3.262	0
-3.261	0
-3.26	0
-3.259	0
-3.258	0
-3.257	0
-3.256	0
-3.255	0
-3.254	0
-3.253	0
-3.252	0
-3.251	0
-3.25	0
-3.249	0
-3.248	0
-3.247	0
-3.246	0
-3.245	0
-3.244	0
-3.243	0
-3.242	0
-3.241	0
-3.24	0
-3.239	0
-3.238	0
-3.237	0
-3.236	0
-3.235	0
-3.234	0
-3.233	0
-3.232	0
-3.231	0
-3.23	0
-3.229	0
-3.228	0
-3.227	0
-3.226	0
-3.225	0
-3.224	0
-3.223	0
-3.222	0
-3.221	0
-3.22	0
-3.219	0
-3.218	0
-3.217	0
-3.216	0
-3.215	0
-3.214	0
-3.213	0
-3.212	0
-3.211	0
-3.21	0
-3.209	0
-3.208	0
-3.207	0
-3.206	0
-3.205	0
-3.204	0
-3.203	0
-3.202	0
-3.201	0
-3.2	0
-3.199	0
-3.198	0
-3.197	0
-3.196	0
-3.195	0
-3.194	0
-3.193	0
-3.192	0
-3.191	0
-3.19	0
-3.189	0
-3.188	0
-3.187	0
-3.186	0
-3.185	0
-3.184	0
-3.183	0
-3.182	0
-3.181	0
-3.18	0
-3.179	0
-3.178	0
-3.177	0
-3.176	0
-3.175	0
-3.174	0
-3.173	0
-3.172	0
-3.171	0
-3.17	0
-3.169	0
-3.168	0
-3.167	0
-3.166	0
-3.165	0
-3.164	0
-3.163	0
-3.162	0
-3.161	0
-3.16	0
-3.159	0
-3.158	0
-3.157	0
-3.156	0
-3.155	0
-3.154	0
-3.153	0
-3.152	0
-3.151	0
-3.15	0
-3.149	0
-3.148	0
-3.147	0
-3.146	0
-3.145	0
-3.144	0
-3.143	0
-3.142	0
-3.141	0
-3.14	0
-3.139	0
-3.138	0
-3.137	0
-3.136	0
-3.135	0
-3.134	0
-3.133	0
-3.132	0
-3.131	0
-3.13	0
-3.129	0
-3.128	0
-3.127	0
-3.126	0
-3.125	0
-3.124	0
-3.123	0
-3.122	0
-3.121	0
-3.12	0
-3.119	0
-3.118	0
-3.117	0
-3.116	0
-3.115	0
-3.114	0
-3.113	0
-3.112	0
-3.111	0
-3.11	0
-3.109	0
-3.108	0
-3.107	0
-3.106	0
-3.105	0
-3.104	0
-3.103	0
-3.102	0
-3.101	0
-3.1	0
-3.099	0
-3.098	0
-3.097	0
-3.096	0
-3.095	0
-3.094	0
-3.093	0
-3.092	0
-3.091	0
-3.09	0
-3.089	0
-3.088	0
-3.087	0
-3.086	0
-3.085	0
-3.084	0
-3.083	0
-3.082	0
-3.081	0
-3.08	0
-3.079	0
-3.078	0
-3.077	0
-3.076	0
-3.075	0
-3.074	0
-3.073	0
-3.072	0
-3.071	0
-3.07	0
-3.069	0
-3.068	0
-3.067	0
-3.066	0
-3.065	0
-3.064	0
-3.063	0
-3.062	0
-3.061	0
-3.06	0
-3.059	0
-3.058	0
-3.057	0
-3.056	0
-3.055	0
-3.054	0
-3.053	0
-3.052	0
-3.051	0
-3.05	0
-3.049	0
-3.048	0
-3.047	0
-3.046	0
-3.045	0
-3.044	0
-3.043	0
-3.042	0
-3.041	0
-3.04	0
-3.039	0
-3.038	0
-3.037	0
-3.036	0
-3.035	0
-3.034	0
-3.033	0
-3.032	0
-3.031	0
-3.03	0
-3.029	0
-3.028	0
-3.027	0
-3.026	0
-3.025	0
-3.024	0
-3.023	0
-3.022	0
-3.021	0
-3.02	0
-3.019	0
-3.018	0
-3.017	0
-3.016	0
-3.015	0
-3.014	0
-3.013	0
-3.012	0
-3.011	0
-3.01	0
-3.009	0
-3.008	0
-3.007	0
-3.006	0
-3.005	0
-3.004	0
-3.003	0
-3.002	0
-3.001	0
-3	0
-2.999	0
-2.998	0
-2.997	0
-2.996	0
-2.995	0
-2.994	0
-2.993	0
-2.992	0
-2.991	0
-2.99	0
-2.989	0
-2.988	0
-2.987	0
-2.986	0
-2.985	0
-2.984	0
-2.983	0
-2.982	0
-2.981	0
-2.98	0
-2.979	0
-2.978	0
-2.977	0
-2.976	0
-2.975	0
-2.974	0
-2.973	0
-2.972	0
-2.971	0
-2.97	0
-2.969	0
-2.968	0
-2.967	0
-2.966	0
-2.965	0
-2.964	0
-2.963	0
-2.962	0
-2.961	0
-2.96	0
-2.959	0
-2.958	0
-2.957	0
-2.956	0
-2.955	0
-2.954	0
-2.953	0
-2.952	0
-2.951	0
-2.95	0
-2.949	0
-2.948	0
-2.947	0
-2.946	0
-2.945	0
-2.944	0
-2.943	0
-2.942	0
-2.941	0
-2.94	0
-2.939	0
-2.938	0
-2.937	0
-2.936	0
-2.935	0
-2.934	0
-2.933	0
-2.932	0
-2.931	0
-2.93	0
-2.929	0
-2.928	0
-2.927	0
-2.926	0
-2.925	0
-2.924	0
-2.923	0
-2.922	0
-2.921	0
-2.92	0
-2.919	0
-2.918	0
-2.917	0
-2.916	0
-2.915	0
-2.914	0
-2.913	0
-2.912	0
-2.911	0
-2.91	0
-2.909	0
-2.908	0
-2.907	0
-2.906	0
-2.905	0
-2.904	0
-2.903	0
-2.902	0
-2.901	0
-2.9	0
-2.899	0
-2.898	0
-2.897	0
-2.896	0
-2.895	0
-2.894	0
-2.893	0
-2.892	0
-2.891	0
-2.89	0
-2.889	0
-2.888	0
-2.887	0
-2.886	0
-2.885	0
-2.884	0
-2.883	0
-2.882	0
-2.881	0
-2.88	0
-2.879	0
-2.878	0
-2.877	0
-2.876	0
-2.875	0
-2.874	0
-2.873	0
-2.872	0
-2.871	0
-2.87	0
-2.869	0
-2.868	0
-2.867	0
-2.866	0
-2.865	0
-2.864	0
-2.863	0
-2.862	0
-2.861	0
-2.86	0
-2.859	0
-2.858	0
-2.857	0
-2.856	0
-2.855	0
-2.854	0
-2.853	0
-2.852	0
-2.851	0
-2.85	0
-2.849	0
-2.848	0
-2.847	0
-2.846	0
-2.845	0
-2.844	0
-2.843	0
-2.842	0
-2.841	0
-2.84	0
-2.839	0
-2.838	0
-2.837	0
-2.836	0
-2.835	0
-2.834	0
-2.833	0
-2.832	0
-2.831	0
-2.83	0
-2.829	0
-2.828	0
-2.827	0
-2.826	0
-2.825	0
-2.824	0
-2.823	0
-2.822	0
-2.821	0
-2.82	0
-2.819	0
-2.818	0
-2.817	0
-2.816	0
-2.815	0
-2.814	0
-2.813	0
-2.812	0
-2.811	0
-2.81	0
-2.809	0
-2.808	0
-2.807	0
-2.806	0
-2.805	0
-2.804	0
-2.803	0
-2.802	0
-2.801	0
-2.8	0
-2.799	0
-2.798	0
-2.797	0
-2.796	0
-2.795	0
-2.794	0
-2.793	0
-2.792	0
-2.791	0
-2.79	0
-2.789	0
-2.788	0
-2.787	0
-2.786	0
-2.785	0
-2.784	0
-2.783	0
-2.782	0
-2.781	0
-2.78	0
-2.779	0
-2.778	0
-2.777	0
-2.776	0
-2.775	0
-2.774	0
-2.773	0
-2.772	0
-2.771	0
-2.77	0
-2.769	0
-2.768	0
-2.767	0
-2.766	0
-2.765	0
-2.764	0
-2.763	0
-2.762	0
-2.761	0
-2.76	0
-2.759	0
-2.758	0
-2.757	0
-2.756	0
-2.755	0
-2.754	0
-2.753	0
-2.752	0
-2.751	0
-2.75	0
-2.749	0
-2.748	0
-2.747	0
-2.746	0
-2.745	0
-2.744	0
-2.743	0
-2.742	0
-2.741	0
-2.74	0
-2.739	0
-2.738	0
-2.737	0
-2.736	0
-2.735	0
-2.734	0
-2.733	0
-2.732	0
-2.731	0
-2.73	0
-2.729	0
-2.728	0
-2.727	0
-2.726	0
-2.725	0
-2.724	0
-2.723	0
-2.722	0
-2.721	0
-2.72	0
-2.719	0
-2.718	0
-2.717	0
-2.716	0
-2.715	0
-2.714	0
-2.713	0
-2.712	0
-2.711	0
-2.71	0
-2.709	0
-2.708	0
-2.707	0
-2.706	0
-2.705	0
-2.704	0
-2.703	0
-2.702	0
-2.701	0
-2.7	0
-2.699	0
-2.698	0
-2.697	0
-2.696	0
-2.695	0
-2.694	0
-2.693	0
-2.692	0
-2.691	0
-2.69	0
-2.689	0
-2.688	0
-2.687	0
-2.686	0
-2.685	0
-2.684	0
-2.683	0
-2.682	0
-2.681	0
-2.68	0
-2.679	0
-2.678	0
-2.677	0
-2.676	0
-2.675	0
-2.674	0
-2.673	0
-2.672	0
-2.671	0
-2.67	0
-2.669	0
-2.668	0
-2.667	0
-2.666	0
-2.665	0
-2.664	0
-2.663	0
-2.662	0
-2.661	0
-2.66	0
-2.659	0
-2.658	0
-2.657	0
-2.656	0
-2.655	0
-2.654	0
-2.653	0
-2.652	0
-2.651	0
-2.65	0
-2.649	0
-2.648	0
-2.647	0
-2.646	0
-2.645	0
-2.644	0
-2.643	0
-2.642	0
-2.641	0
-2.64	0
-2.639	0
-2.638	0
-2.637	0
-2.636	0
-2.635	0
-2.634	0
-2.633	0
-2.632	0
-2.631	0
-2.63	0
-2.629	0
-2.628	0
-2.627	0
-2.626	0
-2.625	0
-2.624	0
-2.623	0
-2.622	0
-2.621	0
-2.62	0
-2.619	0
-2.618	0
-2.617	0
-2.616	0
-2.615	0
-2.614	0
-2.613	0
-2.612	0
-2.611	0
-2.61	0
-2.609	0
-2.608	0
-2.607	0
-2.606	0
-2.605	0
-2.604	0
-2.603	0
-2.602	0
-2.601	0
-2.6	0
-2.599	0
-2.598	0
-2.597	0
-2.596	0
-2.595	0
-2.594	0
-2.593	0
-2.592	0
-2.591	0
-2.59	0
-2.589	0
-2.588	0
-2.587	0
-2.586	0
-2.585	0
-2.584	0
-2.583	0
-2.582	0
-2.581	0
-2.58	0
-2.579	0
-2.578	0
-2.577	0
-2.576	0
-2.575	0
-2.574	0
-2.573	0
-2.572	0
-2.571	0
-2.57	0
-2.569	0
-2.568	0
-2.567	0
-2.566	0
-2.565	0
-2.564	0
-2.563	0
-2.562	0
-2.561	0
-2.56	0
-2.559	0
-2.558	0
-2.557	0
-2.556	0
-2.555	0
-2.554	0
-2.553	0
-2.552	0
-2.551	0
-2.55	0
-2.549	0
-2.548	0
-2.547	0
-2.546	0
-2.545	0
-2.544	0
-2.543	0
-2.542	0
-2.541	0
-2.54	0
-2.539	0
-2.538	0
-2.537	0
-2.536	0
-2.535	0
-2.534	0
-2.533	0
-2.532	0
-2.531	0
-2.53	0
-2.529	0
-2.528	0
-2.527	0
-2.526	0
-2.525	0
-2.524	0
-2.523	0
-2.522	0
-2.521	0
-2.52	0
-2.519	0
-2.518	0
-2.517	0
-2.516	0
-2.515	0
-2.514	0
-2.513	0
-2.512	0
-2.511	0
-2.51	0
-2.509	0
-2.508	0
-2.507	0
-2.506	0
-2.505	0
-2.504	0
-2.503	0
-2.502	0
-2.501	0
-2.5	0
-2.499	0
-2.498	0
-2.497	0
-2.496	0
-2.495	0
-2.494	0
-2.493	0
-2.492	0
-2.491	0
-2.49	0
-2.489	0
-2.488	0
-2.487	0
-2.486	0
-2.485	0
-2.484	0
-2.483	0
-2.482	0
-2.481	0
-2.48	0
-2.479	0
-2.478	0
-2.477	0
-2.476	0
-2.475	0
-2.474	0
-2.473	0
-2.472	0
-2.471	0
-2.47	0
-2.469	0
-2.468	0
-2.467	0
-2.466	0
-2.465	0
-2.464	0
-2.463	0
-2.462	0
-2.461	0
-2.46	0
-2.459	0
-2.458	0
-2.457	0
-2.456	0
-2.455	0
-2.454	0
-2.453	0
-2.452	0
-2.451	0
-2.45	0
-2.449	0
-2.448	0
-2.447	0
-2.446	0
-2.445	0
-2.444	0
-2.443	0
-2.442	0
-2.441	0
-2.44	0
-2.439	0
-2.438	0
-2.437	0
-2.436	0
-2.435	0
-2.434	0
-2.433	0
-2.432	0
-2.431	0
-2.43	0
-2.429	0
-2.428	0
-2.427	0
-2.426	0
-2.425	0
-2.424	0
-2.423	0
-2.422	0
-2.421	0
-2.42	0
-2.419	0
-2.418	0
-2.417	0
-2.416	0
-2.415	0
-2.414	0
-2.413	0
-2.412	0
-2.411	0
-2.41	0
-2.409	0
-2.408	0
-2.407	0
-2.406	0
-2.405	0
-2.404	0
-2.403	0
-2.402	0
-2.401	0
-2.4	0
-2.399	0
-2.398	0
-2.397	0
-2.396	0
-2.395	0
-2.394	0
-2.393	0
-2.392	0
-2.391	0
-2.39	0
-2.389	0
-2.388	0
-2.387	0
-2.386	0
-2.385	0
-2.384	0
-2.383	0
-2.382	0
-2.381	0
-2.38	0
-2.379	0
-2.378	0
-2.377	0
-2.376	0
-2.375	0
-2.374	0
-2.373	0
-2.372	0
-2.371	0
-2.37	0
-2.369	0
-2.368	0
-2.367	0
-2.366	0
-2.365	0
-2.364	0
-2.363	0
-2.362	0
-2.361	0
-2.36	0
-2.359	0
-2.358	0
-2.357	0
-2.356	0
-2.355	0
-2.354	0
-2.353	0
-2.352	0
-2.351	0
-2.35	0
-2.349	0
-2.348	0
-2.347	0
-2.346	0
-2.345	0
-2.344	0
-2.343	0
-2.342	0
-2.341	0
-2.34	0
-2.339	0
-2.338	0
-2.337	0
-2.336	0
-2.335	0
-2.334	0
-2.333	0
-2.332	0
-2.331	0
-2.33	0
-2.329	0
-2.328	0
-2.327	0
-2.326	0
-2.325	0
-2.324	0
-2.323	0
-2.322	0
-2.321	0
-2.32	0
-2.319	0
-2.318	0
-2.317	0
-2.316	0
-2.315	0
-2.314	0
-2.313	0
-2.312	0
-2.311	0
-2.31	0
-2.309	0
-2.308	0
-2.307	0
-2.306	0
-2.305	0
-2.304	0
-2.303	0
-2.302	0
-2.301	0
-2.3	0
-2.299	0
-2.298	0
-2.297	0
-2.296	0
-2.295	0
-2.294	0
-2.293	0
-2.292	0
-2.291	0
-2.29	0
-2.289	0
-2.288	0
-2.287	0
-2.286	0
-2.285	0
-2.284	0
-2.283	0
-2.282	0
-2.281	0
-2.28	0
-2.279	0
-2.278	0
-2.277	0
-2.276	0
-2.275	0
-2.274	0
-2.273	0
-2.272	0
-2.271	0
-2.27	0
-2.269	0
-2.268	0
-2.267	0
-2.266	0
-2.265	0
-2.264	0
-2.263	0
-2.262	0
-2.261	0
-2.26	0
-2.259	0
-2.258	0
-2.257	0
-2.256	0
-2.255	0
-2.254	0
-2.253	0
-2.252	0
-2.251	0
-2.25	0
-2.249	0
-2.248	0
-2.247	0
-2.246	0
-2.245	0
-2.244	0
-2.243	0
-2.242	0
-2.241	0
-2.24	0
-2.239	0
-2.238	0
-2.237	0
-2.236	0
-2.235	0
-2.234	0
-2.233	0
-2.232	0
-2.231	0
-2.23	0
-2.229	0
-2.228	0
-2.227	0
-2.226	0
-2.225	0
-2.224	0
-2.223	0
-2.222	0
-2.221	0
-2.22	0
-2.219	0
-2.218	0
-2.217	0
-2.216	0
-2.215	0
-2.214	0
-2.213	0
-2.212	0
-2.211	0
-2.21	0
-2.209	0
-2.208	0
-2.207	0
-2.206	0
-2.205	0
-2.204	0
-2.203	0
-2.202	0
-2.201	0
-2.2	0
-2.199	0
-2.198	0
-2.197	0
-2.196	0
-2.195	0
-2.194	0
-2.193	0
-2.192	0
-2.191	0
-2.19	0
-2.189	0
-2.188	0
-2.187	0
-2.186	0
-2.185	0
-2.184	0
-2.183	0
-2.182	0
-2.181	0
-2.18	0
-2.179	0
-2.178	0
-2.177	0
-2.176	0
-2.175	0
-2.174	0
-2.173	0
-2.172	0
-2.171	0
-2.17	0
-2.169	0
-2.168	0
-2.167	0
-2.166	0
-2.165	0
-2.164	0
-2.163	0
-2.162	0
-2.161	0
-2.16	0
-2.159	0
-2.158	0
-2.157	0
-2.156	0
-2.155	0
-2.154	0
-2.153	0
-2.152	0
-2.151	0
-2.15	0
-2.149	0
-2.148	0
-2.147	0
-2.146	0
-2.145	0
-2.144	0
-2.143	0
-2.142	0
-2.141	0
-2.14	0
-2.139	0
-2.138	0
-2.137	0
-2.136	0
-2.135	0
-2.134	0
-2.133	0
-2.132	0
-2.131	0
-2.13	0
-2.129	0
-2.128	0
-2.127	0
-2.126	0
-2.125	0
-2.124	0
-2.123	0
-2.122	0
-2.121	0
-2.12	0
-2.119	0
-2.118	0
-2.117	0
-2.116	0
-2.115	0
-2.114	0
-2.113	0
-2.112	0
-2.111	0
-2.11	0
-2.109	0
-2.108	0
-2.107	0
-2.106	0
-2.105	0
-2.104	0
-2.103	0
-2.102	0
-2.101	0
-2.1	0
-2.099	0
-2.098	0
-2.097	0
-2.096	0
-2.095	0
-2.094	0
-2.093	0
-2.092	0
-2.091	0
-2.09	0
-2.089	0
-2.088	0
-2.087	0
-2.086	0
-2.085	0
-2.084	0
-2.083	0
-2.082	0
-2.081	0
-2.08	0
-2.079	0
-2.078	0
-2.077	0
-2.076	0
-2.075	0
-2.074	0
-2.073	0
-2.072	0
-2.071	0
-2.07	0
-2.069	0
-2.068	0
-2.067	0
-2.066	0
-2.065	0
-2.064	0
-2.063	0
-2.062	0
-2.061	0
-2.06	0
-2.059	0
-2.058	0
-2.057	0
-2.056	0
-2.055	0
-2.054	0
-2.053	0
-2.052	0
-2.051	0
-2.05	0
-2.049	0
-2.048	0
-2.047	0
-2.046	0
-2.045	0
-2.044	0
-2.043	0
-2.042	0
-2.041	0
-2.04	0
-2.039	0
-2.038	0
-2.037	0
-2.036	0
-2.035	0
-2.034	0
-2.033	0
-2.032	0
-2.031	0
-2.03	0
-2.029	0
-2.028	0
-2.027	0
-2.026	0
-2.025	0
-2.024	0
-2.023	0
-2.022	0
-2.021	0
-2.02	0
-2.019	0
-2.018	0
-2.017	0
-2.016	0
-2.015	0
-2.014	0
-2.013	0
-2.012	0
-2.011	0
-2.01	0
-2.009	0
-2.008	0
-2.007	0
-2.006	0
-2.005	0
-2.004	0
-2.003	0
-2.002	0
-2.001	0
-2	0
-1.999	0
-1.998	0
-1.997	0
-1.996	0
-1.995	0
-1.994	0
-1.993	0
-1.992	0
-1.991	0
-1.99	0
-1.989	0
-1.988	0
-1.987	0
-1.986	0
-1.985	0
-1.984	0
-1.983	0
-1.982	0
-1.981	0
-1.98	0
-1.979	0
-1.978	0
-1.977	0
-1.976	0
-1.975	0
-1.974	0
-1.973	0
-1.972	0
-1.971	0
-1.97	0
-1.969	0
-1.968	0
-1.967	0
-1.966	0
-1.965	0
-1.964	0
-1.963	0
-1.962	0
-1.961	0
-1.96	0
-1.959	0
-1.958	0
-1.957	0
-1.956	0
-1.955	0
-1.954	0
-1.953	0
-1.952	0
-1.951	0
-1.95	0
-1.949	0
-1.948	0
-1.947	0
-1.946	0
-1.945	0
-1.944	0
-1.943	0
-1.942	0
-1.941	0
-1.94	0
-1.939	0
-1.938	0
-1.937	0
-1.936	0
-1.935	0
-1.934	0
-1.933	0
-1.932	0
-1.931	0
-1.93	0
-1.929	0
-1.928	0
-1.927	0
-1.926	0
-1.925	0
-1.924	0
-1.923	0
-1.922	0
-1.921	0
-1.92	0
-1.919	0
-1.918	0
-1.917	0
-1.916	0
-1.915	0
-1.914	0
-1.913	0
-1.912	0
-1.911	0
-1.91	0
-1.909	0
-1.908	0
-1.907	0
-1.906	0
-1.905	0
-1.904	0
-1.903	0
-1.902	0
-1.901	0
-1.9	0
-1.899	0
-1.898	0
-1.897	0
-1.896	0
-1.895	0
-1.894	0
-1.893	0
-1.892	0
-1.891	0
-1.89	0
-1.889	0
-1.888	0
-1.887	0
-1.886	0
-1.885	0
-1.884	0
-1.883	0
-1.882	0
-1.881	0
-1.88	0
-1.879	0
-1.878	0
-1.877	0
-1.876	0
-1.875	0
-1.874	0
-1.873	0
-1.872	0
-1.871	0
-1.87	0
-1.869	0
-1.868	0
-1.867	0
-1.866	0
-1.865	0
-1.864	0
-1.863	0
-1.862	0
-1.861	0
-1.86	0
-1.859	0
-1.858	0
-1.857	0
-1.856	0
-1.855	0
-1.854	0
-1.853	0
-1.852	0
-1.851	0
-1.85	0
-1.849	0
-1.848	0
-1.847	0
-1.846	0
-1.845	0
-1.844	0
-1.843	0
-1.842	0
-1.841	0
-1.84	0
-1.839	0
-1.838	0
-1.837	0
-1.836	0
-1.835	0
-1.834	0
-1.833	0
-1.832	0
-1.831	0
-1.83	0
-1.829	0
-1.828	0
-1.827	0
-1.826	0
-1.825	0
-1.824	0
-1.823	0
-1.822	0
-1.821	0
-1.82	0
-1.819	0
-1.818	0
-1.817	0
-1.816	0
-1.815	0
-1.814	0
-1.813	0
-1.812	0
-1.811	0
-1.81	0
-1.809	0
-1.808	0
-1.807	0
-1.806	0
-1.805	0
-1.804	0
-1.803	0
-1.802	0
-1.801	0
-1.8	0
-1.799	0
-1.798	0
-1.797	0
-1.796	0
-1.795	0
-1.794	0
-1.793	0
-1.792	0
-1.791	0
-1.79	0
-1.789	0
-1.788	0
-1.787	0
-1.786	0
-1.785	0
-1.784	0
-1.783	0
-1.782	0
-1.781	0
-1.78	0
-1.779	0
-1.778	0
-1.777	0
-1.776	0
-1.775	0
-1.774	0
-1.773	0
-1.772	0
-1.771	0
-1.77	0
-1.769	0
-1.768	0
-1.767	0
-1.766	0
-1.765	0
-1.764	0
-1.763	0
-1.762	0
-1.761	0
-1.76	0
-1.759	0
-1.758	0
-1.757	0
-1.756	0
-1.755	0
-1.754	0
-1.753	0
-1.752	0
-1.751	0
-1.75	0
-1.749	0
-1.748	0
-1.747	0
-1.746	0
-1.745	0
-1.744	0
-1.743	0
-1.742	0
-1.741	0
-1.74	0
-1.739	0
-1.738	0
-1.737	0
-1.736	0
-1.735	0
-1.734	0
-1.733	0
-1.732	0
-1.731	0
-1.73	0
-1.729	0
-1.728	0
-1.727	0
-1.726	0
-1.725	0
-1.724	0
-1.723	0
-1.722	0
-1.721	0
-1.72	0
-1.719	0
-1.718	0
-1.717	0
-1.716	0
-1.715	0
-1.714	0
-1.713	0
-1.712	0
-1.711	0
-1.71	0
-1.709	0
-1.708	0
-1.707	0
-1.706	0
-1.705	0
-1.704	0
-1.703	0
-1.702	0
-1.701	0
-1.7	0
-1.699	0
-1.698	0
-1.697	0
-1.696	0
-1.695	0
-1.694	0
-1.693	0
-1.692	0
-1.691	0
-1.69	0
-1.689	0
-1.688	0
-1.687	0
-1.686	0
-1.685	0
-1.684	0
-1.683	0
-1.682	0
-1.681	0
-1.68	0
-1.679	0
-1.678	0
-1.677	0
-1.676	0
-1.675	0
-1.674	0
-1.673	0
-1.672	0
-1.671	0
-1.67	0
-1.669	0
-1.668	3.87877e-077
-1.667	3.97067e-076
-1.666	1.20762e-075
-1.665	2.47377e-075
-1.664	6.72229e-075
-1.663	2.51385e-074
-1.662	1.01258e-073
-1.661	3.95081e-073
-1.66	1.50468e-072
-1.659	5.65284e-072
-1.658	2.10367e-071
-1.657	7.76438e-071
-1.656	2.84145e-070
-1.655	1.03066e-069
-1.654	3.70496e-069
-1.653	1.31986e-068
-1.652	4.6594e-068
-1.651	1.62991e-067
-1.65	5.64943e-067
-1.649	1.94012e-066
-1.648	6.60105e-066
-1.647	2.22499e-065
-1.646	7.42932e-065
-1.645	2.45725e-064
-1.644	8.05011e-064
-1.643	2.61203e-063
-1.642	8.39364e-063
-1.641	2.6711e-062
-1.64	8.41719e-062
-1.639	2.62635e-061
-1.638	8.11361e-061
-1.637	2.48154e-060
-1.636	7.51353e-060
-1.635	2.25189e-059
-1.634	6.68034e-059
-1.633	1.96139e-058
-1.632	5.69913e-058
-1.631	1.63869e-057
-1.63	4.66222e-057
-1.629	1.31238e-056
-1.628	3.65474e-056
-1.627	1.00681e-055
-1.626	2.7434e-055
-1.625	7.3934e-055
-1.624	1.97046e-054
-1.623	5.19299e-054
-1.622	1.35316e-053
-1.621	3.4859e-053
-1.62	8.87707e-053
-1.619	2.23441e-052
-1.618	5.55836e-052
-1.617	1.36637e-051
-1.616	3.31874e-051
-1.615	7.96357e-051
-1.614	1.88762e-050
-1.613	4.41908e-050
-1.612	1.02165e-049
-1.611	2.33214e-049
-1.61	5.25569e-049
-1.609	1.16911e-048
-1.608	2.56659e-048
-1.607	5.55978e-048
-1.606	1.18817e-047
-1.605	2.50459e-047
-1.604	5.20644e-047
-1.603	1.06708e-046
-1.602	2.15576e-046
-1.601	4.29188e-046
-1.6	8.41824e-046
-1.599	1.62629e-045
-1.598	3.09343e-045
-1.597	5.79166e-045
-1.596	1.0669e-044
-1.595	1.93297e-044
-1.594	3.44275e-044
-1.593	6.02482e-044
-1.592	1.03535e-043
-1.591	1.74601e-043
-1.59	2.88726e-043
-1.589	4.67751e-043
-1.588	7.41593e-043
-1.587	1.14916e-042
-1.586	1.73767e-042
-1.585	2.55903e-042
-1.584	3.66108e-042
-1.583	5.07158e-042
-1.582	6.77275e-042
-1.581	8.66583e-042
-1.58	1.05297e-041
-1.579	1.1986e-041
-1.578	1.24979e-041
-1.577	1.14584e-041
-1.576	8.45997e-042
-1.575	3.90236e-042
-1.574	1.78747e-043
-1.573	3.79936e-042
-1.572	2.89714e-041
-1.571	1.03361e-040
-1.57	2.77028e-040
-1.569	6.35865e-040
-1.568	1.32128e-039
-1.567	2.55844e-039
-1.566	4.69589e-039
-1.565	8.26057e-039
-1.564	1.40326e-038
-1.563	2.31465e-038
-1.562	3.72255e-038
-1.561	5.85598e-038
-1.56	9.03394e-038
-1.559	1.36957e-037
-1.558	2.04397e-037
-1.557	3.00737e-037
-1.556	4.36781e-037
-1.555	6.26858e-037
-1.554	8.89826e-037
-1.553	1.25032e-036
-1.552	1.74031e-036
-1.551	2.40096e-036
-1.55	3.285e-036
-1.549	4.45953e-036
-1.548	6.00946e-036
-1.547	8.04163e-036
-1.546	1.06898e-035
-1.545	1.41207e-035
-1.544	1.85407e-035
-1.543	2.42049e-035
-1.542	3.14264e-035
-1.541	4.05885e-035
-1.54	5.21581e-035
-1.539	6.67016e-035
-1.538	8.49042e-035
-1.537	1.0759e-034
-1.536	1.3575e-034
-1.535	1.70565e-034
-1.534	2.13447e-034
-1.533	2.66068e-034
-1.532	3.3041e-034
-1.531	4.08809e-034
-1.53	5.04017e-034
-1.529	6.19257e-034
-1.528	7.583e-034
-1.527	9.25542e-034
-1.526	1.1261e-033
-1.525	1.3659e-033
-1.524	1.65179e-033
-1.523	1.99169e-033
-1.522	2.39469e-033
-1.521	2.87123e-033
-1.52	3.43326e-033
-1.519	4.09443e-033
-1.518	4.87025e-033
-1.517	5.77839e-033
-1.516	6.83884e-033
-1.515	8.07425e-033
-1.514	9.5101e-033
-1.513	1.11751e-032
-1.512	1.31016e-032
-1.511	1.53255e-032
-1.51	1.78874e-032
-1.509	2.0832e-032
-1.508	2.42095e-032
-1.507	2.80753e-032
-1.506	3.24908e-032
-1.505	3.75237e-032
-1.504	4.32486e-032
-1.503	4.97476e-032
-1.502	5.71103e-032
-1.501	6.54349e-032
-1.5	7.48282e-032
-1.499	8.54065e-032
-1.498	9.72958e-032
-1.497	1.10632e-031
-1.496	1.25562e-031
-1.495	1.42245e-031
-1.494	1.60848e-031
-1.493	1.81552e-031
-1.492	2.0455e-031
-1.491	2.30047e-031
-1.49	2.58257e-031
-1.489	2.89409e-031
-1.488	3.23742e-031
-1.487	3.61505e-031
-1.486	4.0296e-031
-1.485	4.48375e-031
-1.484	4.98029e-031
-1.483	5.52209e-031
-1.482	6.11205e-031
-1.481	6.75315e-031
-1.48	7.44836e-031
-1.479	8.20067e-031
-1.478	9.01304e-031
-1.477	9.88839e-031
-1.476	1.08295e-030
-1.475	1.18392e-030
-1.474	1.292e-030
-1.473	1.40742e-030
-1.472	1.5304e-030
-1.471	1.66112e-030
-1.47	1.79975e-030
-1.469	1.94639e-030
-1.468	2.10113e-030
-1.467	2.26401e-030
-1.466	2.43499e-030
-1.465	2.614e-030
-1.464	2.8009e-030
-1.463	2.9955e-030
-1.462	3.19753e-030
-1.461	3.40665e-030
-1.46	3.62244e-030
-1.459	3.84441e-030
-1.458	4.072e-030
-1.457	4.30457e-030
-1.456	4.54138e-030
-1.455	4.78165e-030
-1.454	5.02451e-030
-1.453	5.26901e-030
-1.452	5.51418e-030
-1.451	5.75895e-030
-1.45	6.00225e-030
-1.449	6.24295e-030
-1.448	6.47993e-030
-1.447	6.71202e-030
-1.446	6.93816e-030
-1.445	7.15723e-030
-1.444	7.36821e-030
-1.443	7.57017e-030
-1.442	7.76223e-030
-1.441	7.94372e-030
-1.44	8.11403e-030
-1.439	8.2728e-030
-1.438	8.41979e-030
-1.437	8.55502e-030
-1.436	8.67876e-030
-1.435	8.79152e-030
-1.434	8.89407e-030
-1.433	8.98747e-030
-1.432	9.07307e-030
-1.431	9.15252e-030
-1.43	9.22761e-030
-1.429	9.30053e-030
-1.428	9.37361e-030
-1.427	9.44938e-030
-1.426	9.53043e-030
-1.425	9.61948e-030
-1.424	9.71917e-030
-1.423	9.83205e-030
-1.422	9.96044e-030
-1.421	1.01063e-029
-1.42	1.02711e-029
-1.419	1.04558e-029
-1.418	1.06604e-029
-1.417	1.08842e-029
-1.416	1.11252e-029
-1.415	1.13804e-029
-1.414	1.16452e-029
-1.413	1.19136e-029
-1.412	1.2178e-029
-1.411	1.24292e-029
-1.41	1.26561e-029
-1.409	1.28461e-029
-1.408	1.29853e-029
-1.407	1.30581e-029
-1.406	1.3048e-029
-1.405	1.29385e-029
-1.404	1.27126e-029
-1.403	1.23544e-029
-1.402	1.18503e-029
-1.401	1.11895e-029
-1.4	1.03661e-029
-1.399	9.38119e-030
-1.398	8.24427e-030
-1.397	6.9764e-030
-1.396	5.61288e-030
-1.395	4.20732e-030
-1.394	2.83451e-030
-1.393	1.59574e-030
-1.392	6.23438e-031
-1.391	8.68034e-032
-1.39	1.97884e-031
-1.389	1.21847e-030
-1.388	3.46746e-030
-1.387	7.32883e-030
-1.386	1.32607e-029
-1.385	2.18039e-029
-1.384	3.35925e-029
-1.383	4.93638e-029
-1.382	6.99694e-029
-1.381	9.63871e-029
-1.38	1.29731e-028
-1.379	1.71264e-028
-1.378	2.22411e-028
-1.377	2.84766e-028
-1.376	3.60113e-028
-1.375	4.50424e-028
-1.374	5.57876e-028
-1.373	6.84866e-028
-1.372	8.34003e-028
-1.371	1.00813e-027
-1.37	1.21031e-027
-1.369	1.44386e-027
-1.368	1.7123e-027
-1.367	2.01939e-027
-1.366	2.36911e-027
-1.365	2.76563e-027
-1.364	3.21331e-027
-1.363	3.71671e-027
-1.362	4.28046e-027
-1.361	4.90934e-027
-1.36	5.60818e-027
-1.359	6.38181e-027
-1.358	7.23505e-027
-1.357	8.17259e-027
-1.356	9.199e-027
-1.355	1.03185e-026
-1.354	1.15352e-026
-1.353	1.28525e-026
-1.352	1.42735e-026
-1.351	1.58006e-026
-1.35	1.74356e-026
-1.349	1.91793e-026
-1.348	2.10317e-026
-1.347	2.29918e-026
-1.346	2.50572e-026
-1.345	2.72245e-026
-1.344	2.94888e-026
-1.343	3.18439e-026
-1.342	3.42819e-026
-1.341	3.67933e-026
-1.34	3.93673e-026
-1.339	4.1991e-026
-1.338	4.46503e-026
-1.337	4.73293e-026
-1.336	5.00107e-026
-1.335	5.26759e-026
-1.334	5.5305e-026
-1.333	5.78776e-026
-1.332	6.03722e-026
-1.331	6.27676e-026
-1.33	6.50425e-026
-1.329	6.71763e-026
-1.328	6.91505e-026
-1.327	7.09478e-026
-1.326	7.25544e-026
-1.325	7.39602e-026
-1.324	7.51599e-026
-1.323	7.61538e-026
-1.322	7.69495e-026
-1.321	7.7563e-026
-1.32	7.80198e-026
-1.319	7.83561e-026
-1.318	7.86216e-026
-1.317	7.88789e-026
-1.316	7.92073e-026
-1.315	7.97026e-026
-1.314	8.04797e-026
-1.313	8.16737e-026
-1.312	8.34414e-026
-1.311	8.59629e-026
-1.31	8.94428e-026
-1.309	9.41105e-026
-1.308	1.00222e-025
-1.307	1.08061e-025
-1.306	1.17936e-025
-1.305	1.30185e-025
-1.304	1.4517e-025
-1.303	1.63279e-025
-1.302	1.84925e-025
-1.301	2.10541e-025
-1.3	2.4058e-025
-1.299	2.75509e-025
-1.298	3.15806e-025
-1.297	3.61957e-025
-1.296	4.14448e-025
-1.295	4.73757e-025
-1.294	5.40348e-025
-1.293	6.14667e-025
-1.292	6.97126e-025
-1.291	7.88098e-025
-1.29	8.87905e-025
-1.289	9.96808e-025
-1.288	1.11499e-024
-1.287	1.24256e-024
-1.286	1.37953e-024
-1.285	1.52578e-024
-1.284	1.68111e-024
-1.283	1.84516e-024
-1.282	2.01744e-024
-1.281	2.19731e-024
-1.28	2.38399e-024
-1.279	2.57652e-024
-1.278	2.77379e-024
-1.277	2.97453e-024
-1.276	3.17732e-024
-1.275	3.3806e-024
-1.274	3.58267e-024
-1.273	3.78172e-024
-1.272	3.97587e-024
-1.271	4.1632e-024
-1.27	4.34176e-024
-1.269	4.50967e-024
-1.268	4.66511e-024
-1.267	4.80648e-024
-1.266	4.93239e-024
-1.265	5.0418e-024
-1.264	5.1341e-024
-1.263	5.20923e-024
-1.262	5.26778e-024
-1.261	5.31116e-024
-1.26	5.34168e-024
-1.259	5.36276e-024
-1.258	5.37907e-024
-1.257	5.39668e-024
-1.256	5.42328e-024
-1.255	5.46832e-024
-1.254	5.5432e-024
-1.253	5.6615e-024
-1.252	5.83909e-024
-1.251	6.09437e-024
-1.25	6.44845e-024
-1.249	6.92525e-024
-1.248	7.55169e-024
-1.247	8.35783e-024
-1.246	9.37694e-024
-1.245	1.06456e-023
-1.244	1.22037e-023
-1.243	1.40945e-023
-1.242	1.63644e-023
-1.241	1.90633e-023
-1.24	2.22439e-023
-1.239	2.59616e-023
-1.238	3.02746e-023
-1.237	3.5243e-023
-1.236	4.09289e-023
-1.235	4.73954e-023
-1.234	5.47063e-023
-1.233	6.29251e-023
-1.232	7.21147e-023
-1.231	8.23362e-023
-1.23	9.36479e-023
-1.229	1.06104e-022
-1.228	1.19756e-022
-1.227	1.34646e-022
-1.226	1.50811e-022
-1.225	1.6828e-022
-1.224	1.87071e-022
-1.223	2.0719e-022
-1.222	2.28635e-022
-1.221	2.51385e-022
-1.22	2.75407e-022
-1.219	3.00654e-022
-1.218	3.27057e-022
-1.217	3.54535e-022
-1.216	3.82987e-022
-1.215	4.12292e-022
-1.214	4.42313e-022
-1.213	4.72895e-022
-1.212	5.03865e-022
-1.211	5.35037e-022
-1.21	5.66207e-022
-1.209	5.97165e-022
-1.208	6.27688e-022
-1.207	6.57552e-022
-1.206	6.86531e-022
-1.205	7.14405e-022
-1.204	7.40967e-022
-1.203	7.66025e-022
-1.202	7.89416e-022
-1.201	8.11012e-022
-1.2	8.30726e-022
-1.199	8.4853e-022
-1.198	8.6446e-022
-1.197	8.7863e-022
-1.196	8.91247e-022
-1.195	9.02622e-022
-1.194	9.13183e-022
-1.193	9.23492e-022
-1.192	9.34258e-022
-1.191	9.46357e-022
-1.19	9.60837e-022
-1.189	9.78937e-022
-1.188	1.00211e-021
-1.187	1.03201e-021
-1.186	1.07054e-021
-1.185	1.11983e-021
-1.184	1.18227e-021
-1.183	1.26049e-021
-1.182	1.35739e-021
-1.181	1.47612e-021
-1.18	1.62009e-021
-1.179	1.79295e-021
-1.178	1.99859e-021
-1.177	2.24114e-021
-1.176	2.52491e-021
-1.175	2.85438e-021
-1.174	3.23418e-021
-1.173	3.66906e-021
-1.172	4.16382e-021
-1.171	4.72326e-021
-1.17	5.35216e-021
-1.169	6.0552e-021
-1.168	6.83686e-021
-1.167	7.7014e-021
-1.166	8.65276e-021
-1.165	9.69446e-021
-1.164	1.08296e-020
-1.163	1.20605e-020
-1.162	1.33891e-020
-1.161	1.48164e-020
-1.16	1.63427e-020
-1.159	1.79671e-020
-1.158	1.96881e-020
-1.157	2.15027e-020
-1.156	2.34072e-020
-1.155	2.53963e-020
-1.154	2.74638e-020
-1.153	2.96021e-020
-1.152	3.18024e-020
-1.151	3.40546e-020
-1.15	3.63479e-020
-1.149	3.86699e-020
-1.148	4.10075e-020
-1.147	4.33468e-020
-1.146	4.56736e-020
-1.145	4.79729e-020
-1.144	5.023e-020
-1.143	5.24303e-020
-1.142	5.456e-020
-1.141	5.66065e-020
-1.14	5.85585e-020
-1.139	6.04072e-020
-1.138	6.21463e-020
-1.137	6.3773e-020
-1.136	6.52883e-020
-1.135	6.66984e-020
-1.134	6.80148e-020
-1.133	6.92554e-020
-1.132	7.04455e-020
-1.131	7.16181e-020
-1.13	7.28154e-020
-1.129	7.40891e-020
-1.128	7.55017e-020
-1.127	7.7127e-020
-1.126	7.90509e-020
-1.125	8.13725e-020
-1.124	8.42042e-020
-1.123	8.76721e-020
-1.122	9.19171e-020
-1.121	9.70949e-020
-1.12	1.03376e-019
-1.119	1.10945e-019
-1.118	1.20002e-019
-1.117	1.30761e-019
-1.116	1.43448e-019
-1.115	1.58304e-019
-1.114	1.75578e-019
-1.113	1.9553e-019
-1.112	2.18429e-019
-1.111	2.44548e-019
-1.11	2.74163e-019
-1.109	3.0755e-019
-1.108	3.44985e-019
-1.107	3.86735e-019
-1.106	4.33058e-019
-1.105	4.84199e-019
-1.104	5.40384e-019
-1.103	6.01818e-019
-1.102	6.68679e-019
-1.101	7.41114e-019
-1.1	8.19233e-019
-1.099	9.03108e-019
-1.098	9.92763e-019
-1.097	1.08818e-018
-1.096	1.18927e-018
-1.095	1.29592e-018
-1.094	1.40793e-018
-1.093	1.52505e-018
-1.092	1.64696e-018
-1.091	1.77329e-018
-1.09	1.9036e-018
-1.089	2.03739e-018
-1.088	2.1741e-018
-1.087	2.31312e-018
-1.086	2.45381e-018
-1.085	2.59546e-018
-1.084	2.73736e-018
-1.083	2.87878e-018
-1.082	3.01897e-018
-1.081	3.15722e-018
-1.08	3.29284e-018
-1.079	3.42519e-018
-1.078	3.55372e-018
-1.077	3.67797e-018
-1.076	3.79763e-018
-1.075	3.91253e-018
-1.074	4.02269e-018
-1.073	4.12837e-018
-1.072	4.23006e-018
-1.071	4.32857e-018
-1.07	4.42502e-018
-1.069	4.52091e-018
-1.068	4.61812e-018
-1.067	4.71899e-018
-1.066	4.82631e-018
-1.065	4.94338e-018
-1.064	5.07403e-018
-1.063	5.22265e-018
-1.062	5.3942e-018
-1.061	5.59427e-018
-1.06	5.82903e-018
-1.059	6.10527e-018
-1.058	6.43042e-018
-1.057	6.81247e-018
-1.056	7.26005e-018
-1.055	7.78232e-018
-1.054	8.38897e-018
-1.053	9.09018e-018
-1.052	9.89651e-018
-1.051	1.08189e-017
-1.05	1.18686e-017
-1.049	1.30569e-017
-1.048	1.43952e-017
-1.047	1.5895e-017
-1.046	1.75674e-017
-1.045	1.94233e-017
-1.044	2.14731e-017
-1.043	2.37266e-017
-1.042	2.61928e-017
-1.041	2.88798e-017
-1.04	3.17944e-017
-1.039	3.49422e-017
-1.038	3.83276e-017
-1.037	4.19529e-017
-1.036	4.5819e-017
-1.035	4.99247e-017
-1.034	5.42668e-017
-1.033	5.884e-017
-1.032	6.36367e-017
-1.031	6.86472e-017
-1.03	7.38593e-017
-1.029	7.92585e-017
-1.028	8.48284e-017
-1.027	9.05502e-017
-1.026	9.64033e-017
-1.025	1.02365e-016
-1.024	1.08413e-016
-1.023	1.14521e-016
-1.022	1.20663e-016
-1.021	1.26815e-016
-1.02	1.32952e-016
-1.019	1.39047e-016
-1.018	1.4508e-016
-1.017	1.5103e-016
-1.016	1.5688e-016
-1.015	1.62617e-016
-1.014	1.68233e-016
-1.013	1.73728e-016
-1.012	1.79107e-016
-1.011	1.84384e-016
-1.01	1.89583e-016
-1.009	1.94737e-016
-1.008	1.99893e-016
-1.007	2.05109e-016
-1.006	2.10458e-016
-1.005	2.16028e-016
-1.004	2.21922e-016
-1.003	2.2826e-016
-1.002	2.35181e-016
-1.001	2.42841e-016
-1	2.51416e-016
-0.999	2.61099e-016
-0.998	2.72103e-016
-0.997	2.84662e-016
-0.996	2.99027e-016
-0.995	3.15467e-016
-0.994	3.34269e-016
-0.993	3.55736e-016
-0.992	3.80184e-016
-0.991	4.07943e-016
-0.99	4.39354e-016
-0.989	4.74764e-016
-0.988	5.14527e-016
-0.987	5.58997e-016
-0.986	6.08529e-016
-0.985	6.63469e-016
-0.984	7.24156e-016
-0.983	7.90916e-016
-0.982	8.64055e-016
-0.981	9.43856e-016
-0.98	1.03058e-015
-0.979	1.12444e-015
-0.978	1.22563e-015
-0.977	1.3343e-015
-0.976	1.45055e-015
-0.975	1.57441e-015
-0.974	1.7059e-015
-0.973	1.84495e-015
-0.972	1.99143e-015
-0.971	2.14518e-015
-0.97	2.30594e-015
-0.969	2.47341e-015
-0.968	2.64722e-015
-0.967	2.82695e-015
-0.966	3.01211e-015
-0.965	3.20219e-015
-0.964	3.3966e-015
-0.963	3.59473e-015
-0.962	3.79596e-015
-0.961	3.99962e-015
-0.96	4.20507e-015
-0.959	4.41167e-015
-0.958	4.61882e-015
-0.957	4.82595e-015
-0.956	5.03259e-015
-0.955	5.23832e-015
-0.954	5.44286e-015
-0.953	5.64607e-015
-0.952	5.84796e-015
-0.951	6.04873e-015
-0.95	6.24882e-015
-0.949	6.44888e-015
-0.948	6.64986e-015
-0.947	6.85299e-015
-0.946	7.05984e-015
-0.945	7.27231e-015
-0.944	7.49271e-015
-0.943	7.72372e-015
-0.942	7.96843e-015
-0.941	8.23037e-015
-0.94	8.51354e-015
-0.939	8.82233e-015
-0.938	9.16165e-015
-0.937	9.53683e-015
-0.936	9.95366e-015
-0.935	1.04184e-014
-0.934	1.09376e-014
-0.933	1.15183e-014
-0.932	1.2168e-014
-0.931	1.28944e-014
-0.93	1.37053e-014
-0.929	1.46091e-014
-0.928	1.5614e-014
-0.927	1.67286e-014
-0.926	1.79612e-014
-0.925	1.93203e-014
-0.924	2.08141e-014
-0.923	2.24506e-014
-0.922	2.42374e-014
-0.921	2.61817e-014
-0.92	2.82902e-014
-0.919	3.0569e-014
-0.918	3.30232e-014
-0.917	3.56573e-014
-0.916	3.8475e-014
-0.915	4.14785e-014
-0.914	4.46695e-014
-0.913	4.80481e-014
-0.912	5.16134e-014
-0.911	5.53631e-014
-0.91	5.92939e-014
-0.909	6.3401e-014
-0.908	6.76783e-014
-0.907	7.21187e-014
-0.906	7.67141e-014
-0.905	8.14548e-014
-0.904	8.63308e-014
-0.903	9.13311e-014
-0.902	9.64441e-014
-0.901	1.01658e-013
-0.9	1.06961e-013
-0.899	1.12341e-013
-0.898	1.17787e-013
-0.897	1.23289e-013
-0.896	1.28838e-013
-0.895	1.34426e-013
-0.894	1.4005e-013
-0.893	1.45705e-013
-0.892	1.51394e-013
-0.891	1.57119e-013
-0.89	1.62891e-013
-0.889	1.68721e-013
-0.888	1.74627e-013
-0.887	1.80635e-013
-0.886	1.86774e-013
-0.885	1.9308e-013
-0.884	1.99597e-013
-0.883	2.06377e-013
-0.882	2.13478e-013
-0.881	2.20967e-013
-0.88	2.2892e-013
-0.879	2.3742e-013
-0.878	2.46561e-013
-0.877	2.56442e-013
-0.876	2.67172e-013
-0.875	2.78869e-013
-0.874	2.91658e-013
-0.873	3.05671e-013
-0.872	3.21048e-013
-0.871	3.37932e-013
-0.87	3.56474e-013
-0.869	3.7683e-013
-0.868	3.99155e-013
-0.867	4.23611e-013
-0.866	4.50356e-013
-0.865	4.79551e-013
-0.864	5.11353e-013
-0.863	5.45914e-013
-0.862	5.83384e-013
-0.861	6.23904e-013
-0.86	6.67605e-013
-0.859	7.14611e-013
-0.858	7.65031e-013
-0.857	8.18962e-013
-0.856	8.76487e-013
-0.855	9.37671e-013
-0.854	1.00256e-012
-0.853	1.07119e-012
-0.852	1.14356e-012
-0.851	1.21968e-012
-0.85	1.2995e-012
-0.849	1.38299e-012
-0.848	1.47007e-012
-0.847	1.56065e-012
-0.846	1.65464e-012
-0.845	1.75192e-012
-0.844	1.85235e-012
-0.843	1.9558e-012
-0.842	2.06211e-012
-0.841	2.17113e-012
-0.84	2.28271e-012
-0.839	2.39671e-012
-0.838	2.513e-012
-0.837	2.63144e-012
-0.836	2.75196e-012
-0.835	2.87449e-012
-0.834	2.99898e-012
-0.833	3.12547e-012
-0.832	3.25401e-012
-0.831	3.38474e-012
-0.83	3.51783e-012
-0.829	3.65357e-012
-0.828	3.79228e-012
-0.827	3.93441e-012
-0.826	4.0805e-012
-0.825	4.23117e-012
-0.824	4.38717e-012
-0.823	4.54937e-012
-0.822	4.71873e-012
-0.821	4.89637e-012
-0.82	5.08351e-012
-0.819	5.28152e-012
-0.818	5.49186e-012
-0.817	5.71617e-012
-0.816	5.95617e-012
-0.815	6.21372e-012
-0.814	6.4908e-012
-0.813	6.78948e-012
-0.812	7.11195e-012
-0.811	7.46049e-012
-0.81	7.83742e-012
-0.809	8.24517e-012
-0.808	8.6862e-012
-0.807	9.16299e-012
-0.806	9.67805e-012
-0.805	1.02339e-011
-0.804	1.08329e-011
-0.803	1.14776e-011
-0.802	1.21703e-011
-0.801	1.29133e-011
-0.8	1.37087e-011
-0.799	1.45585e-011
-0.798	1.54647e-011
-0.797	1.64288e-011
-0.796	1.74525e-011
-0.795	1.85369e-011
-0.794	1.96833e-011
-0.793	2.08923e-011
-0.792	2.21648e-011
-0.791	2.3501e-011
-0.79	2.4901e-011
-0.789	2.63649e-011
-0.788	2.78923e-011
-0.787	2.94826e-011
-0.786	3.11353e-011
-0.785	3.28494e-011
-0.784	3.4624e-011
-0.783	3.6458e-011
-0.782	3.83504e-011
-0.781	4.03001e-011
-0.78	4.23061e-011
-0.779	4.43676e-011
-0.778	4.64839e-011
-0.777	4.86548e-011
-0.776	5.08803e-011
-0.775	5.31608e-011
-0.774	5.54973e-011
-0.773	5.78917e-011
-0.772	6.03462e-011
-0.771	6.28642e-011
-0.77	6.54498e-011
-0.769	6.8108e-011
-0.768	7.08454e-011
-0.767	7.36693e-011
-0.766	7.65886e-011
-0.765	7.96133e-011
-0.764	8.27551e-011
-0.763	8.6027e-011
-0.762	8.94437e-011
-0.761	9.30211e-011
-0.76	9.67773e-011
-0.759	1.00732e-010
-0.758	1.04905e-010
-0.757	1.0932e-010
-0.756	1.14002e-010
-0.755	1.18975e-010
-0.754	1.24266e-010
-0.753	1.29906e-010
-0.752	1.35922e-010
-0.751	1.42345e-010
-0.75	1.49209e-010
-0.749	1.56544e-010
-0.748	1.64385e-010
-0.747	1.72765e-010
-0.746	1.81717e-010
-0.745	1.91276e-010
-0.744	2.01476e-010
-0.743	2.12348e-010
-0.742	2.23927e-010
-0.741	2.36244e-010
-0.74	2.49329e-010
-0.739	2.63211e-010
-0.738	2.77919e-010
-0.737	2.93478e-010
-0.736	3.09913e-010
-0.735	3.27247e-010
-0.734	3.45498e-010
-0.733	3.64687e-010
-0.732	3.84828e-010
-0.731	4.05936e-010
-0.73	4.28023e-010
-0.729	4.51098e-010
-0.728	4.75172e-010
-0.727	5.00249e-010
-0.726	5.26338e-010
-0.725	5.53441e-010
-0.724	5.81565e-010
-0.723	6.10715e-010
-0.722	6.40896e-010
-0.721	6.72117e-010
-0.72	7.04385e-010
-0.719	7.37714e-010
-0.718	7.7212e-010
-0.717	8.07623e-010
-0.716	8.4425e-010
-0.715	8.82032e-010
-0.714	9.2101e-010
-0.713	9.61232e-010
-0.712	1.00275e-009
-0.711	1.04565e-009
-0.71	1.08999e-009
-0.709	1.13587e-009
-0.708	1.1834e-009
-0.707	1.23269e-009
-0.706	1.28388e-009
-0.705	1.33711e-009
-0.704	1.39257e-009
-0.703	1.45042e-009
-0.702	1.51086e-009
-0.701	1.57413e-009
-0.7	1.64045e-009
-0.699	1.71007e-009
-0.698	1.78328e-009
-0.697	1.86035e-009
-0.696	1.9416e-009
-0.695	2.02735e-009
-0.694	2.11794e-009
-0.693	2.21372e-009
-0.692	2.31506e-009
-0.691	2.42235e-009
-0.69	2.53597e-009
-0.689	2.65632e-009
-0.688	2.78381e-009
-0.687	2.91887e-009
-0.686	3.06191e-009
-0.685	3.21334e-009
-0.684	3.37361e-009
-0.683	3.54313e-009
-0.682	3.72232e-009
-0.681	3.91159e-009
-0.68	4.11136e-009
-0.679	4.32202e-009
-0.678	4.54398e-009
-0.677	4.77761e-009
-0.676	5.02327e-009
-0.675	5.28134e-009
-0.674	5.55217e-009
-0.673	5.83608e-009
-0.672	6.13341e-009
-0.671	6.44448e-009
-0.67	6.76959e-009
-0.669	7.10906e-009
-0.668	7.46317e-009
-0.667	7.83225e-009
-0.666	8.21659e-009
-0.665	8.61651e-009
-0.664	9.03233e-009
-0.663	9.46442e-009
-0.662	9.91315e-009
-0.661	1.03789e-008
-0.66	1.08622e-008
-0.659	1.13634e-008
-0.658	1.18832e-008
-0.657	1.24222e-008
-0.656	1.29809e-008
-0.655	1.35603e-008
-0.654	1.41612e-008
-0.653	1.47845e-008
-0.652	1.54313e-008
-0.651	1.61029e-008
-0.65	1.68004e-008
-0.649	1.75254e-008
-0.648	1.82795e-008
-0.647	1.90645e-008
-0.646	1.98822e-008
-0.645	2.07347e-008
-0.644	2.16244e-008
-0.643	2.25536e-008
-0.642	2.35249e-008
-0.641	2.45412e-008
-0.64	2.56054e-008
-0.639	2.67207e-008
-0.638	2.78905e-008
-0.637	2.91183e-008
-0.636	3.04079e-008
-0.635	3.1763e-008
-0.634	3.31879e-008
-0.633	3.46867e-008
-0.632	3.62638e-008
-0.631	3.79238e-008
-0.63	3.96714e-008
-0.629	4.15112e-008
-0.628	4.34483e-008
-0.627	4.54877e-008
-0.626	4.76344e-008
-0.625	4.98938e-008
-0.624	5.2271e-008
-0.623	5.47713e-008
-0.622	5.74002e-008
-0.621	6.01631e-008
-0.62	6.30654e-008
-0.619	6.61126e-008
-0.618	6.93102e-008
-0.617	7.26638e-008
-0.616	7.61789e-008
-0.615	7.98612e-008
-0.614	8.37163e-008
-0.613	8.77499e-008
-0.612	9.19677e-008
-0.611	9.63757e-008
-0.61	1.0098e-007
-0.609	1.05786e-007
-0.608	1.10801e-007
-0.607	1.16032e-007
-0.606	1.21484e-007
-0.605	1.27165e-007
-0.604	1.33083e-007
-0.603	1.39245e-007
-0.602	1.45659e-007
-0.601	1.52336e-007
-0.6	1.59284e-007
-0.599	1.66513e-007
-0.598	1.74034e-007
-0.597	1.81859e-007
-0.596	1.90002e-007
-0.595	1.98475e-007
-0.594	2.07293e-007
-0.593	2.16472e-007
-0.592	2.2603e-007
-0.591	2.35985e-007
-0.59	2.46357e-007
-0.589	2.57167e-007
-0.588	2.68439e-007
-0.587	2.80196e-007
-0.586	2.92466e-007
-0.585	3.05275e-007
-0.584	3.18655e-007
-0.583	3.32635e-007
-0.582	3.47251e-007
-0.581	3.62538e-007
-0.58	3.78532e-007
-0.579	3.95274e-007
-0.578	4.12804e-007
-0.577	4.31167e-007
-0.576	4.50406e-007
-0.575	4.7057e-007
-0.574	4.91708e-007
-0.573	5.13871e-007
-0.572	5.37112e-007
-0.571	5.61485e-007
-0.57	5.87049e-007
-0.569	6.13861e-007
-0.568	6.41982e-007
-0.567	6.71475e-007
-0.566	7.02402e-007
-0.565	7.34831e-007
-0.564	7.68826e-007
-0.563	8.0446e-007
-0.562	8.41802e-007
-0.561	8.80923e-007
-0.56	9.219e-007
-0.559	9.64808e-007
-0.558	1.00973e-006
-0.557	1.05673e-006
-0.556	1.10591e-006
-0.555	1.15734e-006
-0.554	1.21112e-006
-0.553	1.26733e-006
-0.552	1.32606e-006
-0.551	1.38742e-006
-0.55	1.4515e-006
-0.549	1.5184e-006
-0.548	1.58823e-006
-0.547	1.6611e-006
-0.546	1.73714e-006
-0.545	1.81646e-006
-0.544	1.89919e-006
-0.543	1.98548e-006
-0.542	2.07545e-006
-0.541	2.16927e-006
-0.54	2.26709e-006
-0.539	2.36908e-006
-0.538	2.47542e-006
-0.537	2.5863e-006
-0.536	2.70191e-006
-0.535	2.82248e-006
-0.534	2.94822e-006
-0.533	3.07939e-006
-0.532	3.21621e-006
-0.531	3.35898e-006
-0.53	3.50797e-006
-0.529	3.66348e-006
-0.528	3.82582e-006
-0.527	3.99534e-006
-0.526	4.17238e-006
-0.525	4.35733e-006
-0.524	4.55057e-006
-0.523	4.75251e-006
-0.522	4.9636e-006
-0.521	5.18428e-006
-0.52	5.41504e-006
-0.519	5.65637e-006
-0.518	5.9088e-006
-0.517	6.17288e-006
-0.516	6.44917e-006
-0.515	6.73827e-006
-0.514	7.04081e-006
-0.513	7.35742e-006
-0.512	7.68878e-006
-0.511	8.03557e-006
-0.51	8.39855e-006
-0.509	8.77842e-006
-0.508	9.176e-006
-0.507	9.59207e-006
-0.506	1.00275e-005
-0.505	1.04831e-005
-0.504	1.09598e-005
-0.503	1.14585e-005
-0.502	1.19803e-005
-0.501	1.25259e-005
-0.5	1.30966e-005
-0.499	1.36934e-005
-0.498	1.43174e-005
-0.497	1.49696e-005
-0.496	1.56514e-005
-0.495	1.6364e-005
-0.494	1.71086e-005
-0.493	1.78866e-005
-0.492	1.86993e-005
-0.491	1.95482e-005
-0.49	2.04349e-005
-0.489	2.13609e-005
-0.488	2.23278e-005
-0.487	2.33374e-005
-0.486	2.43914e-005
-0.485	2.54919e-005
-0.484	2.66406e-005
-0.483	2.78398e-005
-0.482	2.90916e-005
-0.481	3.03983e-005
-0.48	3.17622e-005
-0.479	3.31859e-005
-0.478	3.4672e-005
-0.477	3.62234e-005
-0.476	3.78429e-005
-0.475	3.95336e-005
-0.474	4.12988e-005
-0.473	4.31418e-005
-0.472	4.50662e-005
-0.471	4.70758e-005
-0.47	4.91745e-005
-0.469	5.13665e-005
-0.468	5.3656e-005
-0.467	5.60478e-005
-0.466	5.85464e-005
-0.465	6.1157e-005
-0.464	6.38848e-005
-0.463	6.67352e-005
-0.462	6.97141e-005
-0.461	7.28275e-005
-0.46	7.60815e-005
-0.459	7.9483e-005
-0.458	8.30386e-005
-0.457	8.67557e-005
-0.456	9.06417e-005
-0.455	9.47043e-005
-0.454	9.89517e-005
-0.453	0.000103392
-0.452	0.000108035
-0.451	0.000112889
-0.45	0.000117965
-0.449	0.000123271
-0.448	0.000128818
-0.447	0.000134618
-0.446	0.000140681
-0.445	0.00014702
-0.444	0.000153645
-0.443	0.000160571
-0.442	0.00016781
-0.441	0.000175377
-0.44	0.000183285
-0.439	0.000191549
-0.438	0.000200185
-0.437	0.00020921
-0.436	0.000218639
-0.435	0.000228492
-0.434	0.000238785
-0.433	0.000249539
-0.432	0.000260773
-0.431	0.000272509
-0.43	0.000284768
-0.429	0.000297572
-0.428	0.000310947
-0.427	0.000324916
-0.426	0.000339507
-0.425	0.000354745
-0.424	0.00037066
-0.423	0.000387282
-0.422	0.000404642
-0.421	0.000422772
-0.42	0.000441708
-0.419	0.000461485
-0.418	0.000482139
-0.417	0.000503712
-0.416	0.000526244
-0.415	0.000549778
-0.414	0.00057416
-0.413	0.00059916
-0.412	0.000624698
-0.411	0.000650698
-0.41	0.00067708
-0.409	0.000703769
-0.408	0.000730693
-0.407	0.000757781
-0.406	0.000784972
-0.405	0.000812207
-0.404	0.000839434
-0.403	0.000866609
-0.402	0.000893696
-0.401	0.000920669
-0.4	0.00094751
-0.399	0.000974211
-0.398	0.00100077
-0.397	0.00102721
-0.396	0.00105354
-0.395	0.00107981
-0.394	0.00110604
-0.393	0.0011323
-0.392	0.00115866
-0.391	0.00118517
-0.39	0.00121193
-0.389	0.00123902
-0.388	0.00126654
-0.387	0.00129459
-0.386	0.00132329
-0.385	0.00135274
-0.384	0.00138307
-0.383	0.00141439
-0.382	0.00144684
-0.381	0.00148053
-0.38	0.0015156
-0.379	0.00155216
-0.378	0.00159033
-0.377	0.00163025
-0.376	0.00167202
-0.375	0.00171575
-0.374	0.00176155
-0.373	0.00180952
-0.372	0.00185975
-0.371	0.00191233
-0.37	0.00196734
-0.369	0.00202484
-0.368	0.00208491
-0.367	0.00214758
-0.366	0.00221292
-0.365	0.00228096
-0.364	0.00235408
-0.363	0.0024348
-0.362	0.002523
-0.361	0.00261854
-0.36	0.00272122
-0.359	0.00283081
-0.358	0.00294705
-0.357	0.00306964
-0.356	0.00319826
-0.355	0.00333253
-0.354	0.00347208
-0.353	0.00361649
-0.352	0.00376533
-0.351	0.00391815
-0.35	0.00407448
-0.349	0.00423384
-0.348	0.00439574
-0.347	0.00455968
-0.346	0.00472516
-0.345	0.0048917
-0.344	0.00505879
-0.343	0.00522594
-0.342	0.00539269
-0.341	0.00555857
-0.34	0.00572313
-0.339	0.00588596
-0.338	0.00604665
-0.337	0.00620483
-0.336	0.00636015
-0.335	0.00651229
-0.334	0.00666098
-0.333	0.00680597
-0.332	0.00694704
-0.331	0.00708403
-0.33	0.0072168
-0.329	0.00734527
-0.328	0.00746939
-0.327	0.00758915
-0.326	0.00770459
-0.325	0.00781579
-0.324	0.00792288
-0.323	0.00802601
-0.322	0.00812541
-0.321	0.0082213
-0.32	0.00831399
-0.319	0.00840379
-0.318	0.00849106
-0.317	0.00857621
-0.316	0.00865963
-0.315	0.00874181
-0.314	0.00882322
-0.313	0.00890435
-0.312	0.00898575
-0.311	0.00906794
-0.31	0.00915149
-0.309	0.00923698
-0.308	0.00932497
-0.307	0.00941605
-0.306	0.00951082
-0.305	0.00960985
-0.304	0.00971372
-0.303	0.009823
-0.302	0.00993826
-0.301	0.01006
-0.3	0.0101889
-0.299	0.0103253
-0.298	0.0104697
-0.297	0.0106226
-0.296	0.0107844
-0.295	0.0109556
-0.294	0.0111364
-0.293	0.0113273
-0.292	0.0115285
-0.291	0.0117403
-0.29	0.0119628
-0.289	0.0121964
-0.288	0.012441
-0.287	0.0126969
-0.286	0.012964
-0.285	0.0132424
-0.284	0.0135321
-0.283	0.013833
-0.282	0.014145
-0.281	0.014468
-0.28	0.0148018
-0.279	0.0151462
-0.278	0.0155009
-0.277	0.0158658
-0.276	0.0162405
-0.275	0.0166246
-0.274	0.0170179
-0.273	0.01742
-0.272	0.0178306
-0.271	0.0182492
-0.27	0.0186754
-0.269	0.0191089
-0.268	0.0195492
-0.267	0.019996
-0.266	0.0204488
-0.265	0.0209072
-0.264	0.021371
-0.263	0.0218397
-0.262	0.0223129
-0.261	0.0227903
-0.26	0.0232717
-0.259	0.0237568
-0.258	0.0242452
-0.257	0.0247369
-0.256	0.0252315
-0.255	0.0257291
-0.254	0.0262293
-0.253	0.0267323
-0.252	0.027238
-0.251	0.0277463
-0.25	0.0282574
-0.249	0.0287713
-0.248	0.0292882
-0.247	0.0298084
-0.246	0.0303319
-0.245	0.0308592
-0.244	0.0313906
-0.243	0.0319263
-0.242	0.0324669
-0.241	0.0330128
-0.24	0.0335646
-0.239	0.0341226
-0.238	0.0346876
-0.237	0.03526
-0.236	0.0358406
-0.235	0.03643
-0.234	0.0370289
-0.233	0.0376379
-0.232	0.0382579
-0.231	0.0388896
-0.23	0.0395338
-0.229	0.0401911
-0.228	0.0408624
-0.227	0.0415485
-0.226	0.0422501
-0.225	0.0429681
-0.224	0.0437031
-0.223	0.0444561
-0.222	0.0452276
-0.221	0.0460185
-0.22	0.0468295
-0.219	0.0476613
-0.218	0.0485145
-0.217	0.0493899
-0.216	0.0502879
-0.215	0.0512093
-0.214	0.0521546
-0.213	0.0531243
-0.212	0.0541189
-0.211	0.0551389
-0.21	0.0561848
-0.209	0.0572569
-0.208	0.0583556
-0.207	0.0594812
-0.206	0.060634
-0.205	0.0618143
-0.204	0.0630223
-0.203	0.0642581
-0.202	0.065522
-0.201	0.0668142
-0.2	0.0681346
-0.199	0.0694834
-0.198	0.0708607
-0.197	0.0722664
-0.196	0.0737007
-0.195	0.0751636
-0.194	0.076655
-0.193	0.078175
-0.192	0.0797235
-0.191	0.0813006
-0.19	0.0829061
-0.189	0.0845403
-0.188	0.086203
-0.187	0.0878943
-0.186	0.0896142
-0.185	0.0913629
-0.184	0.0931403
-0.183	0.0949466
-0.182	0.096782
-0.181	0.0986466
-0.18	0.100541
-0.179	0.102464
-0.178	0.104418
-0.177	0.106402
-0.176	0.108417
-0.175	0.110463
-0.174	0.112541
-0.173	0.114651
-0.172	0.116793
-0.171	0.11897
-0.17	0.12118
-0.169	0.123425
-0.168	0.125706
-0.167	0.128023
-0.166	0.130378
-0.165	0.132772
-0.164	0.135205
-0.163	0.137678
-0.162	0.140194
-0.161	0.142752
-0.16	0.145355
-0.159	0.148002
-0.158	0.150697
-0.157	0.15344
-0.156	0.156233
-0.155	0.159076
-0.154	0.161972
-0.153	0.164922
-0.152	0.167928
-0.151	0.17099
-0.15	0.174112
-0.149	0.177294
-0.148	0.180538
-0.147	0.183845
-0.146	0.187218
-0.145	0.190658
-0.144	0.194166
-0.143	0.197745
-0.142	0.201396
-0.141	0.205121
-0.14	0.208921
-0.139	0.212798
-0.138	0.216754
-0.137	0.22079
-0.136	0.224908
-0.135	0.229111
-0.134	0.233398
-0.133	0.237772
-0.132	0.242235
-0.131	0.246788
-0.13	0.251433
-0.129	0.256171
-0.128	0.261004
-0.127	0.265933
-0.126	0.270961
-0.125	0.276088
-0.124	0.281316
-0.123	0.286646
-0.122	0.29208
-0.121	0.297621
-0.12	0.303268
-0.119	0.309023
-0.118	0.31489
-0.117	0.320867
-0.116	0.326959
-0.115	0.333165
-0.114	0.339488
-0.113	0.345929
-0.112	0.35249
-0.111	0.359172
-0.11	0.365979
-0.109	0.37291
-0.108	0.379968
-0.107	0.387155
-0.106	0.394474
-0.105	0.401925
-0.104	0.409511
-0.103	0.417235
-0.102	0.425098
-0.101	0.433103
-0.1	0.441252
