-4	8.24822e-008
-3.999	8.2914e-008
-3.998	8.39178e-008
-3.997	8.26612e-008
-3.996	8.35057e-008
-3.995	8.40613e-008
-3.994	8.27913e-008
-3.993	8.26786e-008
-3.992	8.26272e-008
-3.991	8.22378e-008
-3.99	8.30202e-008
-3.989	8.15563e-008
-3.988	8.18245e-008
-3.987	8.22519e-008
-3.986	8.16487e-008
-3.985	8.22932e-008
-3.984	8.1913e-008
-3.983	8.17908e-008
-3.982	8.09478e-008
-3.981	8.12127e-008
-3.98	8.19215e-008
-3.979	8.16842e-008
-3.978	8.15559e-008
-3.977	8.09141e-008
-3.976	8.12098e-008
-3.975	8.07684e-008
-3.974	8.10079e-008
-3.973	8.01614e-008
-3.972	7.96796e-008
-3.971	8.03943e-008
-3.97	7.93913e-008
-3.969	8.04749e-008
-3.968	7.9835e-008
-3.967	7.98744e-008
-3.966	8.00761e-008
-3.965	7.90232e-008
-3.964	7.99647e-008
-3.963	7.89199e-008
-3.962	7.83224e-008
-3.961	7.85476e-008
-3.96	7.81821e-008
-3.959	7.72957e-008
-3.958	7.83498e-008
-3.957	7.7241e-008
-3.956	7.674e-008
-3.955	7.74979e-008
-3.954	7.53371e-008
-3.953	7.65746e-008
-3.952	7.55504e-008
-3.951	7.59878e-008
-3.95	7.65438e-008
-3.949	7.507e-008
-3.948	7.58798e-008
-3.947	7.42018e-008
-3.946	7.33631e-008
-3.945	7.40142e-008
-3.944	7.3779e-008
-3.943	7.35154e-008
-3.942	7.37119e-008
-3.941	7.33198e-008
-3.94	7.33559e-008
-3.939	7.29887e-008
-3.938	7.12332e-008
-3.937	7.19394e-008
-3.936	7.09217e-008
-3.935	7.08982e-008
-3.934	7.14891e-008
-3.933	7.03122e-008
-3.932	7.05153e-008
-3.931	7.00116e-008
-3.93	6.96912e-008
-3.929	6.91538e-008
-3.928	6.84772e-008
-3.927	6.81904e-008
-3.926	6.78795e-008
-3.925	6.75551e-008
-3.924	6.75516e-008
-3.923	6.71826e-008
-3.922	6.60428e-008
-3.921	6.64467e-008
-3.92	6.60232e-008
-3.919	6.54004e-008
-3.918	6.55618e-008
-3.917	6.44805e-008
-3.916	6.44626e-008
-3.915	6.4383e-008
-3.914	6.31417e-008
-3.913	6.32578e-008
-3.912	6.32135e-008
-3.911	6.29001e-008
-3.91	6.29419e-008
-3.909	6.21509e-008
-3.908	6.163e-008
-3.907	6.06144e-008
-3.906	6.00901e-008
-3.905	6.02364e-008
-3.904	6.002e-008
-3.903	5.96783e-008
-3.902	5.97371e-008
-3.901	5.86878e-008
-3.9	5.8695e-008
-3.899	5.8545e-008
-3.898	5.72529e-008
-3.897	5.78103e-008
-3.896	5.68663e-008
-3.895	5.6992e-008
-3.894	5.68636e-008
-3.893	5.56033e-008
-3.892	5.60318e-008
-3.891	5.51989e-008
-3.89	5.43651e-008
-3.889	5.40368e-008
-3.888	5.30931e-008
-3.887	5.34791e-008
-3.886	5.34696e-008
-3.885	5.28267e-008
-3.884	5.30446e-008
-3.883	5.27323e-008
-3.882	5.23423e-008
-3.881	5.1952e-008
-3.88	5.10308e-008
-3.879	5.05929e-008
-3.878	5.08335e-008
-3.877	4.9584e-008
-3.876	5.02153e-008
-3.875	4.99406e-008
-3.874	4.91389e-008
-3.873	4.95266e-008
-3.872	4.80023e-008
-3.871	4.86748e-008
-3.87	4.83424e-008
-3.869	4.74949e-008
-3.868	4.74487e-008
-3.867	4.67564e-008
-3.866	4.64177e-008
-3.865	4.68563e-008
-3.864	4.61687e-008
-3.863	4.5508e-008
-3.862	4.58121e-008
-3.861	4.46928e-008
-3.86	4.5265e-008
-3.859	4.47935e-008
-3.858	4.43194e-008
-3.857	4.46537e-008
-3.856	4.38319e-008
-3.855	4.36075e-008
-3.854	4.3393e-008
-3.853	4.31298e-008
-3.852	4.31259e-008
-3.851	4.30989e-008
-3.85	4.26295e-008
-3.849	4.22305e-008
-3.848	4.171e-008
-3.847	4.13425e-008
-3.846	4.1778e-008
-3.845	4.14887e-008
-3.844	4.1548e-008
-3.843	4.1042e-008
-3.842	4.04897e-008
-3.841	4.05741e-008
-3.84	4.00307e-008
-3.839	4.0282e-008
-3.838	3.99299e-008
-3.837	3.94928e-008
-3.836	3.97221e-008
-3.835	3.97411e-008
-3.834	3.92065e-008
-3.833	3.91944e-008
-3.832	3.87087e-008
-3.831	3.84792e-008
-3.83	3.87593e-008
-3.829	3.83897e-008
-3.828	3.88692e-008
-3.827	3.89017e-008
-3.826	3.82178e-008
-3.825	3.82757e-008
-3.824	3.7782e-008
-3.823	3.74484e-008
-3.822	3.8033e-008
-3.821	3.75239e-008
-3.82	3.7761e-008
-3.819	3.7419e-008
-3.818	3.72227e-008
-3.817	3.74411e-008
-3.816	3.76165e-008
-3.815	3.79257e-008
-3.814	3.77673e-008
-3.813	3.76048e-008
-3.812	3.73387e-008
-3.811	3.72546e-008
-3.81	3.71366e-008
-3.809	3.7388e-008
-3.808	3.69387e-008
-3.807	3.74775e-008
-3.806	3.76446e-008
-3.805	3.75529e-008
-3.804	3.75152e-008
-3.803	3.69877e-008
-3.802	3.71007e-008
-3.801	3.72497e-008
-3.8	3.72784e-008
-3.799	3.76565e-008
-3.798	3.80218e-008
-3.797	3.78115e-008
-3.796	3.79127e-008
-3.795	3.76599e-008
-3.794	3.76644e-008
-3.793	3.74221e-008
-3.792	3.79412e-008
-3.791	3.81548e-008
-3.79	3.79909e-008
-3.789	3.82868e-008
-3.788	3.84307e-008
-3.787	3.83502e-008
-3.786	3.92436e-008
-3.785	3.92053e-008
-3.784	3.94237e-008
-3.783	3.9587e-008
-3.782	3.9248e-008
-3.781	3.98972e-008
-3.78	3.96286e-008
-3.779	4.03317e-008
-3.778	4.03303e-008
-3.777	4.06813e-008
-3.776	4.0514e-008
-3.775	4.05524e-008
-3.774	4.08407e-008
-3.773	4.06273e-008
-3.772	4.09692e-008
-3.771	4.13438e-008
-3.77	4.18582e-008
-3.769	4.16902e-008
-3.768	4.18496e-008
-3.767	4.23368e-008
-3.766	4.26905e-008
-3.765	4.30419e-008
-3.764	4.30883e-008
-3.763	4.34323e-008
-3.762	4.33388e-008
-3.761	4.33445e-008
-3.76	4.40623e-008
-3.759	4.37138e-008
-3.758	4.45088e-008
-3.757	4.45383e-008
-3.756	4.47328e-008
-3.755	4.52057e-008
-3.754	4.55102e-008
-3.753	4.61141e-008
-3.752	4.66636e-008
-3.751	4.7246e-008
-3.75	4.67238e-008
-3.749	4.7528e-008
-3.748	4.74035e-008
-3.747	4.74746e-008
-3.746	4.83093e-008
-3.745	4.86117e-008
-3.744	4.89644e-008
-3.743	4.96767e-008
-3.742	4.95403e-008
-3.741	4.98944e-008
-3.74	5.01137e-008
-3.739	5.0271e-008
-3.738	5.12035e-008
-3.737	5.08505e-008
-3.736	5.13809e-008
-3.735	5.19928e-008
-3.734	5.22415e-008
-3.733	5.30131e-008
-3.732	5.29061e-008
-3.731	5.33457e-008
-3.73	5.37392e-008
-3.729	5.37493e-008
-3.728	5.45119e-008
-3.727	5.44854e-008
-3.726	5.50886e-008
-3.725	5.59117e-008
-3.724	5.54522e-008
-3.723	5.67622e-008
-3.722	5.66283e-008
-3.721	5.69704e-008
-3.72	5.77951e-008
-3.719	5.71434e-008
-3.718	5.82478e-008
-3.717	5.89594e-008
-3.716	5.86216e-008
-3.715	5.92635e-008
-3.714	5.98918e-008
-3.713	6.04726e-008
-3.712	6.01019e-008
-3.711	6.06468e-008
-3.71	6.06457e-008
-3.709	6.14776e-008
-3.708	6.21967e-008
-3.707	6.21645e-008
-3.706	6.2739e-008
-3.705	6.24722e-008
-3.704	6.36219e-008
-3.703	6.39644e-008
-3.702	6.5096e-008
-3.701	6.45793e-008
-3.7	6.444e-008
-3.699	6.53397e-008
-3.698	6.55948e-008
-3.697	6.60579e-008
-3.696	6.62562e-008
-3.695	6.71992e-008
-3.694	6.68329e-008
-3.693	6.74959e-008
-3.692	6.76332e-008
-3.691	6.76119e-008
-3.69	6.85401e-008
-3.689	6.86667e-008
-3.688	6.97154e-008
-3.687	6.95191e-008
-3.686	7.01583e-008
-3.685	7.08749e-008
-3.684	7.06561e-008
-3.683	7.15716e-008
-3.682	7.17508e-008
-3.681	7.17406e-008
-3.68	7.17056e-008
-3.679	7.24946e-008
-3.678	7.28453e-008
-3.677	7.35258e-008
-3.676	7.30916e-008
-3.675	7.32414e-008
-3.674	7.42983e-008
-3.673	7.37401e-008
-3.672	7.5474e-008
-3.671	7.45296e-008
-3.67	7.48501e-008
-3.669	7.56954e-008
-3.668	7.52008e-008
-3.667	7.64926e-008
-3.666	7.60758e-008
-3.665	7.63632e-008
-3.664	7.68927e-008
-3.663	7.68294e-008
-3.662	7.74751e-008
-3.661	7.75834e-008
-3.66	7.76431e-008
-3.659	7.88139e-008
-3.658	7.88241e-008
-3.657	7.7891e-008
-3.656	7.92475e-008
-3.655	7.97597e-008
-3.654	7.88209e-008
-3.653	8.02565e-008
-3.652	8.0075e-008
-3.651	7.97788e-008
-3.65	8.0554e-008
-3.649	8.04697e-008
-3.648	8.09978e-008
-3.647	8.14415e-008
-3.646	8.10399e-008
-3.645	8.09286e-008
-3.644	8.05333e-008
-3.643	8.09594e-008
-3.642	8.21269e-008
-3.641	8.17295e-008
-3.64	8.2635e-008
-3.639	8.27757e-008
-3.638	8.21952e-008
-3.637	8.21296e-008
-3.636	8.18857e-008
-3.635	8.23776e-008
-3.634	8.38481e-008
-3.633	8.3457e-008
-3.632	8.37579e-008
-3.631	8.37441e-008
-3.63	8.34132e-008
-3.629	8.41216e-008
-3.628	8.28966e-008
-3.627	8.3529e-008
-3.626	8.36775e-008
-3.625	8.34418e-008
-3.624	8.42221e-008
-3.623	8.40921e-008
-3.622	8.39657e-008
-3.621	8.38126e-008
-3.62	8.38893e-008
-3.619	8.35281e-008
-3.618	8.48672e-008
-3.617	8.41424e-008
-3.616	8.47251e-008
-3.615	8.42117e-008
-3.614	8.3602e-008
-3.613	8.49589e-008
-3.612	8.35006e-008
-3.611	8.44409e-008
-3.61	8.36703e-008
-3.609	8.35308e-008
-3.608	8.49987e-008
-3.607	8.3314e-008
-3.606	8.39372e-008
-3.605	8.38949e-008
-3.604	8.30943e-008
-3.603	8.36465e-008
-3.602	8.39481e-008
-3.601	8.29004e-008
-3.6	8.40949e-008
-3.599	8.39686e-008
-3.598	8.30497e-008
-3.597	8.38414e-008
-3.596	8.18644e-008
-3.595	8.30079e-008
-3.594	8.34335e-008
-3.593	8.27967e-008
-3.592	8.42222e-008
-3.591	8.24362e-008
-3.59	8.21333e-008
-3.589	8.22602e-008
-3.588	8.16296e-008
-3.587	8.22544e-008
-3.586	8.21932e-008
-3.585	8.19425e-008
-3.584	8.17235e-008
-3.583	8.15463e-008
-3.582	8.04873e-008
-3.581	8.10732e-008
-3.58	8.05806e-008
-3.579	8.01297e-008
-3.578	8.06357e-008
-3.577	7.94079e-008
-3.576	7.99091e-008
-3.575	7.89686e-008
-3.574	7.92645e-008
-3.573	7.95706e-008
-3.572	7.78041e-008
-3.571	7.83266e-008
-3.57	7.81665e-008
-3.569	7.81831e-008
-3.568	7.87451e-008
-3.567	7.77817e-008
-3.566	7.67572e-008
-3.565	7.74789e-008
-3.564	7.65056e-008
-3.563	7.6445e-008
-3.562	7.71634e-008
-3.561	7.54117e-008
-3.56	7.58955e-008
-3.559	7.57411e-008
-3.558	7.56826e-008
-3.557	7.53644e-008
-3.556	7.43408e-008
-3.555	7.4836e-008
-3.554	7.42186e-008
-3.553	7.39322e-008
-3.552	7.39296e-008
-3.551	7.33988e-008
-3.55	7.30903e-008
-3.549	7.28501e-008
-3.548	7.21574e-008
-3.547	7.20794e-008
-3.546	7.11919e-008
-3.545	7.06141e-008
-3.544	7.03162e-008
-3.543	6.97627e-008
-3.542	6.95833e-008
-3.541	6.90566e-008
-3.54	6.84916e-008
-3.539	6.92923e-008
-3.538	6.97067e-008
-3.537	6.83233e-008
-3.536	6.79895e-008
-3.535	6.69146e-008
-3.534	6.65089e-008
-3.533	6.66263e-008
-3.532	6.59763e-008
-3.531	6.61844e-008
-3.53	6.57367e-008
-3.529	6.58353e-008
-3.528	6.54491e-008
-3.527	6.47347e-008
-3.526	6.35952e-008
-3.525	6.44257e-008
-3.524	6.35326e-008
-3.523	6.3198e-008
-3.522	6.3644e-008
-3.521	6.21382e-008
-3.52	6.27214e-008
-3.519	6.19835e-008
-3.518	6.10025e-008
-3.517	6.07169e-008
-3.516	5.94684e-008
-3.515	6.03685e-008
-3.514	5.9895e-008
-3.513	5.9771e-008
-3.512	5.97778e-008
-3.511	5.89121e-008
-3.51	5.84066e-008
-3.509	5.80091e-008
-3.508	5.71224e-008
-3.507	5.70802e-008
-3.506	5.68163e-008
-3.505	5.5908e-008
-3.504	5.66146e-008
-3.503	5.55826e-008
-3.502	5.50367e-008
-3.501	5.52113e-008
-3.5	5.43875e-008
-3.499	5.49394e-008
-3.498	5.41573e-008
-3.497	5.35749e-008
-3.496	5.36101e-008
-3.495	5.26403e-008
-3.494	5.29042e-008
-3.493	5.25919e-008
-3.492	5.16732e-008
-3.491	5.1726e-008
-3.49	5.16481e-008
-3.489	5.10171e-008
-3.488	5.08168e-008
-3.487	5.0051e-008
-3.486	4.92642e-008
-3.485	4.95055e-008
-3.484	4.8747e-008
-3.483	4.92607e-008
-3.482	4.90819e-008
-3.481	4.83301e-008
-3.48	4.82691e-008
-3.479	4.77489e-008
-3.478	4.74681e-008
-3.477	4.69094e-008
-3.476	4.63279e-008
-3.475	4.64081e-008
-3.474	4.62009e-008
-3.473	4.62755e-008
-3.472	4.63954e-008
-3.471	4.53111e-008
-3.47	4.53918e-008
-3.469	4.53093e-008
-3.468	4.44072e-008
-3.467	4.41419e-008
-3.466	4.38047e-008
-3.465	4.42861e-008
-3.464	4.44436e-008
-3.463	4.35534e-008
-3.462	4.29535e-008
-3.461	4.30596e-008
-3.46	4.24978e-008
-3.459	4.24984e-008
-3.458	4.25314e-008
-3.457	4.23306e-008
-3.456	4.20621e-008
-3.455	4.18778e-008
-3.454	4.17485e-008
-3.453	4.17503e-008
-3.452	4.16737e-008
-3.451	4.09878e-008
-3.45	4.09313e-008
-3.449	4.07319e-008
-3.448	4.03886e-008
-3.447	4.01074e-008
-3.446	4.01476e-008
-3.445	4.0118e-008
-3.444	3.99515e-008
-3.443	3.99101e-008
-3.442	3.98876e-008
-3.441	3.93392e-008
-3.44	3.97864e-008
-3.439	3.94648e-008
-3.438	3.92274e-008
-3.437	3.94216e-008
-3.436	3.89188e-008
-3.435	3.94003e-008
-3.434	3.92208e-008
-3.433	3.89671e-008
-3.432	3.90852e-008
-3.431	3.88143e-008
-3.43	3.899e-008
-3.429	3.90865e-008
-3.428	3.84421e-008
-3.427	3.8491e-008
-3.426	3.83102e-008
-3.425	3.83344e-008
-3.424	3.89428e-008
-3.423	3.89683e-008
-3.422	3.86274e-008
-3.421	3.87947e-008
-3.42	3.80792e-008
-3.419	3.81586e-008
-3.418	3.88028e-008
-3.417	3.88352e-008
-3.416	3.95511e-008
-3.415	3.87576e-008
-3.414	3.9053e-008
-3.413	3.85865e-008
-3.412	3.85611e-008
-3.411	3.87768e-008
-3.41	3.90652e-008
-3.409	3.94621e-008
-3.408	3.90075e-008
-3.407	3.91914e-008
-3.406	3.92158e-008
-3.405	3.95512e-008
-3.404	4.00176e-008
-3.403	3.99455e-008
-3.402	4.03687e-008
-3.401	4.02303e-008
-3.4	4.02605e-008
-3.399	4.05041e-008
-3.398	4.03484e-008
-3.397	4.0771e-008
-3.396	4.07402e-008
-3.395	4.09012e-008
-3.394	4.10873e-008
-3.393	4.09329e-008
-3.392	4.12315e-008
-3.391	4.11179e-008
-3.39	4.13687e-008
-3.389	4.18269e-008
-3.388	4.22866e-008
-3.387	4.22895e-008
-3.386	4.31643e-008
-3.385	4.28319e-008
-3.384	4.28552e-008
-3.383	4.32091e-008
-3.382	4.31663e-008
-3.381	4.32564e-008
-3.38	4.39151e-008
-3.379	4.38742e-008
-3.378	4.44869e-008
-3.377	4.49274e-008
-3.376	4.4901e-008
-3.375	4.50452e-008
-3.374	4.53388e-008
-3.373	4.56646e-008
-3.372	4.59332e-008
-3.371	4.63008e-008
-3.37	4.6705e-008
-3.369	4.68762e-008
-3.368	4.70361e-008
-3.367	4.78464e-008
-3.366	4.77661e-008
-3.365	4.81308e-008
-3.364	4.82881e-008
-3.363	4.84712e-008
-3.362	4.87422e-008
-3.361	4.90936e-008
-3.36	4.98493e-008
-3.359	4.96736e-008
-3.358	5.04232e-008
-3.357	5.06716e-008
-3.356	5.07072e-008
-3.355	5.09935e-008
-3.354	5.12268e-008
-3.353	5.2113e-008
-3.352	5.17207e-008
-3.351	5.19426e-008
-3.35	5.31004e-008
-3.349	5.25265e-008
-3.348	5.41345e-008
-3.347	5.38652e-008
-3.346	5.45781e-008
-3.345	5.49586e-008
-3.344	5.42412e-008
-3.343	5.53511e-008
-3.342	5.58558e-008
-3.341	5.64909e-008
-3.34	5.64714e-008
-3.339	5.7162e-008
-3.338	5.72828e-008
-3.337	5.7973e-008
-3.336	5.82924e-008
-3.335	5.85713e-008
-3.334	5.92949e-008
-3.333	5.90155e-008
-3.332	6.01581e-008
-3.331	5.96227e-008
-3.33	6.0477e-008
-3.329	6.06542e-008
-3.328	6.06219e-008
-3.327	6.19579e-008
-3.326	6.18011e-008
-3.325	6.22237e-008
-3.324	6.25582e-008
-3.323	6.30352e-008
-3.322	6.32875e-008
-3.321	6.36491e-008
-3.32	6.39804e-008
-3.319	6.38786e-008
-3.318	6.45167e-008
-3.317	6.45255e-008
-3.316	6.56871e-008
-3.315	6.59459e-008
-3.314	6.6229e-008
-3.313	6.66598e-008
-3.312	6.62138e-008
-3.311	6.77562e-008
-3.31	6.73718e-008
-3.309	6.75548e-008
-3.308	6.81987e-008
-3.307	6.89007e-008
-3.306	6.92082e-008
-3.305	6.95174e-008
-3.304	6.99507e-008
-3.303	7.06951e-008
-3.302	7.13634e-008
-3.301	7.11527e-008
-3.3	7.22636e-008
-3.299	7.17793e-008
-3.298	7.14731e-008
-3.297	7.28098e-008
-3.296	7.25456e-008
-3.295	7.30341e-008
-3.294	7.37706e-008
-3.293	7.34756e-008
-3.292	7.47141e-008
-3.291	7.43853e-008
-3.29	7.43249e-008
-3.289	7.52412e-008
-3.288	7.45761e-008
-3.287	7.57879e-008
-3.286	7.61996e-008
-3.285	7.63943e-008
-3.284	7.66722e-008
-3.283	7.64774e-008
-3.282	7.69907e-008
-3.281	7.76946e-008
-3.28	7.75272e-008
-3.279	7.81577e-008
-3.278	7.79739e-008
-3.277	7.82825e-008
-3.276	7.88597e-008
-3.275	7.86113e-008
-3.274	7.96178e-008
-3.273	8.01245e-008
-3.272	8.02646e-008
-3.271	8.08233e-008
-3.27	7.97377e-008
-3.269	8.04688e-008
-3.268	8.09373e-008
-3.267	8.07896e-008
-3.266	8.21539e-008
-3.265	8.12311e-008
-3.264	8.14935e-008
-3.263	8.2431e-008
-3.262	8.1434e-008
-3.261	8.16945e-008
-3.26	8.27487e-008
-3.259	8.26426e-008
-3.258	8.23163e-008
-3.257	8.36998e-008
-3.256	8.28051e-008
-3.255	8.36247e-008
-3.254	8.33041e-008
-3.253	8.33834e-008
-3.252	8.47574e-008
-3.251	8.31609e-008
-3.25	8.39675e-008
-3.249	8.42116e-008
-3.248	8.39497e-008
-3.247	8.43435e-008
-3.246	8.51094e-008
-3.245	8.50392e-008
-3.244	8.47062e-008
-3.243	8.52814e-008
-3.242	8.41043e-008
-3.241	8.56078e-008
-3.24	8.42508e-008
-3.239	8.50783e-008
-3.238	8.53552e-008
-3.237	8.48757e-008
-3.236	8.63964e-008
-3.235	8.47111e-008
-3.234	8.5715e-008
-3.233	8.59361e-008
-3.232	8.54403e-008
-3.231	8.58152e-008
-3.23	8.51878e-008
-3.229	8.53134e-008
-3.228	8.52357e-008
-3.227	8.54598e-008
-3.226	8.4863e-008
-3.225	8.60358e-008
-3.224	8.47851e-008
-3.223	8.55932e-008
-3.222	8.53306e-008
-3.221	8.51504e-008
-3.22	8.59157e-008
-3.219	8.45746e-008
-3.218	8.5387e-008
-3.217	8.49894e-008
-3.216	8.40869e-008
-3.215	8.45612e-008
-3.214	8.47653e-008
-3.213	8.55586e-008
-3.212	8.52806e-008
-3.211	8.44817e-008
-3.21	8.48725e-008
-3.209	8.42205e-008
-3.208	8.38432e-008
-3.207	8.44996e-008
-3.206	8.42281e-008
-3.205	8.36836e-008
-3.204	8.40559e-008
-3.203	8.34652e-008
-3.202	8.36129e-008
-3.201	8.34552e-008
-3.2	8.23894e-008
-3.199	8.32004e-008
-3.198	8.27207e-008
-3.197	8.2101e-008
-3.196	8.27359e-008
-3.195	8.15594e-008
-3.194	8.19215e-008
-3.193	8.20496e-008
-3.192	8.11508e-008
-3.191	8.1749e-008
-3.19	8.17196e-008
-3.189	8.09825e-008
-3.188	8.1286e-008
-3.187	8.10509e-008
-3.186	7.99067e-008
-3.185	7.98772e-008
-3.184	7.93103e-008
-3.183	7.98472e-008
-3.182	7.99455e-008
-3.181	7.86993e-008
-3.18	7.94196e-008
-3.179	7.78047e-008
-3.178	7.80277e-008
-3.177	7.7963e-008
-3.176	7.73351e-008
-3.175	7.82842e-008
-3.174	7.70916e-008
-3.173	7.65894e-008
-3.172	7.70636e-008
-3.171	7.62387e-008
-3.17	7.59667e-008
-3.169	7.54395e-008
-3.168	7.4796e-008
-3.167	7.55263e-008
-3.166	7.50367e-008
-3.165	7.37804e-008
-3.164	7.43004e-008
-3.163	7.35787e-008
-3.162	7.35347e-008
-3.161	7.31274e-008
-3.16	7.17088e-008
-3.159	7.24765e-008
-3.158	7.18021e-008
-3.157	7.15272e-008
-3.156	7.17697e-008
-3.155	7.0305e-008
-3.154	7.09554e-008
-3.153	7.05413e-008
-3.152	7.00835e-008
-3.151	6.9413e-008
-3.15	6.90964e-008
-3.149	6.86259e-008
-3.148	6.90134e-008
-3.147	6.79073e-008
-3.146	6.81852e-008
-3.145	6.82327e-008
-3.144	6.66368e-008
-3.143	6.74649e-008
-3.142	6.61722e-008
-3.141	6.59829e-008
-3.14	6.60952e-008
-3.139	6.51783e-008
-3.138	6.49147e-008
-3.137	6.44346e-008
-3.136	6.43156e-008
-3.135	6.32026e-008
-3.134	6.29903e-008
-3.133	6.23594e-008
-3.132	6.29048e-008
-3.131	6.1768e-008
-3.13	6.12256e-008
-3.129	6.18332e-008
-3.128	6.11158e-008
-3.127	6.09788e-008
-3.126	6.04229e-008
-3.125	5.97521e-008
-3.124	5.99387e-008
-3.123	5.8617e-008
-3.122	5.89982e-008
-3.121	5.85733e-008
-3.12	5.79793e-008
-3.119	5.80568e-008
-3.118	5.73106e-008
-3.117	5.7364e-008
-3.116	5.70999e-008
-3.115	5.59382e-008
-3.114	5.6001e-008
-3.113	5.58522e-008
-3.112	5.53921e-008
-3.111	5.56145e-008
-3.11	5.50723e-008
-3.109	5.47165e-008
-3.108	5.47739e-008
-3.107	5.37761e-008
-3.106	5.3259e-008
-3.105	5.25829e-008
-3.104	5.21372e-008
-3.103	5.26641e-008
-3.102	5.2096e-008
-3.101	5.15251e-008
-3.1	5.18473e-008
-3.099	5.07286e-008
-3.098	5.04264e-008
-3.097	5.00534e-008
-3.096	4.96202e-008
-3.095	4.92971e-008
-3.094	4.9298e-008
-3.093	4.8854e-008
-3.092	4.92234e-008
-3.091	4.84308e-008
-3.09	4.7826e-008
-3.089	4.78502e-008
-3.088	4.68445e-008
-3.087	4.74922e-008
-3.086	4.73467e-008
-3.085	4.69201e-008
-3.084	4.70924e-008
-3.083	4.62337e-008
-3.082	4.63338e-008
-3.081	4.5897e-008
-3.08	4.51417e-008
-3.079	4.53859e-008
-3.078	4.51807e-008
-3.077	4.47257e-008
-3.076	4.49593e-008
-3.075	4.36937e-008
-3.074	4.40724e-008
-3.073	4.42624e-008
-3.072	4.40028e-008
-3.071	4.42888e-008
-3.07	4.35343e-008
-3.069	4.30503e-008
-3.068	4.32221e-008
-3.067	4.25706e-008
-3.066	4.26088e-008
-3.065	4.21961e-008
-3.064	4.1769e-008
-3.063	4.24447e-008
-3.062	4.17792e-008
-3.061	4.17357e-008
-3.06	4.19953e-008
-3.059	4.12937e-008
-3.058	4.14852e-008
-3.057	4.1235e-008
-3.056	4.06125e-008
-3.055	4.09416e-008
-3.054	4.09627e-008
-3.053	4.11772e-008
-3.052	4.13604e-008
-3.051	4.06607e-008
-3.05	4.07955e-008
-3.049	4.05373e-008
-3.048	4.02083e-008
-3.047	4.03839e-008
-3.046	4.00307e-008
-3.045	3.98202e-008
-3.044	3.99455e-008
-3.043	4.03166e-008
-3.042	3.98909e-008
-3.041	4.10305e-008
-3.04	4.01195e-008
-3.039	4.1079e-008
-3.038	4.12627e-008
-3.037	4.09948e-008
-3.036	4.23805e-008
-3.035	4.22551e-008
-3.034	4.27644e-008
-3.033	4.29109e-008
-3.032	4.38663e-008
-3.031	4.51997e-008
-3.03	4.55328e-008
-3.029	4.72963e-008
-3.028	4.66633e-008
-3.027	4.8358e-008
-3.026	4.95653e-008
-3.025	5.02451e-008
-3.024	5.3455e-008
-3.023	5.39344e-008
-3.022	5.65039e-008
-3.021	5.82631e-008
-3.02	5.96078e-008
-3.019	6.16187e-008
-3.018	6.35432e-008
-3.017	6.63117e-008
-3.016	6.88104e-008
-3.015	7.12258e-008
-3.014	7.38707e-008
-3.013	7.59227e-008
-3.012	7.9266e-008
-3.011	8.3379e-008
-3.01	8.64479e-008
-3.009	9.15878e-008
-3.008	9.44803e-008
-3.007	9.9767e-008
-3.006	1.03261e-007
-3.005	1.07211e-007
-3.004	1.13724e-007
-3.003	1.17899e-007
-3.002	1.24278e-007
-3.001	1.30588e-007
-3	1.36154e-007
-2.999	1.43057e-007
-2.998	1.48755e-007
-2.997	1.58134e-007
-2.996	1.62691e-007
-2.995	1.75674e-007
-2.994	1.80404e-007
-2.993	1.92869e-007
-2.992	2.0009e-007
-2.991	2.11403e-007
-2.99	2.21111e-007
-2.989	2.33966e-007
-2.988	2.45582e-007
-2.987	2.5885e-007
-2.986	2.73158e-007
-2.985	2.85957e-007
-2.984	2.9998e-007
-2.983	3.15709e-007
-2.982	3.31673e-007
-2.981	3.50436e-007
-2.98	3.69084e-007
-2.979	3.87613e-007
-2.978	4.05132e-007
-2.977	4.30328e-007
-2.976	4.48389e-007
-2.975	4.74497e-007
-2.974	4.99304e-007
-2.973	5.24552e-007
-2.972	5.5377e-007
-2.971	5.81584e-007
-2.97	6.14203e-007
-2.969	6.42082e-007
-2.968	6.81311e-007
-2.967	7.11476e-007
-2.966	7.50443e-007
-2.965	7.91257e-007
-2.964	8.32109e-007
-2.963	8.71784e-007
-2.962	9.2302e-007
-2.961	9.63807e-007
-2.96	1.02257e-006
-2.959	1.07087e-006
-2.958	1.12906e-006
-2.957	1.18838e-006
-2.956	1.25037e-006
-2.955	1.31301e-006
-2.954	1.38583e-006
-2.953	1.45314e-006
-2.952	1.53364e-006
-2.951	1.60607e-006
-2.95	1.69887e-006
-2.949	1.78405e-006
-2.948	1.87547e-006
-2.947	1.9733e-006
-2.946	2.07324e-006
-2.945	2.17857e-006
-2.944	2.29084e-006
-2.943	2.41436e-006
-2.942	2.53776e-006
-2.941	2.67021e-006
-2.94	2.81562e-006
-2.939	2.94833e-006
-2.938	3.11985e-006
-2.937	3.2605e-006
-2.936	3.43969e-006
-2.935	3.61566e-006
-2.934	3.79937e-006
-2.933	3.99504e-006
-2.932	4.21573e-006
-2.931	4.42572e-006
-2.93	4.64954e-006
-2.929	4.8952e-006
-2.928	5.13322e-006
-2.927	5.41637e-006
-2.926	5.68933e-006
-2.925	5.97629e-006
-2.924	6.28537e-006
-2.923	6.62217e-006
-2.922	6.95117e-006
-2.921	7.32602e-006
-2.92	7.69353e-006
-2.919	8.0943e-006
-2.918	8.50839e-006
-2.917	8.95265e-006
-2.916	9.40723e-006
-2.915	9.88708e-006
-2.914	1.04046e-005
-2.913	1.09289e-005
-2.912	1.14979e-005
-2.911	1.21021e-005
-2.91	1.27092e-005
-2.909	1.33836e-005
-2.908	1.40603e-005
-2.907	1.47695e-005
-2.906	1.55465e-005
-2.905	1.63417e-005
-2.904	1.71688e-005
-2.903	1.80749e-005
-2.902	1.8995e-005
-2.901	1.99577e-005
-2.9	2.10145e-005
-2.899	2.20657e-005
-2.898	2.32123e-005
-2.897	2.43984e-005
-2.896	2.56564e-005
-2.895	2.69786e-005
-2.894	2.83741e-005
-2.893	2.98321e-005
-2.892	3.13567e-005
-2.891	3.29658e-005
-2.89	3.46845e-005
-2.889	3.64513e-005
-2.888	3.83319e-005
-2.887	4.02907e-005
-2.886	4.23557e-005
-2.885	4.45603e-005
-2.884	4.68309e-005
-2.883	4.92533e-005
-2.882	5.17767e-005
-2.881	5.44542e-005
-2.88	5.72442e-005
-2.879	6.01701e-005
-2.878	6.33109e-005
-2.877	6.64909e-005
-2.876	6.99713e-005
-2.875	7.35421e-005
-2.874	7.73207e-005
-2.873	8.13266e-005
-2.872	8.54825e-005
-2.871	8.98692e-005
-2.87	9.45059e-005
-2.869	9.93469e-005
-2.868	0.000104411
-2.867	0.000109825
-2.866	0.000115396
-2.865	0.000121393
-2.864	0.000127576
-2.863	0.000134238
-2.862	0.00014102
-2.861	0.000148352
-2.86	0.000155924
-2.859	0.000163924
-2.858	0.000172337
-2.857	0.000181224
-2.856	0.000190498
-2.855	0.000200365
-2.854	0.000210583
-2.853	0.000221399
-2.852	0.00023282
-2.851	0.000244779
-2.85	0.000257354
-2.849	0.000270598
-2.848	0.000284526
-2.847	0.00029907
-2.846	0.000314531
-2.845	0.000330598
-2.844	0.000347586
-2.843	0.000365497
-2.842	0.000384227
-2.841	0.000404019
-2.84	0.000424787
-2.839	0.000446555
-2.838	0.000469487
-2.837	0.00049365
-2.836	0.000519037
-2.835	0.000545653
-2.834	0.000573686
-2.833	0.000603153
-2.832	0.000634134
-2.831	0.000666886
-2.83	0.000701015
-2.829	0.000737047
-2.828	0.000774894
-2.827	0.000814718
-2.826	0.000856521
-2.825	0.000900633
-2.824	0.000946801
-2.823	0.000995519
-2.822	0.00104671
-2.821	0.00110046
-2.82	0.00115695
-2.819	0.0012165
-2.818	0.00127897
-2.817	0.00134464
-2.816	0.00141384
-2.815	0.00148638
-2.814	0.00156279
-2.813	0.0016431
-2.812	0.00172741
-2.811	0.0018162
-2.81	0.00190958
-2.809	0.0020076
-2.808	0.0021108
-2.807	0.00221917
-2.806	0.00233334
-2.805	0.0024531
-2.804	0.00257937
-2.803	0.00271174
-2.802	0.00285102
-2.801	0.00299761
-2.8	0.00315156
-2.799	0.0033134
-2.798	0.00348399
-2.797	0.00366234
-2.796	0.00385118
-2.795	0.00404852
-2.794	0.00425675
-2.793	0.00447548
-2.792	0.00470551
-2.791	0.00494731
-2.79	0.00520151
-2.789	0.00546893
-2.788	0.00574945
-2.787	0.00604531
-2.786	0.00635562
-2.785	0.00668223
-2.784	0.00702589
-2.783	0.00738648
-2.782	0.00776641
-2.781	0.0081652
-2.78	0.00858462
-2.779	0.00902561
-2.778	0.0094895
-2.777	0.00997729
-2.776	0.0104898
-2.775	0.0110287
-2.774	0.0115953
-2.773	0.012191
-2.772	0.0128175
-2.771	0.0134758
-2.77	0.0141685
-2.769	0.0148968
-2.768	0.0156618
-2.767	0.0164671
-2.766	0.0173126
-2.765	0.0182023
-2.764	0.019137
-2.763	0.0201205
-2.762	0.0211545
-2.761	0.0222416
-2.76	0.0233848
-2.759	0.0245857
-2.758	0.0258495
-2.757	0.027177
-2.756	0.0285738
-2.755	0.0300412
-2.754	0.0315857
-2.753	0.0332076
-2.752	0.0349149
-2.751	0.0367082
-2.75	0.0385945
-2.749	0.0405776
-2.748	0.0426619
-2.747	0.0448541
-2.746	0.0471591
-2.745	0.0495816
-2.744	0.0521299
-2.743	0.0548073
-2.742	0.0576239
-2.741	0.0605846
-2.74	0.0636967
-2.739	0.0669709
-2.738	0.0704116
-2.737	0.0740302
-2.736	0.0778336
-2.735	0.0818315
-2.734	0.0860362
-2.733	0.0904571
-2.732	0.0951047
-2.731	0.0999923
-2.73	0.105129
-2.729	0.110531
-2.728	0.116211
-2.727	0.12218
-2.726	0.128459
-2.725	0.135058
-2.724	0.141997
-2.723	0.149295
-2.722	0.156965
-2.721	0.16503
-2.72	0.173509
-2.719	0.182425
-2.718	0.191798
-2.717	0.201653
-2.716	0.212015
-2.715	0.222909
-2.714	0.23436
-2.713	0.246021
-2.712	0.257877
-2.711	0.269914
-2.71	0.282119
-2.709	0.294481
-2.708	0.306979
-2.707	0.319606
-2.706	0.332343
-2.705	0.345177
-2.704	0.358094
-2.703	0.37108
-2.702	0.384118
-2.701	0.397195
-2.7	0.410298
-2.699	0.423407
-2.698	0.436511
-2.697	0.449595
-2.696	0.462644
-2.695	0.475642
-2.694	0.488574
-2.693	0.501428
-2.692	0.514187
-2.691	0.526837
-2.69	0.539365
-2.689	0.551755
-2.688	0.563994
-2.687	0.576071
-2.686	0.587967
-2.685	0.599672
-2.684	0.611169
-2.683	0.622449
-2.682	0.633499
-2.681	0.644304
-2.68	0.654854
-2.679	0.665137
-2.678	0.675139
-2.677	0.684851
-2.676	0.694261
-2.675	0.703357
-2.674	0.712134
-2.673	0.720575
-2.672	0.728676
-2.671	0.736426
-2.67	0.743813
-2.669	0.750835
-2.668	0.757479
-2.667	0.763739
-2.666	0.769609
-2.665	0.77508
-2.664	0.780146
-2.663	0.784807
-2.662	0.789049
-2.661	0.79287
-2.66	0.796272
-2.659	0.799245
-2.658	0.801784
-2.657	0.803891
-2.656	0.805563
-2.655	0.806795
-2.654	0.80759
-2.653	0.807939
-2.652	0.807851
-2.651	0.80732
-2.65	0.80635
-2.649	0.804941
-2.648	0.803095
-2.647	0.800812
-2.646	0.798099
-2.645	0.794952
-2.644	0.79138
-2.643	0.787388
-2.642	0.782976
-2.641	0.778154
-2.64	0.772922
-2.639	0.767292
-2.638	0.761265
-2.637	0.75485
-2.636	0.748055
-2.635	0.740887
-2.634	0.733354
-2.633	0.725463
-2.632	0.717227
-2.631	0.70865
-2.63	0.699746
-2.629	0.690526
-2.628	0.680995
-2.627	0.671166
-2.626	0.661055
-2.625	0.650668
-2.624	0.640016
-2.623	0.629116
-2.622	0.617977
-2.621	0.606614
-2.62	0.595035
-2.619	0.583257
-2.618	0.571293
-2.617	0.559157
-2.616	0.546862
-2.615	0.534421
-2.614	0.521849
-2.613	0.509161
-2.612	0.49637
-2.611	0.483491
-2.61	0.470538
-2.609	0.457529
-2.608	0.444472
-2.607	0.43139
-2.606	0.418291
-2.605	0.405193
-2.604	0.392112
-2.603	0.379059
-2.602	0.366051
-2.601	0.353104
-2.6	0.34023
-2.599	0.327446
-2.598	0.314764
-2.597	0.302202
-2.596	0.28977
-2.595	0.277485
-2.594	0.265359
-2.593	0.253409
-2.592	0.241645
-2.591	0.230082
-2.59	0.218731
-2.589	0.207607
-2.588	0.196725
-2.587	0.186091
-2.586	0.175722
-2.585	0.165629
-2.584	0.155821
-2.583	0.146312
-2.582	0.137111
-2.581	0.128229
-2.58	0.119676
-2.579	0.111462
-2.578	0.103597
-2.577	0.0960879
-2.576	0.0889454
-2.575	0.0821754
-2.574	0.0757873
-2.573	0.0697873
-2.572	0.0641827
-2.571	0.0589796
-2.57	0.0541846
-2.569	0.0498018
-2.568	0.0458371
-2.567	0.0422949
-2.566	0.0391794
-2.565	0.0364942
-2.564	0.0342415
-2.563	0.0324242
-2.562	0.031045
-2.561	0.0301051
-2.56	0.029605
-2.559	0.0295466
-2.558	0.0299286
-2.557	0.0307514
-2.556	0.0320128
-2.555	0.0337136
-2.554	0.0358499
-2.553	0.0384205
-2.552	0.0414219
-2.551	0.0448511
-2.55	0.0487036
-2.549	0.052975
-2.548	0.0576615
-2.547	0.0627571
-2.546	0.0682555
-2.545	0.0741519
-2.544	0.0804389
-2.543	0.0871087
-2.542	0.0941551
-2.541	0.101568
-2.54	0.109342
-2.539	0.117466
-2.538	0.125931
-2.537	0.134729
-2.536	0.143848
-2.535	0.153279
-2.534	0.163011
-2.533	0.173033
-2.532	0.183334
-2.531	0.193901
-2.53	0.204724
-2.529	0.21579
-2.528	0.227086
-2.527	0.238598
-2.526	0.250315
-2.525	0.262225
-2.524	0.274311
-2.523	0.286561
-2.522	0.298963
-2.521	0.311499
-2.52	0.324158
-2.519	0.336924
-2.518	0.349783
-2.517	0.362719
-2.516	0.375723
-2.515	0.388774
-2.514	0.401862
-2.513	0.414966
-2.512	0.428075
-2.511	0.441176
-2.51	0.45425
-2.509	0.467287
-2.508	0.480267
-2.507	0.49318
-2.506	0.506007
-2.505	0.518739
-2.504	0.531356
-2.503	0.543847
-2.502	0.556196
-2.501	0.568391
-2.5	0.580416
-2.499	0.592261
-2.498	0.603908
-2.497	0.615346
-2.496	0.626564
-2.495	0.637545
-2.494	0.64828
-2.493	0.658755
-2.492	0.668961
-2.491	0.678882
-2.49	0.68851
-2.489	0.697832
-2.488	0.706841
-2.487	0.715523
-2.486	0.723871
-2.485	0.731873
-2.484	0.739523
-2.483	0.746809
-2.482	0.753723
-2.481	0.760262
-2.48	0.76641
-2.479	0.772168
-2.478	0.777529
-2.477	0.78248
-2.476	0.787021
-2.475	0.791148
-2.474	0.794852
-2.473	0.798132
-2.472	0.800985
-2.471	0.803401
-2.47	0.805388
-2.469	0.806934
-2.468	0.808044
-2.467	0.808713
-2.466	0.80894
-2.465	0.808727
-2.464	0.808073
-2.463	0.806981
-2.462	0.805448
-2.461	0.803479
-2.46	0.801073
-2.459	0.798237
-2.458	0.794972
-2.457	0.79128
-2.456	0.787171
-2.455	0.782644
-2.454	0.777705
-2.453	0.772361
-2.452	0.766619
-2.451	0.760482
-2.45	0.753959
-2.449	0.747059
-2.448	0.739786
-2.447	0.732151
-2.446	0.724162
-2.445	0.71583
-2.444	0.707161
-2.443	0.698166
-2.442	0.688858
-2.441	0.679243
-2.44	0.669335
-2.439	0.659143
-2.438	0.648682
-2.437	0.637959
-2.436	0.62699
-2.435	0.615787
-2.434	0.604361
-2.433	0.592727
-2.432	0.580894
-2.431	0.568881
-2.43	0.556698
-2.429	0.544361
-2.428	0.531882
-2.427	0.519275
-2.426	0.506557
-2.425	0.493741
-2.424	0.480839
-2.423	0.46787
-2.422	0.454845
-2.421	0.441782
-2.42	0.428693
-2.419	0.415592
-2.418	0.402497
-2.417	0.389421
-2.416	0.376381
-2.415	0.363388
-2.414	0.35046
-2.413	0.33761
-2.412	0.324855
-2.411	0.312206
-2.41	0.299678
-2.409	0.287286
-2.408	0.275045
-2.407	0.262967
-2.406	0.251067
-2.405	0.239359
-2.404	0.227854
-2.403	0.216567
-2.402	0.20551
-2.401	0.194694
-2.4	0.184136
-2.399	0.173843
-2.398	0.163829
-2.397	0.154105
-2.396	0.14468
-2.395	0.135569
-2.394	0.126777
-2.393	0.11832
-2.392	0.110204
-2.391	0.102438
-2.39	0.095031
-2.389	0.0879921
-2.388	0.0813292
-2.387	0.0750485
-2.386	0.0691596
-2.385	0.0636675
-2.384	0.0585788
-2.383	0.0538991
-2.382	0.0496337
-2.381	0.0457875
-2.38	0.042365
-2.379	0.0393703
-2.378	0.0368061
-2.377	0.0346763
-2.376	0.0329822
-2.375	0.0317264
-2.374	0.0309104
-2.373	0.0305344
-2.372	0.0305996
-2.371	0.0311061
-2.37	0.032052
-2.369	0.0334377
-2.368	0.0352612
-2.367	0.0375197
-2.366	0.0402121
-2.365	0.0433343
-2.364	0.0468828
-2.363	0.0508542
-2.362	0.0552431
-2.361	0.0600448
-2.36	0.0652551
-2.359	0.0708658
-2.358	0.0768732
-2.357	0.0832687
-2.356	0.0900454
-2.355	0.0971956
-2.354	0.104712
-2.353	0.112584
-2.352	0.120805
-2.351	0.129366
-2.35	0.138255
-2.349	0.147464
-2.348	0.156981
-2.347	0.166796
-2.346	0.176897
-2.345	0.187274
-2.344	0.197915
-2.343	0.208807
-2.342	0.21994
-2.341	0.231298
-2.34	0.24287
-2.339	0.254643
-2.338	0.266604
-2.337	0.278737
-2.336	0.291033
-2.335	0.303472
-2.334	0.316045
-2.333	0.328736
-2.332	0.341531
-2.331	0.354413
-2.33	0.36737
-2.329	0.380388
-2.328	0.393452
-2.327	0.406545
-2.326	0.419652
-2.325	0.432761
-2.324	0.445856
-2.323	0.458923
-2.322	0.471943
-2.321	0.484908
-2.32	0.497798
-2.319	0.510601
-2.318	0.523301
-2.317	0.535884
-2.316	0.548338
-2.315	0.560646
-2.314	0.572792
-2.313	0.58477
-2.312	0.596561
-2.311	0.608151
-2.31	0.619529
-2.309	0.630679
-2.308	0.641593
-2.307	0.652257
-2.306	0.662657
-2.305	0.672785
-2.304	0.682625
-2.303	0.692168
-2.302	0.701404
-2.301	0.710324
-2.3	0.71891
-2.299	0.727162
-2.298	0.735065
-2.297	0.742614
-2.296	0.749797
-2.295	0.756606
-2.294	0.763035
-2.293	0.769076
-2.292	0.774723
-2.291	0.779968
-2.29	0.784806
-2.289	0.78923
-2.288	0.793239
-2.287	0.796824
-2.286	0.799986
-2.285	0.802715
-2.284	0.805012
-2.283	0.806872
-2.282	0.8083
-2.281	0.809283
-2.28	0.809828
-2.279	0.80993
-2.278	0.809594
-2.277	0.808817
-2.276	0.807599
-2.275	0.805942
-2.274	0.803853
-2.273	0.801327
-2.272	0.798368
-2.271	0.794983
-2.27	0.791174
-2.269	0.786946
-2.268	0.782303
-2.267	0.77725
-2.266	0.771792
-2.265	0.765938
-2.264	0.759691
-2.263	0.753061
-2.262	0.746056
-2.261	0.738679
-2.26	0.730945
-2.259	0.722858
-2.258	0.714431
-2.257	0.705669
-2.256	0.696585
-2.255	0.687188
-2.254	0.677491
-2.253	0.667502
-2.252	0.657233
-2.251	0.646695
-2.25	0.635904
-2.249	0.624868
-2.248	0.6136
-2.247	0.602114
-2.246	0.59042
-2.245	0.578538
-2.244	0.566476
-2.243	0.554246
-2.242	0.541869
-2.241	0.529352
-2.24	0.516714
-2.239	0.503968
-2.238	0.491124
-2.237	0.478202
-2.236	0.465215
-2.235	0.452178
-2.234	0.439105
-2.233	0.426012
-2.232	0.412912
-2.231	0.399821
-2.23	0.386753
-2.229	0.373726
-2.228	0.360749
-2.227	0.347843
-2.226	0.335017
-2.225	0.322289
-2.224	0.309674
-2.223	0.297182
-2.222	0.284832
-2.221	0.272636
-2.22	0.260605
-2.219	0.24876
-2.218	0.237107
-2.217	0.225661
-2.216	0.214438
-2.215	0.203448
-2.214	0.192703
-2.213	0.182217
-2.212	0.172002
-2.211	0.162069
-2.21	0.152428
-2.209	0.143091
-2.208	0.13407
-2.207	0.125371
-2.206	0.117008
-2.205	0.10899
-2.204	0.101323
-2.203	0.0940199
-2.202	0.0870859
-2.201	0.0805297
-2.2	0.0743588
-2.199	0.0685813
-2.198	0.0632019
-2.197	0.0582274
-2.196	0.0536643
-2.195	0.0495164
-2.194	0.0457888
-2.193	0.0424864
-2.192	0.0396124
-2.191	0.0371709
-2.19	0.0351631
-2.189	0.033592
-2.188	0.0324604
-2.187	0.0317675
-2.186	0.0315159
-2.185	0.0317059
-2.184	0.0323357
-2.183	0.0334059
-2.182	0.0349151
-2.181	0.0368613
-2.18	0.0392422
-2.179	0.042056
-2.178	0.0452983
-2.177	0.0489665
-2.176	0.0530559
-2.175	0.0575618
-2.174	0.0624787
-2.173	0.0678025
-2.172	0.0735257
-2.171	0.0796428
-2.17	0.0861465
-2.169	0.093029
-2.168	0.100283
-2.167	0.107901
-2.166	0.115872
-2.165	0.12419
-2.164	0.132844
-2.163	0.141824
-2.162	0.151122
-2.161	0.160723
-2.16	0.170621
-2.159	0.180799
-2.158	0.191253
-2.157	0.201966
-2.156	0.212928
-2.155	0.224124
-2.154	0.235544
-2.153	0.247174
-2.152	0.259002
-2.151	0.271013
-2.15	0.283193
-2.149	0.29553
-2.148	0.30801
-2.147	0.320618
-2.146	0.33334
-2.145	0.346161
-2.144	0.359066
-2.143	0.372043
-2.142	0.385074
-2.141	0.398147
-2.14	0.411245
-2.139	0.424357
-2.138	0.437464
-2.137	0.450553
-2.136	0.463607
-2.135	0.476616
-2.134	0.489561
-2.133	0.502427
-2.132	0.515204
-2.131	0.527872
-2.13	0.540421
-2.129	0.552835
-2.128	0.565098
-2.127	0.577201
-2.126	0.589127
-2.125	0.600862
-2.124	0.612395
-2.123	0.623711
-2.122	0.634796
-2.121	0.64564
-2.12	0.656233
-2.119	0.666559
-2.118	0.676607
-2.117	0.686365
-2.116	0.695821
-2.115	0.704972
-2.114	0.713798
-2.113	0.722292
-2.112	0.730447
-2.111	0.738253
-2.11	0.745699
-2.109	0.752778
-2.108	0.759482
-2.107	0.7658
-2.106	0.771735
-2.105	0.777268
-2.104	0.7824
-2.103	0.787123
-2.102	0.791431
-2.101	0.795321
-2.1	0.798788
-2.099	0.801827
-2.098	0.804438
-2.097	0.806611
-2.096	0.808349
-2.095	0.809651
-2.094	0.810511
-2.093	0.810933
-2.092	0.810914
-2.091	0.810454
-2.09	0.809552
-2.089	0.808212
-2.088	0.806432
-2.087	0.804218
-2.086	0.801572
-2.085	0.798494
-2.084	0.794987
-2.083	0.79106
-2.082	0.786717
-2.081	0.781956
-2.08	0.776789
-2.079	0.771219
-2.078	0.765255
-2.077	0.758899
-2.076	0.752163
-2.075	0.745052
-2.074	0.737574
-2.073	0.729742
-2.072	0.721557
-2.071	0.713036
-2.07	0.70418
-2.069	0.695009
-2.068	0.685527
-2.067	0.675745
-2.066	0.665675
-2.065	0.655329
-2.064	0.644719
-2.063	0.633857
-2.062	0.622754
-2.061	0.611424
-2.06	0.599879
-2.059	0.588132
-2.058	0.576195
-2.057	0.564085
-2.056	0.551815
-2.055	0.539394
-2.054	0.526844
-2.053	0.514173
-2.052	0.501396
-2.051	0.48853
-2.05	0.475587
-2.049	0.462584
-2.048	0.449536
-2.047	0.436454
-2.046	0.423358
-2.045	0.410259
-2.044	0.397173
-2.043	0.384115
-2.042	0.371098
-2.041	0.358142
-2.04	0.345256
-2.039	0.332456
-2.038	0.31976
-2.037	0.307177
-2.036	0.294723
-2.035	0.282414
-2.034	0.270264
-2.033	0.258283
-2.032	0.246489
-2.031	0.234893
-2.03	0.223509
-2.029	0.21235
-2.028	0.201428
-2.027	0.190755
-2.026	0.180343
-2.025	0.170206
-2.024	0.160354
-2.023	0.150797
-2.022	0.141548
-2.021	0.132615
-2.02	0.124011
-2.019	0.115744
-2.018	0.107823
-2.017	0.100258
-2.016	0.0930572
-2.015	0.0862298
-2.014	0.0797808
-2.013	0.0737193
-2.012	0.0680526
-2.011	0.0627872
-2.01	0.0579282
-2.009	0.0534804
-2.008	0.0494516
-2.007	0.0458428
-2.006	0.0426605
-2.005	0.0399077
-2.004	0.0375881
-2.003	0.0357027
-2.002	0.0342554
-2.001	0.0332471
-2	0.0326788
-1.999	0.0325511
-1.998	0.0328648
-1.997	0.0336191
-1.996	0.0348128
-1.995	0.0364452
-1.994	0.0385144
-1.993	0.0410175
-1.992	0.0439521
-1.991	0.047315
-1.99	0.0511017
-1.989	0.0553093
-1.988	0.0599313
-1.987	0.064964
-1.986	0.0704008
-1.985	0.0762359
-1.984	0.0824628
-1.983	0.0890734
-1.982	0.0960621
-1.981	0.10342
-1.98	0.111138
-1.979	0.119208
-1.978	0.127621
-1.977	0.136368
-1.976	0.145439
-1.975	0.154823
-1.974	0.16451
-1.973	0.174486
-1.972	0.184746
-1.971	0.195273
-1.97	0.206057
-1.969	0.217087
-1.968	0.228348
-1.967	0.239829
-1.966	0.251517
-1.965	0.263397
-1.964	0.275457
-1.963	0.287685
-1.962	0.300062
-1.961	0.31258
-1.96	0.325222
-1.959	0.337973
-1.958	0.35082
-1.957	0.363747
-1.956	0.376742
-1.955	0.389786
-1.954	0.402868
-1.953	0.415974
-1.952	0.429084
-1.951	0.442188
-1.95	0.45527
-1.949	0.468313
-1.948	0.481305
-1.947	0.494231
-1.946	0.507074
-1.945	0.519819
-1.944	0.532458
-1.943	0.544971
-1.942	0.557345
-1.941	0.569565
-1.94	0.581617
-1.939	0.593494
-1.938	0.605172
-1.937	0.616646
-1.936	0.627898
-1.935	0.638921
-1.934	0.649694
-1.933	0.660214
-1.932	0.670462
-1.931	0.68043
-1.93	0.690105
-1.929	0.699478
-1.928	0.708538
-1.927	0.717272
-1.926	0.725673
-1.925	0.73373
-1.924	0.741437
-1.923	0.74878
-1.922	0.755756
-1.921	0.762352
-1.92	0.768566
-1.919	0.774387
-1.918	0.779808
-1.917	0.784826
-1.916	0.789433
-1.915	0.793625
-1.914	0.797396
-1.913	0.800744
-1.912	0.803661
-1.911	0.806151
-1.91	0.808204
-1.909	0.809821
-1.908	0.810996
-1.907	0.811734
-1.906	0.812032
-1.905	0.811891
-1.904	0.811306
-1.903	0.81028
-1.902	0.808818
-1.901	0.806917
-1.9	0.80458
-1.899	0.801813
-1.898	0.798615
-1.897	0.794991
-1.896	0.790944
-1.895	0.786482
-1.894	0.781608
-1.893	0.776327
-1.892	0.770646
-1.891	0.764571
-1.89	0.758108
-1.889	0.751267
-1.888	0.744052
-1.887	0.736472
-1.886	0.728539
-1.885	0.720261
-1.884	0.711643
-1.883	0.702699
-1.882	0.693437
-1.881	0.683871
-1.88	0.674006
-1.879	0.663858
-1.878	0.653439
-1.877	0.642754
-1.876	0.631824
-1.875	0.620655
-1.874	0.609263
-1.873	0.597661
-1.872	0.58586
-1.871	0.573871
-1.87	0.561714
-1.869	0.549401
-1.868	0.536942
-1.867	0.524355
-1.866	0.511651
-1.865	0.49885
-1.864	0.48596
-1.863	0.473
-1.862	0.459981
-1.861	0.446921
-1.86	0.433835
-1.859	0.420735
-1.858	0.407639
-1.857	0.39456
-1.856	0.381511
-1.855	0.368509
-1.854	0.35557
-1.853	0.342707
-1.852	0.329935
-1.851	0.317266
-1.85	0.304718
-1.849	0.292304
-1.848	0.280038
-1.847	0.267933
-1.846	0.256004
-1.845	0.244264
-1.844	0.232726
-1.843	0.221404
-1.842	0.21031
-1.841	0.199455
-1.84	0.188854
-1.839	0.178519
-1.838	0.16846
-1.837	0.158689
-1.836	0.149217
-1.835	0.140056
-1.834	0.131214
-1.833	0.122703
-1.832	0.114532
-1.831	0.10671
-1.83	0.0992464
-1.829	0.0921488
-1.828	0.0854263
-1.827	0.0790865
-1.826	0.0731348
-1.825	0.06758
-1.824	0.0624278
-1.823	0.057684
-1.822	0.053353
-1.821	0.0494414
-1.82	0.0459526
-1.819	0.0428901
-1.818	0.0402586
-1.817	0.0380604
-1.816	0.0362986
-1.815	0.0349744
-1.814	0.0340892
-1.813	0.033645
-1.812	0.0336413
-1.811	0.0340785
-1.81	0.0349568
-1.809	0.0362745
-1.808	0.0380297
-1.807	0.0402211
-1.806	0.0428458
-1.805	0.0459013
-1.804	0.0493843
-1.803	0.05329
-1.802	0.0576146
-1.801	0.0623529
-1.8	0.0674999
-1.799	0.0730498
-1.798	0.078996
-1.797	0.0853313
-1.796	0.0920503
-1.795	0.099143
-1.794	0.106604
-1.793	0.114422
-1.792	0.12259
-1.791	0.131099
-1.79	0.139938
-1.789	0.149099
-1.788	0.158569
-1.787	0.168339
-1.786	0.178397
-1.785	0.188734
-1.784	0.199335
-1.783	0.210191
-1.782	0.221287
-1.781	0.232612
-1.78	0.244153
-1.779	0.255896
-1.778	0.267829
-1.777	0.279938
-1.776	0.29221
-1.775	0.30463
-1.774	0.317184
-1.773	0.329859
-1.772	0.34264
-1.771	0.355512
-1.77	0.36846
-1.769	0.381471
-1.768	0.394528
-1.767	0.407618
-1.766	0.420728
-1.765	0.433839
-1.764	0.446939
-1.763	0.460011
-1.762	0.473044
-1.761	0.486019
-1.76	0.498923
-1.759	0.511742
-1.758	0.52446
-1.757	0.537064
-1.756	0.549541
-1.755	0.561873
-1.754	0.574049
-1.753	0.586055
-1.752	0.597877
-1.751	0.609501
-1.75	0.620914
-1.749	0.632105
-1.748	0.643057
-1.747	0.653764
-1.746	0.664207
-1.745	0.674378
-1.744	0.684266
-1.743	0.693857
-1.742	0.703145
-1.741	0.712114
-1.74	0.720757
-1.739	0.729063
-1.738	0.737024
-1.737	0.744629
-1.736	0.75187
-1.735	0.758742
-1.734	0.765231
-1.733	0.771336
-1.732	0.777046
-1.731	0.782356
-1.73	0.787259
-1.729	0.79175
-1.728	0.795824
-1.727	0.799478
-1.726	0.802704
-1.725	0.805504
-1.724	0.80787
-1.723	0.809801
-1.722	0.811294
-1.721	0.812349
-1.72	0.812963
-1.719	0.813137
-1.718	0.812872
-1.717	0.812165
-1.716	0.811015
-1.715	0.809429
-1.714	0.807405
-1.713	0.804949
-1.712	0.802058
-1.711	0.79874
-1.71	0.795
-1.709	0.790836
-1.708	0.786257
-1.707	0.781269
-1.706	0.775872
-1.705	0.770083
-1.704	0.763895
-1.703	0.757327
-1.702	0.75038
-1.701	0.743062
-1.7	0.735382
-1.699	0.72735
-1.698	0.718976
-1.697	0.710265
-1.696	0.701231
-1.695	0.691881
-1.694	0.68223
-1.693	0.672284
-1.692	0.662058
-1.691	0.651564
-1.69	0.64081
-1.689	0.629809
-1.688	0.618578
-1.687	0.607125
-1.686	0.595464
-1.685	0.583608
-1.684	0.571572
-1.683	0.559367
-1.682	0.547011
-1.681	0.534515
-1.68	0.521894
-1.679	0.509161
-1.678	0.496331
-1.677	0.483421
-1.676	0.470442
-1.675	0.457409
-1.674	0.444341
-1.673	0.431248
-1.672	0.41815
-1.671	0.405054
-1.67	0.391981
-1.669	0.378944
-1.668	0.365958
-1.667	0.353038
-1.666	0.340197
-1.665	0.327453
-1.664	0.314816
-1.663	0.302305
-1.662	0.28993
-1.661	0.277707
-1.66	0.265649
-1.659	0.253772
-1.658	0.242086
-1.657	0.230607
-1.656	0.219346
-1.655	0.208318
-1.654	0.197533
-1.653	0.187004
-1.652	0.176745
-1.651	0.166765
-1.65	0.157077
-1.649	0.147691
-1.648	0.138617
-1.647	0.129867
-1.646	0.121449
-1.645	0.113375
-1.644	0.105653
-1.643	0.0982904
-1.642	0.0912983
-1.641	0.0846806
-1.64	0.0784486
-1.639	0.0726081
-1.638	0.0671648
-1.637	0.0621255
-1.636	0.0574963
-1.635	0.0532834
-1.634	0.0494891
-1.633	0.0461194
-1.632	0.0431776
-1.631	0.0406676
-1.63	0.0385907
-1.629	0.0369516
-1.628	0.0357506
-1.627	0.0349887
-1.626	0.0346683
-1.625	0.0347882
-1.624	0.0353495
-1.623	0.0363512
-1.622	0.0377914
-1.621	0.0396694
-1.62	0.041983
-1.619	0.0447289
-1.618	0.0479049
-1.617	0.0515072
-1.616	0.0555309
-1.615	0.0599725
-1.614	0.0648268
-1.613	0.0700875
-1.612	0.0757497
-1.611	0.0818058
-1.61	0.0882503
-1.609	0.0950751
-1.608	0.102273
-1.607	0.109835
-1.606	0.117753
-1.605	0.126019
-1.604	0.134621
-1.603	0.143553
-1.602	0.152801
-1.601	0.162358
-1.6	0.172212
-1.599	0.18235
-1.598	0.192762
-1.597	0.203437
-1.596	0.214362
-1.595	0.225525
-1.594	0.236913
-1.593	0.248512
-1.592	0.260312
-1.591	0.272297
-1.59	0.284454
-1.589	0.29677
-1.588	0.30923
-1.587	0.32182
-1.586	0.334527
-1.585	0.347337
-1.584	0.360232
-1.583	0.373201
-1.582	0.386228
-1.581	0.399298
-1.58	0.412397
-1.579	0.425509
-1.578	0.43862
-1.577	0.451713
-1.576	0.464778
-1.575	0.477798
-1.574	0.490755
-1.573	0.503638
-1.572	0.516432
-1.571	0.529122
-1.57	0.541693
-1.569	0.554131
-1.568	0.566422
-1.567	0.578553
-1.566	0.590511
-1.565	0.60228
-1.564	0.613847
-1.563	0.6252
-1.562	0.636327
-1.561	0.647213
-1.56	0.657846
-1.559	0.668218
-1.558	0.678313
-1.557	0.688118
-1.556	0.697625
-1.555	0.706827
-1.554	0.715707
-1.553	0.724256
-1.552	0.732471
-1.551	0.740332
-1.55	0.747838
-1.549	0.754975
-1.548	0.761742
-1.547	0.768127
-1.546	0.77412
-1.545	0.77972
-1.544	0.784915
-1.543	0.789705
-1.542	0.794082
-1.541	0.798038
-1.54	0.801574
-1.539	0.804681
-1.538	0.807361
-1.537	0.809608
-1.536	0.811414
-1.535	0.812788
-1.534	0.813719
-1.533	0.81421
-1.532	0.814261
-1.531	0.813869
-1.53	0.813037
-1.529	0.811771
-1.528	0.81006
-1.527	0.807914
-1.526	0.805334
-1.525	0.802324
-1.524	0.798889
-1.523	0.795029
-1.522	0.790747
-1.521	0.786054
-1.52	0.780952
-1.519	0.775444
-1.518	0.769542
-1.517	0.763247
-1.516	0.756571
-1.515	0.749519
-1.514	0.742098
-1.513	0.734317
-1.512	0.726187
-1.511	0.717715
-1.51	0.708915
-1.509	0.69979
-1.508	0.690357
-1.507	0.680619
-1.506	0.670595
-1.505	0.660292
-1.504	0.649721
-1.503	0.638897
-1.502	0.627828
-1.501	0.616533
-1.5	0.605019
-1.499	0.593303
-1.498	0.581393
-1.497	0.569308
-1.496	0.55706
-1.495	0.544662
-1.494	0.532128
-1.493	0.519471
-1.492	0.50671
-1.491	0.493856
-1.49	0.480922
-1.489	0.467927
-1.488	0.454883
-1.487	0.441805
-1.486	0.428707
-1.485	0.415606
-1.484	0.402515
-1.483	0.389449
-1.482	0.376424
-1.481	0.363452
-1.48	0.350553
-1.479	0.337737
-1.478	0.325021
-1.477	0.312417
-1.476	0.299941
-1.475	0.287605
-1.474	0.275426
-1.473	0.263417
-1.472	0.251591
-1.471	0.239962
-1.47	0.228539
-1.469	0.217343
-1.468	0.206381
-1.467	0.195665
-1.466	0.18521
-1.465	0.175026
-1.464	0.165126
-1.463	0.15552
-1.462	0.146221
-1.461	0.137236
-1.46	0.128577
-1.459	0.120254
-1.458	0.112277
-1.457	0.104654
-1.456	0.0973927
-1.455	0.0905036
-1.454	0.0839939
-1.453	0.0778691
-1.452	0.0721388
-1.451	0.0668084
-1.45	0.0618832
-1.449	0.0573694
-1.448	0.0532725
-1.447	0.0495971
-1.446	0.0463458
-1.445	0.0435244
-1.444	0.0411352
-1.443	0.0391805
-1.442	0.0376638
-1.441	0.0365853
-1.44	0.0359473
-1.439	0.0357496
-1.438	0.0359933
-1.437	0.0366778
-1.436	0.0378026
-1.435	0.0393657
-1.434	0.0413663
-1.433	0.0438015
-1.432	0.0466682
-1.431	0.0499646
-1.43	0.0536852
-1.429	0.0578269
-1.428	0.0623853
-1.427	0.0673543
-1.426	0.0727277
-1.425	0.0785022
-1.424	0.0846683
-1.423	0.0912205
-1.422	0.0981518
-1.421	0.105452
-1.42	0.113116
-1.419	0.121133
-1.418	0.129495
-1.417	0.138191
-1.416	0.147214
-1.415	0.15655
-1.414	0.166192
-1.413	0.176128
-1.412	0.186345
-1.411	0.196834
-1.41	0.20758
-1.409	0.218574
-1.408	0.229803
-1.407	0.241253
-1.406	0.252911
-1.405	0.264764
-1.404	0.276801
-1.403	0.289005
-1.402	0.301363
-1.401	0.313864
-1.4	0.326489
-1.399	0.339228
-1.398	0.352065
-1.397	0.364984
-1.396	0.377971
-1.395	0.391014
-1.394	0.404095
-1.393	0.4172
-1.392	0.430315
-1.391	0.443423
-1.39	0.456514
-1.389	0.469568
-1.388	0.482574
-1.387	0.495513
-1.386	0.508376
-1.385	0.521143
-1.384	0.533803
-1.383	0.54634
-1.382	0.558739
-1.381	0.570991
-1.38	0.583077
-1.379	0.594984
-1.378	0.606698
-1.377	0.618208
-1.376	0.629501
-1.375	0.640562
-1.374	0.651382
-1.373	0.661945
-1.372	0.672241
-1.371	0.68226
-1.37	0.691985
-1.369	0.70141
-1.368	0.710521
-1.367	0.719313
-1.366	0.727772
-1.365	0.735887
-1.364	0.743655
-1.363	0.751057
-1.362	0.758094
-1.361	0.764755
-1.36	0.771031
-1.359	0.776918
-1.358	0.782408
-1.357	0.787492
-1.356	0.792168
-1.355	0.796426
-1.354	0.800269
-1.353	0.803685
-1.352	0.806675
-1.351	0.809235
-1.35	0.811358
-1.349	0.813046
-1.348	0.814295
-1.347	0.815104
-1.346	0.815473
-1.345	0.815401
-1.344	0.814887
-1.343	0.813935
-1.342	0.812542
-1.341	0.810712
-1.34	0.808443
-1.339	0.805744
-1.338	0.802615
-1.337	0.79906
-1.336	0.795082
-1.335	0.790685
-1.334	0.785876
-1.333	0.780662
-1.332	0.77504
-1.331	0.769026
-1.33	0.762625
-1.329	0.755842
-1.328	0.748688
-1.327	0.741163
-1.326	0.733284
-1.325	0.725059
-1.324	0.716493
-1.323	0.7076
-1.322	0.698388
-1.321	0.688867
-1.32	0.679047
-1.319	0.668942
-1.318	0.658563
-1.317	0.647917
-1.316	0.637023
-1.315	0.62589
-1.314	0.614531
-1.313	0.602957
-1.312	0.591184
-1.311	0.579223
-1.31	0.56709
-1.309	0.554795
-1.308	0.542358
-1.307	0.529787
-1.306	0.517101
-1.305	0.504309
-1.304	0.491431
-1.303	0.478476
-1.302	0.465463
-1.301	0.452409
-1.3	0.43932
-1.299	0.426218
-1.298	0.413115
-1.297	0.40003
-1.296	0.386972
-1.295	0.37396
-1.294	0.361005
-1.293	0.348125
-1.292	0.335334
-1.291	0.322647
-1.29	0.310075
-1.289	0.297635
-1.288	0.285341
-1.287	0.273206
-1.286	0.261246
-1.285	0.249471
-1.284	0.237897
-1.283	0.226536
-1.282	0.215401
-1.281	0.204505
-1.28	0.193859
-1.279	0.183477
-1.278	0.173371
-1.277	0.163551
-1.276	0.154028
-1.275	0.144813
-1.274	0.135917
-1.273	0.127351
-1.272	0.119121
-1.271	0.111241
-1.27	0.103717
-1.269	0.096559
-1.268	0.0897733
-1.267	0.0833696
-1.266	0.077354
-1.265	0.0717331
-1.264	0.0665145
-1.263	0.0617028
-1.262	0.0573049
-1.261	0.0533235
-1.26	0.0497661
-1.259	0.0466341
-1.258	0.0439328
-1.257	0.0416644
-1.256	0.0398311
-1.255	0.0384362
-1.254	0.0374805
-1.253	0.0369654
-1.252	0.0368907
-1.251	0.0372577
-1.25	0.0380653
-1.249	0.0393123
-1.248	0.0409984
-1.247	0.0431208
-1.246	0.0456767
-1.245	0.0486644
-1.244	0.0520795
-1.243	0.0559193
-1.242	0.0601776
-1.241	0.0648524
-1.24	0.0699352
-1.239	0.075422
-1.238	0.0813074
-1.237	0.0875824
-1.236	0.0942423
-1.235	0.101278
-1.234	0.108682
-1.233	0.116446
-1.232	0.124563
-1.231	0.133019
-1.23	0.14181
-1.229	0.150921
-1.228	0.160346
-1.227	0.170072
-1.226	0.180088
-1.225	0.190383
-1.224	0.200947
-1.223	0.211766
-1.222	0.222828
-1.221	0.234121
-1.22	0.245631
-1.219	0.257348
-1.218	0.269256
-1.217	0.281342
-1.216	0.293593
-1.215	0.305995
-1.214	0.318532
-1.213	0.331193
-1.212	0.343962
-1.211	0.356824
-1.21	0.369767
-1.209	0.382773
-1.208	0.39583
-1.207	0.40892
-1.206	0.422032
-1.205	0.435148
-1.204	0.448257
-1.203	0.46134
-1.202	0.474384
-1.201	0.487375
-1.2	0.500297
-1.199	0.513136
-1.198	0.525877
-1.197	0.538505
-1.196	0.551008
-1.195	0.563369
-1.194	0.575577
-1.193	0.587618
-1.192	0.599472
-1.191	0.611135
-1.19	0.622586
-1.189	0.633819
-1.188	0.644817
-1.187	0.655566
-1.186	0.666062
-1.185	0.676281
-1.184	0.686219
-1.183	0.695864
-1.182	0.705206
-1.181	0.71423
-1.18	0.722931
-1.179	0.731296
-1.178	0.73932
-1.177	0.746985
-1.176	0.754289
-1.175	0.761223
-1.174	0.767779
-1.173	0.773951
-1.172	0.779725
-1.171	0.785106
-1.17	0.790079
-1.169	0.794639
-1.168	0.798784
-1.167	0.80251
-1.166	0.805807
-1.165	0.808679
-1.164	0.811115
-1.163	0.813119
-1.162	0.814688
-1.161	0.815813
-1.16	0.816503
-1.159	0.816746
-1.158	0.816553
-1.157	0.815919
-1.156	0.814843
-1.155	0.813328
-1.154	0.811376
-1.153	0.808988
-1.152	0.806169
-1.151	0.802921
-1.15	0.799247
-1.149	0.795152
-1.148	0.790639
-1.147	0.785718
-1.146	0.780385
-1.145	0.774657
-1.144	0.768534
-1.143	0.762024
-1.142	0.755138
-1.141	0.747879
-1.14	0.740254
-1.139	0.732277
-1.138	0.723954
-1.137	0.715297
-1.136	0.70631
-1.135	0.697011
-1.134	0.687404
-1.133	0.677505
-1.132	0.667321
-1.131	0.656864
-1.13	0.646149
-1.129	0.635183
-1.128	0.623985
-1.127	0.612565
-1.126	0.600932
-1.125	0.589104
-1.124	0.577094
-1.123	0.564912
-1.122	0.552575
-1.121	0.540097
-1.12	0.527491
-1.119	0.514773
-1.118	0.501953
-1.117	0.489048
-1.116	0.476075
-1.115	0.463048
-1.114	0.44998
-1.113	0.436885
-1.112	0.42378
-1.111	0.41068
-1.11	0.397598
-1.109	0.384548
-1.108	0.371551
-1.107	0.358615
-1.106	0.345754
-1.105	0.332988
-1.104	0.320331
-1.103	0.307791
-1.102	0.29539
-1.101	0.283135
-1.1	0.271047
-1.099	0.259134
-1.098	0.247411
-1.097	0.235894
-1.096	0.224592
-1.095	0.213522
-1.094	0.202693
-1.093	0.192118
-1.092	0.18181
-1.091	0.17178
-1.09	0.16204
-1.089	0.1526
-1.088	0.143471
-1.087	0.134665
-1.086	0.126189
-1.085	0.118055
-1.084	0.110272
-1.083	0.102847
-1.082	0.0957906
-1.081	0.0891093
-1.08	0.0828109
-1.079	0.0769036
-1.078	0.0713931
-1.077	0.0662861
-1.076	0.0615883
-1.075	0.0573046
-1.074	0.0534406
-1.073	0.0500002
-1.072	0.0469869
-1.071	0.0444046
-1.07	0.0422571
-1.069	0.0405449
-1.068	0.0392711
-1.067	0.0384384
-1.066	0.0380448
-1.065	0.0380931
-1.064	0.0385824
-1.063	0.0395125
-1.062	0.0408819
-1.061	0.0426894
-1.06	0.0449331
-1.059	0.0476094
-1.058	0.050717
-1.057	0.0542507
-1.056	0.058208
-1.055	0.0625832
-1.054	0.067372
-1.053	0.072569
-1.052	0.0781683
-1.051	0.0841634
-1.05	0.0905475
-1.049	0.0973133
-1.048	0.104453
-1.047	0.111959
-1.046	0.119824
-1.045	0.128035
-1.044	0.136588
-1.043	0.14547
-1.042	0.154671
-1.041	0.164183
-1.04	0.173991
-1.039	0.184089
-1.038	0.194462
-1.037	0.205099
-1.036	0.215988
-1.035	0.227118
-1.034	0.238475
-1.033	0.250044
-1.032	0.261817
-1.031	0.27378
-1.03	0.285914
-1.029	0.29821
-1.028	0.310654
-1.027	0.323229
-1.026	0.335924
-1.025	0.348721
-1.024	0.361609
-1.023	0.374575
-1.022	0.387598
-1.021	0.400668
-1.02	0.413769
-1.019	0.426885
-1.018	0.440004
-1.017	0.453109
-1.016	0.466183
-1.015	0.479219
-1.014	0.492192
-1.013	0.505095
-1.012	0.517912
-1.011	0.530624
-1.01	0.543221
-1.009	0.555688
-1.008	0.56801
-1.007	0.580176
-1.006	0.592167
-1.005	0.603974
-1.004	0.61558
-1.003	0.626975
-1.002	0.638146
-1.001	0.649077
-1	0.659761
-0.999	0.67018
-0.998	0.680326
-0.997	0.690186
-0.996	0.699748
-0.995	0.709005
-0.994	0.717943
-0.993	0.72655
-0.992	0.734825
-0.991	0.74275
-0.99	0.750318
-0.989	0.757524
-0.988	0.764353
-0.987	0.770806
-0.986	0.776868
-0.985	0.782538
-0.984	0.787805
-0.983	0.792664
-0.982	0.797113
-0.981	0.80114
-0.98	0.804749
-0.979	0.80793
-0.978	0.810682
-0.977	0.812999
-0.976	0.814883
-0.975	0.816329
-0.974	0.817336
-0.973	0.817899
-0.972	0.818023
-0.971	0.81771
-0.97	0.81695
-0.969	0.815755
-0.968	0.814118
-0.967	0.812044
-0.966	0.809537
-0.965	0.806599
-0.964	0.80323
-0.963	0.799438
-0.962	0.795225
-0.961	0.790602
-0.96	0.785565
-0.959	0.780122
-0.958	0.77428
-0.957	0.76805
-0.956	0.761435
-0.955	0.754442
-0.954	0.747082
-0.953	0.739357
-0.952	0.731283
-0.951	0.722864
-0.95	0.714113
-0.949	0.705039
-0.948	0.695653
-0.947	0.685961
-0.946	0.675979
-0.945	0.665718
-0.944	0.655186
-0.943	0.6444
-0.942	0.633368
-0.941	0.622104
-0.94	0.610623
-0.939	0.598933
-0.938	0.587053
-0.937	0.574991
-0.936	0.562763
-0.935	0.550384
-0.934	0.537867
-0.933	0.525226
-0.932	0.512476
-0.931	0.499631
-0.93	0.486705
-0.929	0.473713
-0.928	0.46067
-0.927	0.447592
-0.926	0.434492
-0.925	0.421382
-0.924	0.408286
-0.923	0.39521
-0.922	0.382171
-0.921	0.369186
-0.92	0.356268
-0.919	0.343433
-0.918	0.330692
-0.917	0.318063
-0.916	0.30556
-0.915	0.293194
-0.914	0.280984
-0.913	0.268941
-0.912	0.257078
-0.911	0.24541
-0.91	0.233949
-0.909	0.222708
-0.908	0.211702
-0.907	0.20094
-0.906	0.190436
-0.905	0.180202
-0.904	0.170251
-0.903	0.16059
-0.902	0.151234
-0.901	0.142193
-0.9	0.133476
-0.899	0.125092
-0.898	0.117052
-0.897	0.109367
-0.896	0.102042
-0.895	0.0950875
-0.894	0.0885108
-0.893	0.0823194
-0.892	0.0765196
-0.891	0.07112
-0.89	0.0661248
-0.889	0.0615406
-0.888	0.057371
-0.887	0.0536228
-0.886	0.0502999
-0.885	0.0474051
-0.884	0.0449421
-0.883	0.0429145
-0.882	0.0413235
-0.881	0.0401711
-0.88	0.0394592
-0.879	0.0391876
-0.878	0.0393582
-0.877	0.0399692
-0.876	0.0410207
-0.875	0.0425117
-0.874	0.0444403
-0.873	0.0468033
-0.872	0.0496007
-0.871	0.052826
-0.87	0.0564778
-0.869	0.0605516
-0.868	0.0650419
-0.867	0.0699451
-0.866	0.0752542
-0.865	0.0809645
-0.864	0.0870684
-0.863	0.0935598
-0.862	0.10043
-0.861	0.107673
-0.86	0.11528
-0.859	0.123243
-0.858	0.131551
-0.857	0.140196
-0.856	0.149169
-0.855	0.158458
-0.854	0.168054
-0.853	0.177944
-0.852	0.188121
-0.851	0.198569
-0.85	0.20928
-0.849	0.220237
-0.848	0.231432
-0.847	0.242852
-0.846	0.25448
-0.845	0.266308
-0.844	0.278321
-0.843	0.290502
-0.842	0.302844
-0.841	0.315327
-0.84	0.327936
-0.839	0.340665
-0.838	0.353489
-0.837	0.366403
-0.836	0.379387
-0.835	0.392427
-0.834	0.405509
-0.833	0.418616
-0.832	0.431736
-0.831	0.444855
-0.83	0.457954
-0.829	0.471023
-0.828	0.484044
-0.827	0.497002
-0.826	0.509883
-0.825	0.522673
-0.824	0.535359
-0.823	0.547922
-0.822	0.560354
-0.821	0.572635
-0.82	0.584756
-0.819	0.596699
-0.818	0.608454
-0.817	0.620007
-0.816	0.63134
-0.815	0.642448
-0.814	0.653313
-0.813	0.663929
-0.812	0.674273
-0.811	0.684343
-0.81	0.694123
-0.809	0.703605
-0.808	0.712775
-0.807	0.721623
-0.806	0.730145
-0.805	0.738321
-0.804	0.746153
-0.803	0.753623
-0.802	0.760726
-0.801	0.767455
-0.8	0.773797
-0.799	0.779754
-0.798	0.785316
-0.797	0.790471
-0.796	0.795217
-0.795	0.799551
-0.794	0.803466
-0.793	0.806956
-0.792	0.810019
-0.791	0.812652
-0.79	0.814853
-0.789	0.816616
-0.788	0.81794
-0.787	0.818826
-0.786	0.819269
-0.785	0.819273
-0.784	0.818836
-0.783	0.817956
-0.782	0.816636
-0.781	0.81488
-0.78	0.812687
-0.779	0.810058
-0.778	0.807002
-0.777	0.803517
-0.776	0.799609
-0.775	0.795281
-0.774	0.790541
-0.773	0.785392
-0.772	0.779839
-0.771	0.77389
-0.77	0.76755
-0.769	0.76083
-0.768	0.753733
-0.767	0.746271
-0.766	0.73845
-0.765	0.730279
-0.764	0.721767
-0.763	0.712924
-0.762	0.70376
-0.761	0.694289
-0.76	0.684515
-0.759	0.674454
-0.758	0.664117
-0.757	0.653513
-0.756	0.642656
-0.755	0.631558
-0.754	0.620232
-0.753	0.608691
-0.752	0.596946
-0.751	0.585012
-0.75	0.572901
-0.749	0.560629
-0.748	0.548211
-0.747	0.535656
-0.746	0.522984
-0.745	0.510204
-0.744	0.497333
-0.743	0.484386
-0.742	0.471379
-0.741	0.458324
-0.74	0.445235
-0.739	0.432131
-0.738	0.419024
-0.737	0.405927
-0.736	0.392859
-0.735	0.379834
-0.734	0.366863
-0.733	0.353965
-0.732	0.341151
-0.731	0.32844
-0.73	0.315843
-0.729	0.303375
-0.728	0.291051
-0.727	0.278884
-0.726	0.266888
-0.725	0.255076
-0.724	0.243462
-0.723	0.23206
-0.722	0.220881
-0.721	0.209938
-0.72	0.199246
-0.719	0.188815
-0.718	0.178657
-0.717	0.168783
-0.716	0.159204
-0.715	0.149934
-0.714	0.140978
-0.713	0.132351
-0.712	0.124061
-0.711	0.116117
-0.71	0.108529
-0.709	0.101305
-0.708	0.0944527
-0.707	0.0879808
-0.706	0.0818955
-0.705	0.0762054
-0.704	0.0709152
-0.703	0.0660317
-0.702	0.0615605
-0.701	0.0575069
-0.7	0.053875
-0.699	0.0506682
-0.698	0.047892
-0.697	0.0455482
-0.696	0.04364
-0.695	0.0421689
-0.694	0.0411381
-0.693	0.0405465
-0.692	0.0403964
-0.691	0.0406876
-0.69	0.0414203
-0.689	0.0425924
-0.688	0.044204
-0.687	0.0462518
-0.686	0.0487348
-0.685	0.0516499
-0.684	0.0549928
-0.683	0.0587619
-0.682	0.0629499
-0.681	0.0675549
-0.68	0.0725698
-0.679	0.0779908
-0.678	0.0838084
-0.677	0.0900207
-0.676	0.0966169
-0.675	0.103591
-0.674	0.110936
-0.673	0.11864
-0.672	0.126699
-0.671	0.135101
-0.67	0.143838
-0.669	0.152898
-0.668	0.162274
-0.667	0.171951
-0.666	0.181923
-0.665	0.192175
-0.664	0.202697
-0.663	0.213477
-0.662	0.224501
-0.661	0.235759
-0.66	0.247237
-0.659	0.258924
-0.658	0.270803
-0.657	0.282863
-0.656	0.295091
-0.655	0.307473
-0.654	0.319992
-0.653	0.332638
-0.652	0.345392
-0.651	0.358246
-0.65	0.371179
-0.649	0.384179
-0.648	0.397234
-0.647	0.410324
-0.646	0.42344
-0.645	0.436559
-0.644	0.449674
-0.643	0.462765
-0.642	0.475824
-0.641	0.488829
-0.64	0.501768
-0.639	0.514627
-0.638	0.52739
-0.637	0.540044
-0.636	0.552573
-0.635	0.564965
-0.634	0.577202
-0.633	0.589279
-0.632	0.601171
-0.631	0.612871
-0.63	0.624366
-0.629	0.635639
-0.628	0.646681
-0.627	0.657481
-0.626	0.668022
-0.625	0.678294
-0.624	0.688284
-0.623	0.697984
-0.622	0.707383
-0.621	0.716466
-0.62	0.725228
-0.619	0.733653
-0.618	0.741739
-0.617	0.749469
-0.616	0.756842
-0.615	0.763841
-0.614	0.770465
-0.613	0.776706
-0.612	0.782552
-0.611	0.788003
-0.61	0.79305
-0.609	0.797683
-0.608	0.801902
-0.607	0.805701
-0.606	0.809074
-0.605	0.812022
-0.604	0.814536
-0.603	0.816617
-0.602	0.818261
-0.601	0.819465
-0.6	0.820229
-0.599	0.820553
-0.598	0.820434
-0.597	0.819876
-0.596	0.818875
-0.595	0.817438
-0.594	0.815562
-0.593	0.813249
-0.592	0.810503
-0.591	0.80733
-0.59	0.803729
-0.589	0.799706
-0.588	0.795265
-0.587	0.790411
-0.586	0.785151
-0.585	0.77949
-0.584	0.773433
-0.583	0.766991
-0.582	0.760164
-0.581	0.752966
-0.58	0.745406
-0.579	0.737487
-0.578	0.729222
-0.577	0.720618
-0.576	0.711688
-0.575	0.702441
-0.574	0.692884
-0.573	0.683033
-0.572	0.672896
-0.571	0.662482
-0.57	0.651809
-0.569	0.640886
-0.568	0.629723
-0.567	0.618338
-0.566	0.606738
-0.565	0.594942
-0.564	0.582959
-0.563	0.570802
-0.562	0.55849
-0.561	0.546032
-0.56	0.533444
-0.559	0.52074
-0.558	0.507935
-0.557	0.495044
-0.556	0.482078
-0.555	0.469056
-0.554	0.455991
-0.553	0.442898
-0.552	0.42979
-0.551	0.416685
-0.55	0.403595
-0.549	0.390535
-0.548	0.377524
-0.547	0.364575
-0.546	0.351698
-0.545	0.33891
-0.544	0.32623
-0.543	0.313666
-0.542	0.301238
-0.541	0.288954
-0.54	0.276833
-0.539	0.264886
-0.538	0.253127
-0.537	0.241571
-0.536	0.230228
-0.535	0.219113
-0.534	0.208238
-0.533	0.197616
-0.532	0.187258
-0.531	0.177176
-0.53	0.167382
-0.529	0.157887
-0.528	0.148701
-0.527	0.139836
-0.526	0.131299
-0.525	0.123103
-0.524	0.115256
-0.523	0.107767
-0.522	0.100643
-0.521	0.0938935
-0.52	0.0875268
-0.519	0.0815486
-0.518	0.0759667
-0.517	0.0707874
-0.516	0.0660162
-0.515	0.0616577
-0.514	0.0577191
-0.513	0.0542025
-0.512	0.051113
-0.511	0.0484545
-0.51	0.0462285
-0.509	0.0444395
-0.508	0.0430881
-0.507	0.0421766
-0.506	0.0417052
-0.505	0.0416754
-0.504	0.0420866
-0.503	0.0429385
-0.502	0.0442304
-0.501	0.0459607
-0.5	0.0481273
-0.499	0.0507276
-0.498	0.0537588
-0.497	0.0572181
-0.496	0.0611006
-0.495	0.0654026
-0.494	0.0701187
-0.493	0.0752447
-0.492	0.0807729
-0.491	0.0866982
-0.49	0.0930151
-0.489	0.099713
-0.488	0.106789
-0.487	0.114231
-0.486	0.122033
-0.485	0.130184
-0.484	0.138678
-0.483	0.147502
-0.482	0.156649
-0.481	0.166106
-0.48	0.175863
-0.479	0.18591
-0.478	0.196235
-0.477	0.206828
-0.476	0.217673
-0.475	0.228763
-0.474	0.240079
-0.473	0.251614
-0.472	0.263352
-0.471	0.275281
-0.47	0.287387
-0.469	0.299656
-0.468	0.312074
-0.467	0.324628
-0.466	0.337303
-0.465	0.350085
-0.464	0.362959
-0.463	0.375909
-0.462	0.388925
-0.461	0.401987
-0.46	0.415084
-0.459	0.428199
-0.458	0.441319
-0.457	0.454426
-0.456	0.467508
-0.455	0.480551
-0.454	0.493539
-0.453	0.506454
-0.452	0.519286
-0.451	0.532021
-0.45	0.544639
-0.449	0.55713
-0.448	0.56948
-0.447	0.581672
-0.446	0.593697
-0.445	0.605537
-0.444	0.617182
-0.443	0.628614
-0.442	0.639824
-0.441	0.6508
-0.44	0.661529
-0.439	0.671995
-0.438	0.68219
-0.437	0.692104
-0.436	0.70172
-0.435	0.711031
-0.434	0.720027
-0.433	0.728696
-0.432	0.73703
-0.431	0.745017
-0.43	0.752648
-0.429	0.759922
-0.428	0.766819
-0.427	0.773337
-0.426	0.779471
-0.425	0.785209
-0.424	0.790548
-0.423	0.795482
-0.422	0.800003
-0.421	0.804109
-0.42	0.807793
-0.419	0.811049
-0.418	0.813879
-0.417	0.816274
-0.416	0.818236
-0.415	0.819761
-0.414	0.820955
-0.413	0.821932
-0.412	0.822696
-0.411	0.823242
-0.41	0.823573
-0.409	0.823688
-0.408	0.823589
-0.407	0.823277
-0.406	0.822752
-0.405	0.822015
-0.404	0.821066
-0.403	0.819906
-0.402	0.818537
-0.401	0.816963
-0.4	0.815183
-0.399	0.813198
-0.398	0.811012
-0.397	0.808627
-0.396	0.806044
-0.395	0.803263
-0.394	0.800292
-0.393	0.797129
-0.392	0.793776
-0.391	0.790237
-0.39	0.786517
-0.389	0.782618
-0.388	0.778539
-0.387	0.774288
-0.386	0.769868
-0.385	0.76528
-0.384	0.760528
-0.383	0.755617
-0.382	0.750551
-0.381	0.745332
-0.38	0.739961
-0.379	0.734447
-0.378	0.728794
-0.377	0.723004
-0.376	0.717081
-0.375	0.71103
-0.374	0.704854
-0.373	0.698561
-0.372	0.692151
-0.371	0.685635
-0.37	0.679013
-0.369	0.672289
-0.368	0.665468
-0.367	0.658558
-0.366	0.651563
-0.365	0.644488
-0.364	0.63736
-0.363	0.630217
-0.362	0.62306
-0.361	0.615889
-0.36	0.608712
-0.359	0.601529
-0.358	0.594342
-0.357	0.587159
-0.356	0.579976
-0.355	0.572802
-0.354	0.565638
-0.353	0.558486
-0.352	0.551348
-0.351	0.544232
-0.35	0.537137
-0.349	0.530064
-0.348	0.523024
-0.347	0.516009
-0.346	0.509028
-0.345	0.502087
-0.344	0.495183
-0.343	0.488324
-0.342	0.48151
-0.341	0.474745
-0.34	0.468028
-0.339	0.461369
-0.338	0.454763
-0.337	0.448217
-0.336	0.441736
-0.335	0.435317
-0.334	0.428968
-0.333	0.422689
-0.332	0.416485
-0.331	0.410356
-0.33	0.404305
-0.329	0.398333
-0.328	0.392445
-0.327	0.386645
-0.326	0.380931
-0.325	0.37531
-0.324	0.369782
-0.323	0.364347
-0.322	0.359013
-0.321	0.353778
-0.32	0.348646
-0.319	0.343619
-0.318	0.338696
-0.317	0.333883
-0.316	0.329183
-0.315	0.324592
-0.314	0.320118
-0.313	0.315761
-0.312	0.311521
-0.311	0.307403
-0.31	0.303407
-0.309	0.299534
-0.308	0.295787
-0.307	0.292168
-0.306	0.288676
-0.305	0.285315
-0.304	0.282085
-0.303	0.278989
-0.302	0.276026
-0.301	0.2732
-0.3	0.270508
-0.299	0.267957
-0.298	0.265544
-0.297	0.26327
-0.296	0.261139
-0.295	0.259149
-0.294	0.257301
-0.293	0.255598
-0.292	0.254039
-0.291	0.252624
-0.29	0.251357
-0.289	0.250236
-0.288	0.24926
-0.287	0.248433
-0.286	0.247753
-0.285	0.24722
-0.284	0.246838
-0.283	0.246602
-0.282	0.246516
-0.281	0.246579
-0.28	0.246788
-0.279	0.247147
-0.278	0.247656
-0.277	0.248313
-0.276	0.249119
-0.275	0.250071
-0.274	0.25117
-0.273	0.252417
-0.272	0.253813
-0.271	0.255352
-0.27	0.257036
-0.269	0.258867
-0.268	0.260839
-0.267	0.262958
-0.266	0.265218
-0.265	0.26762
-0.264	0.270161
-0.263	0.272845
-0.262	0.275664
-0.261	0.278623
-0.26	0.281717
-0.259	0.284945
-0.258	0.288307
-0.257	0.291803
-0.256	0.295429
-0.255	0.299184
-0.254	0.303068
-0.253	0.307077
-0.252	0.311212
-0.251	0.315468
-0.25	0.319847
-0.249	0.324344
-0.248	0.328961
-0.247	0.333693
-0.246	0.338539
-0.245	0.343496
-0.244	0.348563
-0.243	0.353738
-0.242	0.359018
-0.241	0.364403
-0.24	0.369887
-0.239	0.375473
-0.238	0.381154
-0.237	0.386931
-0.236	0.3928
-0.235	0.398756
-0.234	0.404801
-0.233	0.410929
-0.232	0.417144
-0.231	0.423435
-0.23	0.429806
-0.229	0.436249
-0.228	0.442764
-0.227	0.44935
-0.226	0.456001
-0.225	0.462717
-0.224	0.469493
-0.223	0.476329
-0.222	0.483219
-0.221	0.490163
-0.22	0.497155
-0.219	0.504196
-0.218	0.51128
-0.217	0.518404
-0.216	0.525566
-0.215	0.532766
-0.214	0.539997
-0.213	0.547258
-0.212	0.554546
-0.211	0.561854
-0.21	0.569185
-0.209	0.576531
-0.208	0.583898
-0.207	0.59127
-0.206	0.598654
-0.205	0.606038
-0.204	0.613428
-0.203	0.620819
-0.202	0.628204
-0.201	0.635583
-0.2	0.642949
-0.199	0.650307
-0.198	0.657646
-0.197	0.664968
-0.196	0.672264
-0.195	0.679538
-0.194	0.686783
-0.193	0.693999
-0.192	0.701181
-0.191	0.708325
-0.19	0.715431
-0.189	0.722493
-0.188	0.729511
-0.187	0.736479
-0.186	0.743396
-0.185	0.75026
-0.184	0.757065
-0.183	0.76381
-0.182	0.770494
-0.181	0.777114
-0.18	0.783666
-0.179	0.790146
-0.178	0.796551
-0.177	0.802882
-0.176	0.809134
-0.175	0.815308
-0.174	0.821398
-0.173	0.827399
-0.172	0.833312
-0.171	0.839135
-0.17	0.844864
-0.169	0.850497
-0.168	0.856033
-0.167	0.861465
-0.166	0.866801
-0.165	0.872028
-0.164	0.877153
-0.163	0.882165
-0.162	0.887067
-0.161	0.891855
-0.16	0.896531
-0.159	0.901091
-0.158	0.905527
-0.157	0.909849
-0.156	0.914044
-0.155	0.918118
-0.154	0.922068
-0.153	0.925888
-0.152	0.929579
-0.151	0.933139
-0.15	0.93657
-0.149	0.939866
-0.148	0.943031
-0.147	0.946059
-0.146	0.94895
-0.145	0.951703
-0.144	0.954314
-0.143	0.956789
-0.142	0.959124
-0.141	0.961313
-0.14	0.963363
-0.139	0.965266
-0.138	0.967026
-0.137	0.968642
-0.136	0.970111
-0.135	0.971434
-0.134	0.972609
-0.133	0.973642
-0.132	0.974521
-0.131	0.975256
-0.13	0.975842
-0.129	0.976278
-0.128	0.976569
-0.127	0.976708
-0.126	0.9767
-0.125	0.976543
-0.124	0.97624
-0.123	0.975783
-0.122	0.975183
-0.121	0.974432
-0.12	0.973534
-0.119	0.972493
-0.118	0.971302
-0.117	0.969965
-0.116	0.968483
-0.115	0.966859
-0.114	0.965088
-0.113	0.963175
-0.112	0.961119
-0.111	0.958923
-0.11	0.956588
-0.109	0.954111
-0.108	0.951495
-0.107	0.948743
-0.106	0.945853
-0.105	0.942833
-0.104	0.939677
-0.103	0.936386
-0.102	0.932967
-0.101	0.929418
-0.1	0.925742
