-4	0
-3.999	0
-3.998	0
-3.997	0
-3.996	0
-3.995	0
-3.994	0
-3.993	0
-3.992	0
-3.991	0
-3.99	0
-3.989	0
-3.988	0
-3.987	0
-3.986	0
-3.985	0
-3.984	0
-3.983	0
-3.982	0
-3.981	0
-3.98	0
-3.979	0
-3.978	0
-3.977	0
-3.976	0
-3.975	0
-3.974	0
-3.973	0
-3.972	0
-3.971	0
-3.97	0
-3.969	0
-3.968	0
-3.967	0
-3.966	0
-3.965	0
-3.964	0
-3.963	0
-3.962	0
-3.961	0
-3.96	0
-3.959	0
-3.958	0
-3.957	0
-3.956	0
-3.955	0
-3.954	0
-3.953	0
-3.952	0
-3.951	0
-3.95	0
-3.949	0
-3.948	0
-3.947	0
-3.946	0
-3.945	0
-3.944	0
-3.943	0
-3.942	0
-3.941	0
-3.94	0
-3.939	0
-3.938	0
-3.937	0
-3.936	0
-3.935	0
-3.934	0
-3.933	0
-3.932	0
-3.931	0
-3.93	0
-3.929	0
-3.928	0
-3.927	0
-3.926	0
-3.925	0
-3.924	0
-3.923	0
-3.922	0
-3.921	0
-3.92	0
-3.919	0
-3.918	0
-3.917	0
-3.916	0
-3.915	0
-3.914	0
-3.913	0
-3.912	0
-3.911	0
-3.91	0
-3.909	0
-3.908	0
-3.907	0
-3.906	0
-3.905	0
-3.904	0
-3.903	0
-3.902	0
-3.901	0
-3.9	0
-3.899	0
-3.898	0
-3.897	0
-3.896	0
-3.895	0
-3.894	0
-3.893	0
-3.892	0
-3.891	0
-3.89	0
-3.889	0
-3.888	0
-3.887	0
-3.886	0
-3.885	0
-3.884	0
-3.883	0
-3.882	0
-3.881	0
-3.88	0
-3.879	0
-3.878	0
-3.877	0
-3.876	0
-3.875	0
-3.874	0
-3.873	0
-3.872	0
-3.871	0
-3.87	0
-3.869	0
-3.868	0
-3.867	0
-3.866	0
-3.865	0
-3.864	0
-3.863	0
-3.862	0
-3.861	0
-3.86	0
-3.859	0
-3.858	0
-3.857	0
-3.856	0
-3.855	0
-3.854	0
-3.853	0
-3.852	0
-3.851	0
-3.85	0
-3.849	0
-3.848	0
-3.847	0
-3.846	0
-3.845	0
-3.844	0
-3.843	0
-3.842	0
-3.841	0
-3.84	0
-3.839	0
-3.838	0
-3.837	0
-3.836	0
-3.835	0
-3.834	0
-3.833	0
-3.832	0
-3.831	0
-3.83	0
-3.829	0
-3.828	0
-3.827	0
-3.826	0
-3.825	0
-3.824	0
-3.823	0
-3.822	0
-3.821	0
-3.82	0
-3.819	0
-3.818	0
-3.817	0
-3.816	0
-3.815	0
-3.814	0
-3.813	0
-3.812	0
-3.811	0
-3.81	0
-3.809	0
-3.808	0
-3.807	0
-3.806	0
-3.805	0
-3.804	0
-3.803	0
-3.802	0
-3.801	0
-3.8	0
-3.799	0
-3.798	0
-3.797	0
-3.796	0
-3.795	0
-3.794	0
-3.793	0
-3.792	0
-3.791	0
-3.79	0
-3.789	0
-3.788	0
-3.787	0
-3.786	0
-3.785	0
-3.784	0
-3.783	0
-3.782	0
-3.781	0
-3.78	0
-3.779	0
-3.778	0
-3.777	0
-3.776	0
-3.775	0
-3.774	0
-3.773	0
-3.772	0
-3.771	0
-3.77	0
-3.769	0
-3.768	0
-3.767	0
-3.766	0
-3.765	0
-3.764	0
-3.763	0
-3.762	0
-3.761	0
-3.76	0
-3.759	0
-3.758	0
-3.757	0
-3.756	0
-3.755	0
-3.754	0
-3.753	0
-3.752	0
-3.751	0
-3.75	0
-3.749	0
-3.748	0
-3.747	0
-3.746	0
-3.745	0
-3.744	0
-3.743	0
-3.742	0
-3.741	0
-3.74	0
-3.739	0
-3.738	0
-3.737	0
-3.736	0
-3.735	0
-3.734	0
-3.733	0
-3.732	0
-3.731	0
-3.73	0
-3.729	0
-3.728	0
-3.727	0
-3.726	0
-3.725	0
-3.724	0
-3.723	0
-3.722	0
-3.721	0
-3.72	0
-3.719	0
-3.718	0
-3.717	0
-3.716	0
-3.715	0
-3.714	0
-3.713	0
-3.712	0
-3.711	0
-3.71	0
-3.709	0
-3.708	0
-3.707	0
-3.706	0
-3.705	0
-3.704	0
-3.703	0
-3.702	0
-3.701	0
-3.7	0
-3.699	0
-3.698	0
-3.697	0
-3.696	0
-3.695	0
-3.694	0
-3.693	0
-3.692	0
-3.691	0
-3.69	0
-3.689	0
-3.688	0
-3.687	0
-3.686	0
-3.685	0
-3.684	0
-3.683	0
-3.682	0
-3.681	0
-3.68	0
-3.679	0
-3.678	0
-3.677	0
-3.676	0
-3.675	0
-3.674	0
-3.673	0
-3.672	0
-3.671	0
-3.67	0
-3.669	0
-3.668	0
-3.667	0
-3.666	0
-3.665	0
-3.664	0
-3.663	0
-3.662	0
-3.661	0
-3.66	0
-3.659	0
-3.658	0
-3.657	0
-3.656	0
-3.655	0
-3.654	0
-3.653	0
-3.652	0
-3.651	0
-3.65	0
-3.649	0
-3.648	0
-3.647	0
-3.646	0
-3.645	0
-3.644	0
-3.643	0
-3.642	0
-3.641	0
-3.64	0
-3.639	0
-3.638	0
-3.637	0
-3.636	0
-3.635	0
-3.634	0
-3.633	0
-3.632	0
-3.631	0
-3.63	0
-3.629	0
-3.628	0
-3.627	0
-3.626	0
-3.625	0
-3.624	0
-3.623	0
-3.622	0
-3.621	0
-3.62	0
-3.619	0
-3.618	0
-3.617	0
-3.616	0
-3.615	0
-3.614	0
-3.613	0
-3.612	0
-3.611	0
-3.61	0
-3.609	0
-3.608	0
-3.607	0
-3.606	0
-3.605	0
-3.604	0
-3.603	0
-3.602	0
-3.601	0
-3.6	0
-3.599	0
-3.598	0
-3.597	0
-3.596	0
-3.595	0
-3.594	0
-3.593	0
-3.592	0
-3.591	0
-3.59	0
-3.589	0
-3.588	0
-3.587	0
-3.586	0
-3.585	0
-3.584	0
-3.583	0
-3.582	0
-3.581	0
-3.58	0
-3.579	0
-3.578	0
-3.577	0
-3.576	0
-3.575	0
-3.574	0
-3.573	0
-3.572	0
-3.571	0
-3.57	0
-3.569	0
-3.568	0
-3.567	0
-3.566	0
-3.565	0
-3.564	0
-3.563	0
-3.562	0
-3.561	0
-3.56	0
-3.559	0
-3.558	0
-3.557	0
-3.556	0
-3.555	0
-3.554	0
-3.553	0
-3.552	0
-3.551	0
-3.55	0
-3.549	0
-3.548	0
-3.547	0
-3.546	0
-3.545	0
-3.544	0
-3.543	0
-3.542	0
-3.541	0
-3.54	0
-3.539	0
-3.538	0
-3.537	0
-3.536	0
-3.535	0
-3.534	0
-3.533	0
-3.532	0
-3.531	0
-3.53	0
-3.529	0
-3.528	0
-3.527	0
-3.526	0
-3.525	0
-3.524	0
-3.523	0
-3.522	0
-3.521	0
-3.52	0
-3.519	0
-3.518	0
-3.517	0
-3.516	0
-3.515	0
-3.514	0
-3.513	0
-3.512	0
-3.511	0
-3.51	0
-3.509	0
-3.508	0
-3.507	0
-3.506	0
-3.505	0
-3.504	0
-3.503	0
-3.502	0
-3.501	0
-3.5	0
-3.499	0
-3.498	0
-3.497	0
-3.496	0
-3.495	0
-3.494	0
-3.493	0
-3.492	0
-3.491	0
-3.49	0
-3.489	0
-3.488	0
-3.487	0
-3.486	0
-3.485	0
-3.484	0
-3.483	0
-3.482	0
-3.481	0
-3.48	0
-3.479	0
-3.478	0
-3.477	0
-3.476	0
-3.475	0
-3.474	0
-3.473	0
-3.472	0
-3.471	0
-3.47	0
-3.469	0
-3.468	0
-3.467	0
-3.466	0
-3.465	0
-3.464	0
-3.463	0
-3.462	0
-3.461	0
-3.46	0
-3.459	0
-3.458	0
-3.457	0
-3.456	0
-3.455	0
-3.454	0
-3.453	0
-3.452	0
-3.451	0
-3.45	0
-3.449	0
-3.448	0
-3.447	0
-3.446	0
-3.445	0
-3.444	0
-3.443	0
-3.442	0
-3.441	0
-3.44	0
-3.439	0
-3.438	0
-3.437	0
-3.436	0
-3.435	0
-3.434	0
-3.433	0
-3.432	0
-3.431	0
-3.43	0
-3.429	0
-3.428	0
-3.427	0
-3.426	0
-3.425	0
-3.424	0
-3.423	0
-3.422	0
-3.421	0
-3.42	0
-3.419	0
-3.418	0
-3.417	0
-3.416	0
-3.415	0
-3.414	0
-3.413	0
-3.412	0
-3.411	0
-3.41	0
-3.409	0
-3.408	0
-3.407	0
-3.406	0
-3.405	0
-3.404	0
-3.403	0
-3.402	0
-3.401	0
-3.4	0
-3.399	0
-3.398	0
-3.397	0
-3.396	0
-3.395	0
-3.394	0
-3.393	0
-3.392	0
-3.391	0
-3.39	0
-3.389	0
-3.388	0
-3.387	0
-3.386	0
-3.385	0
-3.384	0
-3.383	0
-3.382	0
-3.381	0
-3.38	0
-3.379	0
-3.378	0
-3.377	0
-3.376	0
-3.375	0
-3.374	0
-3.373	0
-3.372	0
-3.371	0
-3.37	0
-3.369	0
-3.368	0
-3.367	0
-3.366	0
-3.365	0
-3.364	0
-3.363	0
-3.362	0
-3.361	0
-3.36	0
-3.359	0
-3.358	0
-3.357	0
-3.356	0
-3.355	0
-3.354	0
-3.353	0
-3.352	0
-3.351	0
-3.35	0
-3.349	0
-3.348	0
-3.347	0
-3.346	0
-3.345	0
-3.344	0
-3.343	0
-3.342	0
-3.341	0
-3.34	0
-3.339	0
-3.338	0
-3.337	0
-3.336	0
-3.335	0
-3.334	0
-3.333	0
-3.332	0
-3.331	0
-3.33	0
-3.329	0
-3.328	0
-3.327	0
-3.326	0
-3.325	0
-3.324	0
-3.323	0
-3.322	0
-3.321	0
-3.32	0
-3.319	0
-3.318	0
-3.317	0
-3.316	0
-3.315	0
-3.314	0
-3.313	0
-3.312	0
-3.311	0
-3.31	0
-3.309	0
-3.308	0
-3.307	0
-3.306	0
-3.305	0
-3.304	0
-3.303	0
-3.302	0
-3.301	0
-3.3	0
-3.299	0
-3.298	0
-3.297	0
-3.296	0
-3.295	0
-3.294	0
-3.293	0
-3.292	0
-3.291	0
-3.29	0
-3.289	0
-3.288	0
-3.287	0
-3.286	0
-3.285	0
-3.284	0
-3.283	0
-3.282	0
-3.281	0
-3.28	0
-3.279	0
-3.278	0
-3.277	0
-3.276	0
-3.275	0
-3.274	0
-3.273	0
-3.272	0
-3.271	0
-3.27	0
-3.269	0
-3.268	0
-3.267	0
-3.266	0
-3.265	0
-3.264	0
-3.263	0
-3.262	0
-3.261	0
-3.26	0
-3.259	0
-3.258	0
-3.257	0
-3.256	0
-3.255	0
-3.254	0
-3.253	0
-3.252	0
-3.251	0
-3.25	0
-3.249	0
-3.248	0
-3.247	0
-3.246	0
-3.245	0
-3.244	0
-3.243	0
-3.242	0
-3.241	0
-3.24	0
-3.239	0
-3.238	0
-3.237	0
-3.236	0
-3.235	0
-3.234	0
-3.233	0
-3.232	0
-3.231	0
-3.23	0
-3.229	0
-3.228	0
-3.227	0
-3.226	0
-3.225	0
-3.224	0
-3.223	0
-3.222	0
-3.221	0
-3.22	0
-3.219	0
-3.218	0
-3.217	0
-3.216	0
-3.215	0
-3.214	0
-3.213	0
-3.212	0
-3.211	0
-3.21	0
-3.209	0
-3.208	0
-3.207	0
-3.206	0
-3.205	0
-3.204	0
-3.203	0
-3.202	0
-3.201	0
-3.2	0
-3.199	0
-3.198	0
-3.197	0
-3.196	0
-3.195	0
-3.194	0
-3.193	0
-3.192	0
-3.191	0
-3.19	0
-3.189	0
-3.188	0
-3.187	0
-3.186	0
-3.185	0
-3.184	0
-3.183	0
-3.182	0
-3.181	0
-3.18	0
-3.179	0
-3.178	0
-3.177	0
-3.176	0
-3.175	0
-3.174	0
-3.173	0
-3.172	0
-3.171	0
-3.17	0
-3.169	0
-3.168	0
-3.167	0
-3.166	0
-3.165	0
-3.164	0
-3.163	0
-3.162	0
-3.161	0
-3.16	0
-3.159	0
-3.158	0
-3.157	0
-3.156	0
-3.155	0
-3.154	0
-3.153	0
-3.152	0
-3.151	0
-3.15	0
-3.149	0
-3.148	0
-3.147	0
-3.146	0
-3.145	0
-3.144	0
-3.143	0
-3.142	0
-3.141	0
-3.14	0
-3.139	0
-3.138	0
-3.137	0
-3.136	0
-3.135	0
-3.134	0
-3.133	0
-3.132	0
-3.131	0
-3.13	0
-3.129	0
-3.128	0
-3.127	0
-3.126	0
-3.125	0
-3.124	0
-3.123	0
-3.122	0
-3.121	0
-3.12	0
-3.119	0
-3.118	0
-3.117	0
-3.116	0
-3.115	0
-3.114	0
-3.113	0
-3.112	0
-3.111	0
-3.11	0
-3.109	0
-3.108	0
-3.107	0
-3.106	0
-3.105	0
-3.104	0
-3.103	0
-3.102	0
-3.101	0
-3.1	0
-3.099	0
-3.098	0
-3.097	0
-3.096	0
-3.095	0
-3.094	0
-3.093	0
-3.092	0
-3.091	0
-3.09	0
-3.089	0
-3.088	0
-3.087	0
-3.086	0
-3.085	0
-3.084	0
-3.083	0
-3.082	0
-3.081	0
-3.08	0
-3.079	0
-3.078	0
-3.077	0
-3.076	0
-3.075	0
-3.074	0
-3.073	0
-3.072	0
-3.071	0
-3.07	0
-3.069	0
-3.068	0
-3.067	0
-3.066	0
-3.065	0
-3.064	0
-3.063	0
-3.062	0
-3.061	0
-3.06	0
-3.059	0
-3.058	0
-3.057	0
-3.056	0
-3.055	0
-3.054	0
-3.053	0
-3.052	0
-3.051	0
-3.05	0
-3.049	0
-3.048	0
-3.047	0
-3.046	0
-3.045	0
-3.044	0
-3.043	0
-3.042	0
-3.041	0
-3.04	0
-3.039	0
-3.038	0
-3.037	0
-3.036	0
-3.035	0
-3.034	0
-3.033	0
-3.032	0
-3.031	0
-3.03	0
-3.029	0
-3.028	0
-3.027	0
-3.026	0
-3.025	0
-3.024	0
-3.023	0
-3.022	0
-3.021	0
-3.02	0
-3.019	0
-3.018	0
-3.017	0
-3.016	0
-3.015	0
-3.014	0
-3.013	0
-3.012	0
-3.011	0
-3.01	0
-3.009	0
-3.008	0
-3.007	0
-3.006	0
-3.005	0
-3.004	0
-3.003	0
-3.002	0
-3.001	0
-3	0
-2.999	0
-2.998	0
-2.997	0
-2.996	0
-2.995	0
-2.994	0
-2.993	0
-2.992	0
-2.991	0
-2.99	0
-2.989	0
-2.988	0
-2.987	0
-2.986	0
-2.985	0
-2.984	0
-2.983	0
-2.982	0
-2.981	0
-2.98	0
-2.979	0
-2.978	0
-2.977	0
-2.976	0
-2.975	0
-2.974	0
-2.973	0
-2.972	0
-2.971	0
-2.97	0
-2.969	0
-2.968	0
-2.967	0
-2.966	0
-2.965	0
-2.964	0
-2.963	0
-2.962	0
-2.961	0
-2.96	0
-2.959	0
-2.958	0
-2.957	0
-2.956	0
-2.955	0
-2.954	0
-2.953	0
-2.952	0
-2.951	0
-2.95	0
-2.949	0
-2.948	0
-2.947	0
-2.946	0
-2.945	0
-2.944	0
-2.943	0
-2.942	0
-2.941	0
-2.94	0
-2.939	0
-2.938	0
-2.937	0
-2.936	0
-2.935	0
-2.934	0
-2.933	0
-2.932	0
-2.931	0
-2.93	0
-2.929	0
-2.928	0
-2.927	0
-2.926	0
-2.925	0
-2.924	0
-2.923	0
-2.922	0
-2.921	0
-2.92	0
-2.919	0
-2.918	0
-2.917	0
-2.916	0
-2.915	0
-2.914	0
-2.913	0
-2.912	0
-2.911	0
-2.91	0
-2.909	0
-2.908	0
-2.907	0
-2.906	0
-2.905	0
-2.904	0
-2.903	0
-2.902	0
-2.901	0
-2.9	0
-2.899	0
-2.898	0
-2.897	0
-2.896	0
-2.895	0
-2.894	0
-2.893	0
-2.892	0
-2.891	0
-2.89	0
-2.889	0
-2.888	0
-2.887	0
-2.886	0
-2.885	0
-2.884	0
-2.883	0
-2.882	0
-2.881	0
-2.88	0
-2.879	0
-2.878	0
-2.877	0
-2.876	0
-2.875	0
-2.874	0
-2.873	0
-2.872	0
-2.871	0
-2.87	0
-2.869	0
-2.868	0
-2.867	0
-2.866	0
-2.865	0
-2.864	0
-2.863	0
-2.862	0
-2.861	0
-2.86	0
-2.859	0
-2.858	0
-2.857	0
-2.856	0
-2.855	0
-2.854	0
-2.853	0
-2.852	0
-2.851	0
-2.85	0
-2.849	0
-2.848	0
-2.847	0
-2.846	0
-2.845	0
-2.844	0
-2.843	0
-2.842	0
-2.841	0
-2.84	0
-2.839	0
-2.838	0
-2.837	0
-2.836	0
-2.835	0
-2.834	0
-2.833	0
-2.832	0
-2.831	0
-2.83	0
-2.829	0
-2.828	0
-2.827	0
-2.826	0
-2.825	0
-2.824	0
-2.823	0
-2.822	0
-2.821	0
-2.82	0
-2.819	0
-2.818	0
-2.817	0
-2.816	0
-2.815	0
-2.814	0
-2.813	0
-2.812	0
-2.811	0
-2.81	0
-2.809	0
-2.808	0
-2.807	0
-2.806	0
-2.805	0
-2.804	0
-2.803	0
-2.802	0
-2.801	0
-2.8	0
-2.799	0
-2.798	0
-2.797	0
-2.796	0
-2.795	0
-2.794	0
-2.793	0
-2.792	0
-2.791	0
-2.79	0
-2.789	0
-2.788	0
-2.787	0
-2.786	0
-2.785	0
-2.784	0
-2.783	0
-2.782	0
-2.781	0
-2.78	0
-2.779	0
-2.778	0
-2.777	0
-2.776	0
-2.775	0
-2.774	0
-2.773	0
-2.772	0
-2.771	0
-2.77	0
-2.769	0
-2.768	0
-2.767	0
-2.766	0
-2.765	0
-2.764	0
-2.763	0
-2.762	0
-2.761	0
-2.76	0
-2.759	0
-2.758	0
-2.757	0
-2.756	0
-2.755	0
-2.754	0
-2.753	0
-2.752	0
-2.751	0
-2.75	0
-2.749	0
-2.748	0
-2.747	0
-2.746	0
-2.745	0
-2.744	0
-2.743	0
-2.742	0
-2.741	0
-2.74	0
-2.739	0
-2.738	0
-2.737	0
-2.736	0
-2.735	0
-2.734	0
-2.733	0
-2.732	0
-2.731	0
-2.73	0
-2.729	0
-2.728	0
-2.727	0
-2.726	0
-2.725	0
-2.724	0
-2.723	0
-2.722	0
-2.721	0
-2.72	0
-2.719	0
-2.718	0
-2.717	0
-2.716	0
-2.715	0
-2.714	0
-2.713	0
-2.712	0
-2.711	0
-2.71	0
-2.709	0
-2.708	0
-2.707	0
-2.706	0
-2.705	0
-2.704	0
-2.703	0
-2.702	0
-2.701	0
-2.7	0
-2.699	0
-2.698	0
-2.697	0
-2.696	0
-2.695	0
-2.694	0
-2.693	0
-2.692	0
-2.691	0
-2.69	0
-2.689	0
-2.688	0
-2.687	0
-2.686	0
-2.685	0
-2.684	0
-2.683	0
-2.682	0
-2.681	0
-2.68	0
-2.679	0
-2.678	0
-2.677	0
-2.676	0
-2.675	0
-2.674	0
-2.673	0
-2.672	0
-2.671	0
-2.67	0
-2.669	0
-2.668	0
-2.667	0
-2.666	0
-2.665	0
-2.664	0
-2.663	0
-2.662	0
-2.661	0
-2.66	0
-2.659	0
-2.658	0
-2.657	0
-2.656	0
-2.655	0
-2.654	0
-2.653	0
-2.652	0
-2.651	0
-2.65	0
-2.649	0
-2.648	0
-2.647	0
-2.646	0
-2.645	0
-2.644	0
-2.643	0
-2.642	0
-2.641	0
-2.64	1.3795e-076
-2.639	1.00262e-075
-2.638	4.12288e-075
-2.637	1.35852e-074
-2.636	4.22518e-074
-2.635	1.38174e-073
-2.634	4.8217e-073
-2.633	1.72624e-072
-2.632	6.23416e-072
-2.631	2.24938e-071
-2.63	8.08185e-071
-2.629	2.88877e-070
-2.628	1.02682e-069
-2.627	3.62924e-069
-2.626	1.27544e-068
-2.625	4.45671e-068
-2.624	1.54835e-067
-2.623	5.3483e-067
-2.622	1.83672e-066
-2.621	6.27105e-066
-2.62	2.12862e-065
-2.619	7.18294e-065
-2.618	2.4096e-064
-2.617	8.0355e-064
-2.616	2.66376e-063
-2.615	8.77771e-063
-2.614	2.87513e-062
-2.613	9.36078e-062
-2.612	3.02924e-061
-2.611	9.74339e-061
-2.61	3.11479e-060
-2.609	9.89638e-060
-2.608	3.12493e-059
-2.607	9.8064e-059
-2.606	3.05822e-058
-2.605	9.47774e-058
-2.604	2.91881e-057
-2.603	8.93214e-057
-2.602	2.71608e-056
-2.601	8.20638e-056
-2.6	2.46359e-055
-2.599	7.34818e-055
-2.598	2.17756e-054
-2.597	6.41095e-054
-2.596	1.8751e-053
-2.595	5.44829e-053
-2.594	1.57258e-052
-2.593	4.50889e-052
-2.592	1.28414e-051
-2.591	3.63264e-051
-2.59	1.02067e-050
-2.589	2.8483e-050
-2.588	7.89414e-050
-2.587	2.17282e-049
-2.586	5.93921e-049
-2.585	1.61212e-048
-2.584	4.34526e-048
-2.583	1.16295e-047
-2.582	3.09041e-047
-2.581	8.15384e-047
-2.58	2.13589e-046
-2.579	5.55451e-046
-2.578	1.43398e-045
-2.577	3.67494e-045
-2.576	9.34858e-045
-2.575	2.36052e-044
-2.574	5.91582e-044
-2.573	1.47145e-043
-2.572	3.63223e-043
-2.571	8.89771e-043
-2.57	2.1629e-042
-2.569	5.21701e-042
-2.568	1.24856e-041
-2.567	2.96467e-041
-2.566	6.98386e-041
-2.565	1.63207e-040
-2.564	3.7834e-040
-2.563	8.69954e-040
-2.562	1.98405e-039
-2.561	4.48768e-039
-2.56	1.00664e-038
-2.559	2.23914e-038
-2.558	4.93868e-038
-2.557	1.08001e-037
-2.556	2.34156e-037
-2.555	5.03274e-037
-2.554	1.07224e-036
-2.553	2.2643e-036
-2.552	4.73907e-036
-2.551	9.82948e-036
-2.55	2.02026e-035
-2.549	4.1142e-035
-2.548	8.30084e-035
-2.547	1.65911e-034
-2.546	3.28474e-034
-2.545	6.44099e-034
-2.544	1.25079e-033
-2.543	2.40518e-033
-2.542	4.5792e-033
-2.541	8.63098e-033
-2.54	1.61029e-032
-2.539	2.97345e-032
-2.538	5.43344e-032
-2.537	9.82388e-032
-2.536	1.75719e-031
-2.535	3.10897e-031
-2.534	5.44002e-031
-2.533	9.41232e-031
-2.532	1.61e-030
-2.531	2.72208e-030
-2.53	4.54812e-030
-2.529	7.50799e-030
-2.528	1.22425e-029
-2.527	1.97136e-029
-2.526	3.13391e-029
-2.525	4.91705e-029
-2.524	7.61161e-029
-2.523	1.16211e-028
-2.522	1.74923e-028
-2.521	2.59469e-028
-2.52	3.79095e-028
-2.519	5.45249e-028
-2.518	7.71528e-028
-2.517	1.07326e-027
-2.516	1.46651e-027
-2.515	1.96636e-027
-2.514	2.58417e-027
-2.513	3.32383e-027
-2.512	4.1768e-027
-2.511	5.11648e-027
-2.51	6.09225e-027
-2.509	7.02469e-027
-2.508	7.80356e-027
-2.507	8.2914e-027
-2.506	8.33633e-027
-2.505	7.79819e-027
-2.504	6.59336e-027
-2.503	4.76304e-027
-2.502	2.57055e-027
-2.501	6.31377e-028
-2.5	7.9156e-029
-2.499	2.7678e-027
-2.498	1.15083e-026
-2.497	3.03359e-026
-2.496	6.48008e-026
-2.495	1.22276e-025
-2.494	2.12272e-025
-2.493	3.46757e-025
-2.492	5.40472e-025
-2.491	8.1125e-025
-2.49	1.18033e-024
-2.489	1.67272e-024
-2.488	2.3175e-024
-2.487	3.14831e-024
-2.486	4.20371e-024
-2.485	5.52774e-024
-2.484	7.17049e-024
-2.483	9.18863e-024
-2.482	1.16461e-023
-2.481	1.46147e-023
-2.48	1.81747e-023
-2.479	2.24152e-023
-2.478	2.74346e-023
-2.477	3.33408e-023
-2.476	4.02514e-023
-2.475	4.82934e-023
-2.474	5.76034e-023
-2.473	6.83271e-023
-2.472	8.06191e-023
-2.471	9.46426e-023
-2.47	1.1057e-022
-2.469	1.2858e-022
-2.468	1.48862e-022
-2.467	1.71611e-022
-2.466	1.97033e-022
-2.465	2.25337e-022
-2.464	2.56742e-022
-2.463	2.91472e-022
-2.462	3.29753e-022
-2.461	3.71815e-022
-2.46	4.17887e-022
-2.459	4.68197e-022
-2.458	5.22966e-022
-2.457	5.82406e-022
-2.456	6.46723e-022
-2.455	7.16104e-022
-2.454	7.90723e-022
-2.453	8.70735e-022
-2.452	9.56273e-022
-2.451	1.04744e-021
-2.45	1.14433e-021
-2.449	1.247e-021
-2.448	1.35545e-021
-2.447	1.46968e-021
-2.446	1.58964e-021
-2.445	1.71524e-021
-2.444	1.84634e-021
-2.443	1.98276e-021
-2.442	2.12427e-021
-2.441	2.2706e-021
-2.44	2.42143e-021
-2.439	2.57639e-021
-2.438	2.73505e-021
-2.437	2.89695e-021
-2.436	3.06155e-021
-2.435	3.22832e-021
-2.434	3.39662e-021
-2.433	3.5658e-021
-2.432	3.73515e-021
-2.431	3.90395e-021
-2.43	4.07139e-021
-2.429	4.2367e-021
-2.428	4.39901e-021
-2.427	4.55747e-021
-2.426	4.7112e-021
-2.425	4.85928e-021
-2.424	5.00084e-021
-2.423	5.13495e-021
-2.422	5.26072e-021
-2.421	5.37729e-021
-2.42	5.48382e-021
-2.419	5.57945e-021
-2.418	5.66345e-021
-2.417	5.73507e-021
-2.416	5.79366e-021
-2.415	5.8386e-021
-2.414	5.86942e-021
-2.413	5.88564e-021
-2.412	5.88693e-021
-2.411	5.87307e-021
-2.41	5.84396e-021
-2.409	5.79964e-021
-2.408	5.74026e-021
-2.407	5.66614e-021
-2.406	5.57782e-021
-2.405	5.47598e-021
-2.404	5.36155e-021
-2.403	5.23568e-021
-2.402	5.09977e-021
-2.401	4.95549e-021
-2.4	4.80482e-021
-2.399	4.65007e-021
-2.398	4.4939e-021
-2.397	4.33933e-021
-2.396	4.18979e-021
-2.395	4.04912e-021
-2.394	3.92164e-021
-2.393	3.8121e-021
-2.392	3.72578e-021
-2.391	3.66845e-021
-2.39	3.64644e-021
-2.389	3.66664e-021
-2.388	3.73652e-021
-2.387	3.86416e-021
-2.386	4.05827e-021
-2.385	4.32819e-021
-2.384	4.68391e-021
-2.383	5.13609e-021
-2.382	5.69605e-021
-2.381	6.37569e-021
-2.38	7.1876e-021
-2.379	8.14498e-021
-2.378	9.26158e-021
-2.377	1.05518e-020
-2.376	1.20304e-020
-2.375	1.37128e-020
-2.374	1.56149e-020
-2.373	1.77529e-020
-2.372	2.01435e-020
-2.371	2.28035e-020
-2.37	2.57501e-020
-2.369	2.9001e-020
-2.368	3.25732e-020
-2.367	3.64844e-020
-2.366	4.07519e-020
-2.365	4.53926e-020
-2.364	5.0423e-020
-2.363	5.58594e-020
-2.362	6.1717e-020
-2.361	6.801e-020
-2.36	7.47519e-020
-2.359	8.19548e-020
-2.358	8.96293e-020
-2.357	9.77847e-020
-2.356	1.06428e-019
-2.355	1.15565e-019
-2.354	1.25199e-019
-2.353	1.35331e-019
-2.352	1.45959e-019
-2.351	1.57078e-019
-2.35	1.6868e-019
-2.349	1.80756e-019
-2.348	1.93289e-019
-2.347	2.06263e-019
-2.346	2.19655e-019
-2.345	2.33439e-019
-2.344	2.47586e-019
-2.343	2.6206e-019
-2.342	2.76823e-019
-2.341	2.91833e-019
-2.34	3.07041e-019
-2.339	3.22395e-019
-2.338	3.3784e-019
-2.337	3.53316e-019
-2.336	3.68758e-019
-2.335	3.84097e-019
-2.334	3.99262e-019
-2.333	4.14177e-019
-2.332	4.28763e-019
-2.331	4.42943e-019
-2.33	4.56631e-019
-2.329	4.69745e-019
-2.328	4.82201e-019
-2.327	4.93911e-019
-2.326	5.04794e-019
-2.325	5.14766e-019
-2.324	5.23747e-019
-2.323	5.31661e-019
-2.322	5.38432e-019
-2.321	5.43993e-019
-2.32	5.48284e-019
-2.319	5.51249e-019
-2.318	5.52845e-019
-2.317	5.53037e-019
-2.316	5.51803e-019
-2.315	5.49131e-019
-2.314	5.45029e-019
-2.313	5.39517e-019
-2.312	5.32636e-019
-2.311	5.24446e-019
-2.31	5.15026e-019
-2.309	5.04482e-019
-2.308	4.92942e-019
-2.307	4.80561e-019
-2.306	4.6752e-019
-2.305	4.54032e-019
-2.304	4.40338e-019
-2.303	4.26714e-019
-2.302	4.1347e-019
-2.301	4.00949e-019
-2.3	3.8953e-019
-2.299	3.79632e-019
-2.298	3.71714e-019
-2.297	3.66272e-019
-2.296	3.63843e-019
-2.295	3.65007e-019
-2.294	3.70382e-019
-2.293	3.80631e-019
-2.292	3.96457e-019
-2.291	4.18606e-019
-2.29	4.47862e-019
-2.289	4.85053e-019
-2.288	5.31043e-019
-2.287	5.86733e-019
-2.286	6.5306e-019
-2.285	7.30994e-019
-2.284	8.2154e-019
-2.283	9.25725e-019
-2.282	1.0446e-018
-2.281	1.17924e-018
-2.28	1.33073e-018
-2.279	1.50018e-018
-2.278	1.6887e-018
-2.277	1.89738e-018
-2.276	2.12734e-018
-2.275	2.37966e-018
-2.274	2.65543e-018
-2.273	2.95568e-018
-2.272	3.28143e-018
-2.271	3.63366e-018
-2.27	4.01326e-018
-2.269	4.42111e-018
-2.268	4.85799e-018
-2.267	5.32461e-018
-2.266	5.82158e-018
-2.265	6.34943e-018
-2.264	6.90856e-018
-2.263	7.49927e-018
-2.262	8.1217e-018
-2.261	8.77589e-018
-2.26	9.4617e-018
-2.259	1.01788e-017
-2.258	1.09269e-017
-2.257	1.17051e-017
-2.256	1.25128e-017
-2.255	1.33488e-017
-2.254	1.42119e-017
-2.253	1.51008e-017
-2.252	1.60137e-017
-2.251	1.69486e-017
-2.25	1.79036e-017
-2.249	1.88763e-017
-2.248	1.9864e-017
-2.247	2.08639e-017
-2.246	2.18731e-017
-2.245	2.28882e-017
-2.244	2.39058e-017
-2.243	2.49221e-017
-2.242	2.59332e-017
-2.241	2.69352e-017
-2.24	2.79236e-017
-2.239	2.8894e-017
-2.238	2.9842e-017
-2.237	3.07628e-017
-2.236	3.16517e-017
-2.235	3.25039e-017
-2.234	3.33146e-017
-2.233	3.4079e-017
-2.232	3.47925e-017
-2.231	3.54502e-017
-2.23	3.60479e-017
-2.229	3.65813e-017
-2.228	3.70464e-017
-2.227	3.74395e-017
-2.226	3.77573e-017
-2.225	3.79971e-017
-2.224	3.81564e-017
-2.223	3.82336e-017
-2.222	3.82277e-017
-2.221	3.81383e-017
-2.22	3.79659e-017
-2.219	3.77119e-017
-2.218	3.73787e-017
-2.217	3.69698e-017
-2.216	3.64896e-017
-2.215	3.59441e-017
-2.214	3.53402e-017
-2.213	3.46864e-017
-2.212	3.39927e-017
-2.211	3.32706e-017
-2.21	3.2533e-017
-2.209	3.17947e-017
-2.208	3.10721e-017
-2.207	3.03836e-017
-2.206	2.97493e-017
-2.205	2.91912e-017
-2.204	2.87332e-017
-2.203	2.84012e-017
-2.202	2.82233e-017
-2.201	2.82292e-017
-2.2	2.84509e-017
-2.199	2.89223e-017
-2.198	2.9679e-017
-2.197	3.0759e-017
-2.196	3.22017e-017
-2.195	3.40484e-017
-2.194	3.63423e-017
-2.193	3.9128e-017
-2.192	4.24515e-017
-2.191	4.63604e-017
-2.19	5.09031e-017
-2.189	5.61293e-017
-2.188	6.20895e-017
-2.187	6.88344e-017
-2.186	7.64155e-017
-2.185	8.48843e-017
-2.184	9.42917e-017
-2.183	1.04689e-016
-2.182	1.16125e-016
-2.181	1.28649e-016
-2.18	1.4231e-016
-2.179	1.57151e-016
-2.178	1.73216e-016
-2.177	1.90547e-016
-2.176	2.0918e-016
-2.175	2.29151e-016
-2.174	2.50488e-016
-2.173	2.73218e-016
-2.172	2.97363e-016
-2.171	3.22938e-016
-2.17	3.49955e-016
-2.169	3.78417e-016
-2.168	4.08322e-016
-2.167	4.39662e-016
-2.166	4.7242e-016
-2.165	5.06573e-016
-2.164	5.42089e-016
-2.163	5.78927e-016
-2.162	6.17038e-016
-2.161	6.56365e-016
-2.16	6.9684e-016
-2.159	7.38388e-016
-2.158	7.8092e-016
-2.157	8.24344e-016
-2.156	8.68553e-016
-2.155	9.13432e-016
-2.154	9.58858e-016
-2.153	1.0047e-015
-2.152	1.05081e-015
-2.151	1.09704e-015
-2.15	1.14323e-015
-2.149	1.18921e-015
-2.148	1.23481e-015
-2.147	1.27986e-015
-2.146	1.32415e-015
-2.145	1.36751e-015
-2.144	1.40974e-015
-2.143	1.45065e-015
-2.142	1.49003e-015
-2.141	1.52769e-015
-2.14	1.56343e-015
-2.139	1.59707e-015
-2.138	1.62841e-015
-2.137	1.65729e-015
-2.136	1.68352e-015
-2.135	1.70695e-015
-2.134	1.72743e-015
-2.133	1.74484e-015
-2.132	1.75905e-015
-2.131	1.76998e-015
-2.13	1.77756e-015
-2.129	1.78174e-015
-2.128	1.7825e-015
-2.127	1.77987e-015
-2.126	1.77389e-015
-2.125	1.76464e-015
-2.124	1.75225e-015
-2.123	1.73688e-015
-2.122	1.71874e-015
-2.121	1.69809e-015
-2.12	1.67523e-015
-2.119	1.65051e-015
-2.118	1.62436e-015
-2.117	1.59724e-015
-2.116	1.56967e-015
-2.115	1.54224e-015
-2.114	1.51561e-015
-2.113	1.49047e-015
-2.112	1.46761e-015
-2.111	1.44788e-015
-2.11	1.43218e-015
-2.109	1.42148e-015
-2.108	1.41683e-015
-2.107	1.41933e-015
-2.106	1.43014e-015
-2.105	1.45051e-015
-2.104	1.48172e-015
-2.103	1.52512e-015
-2.102	1.58213e-015
-2.101	1.65419e-015
-2.1	1.74282e-015
-2.099	1.84956e-015
-2.098	1.97601e-015
-2.097	2.12378e-015
-2.096	2.29452e-015
-2.095	2.48989e-015
-2.094	2.71158e-015
-2.093	2.96125e-015
-2.092	3.24059e-015
-2.091	3.55126e-015
-2.09	3.89489e-015
-2.089	4.27309e-015
-2.088	4.68741e-015
-2.087	5.13935e-015
-2.086	5.63034e-015
-2.085	6.16173e-015
-2.084	6.73478e-015
-2.083	7.35065e-015
-2.082	8.01038e-015
-2.081	8.71485e-015
-2.08	9.46483e-015
-2.079	1.02609e-014
-2.078	1.11035e-014
-2.077	1.19929e-014
-2.076	1.29291e-014
-2.075	1.3912e-014
-2.074	1.49411e-014
-2.073	1.6016e-014
-2.072	1.71356e-014
-2.071	1.82989e-014
-2.07	1.95046e-014
-2.069	2.0751e-014
-2.068	2.20361e-014
-2.067	2.33579e-014
-2.066	2.47137e-014
-2.065	2.6101e-014
-2.064	2.75165e-014
-2.063	2.8957e-014
-2.062	3.04189e-014
-2.061	3.18982e-014
-2.06	3.33909e-014
-2.059	3.48925e-014
-2.058	3.63983e-014
-2.057	3.79035e-014
-2.056	3.9403e-014
-2.055	4.08914e-014
-2.054	4.23633e-014
-2.053	4.38132e-014
-2.052	4.52353e-014
-2.051	4.66238e-014
-2.05	4.79729e-014
-2.049	4.92767e-014
-2.048	5.05295e-014
-2.047	5.17254e-014
-2.046	5.2859e-014
-2.045	5.39246e-014
-2.044	5.49171e-014
-2.043	5.58316e-014
-2.042	5.66634e-014
-2.041	5.74085e-014
-2.04	5.80629e-014
-2.039	5.86236e-014
-2.038	5.90876e-014
-2.037	5.94531e-014
-2.036	5.9719e-014
-2.035	5.98844e-014
-2.034	5.99498e-014
-2.033	5.99166e-014
-2.032	5.97871e-014
-2.031	5.95642e-014
-2.03	5.92526e-014
-2.029	5.88578e-014
-2.028	5.83866e-014
-2.027	5.78472e-014
-2.026	5.7249e-014
-2.025	5.66027e-014
-2.024	5.59209e-014
-2.023	5.52173e-014
-2.022	5.4507e-014
-2.021	5.38072e-014
-2.02	5.31361e-014
-2.019	5.25137e-014
-2.018	5.19618e-014
-2.017	5.15034e-014
-2.016	5.11634e-014
-2.015	5.0968e-014
-2.014	5.09452e-014
-2.013	5.11242e-014
-2.012	5.1536e-014
-2.011	5.22126e-014
-2.01	5.31875e-014
-2.009	5.44952e-014
-2.008	5.61716e-014
-2.007	5.82534e-014
-2.006	6.07782e-014
-2.005	6.37845e-014
-2.004	6.73109e-014
-2.003	7.1397e-014
-2.002	7.60822e-014
-2.001	8.14063e-014
-2	8.74085e-014
-1.999	9.41279e-014
-1.998	1.01603e-013
-1.997	1.09872e-013
-1.996	1.1897e-013
-1.995	1.28935e-013
-1.994	1.39798e-013
-1.993	1.51591e-013
-1.992	1.64345e-013
-1.991	1.78087e-013
-1.99	1.92841e-013
-1.989	2.08628e-013
-1.988	2.25468e-013
-1.987	2.43375e-013
-1.986	2.62359e-013
-1.985	2.82429e-013
-1.984	3.03585e-013
-1.983	3.25827e-013
-1.982	3.49147e-013
-1.981	3.73534e-013
-1.98	3.98969e-013
-1.979	4.2543e-013
-1.978	4.5289e-013
-1.977	4.81313e-013
-1.976	5.10659e-013
-1.975	5.40883e-013
-1.974	5.71931e-013
-1.973	6.03746e-013
-1.972	6.36264e-013
-1.971	6.69414e-013
-1.97	7.03119e-013
-1.969	7.37296e-013
-1.968	7.71859e-013
-1.967	8.06714e-013
-1.966	8.41764e-013
-1.965	8.76903e-013
-1.964	9.12025e-013
-1.963	9.47017e-013
-1.962	9.81763e-013
-1.961	1.01615e-012
-1.96	1.05005e-012
-1.959	1.08334e-012
-1.958	1.11591e-012
-1.957	1.14762e-012
-1.956	1.17835e-012
-1.955	1.20798e-012
-1.954	1.23639e-012
-1.953	1.26347e-012
-1.952	1.2891e-012
-1.951	1.31317e-012
-1.95	1.33558e-012
-1.949	1.35624e-012
-1.948	1.37507e-012
-1.947	1.39198e-012
-1.946	1.40692e-012
-1.945	1.41983e-012
-1.944	1.43068e-012
-1.943	1.43944e-012
-1.942	1.44609e-012
-1.941	1.45066e-012
-1.94	1.45316e-012
-1.939	1.45365e-012
-1.938	1.45219e-012
-1.937	1.44887e-012
-1.936	1.4438e-012
-1.935	1.43712e-012
-1.934	1.42898e-012
-1.933	1.41957e-012
-1.932	1.4091e-012
-1.931	1.3978e-012
-1.93	1.38596e-012
-1.929	1.37384e-012
-1.928	1.36179e-012
-1.927	1.35013e-012
-1.926	1.33926e-012
-1.925	1.32958e-012
-1.924	1.32151e-012
-1.923	1.31552e-012
-1.922	1.3121e-012
-1.921	1.31175e-012
-1.92	1.31501e-012
-1.919	1.32244e-012
-1.918	1.33462e-012
-1.917	1.35215e-012
-1.916	1.37565e-012
-1.915	1.40576e-012
-1.914	1.44312e-012
-1.913	1.48841e-012
-1.912	1.54229e-012
-1.911	1.60543e-012
-1.91	1.67851e-012
-1.909	1.76222e-012
-1.908	1.85722e-012
-1.907	1.9642e-012
-1.906	2.08379e-012
-1.905	2.21666e-012
-1.904	2.3634e-012
-1.903	2.52464e-012
-1.902	2.70094e-012
-1.901	2.89283e-012
-1.9	3.10082e-012
-1.899	3.32538e-012
-1.898	3.56693e-012
-1.897	3.82581e-012
-1.896	4.10237e-012
-1.895	4.39683e-012
-1.894	4.7094e-012
-1.893	5.04021e-012
-1.892	5.38931e-012
-1.891	5.75668e-012
-1.89	6.14221e-012
-1.889	6.54572e-012
-1.888	6.96696e-012
-1.887	7.40558e-012
-1.886	7.86112e-012
-1.885	8.33305e-012
-1.884	8.82076e-012
-1.883	9.3235e-012
-1.882	9.84048e-012
-1.881	1.03708e-011
-1.88	1.09134e-011
-1.879	1.14672e-011
-1.878	1.2031e-011
-1.877	1.26036e-011
-1.876	1.31836e-011
-1.875	1.37695e-011
-1.874	1.43598e-011
-1.873	1.4953e-011
-1.872	1.55472e-011
-1.871	1.6141e-011
-1.87	1.67323e-011
-1.869	1.73195e-011
-1.868	1.79006e-011
-1.867	1.84739e-011
-1.866	1.90373e-011
-1.865	1.9589e-011
-1.864	2.01271e-011
-1.863	2.06498e-011
-1.862	2.1155e-011
-1.861	2.16412e-011
-1.86	2.21065e-011
-1.859	2.25493e-011
-1.858	2.2968e-011
-1.857	2.33611e-011
-1.856	2.37273e-011
-1.855	2.40654e-011
-1.854	2.43744e-011
-1.853	2.46533e-011
-1.852	2.49014e-011
-1.851	2.51184e-011
-1.85	2.53038e-011
-1.849	2.54577e-011
-1.848	2.55802e-011
-1.847	2.5672e-011
-1.846	2.57336e-011
-1.845	2.57662e-011
-1.844	2.5771e-011
-1.843	2.57499e-011
-1.842	2.57047e-011
-1.841	2.56379e-011
-1.84	2.55521e-011
-1.839	2.54502e-011
-1.838	2.53359e-011
-1.837	2.52127e-011
-1.836	2.50848e-011
-1.835	2.49568e-011
-1.834	2.48333e-011
-1.833	2.47197e-011
-1.832	2.46216e-011
-1.831	2.45447e-011
-1.83	2.44954e-011
-1.829	2.44801e-011
-1.828	2.45058e-011
-1.827	2.45796e-011
-1.826	2.47089e-011
-1.825	2.49013e-011
-1.824	2.51648e-011
-1.823	2.55073e-011
-1.822	2.59372e-011
-1.821	2.64628e-011
-1.82	2.70925e-011
-1.819	2.78348e-011
-1.818	2.86983e-011
-1.817	2.96915e-011
-1.816	3.08228e-011
-1.815	3.21006e-011
-1.814	3.3533e-011
-1.813	3.51281e-011
-1.812	3.68934e-011
-1.811	3.88363e-011
-1.81	4.09641e-011
-1.809	4.32833e-011
-1.808	4.58e-011
-1.807	4.85201e-011
-1.806	5.14485e-011
-1.805	5.45898e-011
-1.804	5.79477e-011
-1.803	6.15255e-011
-1.802	6.53254e-011
-1.801	6.9349e-011
-1.8	7.3597e-011
-1.799	7.80691e-011
-1.798	8.27642e-011
-1.797	8.76803e-011
-1.796	9.28142e-011
-1.795	9.8162e-011
-1.794	1.03718e-010
-1.793	1.09477e-010
-1.792	1.15431e-010
-1.791	1.21571e-010
-1.79	1.27889e-010
-1.789	1.34373e-010
-1.788	1.41012e-010
-1.787	1.47794e-010
-1.786	1.54704e-010
-1.785	1.61729e-010
-1.784	1.68852e-010
-1.783	1.76057e-010
-1.782	1.83326e-010
-1.781	1.90642e-010
-1.78	1.97986e-010
-1.779	2.05337e-010
-1.778	2.12676e-010
-1.777	2.19983e-010
-1.776	2.27236e-010
-1.775	2.34415e-010
-1.774	2.41498e-010
-1.773	2.48463e-010
-1.772	2.5529e-010
-1.771	2.61957e-010
-1.77	2.68445e-010
-1.769	2.74732e-010
-1.768	2.808e-010
-1.767	2.86629e-010
-1.766	2.92203e-010
-1.765	2.97505e-010
-1.764	3.02519e-010
-1.763	3.07232e-010
-1.762	3.11632e-010
-1.761	3.15709e-010
-1.76	3.19454e-010
-1.759	3.22861e-010
-1.758	3.25926e-010
-1.757	3.28648e-010
-1.756	3.31027e-010
-1.755	3.33067e-010
-1.754	3.34775e-010
-1.753	3.36161e-010
-1.752	3.37236e-010
-1.751	3.38016e-010
-1.75	3.38521e-010
-1.749	3.38772e-010
-1.748	3.38796e-010
-1.747	3.38621e-010
-1.746	3.38279e-010
-1.745	3.37807e-010
-1.744	3.37244e-010
-1.743	3.36634e-010
-1.742	3.36023e-010
-1.741	3.3546e-010
-1.74	3.34999e-010
-1.739	3.34696e-010
-1.738	3.34611e-010
-1.737	3.34804e-010
-1.736	3.35343e-010
-1.735	3.36293e-010
-1.734	3.37727e-010
-1.733	3.39714e-010
-1.732	3.4233e-010
-1.731	3.4565e-010
-1.73	3.49752e-010
-1.729	3.54711e-010
-1.728	3.60609e-010
-1.727	3.67523e-010
-1.726	3.75532e-010
-1.725	3.84716e-010
-1.724	3.95151e-010
-1.723	4.06914e-010
-1.722	4.20081e-010
-1.721	4.34722e-010
-1.72	4.50909e-010
-1.719	4.68708e-010
-1.718	4.88183e-010
-1.717	5.09395e-010
-1.716	5.32398e-010
-1.715	5.57243e-010
-1.714	5.83975e-010
-1.713	6.12635e-010
-1.712	6.43256e-010
-1.711	6.75865e-010
-1.71	7.10481e-010
-1.709	7.47121e-010
-1.708	7.85787e-010
-1.707	8.26478e-010
-1.706	8.69183e-010
-1.705	9.13884e-010
-1.704	9.60551e-010
-1.703	1.00915e-009
-1.702	1.05964e-009
-1.701	1.11195e-009
-1.7	1.16604e-009
-1.699	1.22182e-009
-1.698	1.27921e-009
-1.697	1.33813e-009
-1.696	1.39847e-009
-1.695	1.46012e-009
-1.694	1.52297e-009
-1.693	1.58689e-009
-1.692	1.65175e-009
-1.691	1.71742e-009
-1.69	1.78373e-009
-1.689	1.85055e-009
-1.688	1.91771e-009
-1.687	1.98505e-009
-1.686	2.05241e-009
-1.685	2.1196e-009
-1.684	2.18646e-009
-1.683	2.25282e-009
-1.682	2.31849e-009
-1.681	2.3833e-009
-1.68	2.44708e-009
-1.679	2.50965e-009
-1.678	2.57085e-009
-1.677	2.63051e-009
-1.676	2.68848e-009
-1.675	2.74459e-009
-1.674	2.79872e-009
-1.673	2.85072e-009
-1.672	2.90046e-009
-1.671	2.94785e-009
-1.67	2.99278e-009
-1.669	3.03516e-009
-1.668	3.07493e-009
-1.667	3.11203e-009
-1.666	3.14642e-009
-1.665	3.17809e-009
-1.664	3.20704e-009
-1.663	3.23329e-009
-1.662	3.25689e-009
-1.661	3.2779e-009
-1.66	3.29642e-009
-1.659	3.31255e-009
-1.658	3.32643e-009
-1.657	3.33821e-009
-1.656	3.34809e-009
-1.655	3.35628e-009
-1.654	3.36301e-009
-1.653	3.36854e-009
-1.652	3.37316e-009
-1.651	3.37718e-009
-1.65	3.38092e-009
-1.649	3.38475e-009
-1.648	3.38905e-009
-1.647	3.39422e-009
-1.646	3.40068e-009
-1.645	3.40888e-009
-1.644	3.41927e-009
-1.643	3.43235e-009
-1.642	3.44859e-009
-1.641	3.46851e-009
-1.64	3.49262e-009
-1.639	3.52146e-009
-1.638	3.55555e-009
-1.637	3.59545e-009
-1.636	3.64169e-009
-1.635	3.69483e-009
-1.634	3.75539e-009
-1.633	3.82394e-009
-1.632	3.90098e-009
-1.631	3.98705e-009
-1.63	4.08264e-009
-1.629	4.18826e-009
-1.628	4.30437e-009
-1.627	4.43143e-009
-1.626	4.56986e-009
-1.625	4.72004e-009
-1.624	4.88237e-009
-1.623	5.05716e-009
-1.622	5.24471e-009
-1.621	5.44529e-009
-1.62	5.6591e-009
-1.619	5.88632e-009
-1.618	6.12709e-009
-1.617	6.38147e-009
-1.616	6.64949e-009
-1.615	6.93114e-009
-1.614	7.22633e-009
-1.613	7.53494e-009
-1.612	7.85676e-009
-1.611	8.19156e-009
-1.61	8.53904e-009
-1.609	8.89884e-009
-1.608	9.27053e-009
-1.607	9.65365e-009
-1.606	1.00477e-008
-1.605	1.0452e-008
-1.604	1.0866e-008
-1.603	1.12889e-008
-1.602	1.17201e-008
-1.601	1.21587e-008
-1.6	1.26039e-008
-1.599	1.30548e-008
-1.598	1.35105e-008
-1.597	1.397e-008
-1.596	1.44323e-008
-1.595	1.48965e-008
-1.594	1.53614e-008
-1.593	1.58261e-008
-1.592	1.62894e-008
-1.591	1.67503e-008
-1.59	1.72077e-008
-1.589	1.76605e-008
-1.588	1.81077e-008
-1.587	1.85482e-008
-1.586	1.8981e-008
-1.585	1.94052e-008
-1.584	1.98196e-008
-1.583	2.02235e-008
-1.582	2.06159e-008
-1.581	2.09962e-008
-1.58	2.13635e-008
-1.579	2.17172e-008
-1.578	2.20566e-008
-1.577	2.23813e-008
-1.576	2.26909e-008
-1.575	2.2985e-008
-1.574	2.32634e-008
-1.573	2.3526e-008
-1.572	2.37728e-008
-1.571	2.40039e-008
-1.57	2.42196e-008
-1.569	2.44202e-008
-1.568	2.46063e-008
-1.567	2.47783e-008
-1.566	2.49372e-008
-1.565	2.50837e-008
-1.564	2.52189e-008
-1.563	2.53439e-008
-1.562	2.54601e-008
-1.561	2.55689e-008
-1.56	2.56719e-008
-1.559	2.57707e-008
-1.558	2.58671e-008
-1.557	2.5963e-008
-1.556	2.60607e-008
-1.555	2.61622e-008
-1.554	2.62698e-008
-1.553	2.63858e-008
-1.552	2.65127e-008
-1.551	2.66532e-008
-1.55	2.68097e-008
-1.549	2.69851e-008
-1.548	2.7182e-008
-1.547	2.74032e-008
-1.546	2.76515e-008
-1.545	2.79298e-008
-1.544	2.82409e-008
-1.543	2.85876e-008
-1.542	2.89727e-008
-1.541	2.93991e-008
-1.54	2.98693e-008
-1.539	3.03862e-008
-1.538	3.09522e-008
-1.537	3.15699e-008
-1.536	3.22416e-008
-1.535	3.29696e-008
-1.534	3.37561e-008
-1.533	3.4603e-008
-1.532	3.55121e-008
-1.531	3.64851e-008
-1.53	3.75233e-008
-1.529	3.86282e-008
-1.528	3.98007e-008
-1.527	4.10416e-008
-1.526	4.23515e-008
-1.525	4.37308e-008
-1.524	4.51794e-008
-1.523	4.66973e-008
-1.522	4.82841e-008
-1.521	4.9939e-008
-1.52	5.16609e-008
-1.519	5.34488e-008
-1.518	5.53011e-008
-1.517	5.7216e-008
-1.516	5.91913e-008
-1.515	6.12248e-008
-1.514	6.33139e-008
-1.513	6.54557e-008
-1.512	6.7647e-008
-1.511	6.98845e-008
-1.51	7.21647e-008
-1.509	7.44838e-008
-1.508	7.68376e-008
-1.507	7.92221e-008
-1.506	8.1633e-008
-1.505	8.40654e-008
-1.504	8.65151e-008
-1.503	8.89772e-008
-1.502	9.14467e-008
-1.501	9.39188e-008
-1.5	9.63886e-008
-1.499	9.8851e-008
-1.498	1.01301e-007
-1.497	1.03734e-007
-1.496	1.06145e-007
-1.495	1.0853e-007
-1.494	1.10882e-007
-1.493	1.132e-007
-1.492	1.15476e-007
-1.491	1.17709e-007
-1.49	1.19893e-007
-1.489	1.22026e-007
-1.488	1.24104e-007
-1.487	1.26124e-007
-1.486	1.28084e-007
-1.485	1.29981e-007
-1.484	1.31814e-007
-1.483	1.3358e-007
-1.482	1.3528e-007
-1.481	1.36913e-007
-1.48	1.38479e-007
-1.479	1.39977e-007
-1.478	1.41411e-007
-1.477	1.4278e-007
-1.476	1.44087e-007
-1.475	1.45335e-007
-1.474	1.46528e-007
-1.473	1.47667e-007
-1.472	1.4876e-007
-1.471	1.49809e-007
-1.47	1.50821e-007
-1.469	1.51802e-007
-1.468	1.52758e-007
-1.467	1.53696e-007
-1.466	1.54624e-007
-1.465	1.5555e-007
-1.464	1.56481e-007
-1.463	1.57429e-007
-1.462	1.58401e-007
-1.461	1.59408e-007
-1.46	1.60459e-007
-1.459	1.61565e-007
-1.458	1.62736e-007
-1.457	1.63983e-007
-1.456	1.65318e-007
-1.455	1.66752e-007
-1.454	1.68295e-007
-1.453	1.69958e-007
-1.452	1.71755e-007
-1.451	1.73694e-007
-1.45	1.75788e-007
-1.449	1.78047e-007
-1.448	1.80482e-007
-1.447	1.83104e-007
-1.446	1.85921e-007
-1.445	1.88944e-007
-1.444	1.92183e-007
-1.443	1.95645e-007
-1.442	1.99339e-007
-1.441	2.03272e-007
-1.44	2.07451e-007
-1.439	2.11883e-007
-1.438	2.16572e-007
-1.437	2.21523e-007
-1.436	2.2674e-007
-1.435	2.32226e-007
-1.434	2.37983e-007
-1.433	2.44012e-007
-1.432	2.50313e-007
-1.431	2.56885e-007
-1.43	2.63726e-007
-1.429	2.70835e-007
-1.428	2.78206e-007
-1.427	2.85835e-007
-1.426	2.93716e-007
-1.425	3.01843e-007
-1.424	3.10207e-007
-1.423	3.188e-007
-1.422	3.27612e-007
-1.421	3.36633e-007
-1.42	3.45851e-007
-1.419	3.55254e-007
-1.418	3.64828e-007
-1.417	3.74561e-007
-1.416	3.84437e-007
-1.415	3.94441e-007
-1.414	4.04559e-007
-1.413	4.14772e-007
-1.412	4.25066e-007
-1.411	4.35423e-007
-1.41	4.45826e-007
-1.409	4.56259e-007
-1.408	4.66702e-007
-1.407	4.7714e-007
-1.406	4.87555e-007
-1.405	4.9793e-007
-1.404	5.08249e-007
-1.403	5.18494e-007
-1.402	5.2865e-007
-1.401	5.38703e-007
-1.4	5.48637e-007
-1.399	5.58438e-007
-1.398	5.68095e-007
-1.397	5.77595e-007
-1.396	5.86927e-007
-1.395	5.96082e-007
-1.394	6.0505e-007
-1.393	6.13826e-007
-1.392	6.22402e-007
-1.391	6.30777e-007
-1.39	6.38944e-007
-1.389	6.46906e-007
-1.388	6.54662e-007
-1.387	6.62213e-007
-1.386	6.69563e-007
-1.385	6.7672e-007
-1.384	6.83688e-007
-1.383	6.90479e-007
-1.382	6.97102e-007
-1.381	7.03571e-007
-1.38	7.099e-007
-1.379	7.16106e-007
-1.378	7.22205e-007
-1.377	7.2822e-007
-1.376	7.34169e-007
-1.375	7.40078e-007
-1.374	7.4597e-007
-1.373	7.5187e-007
-1.372	7.57806e-007
-1.371	7.63807e-007
-1.37	7.69902e-007
-1.369	7.76123e-007
-1.368	7.82501e-007
-1.367	7.89067e-007
-1.366	7.95857e-007
-1.365	8.02903e-007
-1.364	8.10241e-007
-1.363	8.17904e-007
-1.362	8.25926e-007
-1.361	8.34342e-007
-1.36	8.43189e-007
-1.359	8.52498e-007
-1.358	8.62303e-007
-1.357	8.72638e-007
-1.356	8.83535e-007
-1.355	8.95025e-007
-1.354	9.07137e-007
-1.353	9.19902e-007
-1.352	9.33344e-007
-1.351	9.4749e-007
-1.35	9.62364e-007
-1.349	9.77988e-007
-1.348	9.94383e-007
-1.347	1.01157e-006
-1.346	1.02955e-006
-1.345	1.04835e-006
-1.344	1.06798e-006
-1.343	1.08845e-006
-1.342	1.10975e-006
-1.341	1.1319e-006
-1.34	1.15489e-006
-1.339	1.17872e-006
-1.338	1.20339e-006
-1.337	1.22888e-006
-1.336	1.25519e-006
-1.335	1.2823e-006
-1.334	1.3102e-006
-1.333	1.33886e-006
-1.332	1.36826e-006
-1.331	1.39838e-006
-1.33	1.4292e-006
-1.329	1.46067e-006
-1.328	1.49278e-006
-1.327	1.52547e-006
-1.326	1.55873e-006
-1.325	1.5925e-006
-1.324	1.62676e-006
-1.323	1.66145e-006
-1.322	1.69654e-006
-1.321	1.73199e-006
-1.32	1.76774e-006
-1.319	1.80375e-006
-1.318	1.83998e-006
-1.317	1.87637e-006
-1.316	1.91289e-006
-1.315	1.94949e-006
-1.314	1.98612e-006
-1.313	2.02274e-006
-1.312	2.0593e-006
-1.311	2.09576e-006
-1.31	2.13208e-006
-1.309	2.16822e-006
-1.308	2.20415e-006
-1.307	2.23982e-006
-1.306	2.27522e-006
-1.305	2.3103e-006
-1.304	2.34504e-006
-1.303	2.37941e-006
-1.302	2.4134e-006
-1.301	2.447e-006
-1.3	2.48018e-006
-1.299	2.51294e-006
-1.298	2.54527e-006
-1.297	2.57716e-006
-1.296	2.60864e-006
-1.295	2.6397e-006
-1.294	2.67036e-006
-1.293	2.70062e-006
-1.292	2.73052e-006
-1.291	2.76007e-006
-1.29	2.78931e-006
-1.289	2.81828e-006
-1.288	2.847e-006
-1.287	2.87552e-006
-1.286	2.9039e-006
-1.285	2.93218e-006
-1.284	2.96041e-006
-1.283	2.98865e-006
-1.282	3.01698e-006
-1.281	3.04545e-006
-1.28	3.07413e-006
-1.279	3.10309e-006
-1.278	3.13242e-006
-1.277	3.16217e-006
-1.276	3.19245e-006
-1.275	3.22331e-006
-1.274	3.25485e-006
-1.273	3.28715e-006
-1.272	3.32029e-006
-1.271	3.35436e-006
-1.27	3.38944e-006
-1.269	3.42562e-006
-1.268	3.46297e-006
-1.267	3.50158e-006
-1.266	3.54153e-006
-1.265	3.5829e-006
-1.264	3.62577e-006
-1.263	3.6702e-006
-1.262	3.71627e-006
-1.261	3.76404e-006
-1.26	3.81359e-006
-1.259	3.86496e-006
-1.258	3.91823e-006
-1.257	3.97342e-006
-1.256	4.0306e-006
-1.255	4.08981e-006
-1.254	4.15107e-006
-1.253	4.21443e-006
-1.252	4.2799e-006
-1.251	4.3475e-006
-1.25	4.41725e-006
-1.249	4.48916e-006
-1.248	4.56321e-006
-1.247	4.63942e-006
-1.246	4.71776e-006
-1.245	4.79822e-006
-1.244	4.88077e-006
-1.243	4.96539e-006
-1.242	5.05203e-006
-1.241	5.14066e-006
-1.24	5.23123e-006
-1.239	5.32367e-006
-1.238	5.41795e-006
-1.237	5.51398e-006
-1.236	5.61171e-006
-1.235	5.71106e-006
-1.234	5.81195e-006
-1.233	5.9143e-006
-1.232	6.01803e-006
-1.231	6.12306e-006
-1.23	6.22929e-006
-1.229	6.33663e-006
-1.228	6.44499e-006
-1.227	6.55428e-006
-1.226	6.66441e-006
-1.225	6.77528e-006
-1.224	6.88679e-006
-1.223	6.99885e-006
-1.222	7.11138e-006
-1.221	7.22429e-006
-1.22	7.33748e-006
-1.219	7.45088e-006
-1.218	7.5644e-006
-1.217	7.67798e-006
-1.216	7.79154e-006
-1.215	7.90501e-006
-1.214	8.01834e-006
-1.213	8.13148e-006
-1.212	8.24437e-006
-1.211	8.35697e-006
-1.21	8.46926e-006
-1.209	8.5812e-006
-1.208	8.69277e-006
-1.207	8.80397e-006
-1.206	8.9148e-006
-1.205	9.02526e-006
-1.204	9.13536e-006
-1.203	9.24513e-006
-1.202	9.35462e-006
-1.201	9.46383e-006
-1.2	9.57284e-006
-1.199	9.68172e-006
-1.198	9.7905e-006
-1.197	9.89928e-006
-1.196	1.00081e-005
-1.195	1.01172e-005
-1.194	1.02265e-005
-1.193	1.03362e-005
-1.192	1.04464e-005
-1.191	1.05573e-005
-1.19	1.06688e-005
-1.189	1.07813e-005
-1.188	1.08948e-005
-1.187	1.10095e-005
-1.186	1.11255e-005
-1.185	1.12429e-005
-1.184	1.13621e-005
-1.183	1.1483e-005
-1.182	1.16059e-005
-1.181	1.17308e-005
-1.18	1.18581e-005
-1.179	1.19878e-005
-1.178	1.21202e-005
-1.177	1.22553e-005
-1.176	1.23934e-005
-1.175	1.25346e-005
-1.174	1.2679e-005
-1.173	1.28268e-005
-1.172	1.29782e-005
-1.171	1.31332e-005
-1.17	1.32921e-005
-1.169	1.3455e-005
-1.168	1.36219e-005
-1.167	1.3793e-005
-1.166	1.39684e-005
-1.165	1.41483e-005
-1.164	1.43326e-005
-1.163	1.45214e-005
-1.162	1.47149e-005
-1.161	1.49131e-005
-1.16	1.5116e-005
-1.159	1.53237e-005
-1.158	1.55362e-005
-1.157	1.57536e-005
-1.156	1.59758e-005
-1.155	1.62028e-005
-1.154	1.64346e-005
-1.153	1.66712e-005
-1.152	1.69126e-005
-1.151	1.71586e-005
-1.15	1.74093e-005
-1.149	1.76647e-005
-1.148	1.79245e-005
-1.147	1.81887e-005
-1.146	1.84573e-005
-1.145	1.87302e-005
-1.144	1.90071e-005
-1.143	1.92881e-005
-1.142	1.9573e-005
-1.141	1.98617e-005
-1.14	2.0154e-005
-1.139	2.04498e-005
-1.138	2.0749e-005
-1.137	2.10515e-005
-1.136	2.1357e-005
-1.135	2.16655e-005
-1.134	2.19769e-005
-1.133	2.22909e-005
-1.132	2.26075e-005
-1.131	2.29265e-005
-1.13	2.32478e-005
-1.129	2.35713e-005
-1.128	2.38968e-005
-1.127	2.42242e-005
-1.126	2.45535e-005
-1.125	2.48845e-005
-1.124	2.52172e-005
-1.123	2.55514e-005
-1.122	2.58871e-005
-1.121	2.62243e-005
-1.12	2.65628e-005
-1.119	2.69027e-005
-1.118	2.72439e-005
-1.117	2.75864e-005
-1.116	2.79302e-005
-1.115	2.82754e-005
-1.114	2.86219e-005
-1.113	2.89698e-005
-1.112	2.93192e-005
-1.111	2.96701e-005
-1.11	3.00226e-005
-1.109	3.03769e-005
-1.108	3.07329e-005
-1.107	3.10909e-005
-1.106	3.1451e-005
-1.105	3.18133e-005
-1.104	3.2178e-005
-1.103	3.25453e-005
-1.102	3.29154e-005
-1.101	3.32884e-005
-1.1	3.36646e-005
-1.099	3.40442e-005
-1.098	3.44275e-005
-1.097	3.48146e-005
-1.096	3.52058e-005
-1.095	3.56013e-005
-1.094	3.60015e-005
-1.093	3.64065e-005
-1.092	3.68167e-005
-1.091	3.72323e-005
-1.09	3.76535e-005
-1.089	3.80807e-005
-1.088	3.85142e-005
-1.087	3.89541e-005
-1.086	3.94008e-005
-1.085	3.98546e-005
-1.084	4.03156e-005
-1.083	4.07842e-005
-1.082	4.12606e-005
-1.081	4.1745e-005
-1.08	4.22377e-005
-1.079	4.2739e-005
-1.078	4.32489e-005
-1.077	4.37678e-005
-1.076	4.42959e-005
-1.075	4.48333e-005
-1.074	4.53801e-005
-1.073	4.59367e-005
-1.072	4.65031e-005
-1.071	4.70794e-005
-1.07	4.76657e-005
-1.069	4.82623e-005
-1.068	4.88691e-005
-1.067	4.94863e-005
-1.066	5.0114e-005
-1.065	5.07521e-005
-1.064	5.14007e-005
-1.063	5.20599e-005
-1.062	5.27296e-005
-1.061	5.34099e-005
-1.06	5.41007e-005
-1.059	5.4802e-005
-1.058	5.55137e-005
-1.057	5.62359e-005
-1.056	5.69684e-005
-1.055	5.77112e-005
-1.054	5.84642e-005
-1.053	5.92273e-005
-1.052	6.00003e-005
-1.051	6.07834e-005
-1.05	6.15762e-005
-1.049	6.23787e-005
-1.048	6.31907e-005
-1.047	6.40122e-005
-1.046	6.4843e-005
-1.045	6.56831e-005
-1.044	6.65322e-005
-1.043	6.73903e-005
-1.042	6.82572e-005
-1.041	6.91329e-005
-1.04	7.00172e-005
-1.039	7.09101e-005
-1.038	7.18115e-005
-1.037	7.27212e-005
-1.036	7.36392e-005
-1.035	7.45656e-005
-1.034	7.55e-005
-1.033	7.64426e-005
-1.032	7.73935e-005
-1.031	7.83525e-005
-1.03	7.93195e-005
-1.029	8.02948e-005
-1.028	8.12782e-005
-1.027	8.227e-005
-1.026	8.32702e-005
-1.025	8.42787e-005
-1.024	8.52958e-005
-1.023	8.63215e-005
-1.022	8.73561e-005
-1.021	8.83997e-005
-1.02	8.94525e-005
-1.019	9.05145e-005
-1.018	9.15861e-005
-1.017	9.26676e-005
-1.016	9.37591e-005
-1.015	9.48609e-005
-1.014	9.59734e-005
-1.013	9.70968e-005
-1.012	9.82314e-005
-1.011	9.93775e-005
-1.01	0.000100536
-1.009	0.000101706
-1.008	0.000102889
-1.007	0.000104085
-1.006	0.000105294
-1.005	0.000106517
-1.004	0.000107754
-1.003	0.000109006
-1.002	0.000110273
-1.001	0.000111555
-1	0.000112853
-0.999	0.000114167
-0.998	0.000115498
-0.997	0.000116846
-0.996	0.000118211
-0.995	0.000119594
-0.994	0.000120996
-0.993	0.000122416
-0.992	0.000123855
-0.991	0.000125314
-0.99	0.000126793
-0.989	0.000128292
-0.988	0.000129812
-0.987	0.000131352
-0.986	0.000132914
-0.985	0.000134498
-0.984	0.000136104
-0.983	0.000137731
-0.982	0.000139381
-0.981	0.000141055
-0.98	0.000142751
-0.979	0.00014447
-0.978	0.000146214
-0.977	0.00014798
-0.976	0.000149771
-0.975	0.000151587
-0.974	0.000153426
-0.973	0.00015529
-0.972	0.000157179
-0.971	0.000159092
-0.97	0.000161031
-0.969	0.000162995
-0.968	0.000164983
-0.967	0.000166998
-0.966	0.000169037
-0.965	0.000171102
-0.964	0.000173193
-0.963	0.000175309
-0.962	0.000177451
-0.961	0.000179619
-0.96	0.000181812
-0.959	0.000184032
-0.958	0.000186277
-0.957	0.000188549
-0.956	0.000190847
-0.955	0.000193171
-0.954	0.000195522
-0.953	0.000197898
-0.952	0.000200302
-0.951	0.000202732
-0.95	0.000205189
-0.949	0.000207672
-0.948	0.000210183
-0.947	0.000212721
-0.946	0.000215286
-0.945	0.00021788
-0.944	0.0002205
-0.943	0.000223149
-0.942	0.000225827
-0.941	0.000228532
-0.94	0.000231267
-0.939	0.000234031
-0.938	0.000236824
-0.937	0.000239648
-0.936	0.000242501
-0.935	0.000245385
-0.934	0.0002483
-0.933	0.000251247
-0.932	0.000254225
-0.931	0.000257236
-0.93	0.00026028
-0.929	0.000263357
-0.928	0.000266468
-0.927	0.000269614
-0.926	0.000272794
-0.925	0.00027601
-0.924	0.000279263
-0.923	0.000282553
-0.922	0.00028588
-0.921	0.000289245
-0.92	0.000292649
-0.919	0.000296092
-0.918	0.000299576
-0.917	0.000303101
-0.916	0.000306667
-0.915	0.000310276
-0.914	0.000313927
-0.913	0.000317623
-0.912	0.000321363
-0.911	0.000325148
-0.91	0.000328979
-0.909	0.000332856
-0.908	0.000336782
-0.907	0.000340755
-0.906	0.000344777
-0.905	0.000348849
-0.904	0.000352971
-0.903	0.000357144
-0.902	0.000361369
-0.901	0.000365647
-0.9	0.000369977
-0.899	0.000374362
-0.898	0.000378801
-0.897	0.000383295
-0.896	0.000387845
-0.895	0.000392451
-0.894	0.000397114
-0.893	0.000401835
-0.892	0.000406616
-0.891	0.000411454
-0.89	0.000416352
-0.889	0.000421311
-0.888	0.00042633
-0.887	0.000431411
-0.886	0.000436554
-0.885	0.000441759
-0.884	0.000447028
-0.883	0.00045236
-0.882	0.000457757
-0.881	0.000463218
-0.88	0.000468745
-0.879	0.000474337
-0.878	0.000479996
-0.877	0.000485722
-0.876	0.000491516
-0.875	0.000497378
-0.874	0.000503308
-0.873	0.000509308
-0.872	0.000515378
-0.871	0.000521519
-0.87	0.000527731
-0.869	0.000534014
-0.868	0.00054037
-0.867	0.0005468
-0.866	0.000553302
-0.865	0.00055988
-0.864	0.000566533
-0.863	0.000573262
-0.862	0.000580069
-0.861	0.000586952
-0.86	0.000593914
-0.859	0.000600956
-0.858	0.000608077
-0.857	0.00061528
-0.856	0.000622564
-0.855	0.000629932
-0.854	0.000637384
-0.853	0.000644921
-0.852	0.000652543
-0.851	0.000660253
-0.85	0.000668052
-0.849	0.00067594
-0.848	0.000683918
-0.847	0.000691988
-0.846	0.000700152
-0.845	0.00070841
-0.844	0.000716763
-0.843	0.000725213
-0.842	0.000733762
-0.841	0.000742412
-0.84	0.000751161
-0.839	0.000760013
-0.838	0.000768969
-0.837	0.000778031
-0.836	0.0007872
-0.835	0.000796477
-0.834	0.000805864
-0.833	0.000815364
-0.832	0.000824976
-0.831	0.000834703
-0.83	0.000844547
-0.829	0.000854508
-0.828	0.000864589
-0.827	0.000874793
-0.826	0.000885118
-0.825	0.000895569
-0.824	0.000906145
-0.823	0.00091685
-0.822	0.000927683
-0.821	0.000938648
-0.82	0.000949747
-0.819	0.00096098
-0.818	0.000972349
-0.817	0.000983856
-0.816	0.000995504
-0.815	0.00100729
-0.814	0.00101922
-0.813	0.0010313
-0.812	0.00104352
-0.811	0.00105589
-0.81	0.00106841
-0.809	0.00108108
-0.808	0.00109391
-0.807	0.00110689
-0.806	0.00112002
-0.805	0.00113332
-0.804	0.00114677
-0.803	0.00116038
-0.802	0.00117416
-0.801	0.0011881
-0.8	0.00120221
-0.799	0.00121649
-0.798	0.00123094
-0.797	0.00124555
-0.796	0.00126035
-0.795	0.00127531
-0.794	0.00129046
-0.793	0.00130578
-0.792	0.00132128
-0.791	0.00133696
-0.79	0.00135283
-0.789	0.00136889
-0.788	0.00138513
-0.787	0.00140156
-0.786	0.00141818
-0.785	0.001435
-0.784	0.00145201
-0.783	0.00146922
-0.782	0.00148663
-0.781	0.00150424
-0.78	0.00152205
-0.779	0.00154007
-0.778	0.0015583
-0.777	0.00157674
-0.776	0.0015954
-0.775	0.00161427
-0.774	0.00163335
-0.773	0.00165266
-0.772	0.00167219
-0.771	0.00169195
-0.77	0.00171194
-0.769	0.00173216
-0.768	0.00175261
-0.767	0.0017733
-0.766	0.00179422
-0.765	0.0018154
-0.764	0.00183681
-0.763	0.00185848
-0.762	0.0018804
-0.761	0.00190258
-0.76	0.00192501
-0.759	0.00194771
-0.758	0.00197067
-0.757	0.00199391
-0.756	0.00201741
-0.755	0.00204119
-0.754	0.00206525
-0.753	0.0020896
-0.752	0.00211423
-0.751	0.00213916
-0.75	0.00216438
-0.749	0.0021899
-0.748	0.00221572
-0.747	0.00224185
-0.746	0.00226829
-0.745	0.00229504
-0.744	0.00232212
-0.743	0.00234951
-0.742	0.00237724
-0.741	0.0024053
-0.74	0.00243369
-0.739	0.00246243
-0.738	0.00249151
-0.737	0.00252094
-0.736	0.00255072
-0.735	0.00258086
-0.734	0.00261136
-0.733	0.00264223
-0.732	0.00267347
-0.731	0.00270509
-0.73	0.00273709
-0.729	0.00276947
-0.728	0.00280224
-0.727	0.00283541
-0.726	0.00286898
-0.725	0.00290295
-0.724	0.00293732
-0.723	0.00297212
-0.722	0.00300732
-0.721	0.00304296
-0.72	0.00307901
-0.719	0.00311551
-0.718	0.00315243
-0.717	0.00318981
-0.716	0.00322762
-0.715	0.00326589
-0.714	0.00330461
-0.713	0.0033438
-0.712	0.00338345
-0.711	0.00342357
-0.71	0.00346418
-0.709	0.00350526
-0.708	0.00354683
-0.707	0.0035889
-0.706	0.00363145
-0.705	0.00367452
-0.704	0.00371809
-0.703	0.00376218
-0.702	0.00380678
-0.701	0.00385192
-0.7	0.00389758
-0.699	0.00394378
-0.698	0.00399052
-0.697	0.00403782
-0.696	0.00408566
-0.695	0.00413407
-0.694	0.00418305
-0.693	0.0042326
-0.692	0.00428273
-0.691	0.00433344
-0.69	0.00438475
-0.689	0.00443666
-0.688	0.00448918
-0.687	0.00454231
-0.686	0.00459607
-0.685	0.00465045
-0.684	0.00470546
-0.683	0.00476113
-0.682	0.00481744
-0.681	0.00487441
-0.68	0.00493205
-0.679	0.00499036
-0.678	0.00504936
-0.677	0.00510905
-0.676	0.00516944
-0.675	0.00523053
-0.674	0.00529234
-0.673	0.00535488
-0.672	0.00541816
-0.671	0.00548217
-0.67	0.00554694
-0.669	0.00561247
-0.668	0.00567878
-0.667	0.00574586
-0.666	0.00581374
-0.665	0.00588242
-0.664	0.00595192
-0.663	0.00602223
-0.662	0.00609337
-0.661	0.00616535
-0.66	0.00623819
-0.659	0.00631189
-0.658	0.00638646
-0.657	0.00646193
-0.656	0.00653828
-0.655	0.00661554
-0.654	0.00669372
-0.653	0.00677283
-0.652	0.00685289
-0.651	0.00693388
-0.65	0.00701585
-0.649	0.00709879
-0.648	0.00718272
-0.647	0.00726765
-0.646	0.0073536
-0.645	0.00744057
-0.644	0.00752857
-0.643	0.00761763
-0.642	0.00770774
-0.641	0.00779894
-0.64	0.00789121
-0.639	0.0079846
-0.638	0.00807908
-0.637	0.0081747
-0.636	0.00827147
-0.635	0.00836938
-0.634	0.00846846
-0.633	0.00856871
-0.632	0.00867017
-0.631	0.00877283
-0.63	0.00887673
-0.629	0.00898184
-0.628	0.00908821
-0.627	0.00919586
-0.626	0.00930478
-0.625	0.00941499
-0.624	0.00952651
-0.623	0.00963937
-0.622	0.00975355
-0.621	0.0098691
-0.62	0.00998602
-0.619	0.0101043
-0.618	0.010224
-0.617	0.0103452
-0.616	0.0104677
-0.615	0.0105917
-0.614	0.0107172
-0.613	0.0108442
-0.612	0.0109727
-0.611	0.0111027
-0.61	0.0112342
-0.609	0.0113673
-0.608	0.0115019
-0.607	0.0116382
-0.606	0.011776
-0.605	0.0119155
-0.604	0.0120567
-0.603	0.0121995
-0.602	0.0123439
-0.601	0.0124901
-0.6	0.012638
-0.599	0.0127877
-0.598	0.0129391
-0.597	0.0130923
-0.596	0.0132474
-0.595	0.0134042
-0.594	0.0135629
-0.593	0.0137235
-0.592	0.0138859
-0.591	0.0140503
-0.59	0.0142167
-0.589	0.0143849
-0.588	0.0145552
-0.587	0.0147275
-0.586	0.0149018
-0.585	0.0150782
-0.584	0.0152566
-0.583	0.0154372
-0.582	0.0156198
-0.581	0.0158047
-0.58	0.0159917
-0.579	0.016181
-0.578	0.0163724
-0.577	0.0165662
-0.576	0.0167622
-0.575	0.0169605
-0.574	0.0171612
-0.573	0.0173643
-0.572	0.0175698
-0.571	0.0177777
-0.57	0.017988
-0.569	0.0182009
-0.568	0.0184162
-0.567	0.0186342
-0.566	0.0188547
-0.565	0.0190778
-0.564	0.0193036
-0.563	0.019532
-0.562	0.0197631
-0.561	0.019997
-0.56	0.0202337
-0.559	0.0204731
-0.558	0.0207154
-0.557	0.0209606
-0.556	0.0212087
-0.555	0.0214597
-0.554	0.0217137
-0.553	0.0219707
-0.552	0.0222308
-0.551	0.0224939
-0.55	0.0227602
-0.549	0.0230296
-0.548	0.0233023
-0.547	0.0235781
-0.546	0.0238573
-0.545	0.0241397
-0.544	0.0244255
-0.543	0.0247147
-0.542	0.0250073
-0.541	0.0253033
-0.54	0.0256029
-0.539	0.0259061
-0.538	0.0262128
-0.537	0.0265231
-0.536	0.0268372
-0.535	0.027155
-0.534	0.0274765
-0.533	0.0278019
-0.532	0.028131
-0.531	0.0284641
-0.53	0.0288012
-0.529	0.0291422
-0.528	0.0294873
-0.527	0.0298365
-0.526	0.0301898
-0.525	0.0305472
-0.524	0.0309089
-0.523	0.0312749
-0.522	0.0316453
-0.521	0.03202
-0.52	0.0323991
-0.519	0.0327828
-0.518	0.0331709
-0.517	0.0335637
-0.516	0.0339611
-0.515	0.0343633
-0.514	0.0347701
-0.513	0.0351819
-0.512	0.0355984
-0.511	0.03602
-0.51	0.0364465
-0.509	0.036878
-0.508	0.0373147
-0.507	0.0377565
-0.506	0.0382035
-0.505	0.0386559
-0.504	0.0391136
-0.503	0.0395767
-0.502	0.0400453
-0.501	0.0405195
-0.5	0.0409993
-0.499	0.0414847
-0.498	0.0419759
-0.497	0.0424729
-0.496	0.0429758
-0.495	0.0434847
-0.494	0.0439995
-0.493	0.0445205
-0.492	0.0450477
-0.491	0.0455811
-0.49	0.0461207
-0.489	0.0466668
-0.488	0.0472194
-0.487	0.0477785
-0.486	0.0483442
-0.485	0.0489166
-0.484	0.0494958
-0.483	0.0500819
-0.482	0.0506749
-0.481	0.0512749
-0.48	0.0518821
-0.479	0.0524964
-0.478	0.0531179
-0.477	0.0537469
-0.476	0.0543833
-0.475	0.0550273
-0.474	0.0556788
-0.473	0.0563381
-0.472	0.0570052
-0.471	0.0576801
-0.47	0.0583631
-0.469	0.0590541
-0.468	0.0597534
-0.467	0.0604609
-0.466	0.0611768
-0.465	0.0619012
-0.464	0.0626341
-0.463	0.0633757
-0.462	0.0641261
-0.461	0.0648854
-0.46	0.0656536
-0.459	0.066431
-0.458	0.0672176
-0.457	0.0680135
-0.456	0.0688188
-0.455	0.0696336
-0.454	0.0704581
-0.453	0.0712923
-0.452	0.0721364
-0.451	0.0729905
-0.45	0.0738548
-0.449	0.0747292
-0.448	0.075614
-0.447	0.0765093
-0.446	0.0774152
-0.445	0.0783318
-0.444	0.0792592
-0.443	0.0801976
-0.442	0.0811472
-0.441	0.082108
-0.44	0.0830801
-0.439	0.0840637
-0.438	0.085059
-0.437	0.0860661
-0.436	0.0870852
-0.435	0.0881162
-0.434	0.0891594
-0.433	0.090215
-0.432	0.0912831
-0.431	0.0923638
-0.43	0.0934574
-0.429	0.0945638
-0.428	0.0956834
-0.427	0.0968162
-0.426	0.0979625
-0.425	0.0991223
-0.424	0.100296
-0.423	0.101483
-0.422	0.102685
-0.421	0.103901
-0.42	0.105131
-0.419	0.106375
-0.418	0.107635
-0.417	0.108909
-0.416	0.110198
-0.415	0.111503
-0.414	0.11286
-0.413	0.114311
-0.412	0.115855
-0.411	0.117495
-0.41	0.119232
-0.409	0.121066
-0.408	0.122997
-0.407	0.125027
-0.406	0.127155
-0.405	0.129381
-0.404	0.131705
-0.403	0.134127
-0.402	0.136645
-0.401	0.139258
-0.4	0.141965
-0.399	0.144766
-0.398	0.147657
-0.397	0.150639
-0.396	0.153707
-0.395	0.156861
-0.394	0.160098
-0.393	0.163416
-0.392	0.166812
-0.391	0.170282
-0.39	0.173825
-0.389	0.177437
-0.388	0.181116
-0.387	0.184857
-0.386	0.188658
-0.385	0.192515
-0.384	0.196425
-0.383	0.200384
-0.382	0.20439
-0.381	0.208437
-0.38	0.212523
-0.379	0.216644
-0.378	0.220797
-0.377	0.224978
-0.376	0.229184
-0.375	0.233411
-0.374	0.237656
-0.373	0.241916
-0.372	0.246187
-0.371	0.250467
-0.37	0.254753
-0.369	0.259041
-0.368	0.263329
-0.367	0.267616
-0.366	0.271897
-0.365	0.276171
-0.364	0.280508
-0.363	0.284976
-0.362	0.289569
-0.361	0.294277
-0.36	0.299091
-0.359	0.304004
-0.358	0.309006
-0.357	0.314087
-0.356	0.319239
-0.355	0.324452
-0.354	0.329716
-0.353	0.335023
-0.352	0.340361
-0.351	0.345721
-0.35	0.351093
-0.349	0.356467
-0.348	0.361835
-0.347	0.367185
-0.346	0.372506
-0.345	0.377792
-0.344	0.383031
-0.343	0.388212
-0.342	0.393328
-0.341	0.398369
-0.34	0.403324
-0.339	0.408187
-0.338	0.412947
-0.337	0.417595
-0.336	0.422123
-0.335	0.426523
-0.334	0.430788
-0.333	0.434908
-0.332	0.438877
-0.331	0.442687
-0.33	0.446332
-0.329	0.449806
-0.328	0.4531
-0.327	0.456212
-0.326	0.459133
-0.325	0.46186
-0.324	0.464388
-0.323	0.46671
-0.322	0.468827
-0.321	0.470731
-0.32	0.472422
-0.319	0.473894
-0.318	0.475148
-0.317	0.476178
-0.316	0.476987
-0.315	0.477571
-0.314	0.477931
-0.313	0.478066
-0.312	0.477976
-0.311	0.477661
-0.31	0.477126
-0.309	0.476367
-0.308	0.47539
-0.307	0.474196
-0.306	0.472788
-0.305	0.471169
-0.304	0.469342
-0.303	0.467313
-0.302	0.465085
-0.301	0.462664
-0.3	0.460053
-0.299	0.45726
-0.298	0.45429
-0.297	0.451148
-0.296	0.447842
-0.295	0.44438
-0.294	0.440766
-0.293	0.437011
-0.292	0.43312
-0.291	0.429103
-0.29	0.424967
-0.289	0.420722
-0.288	0.416375
-0.287	0.411936
-0.286	0.407414
-0.285	0.402818
-0.284	0.398158
-0.283	0.393442
-0.282	0.388681
-0.281	0.383886
-0.28	0.379064
-0.279	0.374227
-0.278	0.369383
-0.277	0.364544
-0.276	0.359718
-0.275	0.354917
-0.274	0.350147
-0.273	0.345423
-0.272	0.340751
-0.271	0.336142
-0.27	0.331604
-0.269	0.327149
-0.268	0.322783
-0.267	0.318517
-0.266	0.314359
-0.265	0.310318
-0.264	0.306403
-0.263	0.30262
-0.262	0.298979
-0.261	0.295487
-0.26	0.29215
-0.259	0.288978
-0.258	0.285973
-0.257	0.283146
-0.256	0.280501
-0.255	0.278043
-0.254	0.275778
-0.253	0.273712
-0.252	0.271848
-0.251	0.27019
-0.25	0.268744
-0.249	0.26751
-0.248	0.266494
-0.247	0.265696
-0.246	0.26512
-0.245	0.264767
-0.244	0.264638
-0.243	0.264733
-0.242	0.265055
-0.241	0.265601
-0.24	0.266372
-0.239	0.267368
-0.238	0.268584
-0.237	0.270023
-0.236	0.271679
-0.235	0.273551
-0.234	0.275636
-0.233	0.277929
-0.232	0.280429
-0.231	0.283128
-0.23	0.286024
-0.229	0.289112
-0.228	0.292386
-0.227	0.295839
-0.226	0.299466
-0.225	0.30326
-0.224	0.307215
-0.223	0.311325
-0.222	0.315579
-0.221	0.319973
-0.22	0.324497
-0.219	0.329143
-0.218	0.333902
-0.217	0.338769
-0.216	0.34373
-0.215	0.348778
-0.214	0.353906
-0.213	0.359101
-0.212	0.364356
-0.211	0.369661
-0.21	0.375004
-0.209	0.380379
-0.208	0.385774
-0.207	0.391179
-0.206	0.396584
-0.205	0.401981
-0.204	0.407358
-0.203	0.412705
-0.202	0.418014
-0.201	0.423274
-0.2	0.428477
-0.199	0.43361
-0.198	0.438668
-0.197	0.443639
-0.196	0.448514
-0.195	0.453285
-0.194	0.457944
-0.193	0.46248
-0.192	0.466888
-0.191	0.471156
-0.19	0.475282
-0.189	0.479252
-0.188	0.483065
-0.187	0.486709
-0.186	0.490182
-0.185	0.493475
-0.184	0.496582
-0.183	0.4995
-0.182	0.502222
-0.181	0.504742
-0.18	0.50706
-0.179	0.509168
-0.178	0.511065
-0.177	0.512745
-0.176	0.51421
-0.175	0.515453
-0.174	0.516475
-0.173	0.517273
-0.172	0.517847
-0.171	0.518198
-0.17	0.518321
-0.169	0.518223
-0.168	0.517899
-0.167	0.517353
-0.166	0.516586
-0.165	0.5156
-0.164	0.514397
-0.163	0.512982
-0.162	0.511356
-0.161	0.509525
-0.16	0.50749
-0.159	0.505258
-0.158	0.502833
-0.157	0.50022
-0.156	0.497426
-0.155	0.494456
-0.154	0.491316
-0.153	0.488013
-0.152	0.484553
-0.151	0.480947
-0.15	0.477198
-0.149	0.473317
-0.148	0.469309
-0.147	0.465186
-0.146	0.460953
-0.145	0.456623
-0.144	0.4522
-0.143	0.447697
-0.142	0.443122
-0.141	0.438483
-0.14	0.433793
-0.139	0.429059
-0.138	0.42429
-0.137	0.4195
-0.136	0.414693
-0.135	0.409884
-0.134	0.405081
-0.133	0.400293
-0.132	0.39553
-0.131	0.390804
-0.13	0.386122
-0.129	0.381496
-0.128	0.376933
-0.127	0.372444
-0.126	0.36804
-0.125	0.363726
-0.124	0.359514
-0.123	0.355412
-0.122	0.351429
-0.121	0.347572
-0.12	0.343852
-0.119	0.340271
-0.118	0.336843
-0.117	0.333572
-0.116	0.330464
-0.115	0.327529
-0.114	0.32477
-0.113	0.322195
-0.112	0.319808
-0.111	0.317615
-0.11	0.315621
-0.109	0.313831
-0.108	0.312248
-0.107	0.310876
-0.106	0.309719
-0.105	0.308778
-0.104	0.308057
-0.103	0.307558
-0.102	0.307282
-0.101	0.307231
-0.1	0.307404
