-4	1.93792e-019
-3.999	1.96539e-019
-3.998	1.99293e-019
-3.997	2.02054e-019
-3.996	2.0482e-019
-3.995	2.07592e-019
-3.994	2.10369e-019
-3.993	2.13149e-019
-3.992	2.15932e-019
-3.991	2.18717e-019
-3.99	2.21505e-019
-3.989	2.24293e-019
-3.988	2.27081e-019
-3.987	2.29869e-019
-3.986	2.32656e-019
-3.985	2.3544e-019
-3.984	2.38221e-019
-3.983	2.40999e-019
-3.982	2.43771e-019
-3.981	2.46539e-019
-3.98	2.493e-019
-3.979	2.52054e-019
-3.978	2.548e-019
-3.977	2.57536e-019
-3.976	2.60264e-019
-3.975	2.62979e-019
-3.974	2.65683e-019
-3.973	2.68375e-019
-3.972	2.71053e-019
-3.971	2.73716e-019
-3.97	2.76364e-019
-3.969	2.78994e-019
-3.968	2.81608e-019
-3.967	2.84202e-019
-3.966	2.86778e-019
-3.965	2.89333e-019
-3.964	2.91866e-019
-3.963	2.94377e-019
-3.962	2.96863e-019
-3.961	2.99326e-019
-3.96	3.01762e-019
-3.959	3.04171e-019
-3.958	3.06553e-019
-3.957	3.08905e-019
-3.956	3.11228e-019
-3.955	3.13521e-019
-3.954	3.1578e-019
-3.953	3.18006e-019
-3.952	3.20198e-019
-3.951	3.22354e-019
-3.95	3.24475e-019
-3.949	3.26558e-019
-3.948	3.28603e-019
-3.947	3.30608e-019
-3.946	3.32572e-019
-3.945	3.34495e-019
-3.944	3.36374e-019
-3.943	3.38211e-019
-3.942	3.40003e-019
-3.941	3.41748e-019
-3.94	3.43447e-019
-3.939	3.45098e-019
-3.938	3.46701e-019
-3.937	3.48254e-019
-3.936	3.49757e-019
-3.935	3.51208e-019
-3.934	3.52605e-019
-3.933	3.5395e-019
-3.932	3.5524e-019
-3.931	3.56475e-019
-3.93	3.57655e-019
-3.929	3.58777e-019
-3.928	3.59842e-019
-3.927	3.60848e-019
-3.926	3.61794e-019
-3.925	3.62681e-019
-3.924	3.63507e-019
-3.923	3.64272e-019
-3.922	3.64975e-019
-3.921	3.65615e-019
-3.92	3.66192e-019
-3.919	3.66705e-019
-3.918	3.67154e-019
-3.917	3.67538e-019
-3.916	3.67856e-019
-3.915	3.68109e-019
-3.914	3.68295e-019
-3.913	3.68416e-019
-3.912	3.68469e-019
-3.911	3.68455e-019
-3.91	3.68374e-019
-3.909	3.68226e-019
-3.908	3.68011e-019
-3.907	3.67727e-019
-3.906	3.67377e-019
-3.905	3.66957e-019
-3.904	3.66472e-019
-3.903	3.65917e-019
-3.902	3.65296e-019
-3.901	3.64608e-019
-3.9	3.63852e-019
-3.899	3.6303e-019
-3.898	3.62143e-019
-3.897	3.6119e-019
-3.896	3.60171e-019
-3.895	3.59088e-019
-3.894	3.5794e-019
-3.893	3.56731e-019
-3.892	3.55457e-019
-3.891	3.54123e-019
-3.89	3.52727e-019
-3.889	3.51271e-019
-3.888	3.49756e-019
-3.887	3.48184e-019
-3.886	3.46555e-019
-3.885	3.4487e-019
-3.884	3.43131e-019
-3.883	3.41341e-019
-3.882	3.39499e-019
-3.881	3.37606e-019
-3.88	3.35665e-019
-3.879	3.33678e-019
-3.878	3.31646e-019
-3.877	3.2957e-019
-3.876	3.27454e-019
-3.875	3.25298e-019
-3.874	3.23105e-019
-3.873	3.20878e-019
-3.872	3.18617e-019
-3.871	3.16326e-019
-3.87	3.14007e-019
-3.869	3.11662e-019
-3.868	3.09294e-019
-3.867	3.06905e-019
-3.866	3.04498e-019
-3.865	3.02076e-019
-3.864	2.99641e-019
-3.863	2.97197e-019
-3.862	2.94747e-019
-3.861	2.92293e-019
-3.86	2.8984e-019
-3.859	2.87389e-019
-3.858	2.84944e-019
-3.857	2.8251e-019
-3.856	2.80089e-019
-3.855	2.77684e-019
-3.854	2.753e-019
-3.853	2.7294e-019
-3.852	2.70609e-019
-3.851	2.68309e-019
-3.85	2.66045e-019
-3.849	2.6382e-019
-3.848	2.6164e-019
-3.847	2.59507e-019
-3.846	2.57428e-019
-3.845	2.55405e-019
-3.844	2.53442e-019
-3.843	2.51545e-019
-3.842	2.49719e-019
-3.841	2.47967e-019
-3.84	2.46295e-019
-3.839	2.44706e-019
-3.838	2.43206e-019
-3.837	2.418e-019
-3.836	2.40492e-019
-3.835	2.39287e-019
-3.834	2.38192e-019
-3.833	2.37211e-019
-3.832	2.36348e-019
-3.831	2.35608e-019
-3.83	2.34998e-019
-3.829	2.34523e-019
-3.828	2.34187e-019
-3.827	2.33996e-019
-3.826	2.33956e-019
-3.825	2.34071e-019
-3.824	2.34348e-019
-3.823	2.34792e-019
-3.822	2.35409e-019
-3.821	2.36202e-019
-3.82	2.3718e-019
-3.819	2.38347e-019
-3.818	2.39709e-019
-3.817	2.41272e-019
-3.816	2.4304e-019
-3.815	2.45021e-019
-3.814	2.47218e-019
-3.813	2.49638e-019
-3.812	2.52287e-019
-3.811	2.55171e-019
-3.81	2.58295e-019
-3.809	2.61665e-019
-3.808	2.65286e-019
-3.807	2.69163e-019
-3.806	2.73303e-019
-3.805	2.77712e-019
-3.804	2.82394e-019
-3.803	2.87356e-019
-3.802	2.92602e-019
-3.801	2.98137e-019
-3.8	3.03969e-019
-3.799	3.10102e-019
-3.798	3.16541e-019
-3.797	3.23291e-019
-3.796	3.30357e-019
-3.795	3.37746e-019
-3.794	3.45461e-019
-3.793	3.53507e-019
-3.792	3.61891e-019
-3.791	3.70617e-019
-3.79	3.79688e-019
-3.789	3.89109e-019
-3.788	3.98887e-019
-3.787	4.09025e-019
-3.786	4.19527e-019
-3.785	4.30397e-019
-3.784	4.41641e-019
-3.783	4.53261e-019
-3.782	4.65262e-019
-3.781	4.77647e-019
-3.78	4.90421e-019
-3.779	5.03586e-019
-3.778	5.17147e-019
-3.777	5.31106e-019
-3.776	5.45466e-019
-3.775	5.60231e-019
-3.774	5.75404e-019
-3.773	5.90987e-019
-3.772	6.06981e-019
-3.771	6.23392e-019
-3.77	6.40219e-019
-3.769	6.57467e-019
-3.768	6.75134e-019
-3.767	6.93225e-019
-3.766	7.11739e-019
-3.765	7.30679e-019
-3.764	7.50045e-019
-3.763	7.6984e-019
-3.762	7.90061e-019
-3.761	8.10712e-019
-3.76	8.31793e-019
-3.759	8.53302e-019
-3.758	8.75239e-019
-3.757	8.97608e-019
-3.756	9.20404e-019
-3.755	9.43625e-019
-3.754	9.67274e-019
-3.753	9.91346e-019
-3.752	1.01584e-018
-3.751	1.04076e-018
-3.75	1.0661e-018
-3.749	1.09186e-018
-3.748	1.11803e-018
-3.747	1.14462e-018
-3.746	1.17161e-018
-3.745	1.19901e-018
-3.744	1.22682e-018
-3.743	1.25502e-018
-3.742	1.28363e-018
-3.741	1.31262e-018
-3.74	1.342e-018
-3.739	1.37176e-018
-3.738	1.40189e-018
-3.737	1.4324e-018
-3.736	1.46328e-018
-3.735	1.49452e-018
-3.734	1.52612e-018
-3.733	1.55806e-018
-3.732	1.59035e-018
-3.731	1.62297e-018
-3.73	1.65592e-018
-3.729	1.68918e-018
-3.728	1.72277e-018
-3.727	1.75666e-018
-3.726	1.79084e-018
-3.725	1.82532e-018
-3.724	1.86008e-018
-3.723	1.89511e-018
-3.722	1.9304e-018
-3.721	1.96595e-018
-3.72	2.00174e-018
-3.719	2.03776e-018
-3.718	2.07401e-018
-3.717	2.11047e-018
-3.716	2.14713e-018
-3.715	2.18399e-018
-3.714	2.22102e-018
-3.713	2.25822e-018
-3.712	2.29558e-018
-3.711	2.33309e-018
-3.71	2.37073e-018
-3.709	2.40849e-018
-3.708	2.44637e-018
-3.707	2.48434e-018
-3.706	2.52239e-018
-3.705	2.56052e-018
-3.704	2.59869e-018
-3.703	2.63692e-018
-3.702	2.67518e-018
-3.701	2.71344e-018
-3.7	2.75172e-018
-3.699	2.78998e-018
-3.698	2.82821e-018
-3.697	2.86641e-018
-3.696	2.90455e-018
-3.695	2.94262e-018
-3.694	2.9806e-018
-3.693	3.01849e-018
-3.692	3.05626e-018
-3.691	3.0939e-018
-3.69	3.13139e-018
-3.689	3.16873e-018
-3.688	3.20588e-018
-3.687	3.24285e-018
-3.686	3.27961e-018
-3.685	3.31614e-018
-3.684	3.35243e-018
-3.683	3.38847e-018
-3.682	3.42424e-018
-3.681	3.45972e-018
-3.68	3.49489e-018
-3.679	3.52975e-018
-3.678	3.56428e-018
-3.677	3.59846e-018
-3.676	3.63226e-018
-3.675	3.66569e-018
-3.674	3.69871e-018
-3.673	3.73133e-018
-3.672	3.76351e-018
-3.671	3.79526e-018
-3.67	3.82654e-018
-3.669	3.85734e-018
-3.668	3.88767e-018
-3.667	3.91748e-018
-3.666	3.94677e-018
-3.665	3.97553e-018
-3.664	4.00374e-018
-3.663	4.03139e-018
-3.662	4.05844e-018
-3.661	4.08492e-018
-3.66	4.11079e-018
-3.659	4.13604e-018
-3.658	4.16066e-018
-3.657	4.18464e-018
-3.656	4.20796e-018
-3.655	4.23059e-018
-3.654	4.25256e-018
-3.653	4.27382e-018
-3.652	4.29438e-018
-3.651	4.31422e-018
-3.65	4.33335e-018
-3.649	4.35172e-018
-3.648	4.36935e-018
-3.647	4.38621e-018
-3.646	4.40233e-018
-3.645	4.41766e-018
-3.644	4.43219e-018
-3.643	4.44593e-018
-3.642	4.45889e-018
-3.641	4.47104e-018
-3.64	4.48235e-018
-3.639	4.49285e-018
-3.638	4.50253e-018
-3.637	4.51139e-018
-3.636	4.51939e-018
-3.635	4.52656e-018
-3.634	4.53289e-018
-3.633	4.53837e-018
-3.632	4.543e-018
-3.631	4.54678e-018
-3.63	4.5497e-018
-3.629	4.55178e-018
-3.628	4.55299e-018
-3.627	4.55336e-018
-3.626	4.55288e-018
-3.625	4.55155e-018
-3.624	4.54936e-018
-3.623	4.54633e-018
-3.622	4.54246e-018
-3.621	4.53776e-018
-3.62	4.53223e-018
-3.619	4.52587e-018
-3.618	4.51869e-018
-3.617	4.51071e-018
-3.616	4.50192e-018
-3.615	4.49234e-018
-3.614	4.48197e-018
-3.613	4.47082e-018
-3.612	4.45891e-018
-3.611	4.44626e-018
-3.61	4.43286e-018
-3.609	4.41873e-018
-3.608	4.4039e-018
-3.607	4.38837e-018
-3.606	4.37216e-018
-3.605	4.35527e-018
-3.604	4.33775e-018
-3.603	4.31959e-018
-3.602	4.30083e-018
-3.601	4.28146e-018
-3.6	4.26152e-018
-3.599	4.24104e-018
-3.598	4.22003e-018
-3.597	4.19851e-018
-3.596	4.1765e-018
-3.595	4.15404e-018
-3.594	4.13114e-018
-3.593	4.10784e-018
-3.592	4.08415e-018
-3.591	4.06011e-018
-3.59	4.03574e-018
-3.589	4.01108e-018
-3.588	3.98615e-018
-3.587	3.96098e-018
-3.586	3.93561e-018
-3.585	3.91006e-018
-3.584	3.88437e-018
-3.583	3.85858e-018
-3.582	3.8327e-018
-3.581	3.8068e-018
-3.58	3.78088e-018
-3.579	3.755e-018
-3.578	3.72918e-018
-3.577	3.70348e-018
-3.576	3.67792e-018
-3.575	3.65255e-018
-3.574	3.62739e-018
-3.573	3.6025e-018
-3.572	3.57792e-018
-3.571	3.55367e-018
-3.57	3.52982e-018
-3.569	3.5064e-018
-3.568	3.48345e-018
-3.567	3.46102e-018
-3.566	3.43915e-018
-3.565	3.41789e-018
-3.564	3.39727e-018
-3.563	3.37736e-018
-3.562	3.35819e-018
-3.561	3.3398e-018
-3.56	3.32225e-018
-3.559	3.30558e-018
-3.558	3.28984e-018
-3.557	3.27508e-018
-3.556	3.26134e-018
-3.555	3.24869e-018
-3.554	3.23715e-018
-3.553	3.22679e-018
-3.552	3.21764e-018
-3.551	3.20978e-018
-3.55	3.20323e-018
-3.549	3.19805e-018
-3.548	3.19428e-018
-3.547	3.192e-018
-3.546	3.19123e-018
-3.545	3.19203e-018
-3.544	3.19445e-018
-3.543	3.19854e-018
-3.542	3.20435e-018
-3.541	3.21193e-018
-3.54	3.22133e-018
-3.539	3.2326e-018
-3.538	3.24579e-018
-3.537	3.26095e-018
-3.536	3.27812e-018
-3.535	3.29736e-018
-3.534	3.3187e-018
-3.533	3.34221e-018
-3.532	3.36794e-018
-3.531	3.39593e-018
-3.53	3.4262e-018
-3.529	3.45883e-018
-3.528	3.49387e-018
-3.527	3.53134e-018
-3.526	3.57129e-018
-3.525	3.61378e-018
-3.524	3.65883e-018
-3.523	3.70651e-018
-3.522	3.75685e-018
-3.521	3.80989e-018
-3.52	3.86567e-018
-3.519	3.92424e-018
-3.518	3.98561e-018
-3.517	4.04985e-018
-3.516	4.11699e-018
-3.515	4.18705e-018
-3.514	4.26008e-018
-3.513	4.33612e-018
-3.512	4.41519e-018
-3.511	4.49732e-018
-3.51	4.58258e-018
-3.509	4.67094e-018
-3.508	4.76246e-018
-3.507	4.85717e-018
-3.506	4.95509e-018
-3.505	5.05625e-018
-3.504	5.16068e-018
-3.503	5.26838e-018
-3.502	5.37939e-018
-3.501	5.49372e-018
-3.5	5.6114e-018
-3.499	5.73244e-018
-3.498	5.85686e-018
-3.497	5.98465e-018
-3.496	6.11586e-018
-3.495	6.25048e-018
-3.494	6.38852e-018
-3.493	6.53e-018
-3.492	6.67491e-018
-3.491	6.82324e-018
-3.49	6.97503e-018
-3.489	7.13028e-018
-3.488	7.28896e-018
-3.487	7.45108e-018
-3.486	7.61663e-018
-3.485	7.78563e-018
-3.484	7.95804e-018
-3.483	8.13387e-018
-3.482	8.31309e-018
-3.481	8.49571e-018
-3.48	8.68171e-018
-3.479	8.87106e-018
-3.478	9.06374e-018
-3.477	9.25974e-018
-3.476	9.45902e-018
-3.475	9.66158e-018
-3.474	9.86738e-018
-3.473	1.00764e-017
-3.472	1.02886e-017
-3.471	1.05039e-017
-3.47	1.07224e-017
-3.469	1.09439e-017
-3.468	1.11685e-017
-3.467	1.13961e-017
-3.466	1.16266e-017
-3.465	1.18601e-017
-3.464	1.20964e-017
-3.463	1.23354e-017
-3.462	1.25773e-017
-3.461	1.28219e-017
-3.46	1.30691e-017
-3.459	1.3319e-017
-3.458	1.35714e-017
-3.457	1.38263e-017
-3.456	1.40836e-017
-3.455	1.43432e-017
-3.454	1.46051e-017
-3.453	1.48693e-017
-3.452	1.51355e-017
-3.451	1.54039e-017
-3.45	1.56743e-017
-3.449	1.59466e-017
-3.448	1.62207e-017
-3.447	1.64966e-017
-3.446	1.67742e-017
-3.445	1.70535e-017
-3.444	1.73342e-017
-3.443	1.76164e-017
-3.442	1.78999e-017
-3.441	1.81846e-017
-3.44	1.84706e-017
-3.439	1.87576e-017
-3.438	1.90456e-017
-3.437	1.93345e-017
-3.436	1.96242e-017
-3.435	1.99145e-017
-3.434	2.02055e-017
-3.433	2.04969e-017
-3.432	2.07887e-017
-3.431	2.10808e-017
-3.43	2.13731e-017
-3.429	2.16655e-017
-3.428	2.19579e-017
-3.427	2.225e-017
-3.426	2.2542e-017
-3.425	2.28336e-017
-3.424	2.31247e-017
-3.423	2.34153e-017
-3.422	2.37051e-017
-3.421	2.39941e-017
-3.42	2.42823e-017
-3.419	2.45694e-017
-3.418	2.48554e-017
-3.417	2.51401e-017
-3.416	2.54234e-017
-3.415	2.57053e-017
-3.414	2.59855e-017
-3.413	2.6264e-017
-3.412	2.65408e-017
-3.411	2.68155e-017
-3.41	2.70881e-017
-3.409	2.73586e-017
-3.408	2.76268e-017
-3.407	2.78926e-017
-3.406	2.81559e-017
-3.405	2.84165e-017
-3.404	2.86744e-017
-3.403	2.89294e-017
-3.402	2.91814e-017
-3.401	2.94304e-017
-3.4	2.96761e-017
-3.399	2.99186e-017
-3.398	3.01576e-017
-3.397	3.03932e-017
-3.396	3.0625e-017
-3.395	3.08531e-017
-3.394	3.10774e-017
-3.393	3.12977e-017
-3.392	3.15141e-017
-3.391	3.17262e-017
-3.39	3.19341e-017
-3.389	3.21376e-017
-3.388	3.23368e-017
-3.387	3.25314e-017
-3.386	3.27214e-017
-3.385	3.29067e-017
-3.384	3.30873e-017
-3.383	3.32629e-017
-3.382	3.34335e-017
-3.381	3.35992e-017
-3.38	3.37597e-017
-3.379	3.3915e-017
-3.378	3.40652e-017
-3.377	3.42099e-017
-3.376	3.43492e-017
-3.375	3.44831e-017
-3.374	3.46115e-017
-3.373	3.47343e-017
-3.372	3.48515e-017
-3.371	3.4963e-017
-3.37	3.50688e-017
-3.369	3.51687e-017
-3.368	3.52629e-017
-3.367	3.53512e-017
-3.366	3.54336e-017
-3.365	3.55101e-017
-3.364	3.55807e-017
-3.363	3.56453e-017
-3.362	3.57038e-017
-3.361	3.57565e-017
-3.36	3.5803e-017
-3.359	3.58436e-017
-3.358	3.58781e-017
-3.357	3.59066e-017
-3.356	3.5929e-017
-3.355	3.59455e-017
-3.354	3.59559e-017
-3.353	3.59603e-017
-3.352	3.59588e-017
-3.351	3.59514e-017
-3.35	3.59379e-017
-3.349	3.59187e-017
-3.348	3.58936e-017
-3.347	3.58628e-017
-3.346	3.58261e-017
-3.345	3.57838e-017
-3.344	3.57359e-017
-3.343	3.56823e-017
-3.342	3.56233e-017
-3.341	3.55588e-017
-3.34	3.5489e-017
-3.339	3.54139e-017
-3.338	3.53337e-017
-3.337	3.52483e-017
-3.336	3.51579e-017
-3.335	3.50626e-017
-3.334	3.49625e-017
-3.333	3.48578e-017
-3.332	3.47484e-017
-3.331	3.46346e-017
-3.33	3.45165e-017
-3.329	3.43942e-017
-3.328	3.42678e-017
-3.327	3.41375e-017
-3.326	3.40034e-017
-3.325	3.38656e-017
-3.324	3.37244e-017
-3.323	3.35799e-017
-3.322	3.34322e-017
-3.321	3.32815e-017
-3.32	3.31281e-017
-3.319	3.29719e-017
-3.318	3.28133e-017
-3.317	3.26524e-017
-3.316	3.24894e-017
-3.315	3.23246e-017
-3.314	3.21579e-017
-3.313	3.19899e-017
-3.312	3.18206e-017
-3.311	3.16501e-017
-3.31	3.14788e-017
-3.309	3.13069e-017
-3.308	3.11345e-017
-3.307	3.09619e-017
-3.306	3.07894e-017
-3.305	3.06171e-017
-3.304	3.04453e-017
-3.303	3.02744e-017
-3.302	3.01044e-017
-3.301	2.99355e-017
-3.3	2.97682e-017
-3.299	2.96027e-017
-3.298	2.94391e-017
-3.297	2.92778e-017
-3.296	2.9119e-017
-3.295	2.8963e-017
-3.294	2.881e-017
-3.293	2.86604e-017
-3.292	2.85144e-017
-3.291	2.83721e-017
-3.29	2.82341e-017
-3.289	2.81005e-017
-3.288	2.79716e-017
-3.287	2.78477e-017
-3.286	2.7729e-017
-3.285	2.76158e-017
-3.284	2.75085e-017
-3.283	2.74074e-017
-3.282	2.73126e-017
-3.281	2.72245e-017
-3.28	2.71434e-017
-3.279	2.70696e-017
-3.278	2.70033e-017
-3.277	2.69448e-017
-3.276	2.68946e-017
-3.275	2.68527e-017
-3.274	2.68195e-017
-3.273	2.67953e-017
-3.272	2.67805e-017
-3.271	2.67751e-017
-3.27	2.67796e-017
-3.269	2.67943e-017
-3.268	2.68194e-017
-3.267	2.68553e-017
-3.266	2.6902e-017
-3.265	2.69601e-017
-3.264	2.70296e-017
-3.263	2.7111e-017
-3.262	2.72044e-017
-3.261	2.73102e-017
-3.26	2.74286e-017
-3.259	2.75598e-017
-3.258	2.77041e-017
-3.257	2.78618e-017
-3.256	2.80332e-017
-3.255	2.82184e-017
-3.254	2.84178e-017
-3.253	2.86315e-017
-3.252	2.88598e-017
-3.251	2.91028e-017
-3.25	2.93611e-017
-3.249	2.96344e-017
-3.248	2.99233e-017
-3.247	3.02278e-017
-3.246	3.05483e-017
-3.245	3.08848e-017
-3.244	3.12376e-017
-3.243	3.16069e-017
-3.242	3.19928e-017
-3.241	3.23956e-017
-3.24	3.28154e-017
-3.239	3.32522e-017
-3.238	3.37065e-017
-3.237	3.41781e-017
-3.236	3.46674e-017
-3.235	3.51744e-017
-3.234	3.56992e-017
-3.233	3.62421e-017
-3.232	3.6803e-017
-3.231	3.73821e-017
-3.23	3.79796e-017
-3.229	3.85952e-017
-3.228	3.92294e-017
-3.227	3.98821e-017
-3.226	4.05535e-017
-3.225	4.12434e-017
-3.224	4.19519e-017
-3.223	4.26792e-017
-3.222	4.34253e-017
-3.221	4.41901e-017
-3.22	4.49736e-017
-3.219	4.57759e-017
-3.218	4.6597e-017
-3.217	4.74367e-017
-3.216	4.82953e-017
-3.215	4.91725e-017
-3.214	5.00682e-017
-3.213	5.09824e-017
-3.212	5.19152e-017
-3.211	5.28664e-017
-3.21	5.38359e-017
-3.209	5.48235e-017
-3.208	5.58291e-017
-3.207	5.68529e-017
-3.206	5.78946e-017
-3.205	5.89537e-017
-3.204	6.00306e-017
-3.203	6.11248e-017
-3.202	6.22362e-017
-3.201	6.33647e-017
-3.2	6.451e-017
-3.199	6.5672e-017
-3.198	6.68503e-017
-3.197	6.80449e-017
-3.196	6.92554e-017
-3.195	7.04818e-017
-3.194	7.17234e-017
-3.193	7.29803e-017
-3.192	7.42522e-017
-3.191	7.55387e-017
-3.19	7.68395e-017
-3.189	7.81544e-017
-3.188	7.94831e-017
-3.187	8.08253e-017
-3.186	8.21802e-017
-3.185	8.3548e-017
-3.184	8.49282e-017
-3.183	8.63204e-017
-3.182	8.77243e-017
-3.181	8.91395e-017
-3.18	9.05652e-017
-3.179	9.20017e-017
-3.178	9.34482e-017
-3.177	9.49045e-017
-3.176	9.63696e-017
-3.175	9.78437e-017
-3.174	9.93261e-017
-3.173	1.00816e-016
-3.172	1.02314e-016
-3.171	1.03819e-016
-3.17	1.05331e-016
-3.169	1.06848e-016
-3.168	1.0837e-016
-3.167	1.09898e-016
-3.166	1.11431e-016
-3.165	1.12967e-016
-3.164	1.14507e-016
-3.163	1.16049e-016
-3.162	1.17595e-016
-3.161	1.19142e-016
-3.16	1.20691e-016
-3.159	1.2224e-016
-3.158	1.2379e-016
-3.157	1.25339e-016
-3.156	1.26888e-016
-3.155	1.28436e-016
-3.154	1.29982e-016
-3.153	1.31525e-016
-3.152	1.33065e-016
-3.151	1.34601e-016
-3.15	1.36133e-016
-3.149	1.37661e-016
-3.148	1.39183e-016
-3.147	1.407e-016
-3.146	1.42209e-016
-3.145	1.43712e-016
-3.144	1.45208e-016
-3.143	1.46695e-016
-3.142	1.48173e-016
-3.141	1.49642e-016
-3.14	1.51101e-016
-3.139	1.52549e-016
-3.138	1.53987e-016
-3.137	1.55412e-016
-3.136	1.56826e-016
-3.135	1.58227e-016
-3.134	1.59614e-016
-3.133	1.60988e-016
-3.132	1.62346e-016
-3.131	1.63691e-016
-3.13	1.65019e-016
-3.129	1.66331e-016
-3.128	1.67627e-016
-3.127	1.68906e-016
-3.126	1.70166e-016
-3.125	1.71409e-016
-3.124	1.72633e-016
-3.123	1.73838e-016
-3.122	1.75023e-016
-3.121	1.76188e-016
-3.12	1.77332e-016
-3.119	1.78455e-016
-3.118	1.79557e-016
-3.117	1.80636e-016
-3.116	1.81693e-016
-3.115	1.82726e-016
-3.114	1.83737e-016
-3.113	1.84724e-016
-3.112	1.85686e-016
-3.111	1.86625e-016
-3.11	1.87538e-016
-3.109	1.88426e-016
-3.108	1.89288e-016
-3.107	1.90124e-016
-3.106	1.90934e-016
-3.105	1.91717e-016
-3.104	1.92474e-016
-3.103	1.93203e-016
-3.102	1.93905e-016
-3.101	1.94579e-016
-3.1	1.95225e-016
-3.099	1.95843e-016
-3.098	1.96433e-016
-3.097	1.96994e-016
-3.096	1.97526e-016
-3.095	1.9803e-016
-3.094	1.98504e-016
-3.093	1.98949e-016
-3.092	1.99365e-016
-3.091	1.99752e-016
-3.09	2.00109e-016
-3.089	2.00436e-016
-3.088	2.00735e-016
-3.087	2.01004e-016
-3.086	2.01243e-016
-3.085	2.01453e-016
-3.084	2.01633e-016
-3.083	2.01784e-016
-3.082	2.01906e-016
-3.081	2.01998e-016
-3.08	2.02061e-016
-3.079	2.02095e-016
-3.078	2.02101e-016
-3.077	2.02078e-016
-3.076	2.02027e-016
-3.075	2.01947e-016
-3.074	2.0184e-016
-3.073	2.01705e-016
-3.072	2.01542e-016
-3.071	2.01353e-016
-3.07	2.01136e-016
-3.069	2.00893e-016
-3.068	2.00625e-016
-3.067	2.0033e-016
-3.066	2.0001e-016
-3.065	1.99666e-016
-3.064	1.99297e-016
-3.063	1.98904e-016
-3.062	1.98488e-016
-3.061	1.98049e-016
-3.06	1.97588e-016
-3.059	1.97104e-016
-3.058	1.966e-016
-3.057	1.96075e-016
-3.056	1.95529e-016
-3.055	1.94965e-016
-3.054	1.94381e-016
-3.053	1.9378e-016
-3.052	1.93161e-016
-3.051	1.92525e-016
-3.05	1.91874e-016
-3.049	1.91207e-016
-3.048	1.90526e-016
-3.047	1.89831e-016
-3.046	1.89123e-016
-3.045	1.88403e-016
-3.044	1.87627e-016
-3.043	1.86754e-016
-3.042	1.85798e-016
-3.041	1.84773e-016
-3.04	1.83699e-016
-3.039	1.82594e-016
-3.038	1.81481e-016
-3.037	1.80386e-016
-3.036	1.79334e-016
-3.035	1.78358e-016
-3.034	1.77489e-016
-3.033	1.76766e-016
-3.032	1.76228e-016
-3.031	1.7592e-016
-3.03	1.7589e-016
-3.029	1.76191e-016
-3.028	1.76881e-016
-3.027	1.78022e-016
-3.026	1.79682e-016
-3.025	1.81936e-016
-3.024	1.84864e-016
-3.023	1.88554e-016
-3.022	1.93098e-016
-3.021	1.98601e-016
-3.02	2.0517e-016
-3.019	2.12926e-016
-3.018	2.21997e-016
-3.017	2.32521e-016
-3.016	2.44645e-016
-3.015	2.58531e-016
-3.014	2.74348e-016
-3.013	2.92282e-016
-3.012	3.12527e-016
-3.011	3.35298e-016
-3.01	3.60816e-016
-3.009	3.89324e-016
-3.008	4.21076e-016
-3.007	4.56352e-016
-3.006	4.95434e-016
-3.005	5.38639e-016
-3.004	5.86294e-016
-3.003	6.38745e-016
-3.002	6.96363e-016
-3.001	7.59544e-016
-3	8.28694e-016
-2.999	9.04258e-016
-2.998	9.86689e-016
-2.997	1.07648e-015
-2.996	1.17414e-015
-2.995	1.2802e-015
-2.994	1.39524e-015
-2.993	1.51983e-015
-2.992	1.6546e-015
-2.991	1.8002e-015
-2.99	1.9573e-015
-2.989	2.12659e-015
-2.988	2.30884e-015
-2.987	2.50479e-015
-2.986	2.71522e-015
-2.985	2.94096e-015
-2.984	3.18288e-015
-2.983	3.44181e-015
-2.982	3.7187e-015
-2.981	4.01447e-015
-2.98	4.33007e-015
-2.979	4.6665e-015
-2.978	5.02476e-015
-2.977	5.40588e-015
-2.976	5.81093e-015
-2.975	6.24097e-015
-2.974	6.69709e-015
-2.973	7.1804e-015
-2.972	7.69205e-015
-2.971	8.23314e-015
-2.97	8.80484e-015
-2.969	9.40829e-015
-2.968	1.00446e-014
-2.967	1.07151e-014
-2.966	1.14207e-014
-2.965	1.21628e-014
-2.964	1.29423e-014
-2.963	1.37605e-014
-2.962	1.46185e-014
-2.961	1.55173e-014
-2.96	1.64581e-014
-2.959	1.74419e-014
-2.958	1.84698e-014
-2.957	1.95428e-014
-2.956	2.06617e-014
-2.955	2.18277e-014
-2.954	2.30416e-014
-2.953	2.43042e-014
-2.952	2.56166e-014
-2.951	2.69794e-014
-2.95	2.83936e-014
-2.949	2.98598e-014
-2.948	3.13789e-014
-2.947	3.29517e-014
-2.946	3.45788e-014
-2.945	3.62611e-014
-2.944	3.79995e-014
-2.943	3.97947e-014
-2.942	4.16477e-014
-2.941	4.35595e-014
-2.94	4.55312e-014
-2.939	4.75641e-014
-2.938	4.96595e-014
-2.937	5.18193e-014
-2.936	5.40454e-014
-2.935	5.63397e-014
-2.934	5.87051e-014
-2.933	6.11444e-014
-2.932	6.36614e-014
-2.931	6.62597e-014
-2.93	6.89443e-014
-2.929	7.17206e-014
-2.928	7.45949e-014
-2.927	7.75744e-014
-2.926	8.06675e-014
-2.925	8.38835e-014
-2.924	8.72335e-014
-2.923	9.07295e-014
-2.922	9.43862e-014
-2.921	9.82188e-014
-2.92	1.02246e-013
-2.919	1.06486e-013
-2.918	1.10963e-013
-2.917	1.15703e-013
-2.916	1.20733e-013
-2.915	1.26085e-013
-2.914	1.31794e-013
-2.913	1.37898e-013
-2.912	1.44443e-013
-2.911	1.51473e-013
-2.91	1.59043e-013
-2.909	1.67211e-013
-2.908	1.76039e-013
-2.907	1.85597e-013
-2.906	1.95962e-013
-2.905	2.07218e-013
-2.904	2.19454e-013
-2.903	2.32772e-013
-2.902	2.47277e-013
-2.901	2.63088e-013
-2.9	2.80331e-013
-2.899	2.99144e-013
-2.898	3.19674e-013
-2.897	3.42082e-013
-2.896	3.6654e-013
-2.895	3.93235e-013
-2.894	4.22365e-013
-2.893	4.54143e-013
-2.892	4.888e-013
-2.891	5.2658e-013
-2.89	5.67744e-013
-2.889	6.12575e-013
-2.888	6.61364e-013
-2.887	7.14432e-013
-2.886	7.72114e-013
-2.885	8.34766e-013
-2.884	9.02769e-013
-2.883	9.76519e-013
-2.882	1.05644e-012
-2.881	1.14298e-012
-2.88	1.2366e-012
-2.879	1.3378e-012
-2.878	1.44711e-012
-2.877	1.56506e-012
-2.876	1.69223e-012
-2.875	1.82921e-012
-2.874	1.97663e-012
-2.873	2.13514e-012
-2.872	2.30542e-012
-2.871	2.48817e-012
-2.87	2.68415e-012
-2.869	2.89409e-012
-2.868	3.1188e-012
-2.867	3.35906e-012
-2.866	3.61577e-012
-2.865	3.88975e-012
-2.864	4.18191e-012
-2.863	4.49318e-012
-2.862	4.82447e-012
-2.861	5.17678e-012
-2.86	5.55108e-012
-2.859	5.94837e-012
-2.858	6.36968e-012
-2.857	6.81605e-012
-2.856	7.28852e-012
-2.855	7.78819e-012
-2.854	8.31613e-012
-2.853	8.87342e-012
-2.852	9.46117e-012
-2.851	1.00805e-011
-2.85	1.07325e-011
-2.849	1.14182e-011
-2.848	1.21389e-011
-2.847	1.28955e-011
-2.846	1.36892e-011
-2.845	1.45211e-011
-2.844	1.53922e-011
-2.843	1.63036e-011
-2.842	1.72564e-011
-2.841	1.82517e-011
-2.84	1.92905e-011
-2.839	2.03737e-011
-2.838	2.15024e-011
-2.837	2.26777e-011
-2.836	2.39005e-011
-2.835	2.51717e-011
-2.834	2.64925e-011
-2.833	2.78638e-011
-2.832	2.92867e-011
-2.831	3.07622e-011
-2.83	3.22914e-011
-2.829	3.38755e-011
-2.828	3.55156e-011
-2.827	3.72129e-011
-2.826	3.89693e-011
-2.825	4.07858e-011
-2.824	4.26644e-011
-2.823	4.46068e-011
-2.822	4.66152e-011
-2.821	4.86921e-011
-2.82	5.084e-011
-2.819	5.3062e-011
-2.818	5.53616e-011
-2.817	5.77427e-011
-2.816	6.02097e-011
-2.815	6.27678e-011
-2.814	6.54226e-011
-2.813	6.81808e-011
-2.812	7.10496e-011
-2.811	7.40376e-011
-2.81	7.71542e-011
-2.809	8.04101e-011
-2.808	8.38171e-011
-2.807	8.73891e-011
-2.806	9.11408e-011
-2.805	9.50897e-011
-2.804	9.92541e-011
-2.803	1.03656e-010
-2.802	1.08317e-010
-2.801	1.13265e-010
-2.8	1.18529e-010
-2.799	1.24138e-010
-2.798	1.30131e-010
-2.797	1.36545e-010
-2.796	1.43421e-010
-2.795	1.50809e-010
-2.794	1.58758e-010
-2.793	1.67325e-010
-2.792	1.76572e-010
-2.791	1.86564e-010
-2.79	1.97374e-010
-2.789	2.09083e-010
-2.788	2.21775e-010
-2.787	2.35544e-010
-2.786	2.5049e-010
-2.785	2.66723e-010
-2.784	2.84358e-010
-2.783	3.03523e-010
-2.782	3.24353e-010
-2.781	3.46994e-010
-2.78	3.71604e-010
-2.779	3.98348e-010
-2.778	4.27407e-010
-2.777	4.58971e-010
-2.776	4.93246e-010
-2.775	5.3045e-010
-2.774	5.70811e-010
-2.773	6.14578e-010
-2.772	6.6201e-010
-2.771	7.13385e-010
-2.77	7.68991e-010
-2.769	8.29141e-010
-2.768	8.9416e-010
-2.767	9.64392e-010
-2.766	1.04019e-009
-2.765	1.12195e-009
-2.764	1.21005e-009
-2.763	1.30493e-009
-2.762	1.407e-009
-2.761	1.51674e-009
-2.76	1.63461e-009
-2.759	1.76112e-009
-2.758	1.89677e-009
-2.757	2.04212e-009
-2.756	2.19769e-009
-2.755	2.36411e-009
-2.754	2.54192e-009
-2.753	2.73177e-009
-2.752	2.93429e-009
-2.751	3.15014e-009
-2.75	3.37998e-009
-2.749	3.6245e-009
-2.748	3.88444e-009
-2.747	4.16048e-009
-2.746	4.45338e-009
-2.745	4.76392e-009
-2.744	5.09284e-009
-2.743	5.44092e-009
-2.742	5.80898e-009
-2.741	6.19779e-009
-2.74	6.6082e-009
-2.739	7.04102e-009
-2.738	7.49706e-009
-2.737	7.97722e-009
-2.736	8.48229e-009
-2.735	9.0131e-009
-2.734	9.57056e-009
-2.733	1.01555e-008
-2.732	1.07687e-008
-2.731	1.14111e-008
-2.73	1.20836e-008
-2.729	1.27869e-008
-2.728	1.3522e-008
-2.727	1.42897e-008
-2.726	1.50908e-008
-2.725	1.59263e-008
-2.724	1.67971e-008
-2.723	1.77039e-008
-2.722	1.86478e-008
-2.721	1.96297e-008
-2.72	2.06505e-008
-2.719	2.17111e-008
-2.718	2.28127e-008
-2.717	2.39564e-008
-2.716	2.51432e-008
-2.715	2.63745e-008
-2.714	2.76416e-008
-2.713	2.89337e-008
-2.712	3.02481e-008
-2.711	3.15824e-008
-2.71	3.2934e-008
-2.709	3.43003e-008
-2.708	3.56787e-008
-2.707	3.70666e-008
-2.706	3.84613e-008
-2.705	3.98602e-008
-2.704	4.12607e-008
-2.703	4.26602e-008
-2.702	4.40562e-008
-2.701	4.54459e-008
-2.7	4.6827e-008
-2.699	4.8197e-008
-2.698	4.95536e-008
-2.697	5.08943e-008
-2.696	5.22169e-008
-2.695	5.35192e-008
-2.694	5.4799e-008
-2.693	5.60544e-008
-2.692	5.72834e-008
-2.691	5.84842e-008
-2.69	5.9655e-008
-2.689	6.07943e-008
-2.688	6.19008e-008
-2.687	6.29727e-008
-2.686	6.4009e-008
-2.685	6.50086e-008
-2.684	6.59705e-008
-2.683	6.68938e-008
-2.682	6.77779e-008
-2.681	6.86222e-008
-2.68	6.94262e-008
-2.679	7.01898e-008
-2.678	7.09129e-008
-2.677	7.15953e-008
-2.676	7.22375e-008
-2.675	7.28397e-008
-2.674	7.34024e-008
-2.673	7.3926e-008
-2.672	7.44118e-008
-2.671	7.48603e-008
-2.67	7.52727e-008
-2.669	7.56503e-008
-2.668	7.59943e-008
-2.667	7.63063e-008
-2.666	7.65878e-008
-2.665	7.68406e-008
-2.664	7.70667e-008
-2.663	7.72679e-008
-2.662	7.74464e-008
-2.661	7.76044e-008
-2.66	7.77441e-008
-2.659	7.7868e-008
-2.658	7.79786e-008
-2.657	7.80784e-008
-2.656	7.81701e-008
-2.655	7.82562e-008
-2.654	7.83396e-008
-2.653	7.84231e-008
-2.652	7.85095e-008
-2.651	7.86019e-008
-2.65	7.87028e-008
-2.649	7.88156e-008
-2.648	7.89426e-008
-2.647	7.90874e-008
-2.646	7.92524e-008
-2.645	7.94408e-008
-2.644	7.96552e-008
-2.643	7.98988e-008
-2.642	8.0174e-008
-2.641	8.04838e-008
-2.64	8.08308e-008
-2.639	8.12174e-008
-2.638	8.16464e-008
-2.637	8.21202e-008
-2.636	8.26411e-008
-2.635	8.32112e-008
-2.634	8.38327e-008
-2.633	8.45076e-008
-2.632	8.52379e-008
-2.631	8.60252e-008
-2.63	8.68712e-008
-2.629	8.77774e-008
-2.628	8.87453e-008
-2.627	8.97756e-008
-2.626	9.08698e-008
-2.625	9.20285e-008
-2.624	9.32525e-008
-2.623	9.45423e-008
-2.622	9.58983e-008
-2.621	9.73209e-008
-2.62	9.88098e-008
-2.619	1.00365e-007
-2.618	1.01986e-007
-2.617	1.03672e-007
-2.616	1.05424e-007
-2.615	1.07239e-007
-2.614	1.09117e-007
-2.613	1.11057e-007
-2.612	1.13057e-007
-2.611	1.15116e-007
-2.61	1.17232e-007
-2.609	1.19403e-007
-2.608	1.21628e-007
-2.607	1.23903e-007
-2.606	1.26228e-007
-2.605	1.28599e-007
-2.604	1.31014e-007
-2.603	1.3347e-007
-2.602	1.35965e-007
-2.601	1.38495e-007
-2.6	1.41057e-007
-2.599	1.4365e-007
-2.598	1.46268e-007
-2.597	1.4891e-007
-2.596	1.51572e-007
-2.595	1.5425e-007
-2.594	1.56941e-007
-2.593	1.59642e-007
-2.592	1.62349e-007
-2.591	1.65059e-007
-2.59	1.67768e-007
-2.589	1.70473e-007
-2.588	1.73171e-007
-2.587	1.75858e-007
-2.586	1.7853e-007
-2.585	1.81185e-007
-2.584	1.8382e-007
-2.583	1.86431e-007
-2.582	1.89016e-007
-2.581	1.9157e-007
-2.58	1.94091e-007
-2.579	1.96578e-007
-2.578	1.99027e-007
-2.577	2.01435e-007
-2.576	2.03801e-007
-2.575	2.06122e-007
-2.574	2.08397e-007
-2.573	2.10623e-007
-2.572	2.128e-007
-2.571	2.14925e-007
-2.57	2.16997e-007
-2.569	2.19017e-007
-2.568	2.20982e-007
-2.567	2.22892e-007
-2.566	2.24747e-007
-2.565	2.26547e-007
-2.564	2.28292e-007
-2.563	2.29982e-007
-2.562	2.31619e-007
-2.561	2.33202e-007
-2.56	2.34733e-007
-2.559	2.36214e-007
-2.558	2.37645e-007
-2.557	2.39029e-007
-2.556	2.40367e-007
-2.555	2.41663e-007
-2.554	2.42919e-007
-2.553	2.44136e-007
-2.552	2.4532e-007
-2.551	2.46471e-007
-2.55	2.47595e-007
-2.549	2.48695e-007
-2.548	2.49774e-007
-2.547	2.50836e-007
-2.546	2.51886e-007
-2.545	2.52929e-007
-2.544	2.53969e-007
-2.543	2.55009e-007
-2.542	2.56057e-007
-2.541	2.57116e-007
-2.54	2.58191e-007
-2.539	2.59288e-007
-2.538	2.60412e-007
-2.537	2.61568e-007
-2.536	2.62763e-007
-2.535	2.64001e-007
-2.534	2.65288e-007
-2.533	2.6663e-007
-2.532	2.68033e-007
-2.531	2.69501e-007
-2.53	2.71041e-007
-2.529	2.72658e-007
-2.528	2.74358e-007
-2.527	2.76146e-007
-2.526	2.78027e-007
-2.525	2.80008e-007
-2.524	2.82092e-007
-2.523	2.84285e-007
-2.522	2.86592e-007
-2.521	2.89018e-007
-2.52	2.91567e-007
-2.519	2.94243e-007
-2.518	2.97051e-007
-2.517	2.99995e-007
-2.516	3.03078e-007
-2.515	3.06304e-007
-2.514	3.09676e-007
-2.513	3.13196e-007
-2.512	3.16869e-007
-2.511	3.20695e-007
-2.51	3.24677e-007
-2.509	3.28818e-007
-2.508	3.33118e-007
-2.507	3.37578e-007
-2.506	3.42199e-007
-2.505	3.46982e-007
-2.504	3.51926e-007
-2.503	3.57032e-007
-2.502	3.62299e-007
-2.501	3.67727e-007
-2.5	3.73312e-007
-2.499	3.79054e-007
-2.498	3.84952e-007
-2.497	3.91001e-007
-2.496	3.97202e-007
-2.495	4.03548e-007
-2.494	4.10037e-007
-2.493	4.16665e-007
-2.492	4.2343e-007
-2.491	4.30325e-007
-2.49	4.37346e-007
-2.489	4.44488e-007
-2.488	4.51745e-007
-2.487	4.59112e-007
-2.486	4.66584e-007
-2.485	4.74152e-007
-2.484	4.81813e-007
-2.483	4.89558e-007
-2.482	4.97379e-007
-2.481	5.05271e-007
-2.48	5.13225e-007
-2.479	5.21235e-007
-2.478	5.29294e-007
-2.477	5.37391e-007
-2.476	5.45521e-007
-2.475	5.53674e-007
-2.474	5.61843e-007
-2.473	5.7002e-007
-2.472	5.78196e-007
-2.471	5.86363e-007
-2.47	5.94514e-007
-2.469	6.02639e-007
-2.468	6.10731e-007
-2.467	6.18782e-007
-2.466	6.26784e-007
-2.465	6.34728e-007
-2.464	6.42608e-007
-2.463	6.50417e-007
-2.462	6.58144e-007
-2.461	6.65787e-007
-2.46	6.73336e-007
-2.459	6.80785e-007
-2.458	6.88128e-007
-2.457	6.95359e-007
-2.456	7.02474e-007
-2.455	7.09465e-007
-2.454	7.16328e-007
-2.453	7.23058e-007
-2.452	7.29652e-007
-2.451	7.36105e-007
-2.45	7.42415e-007
-2.449	7.48579e-007
-2.448	7.54594e-007
-2.447	7.60459e-007
-2.446	7.66171e-007
-2.445	7.7173e-007
-2.444	7.77137e-007
-2.443	7.8239e-007
-2.442	7.8749e-007
-2.441	7.92439e-007
-2.44	7.97239e-007
-2.439	8.0189e-007
-2.438	8.06397e-007
-2.437	8.10762e-007
-2.436	8.1499e-007
-2.435	8.19086e-007
-2.434	8.23053e-007
-2.433	8.26897e-007
-2.432	8.30625e-007
-2.431	8.34243e-007
-2.43	8.37758e-007
-2.429	8.41178e-007
-2.428	8.44511e-007
-2.427	8.47764e-007
-2.426	8.50949e-007
-2.425	8.54071e-007
-2.424	8.57145e-007
-2.423	8.60178e-007
-2.422	8.63179e-007
-2.421	8.66163e-007
-2.42	8.69141e-007
-2.419	8.72121e-007
-2.418	8.75118e-007
-2.417	8.78146e-007
-2.416	8.81213e-007
-2.415	8.84333e-007
-2.414	8.87519e-007
-2.413	8.90785e-007
-2.412	8.94145e-007
-2.411	8.97611e-007
-2.41	9.01199e-007
-2.409	9.04916e-007
-2.408	9.0878e-007
-2.407	9.12804e-007
-2.406	9.17e-007
-2.405	9.21383e-007
-2.404	9.25966e-007
-2.403	9.30759e-007
-2.402	9.35779e-007
-2.401	9.41034e-007
-2.4	9.4654e-007
-2.399	9.52307e-007
-2.398	9.58346e-007
-2.397	9.6467e-007
-2.396	9.71289e-007
-2.395	9.78214e-007
-2.394	9.85455e-007
-2.393	9.9302e-007
-2.392	1.00092e-006
-2.391	1.00916e-006
-2.39	1.01776e-006
-2.389	1.02671e-006
-2.388	1.03602e-006
-2.387	1.04571e-006
-2.386	1.05577e-006
-2.385	1.06622e-006
-2.384	1.07704e-006
-2.383	1.08826e-006
-2.382	1.09987e-006
-2.381	1.11188e-006
-2.38	1.12427e-006
-2.379	1.13706e-006
-2.378	1.15025e-006
-2.377	1.16383e-006
-2.376	1.1778e-006
-2.375	1.19216e-006
-2.374	1.20691e-006
-2.373	1.22203e-006
-2.372	1.23754e-006
-2.371	1.25341e-006
-2.37	1.26965e-006
-2.369	1.28624e-006
-2.368	1.30319e-006
-2.367	1.32047e-006
-2.366	1.33809e-006
-2.365	1.35602e-006
-2.364	1.37427e-006
-2.363	1.39281e-006
-2.362	1.41164e-006
-2.361	1.43074e-006
-2.36	1.45011e-006
-2.359	1.46972e-006
-2.358	1.48956e-006
-2.357	1.50962e-006
-2.356	1.52987e-006
-2.355	1.55032e-006
-2.354	1.57094e-006
-2.353	1.5917e-006
-2.352	1.61261e-006
-2.351	1.63363e-006
-2.35	1.65476e-006
-2.349	1.67597e-006
-2.348	1.69725e-006
-2.347	1.71857e-006
-2.346	1.73993e-006
-2.345	1.7613e-006
-2.344	1.78267e-006
-2.343	1.80402e-006
-2.342	1.82532e-006
-2.341	1.84656e-006
-2.34	1.86773e-006
-2.339	1.88881e-006
-2.338	1.90978e-006
-2.337	1.93062e-006
-2.336	1.95133e-006
-2.335	1.97187e-006
-2.334	1.99225e-006
-2.333	2.01244e-006
-2.332	2.03242e-006
-2.331	2.05219e-006
-2.33	2.07174e-006
-2.329	2.09104e-006
-2.328	2.1101e-006
-2.327	2.1289e-006
-2.326	2.14742e-006
-2.325	2.16567e-006
-2.324	2.18363e-006
-2.323	2.20129e-006
-2.322	2.21864e-006
-2.321	2.2357e-006
-2.32	2.25244e-006
-2.319	2.26887e-006
-2.318	2.28498e-006
-2.317	2.30077e-006
-2.316	2.31624e-006
-2.315	2.3314e-006
-2.314	2.34623e-006
-2.313	2.36076e-006
-2.312	2.37498e-006
-2.311	2.38889e-006
-2.31	2.4025e-006
-2.309	2.41581e-006
-2.308	2.42885e-006
-2.307	2.44161e-006
-2.306	2.45411e-006
-2.305	2.46636e-006
-2.304	2.47837e-006
-2.303	2.49015e-006
-2.302	2.50171e-006
-2.301	2.51308e-006
-2.3	2.52427e-006
-2.299	2.5353e-006
-2.298	2.54617e-006
-2.297	2.55692e-006
-2.296	2.56757e-006
-2.295	2.57812e-006
-2.294	2.58861e-006
-2.293	2.59906e-006
-2.292	2.60949e-006
-2.291	2.61992e-006
-2.29	2.63037e-006
-2.289	2.64087e-006
-2.288	2.65144e-006
-2.287	2.66211e-006
-2.286	2.67291e-006
-2.285	2.68385e-006
-2.284	2.69497e-006
-2.283	2.70629e-006
-2.282	2.71783e-006
-2.281	2.72963e-006
-2.28	2.7417e-006
-2.279	2.75408e-006
-2.278	2.76678e-006
-2.277	2.77984e-006
-2.276	2.79329e-006
-2.275	2.80714e-006
-2.274	2.82142e-006
-2.273	2.83615e-006
-2.272	2.85136e-006
-2.271	2.86706e-006
-2.27	2.8833e-006
-2.269	2.90008e-006
-2.268	2.91742e-006
-2.267	2.93535e-006
-2.266	2.95388e-006
-2.265	2.97304e-006
-2.264	2.99284e-006
-2.263	3.0133e-006
-2.262	3.03444e-006
-2.261	3.05625e-006
-2.26	3.07877e-006
-2.259	3.10201e-006
-2.258	3.12597e-006
-2.257	3.15066e-006
-2.256	3.1761e-006
-2.255	3.20229e-006
-2.254	3.22923e-006
-2.253	3.25693e-006
-2.252	3.2854e-006
-2.251	3.31464e-006
-2.25	3.34464e-006
-2.249	3.37541e-006
-2.248	3.40694e-006
-2.247	3.43923e-006
-2.246	3.47227e-006
-2.245	3.50607e-006
-2.244	3.5406e-006
-2.243	3.57587e-006
-2.242	3.61186e-006
-2.241	3.64856e-006
-2.24	3.68595e-006
-2.239	3.72403e-006
-2.238	3.76277e-006
-2.237	3.80216e-006
-2.236	3.84218e-006
-2.235	3.88282e-006
-2.234	3.92405e-006
-2.233	3.96584e-006
-2.232	4.00818e-006
-2.231	4.05105e-006
-2.23	4.09443e-006
-2.229	4.13827e-006
-2.228	4.18256e-006
-2.227	4.22727e-006
-2.226	4.27238e-006
-2.225	4.31785e-006
-2.224	4.36366e-006
-2.223	4.40977e-006
-2.222	4.45617e-006
-2.221	4.50281e-006
-2.22	4.54967e-006
-2.219	4.59671e-006
-2.218	4.64392e-006
-2.217	4.69124e-006
-2.216	4.73867e-006
-2.215	4.78616e-006
-2.214	4.83367e-006
-2.213	4.8812e-006
-2.212	4.9287e-006
-2.211	4.97613e-006
-2.21	5.02349e-006
-2.209	5.07074e-006
-2.208	5.11784e-006
-2.207	5.16477e-006
-2.206	5.2115e-006
-2.205	5.25801e-006
-2.204	5.30428e-006
-2.203	5.35027e-006
-2.202	5.39598e-006
-2.201	5.44137e-006
-2.2	5.48643e-006
-2.199	5.53113e-006
-2.198	5.57546e-006
-2.197	5.61939e-006
-2.196	5.66295e-006
-2.195	5.70607e-006
-2.194	5.74875e-006
-2.193	5.79101e-006
-2.192	5.83282e-006
-2.191	5.87416e-006
-2.19	5.91504e-006
-2.189	5.95545e-006
-2.188	5.99539e-006
-2.187	6.03487e-006
-2.186	6.07388e-006
-2.185	6.11241e-006
-2.184	6.15048e-006
-2.183	6.18809e-006
-2.182	6.22526e-006
-2.181	6.26197e-006
-2.18	6.29827e-006
-2.179	6.33415e-006
-2.178	6.36962e-006
-2.177	6.4047e-006
-2.176	6.43942e-006
-2.175	6.4738e-006
-2.174	6.50783e-006
-2.173	6.54158e-006
-2.172	6.57504e-006
-2.171	6.60824e-006
-2.17	6.64121e-006
-2.169	6.67399e-006
-2.168	6.70659e-006
-2.167	6.73905e-006
-2.166	6.77141e-006
-2.165	6.80369e-006
-2.164	6.83594e-006
-2.163	6.86818e-006
-2.162	6.90046e-006
-2.161	6.9328e-006
-2.16	6.96525e-006
-2.159	6.99785e-006
-2.158	7.03062e-006
-2.157	7.06364e-006
-2.156	7.0969e-006
-2.155	7.13049e-006
-2.154	7.1644e-006
-2.153	7.19872e-006
-2.152	7.23345e-006
-2.151	7.26866e-006
-2.15	7.30437e-006
-2.149	7.34063e-006
-2.148	7.37747e-006
-2.147	7.41495e-006
-2.146	7.4531e-006
-2.145	7.49196e-006
-2.144	7.53155e-006
-2.143	7.57192e-006
-2.142	7.61312e-006
-2.141	7.65517e-006
-2.14	7.69811e-006
-2.139	7.74198e-006
-2.138	7.78679e-006
-2.137	7.83258e-006
-2.136	7.87939e-006
-2.135	7.92725e-006
-2.134	7.97618e-006
-2.133	8.02621e-006
-2.132	8.07733e-006
-2.131	8.12961e-006
-2.13	8.18303e-006
-2.129	8.23765e-006
-2.128	8.29345e-006
-2.127	8.35047e-006
-2.126	8.4087e-006
-2.125	8.46818e-006
-2.124	8.52888e-006
-2.123	8.59085e-006
-2.122	8.65406e-006
-2.121	8.71853e-006
-2.12	8.78426e-006
-2.119	8.85126e-006
-2.118	8.9195e-006
-2.117	8.98899e-006
-2.116	9.05972e-006
-2.115	9.13169e-006
-2.114	9.20486e-006
-2.113	9.27926e-006
-2.112	9.35484e-006
-2.111	9.43161e-006
-2.11	9.50953e-006
-2.109	9.58859e-006
-2.108	9.66877e-006
-2.107	9.75002e-006
-2.106	9.83235e-006
-2.105	9.91571e-006
-2.104	1.00001e-005
-2.103	1.00854e-005
-2.102	1.01717e-005
-2.101	1.02589e-005
-2.1	1.0347e-005
-2.099	1.04359e-005
-2.098	1.05256e-005
-2.097	1.06161e-005
-2.096	1.07073e-005
-2.095	1.07992e-005
-2.094	1.08918e-005
-2.093	1.09849e-005
-2.092	1.10787e-005
-2.091	1.11729e-005
-2.09	1.12676e-005
-2.089	1.13628e-005
-2.088	1.14583e-005
-2.087	1.15542e-005
-2.086	1.16505e-005
-2.085	1.17469e-005
-2.084	1.18436e-005
-2.083	1.19405e-005
-2.082	1.20376e-005
-2.081	1.21347e-005
-2.08	1.22319e-005
-2.079	1.23291e-005
-2.078	1.24263e-005
-2.077	1.25235e-005
-2.076	1.26206e-005
-2.075	1.27175e-005
-2.074	1.28143e-005
-2.073	1.29109e-005
-2.072	1.30073e-005
-2.071	1.31034e-005
-2.07	1.31993e-005
-2.069	1.32948e-005
-2.068	1.33901e-005
-2.067	1.3485e-005
-2.066	1.35795e-005
-2.065	1.36736e-005
-2.064	1.37674e-005
-2.063	1.38607e-005
-2.062	1.39536e-005
-2.061	1.40461e-005
-2.06	1.41381e-005
-2.059	1.42297e-005
-2.058	1.43209e-005
-2.057	1.44116e-005
-2.056	1.45018e-005
-2.055	1.45916e-005
-2.054	1.4681e-005
-2.053	1.47699e-005
-2.052	1.48584e-005
-2.051	1.49465e-005
-2.05	1.50343e-005
-2.049	1.51216e-005
-2.048	1.52087e-005
-2.047	1.52953e-005
-2.046	1.53817e-005
-2.045	1.54679e-005
-2.044	1.55538e-005
-2.043	1.56394e-005
-2.042	1.57249e-005
-2.041	1.58103e-005
-2.04	1.58955e-005
-2.039	1.59807e-005
-2.038	1.60659e-005
-2.037	1.6151e-005
-2.036	1.62362e-005
-2.035	1.63216e-005
-2.034	1.6407e-005
-2.033	1.64927e-005
-2.032	1.65786e-005
-2.031	1.66648e-005
-2.03	1.67514e-005
-2.029	1.68384e-005
-2.028	1.69258e-005
-2.027	1.70137e-005
-2.026	1.71021e-005
-2.025	1.71912e-005
-2.024	1.72809e-005
-2.023	1.73714e-005
-2.022	1.74627e-005
-2.021	1.75547e-005
-2.02	1.76476e-005
-2.019	1.77415e-005
-2.018	1.78364e-005
-2.017	1.79323e-005
-2.016	1.80293e-005
-2.015	1.81274e-005
-2.014	1.82267e-005
-2.013	1.83273e-005
-2.012	1.84291e-005
-2.011	1.85323e-005
-2.01	1.86369e-005
-2.009	1.87429e-005
-2.008	1.88504e-005
-2.007	1.89594e-005
-2.006	1.90699e-005
-2.005	1.91821e-005
-2.004	1.92958e-005
-2.003	1.94112e-005
-2.002	1.95283e-005
-2.001	1.96472e-005
-2	1.97677e-005
-1.999	1.98901e-005
-1.998	2.00142e-005
-1.997	2.01401e-005
-1.996	2.02679e-005
-1.995	2.03976e-005
-1.994	2.0529e-005
-1.993	2.06624e-005
-1.992	2.07977e-005
-1.991	2.09348e-005
-1.99	2.10738e-005
-1.989	2.12148e-005
-1.988	2.13576e-005
-1.987	2.15023e-005
-1.986	2.16489e-005
-1.985	2.17973e-005
-1.984	2.19477e-005
-1.983	2.20998e-005
-1.982	2.22539e-005
-1.981	2.24097e-005
-1.98	2.25673e-005
-1.979	2.27267e-005
-1.978	2.28878e-005
-1.977	2.30507e-005
-1.976	2.32152e-005
-1.975	2.33814e-005
-1.974	2.35492e-005
-1.973	2.37186e-005
-1.972	2.38896e-005
-1.971	2.40621e-005
-1.97	2.4236e-005
-1.969	2.44115e-005
-1.968	2.45883e-005
-1.967	2.47664e-005
-1.966	2.49458e-005
-1.965	2.51266e-005
-1.964	2.53085e-005
-1.963	2.54916e-005
-1.962	2.56758e-005
-1.961	2.58611e-005
-1.96	2.60474e-005
-1.959	2.62347e-005
-1.958	2.64229e-005
-1.957	2.66121e-005
-1.956	2.6802e-005
-1.955	2.69927e-005
-1.954	2.71842e-005
-1.953	2.73763e-005
-1.952	2.75691e-005
-1.951	2.77624e-005
-1.95	2.79564e-005
-1.949	2.81508e-005
-1.948	2.83457e-005
-1.947	2.85411e-005
-1.946	2.87368e-005
-1.945	2.89328e-005
-1.944	2.91292e-005
-1.943	2.93258e-005
-1.942	2.95227e-005
-1.941	2.97197e-005
-1.94	2.9917e-005
-1.939	3.01144e-005
-1.938	3.03119e-005
-1.937	3.05095e-005
-1.936	3.07072e-005
-1.935	3.09049e-005
-1.934	3.11027e-005
-1.933	3.13005e-005
-1.932	3.14984e-005
-1.931	3.16962e-005
-1.93	3.1894e-005
-1.929	3.20919e-005
-1.928	3.22897e-005
-1.927	3.24875e-005
-1.926	3.26854e-005
-1.925	3.28832e-005
-1.924	3.30811e-005
-1.923	3.3279e-005
-1.922	3.34769e-005
-1.921	3.36749e-005
-1.92	3.3873e-005
-1.919	3.40712e-005
-1.918	3.42695e-005
-1.917	3.4468e-005
-1.916	3.46666e-005
-1.915	3.48656e-005
-1.914	3.50647e-005
-1.913	3.52641e-005
-1.912	3.54639e-005
-1.911	3.56641e-005
-1.91	3.58647e-005
-1.909	3.60658e-005
-1.908	3.62674e-005
-1.907	3.64695e-005
-1.906	3.66722e-005
-1.905	3.68757e-005
-1.904	3.70799e-005
-1.903	3.72849e-005
-1.902	3.74907e-005
-1.901	3.76974e-005
-1.9	3.7905e-005
-1.899	3.81137e-005
-1.898	3.83235e-005
-1.897	3.85344e-005
-1.896	3.87465e-005
-1.895	3.89599e-005
-1.894	3.91746e-005
-1.893	3.93908e-005
-1.892	3.96084e-005
-1.891	3.98276e-005
-1.89	4.00482e-005
-1.889	4.02707e-005
-1.888	4.04947e-005
-1.887	4.07206e-005
-1.886	4.09484e-005
-1.885	4.1178e-005
-1.884	4.14096e-005
-1.883	4.16432e-005
-1.882	4.18789e-005
-1.881	4.21168e-005
-1.88	4.23568e-005
-1.879	4.25991e-005
-1.878	4.28436e-005
-1.877	4.30906e-005
-1.876	4.33399e-005
-1.875	4.35916e-005
-1.874	4.38459e-005
-1.873	4.41027e-005
-1.872	4.4362e-005
-1.871	4.46241e-005
-1.87	4.48886e-005
-1.869	4.51559e-005
-1.868	4.54259e-005
-1.867	4.56987e-005
-1.866	4.59741e-005
-1.865	4.62524e-005
-1.864	4.65335e-005
-1.863	4.68174e-005
-1.862	4.71041e-005
-1.861	4.73937e-005
-1.86	4.76862e-005
-1.859	4.79815e-005
-1.858	4.82797e-005
-1.857	4.85808e-005
-1.856	4.88847e-005
-1.855	4.91915e-005
-1.854	4.95012e-005
-1.853	4.98137e-005
-1.852	5.01292e-005
-1.851	5.04474e-005
-1.85	5.07684e-005
-1.849	5.10923e-005
-1.848	5.14189e-005
-1.847	5.17483e-005
-1.846	5.20804e-005
-1.845	5.24152e-005
-1.844	5.27528e-005
-1.843	5.3093e-005
-1.842	5.34358e-005
-1.841	5.37811e-005
-1.84	5.4129e-005
-1.839	5.44795e-005
-1.838	5.48324e-005
-1.837	5.51877e-005
-1.836	5.55454e-005
-1.835	5.59055e-005
-1.834	5.62679e-005
-1.833	5.66326e-005
-1.832	5.69994e-005
-1.831	5.73686e-005
-1.83	5.77397e-005
-1.829	5.8113e-005
-1.828	5.84884e-005
-1.827	5.88657e-005
-1.826	5.92451e-005
-1.825	5.96263e-005
-1.824	6.00094e-005
-1.823	6.03943e-005
-1.822	6.0781e-005
-1.821	6.11694e-005
-1.82	6.15595e-005
-1.819	6.19514e-005
-1.818	6.23448e-005
-1.817	6.27399e-005
-1.816	6.31364e-005
-1.815	6.35345e-005
-1.814	6.39341e-005
-1.813	6.4335e-005
-1.812	6.47375e-005
-1.811	6.51414e-005
-1.81	6.55465e-005
-1.809	6.59529e-005
-1.808	6.63608e-005
-1.807	6.67701e-005
-1.806	6.71805e-005
-1.805	6.75923e-005
-1.804	6.80053e-005
-1.803	6.84195e-005
-1.802	6.8835e-005
-1.801	6.92517e-005
-1.8	6.96697e-005
-1.799	7.0089e-005
-1.798	7.05095e-005
-1.797	7.09312e-005
-1.796	7.13542e-005
-1.795	7.17785e-005
-1.794	7.22041e-005
-1.793	7.26309e-005
-1.792	7.30592e-005
-1.791	7.34888e-005
-1.79	7.39198e-005
-1.789	7.43521e-005
-1.788	7.47859e-005
-1.787	7.52211e-005
-1.786	7.5658e-005
-1.785	7.60964e-005
-1.784	7.65363e-005
-1.783	7.69779e-005
-1.782	7.74211e-005
-1.781	7.78661e-005
-1.78	7.83129e-005
-1.779	7.87615e-005
-1.778	7.9212e-005
-1.777	7.96644e-005
-1.776	8.0119e-005
-1.775	8.05755e-005
-1.774	8.10342e-005
-1.773	8.14951e-005
-1.772	8.19581e-005
-1.771	8.24236e-005
-1.77	8.28914e-005
-1.769	8.33617e-005
-1.768	8.38347e-005
-1.767	8.43102e-005
-1.766	8.47881e-005
-1.765	8.5269e-005
-1.764	8.57527e-005
-1.763	8.62392e-005
-1.762	8.67287e-005
-1.761	8.72213e-005
-1.76	8.77168e-005
-1.759	8.82157e-005
-1.758	8.87178e-005
-1.757	8.92231e-005
-1.756	8.97319e-005
-1.755	9.02441e-005
-1.754	9.07599e-005
-1.753	9.12793e-005
-1.752	9.18023e-005
-1.751	9.23291e-005
-1.75	9.28596e-005
-1.749	9.33942e-005
-1.748	9.39323e-005
-1.747	9.44746e-005
-1.746	9.50209e-005
-1.745	9.55715e-005
-1.744	9.6126e-005
-1.743	9.66848e-005
-1.742	9.72478e-005
-1.741	9.78152e-005
-1.74	9.83869e-005
-1.739	9.89632e-005
-1.738	9.95437e-005
-1.737	0.000100129
-1.736	0.000100718
-1.735	0.000101312
-1.734	0.000101911
-1.733	0.000102514
-1.732	0.000103122
-1.731	0.000103735
-1.73	0.000104352
-1.729	0.000104974
-1.728	0.000105601
-1.727	0.000106233
-1.726	0.000106869
-1.725	0.00010751
-1.724	0.000108156
-1.723	0.000108806
-1.722	0.000109462
-1.721	0.000110122
-1.72	0.000110787
-1.719	0.000111457
-1.718	0.000112131
-1.717	0.000112811
-1.716	0.000113495
-1.715	0.000114184
-1.714	0.000114878
-1.713	0.000115576
-1.712	0.000116279
-1.711	0.000116987
-1.71	0.000117699
-1.709	0.000118417
-1.708	0.000119138
-1.707	0.000119865
-1.706	0.000120596
-1.705	0.000121331
-1.704	0.000122071
-1.703	0.000122816
-1.702	0.000123565
-1.701	0.000124318
-1.7	0.000125076
-1.699	0.000125839
-1.698	0.000126605
-1.697	0.000127376
-1.696	0.000128152
-1.695	0.000128931
-1.694	0.000129715
-1.693	0.000130504
-1.692	0.000131296
-1.691	0.000132093
-1.69	0.000132893
-1.689	0.000133698
-1.688	0.000134507
-1.687	0.00013532
-1.686	0.000136137
-1.685	0.000136958
-1.684	0.000137784
-1.683	0.000138613
-1.682	0.000139446
-1.681	0.000140283
-1.68	0.000141124
-1.679	0.000141969
-1.678	0.000142819
-1.677	0.000143672
-1.676	0.000144529
-1.675	0.00014539
-1.674	0.000146255
-1.673	0.000147124
-1.672	0.000147997
-1.671	0.000148874
-1.67	0.000149755
-1.669	0.000150639
-1.668	0.000151528
-1.667	0.000152421
-1.666	0.000153319
-1.665	0.00015422
-1.664	0.000155125
-1.663	0.000156035
-1.662	0.000156949
-1.661	0.000157867
-1.66	0.000158789
-1.659	0.000159715
-1.658	0.000160646
-1.657	0.000161582
-1.656	0.000162521
-1.655	0.000163466
-1.654	0.000164415
-1.653	0.000165368
-1.652	0.000166326
-1.651	0.000167289
-1.65	0.000168257
-1.649	0.00016923
-1.648	0.000170207
-1.647	0.00017119
-1.646	0.000172177
-1.645	0.00017317
-1.644	0.000174168
-1.643	0.000175171
-1.642	0.00017618
-1.641	0.000177194
-1.64	0.000178214
-1.639	0.000179239
-1.638	0.00018027
-1.637	0.000181307
-1.636	0.000182349
-1.635	0.000183398
-1.634	0.000184453
-1.633	0.000185513
-1.632	0.00018658
-1.631	0.000187653
-1.63	0.000188733
-1.629	0.000189819
-1.628	0.000190912
-1.627	0.000192011
-1.626	0.000193117
-1.625	0.00019423
-1.624	0.000195349
-1.623	0.000196476
-1.622	0.000197609
-1.621	0.000198751
-1.62	0.000199899
-1.619	0.000201054
-1.618	0.000202217
-1.617	0.000203387
-1.616	0.000204565
-1.615	0.000205751
-1.614	0.000206944
-1.613	0.000208144
-1.612	0.000209353
-1.611	0.00021057
-1.61	0.000211794
-1.609	0.000213027
-1.608	0.000214268
-1.607	0.000215517
-1.606	0.000216774
-1.605	0.000218039
-1.604	0.000219313
-1.603	0.000220595
-1.602	0.000221886
-1.601	0.000223185
-1.6	0.000224493
-1.599	0.000225809
-1.598	0.000227134
-1.597	0.000228468
-1.596	0.00022981
-1.595	0.000231161
-1.594	0.000232521
-1.593	0.00023389
-1.592	0.000235268
-1.591	0.000236654
-1.59	0.00023805
-1.589	0.000239454
-1.588	0.000240868
-1.587	0.00024229
-1.586	0.000243722
-1.585	0.000245162
-1.584	0.000246611
-1.583	0.00024807
-1.582	0.000249538
-1.581	0.000251015
-1.58	0.000252501
-1.579	0.000253996
-1.578	0.0002555
-1.577	0.000257014
-1.576	0.000258537
-1.575	0.000260069
-1.574	0.00026161
-1.573	0.00026316
-1.572	0.000264719
-1.571	0.000266288
-1.57	0.000267866
-1.569	0.000269453
-1.568	0.000271049
-1.567	0.000272655
-1.566	0.00027427
-1.565	0.000275894
-1.564	0.000277527
-1.563	0.00027917
-1.562	0.000280822
-1.561	0.000282483
-1.56	0.000284154
-1.559	0.000285834
-1.558	0.000287523
-1.557	0.000289221
-1.556	0.000290929
-1.555	0.000292646
-1.554	0.000294373
-1.553	0.000296109
-1.552	0.000297854
-1.551	0.000299609
-1.55	0.000301373
-1.549	0.000303147
-1.548	0.00030493
-1.547	0.000306723
-1.546	0.000308525
-1.545	0.000310338
-1.544	0.000312159
-1.543	0.000313991
-1.542	0.000315832
-1.541	0.000317683
-1.54	0.000319543
-1.539	0.000321414
-1.538	0.000323294
-1.537	0.000325185
-1.536	0.000327085
-1.535	0.000328996
-1.534	0.000330916
-1.533	0.000332847
-1.532	0.000334788
-1.531	0.000336739
-1.53	0.000338702
-1.529	0.000340674
-1.528	0.000342657
-1.527	0.00034465
-1.526	0.000346654
-1.525	0.000348669
-1.524	0.000350695
-1.523	0.000352732
-1.522	0.000354779
-1.521	0.000356838
-1.52	0.000358909
-1.519	0.00036099
-1.518	0.000363083
-1.517	0.000365187
-1.516	0.000367303
-1.515	0.000369431
-1.514	0.000371571
-1.513	0.000373722
-1.512	0.000375886
-1.511	0.000378061
-1.51	0.00038025
-1.509	0.00038245
-1.508	0.000384663
-1.507	0.000386888
-1.506	0.000389126
-1.505	0.000391377
-1.504	0.000393641
-1.503	0.000395918
-1.502	0.000398208
-1.501	0.000400512
-1.5	0.000402829
-1.499	0.00040516
-1.498	0.000407503
-1.497	0.000409861
-1.496	0.000412233
-1.495	0.000414619
-1.494	0.000417019
-1.493	0.000419434
-1.492	0.000421863
-1.491	0.000424306
-1.49	0.000426765
-1.489	0.000429237
-1.488	0.000431724
-1.487	0.000434227
-1.486	0.000436745
-1.485	0.000439278
-1.484	0.000441827
-1.483	0.00044439
-1.482	0.00044697
-1.481	0.000449565
-1.48	0.000452175
-1.479	0.000454803
-1.478	0.000457445
-1.477	0.000460104
-1.476	0.00046278
-1.475	0.000465471
-1.474	0.000468179
-1.473	0.000470904
-1.472	0.000473645
-1.471	0.000476403
-1.47	0.000479178
-1.469	0.00048197
-1.468	0.00048478
-1.467	0.000487606
-1.466	0.000490449
-1.465	0.00049331
-1.464	0.000496188
-1.463	0.000499084
-1.462	0.000501997
-1.461	0.000504928
-1.46	0.000507877
-1.459	0.000510844
-1.458	0.000513828
-1.457	0.000516831
-1.456	0.000519852
-1.455	0.000522891
-1.454	0.000525948
-1.453	0.000529024
-1.452	0.000532118
-1.451	0.00053523
-1.45	0.000538361
-1.449	0.000541511
-1.448	0.00054468
-1.447	0.000547868
-1.446	0.000551074
-1.445	0.000554299
-1.444	0.000557543
-1.443	0.000560807
-1.442	0.000564088
-1.441	0.000567391
-1.44	0.000570712
-1.439	0.000574053
-1.438	0.000577413
-1.437	0.000580792
-1.436	0.000584191
-1.435	0.00058761
-1.434	0.000591049
-1.433	0.000594508
-1.432	0.000597986
-1.431	0.000601484
-1.43	0.000605002
-1.429	0.000608542
-1.428	0.0006121
-1.427	0.000615679
-1.426	0.00061928
-1.425	0.0006229
-1.424	0.00062654
-1.423	0.000630201
-1.422	0.000633883
-1.421	0.000637586
-1.42	0.00064131
-1.419	0.000645056
-1.418	0.000648822
-1.417	0.000652609
-1.416	0.000656418
-1.415	0.000660248
-1.414	0.000664099
-1.413	0.000667973
-1.412	0.000671869
-1.411	0.000675785
-1.41	0.000679725
-1.409	0.000683686
-1.408	0.000687669
-1.407	0.000691675
-1.406	0.000695703
-1.405	0.000699754
-1.404	0.000703827
-1.403	0.000707923
-1.402	0.000712042
-1.401	0.000716185
-1.4	0.000720351
-1.399	0.00072454
-1.398	0.000728752
-1.397	0.000732989
-1.396	0.000737248
-1.395	0.000741533
-1.394	0.000745842
-1.393	0.000750174
-1.392	0.000754531
-1.391	0.000758913
-1.39	0.00076332
-1.389	0.000767752
-1.388	0.000772208
-1.387	0.000776691
-1.386	0.000781198
-1.385	0.000785731
-1.384	0.00079029
-1.383	0.000794876
-1.382	0.000799486
-1.381	0.000804125
-1.38	0.000808788
-1.379	0.000813479
-1.378	0.000818197
-1.377	0.000822941
-1.376	0.000827713
-1.375	0.000832513
-1.374	0.00083734
-1.373	0.000842196
-1.372	0.000847081
-1.371	0.000851992
-1.37	0.000856932
-1.369	0.0008619
-1.368	0.000866898
-1.367	0.000871926
-1.366	0.000876982
-1.365	0.000882068
-1.364	0.000887183
-1.363	0.000892328
-1.362	0.000897504
-1.361	0.00090271
-1.36	0.000907947
-1.359	0.000913214
-1.358	0.000918512
-1.357	0.000923841
-1.356	0.000929203
-1.355	0.000934594
-1.354	0.000940019
-1.353	0.000945475
-1.352	0.000950963
-1.351	0.000956485
-1.35	0.000962038
-1.349	0.000967624
-1.348	0.000973242
-1.347	0.000978896
-1.346	0.000984582
-1.345	0.000990302
-1.344	0.000996056
-1.343	0.00100184
-1.342	0.00100767
-1.341	0.00101352
-1.34	0.00101941
-1.339	0.00102534
-1.338	0.0010313
-1.337	0.0010373
-1.336	0.00104333
-1.335	0.0010494
-1.334	0.0010555
-1.333	0.00106164
-1.332	0.00106782
-1.331	0.00107403
-1.33	0.00108028
-1.329	0.00108657
-1.328	0.00109289
-1.327	0.00109925
-1.326	0.00110565
-1.325	0.00111209
-1.324	0.00111856
-1.323	0.00112507
-1.322	0.00113163
-1.321	0.00113821
-1.32	0.00114484
-1.319	0.00115151
-1.318	0.00115821
-1.317	0.00116496
-1.316	0.00117175
-1.315	0.00117857
-1.314	0.00118544
-1.313	0.00119234
-1.312	0.00119929
-1.311	0.00120627
-1.31	0.0012133
-1.309	0.00122036
-1.308	0.00122747
-1.307	0.00123462
-1.306	0.00124181
-1.305	0.00124905
-1.304	0.00125632
-1.303	0.00126364
-1.302	0.001271
-1.301	0.0012784
-1.3	0.00128585
-1.299	0.00129334
-1.298	0.00130087
-1.297	0.00130844
-1.296	0.00131606
-1.295	0.00132372
-1.294	0.00133143
-1.293	0.00133918
-1.292	0.00134698
-1.291	0.00135482
-1.29	0.0013627
-1.289	0.00137063
-1.288	0.00137861
-1.287	0.00138663
-1.286	0.0013947
-1.285	0.00140282
-1.284	0.00141098
-1.283	0.00141919
-1.282	0.00142744
-1.281	0.00143575
-1.28	0.0014441
-1.279	0.00145249
-1.278	0.00146094
-1.277	0.00146944
-1.276	0.00147798
-1.275	0.00148657
-1.274	0.00149521
-1.273	0.00150391
-1.272	0.00151265
-1.271	0.00152144
-1.27	0.00153028
-1.269	0.00153917
-1.268	0.00154812
-1.267	0.00155711
-1.266	0.00156616
-1.265	0.00157526
-1.264	0.00158441
-1.263	0.00159361
-1.262	0.00160287
-1.261	0.00161217
-1.26	0.00162154
-1.259	0.00163096
-1.258	0.00164043
-1.257	0.00164995
-1.256	0.00165953
-1.255	0.00166917
-1.254	0.00167886
-1.253	0.0016886
-1.252	0.00169841
-1.251	0.00170827
-1.25	0.00171818
-1.249	0.00172816
-1.248	0.00173819
-1.247	0.00174828
-1.246	0.00175843
-1.245	0.00176863
-1.244	0.0017789
-1.243	0.00178922
-1.242	0.00179961
-1.241	0.00181005
-1.24	0.00182056
-1.239	0.00183113
-1.238	0.00184175
-1.237	0.00185244
-1.236	0.00186319
-1.235	0.00187401
-1.234	0.00188488
-1.233	0.00189582
-1.232	0.00190683
-1.231	0.0019179
-1.23	0.00192903
-1.229	0.00194023
-1.228	0.00195149
-1.227	0.00196282
-1.226	0.00197421
-1.225	0.00198568
-1.224	0.0019972
-1.223	0.0020088
-1.222	0.00202046
-1.221	0.00203219
-1.22	0.00204399
-1.219	0.00205586
-1.218	0.0020678
-1.217	0.00207981
-1.216	0.00209189
-1.215	0.00210403
-1.214	0.00211625
-1.213	0.00212854
-1.212	0.00214091
-1.211	0.00215334
-1.21	0.00216585
-1.209	0.00217843
-1.208	0.00219109
-1.207	0.00220382
-1.206	0.00221662
-1.205	0.0022295
-1.204	0.00224245
-1.203	0.00225548
-1.202	0.00226859
-1.201	0.00228177
-1.2	0.00229503
-1.199	0.00230837
-1.198	0.00232178
-1.197	0.00233528
-1.196	0.00234885
-1.195	0.0023625
-1.194	0.00237623
-1.193	0.00239004
-1.192	0.00240394
-1.191	0.00241791
-1.19	0.00243196
-1.189	0.0024461
-1.188	0.00246032
-1.187	0.00247462
-1.186	0.00248901
-1.185	0.00250348
-1.184	0.00251804
-1.183	0.00253267
-1.182	0.0025474
-1.181	0.00256221
-1.18	0.0025771
-1.179	0.00259209
-1.178	0.00260716
-1.177	0.00262231
-1.176	0.00263756
-1.175	0.0026529
-1.174	0.00266832
-1.173	0.00268383
-1.172	0.00269944
-1.171	0.00271513
-1.17	0.00273092
-1.169	0.00274679
-1.168	0.00276276
-1.167	0.00277882
-1.166	0.00279497
-1.165	0.00281122
-1.164	0.00282757
-1.163	0.002844
-1.162	0.00286054
-1.161	0.00287716
-1.16	0.00289389
-1.159	0.00291071
-1.158	0.00292763
-1.157	0.00294464
-1.156	0.00296176
-1.155	0.00297897
-1.154	0.00299628
-1.153	0.0030137
-1.152	0.00303121
-1.151	0.00304883
-1.15	0.00306654
-1.149	0.00308436
-1.148	0.00310228
-1.147	0.00312031
-1.146	0.00313843
-1.145	0.00315667
-1.144	0.00317501
-1.143	0.00319346
-1.142	0.00321201
-1.141	0.00323067
-1.14	0.00324943
-1.139	0.00326831
-1.138	0.00328729
-1.137	0.00330638
-1.136	0.00332559
-1.135	0.00334491
-1.134	0.00336433
-1.133	0.00338388
-1.132	0.00340353
-1.131	0.00342329
-1.13	0.00344317
-1.129	0.00346317
-1.128	0.00348328
-1.127	0.00350351
-1.126	0.00352385
-1.125	0.00354432
-1.124	0.0035649
-1.123	0.00358559
-1.122	0.00360641
-1.121	0.00362736
-1.12	0.00364842
-1.119	0.0036696
-1.118	0.00369091
-1.117	0.00371234
-1.116	0.00373389
-1.115	0.00375557
-1.114	0.00377737
-1.113	0.00379931
-1.112	0.00382136
-1.111	0.00384355
-1.11	0.00386587
-1.109	0.00388831
-1.108	0.00391089
-1.107	0.0039336
-1.106	0.00395644
-1.105	0.00397941
-1.104	0.00400251
-1.103	0.00402575
-1.102	0.00404913
-1.101	0.00407264
-1.1	0.00409628
-1.099	0.00412006
-1.098	0.00414399
-1.097	0.00416805
-1.096	0.00419225
-1.095	0.0042166
-1.094	0.00424108
-1.093	0.0042657
-1.092	0.00429047
-1.091	0.00431539
-1.09	0.00434045
-1.089	0.00436566
-1.088	0.00439101
-1.087	0.0044165
-1.086	0.00444216
-1.085	0.00446795
-1.084	0.0044939
-1.083	0.00452
-1.082	0.00454625
-1.081	0.00457265
-1.08	0.00459921
-1.079	0.00462592
-1.078	0.00465279
-1.077	0.00467981
-1.076	0.00470699
-1.075	0.00473433
-1.074	0.00476183
-1.073	0.00478949
-1.072	0.0048173
-1.071	0.00484529
-1.07	0.00487343
-1.069	0.00490174
-1.068	0.00493022
-1.067	0.00495886
-1.066	0.00498766
-1.065	0.00501663
-1.064	0.00504577
-1.063	0.00507508
-1.062	0.00510456
-1.061	0.00513422
-1.06	0.00516404
-1.059	0.00519404
-1.058	0.00522421
-1.057	0.00525457
-1.056	0.00528509
-1.055	0.00531579
-1.054	0.00534667
-1.053	0.00537773
-1.052	0.00540897
-1.051	0.0054404
-1.05	0.00547201
-1.049	0.00550379
-1.048	0.00553577
-1.047	0.00556792
-1.046	0.00560027
-1.045	0.00563281
-1.044	0.00566553
-1.043	0.00569845
-1.042	0.00573155
-1.041	0.00576485
-1.04	0.00579834
-1.039	0.00583202
-1.038	0.00586591
-1.037	0.00589998
-1.036	0.00593425
-1.035	0.00596873
-1.034	0.00600341
-1.033	0.00603828
-1.032	0.00607336
-1.031	0.00610864
-1.03	0.00614413
-1.029	0.00617982
-1.028	0.00621572
-1.027	0.00625183
-1.026	0.00628815
-1.025	0.00632468
-1.024	0.00636142
-1.023	0.00639837
-1.022	0.00643554
-1.021	0.00647292
-1.02	0.00651052
-1.019	0.00654834
-1.018	0.00658638
-1.017	0.00662464
-1.016	0.00666312
-1.015	0.00670182
-1.014	0.00674075
-1.013	0.0067799
-1.012	0.00681928
-1.011	0.00685889
-1.01	0.00689873
-1.009	0.00693879
-1.008	0.0069791
-1.007	0.00701963
-1.006	0.0070604
-1.005	0.00710141
-1.004	0.00714265
-1.003	0.00718414
-1.002	0.00722586
-1.001	0.00726783
-1	0.00731003
-0.999	0.00735249
-0.998	0.00739519
-0.997	0.00743813
-0.996	0.00748132
-0.995	0.00752478
-0.994	0.00756848
-0.993	0.00761243
-0.992	0.00765663
-0.991	0.0077011
-0.99	0.00774581
-0.989	0.00779079
-0.988	0.00783603
-0.987	0.00788154
-0.986	0.0079273
-0.985	0.00797333
-0.984	0.00801963
-0.983	0.00806621
-0.982	0.00811304
-0.981	0.00816016
-0.98	0.00820753
-0.979	0.00825519
-0.978	0.00830313
-0.977	0.00835135
-0.976	0.00839984
-0.975	0.00844861
-0.974	0.00849766
-0.973	0.00854701
-0.972	0.00859663
-0.971	0.00864656
-0.97	0.00869676
-0.969	0.00874726
-0.968	0.00879805
-0.967	0.00884915
-0.966	0.00890053
-0.965	0.00895221
-0.964	0.00900419
-0.963	0.00905648
-0.962	0.00910907
-0.961	0.00916196
-0.96	0.00921516
-0.959	0.00926868
-0.958	0.0093225
-0.957	0.00937663
-0.956	0.00943109
-0.955	0.00948586
-0.954	0.00954094
-0.953	0.00959635
-0.952	0.00965207
-0.951	0.00970813
-0.95	0.00976451
-0.949	0.00982122
-0.948	0.00987826
-0.947	0.00993563
-0.946	0.00999332
-0.945	0.0100514
-0.944	0.0101097
-0.943	0.0101685
-0.942	0.0102275
-0.941	0.0102869
-0.94	0.0103466
-0.939	0.0104067
-0.938	0.0104672
-0.937	0.010528
-0.936	0.0105891
-0.935	0.0106506
-0.934	0.0107125
-0.933	0.0107747
-0.932	0.0108373
-0.931	0.0109002
-0.93	0.0109635
-0.929	0.0110272
-0.928	0.0110913
-0.927	0.0111557
-0.926	0.0112205
-0.925	0.0112856
-0.924	0.0113512
-0.923	0.0114171
-0.922	0.0114834
-0.921	0.0115501
-0.92	0.0116172
-0.919	0.0116847
-0.918	0.0117526
-0.917	0.0118208
-0.916	0.0118895
-0.915	0.0119585
-0.914	0.012028
-0.913	0.0120979
-0.912	0.0121681
-0.911	0.0122388
-0.91	0.0123099
-0.909	0.0123814
-0.908	0.0124533
-0.907	0.0125256
-0.906	0.0125984
-0.905	0.0126716
-0.904	0.0127451
-0.903	0.0128192
-0.902	0.0128936
-0.901	0.0129685
-0.9	0.0130438
-0.899	0.0131196
-0.898	0.0131958
-0.897	0.0132724
-0.896	0.0133495
-0.895	0.013427
-0.894	0.013505
-0.893	0.0135834
-0.892	0.0136623
-0.891	0.0137417
-0.89	0.0138215
-0.889	0.0139018
-0.888	0.0139825
-0.887	0.0140637
-0.886	0.0141454
-0.885	0.0142275
-0.884	0.0143101
-0.883	0.0143933
-0.882	0.0144768
-0.881	0.0145609
-0.88	0.0146455
-0.879	0.0147305
-0.878	0.0148161
-0.877	0.0149021
-0.876	0.0149887
-0.875	0.0150757
-0.874	0.0151633
-0.873	0.0152513
-0.872	0.0153399
-0.871	0.015429
-0.87	0.0155186
-0.869	0.0156087
-0.868	0.0156994
-0.867	0.0157905
-0.866	0.0158823
-0.865	0.0159745
-0.864	0.0160672
-0.863	0.0161606
-0.862	0.0162544
-0.861	0.0163488
-0.86	0.0164437
-0.859	0.0165392
-0.858	0.0166353
-0.857	0.0167319
-0.856	0.0168291
-0.855	0.0169268
-0.854	0.0170251
-0.853	0.017124
-0.852	0.0172234
-0.851	0.0173234
-0.85	0.017424
-0.849	0.0175252
-0.848	0.017627
-0.847	0.0177294
-0.846	0.0178323
-0.845	0.0179358
-0.844	0.01804
-0.843	0.0181448
-0.842	0.0182502
-0.841	0.0183562
-0.84	0.0184627
-0.839	0.0185699
-0.838	0.0186778
-0.837	0.0187863
-0.836	0.0188953
-0.835	0.0190051
-0.834	0.0191154
-0.833	0.0192264
-0.832	0.0193381
-0.831	0.0194504
-0.83	0.0195633
-0.829	0.0196769
-0.828	0.0197912
-0.827	0.0199061
-0.826	0.0200217
-0.825	0.020138
-0.824	0.0202549
-0.823	0.0203726
-0.822	0.0204909
-0.821	0.0206099
-0.82	0.0207295
-0.819	0.0208499
-0.818	0.020971
-0.817	0.0210928
-0.816	0.0212153
-0.815	0.0213385
-0.814	0.0214624
-0.813	0.021587
-0.812	0.0217124
-0.811	0.0218384
-0.81	0.0219653
-0.809	0.0220928
-0.808	0.0222211
-0.807	0.0223502
-0.806	0.02248
-0.805	0.0226105
-0.804	0.0227418
-0.803	0.0228739
-0.802	0.0230067
-0.801	0.0231404
-0.8	0.0232747
-0.799	0.0234099
-0.798	0.0235459
-0.797	0.0236826
-0.796	0.0238201
-0.795	0.0239585
-0.794	0.0240976
-0.793	0.0242376
-0.792	0.0243784
-0.791	0.0245199
-0.79	0.0246623
-0.789	0.0248056
-0.788	0.0249496
-0.787	0.0250945
-0.786	0.0252403
-0.785	0.0253869
-0.784	0.0255343
-0.783	0.0256826
-0.782	0.0258318
-0.781	0.0259818
-0.78	0.0261327
-0.779	0.0262845
-0.778	0.0264371
-0.777	0.0265906
-0.776	0.0267451
-0.775	0.0269004
-0.774	0.0270567
-0.773	0.0272138
-0.772	0.0273718
-0.771	0.0275308
-0.77	0.0276907
-0.769	0.0278515
-0.768	0.0280133
-0.767	0.0281759
-0.766	0.0283396
-0.765	0.0285042
-0.764	0.0286697
-0.763	0.0288362
-0.762	0.0290037
-0.761	0.0291721
-0.76	0.0293415
-0.759	0.0295119
-0.758	0.0296833
-0.757	0.0298557
-0.756	0.0300291
-0.755	0.0302035
-0.754	0.0303789
-0.753	0.0305553
-0.752	0.0307327
-0.751	0.0309112
-0.75	0.0310907
-0.749	0.0312713
-0.748	0.0314529
-0.747	0.0316355
-0.746	0.0318192
-0.745	0.032004
-0.744	0.0321899
-0.743	0.0323768
-0.742	0.0325648
-0.741	0.0327539
-0.74	0.0329441
-0.739	0.0331354
-0.738	0.0333279
-0.737	0.0335214
-0.736	0.0337161
-0.735	0.0339119
-0.734	0.0341088
-0.733	0.0343069
-0.732	0.0345061
-0.731	0.0347065
-0.73	0.034908
-0.729	0.0351107
-0.728	0.0353146
-0.727	0.0355197
-0.726	0.035726
-0.725	0.0359335
-0.724	0.0361421
-0.723	0.036352
-0.722	0.0365631
-0.721	0.0367754
-0.72	0.036989
-0.719	0.0372038
-0.718	0.0374199
-0.717	0.0376372
-0.716	0.0378557
-0.715	0.0380756
-0.714	0.0382967
-0.713	0.0385191
-0.712	0.0387428
-0.711	0.0389678
-0.71	0.0391941
-0.709	0.0394217
-0.708	0.0396506
-0.707	0.0398809
-0.706	0.0401125
-0.705	0.0403454
-0.704	0.0405797
-0.703	0.0408154
-0.702	0.0410524
-0.701	0.0412908
-0.7	0.0415306
-0.699	0.0417718
-0.698	0.0420144
-0.697	0.0422584
-0.696	0.0425037
-0.695	0.0427506
-0.694	0.0429989
-0.693	0.0432486
-0.692	0.0434998
-0.691	0.0437524
-0.69	0.0440065
-0.689	0.044262
-0.688	0.0445191
-0.687	0.0447776
-0.686	0.0450376
-0.685	0.0452992
-0.684	0.0455622
-0.683	0.0458269
-0.682	0.046093
-0.681	0.0463606
-0.68	0.0466299
-0.679	0.0469007
-0.678	0.047173
-0.677	0.047447
-0.676	0.0477225
-0.675	0.0479997
-0.674	0.0482784
-0.673	0.0485588
-0.672	0.0488408
-0.671	0.0491244
-0.67	0.0494096
-0.669	0.0496966
-0.668	0.0499852
-0.667	0.0502754
-0.666	0.0505674
-0.665	0.0508611
-0.664	0.0511564
-0.663	0.0514535
-0.662	0.0517523
-0.661	0.0520528
-0.66	0.0523551
-0.659	0.0526591
-0.658	0.052965
-0.657	0.0532725
-0.656	0.0535819
-0.655	0.0538931
-0.654	0.054206
-0.653	0.0545208
-0.652	0.0548374
-0.651	0.0551559
-0.65	0.0554762
-0.649	0.0557984
-0.648	0.0561224
-0.647	0.0564483
-0.646	0.0567762
-0.645	0.0571058
-0.644	0.0574375
-0.643	0.0577711
-0.642	0.0581066
-0.641	0.0584441
-0.64	0.0587834
-0.639	0.0591248
-0.638	0.0594682
-0.637	0.0598135
-0.636	0.0601609
-0.635	0.0605103
-0.634	0.0608617
-0.633	0.0612151
-0.632	0.0615707
-0.631	0.0619282
-0.63	0.0622879
-0.629	0.0626496
-0.628	0.0630134
-0.627	0.0633794
-0.626	0.0637475
-0.625	0.0641178
-0.624	0.0644901
-0.623	0.0648646
-0.622	0.0652412
-0.621	0.0656202
-0.62	0.0660012
-0.619	0.0663846
-0.618	0.06677
-0.617	0.0671578
-0.616	0.0675478
-0.615	0.0679402
-0.614	0.0683347
-0.613	0.0687316
-0.612	0.0691307
-0.611	0.0695322
-0.61	0.069936
-0.609	0.0703421
-0.608	0.0707506
-0.607	0.0711615
-0.606	0.0715747
-0.605	0.0719904
-0.604	0.0724084
-0.603	0.0728289
-0.602	0.0732518
-0.601	0.0736772
-0.6	0.0741051
-0.599	0.0745354
-0.598	0.0749683
-0.597	0.0754037
-0.596	0.0758415
-0.595	0.0762819
-0.594	0.0767249
-0.593	0.0771704
-0.592	0.0776186
-0.591	0.0780693
-0.59	0.0785227
-0.589	0.0789786
-0.588	0.0794373
-0.587	0.0798986
-0.586	0.0803626
-0.585	0.0808293
-0.584	0.0812987
-0.583	0.0817707
-0.582	0.0822456
-0.581	0.0827231
-0.58	0.0832036
-0.579	0.0836868
-0.578	0.0841727
-0.577	0.0846615
-0.576	0.0851532
-0.575	0.0856476
-0.574	0.086145
-0.573	0.0866452
-0.572	0.0871484
-0.571	0.0876545
-0.57	0.0881635
-0.569	0.0886755
-0.568	0.0891905
-0.567	0.0897084
-0.566	0.0902294
-0.565	0.0907534
-0.564	0.0912805
-0.563	0.0918105
-0.562	0.0923437
-0.561	0.0928799
-0.56	0.0934194
-0.559	0.0939619
-0.558	0.0945076
-0.557	0.0950564
-0.556	0.0956084
-0.555	0.0961636
-0.554	0.0967221
-0.553	0.0972838
-0.552	0.0978488
-0.551	0.0984171
-0.55	0.0989886
-0.549	0.0995635
-0.548	0.100142
-0.547	0.100723
-0.546	0.101308
-0.545	0.101897
-0.544	0.102488
-0.543	0.103083
-0.542	0.103682
-0.541	0.104284
-0.54	0.10489
-0.539	0.105499
-0.538	0.106112
-0.537	0.106728
-0.536	0.107348
-0.535	0.107971
-0.534	0.108598
-0.533	0.109229
-0.532	0.109863
-0.531	0.110501
-0.53	0.111143
-0.529	0.111788
-0.528	0.112438
-0.527	0.11309
-0.526	0.113747
-0.525	0.114408
-0.524	0.115072
-0.523	0.11574
-0.522	0.116413
-0.521	0.117089
-0.52	0.117769
-0.519	0.118452
-0.518	0.11914
-0.517	0.119832
-0.516	0.120528
-0.515	0.121228
-0.514	0.121932
-0.513	0.12264
-0.512	0.123352
-0.511	0.124069
-0.51	0.124789
-0.509	0.125514
-0.508	0.126243
-0.507	0.126976
-0.506	0.127713
-0.505	0.128455
-0.504	0.129201
-0.503	0.129951
-0.502	0.130706
-0.501	0.131465
-0.5	0.132228
-0.499	0.132996
-0.498	0.133768
-0.497	0.134545
-0.496	0.135326
-0.495	0.136112
-0.494	0.136903
-0.493	0.137698
-0.492	0.138497
-0.491	0.139302
-0.49	0.140111
-0.489	0.140924
-0.488	0.141743
-0.487	0.142566
-0.486	0.143394
-0.485	0.144227
-0.484	0.145064
-0.483	0.145906
-0.482	0.146754
-0.481	0.147606
-0.48	0.148463
-0.479	0.149325
-0.478	0.150193
-0.477	0.151065
-0.476	0.151942
-0.475	0.152825
-0.474	0.153712
-0.473	0.154605
-0.472	0.155503
-0.471	0.156406
-0.47	0.157314
-0.469	0.158228
-0.468	0.159147
-0.467	0.160071
-0.466	0.161
-0.465	0.161935
-0.464	0.162876
-0.463	0.163822
-0.462	0.164773
-0.461	0.16573
-0.46	0.166692
-0.459	0.16766
-0.458	0.168634
-0.457	0.169613
-0.456	0.170598
-0.455	0.171589
-0.454	0.172585
-0.453	0.173588
-0.452	0.174596
-0.451	0.17561
-0.45	0.17663
-0.449	0.177655
-0.448	0.178687
-0.447	0.179725
-0.446	0.180768
-0.445	0.181818
-0.444	0.182874
-0.443	0.183936
-0.442	0.185004
-0.441	0.186078
-0.44	0.187159
-0.439	0.188246
-0.438	0.189339
-0.437	0.190438
-0.436	0.191544
-0.435	0.192657
-0.434	0.193775
-0.433	0.194901
-0.432	0.196033
-0.431	0.197171
-0.43	0.198316
-0.429	0.199468
-0.428	0.200626
-0.427	0.201791
-0.426	0.202963
-0.425	0.204141
-0.424	0.205327
-0.423	0.206519
-0.422	0.207719
-0.421	0.208925
-0.42	0.210138
-0.419	0.211358
-0.418	0.212586
-0.417	0.21382
-0.416	0.215062
-0.415	0.216311
-0.414	0.217615
-0.413	0.219023
-0.412	0.220538
-0.411	0.222159
-0.41	0.223887
-0.409	0.225723
-0.408	0.227666
-0.407	0.229717
-0.406	0.231876
-0.405	0.234142
-0.404	0.236516
-0.403	0.238997
-0.402	0.241585
-0.401	0.244279
-0.4	0.247078
-0.399	0.249981
-0.398	0.252989
-0.397	0.256098
-0.396	0.259308
-0.395	0.262619
-0.394	0.266027
-0.393	0.269533
-0.392	0.273133
-0.391	0.276827
-0.39	0.280613
-0.389	0.284487
-0.388	0.28845
-0.387	0.292497
-0.386	0.296627
-0.385	0.300838
-0.384	0.305127
-0.383	0.309491
-0.382	0.313929
-0.381	0.318436
-0.38	0.323012
-0.379	0.327651
-0.378	0.332352
-0.377	0.337113
-0.376	0.341929
-0.375	0.346798
-0.374	0.351716
-0.373	0.35668
-0.372	0.361688
-0.371	0.366736
-0.37	0.371821
-0.369	0.376939
-0.368	0.382087
-0.367	0.387262
-0.366	0.392461
-0.365	0.39768
-0.364	0.402953
-0.363	0.408318
-0.362	0.413767
-0.361	0.4193
-0.36	0.424907
-0.359	0.430586
-0.358	0.436332
-0.357	0.442138
-0.356	0.447999
-0.355	0.453912
-0.354	0.45987
-0.353	0.465866
-0.352	0.471898
-0.351	0.47796
-0.35	0.484043
-0.349	0.490147
-0.348	0.49626
-0.347	0.502383
-0.346	0.508508
-0.345	0.514627
-0.344	0.520739
-0.343	0.526835
-0.342	0.532911
-0.341	0.538961
-0.34	0.544981
-0.339	0.550963
-0.338	0.556904
-0.337	0.562798
-0.336	0.568638
-0.335	0.574421
-0.334	0.580142
-0.333	0.585794
-0.332	0.591374
-0.331	0.596875
-0.33	0.602292
-0.329	0.607623
-0.328	0.612861
-0.327	0.618
-0.326	0.623038
-0.325	0.627971
-0.324	0.632791
-0.323	0.637498
-0.322	0.642085
-0.321	0.646548
-0.32	0.650884
-0.319	0.65509
-0.318	0.659158
-0.317	0.663092
-0.316	0.666881
-0.315	0.670525
-0.314	0.67402
-0.313	0.677365
-0.312	0.680553
-0.311	0.683588
-0.31	0.686459
-0.309	0.689169
-0.308	0.691714
-0.307	0.694093
-0.306	0.696302
-0.305	0.69834
-0.304	0.700207
-0.303	0.701897
-0.302	0.703414
-0.301	0.704752
-0.3	0.705913
-0.299	0.706895
-0.298	0.707698
-0.297	0.708319
-0.296	0.708762
-0.295	0.709022
-0.294	0.709102
-0.293	0.709
-0.292	0.708719
-0.291	0.708257
-0.29	0.707615
-0.289	0.706795
-0.288	0.705795
-0.287	0.70462
-0.286	0.703269
-0.285	0.701743
-0.284	0.700045
-0.283	0.698175
-0.282	0.696136
-0.281	0.693932
-0.28	0.691559
-0.279	0.689027
-0.278	0.686333
-0.277	0.683484
-0.276	0.680477
-0.275	0.67732
-0.274	0.674013
-0.273	0.670562
-0.272	0.666968
-0.271	0.663235
-0.27	0.659368
-0.269	0.655369
-0.268	0.651242
-0.267	0.646991
-0.266	0.642623
-0.265	0.638136
-0.264	0.633541
-0.263	0.628837
-0.262	0.624032
-0.261	0.619129
-0.26	0.614134
-0.259	0.609049
-0.258	0.603883
-0.257	0.598637
-0.256	0.593318
-0.255	0.58793
-0.254	0.58248
-0.253	0.576971
-0.252	0.571409
-0.251	0.565801
-0.25	0.560148
-0.249	0.55446
-0.248	0.548741
-0.247	0.542995
-0.246	0.537227
-0.245	0.531446
-0.244	0.525654
-0.243	0.51986
-0.242	0.514065
-0.241	0.508278
-0.24	0.502502
-0.239	0.496746
-0.238	0.491011
-0.237	0.485306
-0.236	0.479635
-0.235	0.474004
-0.234	0.468416
-0.233	0.46288
-0.232	0.457398
-0.231	0.451977
-0.23	0.446623
-0.229	0.441338
-0.228	0.436131
-0.227	0.431002
-0.226	0.425962
-0.225	0.42101
-0.224	0.416154
-0.223	0.411399
-0.222	0.406746
-0.221	0.402204
-0.22	0.397774
-0.219	0.393462
-0.218	0.389272
-0.217	0.385206
-0.216	0.381271
-0.215	0.377468
-0.214	0.373803
-0.213	0.370279
-0.212	0.366897
-0.211	0.363664
-0.21	0.360579
-0.209	0.35765
-0.208	0.354875
-0.207	0.352261
-0.206	0.349807
-0.205	0.347516
-0.204	0.345393
-0.203	0.343437
-0.202	0.341651
-0.201	0.340038
-0.2	0.338598
-0.199	0.337333
-0.198	0.336244
-0.197	0.335334
-0.196	0.334601
-0.195	0.334048
-0.194	0.333676
-0.193	0.333483
-0.192	0.333473
-0.191	0.333642
-0.19	0.333994
-0.189	0.334525
-0.188	0.335238
-0.187	0.336131
-0.186	0.337202
-0.185	0.338454
-0.184	0.339881
-0.183	0.341486
-0.182	0.343266
-0.181	0.345219
-0.18	0.347345
-0.179	0.349641
-0.178	0.352105
-0.177	0.354734
-0.176	0.357529
-0.175	0.360484
-0.174	0.363598
-0.173	0.366869
-0.172	0.370292
-0.171	0.373866
-0.17	0.377587
-0.169	0.381453
-0.168	0.385458
-0.167	0.389601
-0.166	0.393876
-0.165	0.398281
-0.164	0.402812
-0.163	0.407465
-0.162	0.412235
-0.161	0.417119
-0.16	0.42211
-0.159	0.427207
-0.158	0.432404
-0.157	0.437696
-0.156	0.443078
-0.155	0.448547
-0.154	0.454094
-0.153	0.45972
-0.152	0.465417
-0.151	0.471178
-0.15	0.477
-0.149	0.482878
-0.148	0.488806
-0.147	0.494778
-0.146	0.500791
-0.145	0.506837
-0.144	0.512913
-0.143	0.519012
-0.142	0.525128
-0.141	0.531257
-0.14	0.537392
-0.139	0.543529
-0.138	0.549663
-0.137	0.555786
-0.136	0.561894
-0.135	0.567982
-0.134	0.574045
-0.133	0.580074
-0.132	0.586067
-0.131	0.592019
-0.13	0.597922
-0.129	0.603773
-0.128	0.609567
-0.127	0.615296
-0.126	0.620957
-0.125	0.626545
-0.124	0.632054
-0.123	0.637481
-0.122	0.642819
-0.121	0.648064
-0.12	0.653212
-0.119	0.658258
-0.118	0.663196
-0.117	0.668024
-0.116	0.672737
-0.115	0.67733
-0.114	0.681799
-0.113	0.686141
-0.112	0.690352
-0.111	0.694427
-0.11	0.698364
-0.109	0.702157
-0.108	0.705808
-0.107	0.709308
-0.106	0.712656
-0.105	0.715851
-0.104	0.718887
-0.103	0.721762
-0.102	0.724477
-0.101	0.727026
-0.1	0.729408
