-4	3.43467e-011
-3.999	3.42544e-011
-3.998	3.42609e-011
-3.997	3.42536e-011
-3.996	3.41628e-011
-3.995	3.418e-011
-3.994	3.42112e-011
-3.993	3.40967e-011
-3.992	3.4157e-011
-3.991	3.42915e-011
-3.99	3.41832e-011
-3.989	3.4096e-011
-3.988	3.41149e-011
-3.987	3.40498e-011
-3.986	3.39775e-011
-3.985	3.39796e-011
-3.984	3.39022e-011
-3.983	3.37126e-011
-3.982	3.36839e-011
-3.981	3.37574e-011
-3.98	3.36106e-011
-3.979	3.34537e-011
-3.978	3.34938e-011
-3.977	3.34631e-011
-3.976	3.33264e-011
-3.975	3.32344e-011
-3.974	3.317e-011
-3.973	3.31152e-011
-3.972	3.29945e-011
-3.971	3.2844e-011
-3.97	3.27655e-011
-3.969	3.26902e-011
-3.968	3.26369e-011
-3.967	3.24988e-011
-3.966	3.22487e-011
-3.965	3.21942e-011
-3.964	3.21795e-011
-3.963	3.20136e-011
-3.962	3.19239e-011
-3.961	3.18302e-011
-3.96	3.16573e-011
-3.959	3.15167e-011
-3.958	3.13958e-011
-3.957	3.1305e-011
-3.956	3.11458e-011
-3.955	3.09201e-011
-3.954	3.07918e-011
-3.953	3.06838e-011
-3.952	3.05615e-011
-3.951	3.04779e-011
-3.95	3.03419e-011
-3.949	3.01403e-011
-3.948	2.99409e-011
-3.947	2.97762e-011
-3.946	2.96142e-011
-3.945	2.94145e-011
-3.944	2.92599e-011
-3.943	2.91239e-011
-3.942	2.88892e-011
-3.941	2.87211e-011
-3.94	2.86417e-011
-3.939	2.8429e-011
-3.938	2.82463e-011
-3.937	2.81389e-011
-3.936	2.79259e-011
-3.935	2.78013e-011
-3.934	2.77104e-011
-3.933	2.74812e-011
-3.932	2.73281e-011
-3.931	2.72265e-011
-3.93	2.70417e-011
-3.929	2.68279e-011
-3.928	2.66305e-011
-3.927	2.64658e-011
-3.926	2.62712e-011
-3.925	2.60615e-011
-3.924	2.58412e-011
-3.923	2.55589e-011
-3.922	2.53856e-011
-3.921	2.5294e-011
-3.92	2.50673e-011
-3.919	2.48475e-011
-3.918	2.4671e-011
-3.917	2.44348e-011
-3.916	2.42909e-011
-3.915	2.4192e-011
-3.914	2.40406e-011
-3.913	2.3896e-011
-3.912	2.37045e-011
-3.911	2.35223e-011
-3.91	2.33933e-011
-3.909	2.32601e-011
-3.908	2.3081e-011
-3.907	2.27939e-011
-3.906	2.25743e-011
-3.905	2.24772e-011
-3.904	2.22689e-011
-3.903	2.20192e-011
-3.902	2.18537e-011
-3.901	2.1693e-011
-3.9	2.15815e-011
-3.899	2.15065e-011
-3.898	2.13568e-011
-3.897	2.11644e-011
-3.896	2.09201e-011
-3.895	2.0715e-011
-3.894	2.06759e-011
-3.893	2.05538e-011
-3.892	2.03103e-011
-3.891	2.01459e-011
-3.89	1.99588e-011
-3.889	1.98143e-011
-3.888	1.97187e-011
-3.887	1.94717e-011
-3.886	1.93183e-011
-3.885	1.92681e-011
-3.884	1.90392e-011
-3.883	1.88811e-011
-3.882	1.88386e-011
-3.881	1.86989e-011
-3.88	1.86068e-011
-3.879	1.85432e-011
-3.878	1.84121e-011
-3.877	1.83249e-011
-3.876	1.82329e-011
-3.875	1.80464e-011
-3.874	1.78781e-011
-3.873	1.78295e-011
-3.872	1.78038e-011
-3.871	1.76557e-011
-3.87	1.74316e-011
-3.869	1.73309e-011
-3.868	1.73101e-011
-3.867	1.71584e-011
-3.866	1.70295e-011
-3.865	1.70262e-011
-3.864	1.69014e-011
-3.863	1.67521e-011
-3.862	1.67709e-011
-3.861	1.6741e-011
-3.86	1.67072e-011
-3.859	1.67543e-011
-3.858	1.66291e-011
-3.857	1.65011e-011
-3.856	1.64422e-011
-3.855	1.62995e-011
-3.854	1.6293e-011
-3.853	1.63037e-011
-3.852	1.62453e-011
-3.851	1.62737e-011
-3.85	1.61759e-011
-3.849	1.60476e-011
-3.848	1.61043e-011
-3.847	1.60901e-011
-3.846	1.59693e-011
-3.845	1.6025e-011
-3.844	1.61155e-011
-3.843	1.60477e-011
-3.842	1.60513e-011
-3.841	1.60741e-011
-3.84	1.60318e-011
-3.839	1.60741e-011
-3.838	1.60784e-011
-3.837	1.60627e-011
-3.836	1.60979e-011
-3.835	1.60495e-011
-3.834	1.60356e-011
-3.833	1.61336e-011
-3.832	1.62093e-011
-3.831	1.62173e-011
-3.83	1.62399e-011
-3.829	1.63344e-011
-3.828	1.63611e-011
-3.827	1.63934e-011
-3.826	1.65309e-011
-3.825	1.65584e-011
-3.824	1.65706e-011
-3.823	1.66559e-011
-3.822	1.66761e-011
-3.821	1.67466e-011
-3.82	1.68734e-011
-3.819	1.69147e-011
-3.818	1.69687e-011
-3.817	1.70949e-011
-3.816	1.7179e-011
-3.815	1.72785e-011
-3.814	1.73819e-011
-3.813	1.74477e-011
-3.812	1.7562e-011
-3.811	1.76051e-011
-3.81	1.77022e-011
-3.809	1.78844e-011
-3.808	1.79733e-011
-3.807	1.81778e-011
-3.806	1.83054e-011
-3.805	1.83069e-011
-3.804	1.85047e-011
-3.803	1.85914e-011
-3.802	1.86142e-011
-3.801	1.88149e-011
-3.8	1.89301e-011
-3.799	1.90583e-011
-3.798	1.92675e-011
-3.797	1.94174e-011
-3.796	1.95807e-011
-3.795	1.97116e-011
-3.794	1.98524e-011
-3.793	1.99887e-011
-3.792	2.00919e-011
-3.791	2.0285e-011
-3.79	2.03964e-011
-3.789	2.05535e-011
-3.788	2.08344e-011
-3.787	2.094e-011
-3.786	2.10567e-011
-3.785	2.12553e-011
-3.784	2.1432e-011
-3.783	2.16041e-011
-3.782	2.17255e-011
-3.781	2.19053e-011
-3.78	2.20742e-011
-3.779	2.22697e-011
-3.778	2.24876e-011
-3.777	2.25758e-011
-3.776	2.28449e-011
-3.775	2.3066e-011
-3.774	2.30401e-011
-3.773	2.33039e-011
-3.772	2.36409e-011
-3.771	2.37572e-011
-3.77	2.38943e-011
-3.769	2.40862e-011
-3.768	2.43129e-011
-3.767	2.45386e-011
-3.766	2.47349e-011
-3.765	2.4832e-011
-3.764	2.49529e-011
-3.763	2.51923e-011
-3.762	2.53039e-011
-3.761	2.54706e-011
-3.76	2.57102e-011
-3.759	2.58285e-011
-3.758	2.60262e-011
-3.757	2.6222e-011
-3.756	2.64576e-011
-3.755	2.67205e-011
-3.754	2.68243e-011
-3.753	2.70276e-011
-3.752	2.72805e-011
-3.751	2.74447e-011
-3.75	2.76078e-011
-3.749	2.77721e-011
-3.748	2.80201e-011
-3.747	2.82596e-011
-3.746	2.84067e-011
-3.745	2.85178e-011
-3.744	2.86664e-011
-3.743	2.88832e-011
-3.742	2.90449e-011
-3.741	2.9188e-011
-3.74	2.94117e-011
-3.739	2.96045e-011
-3.738	2.96561e-011
-3.737	2.98016e-011
-3.736	3.00913e-011
-3.735	3.01292e-011
-3.734	3.01286e-011
-3.733	3.04243e-011
-3.732	3.06788e-011
-3.731	3.07472e-011
-3.73	3.08859e-011
-3.729	3.11699e-011
-3.728	3.13788e-011
-3.727	3.14789e-011
-3.726	3.16898e-011
-3.725	3.19171e-011
-3.724	3.20076e-011
-3.723	3.2063e-011
-3.722	3.21201e-011
-3.721	3.22713e-011
-3.72	3.24639e-011
-3.719	3.25241e-011
-3.718	3.26388e-011
-3.717	3.2769e-011
-3.716	3.28061e-011
-3.715	3.29398e-011
-3.714	3.31093e-011
-3.713	3.32679e-011
-3.712	3.34327e-011
-3.711	3.35155e-011
-3.71	3.35815e-011
-3.709	3.36926e-011
-3.708	3.37709e-011
-3.707	3.3806e-011
-3.706	3.39001e-011
-3.705	3.40172e-011
-3.704	3.41097e-011
-3.703	3.41864e-011
-3.702	3.4235e-011
-3.701	3.43124e-011
-3.7	3.43835e-011
-3.699	3.44014e-011
-3.698	3.44337e-011
-3.697	3.46288e-011
-3.696	3.47946e-011
-3.695	3.47012e-011
-3.694	3.47546e-011
-3.693	3.49398e-011
-3.692	3.48959e-011
-3.691	3.48322e-011
-3.69	3.4979e-011
-3.689	3.50824e-011
-3.688	3.48966e-011
-3.687	3.48451e-011
-3.686	3.49666e-011
-3.685	3.49431e-011
-3.684	3.5024e-011
-3.683	3.5139e-011
-3.682	3.51464e-011
-3.681	3.51782e-011
-3.68	3.51964e-011
-3.679	3.51671e-011
-3.678	3.51059e-011
-3.677	3.50455e-011
-3.676	3.49666e-011
-3.675	3.49438e-011
-3.674	3.4978e-011
-3.673	3.50073e-011
-3.672	3.50183e-011
-3.671	3.49092e-011
-3.67	3.48866e-011
-3.669	3.49348e-011
-3.668	3.48656e-011
-3.667	3.48146e-011
-3.666	3.46797e-011
-3.665	3.45451e-011
-3.664	3.45342e-011
-3.663	3.44132e-011
-3.662	3.4312e-011
-3.661	3.43731e-011
-3.66	3.43127e-011
-3.659	3.42297e-011
-3.658	3.42829e-011
-3.657	3.41752e-011
-3.656	3.40611e-011
-3.655	3.397e-011
-3.654	3.38e-011
-3.653	3.37962e-011
-3.652	3.36534e-011
-3.651	3.34666e-011
-3.65	3.34558e-011
-3.649	3.32988e-011
-3.648	3.3179e-011
-3.647	3.30733e-011
-3.646	3.2905e-011
-3.645	3.28868e-011
-3.644	3.27062e-011
-3.643	3.24696e-011
-3.642	3.25253e-011
-3.641	3.25292e-011
-3.64	3.24103e-011
-3.639	3.22143e-011
-3.638	3.19827e-011
-3.637	3.19387e-011
-3.636	3.17733e-011
-3.635	3.1515e-011
-3.634	3.14576e-011
-3.633	3.13591e-011
-3.632	3.10735e-011
-3.631	3.08425e-011
-3.63	3.08257e-011
-3.629	3.06665e-011
-3.628	3.0445e-011
-3.627	3.03853e-011
-3.626	3.01746e-011
-3.625	2.99856e-011
-3.624	2.98839e-011
-3.623	2.97246e-011
-3.622	2.95749e-011
-3.621	2.93567e-011
-3.62	2.92436e-011
-3.619	2.91706e-011
-3.618	2.89099e-011
-3.617	2.86596e-011
-3.616	2.85322e-011
-3.615	2.83864e-011
-3.614	2.8143e-011
-3.613	2.80002e-011
-3.612	2.78711e-011
-3.611	2.76187e-011
-3.61	2.74054e-011
-3.609	2.72302e-011
-3.608	2.70908e-011
-3.607	2.68371e-011
-3.606	2.66569e-011
-3.605	2.66309e-011
-3.604	2.63419e-011
-3.603	2.6203e-011
-3.602	2.61932e-011
-3.601	2.58428e-011
-3.6	2.55888e-011
-3.599	2.54629e-011
-3.598	2.52632e-011
-3.597	2.51165e-011
-3.596	2.49191e-011
-3.595	2.46547e-011
-3.594	2.44831e-011
-3.593	2.43431e-011
-3.592	2.4191e-011
-3.591	2.40659e-011
-3.59	2.38378e-011
-3.589	2.36873e-011
-3.588	2.35877e-011
-3.587	2.3361e-011
-3.586	2.31873e-011
-3.585	2.30114e-011
-3.584	2.28073e-011
-3.583	2.25746e-011
-3.582	2.24509e-011
-3.581	2.22588e-011
-3.58	2.19597e-011
-3.579	2.19207e-011
-3.578	2.17009e-011
-3.577	2.1438e-011
-3.576	2.14086e-011
-3.575	2.12495e-011
-3.574	2.10073e-011
-3.573	2.08762e-011
-3.572	2.08903e-011
-3.571	2.07591e-011
-3.57	2.05316e-011
-3.569	2.0423e-011
-3.568	2.02584e-011
-3.567	2.00993e-011
-3.566	2.00287e-011
-3.565	1.99186e-011
-3.564	1.97605e-011
-3.563	1.95118e-011
-3.562	1.94084e-011
-3.561	1.93837e-011
-3.56	1.91575e-011
-3.559	1.90704e-011
-3.558	1.89036e-011
-3.557	1.86392e-011
-3.556	1.85531e-011
-3.555	1.84867e-011
-3.554	1.83329e-011
-3.553	1.8122e-011
-3.552	1.81192e-011
-3.551	1.80416e-011
-3.55	1.79269e-011
-3.549	1.79389e-011
-3.548	1.77922e-011
-3.547	1.77346e-011
-3.546	1.76822e-011
-3.545	1.74919e-011
-3.544	1.74995e-011
-3.543	1.7483e-011
-3.542	1.72755e-011
-3.541	1.72392e-011
-3.54	1.71835e-011
-3.539	1.70693e-011
-3.538	1.70569e-011
-3.537	1.6933e-011
-3.536	1.68666e-011
-3.535	1.68466e-011
-3.534	1.67472e-011
-3.533	1.67642e-011
-3.532	1.67637e-011
-3.531	1.67079e-011
-3.53	1.67841e-011
-3.529	1.6769e-011
-3.528	1.65883e-011
-3.527	1.65168e-011
-3.526	1.65263e-011
-3.525	1.64532e-011
-3.524	1.64035e-011
-3.523	1.64112e-011
-3.522	1.63706e-011
-3.521	1.63425e-011
-3.52	1.64077e-011
-3.519	1.64358e-011
-3.518	1.64018e-011
-3.517	1.64741e-011
-3.516	1.65462e-011
-3.515	1.65546e-011
-3.514	1.65033e-011
-3.513	1.65461e-011
-3.512	1.66705e-011
-3.511	1.66102e-011
-3.51	1.66745e-011
-3.509	1.68005e-011
-3.508	1.67425e-011
-3.507	1.67458e-011
-3.506	1.67655e-011
-3.505	1.68057e-011
-3.504	1.69838e-011
-3.503	1.69678e-011
-3.502	1.69009e-011
-3.501	1.7081e-011
-3.5	1.71371e-011
-3.499	1.71256e-011
-3.498	1.72558e-011
-3.497	1.74101e-011
-3.496	1.74541e-011
-3.495	1.74701e-011
-3.494	1.76016e-011
-3.493	1.7714e-011
-3.492	1.77878e-011
-3.491	1.79223e-011
-3.49	1.80206e-011
-3.489	1.80831e-011
-3.488	1.82422e-011
-3.487	1.83431e-011
-3.486	1.83892e-011
-3.485	1.84556e-011
-3.484	1.85983e-011
-3.483	1.87112e-011
-3.482	1.87158e-011
-3.481	1.89288e-011
-3.48	1.9128e-011
-3.479	1.91801e-011
-3.478	1.93355e-011
-3.477	1.94705e-011
-3.476	1.95454e-011
-3.475	1.97556e-011
-3.474	1.99036e-011
-3.473	1.99434e-011
-3.472	2.01122e-011
-3.471	2.03009e-011
-3.47	2.04028e-011
-3.469	2.0536e-011
-3.468	2.07699e-011
-3.467	2.08145e-011
-3.466	2.09742e-011
-3.465	2.12731e-011
-3.464	2.13278e-011
-3.463	2.14324e-011
-3.462	2.15769e-011
-3.461	2.18039e-011
-3.46	2.20065e-011
-3.459	2.21387e-011
-3.458	2.23229e-011
-3.457	2.24896e-011
-3.456	2.26532e-011
-3.455	2.27389e-011
-3.454	2.29419e-011
-3.453	2.30628e-011
-3.452	2.31275e-011
-3.451	2.34557e-011
-3.45	2.35591e-011
-3.449	2.3659e-011
-3.448	2.39968e-011
-3.447	2.41094e-011
-3.446	2.42569e-011
-3.445	2.4477e-011
-3.444	2.46876e-011
-3.443	2.48677e-011
-3.442	2.49483e-011
-3.441	2.51575e-011
-3.44	2.52624e-011
-3.439	2.54112e-011
-3.438	2.56929e-011
-3.437	2.58706e-011
-3.436	2.60088e-011
-3.435	2.60939e-011
-3.434	2.63165e-011
-3.433	2.65463e-011
-3.432	2.66432e-011
-3.431	2.68544e-011
-3.43	2.70274e-011
-3.429	2.71517e-011
-3.428	2.73449e-011
-3.427	2.74747e-011
-3.426	2.76648e-011
-3.425	2.78281e-011
-3.424	2.79294e-011
-3.423	2.81462e-011
-3.422	2.83264e-011
-3.421	2.84363e-011
-3.42	2.86368e-011
-3.419	2.87959e-011
-3.418	2.89298e-011
-3.417	2.91603e-011
-3.416	2.9236e-011
-3.415	2.93988e-011
-3.414	2.95827e-011
-3.413	2.96536e-011
-3.412	2.98867e-011
-3.411	2.9977e-011
-3.41	2.99954e-011
-3.409	3.02055e-011
-3.408	3.04495e-011
-3.407	3.05952e-011
-3.406	3.07311e-011
-3.405	3.08569e-011
-3.404	3.09888e-011
-3.403	3.10817e-011
-3.402	3.12152e-011
-3.401	3.14483e-011
-3.4	3.14393e-011
-3.399	3.14778e-011
-3.398	3.164e-011
-3.397	3.17228e-011
-3.396	3.18086e-011
-3.395	3.18941e-011
-3.394	3.19301e-011
-3.393	3.20142e-011
-3.392	3.22459e-011
-3.391	3.23147e-011
-3.39	3.24824e-011
-3.389	3.2613e-011
-3.388	3.26435e-011
-3.387	3.28428e-011
-3.386	3.28829e-011
-3.385	3.30147e-011
-3.384	3.29839e-011
-3.383	3.29868e-011
-3.382	3.31573e-011
-3.381	3.31893e-011
-3.38	3.34441e-011
-3.379	3.33758e-011
-3.378	3.33401e-011
-3.377	3.35674e-011
-3.376	3.35139e-011
-3.375	3.35607e-011
-3.374	3.353e-011
-3.373	3.35536e-011
-3.372	3.36038e-011
-3.371	3.35009e-011
-3.37	3.36875e-011
-3.369	3.3669e-011
-3.368	3.36054e-011
-3.367	3.37979e-011
-3.366	3.38242e-011
-3.365	3.38524e-011
-3.364	3.38939e-011
-3.363	3.38638e-011
-3.362	3.3928e-011
-3.361	3.40764e-011
-3.36	3.40341e-011
-3.359	3.38955e-011
-3.358	3.38574e-011
-3.357	3.39054e-011
-3.356	3.38195e-011
-3.355	3.37661e-011
-3.354	3.38303e-011
-3.353	3.37479e-011
-3.352	3.37073e-011
-3.351	3.36969e-011
-3.35	3.37175e-011
-3.349	3.36758e-011
-3.348	3.3667e-011
-3.347	3.35623e-011
-3.346	3.3557e-011
-3.345	3.36034e-011
-3.344	3.34364e-011
-3.343	3.33799e-011
-3.342	3.32362e-011
-3.341	3.32664e-011
-3.34	3.3238e-011
-3.339	3.32227e-011
-3.338	3.31087e-011
-3.337	3.28638e-011
-3.336	3.28067e-011
-3.335	3.26455e-011
-3.334	3.27066e-011
-3.333	3.25484e-011
-3.332	3.25061e-011
-3.331	3.26241e-011
-3.33	3.25351e-011
-3.329	3.24908e-011
-3.328	3.22771e-011
-3.327	3.21705e-011
-3.326	3.2115e-011
-3.325	3.19054e-011
-3.324	3.16576e-011
-3.323	3.15944e-011
-3.322	3.15165e-011
-3.321	3.14585e-011
-3.32	3.12622e-011
-3.319	3.1222e-011
-3.318	3.12293e-011
-3.317	3.09908e-011
-3.316	3.09958e-011
-3.315	3.06628e-011
-3.314	3.06399e-011
-3.313	3.06057e-011
-3.312	3.03175e-011
-3.311	3.02686e-011
-3.31	3.00438e-011
-3.309	2.98473e-011
-3.308	2.97931e-011
-3.307	2.97808e-011
-3.306	2.95214e-011
-3.305	2.94482e-011
-3.304	2.92532e-011
-3.303	2.90449e-011
-3.302	2.8953e-011
-3.301	2.86899e-011
-3.3	2.85566e-011
-3.299	2.84266e-011
-3.298	2.83394e-011
-3.297	2.81281e-011
-3.296	2.79509e-011
-3.295	2.78691e-011
-3.294	2.76946e-011
-3.293	2.7521e-011
-3.292	2.74676e-011
-3.291	2.72252e-011
-3.29	2.71049e-011
-3.289	2.69504e-011
-3.288	2.66142e-011
-3.287	2.66815e-011
-3.286	2.64442e-011
-3.285	2.61988e-011
-3.284	2.62073e-011
-3.283	2.5926e-011
-3.282	2.56798e-011
-3.281	2.5556e-011
-3.28	2.53076e-011
-3.279	2.52171e-011
-3.278	2.50992e-011
-3.277	2.48672e-011
-3.276	2.48357e-011
-3.275	2.47375e-011
-3.274	2.45813e-011
-3.273	2.43882e-011
-3.272	2.42453e-011
-3.271	2.40074e-011
-3.27	2.37713e-011
-3.269	2.36782e-011
-3.268	2.34545e-011
-3.267	2.33898e-011
-3.266	2.32353e-011
-3.265	2.29861e-011
-3.264	2.29033e-011
-3.263	2.27426e-011
-3.262	2.25269e-011
-3.261	2.23455e-011
-3.26	2.22466e-011
-3.259	2.21773e-011
-3.258	2.20425e-011
-3.257	2.17977e-011
-3.256	2.16891e-011
-3.255	2.15554e-011
-3.254	2.15032e-011
-3.253	2.1333e-011
-3.252	2.12015e-011
-3.251	2.10196e-011
-3.25	2.08382e-011
-3.249	2.08384e-011
-3.248	2.04995e-011
-3.247	2.05608e-011
-3.246	2.03147e-011
-3.245	2.01265e-011
-3.244	2.01406e-011
-3.243	1.99866e-011
-3.242	1.9828e-011
-3.241	1.96387e-011
-3.24	1.96097e-011
-3.239	1.94176e-011
-3.238	1.9383e-011
-3.237	1.93885e-011
-3.236	1.926e-011
-3.235	1.90014e-011
-3.234	1.89757e-011
-3.233	1.88998e-011
-3.232	1.88163e-011
-3.231	1.86553e-011
-3.23	1.85305e-011
-3.229	1.85039e-011
-3.228	1.8389e-011
-3.227	1.83461e-011
-3.226	1.82751e-011
-3.225	1.82129e-011
-3.224	1.81082e-011
-3.223	1.80587e-011
-3.222	1.79464e-011
-3.221	1.80317e-011
-3.22	1.79219e-011
-3.219	1.77724e-011
-3.218	1.77637e-011
-3.217	1.76287e-011
-3.216	1.75818e-011
-3.215	1.74499e-011
-3.214	1.74226e-011
-3.213	1.7407e-011
-3.212	1.72945e-011
-3.211	1.73125e-011
-3.21	1.72234e-011
-3.209	1.72104e-011
-3.208	1.7313e-011
-3.207	1.72594e-011
-3.206	1.71903e-011
-3.205	1.72733e-011
-3.204	1.72137e-011
-3.203	1.72955e-011
-3.202	1.72707e-011
-3.201	1.71307e-011
-3.2	1.72804e-011
-3.199	1.71184e-011
-3.198	1.7187e-011
-3.197	1.72392e-011
-3.196	1.72346e-011
-3.195	1.71286e-011
-3.194	1.72168e-011
-3.193	1.72381e-011
-3.192	1.71421e-011
-3.191	1.72848e-011
-3.19	1.71764e-011
-3.189	1.72133e-011
-3.188	1.72039e-011
-3.187	1.73105e-011
-3.186	1.7296e-011
-3.185	1.74084e-011
-3.184	1.73676e-011
-3.183	1.75086e-011
-3.182	1.76871e-011
-3.181	1.76312e-011
-3.18	1.77614e-011
-3.179	1.77635e-011
-3.178	1.78193e-011
-3.177	1.78021e-011
-3.176	1.7981e-011
-3.175	1.7914e-011
-3.174	1.80228e-011
-3.173	1.80618e-011
-3.172	1.80373e-011
-3.171	1.83214e-011
-3.17	1.83075e-011
-3.169	1.83976e-011
-3.168	1.86559e-011
-3.167	1.86868e-011
-3.166	1.86806e-011
-3.165	1.88308e-011
-3.164	1.88722e-011
-3.163	1.89377e-011
-3.162	1.9088e-011
-3.161	1.90855e-011
-3.16	1.91858e-011
-3.159	1.93211e-011
-3.158	1.9406e-011
-3.157	1.95005e-011
-3.156	1.95407e-011
-3.155	1.97397e-011
-3.154	1.98072e-011
-3.153	2.00011e-011
-3.152	2.00753e-011
-3.151	2.0255e-011
-3.15	2.04341e-011
-3.149	2.04784e-011
-3.148	2.06548e-011
-3.147	2.07611e-011
-3.146	2.08866e-011
-3.145	2.10077e-011
-3.144	2.11058e-011
-3.143	2.12329e-011
-3.142	2.13981e-011
-3.141	2.15073e-011
-3.14	2.15994e-011
-3.139	2.17601e-011
-3.138	2.19204e-011
-3.137	2.19812e-011
-3.136	2.22557e-011
-3.135	2.22369e-011
-3.134	2.2405e-011
-3.133	2.25249e-011
-3.132	2.27072e-011
-3.131	2.28449e-011
-3.13	2.291e-011
-3.129	2.32987e-011
-3.128	2.33271e-011
-3.127	2.34805e-011
-3.126	2.3679e-011
-3.125	2.37307e-011
-3.124	2.38234e-011
-3.123	2.40921e-011
-3.122	2.41416e-011
-3.121	2.43221e-011
-3.12	2.44622e-011
-3.119	2.45197e-011
-3.118	2.46607e-011
-3.117	2.47418e-011
-3.116	2.50157e-011
-3.115	2.51372e-011
-3.114	2.52707e-011
-3.113	2.5386e-011
-3.112	2.55792e-011
-3.111	2.56558e-011
-3.11	2.59052e-011
-3.109	2.61065e-011
-3.108	2.61135e-011
-3.107	2.63626e-011
-3.106	2.64111e-011
-3.105	2.65807e-011
-3.104	2.67528e-011
-3.103	2.67687e-011
-3.102	2.6962e-011
-3.101	2.71054e-011
-3.1	2.71711e-011
-3.099	2.72582e-011
-3.098	2.73953e-011
-3.097	2.7634e-011
-3.096	2.77836e-011
-3.095	2.79511e-011
-3.094	2.80227e-011
-3.093	2.82289e-011
-3.092	2.83465e-011
-3.091	2.82808e-011
-3.09	2.85255e-011
-3.089	2.86284e-011
-3.088	2.86127e-011
-3.087	2.87388e-011
-3.086	2.89043e-011
-3.085	2.90657e-011
-3.084	2.90862e-011
-3.083	2.93055e-011
-3.082	2.94286e-011
-3.081	2.94417e-011
-3.08	2.96612e-011
-3.079	2.97154e-011
-3.078	2.98734e-011
-3.077	2.97718e-011
-3.076	2.98973e-011
-3.075	3.01109e-011
-3.074	3.01605e-011
-3.073	3.02339e-011
-3.072	3.03723e-011
-3.071	3.03747e-011
-3.07	3.04492e-011
-3.069	3.06803e-011
-3.068	3.05576e-011
-3.067	3.08769e-011
-3.066	3.07574e-011
-3.065	3.09079e-011
-3.064	3.09691e-011
-3.063	3.09881e-011
-3.062	3.10023e-011
-3.061	3.10136e-011
-3.06	3.11885e-011
-3.059	3.10856e-011
-3.058	3.13396e-011
-3.057	3.12778e-011
-3.056	3.13093e-011
-3.055	3.14605e-011
-3.054	3.1547e-011
-3.053	3.1512e-011
-3.052	3.13641e-011
-3.051	3.16301e-011
-3.05	3.15734e-011
-3.049	3.16362e-011
-3.048	3.16155e-011
-3.047	3.16432e-011
-3.046	3.16718e-011
-3.045	3.16924e-011
-3.044	3.17229e-011
-3.043	3.18331e-011
-3.042	3.18558e-011
-3.041	3.18279e-011
-3.04	3.20335e-011
-3.039	3.22981e-011
-3.038	3.2399e-011
-3.037	3.26663e-011
-3.036	3.27824e-011
-3.035	3.30782e-011
-3.034	3.34011e-011
-3.033	3.37089e-011
-3.032	3.3959e-011
-3.031	3.43993e-011
-3.03	3.48181e-011
-3.029	3.54054e-011
-3.028	3.58607e-011
-3.027	3.66189e-011
-3.026	3.74397e-011
-3.025	3.80543e-011
-3.024	3.8967e-011
-3.023	3.97e-011
-3.022	4.08508e-011
-3.021	4.17422e-011
-3.02	4.29029e-011
-3.019	4.41408e-011
-3.018	4.54557e-011
-3.017	4.69134e-011
-3.016	4.86184e-011
-3.015	5.00523e-011
-3.014	5.18097e-011
-3.013	5.37756e-011
-3.012	5.56879e-011
-3.011	5.775e-011
-3.01	5.96176e-011
-3.009	6.24702e-011
-3.008	6.4847e-011
-3.007	6.76373e-011
-3.006	7.01608e-011
-3.005	7.33203e-011
-3.004	7.6749e-011
-3.003	8.00096e-011
-3.002	8.37966e-011
-3.001	8.78976e-011
-3	9.20165e-011
-2.999	9.61715e-011
-2.998	1.01467e-010
-2.997	1.06008e-010
-2.996	1.1132e-010
-2.995	1.16789e-010
-2.994	1.22889e-010
-2.993	1.29064e-010
-2.992	1.35514e-010
-2.991	1.42274e-010
-2.99	1.49531e-010
-2.989	1.57033e-010
-2.988	1.6481e-010
-2.987	1.7366e-010
-2.986	1.82841e-010
-2.985	1.92275e-010
-2.984	2.02805e-010
-2.983	2.13329e-010
-2.982	2.24345e-010
-2.981	2.36861e-010
-2.98	2.48095e-010
-2.979	2.6195e-010
-2.978	2.75376e-010
-2.977	2.89742e-010
-2.976	3.04603e-010
-2.975	3.2111e-010
-2.974	3.38309e-010
-2.973	3.55092e-010
-2.972	3.74769e-010
-2.971	3.93448e-010
-2.97	4.1407e-010
-2.969	4.36232e-010
-2.968	4.58247e-010
-2.967	4.82609e-010
-2.966	5.07644e-010
-2.965	5.35077e-010
-2.964	5.62838e-010
-2.963	5.91649e-010
-2.962	6.24134e-010
-2.961	6.54827e-010
-2.96	6.8995e-010
-2.959	7.24722e-010
-2.958	7.63313e-010
-2.957	8.02607e-010
-2.956	8.43672e-010
-2.955	8.88314e-010
-2.954	9.33115e-010
-2.953	9.81935e-010
-2.952	1.03116e-009
-2.951	1.08596e-009
-2.95	1.14116e-009
-2.949	1.2004e-009
-2.948	1.26087e-009
-2.947	1.32513e-009
-2.946	1.39457e-009
-2.945	1.46431e-009
-2.944	1.54126e-009
-2.943	1.61926e-009
-2.942	1.7022e-009
-2.941	1.79068e-009
-2.94	1.87963e-009
-2.939	1.97859e-009
-2.938	2.07682e-009
-2.937	2.18426e-009
-2.936	2.2954e-009
-2.935	2.41079e-009
-2.934	2.53589e-009
-2.933	2.66229e-009
-2.932	2.80136e-009
-2.931	2.93975e-009
-2.93	3.09181e-009
-2.929	3.24787e-009
-2.928	3.41311e-009
-2.927	3.58619e-009
-2.926	3.76704e-009
-2.925	3.96066e-009
-2.924	4.1591e-009
-2.923	4.37278e-009
-2.922	4.5929e-009
-2.921	4.82385e-009
-2.92	5.06938e-009
-2.919	5.32551e-009
-2.918	5.59569e-009
-2.917	5.88076e-009
-2.916	6.17732e-009
-2.915	6.4923e-009
-2.914	6.82012e-009
-2.913	7.1648e-009
-2.912	7.52704e-009
-2.911	7.90926e-009
-2.91	8.30856e-009
-2.909	8.72837e-009
-2.908	9.16817e-009
-2.907	9.63557e-009
-2.906	1.01243e-008
-2.905	1.06363e-008
-2.904	1.11762e-008
-2.903	1.17384e-008
-2.902	1.23324e-008
-2.901	1.29547e-008
-2.9	1.36119e-008
-2.899	1.42968e-008
-2.898	1.50208e-008
-2.897	1.57807e-008
-2.896	1.65799e-008
-2.895	1.74156e-008
-2.894	1.83028e-008
-2.893	1.92261e-008
-2.892	2.01947e-008
-2.891	2.12282e-008
-2.89	2.22896e-008
-2.889	2.34241e-008
-2.888	2.46063e-008
-2.887	2.58481e-008
-2.886	2.71631e-008
-2.885	2.85286e-008
-2.884	2.99771e-008
-2.883	3.14945e-008
-2.882	3.30861e-008
-2.881	3.47653e-008
-2.88	3.65163e-008
-2.879	3.83759e-008
-2.878	4.03126e-008
-2.877	4.23516e-008
-2.876	4.44986e-008
-2.875	4.67511e-008
-2.874	4.91133e-008
-2.873	5.16031e-008
-2.872	5.42112e-008
-2.871	5.69604e-008
-2.87	5.9837e-008
-2.869	6.28633e-008
-2.868	6.60598e-008
-2.867	6.93891e-008
-2.866	7.29151e-008
-2.865	7.65922e-008
-2.864	8.04818e-008
-2.863	8.45413e-008
-2.862	8.88384e-008
-2.861	9.33324e-008
-2.86	9.80544e-008
-2.859	1.03018e-007
-2.858	1.08233e-007
-2.857	1.13719e-007
-2.856	1.19463e-007
-2.855	1.25523e-007
-2.854	1.31859e-007
-2.853	1.38549e-007
-2.852	1.4556e-007
-2.851	1.52926e-007
-2.85	1.60678e-007
-2.849	1.68807e-007
-2.848	1.77362e-007
-2.847	1.86333e-007
-2.846	1.95773e-007
-2.845	2.05682e-007
-2.844	2.16082e-007
-2.843	2.27036e-007
-2.842	2.38519e-007
-2.841	2.5058e-007
-2.84	2.63285e-007
-2.839	2.7659e-007
-2.838	2.90609e-007
-2.837	3.05306e-007
-2.836	3.20765e-007
-2.835	3.37013e-007
-2.834	3.54054e-007
-2.833	3.72007e-007
-2.832	3.90805e-007
-2.831	4.10606e-007
-2.83	4.3138e-007
-2.829	4.532e-007
-2.828	4.76143e-007
-2.827	5.00219e-007
-2.826	5.25554e-007
-2.825	5.52121e-007
-2.824	5.80053e-007
-2.823	6.09412e-007
-2.822	6.4021e-007
-2.821	6.72632e-007
-2.82	7.06626e-007
-2.819	7.42431e-007
-2.818	7.79942e-007
-2.817	8.19404e-007
-2.816	8.60881e-007
-2.815	9.04419e-007
-2.814	9.50173e-007
-2.813	9.9823e-007
-2.812	1.04872e-006
-2.811	1.10177e-006
-2.81	1.15751e-006
-2.809	1.21607e-006
-2.808	1.27753e-006
-2.807	1.34218e-006
-2.806	1.41006e-006
-2.805	1.48133e-006
-2.804	1.55631e-006
-2.803	1.63497e-006
-2.802	1.71773e-006
-2.801	1.80452e-006
-2.8	1.89582e-006
-2.799	1.99164e-006
-2.798	2.09242e-006
-2.797	2.19816e-006
-2.796	2.30939e-006
-2.795	2.42616e-006
-2.794	2.54873e-006
-2.793	2.67782e-006
-2.792	2.81299e-006
-2.791	2.95545e-006
-2.79	3.10475e-006
-2.789	3.26177e-006
-2.788	3.42677e-006
-2.787	3.59992e-006
-2.786	3.78212e-006
-2.785	3.97327e-006
-2.784	4.17428e-006
-2.783	4.38531e-006
-2.782	4.60696e-006
-2.781	4.84011e-006
-2.78	5.0847e-006
-2.779	5.34198e-006
-2.778	5.612e-006
-2.777	5.89592e-006
-2.776	6.19411e-006
-2.775	6.50732e-006
-2.774	6.8365e-006
-2.773	7.18216e-006
-2.772	7.54555e-006
-2.771	7.92717e-006
-2.77	8.32813e-006
-2.769	8.74937e-006
-2.768	9.19191e-006
-2.767	9.65686e-006
-2.766	1.01454e-005
-2.765	1.06585e-005
-2.764	1.11978e-005
-2.763	1.17643e-005
-2.762	1.23594e-005
-2.761	1.29847e-005
-2.76	1.36417e-005
-2.759	1.43317e-005
-2.758	1.50572e-005
-2.757	1.58189e-005
-2.756	1.66194e-005
-2.755	1.74605e-005
-2.754	1.83438e-005
-2.753	1.92724e-005
-2.752	2.02475e-005
-2.751	2.12723e-005
-2.75	2.23489e-005
-2.749	2.34801e-005
-2.748	2.46686e-005
-2.747	2.5917e-005
-2.746	2.72291e-005
-2.745	2.86074e-005
-2.744	3.00553e-005
-2.743	3.1577e-005
-2.742	3.31755e-005
-2.741	3.4855e-005
-2.74	3.66196e-005
-2.739	3.84739e-005
-2.738	4.04216e-005
-2.737	4.24683e-005
-2.736	4.46187e-005
-2.735	4.68778e-005
-2.734	4.92517e-005
-2.733	5.17458e-005
-2.732	5.43662e-005
-2.731	5.71191e-005
-2.73	6.00121e-005
-2.729	6.30514e-005
-2.728	6.62438e-005
-2.727	6.95997e-005
-2.726	7.31239e-005
-2.725	7.68276e-005
-2.724	8.07188e-005
-2.723	8.48069e-005
-2.722	8.91024e-005
-2.721	9.36154e-005
-2.72	9.8357e-005
-2.719	0.000103339
-2.718	0.000108573
-2.717	0.000114073
-2.716	0.000119851
-2.715	0.000125922
-2.714	0.0001323
-2.713	0.000138814
-2.712	0.000145453
-2.711	0.000152208
-2.71	0.000159069
-2.709	0.000166027
-2.708	0.00017307
-2.707	0.000180188
-2.706	0.000187371
-2.705	0.000194608
-2.704	0.000201888
-2.703	0.000209201
-2.702	0.000216537
-2.701	0.000223883
-2.7	0.00023123
-2.699	0.000238566
-2.698	0.000245881
-2.697	0.000253164
-2.696	0.000260403
-2.695	0.00026759
-2.694	0.000274712
-2.693	0.000281759
-2.692	0.000288722
-2.691	0.00029559
-2.69	0.000302352
-2.689	0.000309
-2.688	0.000315523
-2.687	0.000321912
-2.686	0.000328157
-2.685	0.000334249
-2.684	0.00034018
-2.683	0.000345941
-2.682	0.000351524
-2.681	0.00035692
-2.68	0.000362123
-2.679	0.000367125
-2.678	0.000371918
-2.677	0.000376496
-2.676	0.000380852
-2.675	0.00038498
-2.674	0.000388875
-2.673	0.000392531
-2.672	0.000395943
-2.671	0.000399108
-2.67	0.00040202
-2.669	0.000404675
-2.668	0.000407071
-2.667	0.000409205
-2.666	0.000411073
-2.665	0.000412675
-2.664	0.000414007
-2.663	0.000415069
-2.662	0.00041586
-2.661	0.00041638
-2.66	0.000416628
-2.659	0.000416605
-2.658	0.000416311
-2.657	0.000415749
-2.656	0.000414919
-2.655	0.000413824
-2.654	0.000412467
-2.653	0.000410851
-2.652	0.000408978
-2.651	0.000406853
-2.65	0.000404479
-2.649	0.000401861
-2.648	0.000399006
-2.647	0.000395916
-2.646	0.000392599
-2.645	0.000389061
-2.644	0.000385307
-2.643	0.000381345
-2.642	0.000377181
-2.641	0.000372824
-2.64	0.00036828
-2.639	0.000363558
-2.638	0.000358666
-2.637	0.000353613
-2.636	0.000348407
-2.635	0.000343058
-2.634	0.000337574
-2.633	0.000331966
-2.632	0.000326243
-2.631	0.000320415
-2.63	0.000314491
-2.629	0.000308483
-2.628	0.0003024
-2.627	0.000296254
-2.626	0.000290053
-2.625	0.00028381
-2.624	0.000277535
-2.623	0.000271238
-2.622	0.000264931
-2.621	0.000258624
-2.62	0.000252329
-2.619	0.000246055
-2.618	0.000239815
-2.617	0.000233617
-2.616	0.000227474
-2.615	0.000221395
-2.614	0.000215392
-2.613	0.000209475
-2.612	0.000203653
-2.611	0.000197938
-2.61	0.000192339
-2.609	0.000186865
-2.608	0.000181526
-2.607	0.000176333
-2.606	0.000171293
-2.605	0.000166416
-2.604	0.00016171
-2.603	0.000157185
-2.602	0.000152846
-2.601	0.000148704
-2.6	0.000144765
-2.599	0.000141037
-2.598	0.000137525
-2.597	0.000134238
-2.596	0.000131181
-2.595	0.000128359
-2.594	0.000125779
-2.593	0.000123446
-2.592	0.000121363
-2.591	0.000119536
-2.59	0.000117969
-2.589	0.000116664
-2.588	0.000115626
-2.587	0.000114857
-2.586	0.000114358
-2.585	0.000114132
-2.584	0.000114181
-2.583	0.000114505
-2.582	0.000115105
-2.581	0.000115981
-2.58	0.000117133
-2.579	0.000118561
-2.578	0.000120262
-2.577	0.000122236
-2.576	0.000124481
-2.575	0.000126994
-2.574	0.000129772
-2.573	0.000132812
-2.572	0.000136111
-2.571	0.000139664
-2.57	0.000143467
-2.569	0.000147516
-2.568	0.000151805
-2.567	0.000156328
-2.566	0.00016108
-2.565	0.000166054
-2.564	0.000171244
-2.563	0.000176643
-2.562	0.000182243
-2.561	0.000188038
-2.56	0.000194018
-2.559	0.000200176
-2.558	0.000206504
-2.557	0.000212992
-2.556	0.000219632
-2.555	0.000226415
-2.554	0.000233332
-2.553	0.000240371
-2.552	0.000247525
-2.551	0.000254783
-2.55	0.000262134
-2.549	0.000269568
-2.548	0.000277076
-2.547	0.000284646
-2.546	0.000292268
-2.545	0.000299932
-2.544	0.000307627
-2.543	0.000315341
-2.542	0.000323064
-2.541	0.000330785
-2.54	0.000338494
-2.539	0.000346179
-2.538	0.000353831
-2.537	0.000361438
-2.536	0.000368989
-2.535	0.000376475
-2.534	0.000383884
-2.533	0.000391207
-2.532	0.000398433
-2.531	0.000405553
-2.53	0.000412557
-2.529	0.000419435
-2.528	0.000426177
-2.527	0.000432774
-2.526	0.000439218
-2.525	0.0004455
-2.524	0.000451612
-2.523	0.000457544
-2.522	0.000463289
-2.521	0.000468841
-2.52	0.000474191
-2.519	0.000479332
-2.518	0.000484258
-2.517	0.000488963
-2.516	0.00049344
-2.515	0.000497684
-2.514	0.00050169
-2.513	0.000505453
-2.512	0.000508969
-2.511	0.000512233
-2.51	0.000515242
-2.509	0.000517994
-2.508	0.000520484
-2.507	0.00052271
-2.506	0.000524671
-2.505	0.000526364
-2.504	0.00052779
-2.503	0.000528946
-2.502	0.000529833
-2.501	0.000530451
-2.5	0.000530801
-2.499	0.000530883
-2.498	0.000530699
-2.497	0.000530251
-2.496	0.000529541
-2.495	0.000528572
-2.494	0.000527346
-2.493	0.000525867
-2.492	0.000524139
-2.491	0.000522166
-2.49	0.000519955
-2.489	0.000517509
-2.488	0.000514832
-2.487	0.000511932
-2.486	0.000508815
-2.485	0.000505487
-2.484	0.000501955
-2.483	0.000498225
-2.482	0.000494307
-2.481	0.000490206
-2.48	0.000485933
-2.479	0.000481493
-2.478	0.000476897
-2.477	0.000472153
-2.476	0.00046727
-2.475	0.000462259
-2.474	0.000457127
-2.473	0.000451884
-2.472	0.000446542
-2.471	0.00044111
-2.47	0.000435596
-2.469	0.000430015
-2.468	0.000424373
-2.467	0.000418682
-2.466	0.000412954
-2.465	0.000407198
-2.464	0.000401426
-2.463	0.000395647
-2.462	0.000389874
-2.461	0.000384116
-2.46	0.000378385
-2.459	0.000372691
-2.458	0.000367044
-2.457	0.000361456
-2.456	0.000355937
-2.455	0.000350497
-2.454	0.000345147
-2.453	0.000339897
-2.452	0.000334756
-2.451	0.000329734
-2.45	0.000324843
-2.449	0.000320089
-2.448	0.000315484
-2.447	0.000311036
-2.446	0.000306753
-2.445	0.000302644
-2.444	0.000298718
-2.443	0.000294982
-2.442	0.000291444
-2.441	0.000288112
-2.44	0.000284993
-2.439	0.000282092
-2.438	0.000279417
-2.437	0.000276974
-2.436	0.000274768
-2.435	0.000272804
-2.434	0.000271088
-2.433	0.000269625
-2.432	0.000268417
-2.431	0.00026747
-2.43	0.000266785
-2.429	0.000266367
-2.428	0.000266219
-2.427	0.000266341
-2.426	0.000266736
-2.425	0.000267404
-2.424	0.000268348
-2.423	0.000269566
-2.422	0.00027106
-2.421	0.000272829
-2.42	0.000274872
-2.419	0.000277188
-2.418	0.000279775
-2.417	0.000282631
-2.416	0.000285753
-2.415	0.000289139
-2.414	0.000292785
-2.413	0.000296688
-2.412	0.000300842
-2.411	0.000305245
-2.41	0.00030989
-2.409	0.000314773
-2.408	0.000319889
-2.407	0.00032523
-2.406	0.000330792
-2.405	0.000336565
-2.404	0.000342545
-2.403	0.000348724
-2.402	0.000355094
-2.401	0.000361646
-2.4	0.000368374
-2.399	0.000375268
-2.398	0.00038232
-2.397	0.000389521
-2.396	0.000396861
-2.395	0.000404331
-2.394	0.000411923
-2.393	0.000419625
-2.392	0.000427429
-2.391	0.000435323
-2.39	0.000443298
-2.389	0.000451343
-2.388	0.000459448
-2.387	0.000467603
-2.386	0.000475796
-2.385	0.000484018
-2.384	0.000492256
-2.383	0.000500502
-2.382	0.000508745
-2.381	0.000516972
-2.38	0.000525175
-2.379	0.000533342
-2.378	0.000541462
-2.377	0.000549526
-2.376	0.000557522
-2.375	0.000565442
-2.374	0.000573274
-2.373	0.00058101
-2.372	0.000588638
-2.371	0.00059615
-2.37	0.000603534
-2.369	0.000610784
-2.368	0.000617889
-2.367	0.000624842
-2.366	0.000631633
-2.365	0.000638254
-2.364	0.000644698
-2.363	0.000650956
-2.362	0.000657021
-2.361	0.000662887
-2.36	0.000668546
-2.359	0.000673992
-2.358	0.000679218
-2.357	0.000684221
-2.356	0.000688993
-2.355	0.000693529
-2.354	0.000697827
-2.353	0.000701881
-2.352	0.000705687
-2.351	0.000709243
-2.35	0.000712543
-2.349	0.000715588
-2.348	0.000718373
-2.347	0.000720898
-2.346	0.000723162
-2.345	0.000725162
-2.344	0.000726898
-2.343	0.000728372
-2.342	0.000729582
-2.341	0.000730529
-2.34	0.000731215
-2.339	0.000731641
-2.338	0.000731812
-2.337	0.000731726
-2.336	0.000731388
-2.335	0.000730799
-2.334	0.000729966
-2.333	0.000728892
-2.332	0.000727579
-2.331	0.000726034
-2.33	0.000724264
-2.329	0.000722271
-2.328	0.000720062
-2.327	0.000717644
-2.326	0.000715023
-2.325	0.000712206
-2.324	0.0007092
-2.323	0.000706012
-2.322	0.00070265
-2.321	0.000699124
-2.32	0.00069544
-2.319	0.000691608
-2.318	0.000687636
-2.317	0.000683533
-2.316	0.00067931
-2.315	0.000674975
-2.314	0.000670537
-2.313	0.000666006
-2.312	0.000661393
-2.311	0.000656708
-2.31	0.000651961
-2.309	0.000647162
-2.308	0.000642322
-2.307	0.00063745
-2.306	0.000632559
-2.305	0.000627657
-2.304	0.000622756
-2.303	0.000617868
-2.302	0.000613001
-2.301	0.000608167
-2.3	0.000603376
-2.299	0.000598638
-2.298	0.000593965
-2.297	0.000589366
-2.296	0.000584851
-2.295	0.00058043
-2.294	0.000576114
-2.293	0.000571912
-2.292	0.000567834
-2.291	0.00056389
-2.29	0.000560086
-2.289	0.000556435
-2.288	0.000552943
-2.287	0.000549619
-2.286	0.000546472
-2.285	0.000543511
-2.284	0.000540742
-2.283	0.000538172
-2.282	0.000535808
-2.281	0.000533659
-2.28	0.000531729
-2.279	0.000530025
-2.278	0.000528553
-2.277	0.000527319
-2.276	0.000526326
-2.275	0.00052558
-2.274	0.000525085
-2.273	0.000524845
-2.272	0.000524864
-2.271	0.000525144
-2.27	0.000525689
-2.269	0.0005265
-2.268	0.000527579
-2.267	0.000528928
-2.266	0.000530548
-2.265	0.000532438
-2.264	0.000534602
-2.263	0.000537036
-2.262	0.000539743
-2.261	0.000542718
-2.26	0.00054596
-2.259	0.000549471
-2.258	0.000553245
-2.257	0.000557282
-2.256	0.000561578
-2.255	0.000566127
-2.254	0.000570929
-2.253	0.000575976
-2.252	0.000581265
-2.251	0.000586794
-2.25	0.000592553
-2.249	0.00059854
-2.248	0.000604746
-2.247	0.000611167
-2.246	0.000617795
-2.245	0.000624623
-2.244	0.000631643
-2.243	0.000638849
-2.242	0.000646233
-2.241	0.000653785
-2.24	0.000661499
-2.239	0.000669366
-2.238	0.000677375
-2.237	0.00068552
-2.236	0.00069379
-2.235	0.000702175
-2.234	0.000710666
-2.233	0.000719254
-2.232	0.000727927
-2.231	0.000736678
-2.23	0.000745494
-2.229	0.000754368
-2.228	0.000763287
-2.227	0.000772242
-2.226	0.000781222
-2.225	0.000790217
-2.224	0.000799217
-2.223	0.000808209
-2.222	0.000817187
-2.221	0.000826138
-2.22	0.000835052
-2.219	0.000843918
-2.218	0.000852728
-2.217	0.00086147
-2.216	0.000870135
-2.215	0.000878714
-2.214	0.000887197
-2.213	0.000895574
-2.212	0.000903835
-2.211	0.000911974
-2.21	0.000919982
-2.209	0.000927847
-2.208	0.000935562
-2.207	0.00094312
-2.206	0.00095051
-2.205	0.00095773
-2.204	0.000964769
-2.203	0.00097162
-2.202	0.000978279
-2.201	0.000984738
-2.2	0.000990989
-2.199	0.000997028
-2.198	0.00100285
-2.197	0.00100845
-2.196	0.00101383
-2.195	0.00101897
-2.194	0.00102388
-2.193	0.00102855
-2.192	0.00103298
-2.191	0.00103716
-2.19	0.00104111
-2.189	0.0010448
-2.188	0.00104824
-2.187	0.00105144
-2.186	0.00105438
-2.185	0.00105707
-2.184	0.00105951
-2.183	0.0010617
-2.182	0.00106364
-2.181	0.00106533
-2.18	0.00106678
-2.179	0.00106798
-2.178	0.00106894
-2.177	0.00106966
-2.176	0.00107015
-2.175	0.0010704
-2.174	0.00107043
-2.173	0.00107024
-2.172	0.00106983
-2.171	0.0010692
-2.17	0.00106837
-2.169	0.00106734
-2.168	0.00106611
-2.167	0.0010647
-2.166	0.0010631
-2.165	0.00106134
-2.164	0.0010594
-2.163	0.0010573
-2.162	0.00105506
-2.161	0.00105267
-2.16	0.00105014
-2.159	0.00104749
-2.158	0.00104473
-2.157	0.00104185
-2.156	0.00103888
-2.155	0.00103582
-2.154	0.00103267
-2.153	0.00102946
-2.152	0.00102619
-2.151	0.00102287
-2.15	0.00101951
-2.149	0.00101612
-2.148	0.0010127
-2.147	0.00100928
-2.146	0.00100586
-2.145	0.00100245
-2.144	0.000999061
-2.143	0.000995702
-2.142	0.000992383
-2.141	0.000989115
-2.14	0.000985909
-2.139	0.000982774
-2.138	0.00097972
-2.137	0.000976755
-2.136	0.000973891
-2.135	0.000971136
-2.134	0.000968501
-2.133	0.000965992
-2.132	0.000963619
-2.131	0.000961393
-2.13	0.000959319
-2.129	0.000957407
-2.128	0.000955665
-2.127	0.0009541
-2.126	0.00095272
-2.125	0.000951532
-2.124	0.000950543
-2.123	0.000949758
-2.122	0.000949185
-2.121	0.000948831
-2.12	0.0009487
-2.119	0.000948797
-2.118	0.000949126
-2.117	0.000949692
-2.116	0.000950501
-2.115	0.000951556
-2.114	0.000952861
-2.113	0.000954417
-2.112	0.000956228
-2.111	0.000958297
-2.11	0.000960623
-2.109	0.00096321
-2.108	0.000966058
-2.107	0.00096917
-2.106	0.000972545
-2.105	0.000976181
-2.104	0.000980079
-2.103	0.000984238
-2.102	0.000988657
-2.101	0.000993335
-2.1	0.000998268
-2.099	0.00100346
-2.098	0.0010089
-2.097	0.00101458
-2.096	0.00102051
-2.095	0.00102668
-2.094	0.00103309
-2.093	0.00103972
-2.092	0.00104659
-2.091	0.00105367
-2.09	0.00106097
-2.089	0.00106848
-2.088	0.00107619
-2.087	0.0010841
-2.086	0.0010922
-2.085	0.00110048
-2.084	0.00110894
-2.083	0.00111756
-2.082	0.00112634
-2.081	0.00113528
-2.08	0.00114436
-2.079	0.00115357
-2.078	0.00116291
-2.077	0.00117237
-2.076	0.00118193
-2.075	0.00119159
-2.074	0.00120134
-2.073	0.00121118
-2.072	0.00122108
-2.071	0.00123104
-2.07	0.00124106
-2.069	0.00125112
-2.068	0.00126121
-2.067	0.00127132
-2.066	0.00128145
-2.065	0.00129157
-2.064	0.00130169
-2.063	0.0013118
-2.062	0.00132188
-2.061	0.00133192
-2.06	0.00134191
-2.059	0.00135185
-2.058	0.00136173
-2.057	0.00137154
-2.056	0.00138126
-2.055	0.00139089
-2.054	0.00140042
-2.053	0.00140984
-2.052	0.00141915
-2.051	0.00142833
-2.05	0.00143738
-2.049	0.00144629
-2.048	0.00145505
-2.047	0.00146366
-2.046	0.00147211
-2.045	0.00148039
-2.044	0.00148849
-2.043	0.00149642
-2.042	0.00150416
-2.041	0.00151171
-2.04	0.00151906
-2.039	0.00152621
-2.038	0.00153316
-2.037	0.0015399
-2.036	0.00154643
-2.035	0.00155274
-2.034	0.00155883
-2.033	0.00156471
-2.032	0.00157036
-2.031	0.00157578
-2.03	0.00158099
-2.029	0.00158596
-2.028	0.0015907
-2.027	0.00159522
-2.026	0.0015995
-2.025	0.00160357
-2.024	0.0016074
-2.023	0.00161102
-2.022	0.0016144
-2.021	0.00161757
-2.02	0.00162051
-2.019	0.00162325
-2.018	0.00162576
-2.017	0.00162807
-2.016	0.00163018
-2.015	0.00163208
-2.014	0.00163378
-2.013	0.00163529
-2.012	0.00163662
-2.011	0.00163776
-2.01	0.00163873
-2.009	0.00163953
-2.008	0.00164016
-2.007	0.00164064
-2.006	0.00164097
-2.005	0.00164116
-2.004	0.00164121
-2.003	0.00164113
-2.002	0.00164094
-2.001	0.00164063
-2	0.00164022
-1.999	0.00163971
-1.998	0.00163912
-1.997	0.00163845
-1.996	0.00163771
-1.995	0.00163691
-1.994	0.00163605
-1.993	0.00163516
-1.992	0.00163424
-1.991	0.00163328
-1.99	0.00163232
-1.989	0.00163135
-1.988	0.00163039
-1.987	0.00162944
-1.986	0.00162851
-1.985	0.00162762
-1.984	0.00162677
-1.983	0.00162597
-1.982	0.00162523
-1.981	0.00162456
-1.98	0.00162397
-1.979	0.00162346
-1.978	0.00162306
-1.977	0.00162275
-1.976	0.00162256
-1.975	0.0016225
-1.974	0.00162256
-1.973	0.00162276
-1.972	0.00162311
-1.971	0.00162361
-1.97	0.00162427
-1.969	0.0016251
-1.968	0.0016261
-1.967	0.00162729
-1.966	0.00162866
-1.965	0.00163022
-1.964	0.00163198
-1.963	0.00163395
-1.962	0.00163613
-1.961	0.00163852
-1.96	0.00164113
-1.959	0.00164396
-1.958	0.00164702
-1.957	0.0016503
-1.956	0.00165383
-1.955	0.00165759
-1.954	0.00166158
-1.953	0.00166582
-1.952	0.0016703
-1.951	0.00167502
-1.95	0.00167999
-1.949	0.00168521
-1.948	0.00169067
-1.947	0.00169637
-1.946	0.00170232
-1.945	0.00170851
-1.944	0.00171495
-1.943	0.00172163
-1.942	0.00172855
-1.941	0.00173571
-1.94	0.0017431
-1.939	0.00175072
-1.938	0.00175858
-1.937	0.00176665
-1.936	0.00177495
-1.935	0.00178347
-1.934	0.00179221
-1.933	0.00180115
-1.932	0.00181029
-1.931	0.00181963
-1.93	0.00182916
-1.929	0.00183888
-1.928	0.00184878
-1.927	0.00185885
-1.926	0.00186909
-1.925	0.00187948
-1.924	0.00189004
-1.923	0.00190073
-1.922	0.00191157
-1.921	0.00192254
-1.92	0.00193363
-1.919	0.00194483
-1.918	0.00195614
-1.917	0.00196755
-1.916	0.00197905
-1.915	0.00199063
-1.914	0.00200229
-1.913	0.00201401
-1.912	0.00202579
-1.911	0.00203761
-1.91	0.00204947
-1.909	0.00206137
-1.908	0.00207328
-1.907	0.00208521
-1.906	0.00209714
-1.905	0.00210906
-1.904	0.00212098
-1.903	0.00213287
-1.902	0.00214473
-1.901	0.00215655
-1.9	0.00216833
-1.899	0.00218005
-1.898	0.0021917
-1.897	0.00220329
-1.896	0.0022148
-1.895	0.00222622
-1.894	0.00223756
-1.893	0.00224879
-1.892	0.00225991
-1.891	0.00227092
-1.89	0.00228181
-1.889	0.00229257
-1.888	0.0023032
-1.887	0.00231369
-1.886	0.00232404
-1.885	0.00233424
-1.884	0.00234429
-1.883	0.00235417
-1.882	0.0023639
-1.881	0.00237346
-1.88	0.00238285
-1.879	0.00239206
-1.878	0.0024011
-1.877	0.00240995
-1.876	0.00241863
-1.875	0.00242712
-1.874	0.00243542
-1.873	0.00244354
-1.872	0.00245147
-1.871	0.00245921
-1.87	0.00246675
-1.869	0.00247411
-1.868	0.00248128
-1.867	0.00248826
-1.866	0.00249505
-1.865	0.00250165
-1.864	0.00250807
-1.863	0.00251431
-1.862	0.00252036
-1.861	0.00252623
-1.86	0.00253194
-1.859	0.00253746
-1.858	0.00254281
-1.857	0.002548
-1.856	0.00255303
-1.855	0.0025579
-1.854	0.00256261
-1.853	0.00256719
-1.852	0.00257161
-1.851	0.0025759
-1.85	0.00258006
-1.849	0.00258408
-1.848	0.00258799
-1.847	0.00259179
-1.846	0.00259548
-1.845	0.00259907
-1.844	0.00260256
-1.843	0.00260598
-1.842	0.0026093
-1.841	0.00261256
-1.84	0.00261576
-1.839	0.00261889
-1.838	0.00262198
-1.837	0.00262503
-1.836	0.00262804
-1.835	0.00263102
-1.834	0.00263399
-1.833	0.00263695
-1.832	0.00263991
-1.831	0.00264288
-1.83	0.00264586
-1.829	0.00264886
-1.828	0.0026519
-1.827	0.00265497
-1.826	0.0026581
-1.825	0.00266127
-1.824	0.00266451
-1.823	0.00266783
-1.822	0.00267122
-1.821	0.0026747
-1.82	0.00267827
-1.819	0.00268195
-1.818	0.00268574
-1.817	0.00268964
-1.816	0.00269367
-1.815	0.00269782
-1.814	0.00270211
-1.813	0.00270655
-1.812	0.00271113
-1.811	0.00271587
-1.81	0.00272077
-1.809	0.00272584
-1.808	0.00273108
-1.807	0.00273649
-1.806	0.00274209
-1.805	0.00274788
-1.804	0.00275386
-1.803	0.00276003
-1.802	0.00276641
-1.801	0.00277298
-1.8	0.00277976
-1.799	0.00278674
-1.798	0.00279395
-1.797	0.00280136
-1.796	0.00280899
-1.795	0.00281684
-1.794	0.0028249
-1.793	0.00283319
-1.792	0.0028417
-1.791	0.00285043
-1.79	0.00285937
-1.789	0.00286854
-1.788	0.00287793
-1.787	0.00288755
-1.786	0.00289738
-1.785	0.00290742
-1.784	0.00291769
-1.783	0.00292817
-1.782	0.00293886
-1.781	0.00294977
-1.78	0.00296087
-1.779	0.00297219
-1.778	0.0029837
-1.777	0.00299541
-1.776	0.00300731
-1.775	0.00301941
-1.774	0.00303169
-1.773	0.00304414
-1.772	0.00305678
-1.771	0.00306959
-1.77	0.00308256
-1.769	0.00309569
-1.768	0.00310897
-1.767	0.0031224
-1.766	0.00313598
-1.765	0.0031497
-1.764	0.00316354
-1.763	0.00317751
-1.762	0.00319159
-1.761	0.00320579
-1.76	0.00322009
-1.759	0.00323449
-1.758	0.00324897
-1.757	0.00326354
-1.756	0.00327819
-1.755	0.00329291
-1.754	0.00330769
-1.753	0.00332252
-1.752	0.00333741
-1.751	0.00335233
-1.75	0.00336729
-1.749	0.00338227
-1.748	0.00339727
-1.747	0.00341229
-1.746	0.00342731
-1.745	0.00344232
-1.744	0.00345733
-1.743	0.00347232
-1.742	0.00348729
-1.741	0.00350223
-1.74	0.00351713
-1.739	0.003532
-1.738	0.00354681
-1.737	0.00356157
-1.736	0.00357627
-1.735	0.00359091
-1.734	0.00360547
-1.733	0.00361996
-1.732	0.00363436
-1.731	0.00364867
-1.73	0.0036629
-1.729	0.00367703
-1.728	0.00369106
-1.727	0.00370498
-1.726	0.00371879
-1.725	0.0037325
-1.724	0.00374608
-1.723	0.00375954
-1.722	0.00377289
-1.721	0.00378611
-1.72	0.0037992
-1.719	0.00381216
-1.718	0.00382499
-1.717	0.00383769
-1.716	0.00385026
-1.715	0.00386269
-1.714	0.00387498
-1.713	0.00388713
-1.712	0.00389915
-1.711	0.00391104
-1.71	0.00392279
-1.709	0.0039344
-1.708	0.00394589
-1.707	0.00395723
-1.706	0.00396844
-1.705	0.00397953
-1.704	0.00399048
-1.703	0.00400132
-1.702	0.00401202
-1.701	0.0040226
-1.7	0.00403307
-1.699	0.00404341
-1.698	0.00405366
-1.697	0.00406378
-1.696	0.00407382
-1.695	0.00408375
-1.694	0.00409357
-1.693	0.00410332
-1.692	0.00411297
-1.691	0.00412254
-1.69	0.00413205
-1.689	0.00414147
-1.688	0.00415083
-1.687	0.00416013
-1.686	0.00416937
-1.685	0.00417856
-1.684	0.00418771
-1.683	0.00419682
-1.682	0.0042059
-1.681	0.00421496
-1.68	0.004224
-1.679	0.00423303
-1.678	0.00424204
-1.677	0.00425106
-1.676	0.00426009
-1.675	0.00426913
-1.674	0.00427819
-1.673	0.00428728
-1.672	0.0042964
-1.671	0.00430556
-1.67	0.00431476
-1.669	0.00432402
-1.668	0.00433334
-1.667	0.00434272
-1.666	0.00435217
-1.665	0.0043617
-1.664	0.00437132
-1.663	0.00438103
-1.662	0.00439083
-1.661	0.00440074
-1.66	0.00441075
-1.659	0.00442089
-1.658	0.00443114
-1.657	0.0044415
-1.656	0.00445201
-1.655	0.00446265
-1.654	0.00447342
-1.653	0.00448435
-1.652	0.00449541
-1.651	0.00450664
-1.65	0.00451802
-1.649	0.00452956
-1.648	0.00454127
-1.647	0.00455315
-1.646	0.00456521
-1.645	0.00457744
-1.644	0.00458984
-1.643	0.00460242
-1.642	0.00461519
-1.641	0.00462815
-1.64	0.00464129
-1.639	0.00465463
-1.638	0.00466815
-1.637	0.00468187
-1.636	0.00469579
-1.635	0.00470989
-1.634	0.0047242
-1.633	0.0047387
-1.632	0.00475339
-1.631	0.00476828
-1.63	0.00478336
-1.629	0.00479864
-1.628	0.00481411
-1.627	0.00482978
-1.626	0.00484563
-1.625	0.00486167
-1.624	0.00487791
-1.623	0.00489433
-1.622	0.00491093
-1.621	0.00492772
-1.62	0.00494467
-1.619	0.00496182
-1.618	0.00497913
-1.617	0.00499662
-1.616	0.00501427
-1.615	0.00503209
-1.614	0.00505007
-1.613	0.00506819
-1.612	0.00508648
-1.611	0.0051049
-1.61	0.00512348
-1.609	0.0051422
-1.608	0.00516104
-1.607	0.00518002
-1.606	0.00519912
-1.605	0.00521834
-1.604	0.00523769
-1.603	0.00525713
-1.602	0.00527669
-1.601	0.00529635
-1.6	0.00531609
-1.599	0.00533594
-1.598	0.00535586
-1.597	0.00537587
-1.596	0.00539594
-1.595	0.00541608
-1.594	0.00543629
-1.593	0.00545656
-1.592	0.00547688
-1.591	0.00549724
-1.59	0.00551765
-1.589	0.00553809
-1.588	0.00555856
-1.587	0.00557906
-1.586	0.00559959
-1.585	0.00562012
-1.584	0.00564067
-1.583	0.00566122
-1.582	0.00568178
-1.581	0.00570233
-1.58	0.00572287
-1.579	0.00574342
-1.578	0.00576392
-1.577	0.00578442
-1.576	0.00580489
-1.575	0.00582534
-1.574	0.00584574
-1.573	0.00586612
-1.572	0.00588645
-1.571	0.00590675
-1.57	0.005927
-1.569	0.00594719
-1.568	0.00596734
-1.567	0.00598744
-1.566	0.00600748
-1.565	0.00602747
-1.564	0.00604739
-1.563	0.00606724
-1.562	0.00608704
-1.561	0.00610676
-1.56	0.00612643
-1.559	0.00614603
-1.558	0.00616557
-1.557	0.00618503
-1.556	0.00620443
-1.555	0.00622374
-1.554	0.006243
-1.553	0.00626219
-1.552	0.00628131
-1.551	0.00630037
-1.55	0.00631935
-1.549	0.00633827
-1.548	0.00635713
-1.547	0.00637593
-1.546	0.00639466
-1.545	0.00641334
-1.544	0.00643196
-1.543	0.00645053
-1.542	0.00646903
-1.541	0.00648749
-1.54	0.00650592
-1.539	0.00652428
-1.538	0.00654261
-1.537	0.00656089
-1.536	0.00657914
-1.535	0.00659736
-1.534	0.00661556
-1.533	0.00663374
-1.532	0.00665189
-1.531	0.00667
-1.53	0.00668814
-1.529	0.00670624
-1.528	0.00672435
-1.527	0.00674246
-1.526	0.00676057
-1.525	0.00677869
-1.524	0.00679683
-1.523	0.00681498
-1.522	0.00683315
-1.521	0.00685137
-1.52	0.0068696
-1.519	0.00688787
-1.518	0.00690618
-1.517	0.00692455
-1.516	0.00694296
-1.515	0.00696142
-1.514	0.00697995
-1.513	0.00699855
-1.512	0.00701722
-1.511	0.00703596
-1.51	0.0070548
-1.509	0.0070737
-1.508	0.00709271
-1.507	0.00711179
-1.506	0.00713098
-1.505	0.00715028
-1.504	0.00716968
-1.503	0.00718918
-1.502	0.00720882
-1.501	0.00722857
-1.5	0.00724844
-1.499	0.00726844
-1.498	0.00728857
-1.497	0.00730884
-1.496	0.00732925
-1.495	0.0073498
-1.494	0.00737049
-1.493	0.00739134
-1.492	0.00741233
-1.491	0.00743348
-1.49	0.00745479
-1.489	0.00747626
-1.488	0.00749788
-1.487	0.00751967
-1.486	0.00754163
-1.485	0.00756375
-1.484	0.00758605
-1.483	0.00760852
-1.482	0.00763117
-1.481	0.00765399
-1.48	0.00767698
-1.479	0.00770014
-1.478	0.0077235
-1.477	0.00774703
-1.476	0.00777074
-1.475	0.00779462
-1.474	0.00781868
-1.473	0.00784292
-1.472	0.00786734
-1.471	0.00789193
-1.47	0.0079167
-1.469	0.00794165
-1.468	0.00796679
-1.467	0.0079921
-1.466	0.00801756
-1.465	0.00804322
-1.464	0.00806904
-1.463	0.00809503
-1.462	0.00812118
-1.461	0.00814751
-1.46	0.00817399
-1.459	0.00820065
-1.458	0.00822746
-1.457	0.00825443
-1.456	0.00828154
-1.455	0.00830882
-1.454	0.00833625
-1.453	0.00836381
-1.452	0.00839153
-1.451	0.00841939
-1.45	0.00844738
-1.449	0.0084755
-1.448	0.00850377
-1.447	0.00853216
-1.446	0.00856067
-1.445	0.00858931
-1.444	0.00861806
-1.443	0.00864692
-1.442	0.00867591
-1.441	0.008705
-1.44	0.00873419
-1.439	0.00876348
-1.438	0.00879288
-1.437	0.00882236
-1.436	0.00885193
-1.435	0.00888161
-1.434	0.00891135
-1.433	0.00894119
-1.432	0.00897108
-1.431	0.00900106
-1.43	0.00903111
-1.429	0.00906124
-1.428	0.00909142
-1.427	0.00912165
-1.426	0.00915194
-1.425	0.00918229
-1.424	0.0092127
-1.423	0.00924315
-1.422	0.00927364
-1.421	0.00930418
-1.42	0.00933478
-1.419	0.00936539
-1.418	0.00939604
-1.417	0.00942672
-1.416	0.00945744
-1.415	0.00948818
-1.414	0.00951896
-1.413	0.00954974
-1.412	0.00958056
-1.411	0.00961139
-1.41	0.00964227
-1.409	0.00967314
-1.408	0.00970402
-1.407	0.00973493
-1.406	0.00976585
-1.405	0.00979678
-1.404	0.00982773
-1.403	0.00985868
-1.402	0.00988966
-1.401	0.00992066
-1.4	0.00995164
-1.399	0.00998264
-1.398	0.0100137
-1.397	0.0100447
-1.396	0.0100757
-1.395	0.0101068
-1.394	0.0101378
-1.393	0.0101689
-1.392	0.0102
-1.391	0.0102311
-1.39	0.0102622
-1.389	0.0102933
-1.388	0.0103245
-1.387	0.0103557
-1.386	0.0103869
-1.385	0.0104181
-1.384	0.0104494
-1.383	0.0104806
-1.382	0.0105119
-1.381	0.0105433
-1.38	0.0105746
-1.379	0.010606
-1.378	0.0106375
-1.377	0.010669
-1.376	0.0107005
-1.375	0.0107321
-1.374	0.0107637
-1.373	0.0107953
-1.372	0.0108271
-1.371	0.0108589
-1.37	0.0108907
-1.369	0.0109226
-1.368	0.0109546
-1.367	0.0109866
-1.366	0.0110187
-1.365	0.0110509
-1.364	0.0110832
-1.363	0.0111155
-1.362	0.0111479
-1.361	0.0111805
-1.36	0.0112131
-1.359	0.0112458
-1.358	0.0112786
-1.357	0.0113115
-1.356	0.0113445
-1.355	0.0113776
-1.354	0.0114109
-1.353	0.0114442
-1.352	0.0114777
-1.351	0.0115113
-1.35	0.011545
-1.349	0.0115788
-1.348	0.0116128
-1.347	0.0116469
-1.346	0.0116812
-1.345	0.0117155
-1.344	0.01175
-1.343	0.0117847
-1.342	0.0118195
-1.341	0.0118545
-1.34	0.0118896
-1.339	0.0119249
-1.338	0.0119603
-1.337	0.0119959
-1.336	0.0120316
-1.335	0.0120675
-1.334	0.0121036
-1.333	0.0121398
-1.332	0.0121762
-1.331	0.0122128
-1.33	0.0122496
-1.329	0.0122865
-1.328	0.0123236
-1.327	0.0123609
-1.326	0.0123984
-1.325	0.012436
-1.324	0.0124738
-1.323	0.0125118
-1.322	0.01255
-1.321	0.0125884
-1.32	0.0126269
-1.319	0.0126657
-1.318	0.0127046
-1.317	0.0127437
-1.316	0.012783
-1.315	0.0128225
-1.314	0.0128621
-1.313	0.012902
-1.312	0.012942
-1.311	0.0129822
-1.31	0.0130226
-1.309	0.0130632
-1.308	0.013104
-1.307	0.0131449
-1.306	0.0131861
-1.305	0.0132274
-1.304	0.0132689
-1.303	0.0133106
-1.302	0.0133524
-1.301	0.0133944
-1.3	0.0134366
-1.299	0.013479
-1.298	0.0135216
-1.297	0.0135643
-1.296	0.0136072
-1.295	0.0136503
-1.294	0.0136936
-1.293	0.013737
-1.292	0.0137805
-1.291	0.0138243
-1.29	0.0138682
-1.289	0.0139122
-1.288	0.0139564
-1.287	0.0140008
-1.286	0.0140453
-1.285	0.01409
-1.284	0.0141348
-1.283	0.0141798
-1.282	0.0142249
-1.281	0.0142702
-1.28	0.0143156
-1.279	0.0143612
-1.278	0.0144069
-1.277	0.0144527
-1.276	0.0144987
-1.275	0.0145448
-1.274	0.014591
-1.273	0.0146374
-1.272	0.0146839
-1.271	0.0147306
-1.27	0.0147773
-1.269	0.0148242
-1.268	0.0148712
-1.267	0.0149183
-1.266	0.0149655
-1.265	0.0150129
-1.264	0.0150604
-1.263	0.015108
-1.262	0.0151557
-1.261	0.0152035
-1.26	0.0152515
-1.259	0.0152995
-1.258	0.0153476
-1.257	0.0153959
-1.256	0.0154443
-1.255	0.0154927
-1.254	0.0155413
-1.253	0.01559
-1.252	0.0156388
-1.251	0.0156877
-1.25	0.0157367
-1.249	0.0157858
-1.248	0.015835
-1.247	0.0158844
-1.246	0.0159338
-1.245	0.0159833
-1.244	0.0160329
-1.243	0.0160826
-1.242	0.0161325
-1.241	0.0161824
-1.24	0.0162325
-1.239	0.0162826
-1.238	0.0163329
-1.237	0.0163832
-1.236	0.0164337
-1.235	0.0164843
-1.234	0.016535
-1.233	0.0165858
-1.232	0.0166367
-1.231	0.0166877
-1.23	0.0167388
-1.229	0.0167901
-1.228	0.0168414
-1.227	0.0168929
-1.226	0.0169445
-1.225	0.0169962
-1.224	0.017048
-1.223	0.0171
-1.222	0.0171521
-1.221	0.0172043
-1.22	0.0172566
-1.219	0.0173091
-1.218	0.0173617
-1.217	0.0174144
-1.216	0.0174673
-1.215	0.0175203
-1.214	0.0175735
-1.213	0.0176267
-1.212	0.0176801
-1.211	0.0177337
-1.21	0.0177874
-1.209	0.0178413
-1.208	0.0178953
-1.207	0.0179495
-1.206	0.0180038
-1.205	0.0180583
-1.204	0.018113
-1.203	0.0181678
-1.202	0.0182227
-1.201	0.0182779
-1.2	0.0183332
-1.199	0.0183887
-1.198	0.0184443
-1.197	0.0185002
-1.196	0.0185562
-1.195	0.0186124
-1.194	0.0186688
-1.193	0.0187253
-1.192	0.0187821
-1.191	0.018839
-1.19	0.0188961
-1.189	0.0189534
-1.188	0.019011
-1.187	0.0190687
-1.186	0.0191266
-1.185	0.0191846
-1.184	0.019243
-1.183	0.0193015
-1.182	0.0193602
-1.181	0.0194191
-1.18	0.0194783
-1.179	0.0195376
-1.178	0.0195971
-1.177	0.0196569
-1.176	0.0197169
-1.175	0.0197771
-1.174	0.0198375
-1.173	0.0198981
-1.172	0.019959
-1.171	0.0200201
-1.17	0.0200814
-1.169	0.0201429
-1.168	0.0202047
-1.167	0.0202666
-1.166	0.0203288
-1.165	0.0203913
-1.164	0.0204539
-1.163	0.0205167
-1.162	0.0205799
-1.161	0.0206432
-1.16	0.0207068
-1.159	0.0207706
-1.158	0.0208346
-1.157	0.0208989
-1.156	0.0209634
-1.155	0.0210281
-1.154	0.0210931
-1.153	0.0211583
-1.152	0.0212237
-1.151	0.0212894
-1.15	0.0213553
-1.149	0.0214214
-1.148	0.0214878
-1.147	0.0215544
-1.146	0.0216212
-1.145	0.0216882
-1.144	0.0217555
-1.143	0.0218231
-1.142	0.0218908
-1.141	0.0219588
-1.14	0.0220271
-1.139	0.0220955
-1.138	0.0221642
-1.137	0.0222331
-1.136	0.0223023
-1.135	0.0223717
-1.134	0.0224413
-1.133	0.0225111
-1.132	0.0225812
-1.131	0.0226515
-1.13	0.022722
-1.129	0.0227927
-1.128	0.0228637
-1.127	0.022935
-1.126	0.0230064
-1.125	0.0230781
-1.124	0.0231499
-1.123	0.0232221
-1.122	0.0232944
-1.121	0.0233669
-1.12	0.0234397
-1.119	0.0235127
-1.118	0.0235859
-1.117	0.0236594
-1.116	0.023733
-1.115	0.0238069
-1.114	0.023881
-1.113	0.0239554
-1.112	0.0240299
-1.111	0.0241047
-1.11	0.0241797
-1.109	0.0242549
-1.108	0.0243303
-1.107	0.0244059
-1.106	0.0244818
-1.105	0.0245579
-1.104	0.0246342
-1.103	0.0247107
-1.102	0.0247874
-1.101	0.0248644
-1.1	0.0249416
-1.099	0.025019
-1.098	0.0250966
-1.097	0.0251744
-1.096	0.0252524
-1.095	0.0253307
-1.094	0.0254091
-1.093	0.0254878
-1.092	0.0255667
-1.091	0.0256459
-1.09	0.0257253
-1.089	0.0258048
-1.088	0.0258846
-1.087	0.0259646
-1.086	0.0260449
-1.085	0.0261253
-1.084	0.026206
-1.083	0.0262869
-1.082	0.0263681
-1.081	0.0264494
-1.08	0.026531
-1.079	0.0266128
-1.078	0.0266949
-1.077	0.0267772
-1.076	0.0268597
-1.075	0.0269424
-1.074	0.0270253
-1.073	0.0271085
-1.072	0.027192
-1.071	0.0272756
-1.07	0.0273595
-1.069	0.0274437
-1.068	0.0275281
-1.067	0.0276127
-1.066	0.0276975
-1.065	0.0277826
-1.064	0.027868
-1.063	0.0279536
-1.062	0.0280394
-1.061	0.0281255
-1.06	0.0282119
-1.059	0.0282984
-1.058	0.0283853
-1.057	0.0284724
-1.056	0.0285597
-1.055	0.0286474
-1.054	0.0287352
-1.053	0.0288234
-1.052	0.0289118
-1.051	0.0290005
-1.05	0.0290894
-1.049	0.0291786
-1.048	0.029268
-1.047	0.0293578
-1.046	0.0294478
-1.045	0.0295381
-1.044	0.0296287
-1.043	0.0297195
-1.042	0.0298107
-1.041	0.029902
-1.04	0.0299937
-1.039	0.0300856
-1.038	0.0301779
-1.037	0.0302705
-1.036	0.0303634
-1.035	0.0304565
-1.034	0.0305499
-1.033	0.0306436
-1.032	0.0307376
-1.031	0.0308319
-1.03	0.0309265
-1.029	0.0310214
-1.028	0.0311166
-1.027	0.0312122
-1.026	0.031308
-1.025	0.0314041
-1.024	0.0315006
-1.023	0.0315973
-1.022	0.0316944
-1.021	0.0317917
-1.02	0.0318894
-1.019	0.0319874
-1.018	0.0320858
-1.017	0.0321844
-1.016	0.0322834
-1.015	0.0323826
-1.014	0.0324822
-1.013	0.0325822
-1.012	0.0326824
-1.011	0.032783
-1.01	0.0328839
-1.009	0.0329851
-1.008	0.0330867
-1.007	0.0331886
-1.006	0.0332908
-1.005	0.0333933
-1.004	0.0334962
-1.003	0.0335995
-1.002	0.033703
-1.001	0.0338069
-1	0.0339111
-0.999	0.0340157
-0.998	0.0341206
-0.997	0.0342258
-0.996	0.0343314
-0.995	0.0344373
-0.994	0.0345436
-0.993	0.0346502
-0.992	0.0347572
-0.991	0.0348645
-0.99	0.0349722
-0.989	0.0350801
-0.988	0.0351885
-0.987	0.0352971
-0.986	0.0354061
-0.985	0.0355155
-0.984	0.0356252
-0.983	0.0357353
-0.982	0.0358457
-0.981	0.0359565
-0.98	0.0360676
-0.979	0.0361791
-0.978	0.0362909
-0.977	0.0364031
-0.976	0.0365156
-0.975	0.0366285
-0.974	0.0367417
-0.973	0.0368553
-0.972	0.0369693
-0.971	0.0370836
-0.97	0.0371983
-0.969	0.0373132
-0.968	0.0374286
-0.967	0.0375444
-0.966	0.0376604
-0.965	0.0377768
-0.964	0.0378937
-0.963	0.0380109
-0.962	0.0381284
-0.961	0.0382463
-0.96	0.0383645
-0.959	0.0384831
-0.958	0.0386021
-0.957	0.0387215
-0.956	0.0388411
-0.955	0.0389612
-0.954	0.0390816
-0.953	0.0392024
-0.952	0.0393236
-0.951	0.039445
-0.95	0.039567
-0.949	0.0396892
-0.948	0.0398119
-0.947	0.0399349
-0.946	0.0400583
-0.945	0.0401821
-0.944	0.0403062
-0.943	0.0404307
-0.942	0.0405556
-0.941	0.0406808
-0.94	0.0408064
-0.939	0.0409324
-0.938	0.0410587
-0.937	0.0411855
-0.936	0.0413127
-0.935	0.0414403
-0.934	0.0415681
-0.933	0.0416964
-0.932	0.0418251
-0.931	0.0419542
-0.93	0.0420836
-0.929	0.0422135
-0.928	0.0423437
-0.927	0.0424744
-0.926	0.0426054
-0.925	0.0427367
-0.924	0.0428685
-0.923	0.0430007
-0.922	0.0431333
-0.921	0.0432664
-0.92	0.0433997
-0.919	0.0435335
-0.918	0.0436678
-0.917	0.0438023
-0.916	0.0439373
-0.915	0.0440728
-0.914	0.0442086
-0.913	0.0443448
-0.912	0.0444814
-0.911	0.0446185
-0.91	0.044756
-0.909	0.0448939
-0.908	0.0450321
-0.907	0.0451709
-0.906	0.0453101
-0.905	0.0454496
-0.904	0.0455896
-0.903	0.04573
-0.902	0.0458708
-0.901	0.0460121
-0.9	0.0461539
-0.899	0.0462961
-0.898	0.0464386
-0.897	0.0465815
-0.896	0.0467249
-0.895	0.0468688
-0.894	0.0470132
-0.893	0.0471579
-0.892	0.0473031
-0.891	0.0474488
-0.89	0.0475949
-0.889	0.0477414
-0.888	0.0478884
-0.887	0.0480359
-0.886	0.0481837
-0.885	0.0483321
-0.884	0.0484808
-0.883	0.0486301
-0.882	0.0487799
-0.881	0.0489301
-0.88	0.0490807
-0.879	0.0492318
-0.878	0.0493834
-0.877	0.0495354
-0.876	0.049688
-0.875	0.049841
-0.874	0.0499945
-0.873	0.0501485
-0.872	0.0503029
-0.871	0.0504577
-0.87	0.0506131
-0.869	0.050769
-0.868	0.0509254
-0.867	0.0510823
-0.866	0.0512396
-0.865	0.0513974
-0.864	0.0515558
-0.863	0.0517146
-0.862	0.0518737
-0.861	0.0520336
-0.86	0.0521939
-0.859	0.0523547
-0.858	0.052516
-0.857	0.0526777
-0.856	0.0528401
-0.855	0.053003
-0.854	0.0531663
-0.853	0.0533301
-0.852	0.0534945
-0.851	0.0536593
-0.85	0.0538246
-0.849	0.0539905
-0.848	0.0541569
-0.847	0.0543239
-0.846	0.0544914
-0.845	0.0546593
-0.844	0.0548277
-0.843	0.0549968
-0.842	0.0551663
-0.841	0.0553364
-0.84	0.055507
-0.839	0.0556782
-0.838	0.0558499
-0.837	0.0560221
-0.836	0.0561949
-0.835	0.0563681
-0.834	0.056542
-0.833	0.0567164
-0.832	0.0568913
-0.831	0.0570668
-0.83	0.0572427
-0.829	0.0574193
-0.828	0.0575965
-0.827	0.0577741
-0.826	0.0579523
-0.825	0.0581311
-0.824	0.0583105
-0.823	0.0584903
-0.822	0.0586706
-0.821	0.0588517
-0.82	0.0590332
-0.819	0.0592154
-0.818	0.0593981
-0.817	0.0595814
-0.816	0.0597651
-0.815	0.0599496
-0.814	0.0601345
-0.813	0.06032
-0.812	0.0605062
-0.811	0.0606929
-0.81	0.0608801
-0.809	0.061068
-0.808	0.0612564
-0.807	0.0614454
-0.806	0.061635
-0.805	0.0618252
-0.804	0.0620159
-0.803	0.0622072
-0.802	0.0623991
-0.801	0.0625917
-0.8	0.0627848
-0.799	0.0629785
-0.798	0.0631729
-0.797	0.0633677
-0.796	0.0635631
-0.795	0.0637593
-0.794	0.063956
-0.793	0.0641533
-0.792	0.0643513
-0.791	0.0645498
-0.79	0.0647488
-0.789	0.0649486
-0.788	0.0651489
-0.787	0.0653499
-0.786	0.0655514
-0.785	0.0657538
-0.784	0.0659566
-0.783	0.06616
-0.782	0.0663639
-0.781	0.0665686
-0.78	0.066774
-0.779	0.0669798
-0.778	0.0671865
-0.777	0.0673937
-0.776	0.0676015
-0.775	0.06781
-0.774	0.0680191
-0.773	0.0682289
-0.772	0.0684393
-0.771	0.0686504
-0.77	0.068862
-0.769	0.0690742
-0.768	0.0692872
-0.767	0.0695009
-0.766	0.0697152
-0.765	0.0699302
-0.764	0.0701458
-0.763	0.0703621
-0.762	0.0705789
-0.761	0.0707966
-0.76	0.0710147
-0.759	0.0712337
-0.758	0.0714533
-0.757	0.0716736
-0.756	0.0718946
-0.755	0.0721161
-0.754	0.0723384
-0.753	0.0725614
-0.752	0.0727851
-0.751	0.0730094
-0.75	0.0732345
-0.749	0.0734603
-0.748	0.0736867
-0.747	0.0739138
-0.746	0.0741417
-0.745	0.0743701
-0.744	0.0745994
-0.743	0.0748293
-0.742	0.07506
-0.741	0.0752913
-0.74	0.0755234
-0.739	0.0757562
-0.738	0.0759897
-0.737	0.076224
-0.736	0.0764589
-0.735	0.0766946
-0.734	0.076931
-0.733	0.077168
-0.732	0.0774059
-0.731	0.0776445
-0.73	0.0778838
-0.729	0.0781239
-0.728	0.0783647
-0.727	0.0786062
-0.726	0.0788485
-0.725	0.0790915
-0.724	0.0793353
-0.723	0.0795798
-0.722	0.0798252
-0.721	0.0800712
-0.72	0.080318
-0.719	0.0805656
-0.718	0.080814
-0.717	0.081063
-0.716	0.0813129
-0.715	0.0815636
-0.714	0.0818149
-0.713	0.0820671
-0.712	0.0823201
-0.711	0.0825739
-0.71	0.0828285
-0.709	0.0830838
-0.708	0.0833399
-0.707	0.0835968
-0.706	0.0838544
-0.705	0.084113
-0.704	0.0843723
-0.703	0.0846324
-0.702	0.0848933
-0.701	0.085155
-0.7	0.0854174
-0.699	0.0856807
-0.698	0.0859449
-0.697	0.0862098
-0.696	0.0864757
-0.695	0.0867423
-0.694	0.0870097
-0.693	0.0872779
-0.692	0.0875469
-0.691	0.0878168
-0.69	0.0880876
-0.689	0.0883591
-0.688	0.0886315
-0.687	0.0889048
-0.686	0.089179
-0.685	0.0894539
-0.684	0.0897296
-0.683	0.0900064
-0.682	0.0902838
-0.681	0.0905622
-0.68	0.0908413
-0.679	0.0911214
-0.678	0.0914023
-0.677	0.0916842
-0.676	0.0919669
-0.675	0.0922504
-0.674	0.0925349
-0.673	0.0928202
-0.672	0.0931064
-0.671	0.0933933
-0.67	0.0936813
-0.669	0.0939702
-0.668	0.09426
-0.667	0.0945506
-0.666	0.0948422
-0.665	0.0951345
-0.664	0.0954278
-0.663	0.095722
-0.662	0.0960172
-0.661	0.0963132
-0.66	0.0966103
-0.659	0.0969081
-0.658	0.0972069
-0.657	0.0975066
-0.656	0.0978073
-0.655	0.098109
-0.654	0.0984114
-0.653	0.0987149
-0.652	0.0990193
-0.651	0.0993246
-0.65	0.0996308
-0.649	0.0999381
-0.648	0.100246
-0.647	0.100555
-0.646	0.100865
-0.645	0.101177
-0.644	0.101488
-0.643	0.101801
-0.642	0.102115
-0.641	0.10243
-0.64	0.102746
-0.639	0.103063
-0.638	0.103381
-0.637	0.1037
-0.636	0.104019
-0.635	0.10434
-0.634	0.104662
-0.633	0.104984
-0.632	0.105308
-0.631	0.105633
-0.63	0.105959
-0.629	0.106285
-0.628	0.106613
-0.627	0.106942
-0.626	0.107272
-0.625	0.107602
-0.624	0.107934
-0.623	0.108267
-0.622	0.108601
-0.621	0.108936
-0.62	0.109272
-0.619	0.109609
-0.618	0.109947
-0.617	0.110286
-0.616	0.110626
-0.615	0.110967
-0.614	0.111309
-0.613	0.111652
-0.612	0.111996
-0.611	0.112342
-0.61	0.112688
-0.609	0.113035
-0.608	0.113384
-0.607	0.113734
-0.606	0.114084
-0.605	0.114436
-0.604	0.114789
-0.603	0.115143
-0.602	0.115498
-0.601	0.115854
-0.6	0.116211
-0.599	0.116569
-0.598	0.116929
-0.597	0.117289
-0.596	0.117651
-0.595	0.118014
-0.594	0.118377
-0.593	0.118743
-0.592	0.119109
-0.591	0.119476
-0.59	0.119844
-0.589	0.120213
-0.588	0.120584
-0.587	0.120956
-0.586	0.121329
-0.585	0.121703
-0.584	0.122078
-0.583	0.122454
-0.582	0.122832
-0.581	0.12321
-0.58	0.12359
-0.579	0.123971
-0.578	0.124354
-0.577	0.124737
-0.576	0.125121
-0.575	0.125507
-0.574	0.125894
-0.573	0.126282
-0.572	0.126671
-0.571	0.127062
-0.57	0.127453
-0.569	0.127847
-0.568	0.128241
-0.567	0.128636
-0.566	0.129033
-0.565	0.12943
-0.564	0.129829
-0.563	0.13023
-0.562	0.130631
-0.561	0.131034
-0.56	0.131438
-0.559	0.131843
-0.558	0.132249
-0.557	0.132657
-0.556	0.133066
-0.555	0.133476
-0.554	0.133888
-0.553	0.134301
-0.552	0.134715
-0.551	0.13513
-0.55	0.135547
-0.549	0.135965
-0.548	0.136384
-0.547	0.136804
-0.546	0.137226
-0.545	0.137649
-0.544	0.138074
-0.543	0.138499
-0.542	0.138926
-0.541	0.139355
-0.54	0.139784
-0.539	0.140215
-0.538	0.140648
-0.537	0.141081
-0.536	0.141516
-0.535	0.141953
-0.534	0.14239
-0.533	0.142829
-0.532	0.14327
-0.531	0.143711
-0.53	0.144155
-0.529	0.144599
-0.528	0.145045
-0.527	0.145492
-0.526	0.145941
-0.525	0.146391
-0.524	0.146842
-0.523	0.147295
-0.522	0.147749
-0.521	0.148204
-0.52	0.148661
-0.519	0.14912
-0.518	0.149579
-0.517	0.150041
-0.516	0.150503
-0.515	0.150967
-0.514	0.151433
-0.513	0.1519
-0.512	0.152368
-0.511	0.152838
-0.51	0.153309
-0.509	0.153782
-0.508	0.154256
-0.507	0.154731
-0.506	0.155208
-0.505	0.155687
-0.504	0.156167
-0.503	0.156649
-0.502	0.157132
-0.501	0.157616
-0.5	0.158102
-0.499	0.158589
-0.498	0.159078
-0.497	0.159569
-0.496	0.160061
-0.495	0.160554
-0.494	0.161049
-0.493	0.161546
-0.492	0.162044
-0.491	0.162543
-0.49	0.163045
-0.489	0.163547
-0.488	0.164052
-0.487	0.164557
-0.486	0.165065
-0.485	0.165573
-0.484	0.166084
-0.483	0.166596
-0.482	0.16711
-0.481	0.167625
-0.48	0.168141
-0.479	0.16866
-0.478	0.16918
-0.477	0.169702
-0.476	0.170225
-0.475	0.17075
-0.474	0.171276
-0.473	0.171804
-0.472	0.172334
-0.471	0.172865
-0.47	0.173398
-0.469	0.173933
-0.468	0.174469
-0.467	0.175007
-0.466	0.175546
-0.465	0.176088
-0.464	0.176631
-0.463	0.177175
-0.462	0.177721
-0.461	0.178269
-0.46	0.178819
-0.459	0.17937
-0.458	0.179924
-0.457	0.180478
-0.456	0.181035
-0.455	0.181593
-0.454	0.182153
-0.453	0.182714
-0.452	0.183277
-0.451	0.183843
-0.45	0.184409
-0.449	0.184978
-0.448	0.185548
-0.447	0.186121
-0.446	0.186695
-0.445	0.18727
-0.444	0.187847
-0.443	0.188427
-0.442	0.189008
-0.441	0.18959
-0.44	0.190175
-0.439	0.190761
-0.438	0.19135
-0.437	0.19194
-0.436	0.192532
-0.435	0.193125
-0.434	0.193721
-0.433	0.194318
-0.432	0.194917
-0.431	0.195518
-0.43	0.19612
-0.429	0.196725
-0.428	0.197332
-0.427	0.19794
-0.426	0.19855
-0.425	0.199163
-0.424	0.199777
-0.423	0.200393
-0.422	0.20101
-0.421	0.20163
-0.42	0.202252
-0.419	0.202875
-0.418	0.203501
-0.417	0.204128
-0.416	0.204758
-0.415	0.205389
-0.414	0.206057
-0.413	0.206797
-0.412	0.20761
-0.411	0.208498
-0.41	0.209459
-0.409	0.210495
-0.408	0.211605
-0.407	0.212791
-0.406	0.214053
-0.405	0.21539
-0.404	0.216802
-0.403	0.218291
-0.402	0.219855
-0.401	0.221495
-0.4	0.22321
-0.399	0.225001
-0.398	0.226867
-0.397	0.228807
-0.396	0.230822
-0.395	0.232911
-0.394	0.235073
-0.393	0.237308
-0.392	0.239615
-0.391	0.241994
-0.39	0.244444
-0.389	0.246963
-0.388	0.249552
-0.387	0.252209
-0.386	0.254933
-0.385	0.257724
-0.384	0.26058
-0.383	0.2635
-0.382	0.266483
-0.381	0.269528
-0.38	0.272634
-0.379	0.275799
-0.378	0.279021
-0.377	0.2823
-0.376	0.285634
-0.375	0.289023
-0.374	0.292462
-0.373	0.295952
-0.372	0.299491
-0.371	0.303078
-0.37	0.30671
-0.369	0.310385
-0.368	0.314104
-0.367	0.317862
-0.366	0.32166
-0.365	0.325494
-0.364	0.329382
-0.363	0.333347
-0.362	0.337382
-0.361	0.341487
-0.36	0.34566
-0.359	0.349896
-0.358	0.354195
-0.357	0.358552
-0.356	0.362967
-0.355	0.367437
-0.354	0.371956
-0.353	0.376526
-0.352	0.38114
-0.351	0.385798
-0.35	0.390497
-0.349	0.395231
-0.348	0.400002
-0.347	0.404804
-0.346	0.409634
-0.345	0.41449
-0.344	0.419369
-0.343	0.424268
-0.342	0.429184
-0.341	0.434113
-0.34	0.439054
-0.339	0.444002
-0.338	0.448956
-0.337	0.453912
-0.336	0.458866
-0.335	0.463817
-0.334	0.46876
-0.333	0.473693
-0.332	0.478614
-0.331	0.483518
-0.33	0.488403
-0.329	0.493266
-0.328	0.498105
-0.327	0.502916
-0.326	0.507694
-0.325	0.512441
-0.324	0.517151
-0.323	0.52182
-0.322	0.526449
-0.321	0.53103
-0.32	0.535566
-0.319	0.540051
-0.318	0.544482
-0.317	0.548858
-0.316	0.553174
-0.315	0.55743
-0.314	0.561622
-0.313	0.565746
-0.312	0.569804
-0.311	0.573788
-0.31	0.577701
-0.309	0.581537
-0.308	0.585294
-0.307	0.588971
-0.306	0.592564
-0.305	0.596073
-0.304	0.599495
-0.303	0.602827
-0.302	0.606069
-0.301	0.609217
-0.3	0.612271
-0.299	0.615228
-0.298	0.618085
-0.297	0.620843
-0.296	0.623498
-0.295	0.626051
-0.294	0.628498
-0.293	0.630839
-0.292	0.633072
-0.291	0.635195
-0.29	0.637207
-0.289	0.639109
-0.288	0.640897
-0.287	0.642571
-0.286	0.644132
-0.285	0.645575
-0.284	0.646903
-0.283	0.648113
-0.282	0.649204
-0.281	0.650178
-0.28	0.651031
-0.279	0.651767
-0.278	0.65238
-0.277	0.652874
-0.276	0.653247
-0.275	0.653499
-0.274	0.653631
-0.273	0.65364
-0.272	0.65353
-0.271	0.653299
-0.27	0.652946
-0.269	0.652474
-0.268	0.65188
-0.267	0.651169
-0.266	0.650338
-0.265	0.649388
-0.264	0.64832
-0.263	0.647135
-0.262	0.645834
-0.261	0.644417
-0.26	0.642885
-0.259	0.641241
-0.258	0.639483
-0.257	0.637612
-0.256	0.635635
-0.255	0.633546
-0.254	0.63135
-0.253	0.629048
-0.252	0.62664
-0.251	0.624131
-0.25	0.621519
-0.249	0.618807
-0.248	0.615997
-0.247	0.613091
-0.246	0.610091
-0.245	0.606997
-0.244	0.603812
-0.243	0.60054
-0.242	0.597179
-0.241	0.593735
-0.24	0.590209
-0.239	0.586602
-0.238	0.582919
-0.237	0.579158
-0.236	0.575326
-0.235	0.571421
-0.234	0.56745
-0.233	0.563413
-0.232	0.559312
-0.231	0.55515
-0.23	0.55093
-0.229	0.546655
-0.228	0.542328
-0.227	0.53795
-0.226	0.533526
-0.225	0.529057
-0.224	0.524546
-0.223	0.519997
-0.222	0.515411
-0.221	0.510793
-0.22	0.506145
-0.219	0.501469
-0.218	0.49677
-0.217	0.492048
-0.216	0.487309
-0.215	0.482554
-0.214	0.477786
-0.213	0.47301
-0.212	0.468227
-0.211	0.46344
-0.21	0.458654
-0.209	0.453869
-0.208	0.449091
-0.207	0.444321
-0.206	0.439563
-0.205	0.434818
-0.204	0.430093
-0.203	0.425387
-0.202	0.420705
-0.201	0.416049
-0.2	0.411423
-0.199	0.406829
-0.198	0.40227
-0.197	0.39775
-0.196	0.393269
-0.195	0.388834
-0.194	0.384443
-0.193	0.380103
-0.192	0.375815
-0.191	0.371581
-0.19	0.367404
-0.189	0.363288
-0.188	0.359233
-0.187	0.355245
-0.186	0.351324
-0.185	0.347473
-0.184	0.343694
-0.183	0.339989
-0.182	0.336364
-0.181	0.332817
-0.18	0.329351
-0.179	0.32597
-0.178	0.322674
-0.177	0.319468
-0.176	0.316351
-0.175	0.313327
-0.174	0.310396
-0.173	0.307562
-0.172	0.304825
-0.171	0.302187
-0.17	0.299652
-0.169	0.297219
-0.168	0.29489
-0.167	0.292667
-0.166	0.290552
-0.165	0.288544
-0.164	0.286647
-0.163	0.284861
-0.162	0.283188
-0.161	0.281628
-0.16	0.280181
-0.159	0.278852
-0.158	0.277637
-0.157	0.27654
-0.156	0.27556
-0.155	0.274699
-0.154	0.273957
-0.153	0.273334
-0.152	0.272832
-0.151	0.27245
-0.15	0.272189
-0.149	0.272047
-0.148	0.272028
-0.147	0.272129
-0.146	0.272351
-0.145	0.272694
-0.144	0.273158
-0.143	0.273743
-0.142	0.274447
-0.141	0.275271
-0.14	0.276215
-0.139	0.277278
-0.138	0.278459
-0.137	0.279758
-0.136	0.281173
-0.135	0.282705
-0.134	0.284351
-0.133	0.286112
-0.132	0.287987
-0.131	0.289972
-0.13	0.292069
-0.129	0.294276
-0.128	0.29659
-0.127	0.299012
-0.126	0.301539
-0.125	0.304171
-0.124	0.306904
-0.123	0.309738
-0.122	0.312672
-0.121	0.315703
-0.12	0.318829
-0.119	0.322049
-0.118	0.325362
-0.117	0.328763
-0.116	0.332253
-0.115	0.335828
-0.114	0.339485
-0.113	0.343225
-0.112	0.347044
-0.111	0.350938
-0.11	0.354909
-0.109	0.35895
-0.108	0.36306
-0.107	0.367239
-0.106	0.371481
-0.105	0.375786
-0.104	0.38015
-0.103	0.38457
-0.102	0.389045
-0.101	0.393571
-0.1	0.398145
