-4	1.26184e-020
-3.999	1.25773e-020
-3.998	1.25373e-020
-3.997	1.24986e-020
-3.996	1.24615e-020
-3.995	1.24264e-020
-3.994	1.23933e-020
-3.993	1.23628e-020
-3.992	1.23349e-020
-3.991	1.231e-020
-3.99	1.22884e-020
-3.989	1.22704e-020
-3.988	1.22562e-020
-3.987	1.22463e-020
-3.986	1.22408e-020
-3.985	1.22402e-020
-3.984	1.22446e-020
-3.983	1.22546e-020
-3.982	1.22702e-020
-3.981	1.2292e-020
-3.98	1.23201e-020
-3.979	1.2355e-020
-3.978	1.2397e-020
-3.977	1.24464e-020
-3.976	1.25035e-020
-3.975	1.25688e-020
-3.974	1.26424e-020
-3.973	1.27249e-020
-3.972	1.28164e-020
-3.971	1.29174e-020
-3.97	1.30282e-020
-3.969	1.31492e-020
-3.968	1.32807e-020
-3.967	1.3423e-020
-3.966	1.35765e-020
-3.965	1.37415e-020
-3.964	1.39185e-020
-3.963	1.41076e-020
-3.962	1.43093e-020
-3.961	1.45239e-020
-3.96	1.47518e-020
-3.959	1.49933e-020
-3.958	1.52486e-020
-3.957	1.55182e-020
-3.956	1.58024e-020
-3.955	1.61014e-020
-3.954	1.64157e-020
-3.953	1.67456e-020
-3.952	1.70913e-020
-3.951	1.74532e-020
-3.95	1.78315e-020
-3.949	1.82266e-020
-3.948	1.86388e-020
-3.947	1.90683e-020
-3.946	1.95155e-020
-3.945	1.99805e-020
-3.944	2.04638e-020
-3.943	2.09655e-020
-3.942	2.14859e-020
-3.941	2.20252e-020
-3.94	2.25837e-020
-3.939	2.31616e-020
-3.938	2.37593e-020
-3.937	2.43767e-020
-3.936	2.50142e-020
-3.935	2.5672e-020
-3.934	2.63502e-020
-3.933	2.70492e-020
-3.932	2.77688e-020
-3.931	2.85095e-020
-3.93	2.92713e-020
-3.929	3.00543e-020
-3.928	3.08587e-020
-3.927	3.16846e-020
-3.926	3.2532e-020
-3.925	3.34011e-020
-3.924	3.4292e-020
-3.923	3.52048e-020
-3.922	3.61394e-020
-3.921	3.7096e-020
-3.92	3.80745e-020
-3.919	3.9075e-020
-3.918	4.00975e-020
-3.917	4.11418e-020
-3.916	4.22082e-020
-3.915	4.32965e-020
-3.914	4.44065e-020
-3.913	4.55383e-020
-3.912	4.66918e-020
-3.911	4.78668e-020
-3.91	4.90634e-020
-3.909	5.02813e-020
-3.908	5.15203e-020
-3.907	5.27804e-020
-3.906	5.40614e-020
-3.905	5.53631e-020
-3.904	5.66851e-020
-3.903	5.80274e-020
-3.902	5.93897e-020
-3.901	6.07717e-020
-3.9	6.21733e-020
-3.899	6.35939e-020
-3.898	6.50333e-020
-3.897	6.64915e-020
-3.896	6.79678e-020
-3.895	6.94619e-020
-3.894	7.09735e-020
-3.893	7.25024e-020
-3.892	7.40479e-020
-3.891	7.56097e-020
-3.89	7.71872e-020
-3.889	7.87801e-020
-3.888	8.03882e-020
-3.887	8.20105e-020
-3.886	8.36466e-020
-3.885	8.52963e-020
-3.884	8.69588e-020
-3.883	8.86337e-020
-3.882	9.03207e-020
-3.881	9.20185e-020
-3.88	9.37268e-020
-3.879	9.54453e-020
-3.878	9.71734e-020
-3.877	9.89101e-020
-3.876	1.00655e-019
-3.875	1.02407e-019
-3.874	1.04166e-019
-3.873	1.05931e-019
-3.872	1.07701e-019
-3.871	1.09476e-019
-3.87	1.11255e-019
-3.869	1.13037e-019
-3.868	1.14822e-019
-3.867	1.16608e-019
-3.866	1.18395e-019
-3.865	1.20182e-019
-3.864	1.21968e-019
-3.863	1.23753e-019
-3.862	1.25535e-019
-3.861	1.27315e-019
-3.86	1.2909e-019
-3.859	1.3086e-019
-3.858	1.32625e-019
-3.857	1.34383e-019
-3.856	1.36133e-019
-3.855	1.37876e-019
-3.854	1.39609e-019
-3.853	1.41332e-019
-3.852	1.43044e-019
-3.851	1.44744e-019
-3.85	1.46432e-019
-3.849	1.48106e-019
-3.848	1.49765e-019
-3.847	1.51409e-019
-3.846	1.53037e-019
-3.845	1.54648e-019
-3.844	1.5624e-019
-3.843	1.57814e-019
-3.842	1.59367e-019
-3.841	1.609e-019
-3.84	1.62411e-019
-3.839	1.639e-019
-3.838	1.65365e-019
-3.837	1.66806e-019
-3.836	1.68222e-019
-3.835	1.69612e-019
-3.834	1.70975e-019
-3.833	1.7231e-019
-3.832	1.73617e-019
-3.831	1.74894e-019
-3.83	1.76142e-019
-3.829	1.77358e-019
-3.828	1.78543e-019
-3.827	1.79695e-019
-3.826	1.80814e-019
-3.825	1.81899e-019
-3.824	1.82949e-019
-3.823	1.83965e-019
-3.822	1.84944e-019
-3.821	1.85886e-019
-3.82	1.8679e-019
-3.819	1.87657e-019
-3.818	1.88486e-019
-3.817	1.89275e-019
-3.816	1.90025e-019
-3.815	1.90734e-019
-3.814	1.91402e-019
-3.813	1.9203e-019
-3.812	1.92615e-019
-3.811	1.93159e-019
-3.81	1.9366e-019
-3.809	1.94118e-019
-3.808	1.94533e-019
-3.807	1.94905e-019
-3.806	1.95233e-019
-3.805	1.95517e-019
-3.804	1.95756e-019
-3.803	1.95951e-019
-3.802	1.96102e-019
-3.801	1.96208e-019
-3.8	1.9627e-019
-3.799	1.96287e-019
-3.798	1.96259e-019
-3.797	1.96187e-019
-3.796	1.9607e-019
-3.795	1.95909e-019
-3.794	1.95704e-019
-3.793	1.95455e-019
-3.792	1.95162e-019
-3.791	1.94825e-019
-3.79	1.94446e-019
-3.789	1.94024e-019
-3.788	1.9356e-019
-3.787	1.93054e-019
-3.786	1.92507e-019
-3.785	1.9192e-019
-3.784	1.91292e-019
-3.783	1.90626e-019
-3.782	1.89921e-019
-3.781	1.89178e-019
-3.78	1.88398e-019
-3.779	1.87582e-019
-3.778	1.86731e-019
-3.777	1.85846e-019
-3.776	1.84928e-019
-3.775	1.83978e-019
-3.774	1.82997e-019
-3.773	1.81986e-019
-3.772	1.80947e-019
-3.771	1.7988e-019
-3.77	1.78789e-019
-3.769	1.77673e-019
-3.768	1.76533e-019
-3.767	1.75372e-019
-3.766	1.74192e-019
-3.765	1.72994e-019
-3.764	1.71778e-019
-3.763	1.70548e-019
-3.762	1.69305e-019
-3.761	1.6805e-019
-3.76	1.66786e-019
-3.759	1.65514e-019
-3.758	1.64237e-019
-3.757	1.62957e-019
-3.756	1.61676e-019
-3.755	1.60394e-019
-3.754	1.59117e-019
-3.753	1.57844e-019
-3.752	1.56578e-019
-3.751	1.55323e-019
-3.75	1.54079e-019
-3.749	1.52851e-019
-3.748	1.51639e-019
-3.747	1.50448e-019
-3.746	1.49278e-019
-3.745	1.48133e-019
-3.744	1.47016e-019
-3.743	1.45929e-019
-3.742	1.44875e-019
-3.741	1.43857e-019
-3.74	1.42878e-019
-3.739	1.41939e-019
-3.738	1.41045e-019
-3.737	1.40199e-019
-3.736	1.39403e-019
-3.735	1.3866e-019
-3.734	1.37974e-019
-3.733	1.37347e-019
-3.732	1.36782e-019
-3.731	1.36284e-019
-3.73	1.35854e-019
-3.729	1.35497e-019
-3.728	1.35215e-019
-3.727	1.35011e-019
-3.726	1.3489e-019
-3.725	1.34853e-019
-3.724	1.34905e-019
-3.723	1.35049e-019
-3.722	1.35289e-019
-3.721	1.35626e-019
-3.72	1.36066e-019
-3.719	1.36611e-019
-3.718	1.37264e-019
-3.717	1.3803e-019
-3.716	1.38911e-019
-3.715	1.39911e-019
-3.714	1.41034e-019
-3.713	1.42282e-019
-3.712	1.43659e-019
-3.711	1.45168e-019
-3.71	1.46814e-019
-3.709	1.48599e-019
-3.708	1.50527e-019
-3.707	1.526e-019
-3.706	1.54822e-019
-3.705	1.57198e-019
-3.704	1.59729e-019
-3.703	1.62419e-019
-3.702	1.65272e-019
-3.701	1.68291e-019
-3.7	1.71478e-019
-3.699	1.74837e-019
-3.698	1.78371e-019
-3.697	1.82083e-019
-3.696	1.85977e-019
-3.695	1.90054e-019
-3.694	1.94318e-019
-3.693	1.98773e-019
-3.692	2.0342e-019
-3.691	2.08263e-019
-3.69	2.13304e-019
-3.689	2.18546e-019
-3.688	2.23991e-019
-3.687	2.29642e-019
-3.686	2.35502e-019
-3.685	2.41573e-019
-3.684	2.47857e-019
-3.683	2.54357e-019
-3.682	2.61075e-019
-3.681	2.68011e-019
-3.68	2.7517e-019
-3.679	2.82553e-019
-3.678	2.90161e-019
-3.677	2.97997e-019
-3.676	3.06061e-019
-3.675	3.14356e-019
-3.674	3.22882e-019
-3.673	3.31643e-019
-3.672	3.40638e-019
-3.671	3.49868e-019
-3.67	3.59336e-019
-3.669	3.69042e-019
-3.668	3.78986e-019
-3.667	3.8917e-019
-3.666	3.99593e-019
-3.665	4.10257e-019
-3.664	4.21161e-019
-3.663	4.32307e-019
-3.662	4.43694e-019
-3.661	4.55321e-019
-3.66	4.67191e-019
-3.659	4.79301e-019
-3.658	4.91651e-019
-3.657	5.04241e-019
-3.656	5.1707e-019
-3.655	5.30136e-019
-3.654	5.43443e-019
-3.653	5.56984e-019
-3.652	5.7076e-019
-3.651	5.84771e-019
-3.65	5.99014e-019
-3.649	6.13487e-019
-3.648	6.2819e-019
-3.647	6.43118e-019
-3.646	6.58271e-019
-3.645	6.73648e-019
-3.644	6.89245e-019
-3.643	7.05058e-019
-3.642	7.21087e-019
-3.641	7.37327e-019
-3.64	7.53777e-019
-3.639	7.70434e-019
-3.638	7.87294e-019
-3.637	8.04351e-019
-3.636	8.21605e-019
-3.635	8.39051e-019
-3.634	8.56684e-019
-3.633	8.74499e-019
-3.632	8.92496e-019
-3.631	9.10667e-019
-3.63	9.2901e-019
-3.629	9.47517e-019
-3.628	9.66187e-019
-3.627	9.85013e-019
-3.626	1.00399e-018
-3.625	1.02311e-018
-3.624	1.04238e-018
-3.623	1.06177e-018
-3.622	1.0813e-018
-3.621	1.10095e-018
-3.62	1.12072e-018
-3.619	1.1406e-018
-3.618	1.16058e-018
-3.617	1.18066e-018
-3.616	1.20084e-018
-3.615	1.22109e-018
-3.614	1.24143e-018
-3.613	1.26184e-018
-3.612	1.28231e-018
-3.611	1.30284e-018
-3.61	1.32342e-018
-3.609	1.34405e-018
-3.608	1.3647e-018
-3.607	1.38539e-018
-3.606	1.4061e-018
-3.605	1.42682e-018
-3.604	1.44754e-018
-3.603	1.46825e-018
-3.602	1.48896e-018
-3.601	1.50964e-018
-3.6	1.5303e-018
-3.599	1.55092e-018
-3.598	1.5715e-018
-3.597	1.59202e-018
-3.596	1.61248e-018
-3.595	1.63287e-018
-3.594	1.65317e-018
-3.593	1.67339e-018
-3.592	1.69352e-018
-3.591	1.71353e-018
-3.59	1.73344e-018
-3.589	1.75322e-018
-3.588	1.77286e-018
-3.587	1.79236e-018
-3.586	1.81172e-018
-3.585	1.83091e-018
-3.584	1.84994e-018
-3.583	1.86879e-018
-3.582	1.88745e-018
-3.581	1.90592e-018
-3.58	1.92419e-018
-3.579	1.94224e-018
-3.578	1.96007e-018
-3.577	1.97768e-018
-3.576	1.99504e-018
-3.575	2.01215e-018
-3.574	2.02901e-018
-3.573	2.0456e-018
-3.572	2.06192e-018
-3.571	2.07796e-018
-3.57	2.09371e-018
-3.569	2.10917e-018
-3.568	2.12431e-018
-3.567	2.13914e-018
-3.566	2.15365e-018
-3.565	2.16783e-018
-3.564	2.18168e-018
-3.563	2.19517e-018
-3.562	2.20832e-018
-3.561	2.22111e-018
-3.56	2.23353e-018
-3.559	2.24558e-018
-3.558	2.25724e-018
-3.557	2.26853e-018
-3.556	2.27942e-018
-3.555	2.28991e-018
-3.554	2.3e-018
-3.553	2.30968e-018
-3.552	2.31894e-018
-3.551	2.32778e-018
-3.55	2.3362e-018
-3.549	2.34419e-018
-3.548	2.35174e-018
-3.547	2.35885e-018
-3.546	2.36553e-018
-3.545	2.37175e-018
-3.544	2.37752e-018
-3.543	2.38285e-018
-3.542	2.38771e-018
-3.541	2.39212e-018
-3.54	2.39607e-018
-3.539	2.39955e-018
-3.538	2.40256e-018
-3.537	2.40512e-018
-3.536	2.40721e-018
-3.535	2.40883e-018
-3.534	2.40999e-018
-3.533	2.41067e-018
-3.532	2.41089e-018
-3.531	2.41065e-018
-3.53	2.40993e-018
-3.529	2.40876e-018
-3.528	2.40712e-018
-3.527	2.40502e-018
-3.526	2.40247e-018
-3.525	2.39947e-018
-3.524	2.39601e-018
-3.523	2.39211e-018
-3.522	2.38776e-018
-3.521	2.38299e-018
-3.52	2.37777e-018
-3.519	2.37213e-018
-3.518	2.36607e-018
-3.517	2.35959e-018
-3.516	2.35271e-018
-3.515	2.34543e-018
-3.514	2.33775e-018
-3.513	2.32969e-018
-3.512	2.32125e-018
-3.511	2.31245e-018
-3.51	2.30328e-018
-3.509	2.29377e-018
-3.508	2.28392e-018
-3.507	2.27374e-018
-3.506	2.26324e-018
-3.505	2.25244e-018
-3.504	2.24135e-018
-3.503	2.22998e-018
-3.502	2.21833e-018
-3.501	2.20644e-018
-3.5	2.19431e-018
-3.499	2.18195e-018
-3.498	2.16937e-018
-3.497	2.1566e-018
-3.496	2.14365e-018
-3.495	2.13054e-018
-3.494	2.11727e-018
-3.493	2.10387e-018
-3.492	2.09035e-018
-3.491	2.07675e-018
-3.49	2.06306e-018
-3.489	2.04931e-018
-3.488	2.03551e-018
-3.487	2.0217e-018
-3.486	2.00788e-018
-3.485	1.99408e-018
-3.484	1.98031e-018
-3.483	1.9666e-018
-3.482	1.95297e-018
-3.481	1.93945e-018
-3.48	1.92604e-018
-3.479	1.91278e-018
-3.478	1.89969e-018
-3.477	1.88678e-018
-3.476	1.8741e-018
-3.475	1.86165e-018
-3.474	1.84945e-018
-3.473	1.83755e-018
-3.472	1.82594e-018
-3.471	1.81468e-018
-3.47	1.80377e-018
-3.469	1.79325e-018
-3.468	1.78313e-018
-3.467	1.77345e-018
-3.466	1.76423e-018
-3.465	1.7555e-018
-3.464	1.74728e-018
-3.463	1.7396e-018
-3.462	1.73248e-018
-3.461	1.72596e-018
-3.46	1.72005e-018
-3.459	1.7148e-018
-3.458	1.71022e-018
-3.457	1.70633e-018
-3.456	1.70317e-018
-3.455	1.70077e-018
-3.454	1.69916e-018
-3.453	1.69835e-018
-3.452	1.69838e-018
-3.451	1.69928e-018
-3.45	1.70106e-018
-3.449	1.70377e-018
-3.448	1.70743e-018
-3.447	1.71206e-018
-3.446	1.71769e-018
-3.445	1.72435e-018
-3.444	1.73206e-018
-3.443	1.74086e-018
-3.442	1.75078e-018
-3.441	1.76182e-018
-3.44	1.77403e-018
-3.439	1.78743e-018
-3.438	1.80204e-018
-3.437	1.81789e-018
-3.436	1.83501e-018
-3.435	1.85342e-018
-3.434	1.87315e-018
-3.433	1.89422e-018
-3.432	1.91665e-018
-3.431	1.94047e-018
-3.43	1.96571e-018
-3.429	1.99238e-018
-3.428	2.02051e-018
-3.427	2.05012e-018
-3.426	2.08123e-018
-3.425	2.11387e-018
-3.424	2.14805e-018
-3.423	2.1838e-018
-3.422	2.22113e-018
-3.421	2.26007e-018
-3.42	2.30064e-018
-3.419	2.34284e-018
-3.418	2.3867e-018
-3.417	2.43224e-018
-3.416	2.47948e-018
-3.415	2.52842e-018
-3.414	2.57908e-018
-3.413	2.63149e-018
-3.412	2.68564e-018
-3.411	2.74156e-018
-3.41	2.79925e-018
-3.409	2.85874e-018
-3.408	2.92002e-018
-3.407	2.98311e-018
-3.406	3.04802e-018
-3.405	3.11475e-018
-3.404	3.18332e-018
-3.403	3.25372e-018
-3.402	3.32598e-018
-3.401	3.40009e-018
-3.4	3.47605e-018
-3.399	3.55387e-018
-3.398	3.63355e-018
-3.397	3.71507e-018
-3.396	3.79847e-018
-3.395	3.88373e-018
-3.394	3.97084e-018
-3.393	4.05981e-018
-3.392	4.15064e-018
-3.391	4.2433e-018
-3.39	4.3378e-018
-3.389	4.43414e-018
-3.388	4.53232e-018
-3.387	4.63231e-018
-3.386	4.73409e-018
-3.385	4.83767e-018
-3.384	4.94305e-018
-3.383	5.05021e-018
-3.382	5.1591e-018
-3.381	5.26974e-018
-3.38	5.3821e-018
-3.379	5.49617e-018
-3.378	5.61193e-018
-3.377	5.72936e-018
-3.376	5.84845e-018
-3.375	5.96915e-018
-3.374	6.09145e-018
-3.373	6.21533e-018
-3.372	6.34077e-018
-3.371	6.46774e-018
-3.37	6.59621e-018
-3.369	6.72613e-018
-3.368	6.85751e-018
-3.367	6.9903e-018
-3.366	7.12447e-018
-3.365	7.25999e-018
-3.364	7.39679e-018
-3.363	7.53488e-018
-3.362	7.67423e-018
-3.361	7.81477e-018
-3.36	7.95648e-018
-3.359	8.0993e-018
-3.358	8.24321e-018
-3.357	8.38817e-018
-3.356	8.53414e-018
-3.355	8.68104e-018
-3.354	8.82887e-018
-3.353	8.97758e-018
-3.352	9.12711e-018
-3.351	9.2774e-018
-3.35	9.42844e-018
-3.349	9.58012e-018
-3.348	9.73246e-018
-3.347	9.88537e-018
-3.346	1.00388e-017
-3.345	1.01927e-017
-3.344	1.03471e-017
-3.343	1.05018e-017
-3.342	1.06568e-017
-3.341	1.0812e-017
-3.34	1.09675e-017
-3.339	1.11231e-017
-3.338	1.12789e-017
-3.337	1.14346e-017
-3.336	1.15903e-017
-3.335	1.17459e-017
-3.334	1.19014e-017
-3.333	1.20567e-017
-3.332	1.22117e-017
-3.331	1.23664e-017
-3.33	1.25207e-017
-3.329	1.26745e-017
-3.328	1.28279e-017
-3.327	1.29806e-017
-3.326	1.31328e-017
-3.325	1.32842e-017
-3.324	1.34349e-017
-3.323	1.35847e-017
-3.322	1.37337e-017
-3.321	1.38817e-017
-3.32	1.40287e-017
-3.319	1.41746e-017
-3.318	1.43194e-017
-3.317	1.4463e-017
-3.316	1.46054e-017
-3.315	1.47464e-017
-3.314	1.48859e-017
-3.313	1.50241e-017
-3.312	1.51608e-017
-3.311	1.52958e-017
-3.31	1.54293e-017
-3.309	1.5561e-017
-3.308	1.5691e-017
-3.307	1.58192e-017
-3.306	1.59455e-017
-3.305	1.60699e-017
-3.304	1.61923e-017
-3.303	1.63126e-017
-3.302	1.64308e-017
-3.301	1.65469e-017
-3.3	1.66608e-017
-3.299	1.67723e-017
-3.298	1.68816e-017
-3.297	1.69885e-017
-3.296	1.7093e-017
-3.295	1.7195e-017
-3.294	1.72945e-017
-3.293	1.73914e-017
-3.292	1.74857e-017
-3.291	1.75774e-017
-3.29	1.76663e-017
-3.289	1.77526e-017
-3.288	1.7836e-017
-3.287	1.79166e-017
-3.286	1.79943e-017
-3.285	1.80691e-017
-3.284	1.8141e-017
-3.283	1.821e-017
-3.282	1.82759e-017
-3.281	1.83388e-017
-3.28	1.83987e-017
-3.279	1.84555e-017
-3.278	1.85091e-017
-3.277	1.85596e-017
-3.276	1.8607e-017
-3.275	1.86512e-017
-3.274	1.86922e-017
-3.273	1.87301e-017
-3.272	1.87647e-017
-3.271	1.8796e-017
-3.27	1.88242e-017
-3.269	1.88491e-017
-3.268	1.88708e-017
-3.267	1.88892e-017
-3.266	1.89044e-017
-3.265	1.89163e-017
-3.264	1.8925e-017
-3.263	1.89305e-017
-3.262	1.89327e-017
-3.261	1.89317e-017
-3.26	1.89275e-017
-3.259	1.89202e-017
-3.258	1.89097e-017
-3.257	1.8896e-017
-3.256	1.88792e-017
-3.255	1.88594e-017
-3.254	1.88365e-017
-3.253	1.88106e-017
-3.252	1.87816e-017
-3.251	1.87498e-017
-3.25	1.8715e-017
-3.249	1.86773e-017
-3.248	1.86368e-017
-3.247	1.85936e-017
-3.246	1.85477e-017
-3.245	1.84989e-017
-3.244	1.84477e-017
-3.243	1.83939e-017
-3.242	1.83375e-017
-3.241	1.82787e-017
-3.24	1.82175e-017
-3.239	1.81541e-017
-3.238	1.80884e-017
-3.237	1.80206e-017
-3.236	1.79507e-017
-3.235	1.78787e-017
-3.234	1.78049e-017
-3.233	1.77292e-017
-3.232	1.76518e-017
-3.231	1.75727e-017
-3.23	1.74921e-017
-3.229	1.741e-017
-3.228	1.73265e-017
-3.227	1.72417e-017
-3.226	1.71558e-017
-3.225	1.70688e-017
-3.224	1.69809e-017
-3.223	1.68921e-017
-3.222	1.68026e-017
-3.221	1.67124e-017
-3.22	1.66217e-017
-3.219	1.65306e-017
-3.218	1.64393e-017
-3.217	1.63478e-017
-3.216	1.62563e-017
-3.215	1.61649e-017
-3.214	1.60737e-017
-3.213	1.59829e-017
-3.212	1.58926e-017
-3.211	1.58029e-017
-3.21	1.5714e-017
-3.209	1.5626e-017
-3.208	1.5539e-017
-3.207	1.54532e-017
-3.206	1.53687e-017
-3.205	1.52857e-017
-3.204	1.52043e-017
-3.203	1.51247e-017
-3.202	1.5047e-017
-3.201	1.49713e-017
-3.2	1.48978e-017
-3.199	1.48267e-017
-3.198	1.47581e-017
-3.197	1.46922e-017
-3.196	1.46291e-017
-3.195	1.45689e-017
-3.194	1.45118e-017
-3.193	1.44581e-017
-3.192	1.44078e-017
-3.191	1.43611e-017
-3.19	1.43181e-017
-3.189	1.4279e-017
-3.188	1.4244e-017
-3.187	1.42132e-017
-3.186	1.41867e-017
-3.185	1.41649e-017
-3.184	1.41477e-017
-3.183	1.41353e-017
-3.182	1.4128e-017
-3.181	1.41258e-017
-3.18	1.41289e-017
-3.179	1.41375e-017
-3.178	1.41517e-017
-3.177	1.41716e-017
-3.176	1.41975e-017
-3.175	1.42295e-017
-3.174	1.42676e-017
-3.173	1.43122e-017
-3.172	1.43633e-017
-3.171	1.4421e-017
-3.17	1.44855e-017
-3.169	1.4557e-017
-3.168	1.46355e-017
-3.167	1.47213e-017
-3.166	1.48144e-017
-3.165	1.4915e-017
-3.164	1.50232e-017
-3.163	1.51392e-017
-3.162	1.5263e-017
-3.161	1.53949e-017
-3.16	1.55348e-017
-3.159	1.5683e-017
-3.158	1.58396e-017
-3.157	1.60046e-017
-3.156	1.61782e-017
-3.155	1.63605e-017
-3.154	1.65516e-017
-3.153	1.67515e-017
-3.152	1.69605e-017
-3.151	1.71785e-017
-3.15	1.74057e-017
-3.149	1.76421e-017
-3.148	1.78878e-017
-3.147	1.8143e-017
-3.146	1.84077e-017
-3.145	1.86819e-017
-3.144	1.89657e-017
-3.143	1.92592e-017
-3.142	1.95625e-017
-3.141	1.98755e-017
-3.14	2.01984e-017
-3.139	2.05312e-017
-3.138	2.08739e-017
-3.137	2.12266e-017
-3.136	2.15893e-017
-3.135	2.19619e-017
-3.134	2.23447e-017
-3.133	2.27375e-017
-3.132	2.31403e-017
-3.131	2.35532e-017
-3.13	2.39762e-017
-3.129	2.44092e-017
-3.128	2.48523e-017
-3.127	2.53055e-017
-3.126	2.57686e-017
-3.125	2.62417e-017
-3.124	2.67248e-017
-3.123	2.72179e-017
-3.122	2.77208e-017
-3.121	2.82335e-017
-3.12	2.87561e-017
-3.119	2.92883e-017
-3.118	2.98302e-017
-3.117	3.03818e-017
-3.116	3.09427e-017
-3.115	3.15132e-017
-3.114	3.20929e-017
-3.113	3.26819e-017
-3.112	3.32801e-017
-3.111	3.38873e-017
-3.11	3.45034e-017
-3.109	3.51284e-017
-3.108	3.5762e-017
-3.107	3.64043e-017
-3.106	3.7055e-017
-3.105	3.77139e-017
-3.104	3.83809e-017
-3.103	3.90561e-017
-3.102	3.97391e-017
-3.101	4.04297e-017
-3.1	4.11279e-017
-3.099	4.18335e-017
-3.098	4.25462e-017
-3.097	4.32658e-017
-3.096	4.39924e-017
-3.095	4.47255e-017
-3.094	4.54649e-017
-3.093	4.62108e-017
-3.092	4.69625e-017
-3.091	4.772e-017
-3.09	4.84831e-017
-3.089	4.92516e-017
-3.088	5.00251e-017
-3.087	5.08037e-017
-3.086	5.15868e-017
-3.085	5.23743e-017
-3.084	5.31661e-017
-3.083	5.39616e-017
-3.082	5.47609e-017
-3.081	5.55637e-017
-3.08	5.63694e-017
-3.079	5.71781e-017
-3.078	5.79895e-017
-3.077	5.88032e-017
-3.076	5.96188e-017
-3.075	6.04364e-017
-3.074	6.12553e-017
-3.073	6.20756e-017
-3.072	6.28967e-017
-3.071	6.37185e-017
-3.07	6.45407e-017
-3.069	6.53626e-017
-3.068	6.61848e-017
-3.067	6.70059e-017
-3.066	6.78264e-017
-3.065	6.86459e-017
-3.064	6.94637e-017
-3.063	7.02797e-017
-3.062	7.10936e-017
-3.061	7.19054e-017
-3.06	7.2714e-017
-3.059	7.352e-017
-3.058	7.43225e-017
-3.057	7.51213e-017
-3.056	7.59163e-017
-3.055	7.67068e-017
-3.054	7.74929e-017
-3.053	7.82741e-017
-3.052	7.90501e-017
-3.051	7.98203e-017
-3.05	8.05849e-017
-3.049	8.13433e-017
-3.048	8.20953e-017
-3.047	8.28405e-017
-3.046	8.35786e-017
-3.045	8.43094e-017
-3.044	8.50799e-017
-3.043	8.594e-017
-3.042	8.68919e-017
-3.041	8.79379e-017
-3.04	8.90807e-017
-3.039	9.03229e-017
-3.038	9.16675e-017
-3.037	9.31172e-017
-3.036	9.46754e-017
-3.035	9.63449e-017
-3.034	9.81291e-017
-3.033	1.00031e-016
-3.032	1.02055e-016
-3.031	1.04203e-016
-3.03	1.06479e-016
-3.029	1.08886e-016
-3.028	1.11429e-016
-3.027	1.14109e-016
-3.026	1.16932e-016
-3.025	1.199e-016
-3.024	1.23017e-016
-3.023	1.26287e-016
-3.022	1.29714e-016
-3.021	1.33302e-016
-3.02	1.37056e-016
-3.019	1.4098e-016
-3.018	1.45081e-016
-3.017	1.49362e-016
-3.016	1.53832e-016
-3.015	1.58498e-016
-3.014	1.63368e-016
-3.013	1.68453e-016
-3.012	1.73762e-016
-3.011	1.7931e-016
-3.01	1.8511e-016
-3.009	1.91179e-016
-3.008	1.97538e-016
-3.007	2.0421e-016
-3.006	2.11216e-016
-3.005	2.18591e-016
-3.004	2.26367e-016
-3.003	2.34582e-016
-3.002	2.43279e-016
-3.001	2.52512e-016
-3	2.62334e-016
-2.999	2.72811e-016
-2.998	2.84015e-016
-2.997	2.9603e-016
-2.996	3.08943e-016
-2.995	3.22861e-016
-2.994	3.37898e-016
-2.993	3.5418e-016
-2.992	3.71852e-016
-2.991	3.91072e-016
-2.99	4.12016e-016
-2.989	4.34876e-016
-2.988	4.59871e-016
-2.987	4.87231e-016
-2.986	5.17222e-016
-2.985	5.50126e-016
-2.984	5.86257e-016
-2.983	6.25955e-016
-2.982	6.69594e-016
-2.981	7.17581e-016
-2.98	7.70357e-016
-2.979	8.28404e-016
-2.978	8.92241e-016
-2.977	9.62435e-016
-2.976	1.03959e-015
-2.975	1.12437e-015
-2.974	1.21749e-015
-2.973	1.3197e-015
-2.972	1.43183e-015
-2.971	1.55475e-015
-2.97	1.68941e-015
-2.969	1.83681e-015
-2.968	1.99804e-015
-2.967	2.17424e-015
-2.966	2.36664e-015
-2.965	2.57652e-015
-2.964	2.80529e-015
-2.963	3.0544e-015
-2.962	3.32538e-015
-2.961	3.6199e-015
-2.96	3.93966e-015
-2.959	4.28654e-015
-2.958	4.66241e-015
-2.957	5.06929e-015
-2.956	5.50932e-015
-2.955	5.9847e-015
-2.954	6.49777e-015
-2.953	7.05096e-015
-2.952	7.64676e-015
-2.951	8.28785e-015
-2.95	8.97694e-015
-2.949	9.7169e-015
-2.948	1.05106e-014
-2.947	1.13612e-014
-2.946	1.22718e-014
-2.945	1.32456e-014
-2.944	1.4286e-014
-2.943	1.53963e-014
-2.942	1.65801e-014
-2.941	1.78411e-014
-2.94	1.91827e-014
-2.939	2.06089e-014
-2.938	2.21233e-014
-2.937	2.37297e-014
-2.936	2.54322e-014
-2.935	2.72345e-014
-2.934	2.91407e-014
-2.933	3.11546e-014
-2.932	3.32803e-014
-2.931	3.55217e-014
-2.93	3.78826e-014
-2.929	4.03671e-014
-2.928	4.29789e-014
-2.927	4.5722e-014
-2.926	4.85999e-014
-2.925	5.16164e-014
-2.924	5.47749e-014
-2.923	5.80791e-014
-2.922	6.15322e-014
-2.921	6.51374e-014
-2.92	6.88979e-014
-2.919	7.28168e-014
-2.918	7.68967e-014
-2.917	8.11405e-014
-2.916	8.55508e-014
-2.915	9.01302e-014
-2.914	9.4881e-014
-2.913	9.98055e-014
-2.912	1.04906e-013
-2.911	1.10186e-013
-2.91	1.15646e-013
-2.909	1.21289e-013
-2.908	1.27118e-013
-2.907	1.33135e-013
-2.906	1.39344e-013
-2.905	1.45748e-013
-2.904	1.52352e-013
-2.903	1.59158e-013
-2.902	1.66174e-013
-2.901	1.73405e-013
-2.9	1.80859e-013
-2.899	1.88544e-013
-2.898	1.96472e-013
-2.897	2.04654e-013
-2.896	2.13104e-013
-2.895	2.21839e-013
-2.894	2.3088e-013
-2.893	2.40247e-013
-2.892	2.49969e-013
-2.891	2.60074e-013
-2.89	2.70598e-013
-2.889	2.81581e-013
-2.888	2.93069e-013
-2.887	3.05113e-013
-2.886	3.17772e-013
-2.885	3.31112e-013
-2.884	3.45212e-013
-2.883	3.60154e-013
-2.882	3.76033e-013
-2.881	3.92955e-013
-2.88	4.11042e-013
-2.879	4.30421e-013
-2.878	4.51245e-013
-2.877	4.73673e-013
-2.876	4.97888e-013
-2.875	5.24089e-013
-2.874	5.52495e-013
-2.873	5.83348e-013
-2.872	6.16913e-013
-2.871	6.53481e-013
-2.87	6.9337e-013
-2.869	7.36924e-013
-2.868	7.84523e-013
-2.867	8.36577e-013
-2.866	8.93532e-013
-2.865	9.55872e-013
-2.864	1.02412e-012
-2.863	1.09884e-012
-2.862	1.18064e-012
-2.861	1.27018e-012
-2.86	1.36817e-012
-2.859	1.47536e-012
-2.858	1.59257e-012
-2.857	1.72067e-012
-2.856	1.86059e-012
-2.855	2.01333e-012
-2.854	2.17994e-012
-2.853	2.36155e-012
-2.852	2.55935e-012
-2.851	2.77463e-012
-2.85	3.00873e-012
-2.849	3.26308e-012
-2.848	3.53916e-012
-2.847	3.8386e-012
-2.846	4.16305e-012
-2.845	4.51429e-012
-2.844	4.89412e-012
-2.843	5.30457e-012
-2.842	5.74759e-012
-2.841	6.22534e-012
-2.84	6.74006e-012
-2.839	7.29401e-012
-2.838	7.88963e-012
-2.837	8.52944e-012
-2.836	9.21597e-012
-2.835	9.95201e-012
-2.834	1.07402e-011
-2.833	1.15835e-011
-2.832	1.24849e-011
-2.831	1.34473e-011
-2.83	1.4474e-011
-2.829	1.55681e-011
-2.828	1.67327e-011
-2.827	1.79715e-011
-2.826	1.92876e-011
-2.825	2.06845e-011
-2.824	2.21659e-011
-2.823	2.37351e-011
-2.822	2.53958e-011
-2.821	2.71516e-011
-2.82	2.90061e-011
-2.819	3.0963e-011
-2.818	3.30259e-011
-2.817	3.51985e-011
-2.816	3.74844e-011
-2.815	3.98871e-011
-2.814	4.24105e-011
-2.813	4.50577e-011
-2.812	4.78326e-011
-2.811	5.07384e-011
-2.81	5.37786e-011
-2.809	5.69564e-011
-2.808	6.02753e-011
-2.807	6.37384e-011
-2.806	6.73489e-011
-2.805	7.111e-011
-2.804	7.50246e-011
-2.803	7.9096e-011
-2.802	8.33272e-011
-2.801	8.7721e-011
-2.8	9.22807e-011
-2.799	9.70098e-011
-2.798	1.01911e-010
-2.797	1.06989e-010
-2.796	1.12246e-010
-2.795	1.17686e-010
-2.794	1.23315e-010
-2.793	1.29137e-010
-2.792	1.35157e-010
-2.791	1.41382e-010
-2.79	1.47818e-010
-2.789	1.54473e-010
-2.788	1.61357e-010
-2.787	1.68479e-010
-2.786	1.75852e-010
-2.785	1.83489e-010
-2.784	1.91406e-010
-2.783	1.9962e-010
-2.782	2.08153e-010
-2.781	2.17027e-010
-2.78	2.26268e-010
-2.779	2.35908e-010
-2.778	2.4598e-010
-2.777	2.56524e-010
-2.776	2.67583e-010
-2.775	2.79208e-010
-2.774	2.91451e-010
-2.773	3.04378e-010
-2.772	3.18058e-010
-2.771	3.32568e-010
-2.77	3.47996e-010
-2.769	3.64438e-010
-2.768	3.82002e-010
-2.767	4.00807e-010
-2.766	4.20983e-010
-2.765	4.42675e-010
-2.764	4.66045e-010
-2.763	4.91265e-010
-2.762	5.18528e-010
-2.761	5.48045e-010
-2.76	5.80045e-010
-2.759	6.1478e-010
-2.758	6.52522e-010
-2.757	6.93567e-010
-2.756	7.38238e-010
-2.755	7.86885e-010
-2.754	8.39884e-010
-2.753	8.97646e-010
-2.752	9.60607e-010
-2.751	1.02924e-009
-2.75	1.10406e-009
-2.749	1.18561e-009
-2.748	1.27448e-009
-2.747	1.37129e-009
-2.746	1.47671e-009
-2.745	1.59147e-009
-2.744	1.71631e-009
-2.743	1.85206e-009
-2.742	1.99958e-009
-2.741	2.15977e-009
-2.74	2.33362e-009
-2.739	2.52214e-009
-2.738	2.72642e-009
-2.737	2.94759e-009
-2.736	3.18687e-009
-2.735	3.44552e-009
-2.734	3.72486e-009
-2.733	4.02629e-009
-2.732	4.35129e-009
-2.731	4.70135e-009
-2.73	5.07808e-009
-2.729	5.48312e-009
-2.728	5.91822e-009
-2.727	6.38518e-009
-2.726	6.88587e-009
-2.725	7.42218e-009
-2.724	7.99613e-009
-2.723	8.60978e-009
-2.722	9.26524e-009
-2.721	9.96468e-009
-2.72	1.07104e-008
-2.719	1.15046e-008
-2.718	1.23498e-008
-2.717	1.32482e-008
-2.716	1.42024e-008
-2.715	1.52149e-008
-2.714	1.62748e-008
-2.713	1.7368e-008
-2.712	1.84924e-008
-2.711	1.9646e-008
-2.71	2.08266e-008
-2.709	2.20321e-008
-2.708	2.32601e-008
-2.707	2.45085e-008
-2.706	2.57747e-008
-2.705	2.70563e-008
-2.704	2.83509e-008
-2.703	2.9656e-008
-2.702	3.0969e-008
-2.701	3.22875e-008
-2.7	3.36087e-008
-2.699	3.49301e-008
-2.698	3.62492e-008
-2.697	3.75634e-008
-2.696	3.88701e-008
-2.695	4.01667e-008
-2.694	4.14507e-008
-2.693	4.27196e-008
-2.692	4.39708e-008
-2.691	4.5202e-008
-2.69	4.64109e-008
-2.689	4.75949e-008
-2.688	4.8752e-008
-2.687	4.98798e-008
-2.686	5.09763e-008
-2.685	5.20393e-008
-2.684	5.30669e-008
-2.683	5.40572e-008
-2.682	5.50085e-008
-2.681	5.59191e-008
-2.68	5.67873e-008
-2.679	5.76117e-008
-2.678	5.83909e-008
-2.677	5.91237e-008
-2.676	5.98089e-008
-2.675	6.04455e-008
-2.674	6.10328e-008
-2.673	6.15699e-008
-2.672	6.20562e-008
-2.671	6.24913e-008
-2.67	6.28748e-008
-2.669	6.32067e-008
-2.668	6.34868e-008
-2.667	6.37152e-008
-2.666	6.38922e-008
-2.665	6.40181e-008
-2.664	6.40936e-008
-2.663	6.41194e-008
-2.662	6.40962e-008
-2.661	6.4025e-008
-2.66	6.3907e-008
-2.659	6.37434e-008
-2.658	6.35356e-008
-2.657	6.32851e-008
-2.656	6.29937e-008
-2.655	6.2663e-008
-2.654	6.22952e-008
-2.653	6.18923e-008
-2.652	6.14562e-008
-2.651	6.09895e-008
-2.65	6.04945e-008
-2.649	5.99737e-008
-2.648	5.94297e-008
-2.647	5.88654e-008
-2.646	5.82834e-008
-2.645	5.76867e-008
-2.644	5.70781e-008
-2.643	5.64609e-008
-2.642	5.58378e-008
-2.641	5.52124e-008
-2.64	5.45877e-008
-2.639	5.39669e-008
-2.638	5.33534e-008
-2.637	5.27504e-008
-2.636	5.21613e-008
-2.635	5.15895e-008
-2.634	5.10382e-008
-2.633	5.05109e-008
-2.632	5.00108e-008
-2.631	4.95412e-008
-2.63	4.91056e-008
-2.629	4.8707e-008
-2.628	4.83487e-008
-2.627	4.80338e-008
-2.626	4.77655e-008
-2.625	4.75466e-008
-2.624	4.73802e-008
-2.623	4.72692e-008
-2.622	4.72161e-008
-2.621	4.72239e-008
-2.62	4.72949e-008
-2.619	4.74315e-008
-2.618	4.76362e-008
-2.617	4.79111e-008
-2.616	4.82582e-008
-2.615	4.86795e-008
-2.614	4.91767e-008
-2.613	4.97514e-008
-2.612	5.0405e-008
-2.611	5.11389e-008
-2.61	5.19541e-008
-2.609	5.28517e-008
-2.608	5.38324e-008
-2.607	5.48968e-008
-2.606	5.60453e-008
-2.605	5.72781e-008
-2.604	5.85953e-008
-2.603	5.99967e-008
-2.602	6.14823e-008
-2.601	6.30511e-008
-2.6	6.47027e-008
-2.599	6.64358e-008
-2.598	6.82498e-008
-2.597	7.01432e-008
-2.596	7.21146e-008
-2.595	7.41624e-008
-2.594	7.62848e-008
-2.593	7.84796e-008
-2.592	8.07448e-008
-2.591	8.30779e-008
-2.59	8.54765e-008
-2.589	8.7938e-008
-2.588	9.04596e-008
-2.587	9.30381e-008
-2.586	9.56706e-008
-2.585	9.83535e-008
-2.584	1.01084e-007
-2.583	1.03858e-007
-2.582	1.06672e-007
-2.581	1.09522e-007
-2.58	1.12406e-007
-2.579	1.15317e-007
-2.578	1.18253e-007
-2.577	1.2121e-007
-2.576	1.24183e-007
-2.575	1.27169e-007
-2.574	1.30162e-007
-2.573	1.33159e-007
-2.572	1.36156e-007
-2.571	1.39147e-007
-2.57	1.4213e-007
-2.569	1.45099e-007
-2.568	1.48051e-007
-2.567	1.5098e-007
-2.566	1.53884e-007
-2.565	1.56758e-007
-2.564	1.59597e-007
-2.563	1.62398e-007
-2.562	1.65158e-007
-2.561	1.67871e-007
-2.56	1.70535e-007
-2.559	1.73146e-007
-2.558	1.75701e-007
-2.557	1.78196e-007
-2.556	1.80629e-007
-2.555	1.82996e-007
-2.554	1.85294e-007
-2.553	1.87522e-007
-2.552	1.89676e-007
-2.551	1.91754e-007
-2.55	1.93755e-007
-2.549	1.95677e-007
-2.548	1.97518e-007
-2.547	1.99277e-007
-2.546	2.00952e-007
-2.545	2.02543e-007
-2.544	2.0405e-007
-2.543	2.05471e-007
-2.542	2.06807e-007
-2.541	2.08059e-007
-2.54	2.09226e-007
-2.539	2.10309e-007
-2.538	2.11309e-007
-2.537	2.12228e-007
-2.536	2.13066e-007
-2.535	2.13826e-007
-2.534	2.1451e-007
-2.533	2.15119e-007
-2.532	2.15657e-007
-2.531	2.16125e-007
-2.53	2.16528e-007
-2.529	2.16869e-007
-2.528	2.17151e-007
-2.527	2.17377e-007
-2.526	2.17553e-007
-2.525	2.17681e-007
-2.524	2.17767e-007
-2.523	2.17815e-007
-2.522	2.1783e-007
-2.521	2.17818e-007
-2.52	2.17782e-007
-2.519	2.17729e-007
-2.518	2.17665e-007
-2.517	2.17594e-007
-2.516	2.17523e-007
-2.515	2.17459e-007
-2.514	2.17406e-007
-2.513	2.17371e-007
-2.512	2.1736e-007
-2.511	2.1738e-007
-2.51	2.17437e-007
-2.509	2.17537e-007
-2.508	2.17687e-007
-2.507	2.17894e-007
-2.506	2.18163e-007
-2.505	2.185e-007
-2.504	2.18914e-007
-2.503	2.1941e-007
-2.502	2.19993e-007
-2.501	2.20671e-007
-2.5	2.21449e-007
-2.499	2.22333e-007
-2.498	2.23329e-007
-2.497	2.24443e-007
-2.496	2.2568e-007
-2.495	2.27045e-007
-2.494	2.28544e-007
-2.493	2.30182e-007
-2.492	2.31963e-007
-2.491	2.33891e-007
-2.49	2.35972e-007
-2.489	2.38208e-007
-2.488	2.40604e-007
-2.487	2.43162e-007
-2.486	2.45886e-007
-2.485	2.48779e-007
-2.484	2.51843e-007
-2.483	2.5508e-007
-2.482	2.58492e-007
-2.481	2.62081e-007
-2.48	2.65847e-007
-2.479	2.69792e-007
-2.478	2.73914e-007
-2.477	2.78216e-007
-2.476	2.82696e-007
-2.475	2.87353e-007
-2.474	2.92187e-007
-2.473	2.97195e-007
-2.472	3.02377e-007
-2.471	3.07729e-007
-2.47	3.13248e-007
-2.469	3.18934e-007
-2.468	3.24781e-007
-2.467	3.30786e-007
-2.466	3.36944e-007
-2.465	3.43252e-007
-2.464	3.49705e-007
-2.463	3.56297e-007
-2.462	3.63023e-007
-2.461	3.69878e-007
-2.46	3.76855e-007
-2.459	3.83948e-007
-2.458	3.9115e-007
-2.457	3.98454e-007
-2.456	4.05854e-007
-2.455	4.13341e-007
-2.454	4.20908e-007
-2.453	4.28549e-007
-2.452	4.36253e-007
-2.451	4.44014e-007
-2.45	4.51823e-007
-2.449	4.59671e-007
-2.448	4.67551e-007
-2.447	4.75452e-007
-2.446	4.83369e-007
-2.445	4.91289e-007
-2.444	4.99206e-007
-2.443	5.0711e-007
-2.442	5.14995e-007
-2.441	5.22848e-007
-2.44	5.30663e-007
-2.439	5.38431e-007
-2.438	5.46145e-007
-2.437	5.53796e-007
-2.436	5.61373e-007
-2.435	5.68873e-007
-2.434	5.76284e-007
-2.433	5.83601e-007
-2.432	5.90817e-007
-2.431	5.97923e-007
-2.43	6.04914e-007
-2.429	6.11782e-007
-2.428	6.18523e-007
-2.427	6.25132e-007
-2.426	6.31601e-007
-2.425	6.37927e-007
-2.424	6.44104e-007
-2.423	6.5013e-007
-2.422	6.55998e-007
-2.421	6.61709e-007
-2.42	6.67258e-007
-2.419	6.72643e-007
-2.418	6.77862e-007
-2.417	6.82913e-007
-2.416	6.87798e-007
-2.415	6.92517e-007
-2.414	6.97066e-007
-2.413	7.0145e-007
-2.412	7.05668e-007
-2.411	7.09721e-007
-2.41	7.13616e-007
-2.409	7.17353e-007
-2.408	7.20936e-007
-2.407	7.24368e-007
-2.406	7.27656e-007
-2.405	7.30802e-007
-2.404	7.33814e-007
-2.403	7.36699e-007
-2.402	7.39463e-007
-2.401	7.42112e-007
-2.4	7.44654e-007
-2.399	7.47099e-007
-2.398	7.49455e-007
-2.397	7.5173e-007
-2.396	7.53934e-007
-2.395	7.56077e-007
-2.394	7.5817e-007
-2.393	7.60223e-007
-2.392	7.62248e-007
-2.391	7.64255e-007
-2.39	7.66258e-007
-2.389	7.68267e-007
-2.388	7.70294e-007
-2.387	7.72353e-007
-2.386	7.74456e-007
-2.385	7.76618e-007
-2.384	7.78848e-007
-2.383	7.8116e-007
-2.382	7.83571e-007
-2.381	7.8609e-007
-2.38	7.88732e-007
-2.379	7.9151e-007
-2.378	7.94438e-007
-2.377	7.97528e-007
-2.376	8.00794e-007
-2.375	8.04249e-007
-2.374	8.07905e-007
-2.373	8.11774e-007
-2.372	8.1587e-007
-2.371	8.20204e-007
-2.37	8.24788e-007
-2.369	8.29632e-007
-2.368	8.34749e-007
-2.367	8.4015e-007
-2.366	8.45843e-007
-2.365	8.5184e-007
-2.364	8.5815e-007
-2.363	8.64782e-007
-2.362	8.71741e-007
-2.361	8.79039e-007
-2.36	8.86683e-007
-2.359	8.94678e-007
-2.358	9.03028e-007
-2.357	9.11741e-007
-2.356	9.2082e-007
-2.355	9.30272e-007
-2.354	9.40098e-007
-2.353	9.50301e-007
-2.352	9.60883e-007
-2.351	9.71843e-007
-2.35	9.83186e-007
-2.349	9.94909e-007
-2.348	1.00701e-006
-2.347	1.01949e-006
-2.346	1.03234e-006
-2.345	1.04556e-006
-2.344	1.05915e-006
-2.343	1.07311e-006
-2.342	1.08742e-006
-2.341	1.10208e-006
-2.34	1.11708e-006
-2.339	1.13242e-006
-2.338	1.14809e-006
-2.337	1.16407e-006
-2.336	1.18037e-006
-2.335	1.19696e-006
-2.334	1.21383e-006
-2.333	1.23099e-006
-2.332	1.2484e-006
-2.331	1.26606e-006
-2.33	1.28397e-006
-2.329	1.30209e-006
-2.328	1.32042e-006
-2.327	1.33894e-006
-2.326	1.35764e-006
-2.325	1.3765e-006
-2.324	1.39552e-006
-2.323	1.41466e-006
-2.322	1.43391e-006
-2.321	1.45326e-006
-2.32	1.47269e-006
-2.319	1.49219e-006
-2.318	1.51173e-006
-2.317	1.5313e-006
-2.316	1.55088e-006
-2.315	1.57045e-006
-2.314	1.59001e-006
-2.313	1.60952e-006
-2.312	1.62898e-006
-2.311	1.64836e-006
-2.31	1.66766e-006
-2.309	1.68685e-006
-2.308	1.70592e-006
-2.307	1.72486e-006
-2.306	1.74364e-006
-2.305	1.76225e-006
-2.304	1.78069e-006
-2.303	1.79894e-006
-2.302	1.81698e-006
-2.301	1.8348e-006
-2.3	1.8524e-006
-2.299	1.86975e-006
-2.298	1.88686e-006
-2.297	1.9037e-006
-2.296	1.92028e-006
-2.295	1.93658e-006
-2.294	1.9526e-006
-2.293	1.96833e-006
-2.292	1.98377e-006
-2.291	1.99891e-006
-2.29	2.01375e-006
-2.289	2.02829e-006
-2.288	2.04252e-006
-2.287	2.05645e-006
-2.286	2.07008e-006
-2.285	2.08341e-006
-2.284	2.09644e-006
-2.283	2.10918e-006
-2.282	2.12162e-006
-2.281	2.13378e-006
-2.28	2.14567e-006
-2.279	2.15728e-006
-2.278	2.16864e-006
-2.277	2.17974e-006
-2.276	2.19061e-006
-2.275	2.20125e-006
-2.274	2.21168e-006
-2.273	2.22191e-006
-2.272	2.23195e-006
-2.271	2.24182e-006
-2.27	2.25153e-006
-2.269	2.26111e-006
-2.268	2.27057e-006
-2.267	2.27993e-006
-2.266	2.28922e-006
-2.265	2.29844e-006
-2.264	2.30762e-006
-2.263	2.31678e-006
-2.262	2.32594e-006
-2.261	2.33513e-006
-2.26	2.34437e-006
-2.259	2.35369e-006
-2.258	2.3631e-006
-2.257	2.37262e-006
-2.256	2.38229e-006
-2.255	2.39213e-006
-2.254	2.40216e-006
-2.253	2.4124e-006
-2.252	2.42288e-006
-2.251	2.43364e-006
-2.25	2.44467e-006
-2.249	2.45603e-006
-2.248	2.46772e-006
-2.247	2.47977e-006
-2.246	2.4922e-006
-2.245	2.50505e-006
-2.244	2.51832e-006
-2.243	2.53204e-006
-2.242	2.54624e-006
-2.241	2.56093e-006
-2.24	2.57613e-006
-2.239	2.59186e-006
-2.238	2.60815e-006
-2.237	2.62501e-006
-2.236	2.64246e-006
-2.235	2.66051e-006
-2.234	2.67917e-006
-2.233	2.69847e-006
-2.232	2.71841e-006
-2.231	2.73901e-006
-2.23	2.76027e-006
-2.229	2.78222e-006
-2.228	2.80485e-006
-2.227	2.82817e-006
-2.226	2.85219e-006
-2.225	2.87692e-006
-2.224	2.90236e-006
-2.223	2.9285e-006
-2.222	2.95536e-006
-2.221	2.98292e-006
-2.22	3.0112e-006
-2.219	3.04019e-006
-2.218	3.06987e-006
-2.217	3.10025e-006
-2.216	3.13132e-006
-2.215	3.16308e-006
-2.214	3.1955e-006
-2.213	3.22859e-006
-2.212	3.26233e-006
-2.211	3.29671e-006
-2.21	3.33171e-006
-2.209	3.36731e-006
-2.208	3.40351e-006
-2.207	3.44028e-006
-2.206	3.4776e-006
-2.205	3.51546e-006
-2.204	3.55383e-006
-2.203	3.59269e-006
-2.202	3.63203e-006
-2.201	3.67181e-006
-2.2	3.71201e-006
-2.199	3.7526e-006
-2.198	3.79358e-006
-2.197	3.83488e-006
-2.196	3.87652e-006
-2.195	3.91843e-006
-2.194	3.96062e-006
-2.193	4.00304e-006
-2.192	4.04568e-006
-2.191	4.08848e-006
-2.19	4.13144e-006
-2.189	4.17451e-006
-2.188	4.21768e-006
-2.187	4.26092e-006
-2.186	4.30419e-006
-2.185	4.34747e-006
-2.184	4.39073e-006
-2.183	4.43394e-006
-2.182	4.47707e-006
-2.181	4.5201e-006
-2.18	4.56301e-006
-2.179	4.60576e-006
-2.178	4.64834e-006
-2.177	4.69071e-006
-2.176	4.73286e-006
-2.175	4.77476e-006
-2.174	4.8164e-006
-2.173	4.85774e-006
-2.172	4.89878e-006
-2.171	4.9395e-006
-2.17	4.97988e-006
-2.169	5.01989e-006
-2.168	5.05954e-006
-2.167	5.09881e-006
-2.166	5.13768e-006
-2.165	5.17614e-006
-2.164	5.2142e-006
-2.163	5.25183e-006
-2.162	5.28905e-006
-2.161	5.32583e-006
-2.16	5.36218e-006
-2.159	5.39811e-006
-2.158	5.4336e-006
-2.157	5.46866e-006
-2.156	5.5033e-006
-2.155	5.53752e-006
-2.154	5.57134e-006
-2.153	5.60475e-006
-2.152	5.63778e-006
-2.151	5.67043e-006
-2.15	5.70271e-006
-2.149	5.73466e-006
-2.148	5.76626e-006
-2.147	5.79756e-006
-2.146	5.82857e-006
-2.145	5.8593e-006
-2.144	5.88979e-006
-2.143	5.92006e-006
-2.142	5.95012e-006
-2.141	5.98002e-006
-2.14	6.00977e-006
-2.139	6.03942e-006
-2.138	6.06898e-006
-2.137	6.09849e-006
-2.136	6.12799e-006
-2.135	6.15749e-006
-2.134	6.18705e-006
-2.133	6.21669e-006
-2.132	6.24645e-006
-2.131	6.27636e-006
-2.13	6.30647e-006
-2.129	6.3368e-006
-2.128	6.3674e-006
-2.127	6.39831e-006
-2.126	6.42957e-006
-2.125	6.46119e-006
-2.124	6.49324e-006
-2.123	6.52573e-006
-2.122	6.55873e-006
-2.121	6.59225e-006
-2.12	6.62635e-006
-2.119	6.66105e-006
-2.118	6.69639e-006
-2.117	6.73241e-006
-2.116	6.76914e-006
-2.115	6.80661e-006
-2.114	6.84486e-006
-2.113	6.88393e-006
-2.112	6.92383e-006
-2.111	6.96461e-006
-2.11	7.0063e-006
-2.109	7.04891e-006
-2.108	7.09247e-006
-2.107	7.13702e-006
-2.106	7.18258e-006
-2.105	7.22916e-006
-2.104	7.27679e-006
-2.103	7.3255e-006
-2.102	7.37528e-006
-2.101	7.42617e-006
-2.1	7.47818e-006
-2.099	7.5313e-006
-2.098	7.58556e-006
-2.097	7.64099e-006
-2.096	7.69756e-006
-2.095	7.75529e-006
-2.094	7.81419e-006
-2.093	7.87423e-006
-2.092	7.93545e-006
-2.091	7.99783e-006
-2.09	8.06136e-006
-2.089	8.12604e-006
-2.088	8.19187e-006
-2.087	8.25882e-006
-2.086	8.3269e-006
-2.085	8.39608e-006
-2.084	8.46635e-006
-2.083	8.53769e-006
-2.082	8.61008e-006
-2.081	8.68352e-006
-2.08	8.75795e-006
-2.079	8.83337e-006
-2.078	8.90975e-006
-2.077	8.98707e-006
-2.076	9.06529e-006
-2.075	9.14438e-006
-2.074	9.22433e-006
-2.073	9.30507e-006
-2.072	9.38661e-006
-2.071	9.46889e-006
-2.07	9.55188e-006
-2.069	9.63554e-006
-2.068	9.71983e-006
-2.067	9.80471e-006
-2.066	9.89018e-006
-2.065	9.97615e-006
-2.064	1.00626e-005
-2.063	1.01495e-005
-2.062	1.02368e-005
-2.061	1.03245e-005
-2.06	1.04125e-005
-2.059	1.05008e-005
-2.058	1.05893e-005
-2.057	1.06781e-005
-2.056	1.0767e-005
-2.055	1.0856e-005
-2.054	1.09452e-005
-2.053	1.10344e-005
-2.052	1.11236e-005
-2.051	1.12128e-005
-2.05	1.13019e-005
-2.049	1.1391e-005
-2.048	1.148e-005
-2.047	1.15688e-005
-2.046	1.16575e-005
-2.045	1.17459e-005
-2.044	1.18342e-005
-2.043	1.19221e-005
-2.042	1.20098e-005
-2.041	1.20973e-005
-2.04	1.21844e-005
-2.039	1.22711e-005
-2.038	1.23576e-005
-2.037	1.24436e-005
-2.036	1.25293e-005
-2.035	1.26146e-005
-2.034	1.26996e-005
-2.033	1.27841e-005
-2.032	1.28682e-005
-2.031	1.29519e-005
-2.03	1.30353e-005
-2.029	1.31182e-005
-2.028	1.32008e-005
-2.027	1.32829e-005
-2.026	1.33647e-005
-2.025	1.34462e-005
-2.024	1.35272e-005
-2.023	1.3608e-005
-2.022	1.36885e-005
-2.021	1.37686e-005
-2.02	1.38485e-005
-2.019	1.39282e-005
-2.018	1.40076e-005
-2.017	1.40868e-005
-2.016	1.41659e-005
-2.015	1.42448e-005
-2.014	1.43237e-005
-2.013	1.44025e-005
-2.012	1.44813e-005
-2.011	1.45601e-005
-2.01	1.46389e-005
-2.009	1.47179e-005
-2.008	1.4797e-005
-2.007	1.48763e-005
-2.006	1.49558e-005
-2.005	1.50356e-005
-2.004	1.51158e-005
-2.003	1.51963e-005
-2.002	1.52772e-005
-2.001	1.53586e-005
-2	1.54405e-005
-1.999	1.5523e-005
-1.998	1.56061e-005
-1.997	1.56899e-005
-1.996	1.57744e-005
-1.995	1.58597e-005
-1.994	1.59458e-005
-1.993	1.60328e-005
-1.992	1.61207e-005
-1.991	1.62095e-005
-1.99	1.62994e-005
-1.989	1.63904e-005
-1.988	1.64825e-005
-1.987	1.65757e-005
-1.986	1.66702e-005
-1.985	1.67659e-005
-1.984	1.68629e-005
-1.983	1.69612e-005
-1.982	1.70609e-005
-1.981	1.7162e-005
-1.98	1.72645e-005
-1.979	1.73686e-005
-1.978	1.74741e-005
-1.977	1.75813e-005
-1.976	1.76899e-005
-1.975	1.78002e-005
-1.974	1.79121e-005
-1.973	1.80257e-005
-1.972	1.8141e-005
-1.971	1.82579e-005
-1.97	1.83766e-005
-1.969	1.8497e-005
-1.968	1.86191e-005
-1.967	1.8743e-005
-1.966	1.88686e-005
-1.965	1.8996e-005
-1.964	1.91251e-005
-1.963	1.9256e-005
-1.962	1.93888e-005
-1.961	1.95232e-005
-1.96	1.96594e-005
-1.959	1.97973e-005
-1.958	1.9937e-005
-1.957	2.00784e-005
-1.956	2.02215e-005
-1.955	2.03663e-005
-1.954	2.05128e-005
-1.953	2.06609e-005
-1.952	2.08106e-005
-1.951	2.09619e-005
-1.95	2.11148e-005
-1.949	2.12693e-005
-1.948	2.14253e-005
-1.947	2.15827e-005
-1.946	2.17416e-005
-1.945	2.19018e-005
-1.944	2.20635e-005
-1.943	2.22265e-005
-1.942	2.23908e-005
-1.941	2.25563e-005
-1.94	2.2723e-005
-1.939	2.28909e-005
-1.938	2.306e-005
-1.937	2.32301e-005
-1.936	2.34013e-005
-1.935	2.35734e-005
-1.934	2.37465e-005
-1.933	2.39205e-005
-1.932	2.40954e-005
-1.931	2.42711e-005
-1.93	2.44475e-005
-1.929	2.46247e-005
-1.928	2.48026e-005
-1.927	2.49811e-005
-1.926	2.51601e-005
-1.925	2.53398e-005
-1.924	2.55199e-005
-1.923	2.57006e-005
-1.922	2.58816e-005
-1.921	2.60631e-005
-1.92	2.62449e-005
-1.919	2.64271e-005
-1.918	2.66095e-005
-1.917	2.67922e-005
-1.916	2.69751e-005
-1.915	2.71582e-005
-1.914	2.73416e-005
-1.913	2.7525e-005
-1.912	2.77086e-005
-1.911	2.78923e-005
-1.91	2.80761e-005
-1.909	2.826e-005
-1.908	2.84438e-005
-1.907	2.86278e-005
-1.906	2.88118e-005
-1.905	2.89959e-005
-1.904	2.918e-005
-1.903	2.93641e-005
-1.902	2.95483e-005
-1.901	2.97325e-005
-1.9	2.99167e-005
-1.899	3.0101e-005
-1.898	3.02853e-005
-1.897	3.04698e-005
-1.896	3.06543e-005
-1.895	3.0839e-005
-1.894	3.10238e-005
-1.893	3.12087e-005
-1.892	3.13938e-005
-1.891	3.15792e-005
-1.89	3.17648e-005
-1.889	3.19507e-005
-1.888	3.21368e-005
-1.887	3.23233e-005
-1.886	3.25103e-005
-1.885	3.26976e-005
-1.884	3.28855e-005
-1.883	3.30738e-005
-1.882	3.32628e-005
-1.881	3.34523e-005
-1.88	3.36425e-005
-1.879	3.38335e-005
-1.878	3.40251e-005
-1.877	3.42177e-005
-1.876	3.44112e-005
-1.875	3.46055e-005
-1.874	3.48008e-005
-1.873	3.49973e-005
-1.872	3.51948e-005
-1.871	3.53935e-005
-1.87	3.55934e-005
-1.869	3.57946e-005
-1.868	3.59972e-005
-1.867	3.62012e-005
-1.866	3.64066e-005
-1.865	3.66136e-005
-1.864	3.68222e-005
-1.863	3.70324e-005
-1.862	3.72444e-005
-1.861	3.74581e-005
-1.86	3.76736e-005
-1.859	3.7891e-005
-1.858	3.81104e-005
-1.857	3.83317e-005
-1.856	3.8555e-005
-1.855	3.87805e-005
-1.854	3.90081e-005
-1.853	3.92379e-005
-1.852	3.94699e-005
-1.851	3.97043e-005
-1.85	3.99409e-005
-1.849	4.01799e-005
-1.848	4.04213e-005
-1.847	4.06652e-005
-1.846	4.09116e-005
-1.845	4.11605e-005
-1.844	4.14118e-005
-1.843	4.16658e-005
-1.842	4.19223e-005
-1.841	4.21815e-005
-1.84	4.24433e-005
-1.839	4.27078e-005
-1.838	4.29749e-005
-1.837	4.32448e-005
-1.836	4.35173e-005
-1.835	4.37925e-005
-1.834	4.40705e-005
-1.833	4.43511e-005
-1.832	4.46345e-005
-1.831	4.49206e-005
-1.83	4.52095e-005
-1.829	4.5501e-005
-1.828	4.57952e-005
-1.827	4.60922e-005
-1.826	4.63916e-005
-1.825	4.66939e-005
-1.824	4.69988e-005
-1.823	4.73063e-005
-1.822	4.76165e-005
-1.821	4.79292e-005
-1.82	4.82444e-005
-1.819	4.85622e-005
-1.818	4.88824e-005
-1.817	4.92052e-005
-1.816	4.95304e-005
-1.815	4.9858e-005
-1.814	5.01879e-005
-1.813	5.05202e-005
-1.812	5.08547e-005
-1.811	5.11915e-005
-1.81	5.15306e-005
-1.809	5.18718e-005
-1.808	5.22152e-005
-1.807	5.25606e-005
-1.806	5.29082e-005
-1.805	5.32578e-005
-1.804	5.36092e-005
-1.803	5.39626e-005
-1.802	5.4318e-005
-1.801	5.46752e-005
-1.8	5.50342e-005
-1.799	5.53949e-005
-1.798	5.57575e-005
-1.797	5.61217e-005
-1.796	5.64876e-005
-1.795	5.6855e-005
-1.794	5.7224e-005
-1.793	5.75946e-005
-1.792	5.79668e-005
-1.791	5.83405e-005
-1.79	5.87155e-005
-1.789	5.90919e-005
-1.788	5.94699e-005
-1.787	5.98492e-005
-1.786	6.02297e-005
-1.785	6.06118e-005
-1.784	6.0995e-005
-1.783	6.13795e-005
-1.782	6.17654e-005
-1.781	6.21525e-005
-1.78	6.25409e-005
-1.779	6.29305e-005
-1.778	6.33214e-005
-1.777	6.37135e-005
-1.776	6.41068e-005
-1.775	6.45014e-005
-1.774	6.48972e-005
-1.773	6.52942e-005
-1.772	6.56928e-005
-1.771	6.60924e-005
-1.77	6.64933e-005
-1.769	6.68956e-005
-1.768	6.72991e-005
-1.767	6.77041e-005
-1.766	6.81104e-005
-1.765	6.85181e-005
-1.764	6.89273e-005
-1.763	6.93379e-005
-1.762	6.97501e-005
-1.761	7.01638e-005
-1.76	7.0579e-005
-1.759	7.09959e-005
-1.758	7.14145e-005
-1.757	7.18348e-005
-1.756	7.2257e-005
-1.755	7.26809e-005
-1.754	7.31066e-005
-1.753	7.35343e-005
-1.752	7.3964e-005
-1.751	7.43957e-005
-1.75	7.48296e-005
-1.749	7.52656e-005
-1.748	7.57038e-005
-1.747	7.61443e-005
-1.746	7.65871e-005
-1.745	7.70325e-005
-1.744	7.74802e-005
-1.743	7.79306e-005
-1.742	7.83835e-005
-1.741	7.88391e-005
-1.74	7.92974e-005
-1.739	7.97586e-005
-1.738	8.02227e-005
-1.737	8.06897e-005
-1.736	8.11598e-005
-1.735	8.16329e-005
-1.734	8.21092e-005
-1.733	8.25888e-005
-1.732	8.30717e-005
-1.731	8.35579e-005
-1.73	8.40476e-005
-1.729	8.45407e-005
-1.728	8.50373e-005
-1.727	8.55376e-005
-1.726	8.60417e-005
-1.725	8.65494e-005
-1.724	8.70609e-005
-1.723	8.75764e-005
-1.722	8.80956e-005
-1.721	8.86189e-005
-1.72	8.91462e-005
-1.719	8.96775e-005
-1.718	9.0213e-005
-1.717	9.07526e-005
-1.716	9.12964e-005
-1.715	9.18445e-005
-1.714	9.23969e-005
-1.713	9.29535e-005
-1.712	9.35146e-005
-1.711	9.408e-005
-1.71	9.46498e-005
-1.709	9.52241e-005
-1.708	9.58029e-005
-1.707	9.63862e-005
-1.706	9.69741e-005
-1.705	9.75665e-005
-1.704	9.81634e-005
-1.703	9.87647e-005
-1.702	9.93708e-005
-1.701	9.99814e-005
-1.7	0.000100597
-1.699	0.000101217
-1.698	0.000101841
-1.697	0.00010247
-1.696	0.000103104
-1.695	0.000103742
-1.694	0.000104385
-1.693	0.000105032
-1.692	0.000105685
-1.691	0.000106341
-1.69	0.000107003
-1.689	0.000107668
-1.688	0.000108339
-1.687	0.000109014
-1.686	0.000109693
-1.685	0.000110376
-1.684	0.000111065
-1.683	0.000111758
-1.682	0.000112455
-1.681	0.000113156
-1.68	0.000113862
-1.679	0.000114573
-1.678	0.000115287
-1.677	0.000116006
-1.676	0.000116729
-1.675	0.000117457
-1.674	0.000118188
-1.673	0.000118924
-1.672	0.000119664
-1.671	0.000120408
-1.67	0.000121157
-1.669	0.000121909
-1.668	0.000122666
-1.667	0.000123426
-1.666	0.000124191
-1.665	0.000124959
-1.664	0.000125732
-1.663	0.000126509
-1.662	0.000127289
-1.661	0.000128073
-1.66	0.000128862
-1.659	0.000129655
-1.658	0.000130451
-1.657	0.000131251
-1.656	0.000132055
-1.655	0.000132863
-1.654	0.000133675
-1.653	0.000134491
-1.652	0.000135311
-1.651	0.000136134
-1.65	0.000136962
-1.649	0.000137794
-1.648	0.000138629
-1.647	0.000139468
-1.646	0.000140312
-1.645	0.000141159
-1.644	0.000142011
-1.643	0.000142866
-1.642	0.000143725
-1.641	0.000144589
-1.64	0.000145457
-1.639	0.000146328
-1.638	0.000147204
-1.637	0.000148085
-1.636	0.000148969
-1.635	0.000149858
-1.634	0.000150751
-1.633	0.000151649
-1.632	0.000152551
-1.631	0.000153458
-1.63	0.000154369
-1.629	0.000155285
-1.628	0.000156205
-1.627	0.00015713
-1.626	0.00015806
-1.625	0.000158996
-1.624	0.000159935
-1.623	0.000160881
-1.622	0.000161831
-1.621	0.000162786
-1.62	0.000163746
-1.619	0.000164712
-1.618	0.000165683
-1.617	0.00016666
-1.616	0.000167642
-1.615	0.00016863
-1.614	0.000169623
-1.613	0.000170622
-1.612	0.000171628
-1.611	0.000172639
-1.61	0.000173656
-1.609	0.000174679
-1.608	0.000175708
-1.607	0.000176744
-1.606	0.000177786
-1.605	0.000178835
-1.604	0.00017989
-1.603	0.000180952
-1.602	0.00018202
-1.601	0.000183095
-1.6	0.000184177
-1.599	0.000185266
-1.598	0.000186362
-1.597	0.000187465
-1.596	0.000188575
-1.595	0.000189693
-1.594	0.000190818
-1.593	0.00019195
-1.592	0.00019309
-1.591	0.000194237
-1.59	0.000195392
-1.589	0.000196555
-1.588	0.000197725
-1.587	0.000198903
-1.586	0.000200089
-1.585	0.000201284
-1.584	0.000202486
-1.583	0.000203696
-1.582	0.000204914
-1.581	0.00020614
-1.58	0.000207375
-1.579	0.000208618
-1.578	0.000209869
-1.577	0.000211129
-1.576	0.000212397
-1.575	0.000213674
-1.574	0.000214959
-1.573	0.000216253
-1.572	0.000217555
-1.571	0.000218866
-1.57	0.000220185
-1.569	0.000221513
-1.568	0.000222851
-1.567	0.000224196
-1.566	0.000225551
-1.565	0.000226914
-1.564	0.000228286
-1.563	0.000229667
-1.562	0.000231057
-1.561	0.000232455
-1.56	0.000233863
-1.559	0.00023528
-1.558	0.000236706
-1.557	0.00023814
-1.556	0.000239584
-1.555	0.000241036
-1.554	0.000242497
-1.553	0.000243968
-1.552	0.000245447
-1.551	0.000246936
-1.55	0.000248434
-1.549	0.00024994
-1.548	0.000251456
-1.547	0.000252981
-1.546	0.000254515
-1.545	0.000256058
-1.544	0.00025761
-1.543	0.000259171
-1.542	0.000260742
-1.541	0.000262321
-1.54	0.00026391
-1.539	0.000265508
-1.538	0.000267115
-1.537	0.000268731
-1.536	0.000270356
-1.535	0.00027199
-1.534	0.000273634
-1.533	0.000275287
-1.532	0.00027695
-1.531	0.000278622
-1.53	0.000280302
-1.529	0.000281993
-1.528	0.000283692
-1.527	0.000285401
-1.526	0.00028712
-1.525	0.000288848
-1.524	0.000290585
-1.523	0.000292332
-1.522	0.000294089
-1.521	0.000295855
-1.52	0.000297631
-1.519	0.000299416
-1.518	0.000301212
-1.517	0.000303017
-1.516	0.000304832
-1.515	0.000306656
-1.514	0.000308491
-1.513	0.000310336
-1.512	0.00031219
-1.511	0.000314056
-1.51	0.000315931
-1.509	0.000317816
-1.508	0.000319712
-1.507	0.000321618
-1.506	0.000323535
-1.505	0.000325462
-1.504	0.000327399
-1.503	0.000329348
-1.502	0.000331308
-1.501	0.000333278
-1.5	0.000335259
-1.499	0.000337251
-1.498	0.000339255
-1.497	0.00034127
-1.496	0.000343296
-1.495	0.000345334
-1.494	0.000347383
-1.493	0.000349444
-1.492	0.000351516
-1.491	0.000353601
-1.49	0.000355697
-1.489	0.000357806
-1.488	0.000359926
-1.487	0.000362059
-1.486	0.000364205
-1.485	0.000366363
-1.484	0.000368534
-1.483	0.000370717
-1.482	0.000372914
-1.481	0.000375123
-1.48	0.000377346
-1.479	0.000379582
-1.478	0.000381831
-1.477	0.000384093
-1.476	0.00038637
-1.475	0.00038866
-1.474	0.000390963
-1.473	0.000393281
-1.472	0.000395614
-1.471	0.000397959
-1.47	0.00040032
-1.469	0.000402695
-1.468	0.000405084
-1.467	0.000407488
-1.466	0.000409908
-1.465	0.000412342
-1.464	0.000414791
-1.463	0.000417255
-1.462	0.000419734
-1.461	0.000422229
-1.46	0.000424738
-1.459	0.000427265
-1.458	0.000429806
-1.457	0.000432364
-1.456	0.000434937
-1.455	0.000437527
-1.454	0.000440132
-1.453	0.000442754
-1.452	0.000445393
-1.451	0.000448048
-1.45	0.000450719
-1.449	0.000453407
-1.448	0.000456112
-1.447	0.000458833
-1.446	0.000461572
-1.445	0.000464328
-1.444	0.000467101
-1.443	0.000469891
-1.442	0.000472698
-1.441	0.000475524
-1.44	0.000478367
-1.439	0.000481226
-1.438	0.000484104
-1.437	0.000487
-1.436	0.000489914
-1.435	0.000492845
-1.434	0.000495795
-1.433	0.000498763
-1.432	0.000501749
-1.431	0.000504753
-1.43	0.000507776
-1.429	0.000510817
-1.428	0.000513877
-1.427	0.000516956
-1.426	0.000520052
-1.425	0.000523168
-1.424	0.000526303
-1.423	0.000529457
-1.422	0.000532629
-1.421	0.000535821
-1.42	0.000539032
-1.419	0.000542262
-1.418	0.000545512
-1.417	0.000548781
-1.416	0.000552069
-1.415	0.000555377
-1.414	0.000558704
-1.413	0.000562051
-1.412	0.000565418
-1.411	0.000568805
-1.41	0.000572212
-1.409	0.000575639
-1.408	0.000579086
-1.407	0.000582554
-1.406	0.000586041
-1.405	0.000589549
-1.404	0.000593077
-1.403	0.000596627
-1.402	0.000600196
-1.401	0.000603786
-1.4	0.000607398
-1.399	0.00061103
-1.398	0.000614683
-1.397	0.000618358
-1.396	0.000622054
-1.395	0.00062577
-1.394	0.000629508
-1.393	0.000633269
-1.392	0.000637051
-1.391	0.000640855
-1.39	0.000644681
-1.389	0.000648528
-1.388	0.000652398
-1.387	0.00065629
-1.386	0.000660204
-1.385	0.000664141
-1.384	0.000668101
-1.383	0.000672083
-1.382	0.000676088
-1.381	0.000680116
-1.38	0.000684168
-1.379	0.000688243
-1.378	0.000692342
-1.377	0.000696464
-1.376	0.000700609
-1.375	0.000704779
-1.374	0.000708973
-1.373	0.000713191
-1.372	0.000717434
-1.371	0.000721701
-1.37	0.000725992
-1.369	0.000730309
-1.368	0.000734652
-1.367	0.000739019
-1.366	0.000743411
-1.365	0.000747829
-1.364	0.000752274
-1.363	0.000756744
-1.362	0.000761239
-1.361	0.000765762
-1.36	0.000770311
-1.359	0.000774886
-1.358	0.000779489
-1.357	0.000784118
-1.356	0.000788775
-1.355	0.00079346
-1.354	0.000798172
-1.353	0.000802911
-1.352	0.00080768
-1.351	0.000812476
-1.35	0.000817301
-1.349	0.000822154
-1.348	0.000827036
-1.347	0.000831948
-1.346	0.000836889
-1.345	0.000841859
-1.344	0.00084686
-1.343	0.000851889
-1.342	0.000856949
-1.341	0.000862039
-1.34	0.00086716
-1.339	0.000872311
-1.338	0.000877493
-1.337	0.000882707
-1.336	0.000887953
-1.335	0.00089323
-1.334	0.000898538
-1.333	0.000903879
-1.332	0.000909252
-1.331	0.000914658
-1.33	0.000920096
-1.329	0.000925567
-1.328	0.00093107
-1.327	0.000936608
-1.326	0.000942179
-1.325	0.000947785
-1.324	0.000953422
-1.323	0.000959096
-1.322	0.000964802
-1.321	0.000970544
-1.32	0.00097632
-1.319	0.000982132
-1.318	0.00098798
-1.317	0.000993864
-1.316	0.000999781
-1.315	0.00100573
-1.314	0.00101173
-1.313	0.00101775
-1.312	0.00102381
-1.311	0.00102991
-1.31	0.00103605
-1.309	0.00104222
-1.308	0.00104843
-1.307	0.00105468
-1.306	0.00106097
-1.305	0.00106729
-1.304	0.00107365
-1.303	0.00108005
-1.302	0.00108649
-1.301	0.00109297
-1.3	0.00109949
-1.299	0.00110604
-1.298	0.00111264
-1.297	0.00111927
-1.296	0.00112595
-1.295	0.00113266
-1.294	0.00113942
-1.293	0.00114621
-1.292	0.00115305
-1.291	0.00115993
-1.29	0.00116685
-1.289	0.0011738
-1.288	0.0011808
-1.287	0.00118785
-1.286	0.00119493
-1.285	0.00120206
-1.284	0.00120923
-1.283	0.00121644
-1.282	0.00122369
-1.281	0.00123099
-1.28	0.00123833
-1.279	0.00124572
-1.278	0.00125314
-1.277	0.00126062
-1.276	0.00126813
-1.275	0.00127569
-1.274	0.0012833
-1.273	0.00129095
-1.272	0.00129864
-1.271	0.00130638
-1.27	0.00131417
-1.269	0.001322
-1.268	0.00132988
-1.267	0.00133781
-1.266	0.00134578
-1.265	0.00135379
-1.264	0.00136186
-1.263	0.00136997
-1.262	0.00137813
-1.261	0.00138634
-1.26	0.0013946
-1.259	0.0014029
-1.258	0.00141126
-1.257	0.00141966
-1.256	0.00142811
-1.255	0.00143661
-1.254	0.00144517
-1.253	0.00145377
-1.252	0.00146242
-1.251	0.00147112
-1.25	0.00147988
-1.249	0.00148868
-1.248	0.00149754
-1.247	0.00150645
-1.246	0.00151542
-1.245	0.00152443
-1.244	0.0015335
-1.243	0.00154262
-1.242	0.0015518
-1.241	0.00156103
-1.24	0.00157031
-1.239	0.00157965
-1.238	0.00158904
-1.237	0.00159849
-1.236	0.001608
-1.235	0.00161756
-1.234	0.00162717
-1.233	0.00163685
-1.232	0.00164658
-1.231	0.00165637
-1.23	0.00166621
-1.229	0.00167612
-1.228	0.00168608
-1.227	0.0016961
-1.226	0.00170619
-1.225	0.00171633
-1.224	0.00172653
-1.223	0.00173679
-1.222	0.00174711
-1.221	0.0017575
-1.22	0.00176794
-1.219	0.00177845
-1.218	0.00178902
-1.217	0.00179966
-1.216	0.00181035
-1.215	0.00182111
-1.214	0.00183194
-1.213	0.00184283
-1.212	0.00185378
-1.211	0.0018648
-1.21	0.00187588
-1.209	0.00188704
-1.208	0.00189825
-1.207	0.00190954
-1.206	0.00192089
-1.205	0.00193231
-1.204	0.0019438
-1.203	0.00195535
-1.202	0.00196698
-1.201	0.00197867
-1.2	0.00199044
-1.199	0.00200227
-1.198	0.00201418
-1.197	0.00202616
-1.196	0.00203821
-1.195	0.00205033
-1.194	0.00206253
-1.193	0.00207479
-1.192	0.00208713
-1.191	0.00209955
-1.19	0.00211204
-1.189	0.0021246
-1.188	0.00213724
-1.187	0.00214995
-1.186	0.00216274
-1.185	0.00217561
-1.184	0.00218856
-1.183	0.00220158
-1.182	0.00221468
-1.181	0.00222786
-1.18	0.00224112
-1.179	0.00225445
-1.178	0.00226787
-1.177	0.00228137
-1.176	0.00229494
-1.175	0.0023086
-1.174	0.00232234
-1.173	0.00233616
-1.172	0.00235007
-1.171	0.00236405
-1.17	0.00237813
-1.169	0.00239228
-1.168	0.00240653
-1.167	0.00242085
-1.166	0.00243526
-1.165	0.00244976
-1.164	0.00246435
-1.163	0.00247902
-1.162	0.00249378
-1.161	0.00250862
-1.16	0.00252356
-1.159	0.00253858
-1.158	0.00255369
-1.157	0.00256889
-1.156	0.00258419
-1.155	0.00259957
-1.154	0.00261505
-1.153	0.00263062
-1.152	0.00264628
-1.151	0.00266203
-1.15	0.00267788
-1.149	0.00269382
-1.148	0.00270986
-1.147	0.00272599
-1.146	0.00274222
-1.145	0.00275854
-1.144	0.00277496
-1.143	0.00279148
-1.142	0.00280809
-1.141	0.00282481
-1.14	0.00284162
-1.139	0.00285853
-1.138	0.00287555
-1.137	0.00289266
-1.136	0.00290987
-1.135	0.00292719
-1.134	0.00294461
-1.133	0.00296213
-1.132	0.00297976
-1.131	0.00299749
-1.13	0.00301533
-1.129	0.00303327
-1.128	0.00305132
-1.127	0.00306947
-1.126	0.00308773
-1.125	0.0031061
-1.124	0.00312458
-1.123	0.00314317
-1.122	0.00316187
-1.121	0.00318067
-1.12	0.0031996
-1.119	0.00321863
-1.118	0.00323778
-1.117	0.00325703
-1.116	0.0032764
-1.115	0.00329589
-1.114	0.00331549
-1.113	0.00333521
-1.112	0.00335504
-1.111	0.003375
-1.11	0.00339507
-1.109	0.00341526
-1.108	0.00343557
-1.107	0.003456
-1.106	0.00347655
-1.105	0.00349722
-1.104	0.00351802
-1.103	0.00353893
-1.102	0.00355998
-1.101	0.00358115
-1.1	0.00360244
-1.099	0.00362386
-1.098	0.0036454
-1.097	0.00366708
-1.096	0.00368888
-1.095	0.00371081
-1.094	0.00373288
-1.093	0.00375507
-1.092	0.0037774
-1.091	0.00379986
-1.09	0.00382245
-1.089	0.00384518
-1.088	0.00386804
-1.087	0.00389104
-1.086	0.00391417
-1.085	0.00393745
-1.084	0.00396086
-1.083	0.00398441
-1.082	0.0040081
-1.081	0.00403193
-1.08	0.0040559
-1.079	0.00408002
-1.078	0.00410428
-1.077	0.00412868
-1.076	0.00415324
-1.075	0.00417793
-1.074	0.00420278
-1.073	0.00422776
-1.072	0.00425291
-1.071	0.0042782
-1.07	0.00430364
-1.069	0.00432923
-1.068	0.00435497
-1.067	0.00438087
-1.066	0.00440693
-1.065	0.00443313
-1.064	0.0044595
-1.063	0.00448602
-1.062	0.0045127
-1.061	0.00453954
-1.06	0.00456653
-1.059	0.00459369
-1.058	0.00462101
-1.057	0.0046485
-1.056	0.00467614
-1.055	0.00470396
-1.054	0.00473193
-1.053	0.00476008
-1.052	0.00478839
-1.051	0.00481687
-1.05	0.00484552
-1.049	0.00487434
-1.048	0.00490334
-1.047	0.0049325
-1.046	0.00496184
-1.045	0.00499137
-1.044	0.00502106
-1.043	0.00505092
-1.042	0.00508097
-1.041	0.00511119
-1.04	0.0051416
-1.039	0.00517218
-1.038	0.00520295
-1.037	0.0052339
-1.036	0.00526504
-1.035	0.00529636
-1.034	0.00532786
-1.033	0.00535956
-1.032	0.00539144
-1.031	0.00542351
-1.03	0.00545578
-1.029	0.00548824
-1.028	0.00552089
-1.027	0.00555373
-1.026	0.00558677
-1.025	0.00562
-1.024	0.00565344
-1.023	0.00568707
-1.022	0.0057209
-1.021	0.00575494
-1.02	0.00578916
-1.019	0.00582361
-1.018	0.00585825
-1.017	0.00589311
-1.016	0.00592816
-1.015	0.00596343
-1.014	0.00599891
-1.013	0.0060346
-1.012	0.00607049
-1.011	0.00610661
-1.01	0.00614294
-1.009	0.00617948
-1.008	0.00621623
-1.007	0.00625321
-1.006	0.00629042
-1.005	0.00632783
-1.004	0.00636547
-1.003	0.00640334
-1.002	0.00644143
-1.001	0.00647974
-1	0.0065183
-0.999	0.00655706
-0.998	0.00659606
-0.997	0.0066353
-0.996	0.00667477
-0.995	0.00671447
-0.994	0.0067544
-0.993	0.00679457
-0.992	0.00683499
-0.991	0.00687565
-0.99	0.00691654
-0.989	0.00695768
-0.988	0.00699906
-0.987	0.00704069
-0.986	0.00708256
-0.985	0.00712468
-0.984	0.00716705
-0.983	0.00720967
-0.982	0.00725255
-0.981	0.00729568
-0.98	0.00733906
-0.979	0.00738271
-0.978	0.00742662
-0.977	0.00747078
-0.976	0.00751521
-0.975	0.0075599
-0.974	0.00760485
-0.973	0.00765007
-0.972	0.00769557
-0.971	0.00774133
-0.97	0.00778737
-0.969	0.00783367
-0.968	0.00788026
-0.967	0.00792712
-0.966	0.00797425
-0.965	0.00802166
-0.964	0.00806937
-0.963	0.00811734
-0.962	0.00816561
-0.961	0.00821417
-0.96	0.00826301
-0.959	0.00831214
-0.958	0.00836156
-0.957	0.00841129
-0.956	0.0084613
-0.955	0.00851161
-0.954	0.00856222
-0.953	0.00861314
-0.952	0.00866436
-0.951	0.00871588
-0.95	0.0087677
-0.949	0.00881983
-0.948	0.00887228
-0.947	0.00892503
-0.946	0.0089781
-0.945	0.00903148
-0.944	0.0090852
-0.943	0.00913923
-0.942	0.00919357
-0.941	0.00924823
-0.94	0.00930325
-0.939	0.00935857
-0.938	0.00941422
-0.937	0.0094702
-0.936	0.00952652
-0.935	0.00958317
-0.934	0.00964016
-0.933	0.00969748
-0.932	0.00975516
-0.931	0.00981318
-0.93	0.00987152
-0.929	0.00993024
-0.928	0.00998929
-0.927	0.0100487
-0.926	0.0101085
-0.925	0.0101686
-0.924	0.0102291
-0.923	0.0102899
-0.922	0.0103511
-0.921	0.0104127
-0.92	0.0104746
-0.919	0.0105369
-0.918	0.0105995
-0.917	0.0106626
-0.916	0.010726
-0.915	0.0107898
-0.914	0.010854
-0.913	0.0109185
-0.912	0.0109835
-0.911	0.0110488
-0.91	0.0111145
-0.909	0.0111806
-0.908	0.0112471
-0.907	0.011314
-0.906	0.0113813
-0.905	0.011449
-0.904	0.0115171
-0.903	0.0115856
-0.902	0.0116545
-0.901	0.0117238
-0.9	0.0117935
-0.899	0.0118637
-0.898	0.0119342
-0.897	0.0120052
-0.896	0.0120766
-0.895	0.0121485
-0.894	0.0122207
-0.893	0.0122934
-0.892	0.0123665
-0.891	0.01244
-0.89	0.012514
-0.889	0.0125885
-0.888	0.0126633
-0.887	0.0127387
-0.886	0.0128144
-0.885	0.0128906
-0.884	0.0129673
-0.883	0.0130444
-0.882	0.013122
-0.881	0.0132
-0.88	0.0132785
-0.879	0.0133575
-0.878	0.0134369
-0.877	0.0135169
-0.876	0.0135972
-0.875	0.0136781
-0.874	0.0137595
-0.873	0.0138413
-0.872	0.0139236
-0.871	0.0140064
-0.87	0.0140897
-0.869	0.0141735
-0.868	0.0142578
-0.867	0.0143426
-0.866	0.0144279
-0.865	0.0145137
-0.864	0.0146
-0.863	0.0146868
-0.862	0.0147742
-0.861	0.0148621
-0.86	0.0149505
-0.859	0.0150394
-0.858	0.0151288
-0.857	0.0152188
-0.856	0.0153093
-0.855	0.0154003
-0.854	0.0154919
-0.853	0.015584
-0.852	0.0156767
-0.851	0.0157699
-0.85	0.0158637
-0.849	0.0159581
-0.848	0.016053
-0.847	0.0161484
-0.846	0.0162445
-0.845	0.0163411
-0.844	0.0164383
-0.843	0.016536
-0.842	0.0166343
-0.841	0.0167333
-0.84	0.0168328
-0.839	0.0169329
-0.838	0.0170336
-0.837	0.0171349
-0.836	0.0172368
-0.835	0.0173393
-0.834	0.0174424
-0.833	0.0175461
-0.832	0.0176504
-0.831	0.0177554
-0.83	0.017861
-0.829	0.0179672
-0.828	0.0180741
-0.827	0.0181815
-0.826	0.0182897
-0.825	0.0183984
-0.824	0.0185078
-0.823	0.0186179
-0.822	0.0187286
-0.821	0.01884
-0.82	0.018952
-0.819	0.0190647
-0.818	0.0191781
-0.817	0.0192921
-0.816	0.0194069
-0.815	0.0195222
-0.814	0.0196383
-0.813	0.0197551
-0.812	0.0198726
-0.811	0.0199907
-0.81	0.0201096
-0.809	0.0202292
-0.808	0.0203495
-0.807	0.0204705
-0.806	0.0205922
-0.805	0.0207147
-0.804	0.0208379
-0.803	0.0209618
-0.802	0.0210864
-0.801	0.0212118
-0.8	0.021338
-0.799	0.0214649
-0.798	0.0215925
-0.797	0.0217209
-0.796	0.0218501
-0.795	0.02198
-0.794	0.0221107
-0.793	0.0222422
-0.792	0.0223745
-0.791	0.0225075
-0.79	0.0226414
-0.789	0.022776
-0.788	0.0229115
-0.787	0.0230478
-0.786	0.0231848
-0.785	0.0233227
-0.784	0.0234614
-0.783	0.0236009
-0.782	0.0237413
-0.781	0.0238825
-0.78	0.0240245
-0.779	0.0241674
-0.778	0.0243111
-0.777	0.0244557
-0.776	0.0246011
-0.775	0.0247474
-0.774	0.0248946
-0.773	0.0250427
-0.772	0.0251916
-0.771	0.0253414
-0.77	0.0254922
-0.769	0.0256437
-0.768	0.0257963
-0.767	0.0259497
-0.766	0.026104
-0.765	0.0262593
-0.764	0.0264154
-0.763	0.0265725
-0.762	0.0267306
-0.761	0.0268895
-0.76	0.0270495
-0.759	0.0272103
-0.758	0.0273721
-0.757	0.027535
-0.756	0.0276987
-0.755	0.0278635
-0.754	0.0280291
-0.753	0.0281958
-0.752	0.0283635
-0.751	0.0285322
-0.75	0.0287019
-0.749	0.0288725
-0.748	0.0290443
-0.747	0.029217
-0.746	0.0293907
-0.745	0.0295655
-0.744	0.0297414
-0.743	0.0299182
-0.742	0.0300962
-0.741	0.0302751
-0.74	0.0304552
-0.739	0.0306363
-0.738	0.0308185
-0.737	0.0310017
-0.736	0.0311861
-0.735	0.0313716
-0.734	0.0315581
-0.733	0.0317458
-0.732	0.0319346
-0.731	0.0321245
-0.73	0.0323155
-0.729	0.0325077
-0.728	0.032701
-0.727	0.0328954
-0.726	0.033091
-0.725	0.0332879
-0.724	0.0334858
-0.723	0.0336849
-0.722	0.0338852
-0.721	0.0340867
-0.72	0.0342894
-0.719	0.0344934
-0.718	0.0346984
-0.717	0.0349048
-0.716	0.0351124
-0.715	0.0353212
-0.714	0.0355312
-0.713	0.0357425
-0.712	0.0359551
-0.711	0.0361689
-0.71	0.036384
-0.709	0.0366003
-0.708	0.036818
-0.707	0.0370369
-0.706	0.0372572
-0.705	0.0374788
-0.704	0.0377017
-0.703	0.0379259
-0.702	0.0381514
-0.701	0.0383783
-0.7	0.0386065
-0.699	0.0388361
-0.698	0.039067
-0.697	0.0392994
-0.696	0.0395331
-0.695	0.0397682
-0.694	0.0400047
-0.693	0.0402426
-0.692	0.0404819
-0.691	0.0407227
-0.69	0.0409649
-0.689	0.0412085
-0.688	0.0414535
-0.687	0.0417
-0.686	0.041948
-0.685	0.0421974
-0.684	0.0424484
-0.683	0.0427008
-0.682	0.0429548
-0.681	0.0432102
-0.68	0.0434672
-0.679	0.0437257
-0.678	0.0439857
-0.677	0.0442473
-0.676	0.0445104
-0.675	0.0447751
-0.674	0.0450413
-0.673	0.0453092
-0.672	0.0455786
-0.671	0.0458497
-0.67	0.0461223
-0.669	0.0463967
-0.668	0.0466725
-0.667	0.0469501
-0.666	0.0472293
-0.665	0.0475101
-0.664	0.0477927
-0.663	0.0480769
-0.662	0.0483627
-0.661	0.0486503
-0.66	0.0489397
-0.659	0.0492307
-0.658	0.0495234
-0.657	0.0498179
-0.656	0.0501142
-0.655	0.0504122
-0.654	0.050712
-0.653	0.0510136
-0.652	0.051317
-0.651	0.0516221
-0.65	0.051929
-0.649	0.0522379
-0.648	0.0525485
-0.647	0.052861
-0.646	0.0531754
-0.645	0.0534916
-0.644	0.0538097
-0.643	0.0541296
-0.642	0.0544515
-0.641	0.0547754
-0.64	0.0551011
-0.639	0.0554288
-0.638	0.0557584
-0.637	0.05609
-0.636	0.0564235
-0.635	0.0567592
-0.634	0.0570967
-0.633	0.0574362
-0.632	0.0577778
-0.631	0.0581214
-0.63	0.0584671
-0.629	0.0588147
-0.628	0.0591645
-0.627	0.0595163
-0.626	0.0598703
-0.625	0.0602264
-0.624	0.0605845
-0.623	0.0609448
-0.622	0.0613073
-0.621	0.0616718
-0.62	0.0620386
-0.619	0.0624075
-0.618	0.0627787
-0.617	0.0631521
-0.616	0.0635276
-0.615	0.0639055
-0.614	0.0642855
-0.613	0.0646678
-0.612	0.0650523
-0.611	0.0654392
-0.61	0.0658284
-0.609	0.0662199
-0.608	0.0666136
-0.607	0.0670099
-0.606	0.0674084
-0.605	0.0678092
-0.604	0.0682125
-0.603	0.0686182
-0.602	0.0690262
-0.601	0.0694367
-0.6	0.0698496
-0.599	0.0702649
-0.598	0.0706828
-0.597	0.0711032
-0.596	0.071526
-0.595	0.0719513
-0.594	0.0723793
-0.593	0.0728097
-0.592	0.0732426
-0.591	0.0736782
-0.59	0.0741164
-0.589	0.0745571
-0.588	0.0750005
-0.587	0.0754465
-0.586	0.0758951
-0.585	0.0763464
-0.584	0.0768004
-0.583	0.0772571
-0.582	0.0777164
-0.581	0.0781787
-0.58	0.0786435
-0.579	0.0791112
-0.578	0.0795817
-0.577	0.0800549
-0.576	0.080531
-0.575	0.0810098
-0.574	0.0814916
-0.573	0.0819762
-0.572	0.0824636
-0.571	0.082954
-0.57	0.0834473
-0.569	0.0839435
-0.568	0.0844427
-0.567	0.0849448
-0.566	0.08545
-0.565	0.0859582
-0.564	0.0864693
-0.563	0.0869835
-0.562	0.0875008
-0.561	0.0880211
-0.56	0.0885446
-0.559	0.0890711
-0.558	0.0896008
-0.557	0.0901338
-0.556	0.0906696
-0.555	0.0912089
-0.554	0.0917513
-0.553	0.0922969
-0.552	0.0928458
-0.551	0.0933979
-0.55	0.0939533
-0.549	0.0945121
-0.548	0.0950741
-0.547	0.0956395
-0.546	0.0962083
-0.545	0.0967804
-0.544	0.097356
-0.543	0.097935
-0.542	0.0985174
-0.541	0.0991033
-0.54	0.0996926
-0.539	0.100285
-0.538	0.100882
-0.537	0.101482
-0.536	0.102085
-0.535	0.102692
-0.534	0.103303
-0.533	0.103917
-0.532	0.104535
-0.531	0.105157
-0.53	0.105782
-0.529	0.106411
-0.528	0.107044
-0.527	0.107681
-0.526	0.108321
-0.525	0.108965
-0.524	0.109613
-0.523	0.110265
-0.522	0.110921
-0.521	0.111581
-0.52	0.112244
-0.519	0.112912
-0.518	0.113583
-0.517	0.114259
-0.516	0.114938
-0.515	0.115622
-0.514	0.116309
-0.513	0.117001
-0.512	0.117697
-0.511	0.118396
-0.51	0.1191
-0.509	0.119809
-0.508	0.120521
-0.507	0.121238
-0.506	0.121959
-0.505	0.122684
-0.504	0.123414
-0.503	0.124147
-0.502	0.124886
-0.501	0.125628
-0.5	0.126375
-0.499	0.127127
-0.498	0.127883
-0.497	0.128643
-0.496	0.129409
-0.495	0.130178
-0.494	0.130952
-0.493	0.131731
-0.492	0.132514
-0.491	0.133302
-0.49	0.134095
-0.489	0.134892
-0.488	0.135695
-0.487	0.136501
-0.486	0.137313
-0.485	0.13813
-0.484	0.138951
-0.483	0.139778
-0.482	0.140609
-0.481	0.141445
-0.48	0.142286
-0.479	0.143132
-0.478	0.143984
-0.477	0.14484
-0.476	0.145701
-0.475	0.146568
-0.474	0.147439
-0.473	0.148316
-0.472	0.149198
-0.471	0.150085
-0.47	0.150978
-0.469	0.151876
-0.468	0.152779
-0.467	0.153687
-0.466	0.154602
-0.465	0.155521
-0.464	0.156446
-0.463	0.157376
-0.462	0.158312
-0.461	0.159254
-0.46	0.160201
-0.459	0.161153
-0.458	0.162112
-0.457	0.163076
-0.456	0.164046
-0.455	0.165021
-0.454	0.166003
-0.453	0.16699
-0.452	0.167983
-0.451	0.168982
-0.45	0.169987
-0.449	0.170997
-0.448	0.172014
-0.447	0.173037
-0.446	0.174066
-0.445	0.175101
-0.444	0.176143
-0.443	0.17719
-0.442	0.178244
-0.441	0.179304
-0.44	0.18037
-0.439	0.181443
-0.438	0.182522
-0.437	0.183607
-0.436	0.184699
-0.435	0.185797
-0.434	0.186902
-0.433	0.188013
-0.432	0.189131
-0.431	0.190256
-0.43	0.191388
-0.429	0.192526
-0.428	0.19367
-0.427	0.194822
-0.426	0.195981
-0.425	0.197146
-0.424	0.198318
-0.423	0.199498
-0.422	0.200684
-0.421	0.201878
-0.42	0.203078
-0.419	0.204286
-0.418	0.2055
-0.417	0.206722
-0.416	0.207952
-0.415	0.209188
-0.414	0.210479
-0.413	0.211874
-0.412	0.213374
-0.411	0.214979
-0.41	0.216691
-0.409	0.218509
-0.408	0.220433
-0.407	0.222465
-0.406	0.224603
-0.405	0.226847
-0.404	0.229199
-0.403	0.231656
-0.402	0.234219
-0.401	0.236887
-0.4	0.239659
-0.399	0.242535
-0.398	0.245513
-0.397	0.248592
-0.396	0.251771
-0.395	0.255048
-0.394	0.258423
-0.393	0.261893
-0.392	0.265457
-0.391	0.269114
-0.39	0.27286
-0.389	0.276694
-0.388	0.280615
-0.387	0.284619
-0.386	0.288705
-0.385	0.292869
-0.384	0.29711
-0.383	0.301425
-0.382	0.305812
-0.381	0.310267
-0.38	0.314788
-0.379	0.319371
-0.378	0.324015
-0.377	0.328716
-0.376	0.33347
-0.375	0.338276
-0.374	0.343129
-0.373	0.348027
-0.372	0.352967
-0.371	0.357944
-0.37	0.362956
-0.369	0.368
-0.368	0.373072
-0.367	0.378169
-0.366	0.383287
-0.365	0.388423
-0.364	0.393613
-0.363	0.39889
-0.362	0.404253
-0.361	0.409693
-0.36	0.415208
-0.359	0.420792
-0.358	0.426439
-0.357	0.432145
-0.356	0.437906
-0.355	0.443713
-0.354	0.449564
-0.353	0.455452
-0.352	0.461371
-0.351	0.467319
-0.35	0.473286
-0.349	0.47927
-0.348	0.485264
-0.347	0.491262
-0.346	0.497261
-0.345	0.503252
-0.344	0.509232
-0.343	0.515194
-0.342	0.521133
-0.341	0.527044
-0.34	0.532922
-0.339	0.538759
-0.338	0.544555
-0.337	0.550298
-0.336	0.555988
-0.335	0.561617
-0.334	0.567181
-0.333	0.572674
-0.332	0.578092
-0.331	0.58343
-0.33	0.588683
-0.329	0.593844
-0.328	0.598912
-0.327	0.60388
-0.326	0.608744
-0.325	0.613499
-0.324	0.618144
-0.323	0.622668
-0.322	0.627074
-0.321	0.631353
-0.32	0.635506
-0.319	0.639523
-0.318	0.643406
-0.317	0.647148
-0.316	0.650748
-0.315	0.654201
-0.314	0.657504
-0.313	0.660655
-0.312	0.663651
-0.311	0.66649
-0.31	0.669168
-0.309	0.671684
-0.308	0.674033
-0.307	0.676216
-0.306	0.678232
-0.305	0.680076
-0.304	0.681748
-0.303	0.683246
-0.302	0.684571
-0.301	0.685719
-0.3	0.68669
-0.299	0.687484
-0.298	0.6881
-0.297	0.688539
-0.296	0.688797
-0.295	0.688879
-0.294	0.688781
-0.293	0.688504
-0.292	0.688052
-0.291	0.68742
-0.29	0.686613
-0.289	0.685632
-0.288	0.684473
-0.287	0.683145
-0.286	0.681643
-0.285	0.679971
-0.284	0.678133
-0.283	0.676127
-0.282	0.673958
-0.281	0.671627
-0.28	0.669135
-0.279	0.666489
-0.278	0.663687
-0.277	0.660735
-0.276	0.657633
-0.275	0.654387
-0.274	0.650999
-0.273	0.647474
-0.272	0.64381
-0.271	0.640021
-0.27	0.636099
-0.269	0.632056
-0.268	0.627893
-0.267	0.623614
-0.266	0.619225
-0.265	0.61473
-0.264	0.610131
-0.263	0.605436
-0.262	0.600646
-0.261	0.59577
-0.26	0.590809
-0.259	0.58577
-0.258	0.580657
-0.257	0.575476
-0.256	0.570231
-0.255	0.56493
-0.254	0.559572
-0.253	0.554171
-0.252	0.548724
-0.251	0.543242
-0.25	0.537727
-0.249	0.532187
-0.248	0.526625
-0.247	0.52105
-0.246	0.515462
-0.245	0.509873
-0.244	0.504284
-0.243	0.498702
-0.242	0.493132
-0.241	0.487579
-0.24	0.48205
-0.239	0.476552
-0.238	0.471083
-0.237	0.465659
-0.236	0.460276
-0.235	0.454945
-0.234	0.449669
-0.233	0.444454
-0.232	0.439303
-0.231	0.434226
-0.23	0.429222
-0.229	0.424301
-0.228	0.419463
-0.227	0.414718
-0.226	0.410068
-0.225	0.405517
-0.224	0.401071
-0.223	0.396734
-0.222	0.392508
-0.221	0.388402
-0.22	0.384416
-0.219	0.380556
-0.218	0.376825
-0.217	0.373228
-0.216	0.369766
-0.215	0.366446
-0.214	0.363267
-0.213	0.360236
-0.212	0.357355
-0.211	0.354627
-0.21	0.352053
-0.209	0.349639
-0.208	0.347384
-0.207	0.345294
-0.206	0.343367
-0.205	0.341609
-0.204	0.340019
-0.203	0.3386
-0.202	0.337354
-0.201	0.33628
-0.2	0.335383
-0.199	0.334661
-0.198	0.334116
-0.197	0.333749
-0.196	0.333559
-0.195	0.333549
-0.194	0.333717
-0.193	0.334064
-0.192	0.334589
-0.191	0.335294
-0.19	0.336175
-0.189	0.337234
-0.188	0.338471
-0.187	0.339881
-0.186	0.341468
-0.185	0.343225
-0.184	0.345156
-0.183	0.347255
-0.182	0.349525
-0.181	0.351959
-0.18	0.354558
-0.179	0.357319
-0.178	0.36024
-0.177	0.363315
-0.176	0.366549
-0.175	0.36993
-0.174	0.373462
-0.173	0.377137
-0.172	0.380956
-0.171	0.384911
-0.17	0.389003
-0.169	0.393225
-0.168	0.397577
-0.167	0.402048
-0.166	0.406643
-0.165	0.411349
-0.164	0.41617
-0.163	0.421095
-0.162	0.426124
-0.161	0.431248
-0.16	0.436469
-0.159	0.441773
-0.158	0.447167
-0.157	0.452633
-0.156	0.458177
-0.155	0.463786
-0.154	0.469461
-0.153	0.475192
-0.152	0.480979
-0.151	0.48681
-0.15	0.492688
-0.149	0.498596
-0.148	0.504542
-0.147	0.510509
-0.146	0.516501
-0.145	0.522505
-0.144	0.528521
-0.143	0.534538
-0.142	0.540558
-0.141	0.546566
-0.14	0.552567
-0.139	0.558546
-0.138	0.564503
-0.137	0.570432
-0.136	0.576326
-0.135	0.582179
-0.134	0.587991
-0.133	0.593748
-0.132	0.599454
-0.131	0.605096
-0.13	0.610673
-0.129	0.616179
-0.128	0.62161
-0.127	0.626959
-0.126	0.632223
-0.125	0.637394
-0.124	0.642474
-0.123	0.647451
-0.122	0.652325
-0.121	0.657089
-0.12	0.661742
-0.119	0.666275
-0.118	0.670689
-0.117	0.674974
-0.116	0.679134
-0.115	0.683158
-0.114	0.687048
-0.113	0.690796
-0.112	0.694401
-0.111	0.697859
-0.11	0.701168
-0.109	0.704322
-0.108	0.707326
-0.107	0.710165
-0.106	0.712848
-0.105	0.715367
-0.104	0.717721
-0.103	0.719906
-0.102	0.721926
-0.101	0.723771
-0.1	0.725447
