-4	9.77011e-019
-3.999	9.78038e-019
-3.998	9.78817e-019
-3.997	9.79348e-019
-3.996	9.79636e-019
-3.995	9.79675e-019
-3.994	9.79464e-019
-3.993	9.79006e-019
-3.992	9.78299e-019
-3.991	9.7735e-019
-3.99	9.7615e-019
-3.989	9.74704e-019
-3.988	9.73011e-019
-3.987	9.71074e-019
-3.986	9.68894e-019
-3.985	9.66472e-019
-3.984	9.63807e-019
-3.983	9.60904e-019
-3.982	9.57764e-019
-3.981	9.54387e-019
-3.98	9.50779e-019
-3.979	9.46937e-019
-3.978	9.42869e-019
-3.977	9.38575e-019
-3.976	9.34058e-019
-3.975	9.2932e-019
-3.974	9.24367e-019
-3.973	9.19202e-019
-3.972	9.13825e-019
-3.971	9.08243e-019
-3.97	9.02459e-019
-3.969	8.96478e-019
-3.968	8.90303e-019
-3.967	8.8394e-019
-3.966	8.77394e-019
-3.965	8.70668e-019
-3.964	8.63769e-019
-3.963	8.56701e-019
-3.962	8.49472e-019
-3.961	8.42083e-019
-3.96	8.34544e-019
-3.959	8.26861e-019
-3.958	8.19038e-019
-3.957	8.11082e-019
-3.956	8.03002e-019
-3.955	7.94803e-019
-3.954	7.8649e-019
-3.953	7.78074e-019
-3.952	7.69561e-019
-3.951	7.60956e-019
-3.95	7.5227e-019
-3.949	7.43509e-019
-3.948	7.34682e-019
-3.947	7.25796e-019
-3.946	7.16863e-019
-3.945	7.07888e-019
-3.944	6.98881e-019
-3.943	6.89851e-019
-3.942	6.80805e-019
-3.941	6.71757e-019
-3.94	6.62711e-019
-3.939	6.53679e-019
-3.938	6.44671e-019
-3.937	6.35698e-019
-3.936	6.26767e-019
-3.935	6.17891e-019
-3.934	6.09079e-019
-3.933	6.00339e-019
-3.932	5.91685e-019
-3.931	5.83127e-019
-3.93	5.74675e-019
-3.929	5.66342e-019
-3.928	5.58136e-019
-3.927	5.5007e-019
-3.926	5.42155e-019
-3.925	5.344e-019
-3.924	5.2682e-019
-3.923	5.19425e-019
-3.922	5.12227e-019
-3.921	5.05238e-019
-3.92	4.9847e-019
-3.919	4.91933e-019
-3.918	4.8564e-019
-3.917	4.79602e-019
-3.916	4.73835e-019
-3.915	4.68346e-019
-3.914	4.6315e-019
-3.913	4.58258e-019
-3.912	4.53685e-019
-3.911	4.49441e-019
-3.91	4.45537e-019
-3.909	4.41988e-019
-3.908	4.38805e-019
-3.907	4.36001e-019
-3.906	4.33589e-019
-3.905	4.31579e-019
-3.904	4.29985e-019
-3.903	4.2882e-019
-3.902	4.28094e-019
-3.901	4.2782e-019
-3.9	4.28012e-019
-3.899	4.2868e-019
-3.898	4.29838e-019
-3.897	4.31495e-019
-3.896	4.33667e-019
-3.895	4.36363e-019
-3.894	4.39597e-019
-3.893	4.43379e-019
-3.892	4.47722e-019
-3.891	4.52635e-019
-3.89	4.58131e-019
-3.889	4.64223e-019
-3.888	4.70919e-019
-3.887	4.78234e-019
-3.886	4.86175e-019
-3.885	4.94752e-019
-3.884	5.03982e-019
-3.883	5.13868e-019
-3.882	5.24425e-019
-3.881	5.35661e-019
-3.88	5.47587e-019
-3.879	5.60212e-019
-3.878	5.73545e-019
-3.877	5.87596e-019
-3.876	6.02374e-019
-3.875	6.17887e-019
-3.874	6.34145e-019
-3.873	6.51156e-019
-3.872	6.68927e-019
-3.871	6.87467e-019
-3.87	7.06783e-019
-3.869	7.2688e-019
-3.868	7.4777e-019
-3.867	7.69457e-019
-3.866	7.91947e-019
-3.865	8.15246e-019
-3.864	8.3936e-019
-3.863	8.64296e-019
-3.862	8.90057e-019
-3.861	9.16649e-019
-3.86	9.44076e-019
-3.859	9.72343e-019
-3.858	1.00145e-018
-3.857	1.03141e-018
-3.856	1.06222e-018
-3.855	1.09387e-018
-3.854	1.12638e-018
-3.853	1.15975e-018
-3.852	1.19398e-018
-3.851	1.22907e-018
-3.85	1.26502e-018
-3.849	1.30182e-018
-3.848	1.33949e-018
-3.847	1.37801e-018
-3.846	1.4174e-018
-3.845	1.45764e-018
-3.844	1.49873e-018
-3.843	1.54069e-018
-3.842	1.58349e-018
-3.841	1.62713e-018
-3.84	1.67162e-018
-3.839	1.71695e-018
-3.838	1.76312e-018
-3.837	1.81011e-018
-3.836	1.85793e-018
-3.835	1.90657e-018
-3.834	1.95602e-018
-3.833	2.00628e-018
-3.832	2.05733e-018
-3.831	2.10917e-018
-3.83	2.16179e-018
-3.829	2.21519e-018
-3.828	2.26935e-018
-3.827	2.32426e-018
-3.826	2.37992e-018
-3.825	2.43631e-018
-3.824	2.49342e-018
-3.823	2.55124e-018
-3.822	2.60975e-018
-3.821	2.66895e-018
-3.82	2.72883e-018
-3.819	2.78936e-018
-3.818	2.85053e-018
-3.817	2.91233e-018
-3.816	2.97475e-018
-3.815	3.03775e-018
-3.814	3.10134e-018
-3.813	3.16551e-018
-3.812	3.23021e-018
-3.811	3.29544e-018
-3.81	3.36119e-018
-3.809	3.42743e-018
-3.808	3.49415e-018
-3.807	3.56133e-018
-3.806	3.62893e-018
-3.805	3.69696e-018
-3.804	3.76538e-018
-3.803	3.83416e-018
-3.802	3.90331e-018
-3.801	3.97278e-018
-3.8	4.04256e-018
-3.799	4.11262e-018
-3.798	4.18294e-018
-3.797	4.25351e-018
-3.796	4.32429e-018
-3.795	4.39526e-018
-3.794	4.46639e-018
-3.793	4.53767e-018
-3.792	4.60905e-018
-3.791	4.68053e-018
-3.79	4.75206e-018
-3.789	4.82363e-018
-3.788	4.89522e-018
-3.787	4.96681e-018
-3.786	5.03833e-018
-3.785	5.10978e-018
-3.784	5.18114e-018
-3.783	5.25238e-018
-3.782	5.32346e-018
-3.781	5.39435e-018
-3.78	5.46502e-018
-3.779	5.53547e-018
-3.778	5.60565e-018
-3.777	5.67553e-018
-3.776	5.74507e-018
-3.775	5.81427e-018
-3.774	5.88308e-018
-3.773	5.95147e-018
-3.772	6.01942e-018
-3.771	6.08692e-018
-3.77	6.15388e-018
-3.769	6.22035e-018
-3.768	6.28622e-018
-3.767	6.35152e-018
-3.766	6.4162e-018
-3.765	6.48021e-018
-3.764	6.54356e-018
-3.763	6.60621e-018
-3.762	6.6681e-018
-3.761	6.72925e-018
-3.76	6.78957e-018
-3.759	6.84909e-018
-3.758	6.90776e-018
-3.757	6.96555e-018
-3.756	7.02243e-018
-3.755	7.07838e-018
-3.754	7.13338e-018
-3.753	7.18736e-018
-3.752	7.24033e-018
-3.751	7.29227e-018
-3.75	7.34315e-018
-3.749	7.39293e-018
-3.748	7.44158e-018
-3.747	7.4891e-018
-3.746	7.53543e-018
-3.745	7.58059e-018
-3.744	7.62453e-018
-3.743	7.66724e-018
-3.742	7.70869e-018
-3.741	7.74883e-018
-3.74	7.78768e-018
-3.739	7.82522e-018
-3.738	7.86142e-018
-3.737	7.89624e-018
-3.736	7.92969e-018
-3.735	7.96174e-018
-3.734	7.99237e-018
-3.733	8.02158e-018
-3.732	8.04933e-018
-3.731	8.07562e-018
-3.73	8.10044e-018
-3.729	8.12377e-018
-3.728	8.14558e-018
-3.727	8.16586e-018
-3.726	8.18466e-018
-3.725	8.20192e-018
-3.724	8.21762e-018
-3.723	8.23179e-018
-3.722	8.2444e-018
-3.721	8.25542e-018
-3.72	8.2649e-018
-3.719	8.2728e-018
-3.718	8.27913e-018
-3.717	8.28387e-018
-3.716	8.28703e-018
-3.715	8.28862e-018
-3.714	8.28864e-018
-3.713	8.28709e-018
-3.712	8.28397e-018
-3.711	8.2793e-018
-3.71	8.27307e-018
-3.709	8.26526e-018
-3.708	8.25592e-018
-3.707	8.24506e-018
-3.706	8.23269e-018
-3.705	8.21879e-018
-3.704	8.20341e-018
-3.703	8.18651e-018
-3.702	8.16822e-018
-3.701	8.14846e-018
-3.7	8.12724e-018
-3.699	8.10463e-018
-3.698	8.08063e-018
-3.697	8.0553e-018
-3.696	8.02858e-018
-3.695	8.00058e-018
-3.694	7.97129e-018
-3.693	7.94074e-018
-3.692	7.90894e-018
-3.691	7.87597e-018
-3.69	7.8418e-018
-3.689	7.80653e-018
-3.688	7.77016e-018
-3.687	7.7327e-018
-3.686	7.69424e-018
-3.685	7.65479e-018
-3.684	7.61442e-018
-3.683	7.57311e-018
-3.682	7.53094e-018
-3.681	7.48795e-018
-3.68	7.44421e-018
-3.679	7.39975e-018
-3.678	7.35463e-018
-3.677	7.30887e-018
-3.676	7.26253e-018
-3.675	7.21567e-018
-3.674	7.16834e-018
-3.673	7.12062e-018
-3.672	7.07253e-018
-3.671	7.02414e-018
-3.67	6.97554e-018
-3.669	6.92673e-018
-3.668	6.87783e-018
-3.667	6.82885e-018
-3.666	6.77991e-018
-3.665	6.73103e-018
-3.664	6.6823e-018
-3.663	6.63377e-018
-3.662	6.58551e-018
-3.661	6.5376e-018
-3.66	6.49013e-018
-3.659	6.44312e-018
-3.658	6.39668e-018
-3.657	6.35091e-018
-3.656	6.30582e-018
-3.655	6.26151e-018
-3.654	6.2181e-018
-3.653	6.1756e-018
-3.652	6.13413e-018
-3.651	6.09375e-018
-3.65	6.05455e-018
-3.649	6.01662e-018
-3.648	5.98002e-018
-3.647	5.94485e-018
-3.646	5.91119e-018
-3.645	5.87909e-018
-3.644	5.84869e-018
-3.643	5.82004e-018
-3.642	5.79323e-018
-3.641	5.76835e-018
-3.64	5.74549e-018
-3.639	5.72471e-018
-3.638	5.70613e-018
-3.637	5.68982e-018
-3.636	5.67588e-018
-3.635	5.66438e-018
-3.634	5.65541e-018
-3.633	5.64907e-018
-3.632	5.64543e-018
-3.631	5.6446e-018
-3.63	5.64665e-018
-3.629	5.65167e-018
-3.628	5.65975e-018
-3.627	5.67098e-018
-3.626	5.68545e-018
-3.625	5.70323e-018
-3.624	5.72442e-018
-3.623	5.7491e-018
-3.622	5.77738e-018
-3.621	5.80931e-018
-3.62	5.845e-018
-3.619	5.8845e-018
-3.618	5.92792e-018
-3.617	5.97535e-018
-3.616	6.02684e-018
-3.615	6.08251e-018
-3.614	6.14242e-018
-3.613	6.20664e-018
-3.612	6.27525e-018
-3.611	6.34834e-018
-3.61	6.42598e-018
-3.609	6.50824e-018
-3.608	6.59521e-018
-3.607	6.68694e-018
-3.606	6.78351e-018
-3.605	6.88498e-018
-3.604	6.99146e-018
-3.603	7.10296e-018
-3.602	7.21956e-018
-3.601	7.34135e-018
-3.6	7.46836e-018
-3.599	7.60067e-018
-3.598	7.73834e-018
-3.597	7.8814e-018
-3.596	8.02993e-018
-3.595	8.18398e-018
-3.594	8.34357e-018
-3.593	8.50879e-018
-3.592	8.67967e-018
-3.591	8.85625e-018
-3.59	9.03857e-018
-3.589	9.22665e-018
-3.588	9.42057e-018
-3.587	9.62034e-018
-3.586	9.826e-018
-3.585	1.00375e-017
-3.584	1.02551e-017
-3.583	1.04786e-017
-3.582	1.0708e-017
-3.581	1.09435e-017
-3.58	1.1185e-017
-3.579	1.14325e-017
-3.578	1.16861e-017
-3.577	1.19458e-017
-3.576	1.22114e-017
-3.575	1.24832e-017
-3.574	1.2761e-017
-3.573	1.30449e-017
-3.572	1.33349e-017
-3.571	1.36308e-017
-3.57	1.39328e-017
-3.569	1.42409e-017
-3.568	1.45549e-017
-3.567	1.48748e-017
-3.566	1.52008e-017
-3.565	1.55326e-017
-3.564	1.58703e-017
-3.563	1.62139e-017
-3.562	1.65633e-017
-3.561	1.69184e-017
-3.56	1.72793e-017
-3.559	1.76458e-017
-3.558	1.8018e-017
-3.557	1.83957e-017
-3.556	1.87789e-017
-3.555	1.91676e-017
-3.554	1.95616e-017
-3.553	1.9961e-017
-3.552	2.03656e-017
-3.551	2.07752e-017
-3.55	2.119e-017
-3.549	2.16099e-017
-3.548	2.20346e-017
-3.547	2.24641e-017
-3.546	2.28984e-017
-3.545	2.33372e-017
-3.544	2.37806e-017
-3.543	2.42285e-017
-3.542	2.46806e-017
-3.541	2.5137e-017
-3.54	2.55974e-017
-3.539	2.60618e-017
-3.538	2.65301e-017
-3.537	2.70021e-017
-3.536	2.74777e-017
-3.535	2.79568e-017
-3.534	2.84392e-017
-3.533	2.89249e-017
-3.532	2.94136e-017
-3.531	2.99052e-017
-3.53	3.03996e-017
-3.529	3.08967e-017
-3.528	3.13963e-017
-3.527	3.18981e-017
-3.526	3.24022e-017
-3.525	3.29082e-017
-3.524	3.34161e-017
-3.523	3.39258e-017
-3.522	3.44369e-017
-3.521	3.49494e-017
-3.52	3.54631e-017
-3.519	3.59778e-017
-3.518	3.64933e-017
-3.517	3.70096e-017
-3.516	3.75263e-017
-3.515	3.80433e-017
-3.514	3.85605e-017
-3.513	3.90775e-017
-3.512	3.95943e-017
-3.511	4.01106e-017
-3.51	4.06264e-017
-3.509	4.11413e-017
-3.508	4.16552e-017
-3.507	4.21679e-017
-3.506	4.26792e-017
-3.505	4.31888e-017
-3.504	4.36967e-017
-3.503	4.42026e-017
-3.502	4.47064e-017
-3.501	4.52077e-017
-3.5	4.57064e-017
-3.499	4.62023e-017
-3.498	4.66953e-017
-3.497	4.7185e-017
-3.496	4.76713e-017
-3.495	4.81542e-017
-3.494	4.86332e-017
-3.493	4.91082e-017
-3.492	4.9579e-017
-3.491	5.00454e-017
-3.49	5.05074e-017
-3.489	5.09643e-017
-3.488	5.14165e-017
-3.487	5.18634e-017
-3.486	5.23051e-017
-3.485	5.2741e-017
-3.484	5.31712e-017
-3.483	5.35956e-017
-3.482	5.40138e-017
-3.481	5.44257e-017
-3.48	5.48312e-017
-3.479	5.52299e-017
-3.478	5.56218e-017
-3.477	5.60067e-017
-3.476	5.63844e-017
-3.475	5.67548e-017
-3.474	5.71175e-017
-3.473	5.74725e-017
-3.472	5.78199e-017
-3.471	5.81591e-017
-3.47	5.84902e-017
-3.469	5.88128e-017
-3.468	5.91271e-017
-3.467	5.94328e-017
-3.466	5.97297e-017
-3.465	6.00177e-017
-3.464	6.02966e-017
-3.463	6.05664e-017
-3.462	6.08271e-017
-3.461	6.10782e-017
-3.46	6.13199e-017
-3.459	6.15519e-017
-3.458	6.17743e-017
-3.457	6.19869e-017
-3.456	6.21897e-017
-3.455	6.23824e-017
-3.454	6.2565e-017
-3.453	6.27374e-017
-3.452	6.28997e-017
-3.451	6.30517e-017
-3.45	6.31933e-017
-3.449	6.33248e-017
-3.448	6.34457e-017
-3.447	6.35561e-017
-3.446	6.36559e-017
-3.445	6.37454e-017
-3.444	6.38242e-017
-3.443	6.38927e-017
-3.442	6.39503e-017
-3.441	6.39975e-017
-3.44	6.40341e-017
-3.439	6.40604e-017
-3.438	6.40759e-017
-3.437	6.4081e-017
-3.436	6.40759e-017
-3.435	6.40601e-017
-3.434	6.40343e-017
-3.433	6.39979e-017
-3.432	6.39515e-017
-3.431	6.38949e-017
-3.43	6.38284e-017
-3.429	6.37517e-017
-3.428	6.36651e-017
-3.427	6.3569e-017
-3.426	6.34631e-017
-3.425	6.33479e-017
-3.424	6.32231e-017
-3.423	6.30894e-017
-3.422	6.29463e-017
-3.421	6.27944e-017
-3.42	6.26339e-017
-3.419	6.24648e-017
-3.418	6.2287e-017
-3.417	6.21012e-017
-3.416	6.19075e-017
-3.415	6.17059e-017
-3.414	6.14965e-017
-3.413	6.12801e-017
-3.412	6.10564e-017
-3.411	6.08257e-017
-3.41	6.05885e-017
-3.409	6.03448e-017
-3.408	6.00952e-017
-3.407	5.98395e-017
-3.406	5.95784e-017
-3.405	5.9312e-017
-3.404	5.90405e-017
-3.403	5.87644e-017
-3.402	5.8484e-017
-3.401	5.81994e-017
-3.4	5.79111e-017
-3.399	5.76195e-017
-3.398	5.73248e-017
-3.397	5.70273e-017
-3.396	5.67275e-017
-3.395	5.64258e-017
-3.394	5.61224e-017
-3.393	5.58176e-017
-3.392	5.55123e-017
-3.391	5.52063e-017
-3.39	5.49002e-017
-3.389	5.45945e-017
-3.388	5.42897e-017
-3.387	5.39859e-017
-3.386	5.36837e-017
-3.385	5.33834e-017
-3.384	5.30855e-017
-3.383	5.27906e-017
-3.382	5.2499e-017
-3.381	5.22111e-017
-3.38	5.19274e-017
-3.379	5.16485e-017
-3.378	5.13745e-017
-3.377	5.11063e-017
-3.376	5.08439e-017
-3.375	5.05883e-017
-3.374	5.03394e-017
-3.373	5.00982e-017
-3.372	4.98649e-017
-3.371	4.96401e-017
-3.37	4.94241e-017
-3.369	4.92176e-017
-3.368	4.90211e-017
-3.367	4.8835e-017
-3.366	4.86597e-017
-3.365	4.84958e-017
-3.364	4.83439e-017
-3.363	4.82043e-017
-3.362	4.80777e-017
-3.361	4.79645e-017
-3.36	4.78651e-017
-3.359	4.77801e-017
-3.358	4.77101e-017
-3.357	4.76553e-017
-3.356	4.76166e-017
-3.355	4.75942e-017
-3.354	4.75887e-017
-3.353	4.76006e-017
-3.352	4.76303e-017
-3.351	4.76784e-017
-3.35	4.77454e-017
-3.349	4.78316e-017
-3.348	4.79377e-017
-3.347	4.8064e-017
-3.346	4.82111e-017
-3.345	4.83792e-017
-3.344	4.85691e-017
-3.343	4.87812e-017
-3.342	4.90158e-017
-3.341	4.92734e-017
-3.34	4.95545e-017
-3.339	4.98594e-017
-3.338	5.01888e-017
-3.337	5.05428e-017
-3.336	5.0922e-017
-3.335	5.13267e-017
-3.334	5.17574e-017
-3.333	5.22144e-017
-3.332	5.26983e-017
-3.331	5.3209e-017
-3.33	5.37473e-017
-3.329	5.43135e-017
-3.328	5.49077e-017
-3.327	5.55305e-017
-3.326	5.61821e-017
-3.325	5.68628e-017
-3.324	5.75729e-017
-3.323	5.83129e-017
-3.322	5.90828e-017
-3.321	5.98829e-017
-3.32	6.07137e-017
-3.319	6.15752e-017
-3.318	6.24676e-017
-3.317	6.33913e-017
-3.316	6.43466e-017
-3.315	6.53334e-017
-3.314	6.6352e-017
-3.313	6.74026e-017
-3.312	6.84854e-017
-3.311	6.96004e-017
-3.31	7.07477e-017
-3.309	7.19278e-017
-3.308	7.31404e-017
-3.307	7.43856e-017
-3.306	7.56635e-017
-3.305	7.69744e-017
-3.304	7.83181e-017
-3.303	7.96948e-017
-3.302	8.11041e-017
-3.301	8.25462e-017
-3.3	8.40212e-017
-3.299	8.55291e-017
-3.298	8.70697e-017
-3.297	8.86429e-017
-3.296	9.02486e-017
-3.295	9.18867e-017
-3.294	9.35571e-017
-3.293	9.52596e-017
-3.292	9.6994e-017
-3.291	9.87605e-017
-3.29	1.00558e-016
-3.289	1.02388e-016
-3.288	1.04248e-016
-3.287	1.0614e-016
-3.286	1.08062e-016
-3.285	1.10014e-016
-3.284	1.11996e-016
-3.283	1.14008e-016
-3.282	1.1605e-016
-3.281	1.1812e-016
-3.28	1.20219e-016
-3.279	1.22346e-016
-3.278	1.24502e-016
-3.277	1.26684e-016
-3.276	1.28894e-016
-3.275	1.31129e-016
-3.274	1.33391e-016
-3.273	1.35679e-016
-3.272	1.37991e-016
-3.271	1.40328e-016
-3.27	1.42689e-016
-3.269	1.45073e-016
-3.268	1.4748e-016
-3.267	1.49909e-016
-3.266	1.5236e-016
-3.265	1.54831e-016
-3.264	1.57323e-016
-3.263	1.59834e-016
-3.262	1.62364e-016
-3.261	1.64913e-016
-3.26	1.67479e-016
-3.259	1.70062e-016
-3.258	1.72661e-016
-3.257	1.75275e-016
-3.256	1.77904e-016
-3.255	1.80546e-016
-3.254	1.83201e-016
-3.253	1.85869e-016
-3.252	1.88548e-016
-3.251	1.91237e-016
-3.25	1.93935e-016
-3.249	1.96643e-016
-3.248	1.99359e-016
-3.247	2.02082e-016
-3.246	2.04811e-016
-3.245	2.07545e-016
-3.244	2.10284e-016
-3.243	2.13025e-016
-3.242	2.1577e-016
-3.241	2.18516e-016
-3.24	2.21263e-016
-3.239	2.24009e-016
-3.238	2.26754e-016
-3.237	2.29497e-016
-3.236	2.32236e-016
-3.235	2.34972e-016
-3.234	2.37702e-016
-3.233	2.40426e-016
-3.232	2.43143e-016
-3.231	2.45852e-016
-3.23	2.48552e-016
-3.229	2.51241e-016
-3.228	2.53919e-016
-3.227	2.56586e-016
-3.226	2.59239e-016
-3.225	2.61878e-016
-3.224	2.64502e-016
-3.223	2.6711e-016
-3.222	2.697e-016
-3.221	2.72273e-016
-3.22	2.74827e-016
-3.219	2.7736e-016
-3.218	2.79872e-016
-3.217	2.82362e-016
-3.216	2.84829e-016
-3.215	2.87272e-016
-3.214	2.8969e-016
-3.213	2.92082e-016
-3.212	2.94448e-016
-3.211	2.96784e-016
-3.21	2.99093e-016
-3.209	3.01372e-016
-3.208	3.0362e-016
-3.207	3.05837e-016
-3.206	3.08021e-016
-3.205	3.10172e-016
-3.204	3.12289e-016
-3.203	3.14371e-016
-3.202	3.16417e-016
-3.201	3.18426e-016
-3.2	3.20399e-016
-3.199	3.22332e-016
-3.198	3.24227e-016
-3.197	3.26081e-016
-3.196	3.27896e-016
-3.195	3.29669e-016
-3.194	3.314e-016
-3.193	3.33088e-016
-3.192	3.34733e-016
-3.191	3.36334e-016
-3.19	3.37891e-016
-3.189	3.39402e-016
-3.188	3.40868e-016
-3.187	3.42287e-016
-3.186	3.4366e-016
-3.185	3.44984e-016
-3.184	3.46262e-016
-3.183	3.47491e-016
-3.182	3.48671e-016
-3.181	3.49802e-016
-3.18	3.50884e-016
-3.179	3.51916e-016
-3.178	3.52898e-016
-3.177	3.53829e-016
-3.176	3.54709e-016
-3.175	3.55538e-016
-3.174	3.56317e-016
-3.173	3.57043e-016
-3.172	3.57719e-016
-3.171	3.58343e-016
-3.17	3.58915e-016
-3.169	3.59435e-016
-3.168	3.59904e-016
-3.167	3.60321e-016
-3.166	3.60686e-016
-3.165	3.61e-016
-3.164	3.61262e-016
-3.163	3.61472e-016
-3.162	3.61632e-016
-3.161	3.6174e-016
-3.16	3.61797e-016
-3.159	3.61804e-016
-3.158	3.61761e-016
-3.157	3.61668e-016
-3.156	3.61526e-016
-3.155	3.61334e-016
-3.154	3.61094e-016
-3.153	3.60807e-016
-3.152	3.60471e-016
-3.151	3.60089e-016
-3.15	3.5966e-016
-3.149	3.59185e-016
-3.148	3.58666e-016
-3.147	3.58101e-016
-3.146	3.57495e-016
-3.145	3.56843e-016
-3.144	3.56151e-016
-3.143	3.55417e-016
-3.142	3.54643e-016
-3.141	3.53829e-016
-3.14	3.52978e-016
-3.139	3.52088e-016
-3.138	3.51162e-016
-3.137	3.502e-016
-3.136	3.49205e-016
-3.135	3.48176e-016
-3.134	3.47115e-016
-3.133	3.46024e-016
-3.132	3.44902e-016
-3.131	3.43753e-016
-3.13	3.42576e-016
-3.129	3.41374e-016
-3.128	3.40147e-016
-3.127	3.38896e-016
-3.126	3.37626e-016
-3.125	3.36334e-016
-3.124	3.35024e-016
-3.123	3.33696e-016
-3.122	3.32352e-016
-3.121	3.30995e-016
-3.12	3.29625e-016
-3.119	3.28245e-016
-3.118	3.26855e-016
-3.117	3.25457e-016
-3.116	3.24053e-016
-3.115	3.22646e-016
-3.114	3.21235e-016
-3.113	3.19825e-016
-3.112	3.18414e-016
-3.111	3.17007e-016
-3.11	3.15604e-016
-3.109	3.14208e-016
-3.108	3.12821e-016
-3.107	3.11444e-016
-3.106	3.10078e-016
-3.105	3.08727e-016
-3.104	3.07391e-016
-3.103	3.06074e-016
-3.102	3.04777e-016
-3.101	3.03501e-016
-3.1	3.02249e-016
-3.099	3.01024e-016
-3.098	2.99826e-016
-3.097	2.98658e-016
-3.096	2.9752e-016
-3.095	2.96417e-016
-3.094	2.95351e-016
-3.093	2.94322e-016
-3.092	2.93332e-016
-3.091	2.92385e-016
-3.09	2.91482e-016
-3.089	2.90625e-016
-3.088	2.89815e-016
-3.087	2.89056e-016
-3.086	2.88349e-016
-3.085	2.87696e-016
-3.084	2.87099e-016
-3.083	2.8656e-016
-3.082	2.86082e-016
-3.081	2.85666e-016
-3.08	2.85314e-016
-3.079	2.85028e-016
-3.078	2.84809e-016
-3.077	2.84661e-016
-3.076	2.84585e-016
-3.075	2.84583e-016
-3.074	2.84656e-016
-3.073	2.84807e-016
-3.072	2.85037e-016
-3.071	2.85349e-016
-3.07	2.85743e-016
-3.069	2.86224e-016
-3.068	2.8679e-016
-3.067	2.87445e-016
-3.066	2.8819e-016
-3.065	2.89027e-016
-3.064	2.89957e-016
-3.063	2.90983e-016
-3.062	2.92105e-016
-3.061	2.93325e-016
-3.06	2.94645e-016
-3.059	2.96067e-016
-3.058	2.97591e-016
-3.057	2.99219e-016
-3.056	3.00953e-016
-3.055	3.02793e-016
-3.054	3.04742e-016
-3.053	3.06801e-016
-3.052	3.08969e-016
-3.051	3.11251e-016
-3.05	3.13644e-016
-3.049	3.16152e-016
-3.048	3.18775e-016
-3.047	3.21513e-016
-3.046	3.24369e-016
-3.045	3.27343e-016
-3.044	3.30637e-016
-3.043	3.34506e-016
-3.042	3.39027e-016
-3.041	3.44286e-016
-3.04	3.50381e-016
-3.039	3.57411e-016
-3.038	3.65493e-016
-3.037	3.74748e-016
-3.036	3.85304e-016
-3.035	3.97305e-016
-3.034	4.10901e-016
-3.033	4.26249e-016
-3.032	4.43521e-016
-3.031	4.62894e-016
-3.03	4.84553e-016
-3.029	5.08702e-016
-3.028	5.35545e-016
-3.027	5.65302e-016
-3.026	5.98199e-016
-3.025	6.34477e-016
-3.024	6.7438e-016
-3.023	7.18168e-016
-3.022	7.66109e-016
-3.021	8.18477e-016
-3.02	8.75565e-016
-3.019	9.37662e-016
-3.018	1.00508e-015
-3.017	1.07814e-015
-3.016	1.15716e-015
-3.015	1.24246e-015
-3.014	1.33441e-015
-3.013	1.43333e-015
-3.012	1.5396e-015
-3.011	1.65358e-015
-3.01	1.77563e-015
-3.009	1.90613e-015
-3.008	2.04547e-015
-3.007	2.19405e-015
-3.006	2.35223e-015
-3.005	2.52043e-015
-3.004	2.69905e-015
-3.003	2.88847e-015
-3.002	3.08911e-015
-3.001	3.30136e-015
-3	3.52563e-015
-2.999	3.76232e-015
-2.998	4.01183e-015
-2.997	4.27455e-015
-2.996	4.55086e-015
-2.995	4.84117e-015
-2.994	5.14582e-015
-2.993	5.46521e-015
-2.992	5.7997e-015
-2.991	6.14964e-015
-2.99	6.51538e-015
-2.989	6.89725e-015
-2.988	7.29557e-015
-2.987	7.71068e-015
-2.986	8.14289e-015
-2.985	8.59246e-015
-2.984	9.05971e-015
-2.983	9.5449e-015
-2.982	1.00483e-014
-2.981	1.05703e-014
-2.98	1.11109e-014
-2.979	1.16707e-014
-2.978	1.22498e-014
-2.977	1.28484e-014
-2.976	1.34669e-014
-2.975	1.41056e-014
-2.974	1.47649e-014
-2.973	1.54451e-014
-2.972	1.61467e-014
-2.971	1.687e-014
-2.97	1.76157e-014
-2.969	1.83843e-014
-2.968	1.91766e-014
-2.967	1.99934e-014
-2.966	2.08356e-014
-2.965	2.17042e-014
-2.964	2.26006e-014
-2.963	2.35262e-014
-2.962	2.44825e-014
-2.961	2.54717e-014
-2.96	2.64957e-014
-2.959	2.75571e-014
-2.958	2.86588e-014
-2.957	2.9804e-014
-2.956	3.09963e-014
-2.955	3.224e-014
-2.954	3.35398e-014
-2.953	3.49008e-014
-2.952	3.63294e-014
-2.951	3.78316e-014
-2.95	3.94155e-014
-2.949	4.10891e-014
-2.948	4.28617e-014
-2.947	4.47437e-014
-2.946	4.67465e-014
-2.945	4.88826e-014
-2.944	5.1166e-014
-2.943	5.36123e-014
-2.942	5.62384e-014
-2.941	5.90622e-014
-2.94	6.2105e-014
-2.939	6.53884e-014
-2.938	6.89374e-014
-2.937	7.27778e-014
-2.936	7.6939e-014
-2.935	8.14525e-014
-2.934	8.6352e-014
-2.933	9.16747e-014
-2.932	9.74607e-014
-2.931	1.03753e-013
-2.93	1.10599e-013
-2.929	1.18048e-013
-2.928	1.26155e-013
-2.927	1.34977e-013
-2.926	1.44577e-013
-2.925	1.55023e-013
-2.924	1.66385e-013
-2.923	1.7874e-013
-2.922	1.92171e-013
-2.921	2.06763e-013
-2.92	2.2261e-013
-2.919	2.3981e-013
-2.918	2.58469e-013
-2.917	2.78695e-013
-2.916	3.0061e-013
-2.915	3.24334e-013
-2.914	3.50003e-013
-2.913	3.77751e-013
-2.912	4.07729e-013
-2.911	4.40089e-013
-2.91	4.74991e-013
-2.909	5.12607e-013
-2.908	5.53116e-013
-2.907	5.96702e-013
-2.906	6.43563e-013
-2.905	6.93901e-013
-2.904	7.47926e-013
-2.903	8.05866e-013
-2.902	8.67947e-013
-2.901	9.34409e-013
-2.9	1.0055e-012
-2.899	1.08147e-012
-2.898	1.1626e-012
-2.897	1.24916e-012
-2.896	1.34142e-012
-2.895	1.43969e-012
-2.894	1.54426e-012
-2.893	1.65544e-012
-2.892	1.77354e-012
-2.891	1.89889e-012
-2.89	2.03183e-012
-2.889	2.17267e-012
-2.888	2.32178e-012
-2.887	2.47949e-012
-2.886	2.64617e-012
-2.885	2.82216e-012
-2.884	3.00783e-012
-2.883	3.20356e-012
-2.882	3.40971e-012
-2.881	3.62665e-012
-2.88	3.85475e-012
-2.879	4.09439e-012
-2.878	4.34594e-012
-2.877	4.60979e-012
-2.876	4.88628e-012
-2.875	5.17581e-012
-2.874	5.47876e-012
-2.873	5.79546e-012
-2.872	6.12632e-012
-2.871	6.47169e-012
-2.87	6.83191e-012
-2.869	7.20736e-012
-2.868	7.59839e-012
-2.867	8.00537e-012
-2.866	8.42862e-012
-2.865	8.86854e-012
-2.864	9.32546e-012
-2.863	9.79977e-012
-2.862	1.02918e-011
-2.861	1.0802e-011
-2.86	1.13307e-011
-2.859	1.18783e-011
-2.858	1.24453e-011
-2.857	1.30321e-011
-2.856	1.36392e-011
-2.855	1.42671e-011
-2.854	1.49165e-011
-2.853	1.5588e-011
-2.852	1.62822e-011
-2.851	1.7e-011
-2.85	1.77423e-011
-2.849	1.85099e-011
-2.848	1.93042e-011
-2.847	2.01263e-011
-2.846	2.09775e-011
-2.845	2.18597e-011
-2.844	2.27744e-011
-2.843	2.37237e-011
-2.842	2.47101e-011
-2.841	2.57359e-011
-2.84	2.68041e-011
-2.839	2.7918e-011
-2.838	2.90813e-011
-2.837	3.02979e-011
-2.836	3.15725e-011
-2.835	3.29102e-011
-2.834	3.43166e-011
-2.833	3.57982e-011
-2.832	3.73617e-011
-2.831	3.90152e-011
-2.83	4.07671e-011
-2.829	4.26269e-011
-2.828	4.46052e-011
-2.827	4.67134e-011
-2.826	4.8964e-011
-2.825	5.13711e-011
-2.824	5.39501e-011
-2.823	5.6717e-011
-2.822	5.96904e-011
-2.821	6.28901e-011
-2.82	6.63373e-011
-2.819	7.00557e-011
-2.818	7.40704e-011
-2.817	7.84088e-011
-2.816	8.31012e-011
-2.815	8.81792e-011
-2.814	9.36775e-011
-2.813	9.96339e-011
-2.812	1.06088e-010
-2.811	1.13083e-010
-2.81	1.20666e-010
-2.809	1.28886e-010
-2.808	1.37796e-010
-2.807	1.47454e-010
-2.806	1.57919e-010
-2.805	1.69256e-010
-2.804	1.81535e-010
-2.803	1.94828e-010
-2.802	2.09213e-010
-2.801	2.24773e-010
-2.8	2.41594e-010
-2.799	2.5977e-010
-2.798	2.79398e-010
-2.797	3.0058e-010
-2.796	3.23427e-010
-2.795	3.48051e-010
-2.794	3.74574e-010
-2.793	4.03119e-010
-2.792	4.33823e-010
-2.791	4.66822e-010
-2.79	5.02261e-010
-2.789	5.4029e-010
-2.788	5.81072e-010
-2.787	6.24767e-010
-2.786	6.71548e-010
-2.785	7.21593e-010
-2.784	7.75086e-010
-2.783	8.32219e-010
-2.782	8.93192e-010
-2.781	9.58206e-010
-2.78	1.02748e-009
-2.779	1.10123e-009
-2.778	1.17966e-009
-2.777	1.26303e-009
-2.776	1.35157e-009
-2.775	1.44551e-009
-2.774	1.54511e-009
-2.773	1.65061e-009
-2.772	1.76229e-009
-2.771	1.8804e-009
-2.77	2.0052e-009
-2.769	2.13698e-009
-2.768	2.27601e-009
-2.767	2.42257e-009
-2.766	2.57694e-009
-2.765	2.73942e-009
-2.764	2.91029e-009
-2.763	3.08983e-009
-2.762	3.27836e-009
-2.761	3.47616e-009
-2.76	3.68352e-009
-2.759	3.90076e-009
-2.758	4.12816e-009
-2.757	4.36604e-009
-2.756	4.61467e-009
-2.755	4.87441e-009
-2.754	5.14552e-009
-2.753	5.42832e-009
-2.752	5.72313e-009
-2.751	6.03028e-009
-2.75	6.35005e-009
-2.749	6.6828e-009
-2.748	7.02887e-009
-2.747	7.38857e-009
-2.746	7.76231e-009
-2.745	8.15042e-009
-2.744	8.55331e-009
-2.743	8.9714e-009
-2.742	9.4051e-009
-2.741	9.85489e-009
-2.74	1.03213e-008
-2.739	1.08049e-008
-2.738	1.13061e-008
-2.737	1.18258e-008
-2.736	1.23646e-008
-2.735	1.29232e-008
-2.734	1.35027e-008
-2.733	1.41038e-008
-2.732	1.47278e-008
-2.731	1.53758e-008
-2.73	1.6049e-008
-2.729	1.67491e-008
-2.728	1.74776e-008
-2.727	1.82365e-008
-2.726	1.90277e-008
-2.725	1.98535e-008
-2.724	2.07165e-008
-2.723	2.16194e-008
-2.722	2.25656e-008
-2.721	2.35583e-008
-2.72	2.46016e-008
-2.719	2.56996e-008
-2.718	2.6857e-008
-2.717	2.8079e-008
-2.716	2.93715e-008
-2.715	3.07407e-008
-2.714	3.21815e-008
-2.713	3.36833e-008
-2.712	3.52444e-008
-2.711	3.68628e-008
-2.71	3.85365e-008
-2.709	4.02634e-008
-2.708	4.20414e-008
-2.707	4.38684e-008
-2.706	4.5742e-008
-2.705	4.76601e-008
-2.704	4.96203e-008
-2.703	5.16203e-008
-2.702	5.36575e-008
-2.701	5.57296e-008
-2.7	5.78342e-008
-2.699	5.99688e-008
-2.698	6.21308e-008
-2.697	6.43181e-008
-2.696	6.65278e-008
-2.695	6.87578e-008
-2.694	7.10055e-008
-2.693	7.32683e-008
-2.692	7.55442e-008
-2.691	7.78305e-008
-2.69	8.0125e-008
-2.689	8.24252e-008
-2.688	8.47291e-008
-2.687	8.70343e-008
-2.686	8.93387e-008
-2.685	9.16401e-008
-2.684	9.39365e-008
-2.683	9.62258e-008
-2.682	9.85061e-008
-2.681	1.00776e-007
-2.68	1.03032e-007
-2.679	1.05275e-007
-2.678	1.07501e-007
-2.677	1.09709e-007
-2.676	1.11899e-007
-2.675	1.14067e-007
-2.674	1.16214e-007
-2.673	1.18337e-007
-2.672	1.20435e-007
-2.671	1.22508e-007
-2.67	1.24555e-007
-2.669	1.26573e-007
-2.668	1.28563e-007
-2.667	1.30524e-007
-2.666	1.32455e-007
-2.665	1.34354e-007
-2.664	1.36223e-007
-2.663	1.3806e-007
-2.662	1.39865e-007
-2.661	1.41636e-007
-2.66	1.43376e-007
-2.659	1.45083e-007
-2.658	1.46756e-007
-2.657	1.48397e-007
-2.656	1.50004e-007
-2.655	1.51578e-007
-2.654	1.5312e-007
-2.653	1.54629e-007
-2.652	1.56106e-007
-2.651	1.5755e-007
-2.65	1.58964e-007
-2.649	1.60346e-007
-2.648	1.61697e-007
-2.647	1.63018e-007
-2.646	1.6431e-007
-2.645	1.65573e-007
-2.644	1.66807e-007
-2.643	1.68014e-007
-2.642	1.69195e-007
-2.641	1.70349e-007
-2.64	1.71477e-007
-2.639	1.72581e-007
-2.638	1.73662e-007
-2.637	1.7472e-007
-2.636	1.75756e-007
-2.635	1.76771e-007
-2.634	1.77766e-007
-2.633	1.78742e-007
-2.632	1.797e-007
-2.631	1.80641e-007
-2.63	1.81565e-007
-2.629	1.82475e-007
-2.628	1.8337e-007
-2.627	1.84252e-007
-2.626	1.85123e-007
-2.625	1.85982e-007
-2.624	1.86831e-007
-2.623	1.87672e-007
-2.622	1.88504e-007
-2.621	1.8933e-007
-2.62	1.9015e-007
-2.619	1.90966e-007
-2.618	1.91779e-007
-2.617	1.92589e-007
-2.616	1.93398e-007
-2.615	1.94207e-007
-2.614	1.95017e-007
-2.613	1.9583e-007
-2.612	1.96646e-007
-2.611	1.97468e-007
-2.61	1.98295e-007
-2.609	1.9913e-007
-2.608	1.99972e-007
-2.607	2.00825e-007
-2.606	2.0169e-007
-2.605	2.02567e-007
-2.604	2.03458e-007
-2.603	2.04364e-007
-2.602	2.05287e-007
-2.601	2.06228e-007
-2.6	2.07189e-007
-2.599	2.08171e-007
-2.598	2.09176e-007
-2.597	2.10206e-007
-2.596	2.11262e-007
-2.595	2.12345e-007
-2.594	2.13458e-007
-2.593	2.14602e-007
-2.592	2.15779e-007
-2.591	2.16991e-007
-2.59	2.1824e-007
-2.589	2.19528e-007
-2.588	2.20855e-007
-2.587	2.22226e-007
-2.586	2.23641e-007
-2.585	2.25102e-007
-2.584	2.26613e-007
-2.583	2.28174e-007
-2.582	2.29788e-007
-2.581	2.31458e-007
-2.58	2.33184e-007
-2.579	2.3497e-007
-2.578	2.36818e-007
-2.577	2.3873e-007
-2.576	2.40709e-007
-2.575	2.42757e-007
-2.574	2.44875e-007
-2.573	2.47066e-007
-2.572	2.49334e-007
-2.571	2.51679e-007
-2.57	2.54104e-007
-2.569	2.56613e-007
-2.568	2.59206e-007
-2.567	2.61886e-007
-2.566	2.64655e-007
-2.565	2.67516e-007
-2.564	2.70471e-007
-2.563	2.73521e-007
-2.562	2.76669e-007
-2.561	2.79917e-007
-2.56	2.83266e-007
-2.559	2.8672e-007
-2.558	2.90278e-007
-2.557	2.93944e-007
-2.556	2.97718e-007
-2.555	3.01602e-007
-2.554	3.05598e-007
-2.553	3.09707e-007
-2.552	3.1393e-007
-2.551	3.18268e-007
-2.55	3.22722e-007
-2.549	3.27293e-007
-2.548	3.31982e-007
-2.547	3.36788e-007
-2.546	3.41712e-007
-2.545	3.46755e-007
-2.544	3.51917e-007
-2.543	3.57197e-007
-2.542	3.62594e-007
-2.541	3.6811e-007
-2.54	3.73742e-007
-2.539	3.7949e-007
-2.538	3.85353e-007
-2.537	3.9133e-007
-2.536	3.9742e-007
-2.535	4.03619e-007
-2.534	4.09928e-007
-2.533	4.16343e-007
-2.532	4.22862e-007
-2.531	4.29484e-007
-2.53	4.36205e-007
-2.529	4.43023e-007
-2.528	4.49934e-007
-2.527	4.56935e-007
-2.526	4.64024e-007
-2.525	4.71196e-007
-2.524	4.78447e-007
-2.523	4.85774e-007
-2.522	4.93171e-007
-2.521	5.00635e-007
-2.52	5.08163e-007
-2.519	5.15747e-007
-2.518	5.23385e-007
-2.517	5.3107e-007
-2.516	5.38798e-007
-2.515	5.46565e-007
-2.514	5.54364e-007
-2.513	5.6219e-007
-2.512	5.70038e-007
-2.511	5.779e-007
-2.51	5.85772e-007
-2.509	5.93649e-007
-2.508	6.01524e-007
-2.507	6.09391e-007
-2.506	6.17246e-007
-2.505	6.25081e-007
-2.504	6.3289e-007
-2.503	6.40669e-007
-2.502	6.48411e-007
-2.501	6.56111e-007
-2.5	6.63762e-007
-2.499	6.71359e-007
-2.498	6.78895e-007
-2.497	6.86368e-007
-2.496	6.93769e-007
-2.495	7.01096e-007
-2.494	7.08343e-007
-2.493	7.15502e-007
-2.492	7.22573e-007
-2.491	7.29549e-007
-2.49	7.36427e-007
-2.489	7.43202e-007
-2.488	7.49869e-007
-2.487	7.56427e-007
-2.486	7.62873e-007
-2.485	7.69201e-007
-2.484	7.75411e-007
-2.483	7.81501e-007
-2.482	7.87467e-007
-2.481	7.93308e-007
-2.48	7.99026e-007
-2.479	8.04615e-007
-2.478	8.10076e-007
-2.477	8.15412e-007
-2.476	8.2062e-007
-2.475	8.25703e-007
-2.474	8.3066e-007
-2.473	8.35492e-007
-2.472	8.40205e-007
-2.471	8.44797e-007
-2.47	8.49273e-007
-2.469	8.53635e-007
-2.468	8.57886e-007
-2.467	8.62033e-007
-2.466	8.66079e-007
-2.465	8.70027e-007
-2.464	8.73884e-007
-2.463	8.77657e-007
-2.462	8.81352e-007
-2.461	8.84973e-007
-2.46	8.88529e-007
-2.459	8.92027e-007
-2.458	8.95476e-007
-2.457	8.98882e-007
-2.456	9.02256e-007
-2.455	9.05606e-007
-2.454	9.08939e-007
-2.453	9.12267e-007
-2.452	9.15601e-007
-2.451	9.18947e-007
-2.45	9.22318e-007
-2.449	9.25726e-007
-2.448	9.2918e-007
-2.447	9.32691e-007
-2.446	9.36273e-007
-2.445	9.39935e-007
-2.444	9.43688e-007
-2.443	9.47544e-007
-2.442	9.51517e-007
-2.441	9.55616e-007
-2.44	9.59857e-007
-2.439	9.6425e-007
-2.438	9.68807e-007
-2.437	9.73541e-007
-2.436	9.78461e-007
-2.435	9.8358e-007
-2.434	9.88912e-007
-2.433	9.94467e-007
-2.432	1.00026e-006
-2.431	1.00629e-006
-2.43	1.01258e-006
-2.429	1.01914e-006
-2.428	1.02598e-006
-2.427	1.03311e-006
-2.426	1.04053e-006
-2.425	1.04826e-006
-2.424	1.05631e-006
-2.423	1.06468e-006
-2.422	1.07339e-006
-2.421	1.08244e-006
-2.42	1.09184e-006
-2.419	1.10159e-006
-2.418	1.1117e-006
-2.417	1.12219e-006
-2.416	1.13304e-006
-2.415	1.14427e-006
-2.414	1.15589e-006
-2.413	1.16788e-006
-2.412	1.18027e-006
-2.411	1.19304e-006
-2.41	1.2062e-006
-2.409	1.21976e-006
-2.408	1.23371e-006
-2.407	1.24804e-006
-2.406	1.26276e-006
-2.405	1.27788e-006
-2.404	1.29337e-006
-2.403	1.30925e-006
-2.402	1.3255e-006
-2.401	1.34213e-006
-2.4	1.35911e-006
-2.399	1.37646e-006
-2.398	1.39416e-006
-2.397	1.41221e-006
-2.396	1.43059e-006
-2.395	1.4493e-006
-2.394	1.46832e-006
-2.393	1.48765e-006
-2.392	1.50728e-006
-2.391	1.52719e-006
-2.39	1.54737e-006
-2.389	1.56781e-006
-2.388	1.58851e-006
-2.387	1.60942e-006
-2.386	1.63056e-006
-2.385	1.6519e-006
-2.384	1.67343e-006
-2.383	1.69513e-006
-2.382	1.71699e-006
-2.381	1.73899e-006
-2.38	1.76111e-006
-2.379	1.78334e-006
-2.378	1.80566e-006
-2.377	1.82806e-006
-2.376	1.85051e-006
-2.375	1.873e-006
-2.374	1.89551e-006
-2.373	1.91802e-006
-2.372	1.94052e-006
-2.371	1.96299e-006
-2.37	1.98541e-006
-2.369	2.00777e-006
-2.368	2.03005e-006
-2.367	2.05222e-006
-2.366	2.07428e-006
-2.365	2.09621e-006
-2.364	2.118e-006
-2.363	2.13962e-006
-2.362	2.16106e-006
-2.361	2.18232e-006
-2.36	2.20337e-006
-2.359	2.2242e-006
-2.358	2.2448e-006
-2.357	2.26517e-006
-2.356	2.28527e-006
-2.355	2.30511e-006
-2.354	2.32468e-006
-2.353	2.34397e-006
-2.352	2.36296e-006
-2.351	2.38166e-006
-2.35	2.40005e-006
-2.349	2.41813e-006
-2.348	2.4359e-006
-2.347	2.45335e-006
-2.346	2.47048e-006
-2.345	2.48728e-006
-2.344	2.50376e-006
-2.343	2.51992e-006
-2.342	2.53575e-006
-2.341	2.55127e-006
-2.34	2.56647e-006
-2.339	2.58136e-006
-2.338	2.59594e-006
-2.337	2.61022e-006
-2.336	2.62421e-006
-2.335	2.63791e-006
-2.334	2.65135e-006
-2.333	2.66451e-006
-2.332	2.67743e-006
-2.331	2.69011e-006
-2.33	2.70256e-006
-2.329	2.7148e-006
-2.328	2.72685e-006
-2.327	2.73872e-006
-2.326	2.75042e-006
-2.325	2.76199e-006
-2.324	2.77343e-006
-2.323	2.78476e-006
-2.322	2.79601e-006
-2.321	2.80721e-006
-2.32	2.81836e-006
-2.319	2.82949e-006
-2.318	2.84063e-006
-2.317	2.8518e-006
-2.316	2.86302e-006
-2.315	2.87432e-006
-2.314	2.88572e-006
-2.313	2.89726e-006
-2.312	2.90894e-006
-2.311	2.92081e-006
-2.31	2.93288e-006
-2.309	2.94518e-006
-2.308	2.95774e-006
-2.307	2.97059e-006
-2.306	2.98375e-006
-2.305	2.99725e-006
-2.304	3.0111e-006
-2.303	3.02536e-006
-2.302	3.04002e-006
-2.301	3.05513e-006
-2.3	3.07069e-006
-2.299	3.08674e-006
-2.298	3.10331e-006
-2.297	3.12041e-006
-2.296	3.13807e-006
-2.295	3.15631e-006
-2.294	3.17515e-006
-2.293	3.1946e-006
-2.292	3.2147e-006
-2.291	3.23546e-006
-2.29	3.25688e-006
-2.289	3.279e-006
-2.288	3.30183e-006
-2.287	3.32538e-006
-2.286	3.34967e-006
-2.285	3.3747e-006
-2.284	3.40048e-006
-2.283	3.42704e-006
-2.282	3.45438e-006
-2.281	3.48249e-006
-2.28	3.5114e-006
-2.279	3.54109e-006
-2.278	3.57158e-006
-2.277	3.60287e-006
-2.276	3.63496e-006
-2.275	3.66784e-006
-2.274	3.70153e-006
-2.273	3.736e-006
-2.272	3.77125e-006
-2.271	3.80729e-006
-2.27	3.84409e-006
-2.269	3.88166e-006
-2.268	3.91998e-006
-2.267	3.95904e-006
-2.266	3.99882e-006
-2.265	4.03932e-006
-2.264	4.0805e-006
-2.263	4.12237e-006
-2.262	4.1649e-006
-2.261	4.20806e-006
-2.26	4.25184e-006
-2.259	4.29623e-006
-2.258	4.34118e-006
-2.257	4.38668e-006
-2.256	4.43271e-006
-2.255	4.47924e-006
-2.254	4.52624e-006
-2.253	4.57369e-006
-2.252	4.62155e-006
-2.251	4.6698e-006
-2.25	4.71841e-006
-2.249	4.76735e-006
-2.248	4.81659e-006
-2.247	4.8661e-006
-2.246	4.91584e-006
-2.245	4.96578e-006
-2.244	5.01591e-006
-2.243	5.06617e-006
-2.242	5.11655e-006
-2.241	5.16701e-006
-2.24	5.21751e-006
-2.239	5.26803e-006
-2.238	5.31854e-006
-2.237	5.369e-006
-2.236	5.41937e-006
-2.235	5.46966e-006
-2.234	5.5198e-006
-2.233	5.56978e-006
-2.232	5.61957e-006
-2.231	5.66913e-006
-2.23	5.71845e-006
-2.229	5.76751e-006
-2.228	5.81628e-006
-2.227	5.86473e-006
-2.226	5.91284e-006
-2.225	5.96059e-006
-2.224	6.00796e-006
-2.223	6.05493e-006
-2.222	6.10149e-006
-2.221	6.14762e-006
-2.22	6.19331e-006
-2.219	6.23855e-006
-2.218	6.28332e-006
-2.217	6.32761e-006
-2.216	6.37141e-006
-2.215	6.41473e-006
-2.214	6.45756e-006
-2.213	6.49988e-006
-2.212	6.54172e-006
-2.211	6.58305e-006
-2.21	6.62388e-006
-2.209	6.66423e-006
-2.208	6.7041e-006
-2.207	6.74349e-006
-2.206	6.78241e-006
-2.205	6.82088e-006
-2.204	6.85892e-006
-2.203	6.89652e-006
-2.202	6.9337e-006
-2.201	6.9705e-006
-2.2	7.00693e-006
-2.199	7.04301e-006
-2.198	7.07875e-006
-2.197	7.1142e-006
-2.196	7.14938e-006
-2.195	7.1843e-006
-2.194	7.219e-006
-2.193	7.25352e-006
-2.192	7.28788e-006
-2.191	7.32211e-006
-2.19	7.35625e-006
-2.189	7.39034e-006
-2.188	7.42439e-006
-2.187	7.45849e-006
-2.186	7.49263e-006
-2.185	7.52687e-006
-2.184	7.56123e-006
-2.183	7.59577e-006
-2.182	7.63053e-006
-2.181	7.66555e-006
-2.18	7.70087e-006
-2.179	7.73652e-006
-2.178	7.77255e-006
-2.177	7.80901e-006
-2.176	7.84593e-006
-2.175	7.88336e-006
-2.174	7.92135e-006
-2.173	7.95992e-006
-2.172	7.99913e-006
-2.171	8.039e-006
-2.17	8.07959e-006
-2.169	8.12095e-006
-2.168	8.16307e-006
-2.167	8.20605e-006
-2.166	8.24989e-006
-2.165	8.29463e-006
-2.164	8.34031e-006
-2.163	8.38696e-006
-2.162	8.43462e-006
-2.161	8.48331e-006
-2.16	8.53309e-006
-2.159	8.58395e-006
-2.158	8.63593e-006
-2.157	8.68906e-006
-2.156	8.74337e-006
-2.155	8.79885e-006
-2.154	8.85556e-006
-2.153	8.91351e-006
-2.152	8.9727e-006
-2.151	9.03316e-006
-2.15	9.09491e-006
-2.149	9.15793e-006
-2.148	9.22225e-006
-2.147	9.28788e-006
-2.146	9.35481e-006
-2.145	9.42307e-006
-2.144	9.49263e-006
-2.143	9.56351e-006
-2.142	9.63569e-006
-2.141	9.70918e-006
-2.14	9.78394e-006
-2.139	9.86e-006
-2.138	9.93736e-006
-2.137	1.0016e-005
-2.136	1.00958e-005
-2.135	1.01769e-005
-2.134	1.02591e-005
-2.133	1.03426e-005
-2.132	1.04272e-005
-2.131	1.0513e-005
-2.13	1.05998e-005
-2.129	1.06878e-005
-2.128	1.07768e-005
-2.127	1.08668e-005
-2.126	1.09578e-005
-2.125	1.10498e-005
-2.124	1.11427e-005
-2.123	1.12364e-005
-2.122	1.1331e-005
-2.121	1.14264e-005
-2.12	1.15226e-005
-2.119	1.16195e-005
-2.118	1.1717e-005
-2.117	1.18152e-005
-2.116	1.1914e-005
-2.115	1.20134e-005
-2.114	1.21132e-005
-2.113	1.22136e-005
-2.112	1.23143e-005
-2.111	1.24154e-005
-2.11	1.25169e-005
-2.109	1.26186e-005
-2.108	1.27206e-005
-2.107	1.28228e-005
-2.106	1.29251e-005
-2.105	1.30276e-005
-2.104	1.31301e-005
-2.103	1.32326e-005
-2.102	1.33352e-005
-2.101	1.34377e-005
-2.1	1.35401e-005
-2.099	1.36424e-005
-2.098	1.37445e-005
-2.097	1.38465e-005
-2.096	1.39482e-005
-2.095	1.40497e-005
-2.094	1.41509e-005
-2.093	1.42517e-005
-2.092	1.43523e-005
-2.091	1.44525e-005
-2.09	1.45523e-005
-2.089	1.46517e-005
-2.088	1.47507e-005
-2.087	1.48492e-005
-2.086	1.49473e-005
-2.085	1.5045e-005
-2.084	1.51422e-005
-2.083	1.52389e-005
-2.082	1.53351e-005
-2.081	1.54309e-005
-2.08	1.55261e-005
-2.079	1.56209e-005
-2.078	1.57152e-005
-2.077	1.5809e-005
-2.076	1.59024e-005
-2.075	1.59954e-005
-2.074	1.60879e-005
-2.073	1.618e-005
-2.072	1.62717e-005
-2.071	1.63631e-005
-2.07	1.64541e-005
-2.069	1.65447e-005
-2.068	1.66351e-005
-2.067	1.67252e-005
-2.066	1.68152e-005
-2.065	1.69048e-005
-2.064	1.69944e-005
-2.063	1.70838e-005
-2.062	1.71731e-005
-2.061	1.72625e-005
-2.06	1.73517e-005
-2.059	1.74411e-005
-2.058	1.75305e-005
-2.057	1.76201e-005
-2.056	1.77099e-005
-2.055	1.77999e-005
-2.054	1.78902e-005
-2.053	1.79809e-005
-2.052	1.80719e-005
-2.051	1.81635e-005
-2.05	1.82555e-005
-2.049	1.83481e-005
-2.048	1.84413e-005
-2.047	1.85351e-005
-2.046	1.86297e-005
-2.045	1.87251e-005
-2.044	1.88213e-005
-2.043	1.89185e-005
-2.042	1.90166e-005
-2.041	1.91156e-005
-2.04	1.92158e-005
-2.039	1.9317e-005
-2.038	1.94194e-005
-2.037	1.95231e-005
-2.036	1.9628e-005
-2.035	1.97342e-005
-2.034	1.98418e-005
-2.033	1.99508e-005
-2.032	2.00613e-005
-2.031	2.01732e-005
-2.03	2.02867e-005
-2.029	2.04019e-005
-2.028	2.05186e-005
-2.027	2.0637e-005
-2.026	2.07571e-005
-2.025	2.08789e-005
-2.024	2.10025e-005
-2.023	2.11279e-005
-2.022	2.12551e-005
-2.021	2.13842e-005
-2.02	2.15151e-005
-2.019	2.16479e-005
-2.018	2.17826e-005
-2.017	2.19193e-005
-2.016	2.20578e-005
-2.015	2.21983e-005
-2.014	2.23408e-005
-2.013	2.24852e-005
-2.012	2.26316e-005
-2.011	2.27799e-005
-2.01	2.29301e-005
-2.009	2.30823e-005
-2.008	2.32365e-005
-2.007	2.33926e-005
-2.006	2.35506e-005
-2.005	2.37105e-005
-2.004	2.38723e-005
-2.003	2.40359e-005
-2.002	2.42014e-005
-2.001	2.43687e-005
-2	2.45378e-005
-1.999	2.47086e-005
-1.998	2.48812e-005
-1.997	2.50554e-005
-1.996	2.52314e-005
-1.995	2.54089e-005
-1.994	2.55881e-005
-1.993	2.57688e-005
-1.992	2.5951e-005
-1.991	2.61346e-005
-1.99	2.63197e-005
-1.989	2.65061e-005
-1.988	2.66939e-005
-1.987	2.6883e-005
-1.986	2.70733e-005
-1.985	2.72648e-005
-1.984	2.74574e-005
-1.983	2.76512e-005
-1.982	2.78459e-005
-1.981	2.80416e-005
-1.98	2.82383e-005
-1.979	2.84359e-005
-1.978	2.86343e-005
-1.977	2.88334e-005
-1.976	2.90334e-005
-1.975	2.9234e-005
-1.974	2.94353e-005
-1.973	2.96371e-005
-1.972	2.98395e-005
-1.971	3.00424e-005
-1.97	3.02457e-005
-1.969	3.04495e-005
-1.968	3.06537e-005
-1.967	3.08582e-005
-1.966	3.1063e-005
-1.965	3.1268e-005
-1.964	3.14733e-005
-1.963	3.16787e-005
-1.962	3.18844e-005
-1.961	3.20901e-005
-1.96	3.2296e-005
-1.959	3.25019e-005
-1.958	3.27079e-005
-1.957	3.29139e-005
-1.956	3.312e-005
-1.955	3.33261e-005
-1.954	3.35322e-005
-1.953	3.37382e-005
-1.952	3.39442e-005
-1.951	3.41502e-005
-1.95	3.43562e-005
-1.949	3.45622e-005
-1.948	3.47681e-005
-1.947	3.4974e-005
-1.946	3.51799e-005
-1.945	3.53858e-005
-1.944	3.55917e-005
-1.943	3.57977e-005
-1.942	3.60036e-005
-1.941	3.62098e-005
-1.94	3.6416e-005
-1.939	3.66223e-005
-1.938	3.68288e-005
-1.937	3.70355e-005
-1.936	3.72423e-005
-1.935	3.74495e-005
-1.934	3.7657e-005
-1.933	3.78648e-005
-1.932	3.80731e-005
-1.931	3.82818e-005
-1.93	3.84909e-005
-1.929	3.87006e-005
-1.928	3.89109e-005
-1.927	3.91219e-005
-1.926	3.93335e-005
-1.925	3.95459e-005
-1.924	3.97591e-005
-1.923	3.99732e-005
-1.922	4.01882e-005
-1.921	4.04042e-005
-1.92	4.06213e-005
-1.919	4.08396e-005
-1.918	4.10589e-005
-1.917	4.12796e-005
-1.916	4.15015e-005
-1.915	4.17249e-005
-1.914	4.19497e-005
-1.913	4.2176e-005
-1.912	4.24039e-005
-1.911	4.26334e-005
-1.91	4.28646e-005
-1.909	4.30976e-005
-1.908	4.33325e-005
-1.907	4.35692e-005
-1.906	4.38079e-005
-1.905	4.40487e-005
-1.904	4.42914e-005
-1.903	4.45364e-005
-1.902	4.47835e-005
-1.901	4.50328e-005
-1.9	4.52845e-005
-1.899	4.55385e-005
-1.898	4.5795e-005
-1.897	4.60538e-005
-1.896	4.63152e-005
-1.895	4.65792e-005
-1.894	4.68456e-005
-1.893	4.71147e-005
-1.892	4.73866e-005
-1.891	4.76611e-005
-1.89	4.79383e-005
-1.889	4.82182e-005
-1.888	4.8501e-005
-1.887	4.87867e-005
-1.886	4.90751e-005
-1.885	4.93664e-005
-1.884	4.96605e-005
-1.883	4.99576e-005
-1.882	5.02576e-005
-1.881	5.05604e-005
-1.88	5.08663e-005
-1.879	5.11749e-005
-1.878	5.14866e-005
-1.877	5.18012e-005
-1.876	5.21187e-005
-1.875	5.24391e-005
-1.874	5.27624e-005
-1.873	5.30886e-005
-1.872	5.34177e-005
-1.871	5.37497e-005
-1.87	5.40845e-005
-1.869	5.44221e-005
-1.868	5.47625e-005
-1.867	5.51057e-005
-1.866	5.54517e-005
-1.865	5.58003e-005
-1.864	5.61518e-005
-1.863	5.65057e-005
-1.862	5.68624e-005
-1.861	5.72216e-005
-1.86	5.75834e-005
-1.859	5.79475e-005
-1.858	5.83143e-005
-1.857	5.86836e-005
-1.856	5.90552e-005
-1.855	5.9429e-005
-1.854	5.98052e-005
-1.853	6.01837e-005
-1.852	6.05644e-005
-1.851	6.09473e-005
-1.85	6.13322e-005
-1.849	6.17192e-005
-1.848	6.21083e-005
-1.847	6.24993e-005
-1.846	6.28922e-005
-1.845	6.32871e-005
-1.844	6.36838e-005
-1.843	6.40822e-005
-1.842	6.44826e-005
-1.841	6.48845e-005
-1.84	6.52881e-005
-1.839	6.56934e-005
-1.838	6.61003e-005
-1.837	6.65087e-005
-1.836	6.69187e-005
-1.835	6.73301e-005
-1.834	6.7743e-005
-1.833	6.81574e-005
-1.832	6.85731e-005
-1.831	6.89903e-005
-1.83	6.94087e-005
-1.829	6.98285e-005
-1.828	7.02496e-005
-1.827	7.06719e-005
-1.826	7.10956e-005
-1.825	7.15204e-005
-1.824	7.19466e-005
-1.823	7.2374e-005
-1.822	7.28026e-005
-1.821	7.32323e-005
-1.82	7.36634e-005
-1.819	7.40958e-005
-1.818	7.45293e-005
-1.817	7.49641e-005
-1.816	7.54e-005
-1.815	7.58373e-005
-1.814	7.6276e-005
-1.813	7.67158e-005
-1.812	7.7157e-005
-1.811	7.75996e-005
-1.81	7.80436e-005
-1.809	7.8489e-005
-1.808	7.89358e-005
-1.807	7.93841e-005
-1.806	7.98338e-005
-1.805	8.02852e-005
-1.804	8.07382e-005
-1.803	8.11928e-005
-1.802	8.1649e-005
-1.801	8.21071e-005
-1.8	8.25668e-005
-1.799	8.30285e-005
-1.798	8.3492e-005
-1.797	8.39575e-005
-1.796	8.44252e-005
-1.795	8.48948e-005
-1.794	8.53666e-005
-1.793	8.58405e-005
-1.792	8.63167e-005
-1.791	8.67953e-005
-1.79	8.72763e-005
-1.789	8.77598e-005
-1.788	8.82458e-005
-1.787	8.87343e-005
-1.786	8.92256e-005
-1.785	8.97198e-005
-1.784	9.02166e-005
-1.783	9.07165e-005
-1.782	9.12192e-005
-1.781	9.17249e-005
-1.78	9.22338e-005
-1.779	9.2746e-005
-1.778	9.32614e-005
-1.777	9.378e-005
-1.776	9.43022e-005
-1.775	9.48278e-005
-1.774	9.5357e-005
-1.773	9.58898e-005
-1.772	9.64262e-005
-1.771	9.69664e-005
-1.77	9.75103e-005
-1.769	9.80582e-005
-1.768	9.861e-005
-1.767	9.91658e-005
-1.766	9.97256e-005
-1.765	0.00010029
-1.764	0.000100858
-1.763	0.00010143
-1.762	0.000102007
-1.761	0.000102588
-1.76	0.000103173
-1.759	0.000103762
-1.758	0.000104357
-1.757	0.000104955
-1.756	0.000105558
-1.755	0.000106166
-1.754	0.000106779
-1.753	0.000107395
-1.752	0.000108017
-1.751	0.000108643
-1.75	0.000109274
-1.749	0.00010991
-1.748	0.000110551
-1.747	0.000111196
-1.746	0.000111846
-1.745	0.000112501
-1.744	0.00011316
-1.743	0.000113825
-1.742	0.000114494
-1.741	0.000115168
-1.74	0.000115846
-1.739	0.00011653
-1.738	0.000117218
-1.737	0.000117911
-1.736	0.000118609
-1.735	0.000119312
-1.734	0.000120019
-1.733	0.000120732
-1.732	0.000121449
-1.731	0.00012217
-1.73	0.000122896
-1.729	0.000123627
-1.728	0.000124363
-1.727	0.000125103
-1.726	0.000125848
-1.725	0.000126597
-1.724	0.000127351
-1.723	0.000128109
-1.722	0.000128872
-1.721	0.000129639
-1.72	0.000130411
-1.719	0.000131187
-1.718	0.000131968
-1.717	0.000132753
-1.716	0.000133542
-1.715	0.000134335
-1.714	0.000135133
-1.713	0.000135935
-1.712	0.000136741
-1.711	0.000137551
-1.71	0.000138366
-1.709	0.000139184
-1.708	0.000140007
-1.707	0.000140833
-1.706	0.000141664
-1.705	0.000142499
-1.704	0.000143338
-1.703	0.000144181
-1.702	0.000145027
-1.701	0.000145878
-1.7	0.000146733
-1.699	0.000147592
-1.698	0.000148454
-1.697	0.000149321
-1.696	0.000150191
-1.695	0.000151066
-1.694	0.000151944
-1.693	0.000152826
-1.692	0.000153712
-1.691	0.000154602
-1.69	0.000155497
-1.689	0.000156395
-1.688	0.000157297
-1.687	0.000158203
-1.686	0.000159113
-1.685	0.000160027
-1.684	0.000160945
-1.683	0.000161867
-1.682	0.000162794
-1.681	0.000163724
-1.68	0.000164659
-1.679	0.000165598
-1.678	0.000166542
-1.677	0.00016749
-1.676	0.000168442
-1.675	0.000169398
-1.674	0.000170359
-1.673	0.000171325
-1.672	0.000172295
-1.671	0.00017327
-1.67	0.000174249
-1.669	0.000175233
-1.668	0.000176222
-1.667	0.000177216
-1.666	0.000178215
-1.665	0.000179219
-1.664	0.000180228
-1.663	0.000181242
-1.662	0.000182262
-1.661	0.000183286
-1.66	0.000184316
-1.659	0.000185352
-1.658	0.000186394
-1.657	0.000187441
-1.656	0.000188493
-1.655	0.000189552
-1.654	0.000190616
-1.653	0.000191687
-1.652	0.000192763
-1.651	0.000193845
-1.65	0.000194934
-1.649	0.000196029
-1.648	0.000197131
-1.647	0.000198239
-1.646	0.000199353
-1.645	0.000200474
-1.644	0.000201602
-1.643	0.000202737
-1.642	0.000203879
-1.641	0.000205028
-1.64	0.000206183
-1.639	0.000207346
-1.638	0.000208516
-1.637	0.000209694
-1.636	0.000210879
-1.635	0.000212071
-1.634	0.000213271
-1.633	0.000214478
-1.632	0.000215693
-1.631	0.000216916
-1.63	0.000218147
-1.629	0.000219385
-1.628	0.000220632
-1.627	0.000221886
-1.626	0.000223149
-1.625	0.000224419
-1.624	0.000225698
-1.623	0.000226985
-1.622	0.000228281
-1.621	0.000229585
-1.62	0.000230897
-1.619	0.000232217
-1.618	0.000233546
-1.617	0.000234884
-1.616	0.00023623
-1.615	0.000237585
-1.614	0.000238948
-1.613	0.000240321
-1.612	0.000241702
-1.611	0.000243091
-1.61	0.000244489
-1.609	0.000245897
-1.608	0.000247313
-1.607	0.000248737
-1.606	0.000250171
-1.605	0.000251614
-1.604	0.000253066
-1.603	0.000254526
-1.602	0.000255995
-1.601	0.000257474
-1.6	0.000258962
-1.599	0.000260458
-1.598	0.000261964
-1.597	0.000263478
-1.596	0.000265002
-1.595	0.000266535
-1.594	0.000268076
-1.593	0.000269627
-1.592	0.000271187
-1.591	0.000272756
-1.59	0.000274334
-1.589	0.000275921
-1.588	0.000277516
-1.587	0.000279121
-1.586	0.000280736
-1.585	0.000282359
-1.584	0.000283992
-1.583	0.000285634
-1.582	0.000287284
-1.581	0.000288943
-1.58	0.000290613
-1.579	0.000292291
-1.578	0.000293978
-1.577	0.000295675
-1.576	0.00029738
-1.575	0.000299095
-1.574	0.000300819
-1.573	0.000302552
-1.572	0.000304295
-1.571	0.000306046
-1.57	0.000307808
-1.569	0.000309578
-1.568	0.000311357
-1.567	0.000313146
-1.566	0.000314945
-1.565	0.000316752
-1.564	0.000318569
-1.563	0.000320396
-1.562	0.000322232
-1.561	0.000324077
-1.56	0.000325932
-1.559	0.000327797
-1.558	0.000329671
-1.557	0.000331555
-1.556	0.000333449
-1.555	0.000335353
-1.554	0.000337266
-1.553	0.00033919
-1.552	0.000341123
-1.551	0.000343066
-1.55	0.00034502
-1.549	0.000346983
-1.548	0.000348956
-1.547	0.00035094
-1.546	0.000352935
-1.545	0.00035494
-1.544	0.000356955
-1.543	0.000358981
-1.542	0.000361018
-1.541	0.000363065
-1.54	0.000365123
-1.539	0.000367193
-1.538	0.000369273
-1.537	0.000371364
-1.536	0.000373466
-1.535	0.00037558
-1.534	0.000377705
-1.533	0.000379842
-1.532	0.00038199
-1.531	0.00038415
-1.53	0.000386321
-1.529	0.000388505
-1.528	0.000390701
-1.527	0.000392908
-1.526	0.000395128
-1.525	0.000397361
-1.524	0.000399606
-1.523	0.000401863
-1.522	0.000404134
-1.521	0.000406417
-1.52	0.000408712
-1.519	0.000411021
-1.518	0.000413343
-1.517	0.000415678
-1.516	0.000418027
-1.515	0.00042039
-1.514	0.000422765
-1.513	0.000425154
-1.512	0.000427558
-1.511	0.000429975
-1.51	0.000432406
-1.509	0.000434852
-1.508	0.000437312
-1.507	0.000439786
-1.506	0.000442274
-1.505	0.000444778
-1.504	0.000447296
-1.503	0.000449829
-1.502	0.000452378
-1.501	0.000454941
-1.5	0.00045752
-1.499	0.000460113
-1.498	0.000462722
-1.497	0.000465347
-1.496	0.000467987
-1.495	0.000470643
-1.494	0.000473315
-1.493	0.000476003
-1.492	0.000478707
-1.491	0.000481427
-1.49	0.000484164
-1.489	0.000486916
-1.488	0.000489686
-1.487	0.000492471
-1.486	0.000495273
-1.485	0.000498092
-1.484	0.000500928
-1.483	0.000503781
-1.482	0.000506651
-1.481	0.000509538
-1.48	0.000512441
-1.479	0.000515362
-1.478	0.000518301
-1.477	0.000521257
-1.476	0.00052423
-1.475	0.000527221
-1.474	0.00053023
-1.473	0.000533255
-1.472	0.000536298
-1.471	0.000539361
-1.47	0.000542441
-1.469	0.000545539
-1.468	0.000548654
-1.467	0.000551788
-1.466	0.000554941
-1.465	0.000558111
-1.464	0.0005613
-1.463	0.000564507
-1.462	0.000567733
-1.461	0.000570977
-1.46	0.00057424
-1.459	0.000577522
-1.458	0.000580823
-1.457	0.000584142
-1.456	0.00058748
-1.455	0.000590837
-1.454	0.000594214
-1.453	0.000597609
-1.452	0.000601023
-1.451	0.000604456
-1.45	0.00060791
-1.449	0.000611382
-1.448	0.000614875
-1.447	0.000618387
-1.446	0.000621917
-1.445	0.000625468
-1.444	0.000629039
-1.443	0.00063263
-1.442	0.00063624
-1.441	0.000639871
-1.44	0.000643522
-1.439	0.000647193
-1.438	0.000650884
-1.437	0.000654596
-1.436	0.000658328
-1.435	0.00066208
-1.434	0.000665854
-1.433	0.000669648
-1.432	0.000673462
-1.431	0.000677298
-1.43	0.000681155
-1.429	0.000685034
-1.428	0.000688933
-1.427	0.000692854
-1.426	0.000696796
-1.425	0.00070076
-1.424	0.000704746
-1.423	0.000708753
-1.422	0.000712782
-1.421	0.000716834
-1.42	0.000720908
-1.419	0.000725003
-1.418	0.000729121
-1.417	0.000733262
-1.416	0.000737427
-1.415	0.000741613
-1.414	0.000745823
-1.413	0.000750056
-1.412	0.000754313
-1.411	0.000758592
-1.41	0.000762895
-1.409	0.000767221
-1.408	0.000771572
-1.407	0.000775948
-1.406	0.000780347
-1.405	0.00078477
-1.404	0.000789218
-1.403	0.000793691
-1.402	0.000798189
-1.401	0.000802712
-1.4	0.000807259
-1.399	0.000811833
-1.398	0.00081643
-1.397	0.000821056
-1.396	0.000825705
-1.395	0.000830382
-1.394	0.000835084
-1.393	0.000839814
-1.392	0.000844569
-1.391	0.000849352
-1.39	0.000854162
-1.389	0.000858998
-1.388	0.000863863
-1.387	0.000868754
-1.386	0.000873674
-1.385	0.000878622
-1.384	0.000883597
-1.383	0.000888601
-1.382	0.000893633
-1.381	0.000898694
-1.38	0.000903785
-1.379	0.000908904
-1.378	0.000914052
-1.377	0.00091923
-1.376	0.000924437
-1.375	0.000929675
-1.374	0.000934943
-1.373	0.000940241
-1.372	0.000945569
-1.371	0.000950928
-1.37	0.000956318
-1.369	0.000961738
-1.368	0.00096719
-1.367	0.000972675
-1.366	0.000978191
-1.365	0.000983738
-1.364	0.000989318
-1.363	0.000994929
-1.362	0.00100057
-1.361	0.00100625
-1.36	0.00101196
-1.359	0.0010177
-1.358	0.00102348
-1.357	0.00102929
-1.356	0.00103513
-1.355	0.00104101
-1.354	0.00104692
-1.353	0.00105286
-1.352	0.00105884
-1.351	0.00106486
-1.35	0.0010709
-1.349	0.00107699
-1.348	0.00108311
-1.347	0.00108926
-1.346	0.00109545
-1.345	0.00110167
-1.344	0.00110794
-1.343	0.00111423
-1.342	0.00112057
-1.341	0.00112694
-1.34	0.00113334
-1.339	0.00113979
-1.338	0.00114627
-1.337	0.00115278
-1.336	0.00115934
-1.335	0.00116593
-1.334	0.00117256
-1.333	0.00117923
-1.332	0.00118594
-1.331	0.00119268
-1.33	0.00119946
-1.329	0.00120629
-1.328	0.00121315
-1.327	0.00122005
-1.326	0.00122699
-1.325	0.00123396
-1.324	0.00124098
-1.323	0.00124804
-1.322	0.00125514
-1.321	0.00126228
-1.32	0.00126946
-1.319	0.00127667
-1.318	0.00128394
-1.317	0.00129124
-1.316	0.00129858
-1.315	0.00130596
-1.314	0.00131339
-1.313	0.00132086
-1.312	0.00132837
-1.311	0.00133592
-1.31	0.00134351
-1.309	0.00135115
-1.308	0.00135883
-1.307	0.00136655
-1.306	0.00137432
-1.305	0.00138213
-1.304	0.00138999
-1.303	0.00139788
-1.302	0.00140583
-1.301	0.00141381
-1.3	0.00142185
-1.299	0.00142992
-1.298	0.00143804
-1.297	0.00144621
-1.296	0.00145443
-1.295	0.00146268
-1.294	0.00147099
-1.293	0.00147934
-1.292	0.00148774
-1.291	0.00149619
-1.29	0.00150468
-1.289	0.00151322
-1.288	0.00152181
-1.287	0.00153045
-1.286	0.00153913
-1.285	0.00154787
-1.284	0.00155665
-1.283	0.00156548
-1.282	0.00157436
-1.281	0.00158329
-1.28	0.00159227
-1.279	0.0016013
-1.278	0.00161039
-1.277	0.00161952
-1.276	0.00162871
-1.275	0.00163794
-1.274	0.00164723
-1.273	0.00165657
-1.272	0.00166596
-1.271	0.00167541
-1.27	0.00168491
-1.269	0.00169446
-1.268	0.00170407
-1.267	0.00171373
-1.266	0.00172344
-1.265	0.00173321
-1.264	0.00174304
-1.263	0.00175292
-1.262	0.00176285
-1.261	0.00177285
-1.26	0.0017829
-1.259	0.001793
-1.258	0.00180316
-1.257	0.00181338
-1.256	0.00182366
-1.255	0.001834
-1.254	0.0018444
-1.253	0.00185485
-1.252	0.00186536
-1.251	0.00187594
-1.25	0.00188657
-1.249	0.00189726
-1.248	0.00190802
-1.247	0.00191883
-1.246	0.00192971
-1.245	0.00194065
-1.244	0.00195165
-1.243	0.00196272
-1.242	0.00197384
-1.241	0.00198503
-1.24	0.00199629
-1.239	0.0020076
-1.238	0.00201899
-1.237	0.00203043
-1.236	0.00204195
-1.235	0.00205353
-1.234	0.00206517
-1.233	0.00207688
-1.232	0.00208866
-1.231	0.00210051
-1.23	0.00211242
-1.229	0.0021244
-1.228	0.00213645
-1.227	0.00214857
-1.226	0.00216076
-1.225	0.00217302
-1.224	0.00218534
-1.223	0.00219774
-1.222	0.00221021
-1.221	0.00222275
-1.22	0.00223536
-1.219	0.00224804
-1.218	0.0022608
-1.217	0.00227363
-1.216	0.00228653
-1.215	0.0022995
-1.214	0.00231256
-1.213	0.00232568
-1.212	0.00233888
-1.211	0.00235215
-1.21	0.0023655
-1.209	0.00237893
-1.208	0.00239243
-1.207	0.00240601
-1.206	0.00241967
-1.205	0.00243341
-1.204	0.00244722
-1.203	0.00246111
-1.202	0.00247508
-1.201	0.00248913
-1.2	0.00250327
-1.199	0.00251748
-1.198	0.00253177
-1.197	0.00254614
-1.196	0.0025606
-1.195	0.00257513
-1.194	0.00258975
-1.193	0.00260446
-1.192	0.00261924
-1.191	0.00263411
-1.19	0.00264907
-1.189	0.00266411
-1.188	0.00267923
-1.187	0.00269444
-1.186	0.00270974
-1.185	0.00272512
-1.184	0.00274059
-1.183	0.00275615
-1.182	0.0027718
-1.181	0.00278753
-1.18	0.00280335
-1.179	0.00281927
-1.178	0.00283527
-1.177	0.00285136
-1.176	0.00286755
-1.175	0.00288383
-1.174	0.00290019
-1.173	0.00291666
-1.172	0.00293321
-1.171	0.00294986
-1.17	0.0029666
-1.169	0.00298344
-1.168	0.00300037
-1.167	0.00301739
-1.166	0.00303452
-1.165	0.00305174
-1.164	0.00306905
-1.163	0.00308646
-1.162	0.00310398
-1.161	0.00312159
-1.16	0.0031393
-1.159	0.00315711
-1.158	0.00317502
-1.157	0.00319303
-1.156	0.00321115
-1.155	0.00322937
-1.154	0.00324768
-1.153	0.0032661
-1.152	0.00328463
-1.151	0.00330326
-1.15	0.003322
-1.149	0.00334084
-1.148	0.00335979
-1.147	0.00337884
-1.146	0.003398
-1.145	0.00341728
-1.144	0.00343665
-1.143	0.00345614
-1.142	0.00347574
-1.141	0.00349545
-1.14	0.00351528
-1.139	0.00353521
-1.138	0.00355525
-1.137	0.00357541
-1.136	0.00359568
-1.135	0.00361607
-1.134	0.00363658
-1.133	0.0036572
-1.132	0.00367794
-1.131	0.00369879
-1.13	0.00371977
-1.129	0.00374086
-1.128	0.00376207
-1.127	0.0037834
-1.126	0.00380485
-1.125	0.00382642
-1.124	0.00384812
-1.123	0.00386993
-1.122	0.00389188
-1.121	0.00391394
-1.12	0.00393614
-1.119	0.00395846
-1.118	0.0039809
-1.117	0.00400347
-1.116	0.00402617
-1.115	0.004049
-1.114	0.00407196
-1.113	0.00409505
-1.112	0.00411827
-1.111	0.00414162
-1.11	0.00416511
-1.109	0.00418873
-1.108	0.00421248
-1.107	0.00423637
-1.106	0.00426039
-1.105	0.00428455
-1.104	0.00430885
-1.103	0.00433329
-1.102	0.00435786
-1.101	0.00438257
-1.1	0.00440743
-1.099	0.00443243
-1.098	0.00445756
-1.097	0.00448285
-1.096	0.00450827
-1.095	0.00453384
-1.094	0.00455956
-1.093	0.00458542
-1.092	0.00461143
-1.091	0.00463758
-1.09	0.00466389
-1.089	0.00469034
-1.088	0.00471694
-1.087	0.0047437
-1.086	0.00477061
-1.085	0.00479767
-1.084	0.00482489
-1.083	0.00485225
-1.082	0.00487978
-1.081	0.00490746
-1.08	0.0049353
-1.079	0.0049633
-1.078	0.00499145
-1.077	0.00501976
-1.076	0.00504824
-1.075	0.00507688
-1.074	0.00510568
-1.073	0.00513465
-1.072	0.00516378
-1.071	0.00519308
-1.07	0.00522254
-1.069	0.00525216
-1.068	0.00528196
-1.067	0.00531193
-1.066	0.00534206
-1.065	0.00537237
-1.064	0.00540285
-1.063	0.0054335
-1.062	0.00546432
-1.061	0.00549532
-1.06	0.00552649
-1.059	0.00555785
-1.058	0.00558938
-1.057	0.00562109
-1.056	0.00565298
-1.055	0.00568505
-1.054	0.0057173
-1.053	0.00574974
-1.052	0.00578236
-1.051	0.00581516
-1.05	0.00584815
-1.049	0.00588133
-1.048	0.00591469
-1.047	0.00594825
-1.046	0.005982
-1.045	0.00601593
-1.044	0.00605005
-1.043	0.00608438
-1.042	0.00611889
-1.041	0.0061536
-1.04	0.00618851
-1.039	0.00622362
-1.038	0.00625892
-1.037	0.00629442
-1.036	0.00633014
-1.035	0.00636605
-1.034	0.00640216
-1.033	0.00643847
-1.032	0.00647499
-1.031	0.00651173
-1.03	0.00654866
-1.029	0.00658581
-1.028	0.00662316
-1.027	0.00666073
-1.026	0.00669851
-1.025	0.0067365
-1.024	0.00677471
-1.023	0.00681314
-1.022	0.00685178
-1.021	0.00689064
-1.02	0.00692972
-1.019	0.00696903
-1.018	0.00700856
-1.017	0.00704831
-1.016	0.00708828
-1.015	0.00712849
-1.014	0.00716891
-1.013	0.00720957
-1.012	0.00725047
-1.011	0.00729158
-1.01	0.00733294
-1.009	0.00737452
-1.008	0.00741634
-1.007	0.0074584
-1.006	0.0075007
-1.005	0.00754325
-1.004	0.00758602
-1.003	0.00762903
-1.002	0.00767229
-1.001	0.00771581
-1	0.00775956
-0.999	0.00780356
-0.998	0.00784782
-0.997	0.00789232
-0.996	0.00793708
-0.995	0.00798209
-0.994	0.00802735
-0.993	0.00807287
-0.992	0.00811865
-0.991	0.00816469
-0.99	0.00821099
-0.989	0.00825756
-0.988	0.00830438
-0.987	0.00835148
-0.986	0.00839883
-0.985	0.00844645
-0.984	0.00849435
-0.983	0.00854251
-0.982	0.00859096
-0.981	0.00863967
-0.98	0.00868867
-0.979	0.00873794
-0.978	0.00878749
-0.977	0.00883733
-0.976	0.00888744
-0.975	0.00893784
-0.974	0.00898852
-0.973	0.0090395
-0.972	0.00909076
-0.971	0.00914231
-0.97	0.00919416
-0.969	0.0092463
-0.968	0.00929874
-0.967	0.00935147
-0.966	0.00940449
-0.965	0.00945784
-0.964	0.00951147
-0.963	0.00956542
-0.962	0.00961967
-0.961	0.00967422
-0.96	0.00972909
-0.959	0.00978427
-0.958	0.00983976
-0.957	0.00989557
-0.956	0.00995169
-0.955	0.0100081
-0.954	0.0100649
-0.953	0.010122
-0.952	0.0101794
-0.951	0.0102371
-0.95	0.0102952
-0.949	0.0103536
-0.948	0.0104123
-0.947	0.0104714
-0.946	0.0105308
-0.945	0.0105905
-0.944	0.0106506
-0.943	0.010711
-0.942	0.0107717
-0.941	0.0108328
-0.94	0.0108943
-0.939	0.0109561
-0.938	0.0110182
-0.937	0.0110807
-0.936	0.0111436
-0.935	0.0112068
-0.934	0.0112703
-0.933	0.0113343
-0.932	0.0113985
-0.931	0.0114632
-0.93	0.0115282
-0.929	0.0115936
-0.928	0.0116594
-0.927	0.0117255
-0.926	0.011792
-0.925	0.0118589
-0.924	0.0119262
-0.923	0.0119938
-0.922	0.0120618
-0.921	0.0121302
-0.92	0.0121991
-0.919	0.0122682
-0.918	0.0123378
-0.917	0.0124078
-0.916	0.0124782
-0.915	0.012549
-0.914	0.0126201
-0.913	0.0126917
-0.912	0.0127637
-0.911	0.0128361
-0.91	0.0129089
-0.909	0.0129821
-0.908	0.0130557
-0.907	0.0131298
-0.906	0.0132042
-0.905	0.0132791
-0.904	0.0133545
-0.903	0.0134302
-0.902	0.0135064
-0.901	0.013583
-0.9	0.01366
-0.899	0.0137375
-0.898	0.0138154
-0.897	0.0138938
-0.896	0.0139726
-0.895	0.0140518
-0.894	0.0141315
-0.893	0.0142116
-0.892	0.0142922
-0.891	0.0143733
-0.89	0.0144548
-0.889	0.0145368
-0.888	0.0146192
-0.887	0.0147021
-0.886	0.0147855
-0.885	0.0148694
-0.884	0.0149537
-0.883	0.0150385
-0.882	0.0151238
-0.881	0.0152096
-0.88	0.0152958
-0.879	0.0153826
-0.878	0.0154698
-0.877	0.0155575
-0.876	0.0156458
-0.875	0.0157345
-0.874	0.0158238
-0.873	0.0159135
-0.872	0.0160037
-0.871	0.0160945
-0.87	0.0161858
-0.869	0.0162776
-0.868	0.0163699
-0.867	0.0164627
-0.866	0.0165561
-0.865	0.01665
-0.864	0.0167444
-0.863	0.0168394
-0.862	0.0169349
-0.861	0.0170309
-0.86	0.0171275
-0.859	0.0172246
-0.858	0.0173223
-0.857	0.0174205
-0.856	0.0175193
-0.855	0.0176187
-0.854	0.0177186
-0.853	0.0178191
-0.852	0.0179202
-0.851	0.0180218
-0.85	0.018124
-0.849	0.0182268
-0.848	0.0183301
-0.847	0.0184341
-0.846	0.0185386
-0.845	0.0186438
-0.844	0.0187495
-0.843	0.0188558
-0.842	0.0189628
-0.841	0.0190703
-0.84	0.0191784
-0.839	0.0192872
-0.838	0.0193966
-0.837	0.0195066
-0.836	0.0196172
-0.835	0.0197285
-0.834	0.0198404
-0.833	0.0199529
-0.832	0.020066
-0.831	0.0201798
-0.83	0.0202943
-0.829	0.0204094
-0.828	0.0205251
-0.827	0.0206415
-0.826	0.0207586
-0.825	0.0208763
-0.824	0.0209947
-0.823	0.0211138
-0.822	0.0212335
-0.821	0.0213539
-0.82	0.021475
-0.819	0.0215968
-0.818	0.0217193
-0.817	0.0218425
-0.816	0.0219663
-0.815	0.0220909
-0.814	0.0222162
-0.813	0.0223422
-0.812	0.0224689
-0.811	0.0225963
-0.81	0.0227245
-0.809	0.0228533
-0.808	0.022983
-0.807	0.0231133
-0.806	0.0232444
-0.805	0.0233763
-0.804	0.0235088
-0.803	0.0236422
-0.802	0.0237762
-0.801	0.0239111
-0.8	0.0240467
-0.799	0.0241831
-0.798	0.0243203
-0.797	0.0244582
-0.796	0.0245969
-0.795	0.0247364
-0.794	0.0248767
-0.793	0.0250178
-0.792	0.0251597
-0.791	0.0253024
-0.79	0.0254459
-0.789	0.0255902
-0.788	0.0257353
-0.787	0.0258813
-0.786	0.0260281
-0.785	0.0261757
-0.784	0.0263242
-0.783	0.0264735
-0.782	0.0266236
-0.781	0.0267746
-0.78	0.0269265
-0.779	0.0270792
-0.778	0.0272328
-0.777	0.0273873
-0.776	0.0275426
-0.775	0.0276988
-0.774	0.0278559
-0.773	0.0280139
-0.772	0.0281727
-0.771	0.0283325
-0.77	0.0284932
-0.769	0.0286548
-0.768	0.0288173
-0.767	0.0289808
-0.766	0.0291451
-0.765	0.0293104
-0.764	0.0294767
-0.763	0.0296438
-0.762	0.0298119
-0.761	0.029981
-0.76	0.0301511
-0.759	0.0303221
-0.758	0.030494
-0.757	0.030667
-0.756	0.0308409
-0.755	0.0310158
-0.754	0.0311917
-0.753	0.0313686
-0.752	0.0315465
-0.751	0.0317254
-0.75	0.0319053
-0.749	0.0320862
-0.748	0.0322682
-0.747	0.0324512
-0.746	0.0326352
-0.745	0.0328203
-0.744	0.0330064
-0.743	0.0331936
-0.742	0.0333818
-0.741	0.0335711
-0.74	0.0337615
-0.739	0.033953
-0.738	0.0341456
-0.737	0.0343392
-0.736	0.0345339
-0.735	0.0347297
-0.734	0.0349267
-0.733	0.0351248
-0.732	0.035324
-0.731	0.0355243
-0.73	0.0357258
-0.729	0.0359284
-0.728	0.0361322
-0.727	0.0363371
-0.726	0.0365432
-0.725	0.0367504
-0.724	0.0369588
-0.723	0.0371684
-0.722	0.0373792
-0.721	0.0375912
-0.72	0.0378044
-0.719	0.0380188
-0.718	0.0382344
-0.717	0.0384513
-0.716	0.0386693
-0.715	0.0388886
-0.714	0.0391091
-0.713	0.039331
-0.712	0.039554
-0.711	0.0397783
-0.71	0.0400039
-0.709	0.0402308
-0.708	0.040459
-0.707	0.0406885
-0.706	0.0409192
-0.705	0.0411513
-0.704	0.0413847
-0.703	0.0416194
-0.702	0.0418554
-0.701	0.0420928
-0.7	0.0423315
-0.699	0.0425716
-0.698	0.0428131
-0.697	0.0430558
-0.696	0.0433
-0.695	0.0435456
-0.694	0.0437925
-0.693	0.0440409
-0.692	0.0442906
-0.691	0.0445419
-0.69	0.0447945
-0.689	0.0450485
-0.688	0.045304
-0.687	0.0455609
-0.686	0.0458193
-0.685	0.0460792
-0.684	0.0463406
-0.683	0.0466033
-0.682	0.0468676
-0.681	0.0471334
-0.68	0.0474007
-0.679	0.0476695
-0.678	0.0479399
-0.677	0.0482118
-0.676	0.0484852
-0.675	0.0487602
-0.674	0.0490366
-0.673	0.0493147
-0.672	0.0495944
-0.671	0.0498757
-0.67	0.0501586
-0.669	0.050443
-0.668	0.0507291
-0.667	0.0510168
-0.666	0.051306
-0.665	0.0515971
-0.664	0.0518897
-0.663	0.052184
-0.662	0.0524799
-0.661	0.0527775
-0.66	0.0530769
-0.659	0.0533779
-0.658	0.0536806
-0.657	0.053985
-0.656	0.0542911
-0.655	0.0545991
-0.654	0.0549087
-0.653	0.0552201
-0.652	0.0555333
-0.651	0.0558483
-0.65	0.056165
-0.649	0.0564835
-0.648	0.0568039
-0.647	0.057126
-0.646	0.0574501
-0.645	0.0577758
-0.644	0.0581035
-0.643	0.0584331
-0.642	0.0587644
-0.641	0.0590977
-0.64	0.0594328
-0.639	0.0597699
-0.638	0.0601089
-0.637	0.0604498
-0.636	0.0607926
-0.635	0.0611374
-0.634	0.0614842
-0.633	0.0618329
-0.632	0.0621836
-0.631	0.0625362
-0.63	0.0628909
-0.629	0.0632475
-0.628	0.0636063
-0.627	0.0639671
-0.626	0.0643298
-0.625	0.0646947
-0.624	0.0650616
-0.623	0.0654306
-0.622	0.0658017
-0.621	0.0661748
-0.62	0.0665501
-0.619	0.0669275
-0.618	0.0673071
-0.617	0.0676889
-0.616	0.0680728
-0.615	0.0684588
-0.614	0.0688471
-0.613	0.0692375
-0.612	0.0696301
-0.611	0.070025
-0.61	0.0704222
-0.609	0.0708215
-0.608	0.0712232
-0.607	0.0716272
-0.606	0.0720333
-0.605	0.0724419
-0.604	0.0728527
-0.603	0.0732659
-0.602	0.0736814
-0.601	0.0740992
-0.6	0.0745194
-0.599	0.074942
-0.598	0.075367
-0.597	0.0757944
-0.596	0.0762243
-0.595	0.0766565
-0.594	0.0770913
-0.593	0.0775285
-0.592	0.0779681
-0.591	0.0784102
-0.59	0.078855
-0.589	0.0793021
-0.588	0.0797519
-0.587	0.0802042
-0.586	0.0806591
-0.585	0.0811164
-0.584	0.0815765
-0.583	0.0820391
-0.582	0.0825043
-0.581	0.0829722
-0.58	0.0834427
-0.579	0.083916
-0.578	0.0843918
-0.577	0.0848705
-0.576	0.0853518
-0.575	0.0858358
-0.574	0.0863227
-0.573	0.0868122
-0.572	0.0873046
-0.571	0.0877996
-0.57	0.0882977
-0.569	0.0887984
-0.568	0.0893019
-0.567	0.0898085
-0.566	0.0903177
-0.565	0.09083
-0.564	0.0913451
-0.563	0.0918632
-0.562	0.0923841
-0.561	0.0929081
-0.56	0.093435
-0.559	0.0939648
-0.558	0.0944978
-0.557	0.0950338
-0.556	0.0955728
-0.555	0.0961148
-0.554	0.0966599
-0.553	0.0972081
-0.552	0.0977594
-0.551	0.0983138
-0.55	0.0988714
-0.549	0.0994321
-0.548	0.0999961
-0.547	0.100563
-0.546	0.101134
-0.545	0.101707
-0.544	0.102284
-0.543	0.102864
-0.542	0.103447
-0.541	0.104034
-0.54	0.104624
-0.539	0.105217
-0.538	0.105814
-0.537	0.106414
-0.536	0.107018
-0.535	0.107625
-0.534	0.108235
-0.533	0.108849
-0.532	0.109466
-0.531	0.110087
-0.53	0.110711
-0.529	0.111339
-0.528	0.111971
-0.527	0.112606
-0.526	0.113244
-0.525	0.113887
-0.524	0.114532
-0.523	0.115182
-0.522	0.115835
-0.521	0.116492
-0.52	0.117153
-0.519	0.117817
-0.518	0.118485
-0.517	0.119157
-0.516	0.119833
-0.515	0.120512
-0.514	0.121196
-0.513	0.121883
-0.512	0.122575
-0.511	0.12327
-0.51	0.123969
-0.509	0.124672
-0.508	0.125379
-0.507	0.12609
-0.506	0.126805
-0.505	0.127524
-0.504	0.128247
-0.503	0.128975
-0.502	0.129706
-0.501	0.130442
-0.5	0.131181
-0.499	0.131925
-0.498	0.132674
-0.497	0.133426
-0.496	0.134183
-0.495	0.134944
-0.494	0.135709
-0.493	0.136479
-0.492	0.137253
-0.491	0.138031
-0.49	0.138814
-0.489	0.139601
-0.488	0.140393
-0.487	0.141189
-0.486	0.14199
-0.485	0.142795
-0.484	0.143605
-0.483	0.144419
-0.482	0.145238
-0.481	0.146062
-0.48	0.14689
-0.479	0.147723
-0.478	0.148561
-0.477	0.149404
-0.476	0.150251
-0.475	0.151103
-0.474	0.15196
-0.473	0.152822
-0.472	0.153689
-0.471	0.15456
-0.47	0.155437
-0.469	0.156319
-0.468	0.157205
-0.467	0.158097
-0.466	0.158993
-0.465	0.159895
-0.464	0.160802
-0.463	0.161714
-0.462	0.162631
-0.461	0.163553
-0.46	0.164481
-0.459	0.165414
-0.458	0.166352
-0.457	0.167295
-0.456	0.168244
-0.455	0.169198
-0.454	0.170158
-0.453	0.171123
-0.452	0.172093
-0.451	0.173069
-0.45	0.174051
-0.449	0.175038
-0.448	0.17603
-0.447	0.177029
-0.446	0.178032
-0.445	0.179042
-0.444	0.180058
-0.443	0.181079
-0.442	0.182106
-0.441	0.183138
-0.44	0.184177
-0.439	0.185221
-0.438	0.186272
-0.437	0.187328
-0.436	0.188391
-0.435	0.189459
-0.434	0.190533
-0.433	0.191614
-0.432	0.1927
-0.431	0.193794
-0.43	0.194893
-0.429	0.195998
-0.428	0.197109
-0.427	0.198227
-0.426	0.199351
-0.425	0.200482
-0.424	0.201619
-0.423	0.202762
-0.422	0.203912
-0.421	0.205068
-0.42	0.206231
-0.419	0.207401
-0.418	0.208577
-0.417	0.20976
-0.416	0.21095
-0.415	0.212146
-0.414	0.213395
-0.413	0.214744
-0.412	0.216195
-0.411	0.217748
-0.41	0.219403
-0.409	0.221161
-0.408	0.223022
-0.407	0.224986
-0.406	0.227054
-0.405	0.229224
-0.404	0.231499
-0.403	0.233875
-0.402	0.236354
-0.401	0.238934
-0.4	0.241615
-0.399	0.244396
-0.398	0.247276
-0.397	0.250255
-0.396	0.253331
-0.395	0.256502
-0.394	0.259769
-0.393	0.263128
-0.392	0.266578
-0.391	0.270119
-0.39	0.273747
-0.389	0.277462
-0.388	0.28126
-0.387	0.285141
-0.386	0.289102
-0.385	0.293141
-0.384	0.297255
-0.383	0.301443
-0.382	0.305701
-0.381	0.310028
-0.38	0.31442
-0.379	0.318875
-0.378	0.32339
-0.377	0.327963
-0.376	0.33259
-0.375	0.337269
-0.374	0.341997
-0.373	0.346771
-0.372	0.351586
-0.371	0.356443
-0.37	0.361336
-0.369	0.366262
-0.368	0.371218
-0.367	0.376203
-0.366	0.381211
-0.365	0.386241
-0.364	0.391325
-0.363	0.396495
-0.362	0.401751
-0.361	0.407084
-0.36	0.412492
-0.359	0.41797
-0.358	0.423511
-0.357	0.429115
-0.356	0.434772
-0.355	0.44048
-0.354	0.446233
-0.353	0.452028
-0.352	0.457856
-0.351	0.463716
-0.35	0.4696
-0.349	0.475505
-0.348	0.481425
-0.347	0.487353
-0.346	0.493288
-0.345	0.499221
-0.344	0.505149
-0.343	0.511067
-0.342	0.516968
-0.341	0.522848
-0.34	0.528702
-0.339	0.534523
-0.338	0.540311
-0.337	0.546056
-0.336	0.551755
-0.335	0.557402
-0.334	0.562994
-0.333	0.568525
-0.332	0.573989
-0.331	0.579383
-0.33	0.584703
-0.329	0.589942
-0.328	0.595098
-0.327	0.600163
-0.326	0.605136
-0.325	0.610012
-0.324	0.614786
-0.323	0.619454
-0.322	0.624013
-0.321	0.628457
-0.32	0.632785
-0.319	0.636991
-0.318	0.641072
-0.317	0.645026
-0.316	0.648846
-0.315	0.652534
-0.314	0.656083
-0.313	0.659491
-0.312	0.662753
-0.311	0.66587
-0.31	0.668838
-0.309	0.671653
-0.308	0.674315
-0.307	0.676819
-0.306	0.679166
-0.305	0.681353
-0.304	0.683377
-0.303	0.685237
-0.302	0.686931
-0.301	0.688461
-0.3	0.689821
-0.299	0.691012
-0.298	0.692033
-0.297	0.692884
-0.296	0.693565
-0.295	0.694073
-0.294	0.694409
-0.293	0.694574
-0.292	0.694566
-0.291	0.694387
-0.29	0.694036
-0.289	0.693515
-0.288	0.692822
-0.287	0.691961
-0.286	0.690932
-0.285	0.689733
-0.284	0.68837
-0.283	0.68684
-0.282	0.685149
-0.281	0.683295
-0.28	0.681282
-0.279	0.679112
-0.278	0.676784
-0.277	0.674304
-0.276	0.671673
-0.275	0.668893
-0.274	0.665968
-0.273	0.6629
-0.272	0.65969
-0.271	0.656345
-0.27	0.652866
-0.269	0.649256
-0.268	0.645518
-0.267	0.641658
-0.266	0.637677
-0.265	0.633581
-0.264	0.629371
-0.263	0.625054
-0.262	0.620631
-0.261	0.616109
-0.26	0.611491
-0.259	0.606781
-0.258	0.601984
-0.257	0.597104
-0.256	0.592145
-0.255	0.587114
-0.254	0.582013
-0.253	0.576847
-0.252	0.571623
-0.251	0.566344
-0.25	0.561015
-0.249	0.555642
-0.248	0.55023
-0.247	0.544782
-0.246	0.539306
-0.245	0.533805
-0.244	0.528284
-0.243	0.522749
-0.242	0.517205
-0.241	0.511657
-0.24	0.50611
-0.239	0.50057
-0.238	0.495041
-0.237	0.489529
-0.236	0.484038
-0.235	0.478576
-0.234	0.473143
-0.233	0.467749
-0.232	0.462397
-0.231	0.457091
-0.23	0.451838
-0.229	0.446642
-0.228	0.441507
-0.227	0.436438
-0.226	0.431441
-0.225	0.42652
-0.224	0.421679
-0.223	0.416923
-0.222	0.412257
-0.221	0.407684
-0.22	0.40321
-0.219	0.398837
-0.218	0.394571
-0.217	0.390415
-0.216	0.386374
-0.215	0.38245
-0.214	0.378649
-0.213	0.374973
-0.212	0.371426
-0.211	0.36801
-0.21	0.364731
-0.209	0.361589
-0.208	0.35859
-0.207	0.355734
-0.206	0.353028
-0.205	0.350469
-0.204	0.348063
-0.203	0.345812
-0.202	0.343717
-0.201	0.341782
-0.2	0.340007
-0.199	0.338395
-0.198	0.336946
-0.197	0.335664
-0.196	0.334549
-0.195	0.333601
-0.194	0.332824
-0.193	0.332215
-0.192	0.331779
-0.191	0.331513
-0.19	0.331418
-0.189	0.331497
-0.188	0.331747
-0.187	0.33217
-0.186	0.332763
-0.185	0.333531
-0.184	0.334467
-0.183	0.335575
-0.182	0.336852
-0.181	0.338297
-0.18	0.33991
-0.179	0.341691
-0.178	0.343634
-0.177	0.345742
-0.176	0.348012
-0.175	0.35044
-0.174	0.353027
-0.173	0.35577
-0.172	0.358665
-0.171	0.361712
-0.17	0.364907
-0.169	0.368247
-0.168	0.371732
-0.167	0.375354
-0.166	0.379115
-0.165	0.383008
-0.164	0.387033
-0.163	0.391184
-0.162	0.395459
-0.161	0.399853
-0.16	0.404363
-0.159	0.408985
-0.158	0.413717
-0.157	0.418551
-0.156	0.423486
-0.155	0.428516
-0.154	0.433637
-0.153	0.438847
-0.152	0.444138
-0.151	0.449506
-0.15	0.454949
-0.149	0.460459
-0.148	0.466035
-0.147	0.471668
-0.146	0.477355
-0.145	0.483094
-0.144	0.488874
-0.143	0.494695
-0.142	0.500551
-0.141	0.506433
-0.14	0.512343
-0.139	0.51827
-0.138	0.52421
-0.137	0.53016
-0.136	0.536113
-0.135	0.542064
-0.134	0.548009
-0.133	0.553942
-0.132	0.559857
-0.131	0.56575
-0.13	0.571616
-0.129	0.577452
-0.128	0.583246
-0.127	0.589001
-0.126	0.594708
-0.125	0.600361
-0.124	0.60596
-0.123	0.611494
-0.122	0.616963
-0.121	0.62236
-0.12	0.627679
-0.119	0.63292
-0.118	0.638073
-0.117	0.643139
-0.116	0.64811
-0.115	0.652981
-0.114	0.657751
-0.113	0.662415
-0.112	0.666967
-0.111	0.671405
-0.11	0.675725
-0.109	0.679922
-0.108	0.683994
-0.107	0.687938
-0.106	0.691748
-0.105	0.695423
-0.104	0.698958
-0.103	0.702354
-0.102	0.705604
-0.101	0.708706
-0.1	0.71166