-4	3.30227e-013
-3.999	3.3288e-013
-3.998	3.35315e-013
-3.997	3.37405e-013
-3.996	3.39403e-013
-3.995	3.41172e-013
-3.994	3.42931e-013
-3.993	3.45154e-013
-3.992	3.4748e-013
-3.991	3.49649e-013
-3.99	3.5188e-013
-3.989	3.53817e-013
-3.988	3.55598e-013
-3.987	3.57883e-013
-3.986	3.59861e-013
-3.985	3.61039e-013
-3.984	3.63007e-013
-3.983	3.66122e-013
-3.982	3.6852e-013
-3.981	3.69719e-013
-3.98	3.7108e-013
-3.979	3.73003e-013
-3.978	3.74863e-013
-3.977	3.76583e-013
-3.976	3.78208e-013
-3.975	3.79603e-013
-3.974	3.81077e-013
-3.973	3.8283e-013
-3.972	3.8459e-013
-3.971	3.86161e-013
-3.97	3.877e-013
-3.969	3.89656e-013
-3.968	3.918e-013
-3.967	3.93322e-013
-3.966	3.94331e-013
-3.965	3.95335e-013
-3.964	3.9663e-013
-3.963	3.98522e-013
-3.962	4.00215e-013
-3.961	4.01064e-013
-3.96	4.02198e-013
-3.959	4.0384e-013
-3.958	4.04994e-013
-3.957	4.06048e-013
-3.956	4.07477e-013
-3.955	4.08812e-013
-3.954	4.10132e-013
-3.953	4.11221e-013
-3.952	4.11545e-013
-3.951	4.12064e-013
-3.95	4.13649e-013
-3.949	4.15633e-013
-3.948	4.17391e-013
-3.947	4.18528e-013
-3.946	4.18811e-013
-3.945	4.18957e-013
-3.944	4.19354e-013
-3.943	4.19833e-013
-3.942	4.20978e-013
-3.941	4.22458e-013
-3.94	4.22853e-013
-3.939	4.22969e-013
-3.938	4.24305e-013
-3.937	4.25794e-013
-3.936	4.26638e-013
-3.935	4.27479e-013
-3.934	4.27758e-013
-3.933	4.27378e-013
-3.932	4.27811e-013
-3.931	4.29076e-013
-3.93	4.29767e-013
-3.929	4.29461e-013
-3.928	4.29217e-013
-3.927	4.30038e-013
-3.926	4.31352e-013
-3.925	4.32172e-013
-3.924	4.32163e-013
-3.923	4.31845e-013
-3.922	4.32801e-013
-3.921	4.34508e-013
-3.92	4.34384e-013
-3.919	4.32863e-013
-3.918	4.31996e-013
-3.917	4.32213e-013
-3.916	4.33398e-013
-3.915	4.34314e-013
-3.914	4.33731e-013
-3.913	4.3302e-013
-3.912	4.33708e-013
-3.911	4.35121e-013
-3.91	4.35601e-013
-3.909	4.34725e-013
-3.908	4.33894e-013
-3.907	4.33762e-013
-3.906	4.33315e-013
-3.905	4.3276e-013
-3.904	4.33535e-013
-3.903	4.3456e-013
-3.902	4.33736e-013
-3.901	4.32769e-013
-3.9	4.33498e-013
-3.899	4.33994e-013
-3.898	4.33436e-013
-3.897	4.33002e-013
-3.896	4.32578e-013
-3.895	4.32051e-013
-3.894	4.31698e-013
-3.893	4.31318e-013
-3.892	4.30823e-013
-3.891	4.30065e-013
-3.89	4.29511e-013
-3.889	4.29882e-013
-3.888	4.30219e-013
-3.887	4.29589e-013
-3.886	4.28882e-013
-3.885	4.28805e-013
-3.884	4.28918e-013
-3.883	4.28446e-013
-3.882	4.26981e-013
-3.881	4.25723e-013
-3.88	4.26151e-013
-3.879	4.26738e-013
-3.878	4.25535e-013
-3.877	4.24452e-013
-3.876	4.24908e-013
-3.875	4.24593e-013
-3.874	4.23242e-013
-3.873	4.23017e-013
-3.872	4.23062e-013
-3.871	4.22021e-013
-3.87	4.2102e-013
-3.869	4.20701e-013
-3.868	4.20702e-013
-3.867	4.20357e-013
-3.866	4.19205e-013
-3.865	4.18372e-013
-3.864	4.183e-013
-3.863	4.17924e-013
-3.862	4.17569e-013
-3.861	4.17308e-013
-3.86	4.15889e-013
-3.859	4.14454e-013
-3.858	4.1491e-013
-3.857	4.15548e-013
-3.856	4.14351e-013
-3.855	4.1281e-013
-3.854	4.12629e-013
-3.853	4.13162e-013
-3.852	4.13076e-013
-3.851	4.12061e-013
-3.85	4.11056e-013
-3.849	4.10679e-013
-3.848	4.10449e-013
-3.847	4.09927e-013
-3.846	4.09096e-013
-3.845	4.08577e-013
-3.844	4.08711e-013
-3.843	4.08375e-013
-3.842	4.07298e-013
-3.841	4.06827e-013
-3.84	4.07057e-013
-3.839	4.0705e-013
-3.838	4.06837e-013
-3.837	4.06433e-013
-3.836	4.05387e-013
-3.835	4.04659e-013
-3.834	4.05199e-013
-3.833	4.05582e-013
-3.832	4.0496e-013
-3.831	4.04399e-013
-3.83	4.04275e-013
-3.829	4.04347e-013
-3.828	4.04279e-013
-3.827	4.03855e-013
-3.826	4.03557e-013
-3.825	4.03425e-013
-3.824	4.03286e-013
-3.823	4.03336e-013
-3.822	4.03539e-013
-3.821	4.03808e-013
-3.82	4.03598e-013
-3.819	4.0298e-013
-3.818	4.03348e-013
-3.817	4.04439e-013
-3.816	4.04801e-013
-3.815	4.04238e-013
-3.814	4.03419e-013
-3.813	4.03906e-013
-3.812	4.05739e-013
-3.811	4.06273e-013
-3.81	4.05506e-013
-3.809	4.05656e-013
-3.808	4.06194e-013
-3.807	4.06262e-013
-3.806	4.06638e-013
-3.805	4.07447e-013
-3.804	4.08331e-013
-3.803	4.09126e-013
-3.802	4.09756e-013
-3.801	4.10253e-013
-3.8	4.10675e-013
-3.799	4.1143e-013
-3.798	4.12222e-013
-3.797	4.12399e-013
-3.796	4.12667e-013
-3.795	4.13267e-013
-3.794	4.14034e-013
-3.793	4.15916e-013
-3.792	4.182e-013
-3.791	4.19384e-013
-3.79	4.19916e-013
-3.789	4.20125e-013
-3.788	4.20682e-013
-3.787	4.22692e-013
-3.786	4.24728e-013
-3.785	4.25198e-013
-3.784	4.25048e-013
-3.783	4.2621e-013
-3.782	4.29296e-013
-3.781	4.31692e-013
-3.78	4.31678e-013
-3.779	4.32167e-013
-3.778	4.34689e-013
-3.777	4.37e-013
-3.776	4.38044e-013
-3.775	4.38714e-013
-3.774	4.40085e-013
-3.773	4.42741e-013
-3.772	4.45651e-013
-3.771	4.47387e-013
-3.77	4.48642e-013
-3.769	4.5056e-013
-3.768	4.52522e-013
-3.767	4.54469e-013
-3.766	4.56998e-013
-3.765	4.58979e-013
-3.764	4.60149e-013
-3.763	4.6204e-013
-3.762	4.64666e-013
-3.761	4.67272e-013
-3.76	4.69716e-013
-3.759	4.71874e-013
-3.758	4.74251e-013
-3.757	4.76864e-013
-3.756	4.79414e-013
-3.755	4.82925e-013
-3.754	4.86496e-013
-3.753	4.87788e-013
-3.752	4.88595e-013
-3.751	4.91457e-013
-3.75	4.95112e-013
-3.749	4.98072e-013
-3.748	5.00516e-013
-3.747	5.03506e-013
-3.746	5.07323e-013
-3.745	5.10311e-013
-3.744	5.12715e-013
-3.743	5.15782e-013
-3.742	5.18381e-013
-3.741	5.21034e-013
-3.74	5.25013e-013
-3.739	5.28721e-013
-3.738	5.31679e-013
-3.737	5.35055e-013
-3.736	5.38702e-013
-3.735	5.42046e-013
-3.734	5.45334e-013
-3.733	5.48966e-013
-3.732	5.52266e-013
-3.731	5.55217e-013
-3.73	5.59256e-013
-3.729	5.63634e-013
-3.728	5.66886e-013
-3.727	5.69816e-013
-3.726	5.72759e-013
-3.725	5.76308e-013
-3.724	5.81404e-013
-3.723	5.85977e-013
-3.722	5.89226e-013
-3.721	5.92798e-013
-3.72	5.9656e-013
-3.719	6.01121e-013
-3.718	6.05928e-013
-3.717	6.08613e-013
-3.716	6.11728e-013
-3.715	6.16807e-013
-3.714	6.21171e-013
-3.713	6.25258e-013
-3.712	6.29405e-013
-3.711	6.33113e-013
-3.71	6.37576e-013
-3.709	6.42117e-013
-3.708	6.46536e-013
-3.707	6.50448e-013
-3.706	6.53373e-013
-3.705	6.58621e-013
-3.704	6.64548e-013
-3.703	6.67839e-013
-3.702	6.72578e-013
-3.701	6.78157e-013
-3.7	6.81189e-013
-3.699	6.84634e-013
-3.698	6.8923e-013
-3.697	6.94158e-013
-3.696	6.99402e-013
-3.695	7.03023e-013
-3.694	7.06271e-013
-3.693	7.10917e-013
-3.692	7.16191e-013
-3.691	7.22002e-013
-3.69	7.27106e-013
-3.689	7.31441e-013
-3.688	7.36171e-013
-3.687	7.39973e-013
-3.686	7.43447e-013
-3.685	7.48232e-013
-3.684	7.53569e-013
-3.683	7.58669e-013
-3.682	7.62995e-013
-3.681	7.6709e-013
-3.68	7.7166e-013
-3.679	7.76686e-013
-3.678	7.82205e-013
-3.677	7.85918e-013
-3.676	7.88193e-013
-3.675	7.93539e-013
-3.674	8.00206e-013
-3.673	8.04572e-013
-3.672	8.08922e-013
-3.671	8.13022e-013
-3.67	8.16262e-013
-3.669	8.22255e-013
-3.668	8.2837e-013
-3.667	8.31306e-013
-3.666	8.35586e-013
-3.665	8.41375e-013
-3.664	8.44805e-013
-3.663	8.48146e-013
-3.662	8.54277e-013
-3.661	8.60134e-013
-3.66	8.62742e-013
-3.659	8.65341e-013
-3.658	8.70877e-013
-3.657	8.76522e-013
-3.656	8.79928e-013
-3.655	8.82745e-013
-3.654	8.86762e-013
-3.653	8.91804e-013
-3.652	8.96977e-013
-3.651	9.01657e-013
-3.65	9.05603e-013
-3.649	9.1022e-013
-3.648	9.16244e-013
-3.647	9.19769e-013
-3.646	9.20534e-013
-3.645	9.24189e-013
-3.644	9.29928e-013
-3.643	9.34605e-013
-3.642	9.37989e-013
-3.641	9.39344e-013
-3.64	9.43153e-013
-3.639	9.50653e-013
-3.638	9.54769e-013
-3.637	9.56331e-013
-3.636	9.59922e-013
-3.635	9.64671e-013
-3.634	9.69439e-013
-3.633	9.71888e-013
-3.632	9.72492e-013
-3.631	9.75685e-013
-3.63	9.80665e-013
-3.629	9.85414e-013
-3.628	9.89924e-013
-3.627	9.92772e-013
-3.626	9.94846e-013
-3.625	9.98487e-013
-3.624	1.00274e-012
-3.623	1.0044e-012
-3.622	1.00441e-012
-3.621	1.00786e-012
-3.62	1.01371e-012
-3.619	1.01688e-012
-3.618	1.01855e-012
-3.617	1.02277e-012
-3.616	1.02729e-012
-3.615	1.02865e-012
-3.614	1.03036e-012
-3.613	1.03306e-012
-3.612	1.03401e-012
-3.611	1.03714e-012
-3.61	1.04184e-012
-3.609	1.04182e-012
-3.608	1.0419e-012
-3.607	1.04717e-012
-3.606	1.05051e-012
-3.605	1.05075e-012
-3.604	1.05374e-012
-3.603	1.0564e-012
-3.602	1.05642e-012
-3.601	1.0585e-012
-3.6	1.06205e-012
-3.599	1.06382e-012
-3.598	1.06591e-012
-3.597	1.06791e-012
-3.596	1.06689e-012
-3.595	1.06672e-012
-3.594	1.07055e-012
-3.593	1.07423e-012
-3.592	1.07469e-012
-3.591	1.07534e-012
-3.59	1.07996e-012
-3.589	1.08322e-012
-3.588	1.08053e-012
-3.587	1.079e-012
-3.586	1.08177e-012
-3.585	1.08314e-012
-3.584	1.08223e-012
-3.583	1.08292e-012
-3.582	1.0855e-012
-3.581	1.08648e-012
-3.58	1.08732e-012
-3.579	1.08894e-012
-3.578	1.08706e-012
-3.577	1.08724e-012
-3.576	1.09153e-012
-3.575	1.09063e-012
-3.574	1.08886e-012
-3.573	1.09085e-012
-3.572	1.09019e-012
-3.571	1.08992e-012
-3.57	1.09346e-012
-3.569	1.09415e-012
-3.568	1.09172e-012
-3.567	1.09295e-012
-3.566	1.09527e-012
-3.565	1.09288e-012
-3.564	1.09078e-012
-3.563	1.09239e-012
-3.562	1.09265e-012
-3.561	1.09186e-012
-3.56	1.09323e-012
-3.559	1.09323e-012
-3.558	1.09062e-012
-3.557	1.08988e-012
-3.556	1.08976e-012
-3.555	1.08774e-012
-3.554	1.08829e-012
-3.553	1.09078e-012
-3.552	1.08977e-012
-3.551	1.08684e-012
-3.55	1.08564e-012
-3.549	1.08722e-012
-3.548	1.0889e-012
-3.547	1.08634e-012
-3.546	1.08293e-012
-3.545	1.0839e-012
-3.544	1.08532e-012
-3.543	1.08299e-012
-3.542	1.08026e-012
-3.541	1.08041e-012
-3.54	1.08194e-012
-3.539	1.081e-012
-3.538	1.0778e-012
-3.537	1.07617e-012
-3.536	1.076e-012
-3.535	1.07675e-012
-3.534	1.07653e-012
-3.533	1.07312e-012
-3.532	1.07127e-012
-3.531	1.07117e-012
-3.53	1.0697e-012
-3.529	1.06854e-012
-3.528	1.06687e-012
-3.527	1.0664e-012
-3.526	1.06763e-012
-3.525	1.06535e-012
-3.524	1.0633e-012
-3.523	1.06511e-012
-3.522	1.06445e-012
-3.521	1.06083e-012
-3.52	1.05882e-012
-3.519	1.05943e-012
-3.518	1.06007e-012
-3.517	1.0578e-012
-3.516	1.05516e-012
-3.515	1.0534e-012
-3.514	1.05329e-012
-3.513	1.05564e-012
-3.512	1.05212e-012
-3.511	1.04644e-012
-3.51	1.04937e-012
-3.509	1.05185e-012
-3.508	1.0483e-012
-3.507	1.04489e-012
-3.506	1.0448e-012
-3.505	1.04757e-012
-3.504	1.04707e-012
-3.503	1.04458e-012
-3.502	1.04462e-012
-3.501	1.04225e-012
-3.5	1.04054e-012
-3.499	1.0421e-012
-3.498	1.04044e-012
-3.497	1.03849e-012
-3.496	1.03936e-012
-3.495	1.04021e-012
-3.494	1.03997e-012
-3.493	1.03757e-012
-3.492	1.03649e-012
-3.491	1.03766e-012
-3.49	1.03695e-012
-3.489	1.03552e-012
-3.488	1.03454e-012
-3.487	1.0349e-012
-3.486	1.03723e-012
-3.485	1.03691e-012
-3.484	1.03496e-012
-3.483	1.03614e-012
-3.482	1.03744e-012
-3.481	1.03658e-012
-3.48	1.03682e-012
-3.479	1.03869e-012
-3.478	1.03748e-012
-3.477	1.03446e-012
-3.476	1.03678e-012
-3.475	1.03906e-012
-3.474	1.03658e-012
-3.473	1.03713e-012
-3.472	1.04075e-012
-3.471	1.04303e-012
-3.47	1.04292e-012
-3.469	1.04226e-012
-3.468	1.04405e-012
-3.467	1.04382e-012
-3.466	1.0429e-012
-3.465	1.0451e-012
-3.464	1.04592e-012
-3.463	1.04852e-012
-3.462	1.05198e-012
-3.461	1.05109e-012
-3.46	1.05329e-012
-3.459	1.05675e-012
-3.458	1.05592e-012
-3.457	1.05654e-012
-3.456	1.0594e-012
-3.455	1.06263e-012
-3.454	1.06284e-012
-3.453	1.06189e-012
-3.452	1.06791e-012
-3.451	1.07255e-012
-3.45	1.07212e-012
-3.449	1.07525e-012
-3.448	1.07721e-012
-3.447	1.07771e-012
-3.446	1.082e-012
-3.445	1.08431e-012
-3.444	1.08521e-012
-3.443	1.08948e-012
-3.442	1.09354e-012
-3.441	1.09623e-012
-3.44	1.09807e-012
-3.439	1.09924e-012
-3.438	1.1031e-012
-3.437	1.10793e-012
-3.436	1.11199e-012
-3.435	1.11624e-012
-3.434	1.11937e-012
-3.433	1.12257e-012
-3.432	1.12558e-012
-3.431	1.12901e-012
-3.43	1.13245e-012
-3.429	1.13357e-012
-3.428	1.13874e-012
-3.427	1.14581e-012
-3.426	1.14959e-012
-3.425	1.15463e-012
-3.424	1.15854e-012
-3.423	1.1635e-012
-3.422	1.16872e-012
-3.421	1.16932e-012
-3.42	1.17501e-012
-3.419	1.18219e-012
-3.418	1.1841e-012
-3.417	1.18922e-012
-3.416	1.19413e-012
-3.415	1.19831e-012
-3.414	1.20547e-012
-3.413	1.20837e-012
-3.412	1.21305e-012
-3.411	1.22034e-012
-3.41	1.22534e-012
-3.409	1.23239e-012
-3.408	1.23237e-012
-3.407	1.23508e-012
-3.406	1.24876e-012
-3.405	1.25344e-012
-3.404	1.25591e-012
-3.403	1.26438e-012
-3.402	1.27014e-012
-3.401	1.27704e-012
-3.4	1.28415e-012
-3.399	1.28701e-012
-3.398	1.29158e-012
-3.397	1.30004e-012
-3.396	1.30676e-012
-3.395	1.31099e-012
-3.394	1.31662e-012
-3.393	1.32313e-012
-3.392	1.33019e-012
-3.391	1.33697e-012
-3.39	1.34116e-012
-3.389	1.34882e-012
-3.388	1.35771e-012
-3.387	1.36154e-012
-3.386	1.36557e-012
-3.385	1.37306e-012
-3.384	1.38434e-012
-3.383	1.38968e-012
-3.382	1.39057e-012
-3.381	1.40054e-012
-3.38	1.4115e-012
-3.379	1.41661e-012
-3.378	1.42144e-012
-3.377	1.42862e-012
-3.376	1.43494e-012
-3.375	1.44186e-012
-3.374	1.44988e-012
-3.373	1.45482e-012
-3.372	1.46304e-012
-3.371	1.47182e-012
-3.37	1.47715e-012
-3.369	1.48533e-012
-3.368	1.49209e-012
-3.367	1.49587e-012
-3.366	1.50169e-012
-3.365	1.51047e-012
-3.364	1.52013e-012
-3.363	1.52317e-012
-3.362	1.52763e-012
-3.361	1.54118e-012
-3.36	1.54769e-012
-3.359	1.55237e-012
-3.358	1.56052e-012
-3.357	1.56457e-012
-3.356	1.57298e-012
-3.355	1.58089e-012
-3.354	1.58739e-012
-3.353	1.59588e-012
-3.352	1.60186e-012
-3.351	1.6087e-012
-3.35	1.61423e-012
-3.349	1.62031e-012
-3.348	1.62802e-012
-3.347	1.63367e-012
-3.346	1.64185e-012
-3.345	1.64969e-012
-3.344	1.6527e-012
-3.343	1.66013e-012
-3.342	1.66805e-012
-3.341	1.6732e-012
-3.34	1.68106e-012
-3.339	1.68452e-012
-3.338	1.69131e-012
-3.337	1.70103e-012
-3.336	1.70827e-012
-3.335	1.7141e-012
-3.334	1.7161e-012
-3.333	1.72483e-012
-3.332	1.73191e-012
-3.331	1.73564e-012
-3.33	1.74365e-012
-3.329	1.74755e-012
-3.328	1.75286e-012
-3.327	1.76105e-012
-3.326	1.76517e-012
-3.325	1.76961e-012
-3.324	1.7755e-012
-3.323	1.78215e-012
-3.322	1.78799e-012
-3.321	1.79275e-012
-3.32	1.80058e-012
-3.319	1.80194e-012
-3.318	1.80746e-012
-3.317	1.81847e-012
-3.316	1.8203e-012
-3.315	1.82601e-012
-3.314	1.82817e-012
-3.313	1.83089e-012
-3.312	1.84171e-012
-3.311	1.84249e-012
-3.31	1.84499e-012
-3.309	1.85533e-012
-3.308	1.85822e-012
-3.307	1.85971e-012
-3.306	1.868e-012
-3.305	1.87224e-012
-3.304	1.87082e-012
-3.303	1.87514e-012
-3.302	1.88265e-012
-3.301	1.88631e-012
-3.3	1.89024e-012
-3.299	1.89518e-012
-3.298	1.89366e-012
-3.297	1.89751e-012
-3.296	1.90732e-012
-3.295	1.90538e-012
-3.294	1.90959e-012
-3.293	1.9166e-012
-3.292	1.91474e-012
-3.291	1.91905e-012
-3.29	1.92282e-012
-3.289	1.9224e-012
-3.288	1.92769e-012
-3.287	1.93143e-012
-3.286	1.93077e-012
-3.285	1.94048e-012
-3.284	1.94442e-012
-3.283	1.94101e-012
-3.282	1.9395e-012
-3.281	1.94105e-012
-3.28	1.95055e-012
-3.279	1.94767e-012
-3.278	1.94506e-012
-3.277	1.95126e-012
-3.276	1.95465e-012
-3.275	1.95534e-012
-3.274	1.95355e-012
-3.273	1.95554e-012
-3.272	1.96228e-012
-3.271	1.96305e-012
-3.27	1.96035e-012
-3.269	1.96531e-012
-3.268	1.96314e-012
-3.267	1.96323e-012
-3.266	1.96405e-012
-3.265	1.96117e-012
-3.264	1.96485e-012
-3.263	1.96317e-012
-3.262	1.97064e-012
-3.261	1.97029e-012
-3.26	1.9645e-012
-3.259	1.97365e-012
-3.258	1.96957e-012
-3.257	1.96882e-012
-3.256	1.97261e-012
-3.255	1.96878e-012
-3.254	1.96912e-012
-3.253	1.96676e-012
-3.252	1.96488e-012
-3.251	1.96332e-012
-3.25	1.96735e-012
-3.249	1.97041e-012
-3.248	1.9649e-012
-3.247	1.96922e-012
-3.246	1.97006e-012
-3.245	1.96196e-012
-3.244	1.96248e-012
-3.243	1.9603e-012
-3.242	1.95408e-012
-3.241	1.95886e-012
-3.24	1.96307e-012
-3.239	1.95516e-012
-3.238	1.95125e-012
-3.237	1.95464e-012
-3.236	1.95757e-012
-3.235	1.95826e-012
-3.234	1.95078e-012
-3.233	1.95176e-012
-3.232	1.95392e-012
-3.231	1.94746e-012
-3.23	1.94751e-012
-3.229	1.94545e-012
-3.228	1.94434e-012
-3.227	1.94599e-012
-3.226	1.94013e-012
-3.225	1.93654e-012
-3.224	1.94237e-012
-3.223	1.93337e-012
-3.222	1.92876e-012
-3.221	1.93481e-012
-3.22	1.92763e-012
-3.219	1.93054e-012
-3.218	1.92525e-012
-3.217	1.92176e-012
-3.216	1.92734e-012
-3.215	1.92006e-012
-3.214	1.92034e-012
-3.213	1.91674e-012
-3.212	1.91578e-012
-3.211	1.91863e-012
-3.21	1.91207e-012
-3.209	1.90927e-012
-3.208	1.90866e-012
-3.207	1.9059e-012
-3.206	1.90749e-012
-3.205	1.90878e-012
-3.204	1.89789e-012
-3.203	1.9018e-012
-3.202	1.90298e-012
-3.201	1.89383e-012
-3.2	1.8947e-012
-3.199	1.89147e-012
-3.198	1.89585e-012
-3.197	1.8891e-012
-3.196	1.88726e-012
-3.195	1.88749e-012
-3.194	1.87951e-012
-3.193	1.88608e-012
-3.192	1.88154e-012
-3.191	1.88009e-012
-3.19	1.88118e-012
-3.189	1.87767e-012
-3.188	1.87816e-012
-3.187	1.87686e-012
-3.186	1.8738e-012
-3.185	1.87277e-012
-3.184	1.87186e-012
-3.183	1.87381e-012
-3.182	1.87776e-012
-3.181	1.86579e-012
-3.18	1.86752e-012
-3.179	1.86865e-012
-3.178	1.86161e-012
-3.177	1.86736e-012
-3.176	1.86463e-012
-3.175	1.86434e-012
-3.174	1.85901e-012
-3.173	1.8631e-012
-3.172	1.86614e-012
-3.171	1.86031e-012
-3.17	1.86766e-012
-3.169	1.85978e-012
-3.168	1.86122e-012
-3.167	1.86625e-012
-3.166	1.86045e-012
-3.165	1.86283e-012
-3.164	1.86045e-012
-3.163	1.86217e-012
-3.162	1.8651e-012
-3.161	1.86519e-012
-3.16	1.85987e-012
-3.159	1.85847e-012
-3.158	1.87253e-012
-3.157	1.86375e-012
-3.156	1.8586e-012
-3.155	1.87082e-012
-3.154	1.86797e-012
-3.153	1.86604e-012
-3.152	1.872e-012
-3.151	1.87892e-012
-3.15	1.87428e-012
-3.149	1.86925e-012
-3.148	1.87687e-012
-3.147	1.87791e-012
-3.146	1.87465e-012
-3.145	1.88633e-012
-3.144	1.88047e-012
-3.143	1.8796e-012
-3.142	1.89158e-012
-3.141	1.88994e-012
-3.14	1.88995e-012
-3.139	1.89301e-012
-3.138	1.89837e-012
-3.137	1.89643e-012
-3.136	1.90435e-012
-3.135	1.90157e-012
-3.134	1.903e-012
-3.133	1.91005e-012
-3.132	1.91447e-012
-3.131	1.91487e-012
-3.13	1.91496e-012
-3.129	1.92859e-012
-3.128	1.92059e-012
-3.127	1.9272e-012
-3.126	1.93634e-012
-3.125	1.93066e-012
-3.124	1.93693e-012
-3.123	1.94801e-012
-3.122	1.9491e-012
-3.121	1.94985e-012
-3.12	1.95713e-012
-3.119	1.95806e-012
-3.118	1.96336e-012
-3.117	1.97108e-012
-3.116	1.97439e-012
-3.115	1.97359e-012
-3.114	1.9853e-012
-3.113	1.99267e-012
-3.112	1.98623e-012
-3.111	1.997e-012
-3.11	2.00026e-012
-3.109	2.00032e-012
-3.108	2.00979e-012
-3.107	2.01208e-012
-3.106	2.02533e-012
-3.105	2.03147e-012
-3.104	2.03165e-012
-3.103	2.03701e-012
-3.102	2.04667e-012
-3.101	2.05403e-012
-3.1	2.04357e-012
-3.099	2.06015e-012
-3.098	2.07155e-012
-3.097	2.06484e-012
-3.096	2.07562e-012
-3.095	2.08481e-012
-3.094	2.09035e-012
-3.093	2.10165e-012
-3.092	2.11013e-012
-3.091	2.10653e-012
-3.09	2.11879e-012
-3.089	2.12259e-012
-3.088	2.12022e-012
-3.087	2.13616e-012
-3.086	2.13392e-012
-3.085	2.15227e-012
-3.084	2.15967e-012
-3.083	2.15198e-012
-3.082	2.17572e-012
-3.081	2.17959e-012
-3.08	2.18283e-012
-3.079	2.18626e-012
-3.078	2.1926e-012
-3.077	2.19657e-012
-3.076	2.2168e-012
-3.075	2.21049e-012
-3.074	2.2105e-012
-3.073	2.2363e-012
-3.072	2.23204e-012
-3.071	2.24449e-012
-3.07	2.24832e-012
-3.069	2.263e-012
-3.068	2.26492e-012
-3.067	2.26916e-012
-3.066	2.28313e-012
-3.065	2.28699e-012
-3.064	2.29449e-012
-3.063	2.30622e-012
-3.062	2.30393e-012
-3.061	2.31527e-012
-3.06	2.32755e-012
-3.059	2.32831e-012
-3.058	2.33868e-012
-3.057	2.34473e-012
-3.056	2.34694e-012
-3.055	2.35069e-012
-3.054	2.36699e-012
-3.053	2.37474e-012
-3.052	2.37657e-012
-3.051	2.39064e-012
-3.05	2.3942e-012
-3.049	2.40216e-012
-3.048	2.40547e-012
-3.047	2.41617e-012
-3.046	2.41342e-012
-3.045	2.4291e-012
-3.044	2.43462e-012
-3.043	2.44972e-012
-3.042	2.44991e-012
-3.041	2.46948e-012
-3.04	2.48874e-012
-3.039	2.4913e-012
-3.038	2.51769e-012
-3.037	2.54171e-012
-3.036	2.55918e-012
-3.035	2.58516e-012
-3.034	2.61044e-012
-3.033	2.6479e-012
-3.032	2.69613e-012
-3.031	2.72402e-012
-3.03	2.76511e-012
-3.029	2.81212e-012
-3.028	2.8695e-012
-3.027	2.93339e-012
-3.026	2.97765e-012
-3.025	3.05655e-012
-3.024	3.13259e-012
-3.023	3.20838e-012
-3.022	3.29117e-012
-3.021	3.38378e-012
-3.02	3.49524e-012
-3.019	3.58118e-012
-3.018	3.70231e-012
-3.017	3.83254e-012
-3.016	3.95314e-012
-3.015	4.10505e-012
-3.014	4.24492e-012
-3.013	4.40361e-012
-3.012	4.58906e-012
-3.011	4.74429e-012
-3.01	4.94086e-012
-3.009	5.17002e-012
-3.008	5.35848e-012
-3.007	5.58966e-012
-3.006	5.84072e-012
-3.005	6.09624e-012
-3.004	6.35847e-012
-3.003	6.64454e-012
-3.002	6.96666e-012
-3.001	7.25479e-012
-3	7.62847e-012
-2.999	7.96799e-012
-2.998	8.31535e-012
-2.997	8.75162e-012
-2.996	9.13951e-012
-2.995	9.59746e-012
-2.994	1.00404e-011
-2.993	1.05492e-011
-2.992	1.10505e-011
-2.991	1.15532e-011
-2.99	1.21729e-011
-2.989	1.27203e-011
-2.988	1.33439e-011
-2.987	1.40197e-011
-2.986	1.46875e-011
-2.985	1.53991e-011
-2.984	1.61715e-011
-2.983	1.69578e-011
-2.982	1.77744e-011
-2.981	1.86817e-011
-2.98	1.95715e-011
-2.979	2.05424e-011
-2.978	2.15843e-011
-2.977	2.25913e-011
-2.976	2.37011e-011
-2.975	2.4923e-011
-2.974	2.61372e-011
-2.973	2.73995e-011
-2.972	2.87853e-011
-2.971	3.02366e-011
-2.97	3.17077e-011
-2.969	3.32572e-011
-2.968	3.49144e-011
-2.967	3.66714e-011
-2.966	3.84898e-011
-2.965	4.0382e-011
-2.964	4.24108e-011
-2.963	4.45455e-011
-2.962	4.67606e-011
-2.961	4.90933e-011
-2.96	5.16114e-011
-2.959	5.41717e-011
-2.958	5.69416e-011
-2.957	5.98489e-011
-2.956	6.28344e-011
-2.955	6.6068e-011
-2.954	6.94269e-011
-2.953	7.29842e-011
-2.952	7.6667e-011
-2.951	8.06777e-011
-2.95	8.47896e-011
-2.949	8.91001e-011
-2.948	9.38124e-011
-2.947	9.86576e-011
-2.946	1.0382e-010
-2.945	1.09177e-010
-2.944	1.14856e-010
-2.943	1.20962e-010
-2.942	1.27334e-010
-2.941	1.34032e-010
-2.94	1.41096e-010
-2.939	1.48528e-010
-2.938	1.56389e-010
-2.937	1.64624e-010
-2.936	1.73408e-010
-2.935	1.82637e-010
-2.934	1.92397e-010
-2.933	2.02692e-010
-2.932	2.13404e-010
-2.931	2.24892e-010
-2.93	2.36901e-010
-2.929	2.49641e-010
-2.928	2.63039e-010
-2.927	2.77063e-010
-2.926	2.92072e-010
-2.925	3.07775e-010
-2.924	3.2421e-010
-2.923	3.41712e-010
-2.922	3.60081e-010
-2.921	3.7945e-010
-2.92	3.99808e-010
-2.919	4.21197e-010
-2.918	4.43965e-010
-2.917	4.6754e-010
-2.916	4.92712e-010
-2.915	5.19268e-010
-2.914	5.46903e-010
-2.913	5.76068e-010
-2.912	6.06833e-010
-2.911	6.39164e-010
-2.91	6.72983e-010
-2.909	7.0888e-010
-2.908	7.46372e-010
-2.907	7.85774e-010
-2.906	8.27652e-010
-2.905	8.71036e-010
-2.904	9.16994e-010
-2.903	9.64893e-010
-2.902	1.01552e-009
-2.901	1.06865e-009
-2.9	1.12409e-009
-2.899	1.18286e-009
-2.898	1.24384e-009
-2.897	1.30861e-009
-2.896	1.37563e-009
-2.895	1.44681e-009
-2.894	1.52125e-009
-2.893	1.59836e-009
-2.892	1.6804e-009
-2.891	1.76579e-009
-2.89	1.85547e-009
-2.889	1.94897e-009
-2.888	2.04721e-009
-2.887	2.15071e-009
-2.886	2.2578e-009
-2.885	2.3707e-009
-2.884	2.489e-009
-2.883	2.61234e-009
-2.882	2.74204e-009
-2.881	2.87703e-009
-2.88	3.01894e-009
-2.879	3.16713e-009
-2.878	3.32243e-009
-2.877	3.48447e-009
-2.876	3.65387e-009
-2.875	3.83164e-009
-2.874	4.01707e-009
-2.873	4.21118e-009
-2.872	4.41402e-009
-2.871	4.62609e-009
-2.87	4.84808e-009
-2.869	5.08027e-009
-2.868	5.32245e-009
-2.867	5.57697e-009
-2.866	5.8413e-009
-2.865	6.11828e-009
-2.864	6.40848e-009
-2.863	6.71128e-009
-2.862	7.02909e-009
-2.861	7.35947e-009
-2.86	7.7068e-009
-2.859	8.0691e-009
-2.858	8.44852e-009
-2.857	8.84548e-009
-2.856	9.2594e-009
-2.855	9.69479e-009
-2.854	1.01485e-008
-2.853	1.06241e-008
-2.852	1.11227e-008
-2.851	1.16416e-008
-2.85	1.21885e-008
-2.849	1.27593e-008
-2.848	1.33576e-008
-2.847	1.39848e-008
-2.846	1.46406e-008
-2.845	1.53301e-008
-2.844	1.60499e-008
-2.843	1.6807e-008
-2.842	1.76001e-008
-2.841	1.84314e-008
-2.84	1.93034e-008
-2.839	2.02181e-008
-2.838	2.11784e-008
-2.837	2.21852e-008
-2.836	2.32452e-008
-2.835	2.43555e-008
-2.834	2.55233e-008
-2.833	2.67477e-008
-2.832	2.80359e-008
-2.831	2.93903e-008
-2.83	3.08137e-008
-2.829	3.23109e-008
-2.828	3.3883e-008
-2.827	3.55385e-008
-2.826	3.72806e-008
-2.825	3.91132e-008
-2.824	4.10409e-008
-2.823	4.30723e-008
-2.822	4.5209e-008
-2.821	4.74586e-008
-2.82	4.9829e-008
-2.819	5.23238e-008
-2.818	5.49543e-008
-2.817	5.77225e-008
-2.816	6.06427e-008
-2.815	6.37172e-008
-2.814	6.69582e-008
-2.813	7.03759e-008
-2.812	7.39761e-008
-2.811	7.77708e-008
-2.81	8.17762e-008
-2.809	8.59932e-008
-2.808	9.04456e-008
-2.807	9.51319e-008
-2.806	1.00082e-007
-2.805	1.05297e-007
-2.804	1.10795e-007
-2.803	1.16596e-007
-2.802	1.22706e-007
-2.801	1.29154e-007
-2.8	1.35954e-007
-2.799	1.43116e-007
-2.798	1.50679e-007
-2.797	1.5864e-007
-2.796	1.67043e-007
-2.795	1.75894e-007
-2.794	1.85229e-007
-2.793	1.95064e-007
-2.792	2.05428e-007
-2.791	2.16357e-007
-2.79	2.27861e-007
-2.789	2.39988e-007
-2.788	2.52766e-007
-2.787	2.66219e-007
-2.786	2.80398e-007
-2.785	2.95321e-007
-2.784	3.11034e-007
-2.783	3.2758e-007
-2.782	3.44995e-007
-2.781	3.63326e-007
-2.78	3.82619e-007
-2.779	4.02916e-007
-2.778	4.2427e-007
-2.777	4.46728e-007
-2.776	4.70359e-007
-2.775	4.95191e-007
-2.774	5.2131e-007
-2.773	5.48765e-007
-2.772	5.77623e-007
-2.771	6.07949e-007
-2.77	6.3981e-007
-2.769	6.73286e-007
-2.768	7.08444e-007
-2.767	7.4536e-007
-2.766	7.84127e-007
-2.765	8.24825e-007
-2.764	8.6755e-007
-2.763	9.12376e-007
-2.762	9.59432e-007
-2.761	1.00879e-006
-2.76	1.06056e-006
-2.759	1.11488e-006
-2.758	1.17183e-006
-2.757	1.23156e-006
-2.756	1.29416e-006
-2.755	1.35979e-006
-2.754	1.42857e-006
-2.753	1.50066e-006
-2.752	1.5762e-006
-2.751	1.65533e-006
-2.75	1.73823e-006
-2.749	1.82508e-006
-2.748	1.91601e-006
-2.747	2.01129e-006
-2.746	2.11101e-006
-2.745	2.21545e-006
-2.744	2.3248e-006
-2.743	2.43927e-006
-2.742	2.5591e-006
-2.741	2.68454e-006
-2.74	2.81582e-006
-2.739	2.95324e-006
-2.738	3.09707e-006
-2.737	3.24759e-006
-2.736	3.40512e-006
-2.735	3.56997e-006
-2.734	3.74252e-006
-2.733	3.92306e-006
-2.732	4.11203e-006
-2.731	4.30977e-006
-2.73	4.51674e-006
-2.729	4.73335e-006
-2.728	4.96005e-006
-2.727	5.19733e-006
-2.726	5.4457e-006
-2.725	5.70571e-006
-2.724	5.97792e-006
-2.723	6.26286e-006
-2.722	6.56128e-006
-2.721	6.8737e-006
-2.72	7.20095e-006
-2.719	7.54368e-006
-2.718	7.90268e-006
-2.717	8.27878e-006
-2.716	8.67283e-006
-2.715	9.08577e-006
-2.714	9.51854e-006
-2.713	9.96188e-006
-2.712	1.04151e-005
-2.711	1.08774e-005
-2.71	1.13481e-005
-2.709	1.18263e-005
-2.708	1.23113e-005
-2.707	1.28023e-005
-2.706	1.32985e-005
-2.705	1.37991e-005
-2.704	1.43032e-005
-2.703	1.481e-005
-2.702	1.53186e-005
-2.701	1.58283e-005
-2.7	1.63381e-005
-2.699	1.68473e-005
-2.698	1.7355e-005
-2.697	1.78604e-005
-2.696	1.83627e-005
-2.695	1.8861e-005
-2.694	1.93545e-005
-2.693	1.98424e-005
-2.692	2.0324e-005
-2.691	2.07984e-005
-2.69	2.12649e-005
-2.689	2.17228e-005
-2.688	2.21713e-005
-2.687	2.26097e-005
-2.686	2.30373e-005
-2.685	2.34535e-005
-2.684	2.38576e-005
-2.683	2.42489e-005
-2.682	2.4627e-005
-2.681	2.49913e-005
-2.68	2.5341e-005
-2.679	2.56759e-005
-2.678	2.59954e-005
-2.677	2.6299e-005
-2.676	2.65863e-005
-2.675	2.6857e-005
-2.674	2.71105e-005
-2.673	2.73468e-005
-2.672	2.75653e-005
-2.671	2.7766e-005
-2.67	2.79486e-005
-2.669	2.81128e-005
-2.668	2.82585e-005
-2.667	2.83856e-005
-2.666	2.84941e-005
-2.665	2.85839e-005
-2.664	2.86549e-005
-2.663	2.87072e-005
-2.662	2.87409e-005
-2.661	2.87561e-005
-2.66	2.87529e-005
-2.659	2.87314e-005
-2.658	2.86919e-005
-2.657	2.86347e-005
-2.656	2.85599e-005
-2.655	2.8468e-005
-2.654	2.83592e-005
-2.653	2.82339e-005
-2.652	2.80926e-005
-2.651	2.79356e-005
-2.65	2.77634e-005
-2.649	2.75766e-005
-2.648	2.73756e-005
-2.647	2.7161e-005
-2.646	2.69333e-005
-2.645	2.66932e-005
-2.644	2.64414e-005
-2.643	2.61783e-005
-2.642	2.59048e-005
-2.641	2.56215e-005
-2.64	2.53291e-005
-2.639	2.50283e-005
-2.638	2.47199e-005
-2.637	2.44046e-005
-2.636	2.40832e-005
-2.635	2.37565e-005
-2.634	2.34252e-005
-2.633	2.30902e-005
-2.632	2.27522e-005
-2.631	2.24122e-005
-2.63	2.20708e-005
-2.629	2.17289e-005
-2.628	2.13873e-005
-2.627	2.10468e-005
-2.626	2.07084e-005
-2.625	2.03726e-005
-2.624	2.00405e-005
-2.623	1.97127e-005
-2.622	1.939e-005
-2.621	1.90733e-005
-2.62	1.87633e-005
-2.619	1.84608e-005
-2.618	1.81664e-005
-2.617	1.7881e-005
-2.616	1.76053e-005
-2.615	1.73399e-005
-2.614	1.70854e-005
-2.613	1.68427e-005
-2.612	1.66122e-005
-2.611	1.63946e-005
-2.61	1.61905e-005
-2.609	1.60004e-005
-2.608	1.58249e-005
-2.607	1.56645e-005
-2.606	1.55196e-005
-2.605	1.53907e-005
-2.604	1.52782e-005
-2.603	1.51825e-005
-2.602	1.5104e-005
-2.601	1.50429e-005
-2.6	1.49996e-005
-2.599	1.49743e-005
-2.598	1.49673e-005
-2.597	1.49787e-005
-2.596	1.50087e-005
-2.595	1.50574e-005
-2.594	1.51249e-005
-2.593	1.52113e-005
-2.592	1.53166e-005
-2.591	1.54407e-005
-2.59	1.55837e-005
-2.589	1.57453e-005
-2.588	1.59256e-005
-2.587	1.61243e-005
-2.586	1.63413e-005
-2.585	1.65764e-005
-2.584	1.68292e-005
-2.583	1.70996e-005
-2.582	1.73872e-005
-2.581	1.76916e-005
-2.58	1.80125e-005
-2.579	1.83495e-005
-2.578	1.8702e-005
-2.577	1.90698e-005
-2.576	1.94522e-005
-2.575	1.98489e-005
-2.574	2.02591e-005
-2.573	2.06824e-005
-2.572	2.11183e-005
-2.571	2.15659e-005
-2.57	2.20248e-005
-2.569	2.24943e-005
-2.568	2.29738e-005
-2.567	2.34625e-005
-2.566	2.39598e-005
-2.565	2.44649e-005
-2.564	2.49771e-005
-2.563	2.54957e-005
-2.562	2.602e-005
-2.561	2.65491e-005
-2.56	2.70824e-005
-2.559	2.76191e-005
-2.558	2.81584e-005
-2.557	2.86996e-005
-2.556	2.92418e-005
-2.555	2.97843e-005
-2.554	3.03263e-005
-2.553	3.08671e-005
-2.552	3.14059e-005
-2.551	3.1942e-005
-2.55	3.24746e-005
-2.549	3.30029e-005
-2.548	3.35263e-005
-2.547	3.40441e-005
-2.546	3.45555e-005
-2.545	3.50598e-005
-2.544	3.55564e-005
-2.543	3.60446e-005
-2.542	3.65239e-005
-2.541	3.69935e-005
-2.54	3.74529e-005
-2.539	3.79015e-005
-2.538	3.83387e-005
-2.537	3.87641e-005
-2.536	3.91772e-005
-2.535	3.95773e-005
-2.534	3.99642e-005
-2.533	4.03373e-005
-2.532	4.06964e-005
-2.531	4.1041e-005
-2.53	4.13707e-005
-2.529	4.16853e-005
-2.528	4.19845e-005
-2.527	4.22681e-005
-2.526	4.25359e-005
-2.525	4.27875e-005
-2.524	4.3023e-005
-2.523	4.32421e-005
-2.522	4.34449e-005
-2.521	4.36312e-005
-2.52	4.3801e-005
-2.519	4.39543e-005
-2.518	4.40912e-005
-2.517	4.42117e-005
-2.516	4.4316e-005
-2.515	4.44042e-005
-2.514	4.44765e-005
-2.513	4.45329e-005
-2.512	4.4574e-005
-2.511	4.45997e-005
-2.51	4.46106e-005
-2.509	4.46068e-005
-2.508	4.45886e-005
-2.507	4.45565e-005
-2.506	4.4511e-005
-2.505	4.44523e-005
-2.504	4.4381e-005
-2.503	4.42976e-005
-2.502	4.42024e-005
-2.501	4.40962e-005
-2.5	4.39793e-005
-2.499	4.38525e-005
-2.498	4.37161e-005
-2.497	4.35709e-005
-2.496	4.34175e-005
-2.495	4.32564e-005
-2.494	4.30884e-005
-2.493	4.29141e-005
-2.492	4.27341e-005
-2.491	4.25491e-005
-2.49	4.236e-005
-2.489	4.21672e-005
-2.488	4.19716e-005
-2.487	4.17738e-005
-2.486	4.15745e-005
-2.485	4.13746e-005
-2.484	4.11746e-005
-2.483	4.09754e-005
-2.482	4.07775e-005
-2.481	4.05817e-005
-2.48	4.03887e-005
-2.479	4.01993e-005
-2.478	4.0014e-005
-2.477	3.98337e-005
-2.476	3.9659e-005
-2.475	3.94905e-005
-2.474	3.93289e-005
-2.473	3.91748e-005
-2.472	3.90289e-005
-2.471	3.88917e-005
-2.47	3.87639e-005
-2.469	3.8646e-005
-2.468	3.85386e-005
-2.467	3.84423e-005
-2.466	3.83575e-005
-2.465	3.82847e-005
-2.464	3.82244e-005
-2.463	3.8177e-005
-2.462	3.81431e-005
-2.461	3.81229e-005
-2.46	3.81169e-005
-2.459	3.81253e-005
-2.458	3.81487e-005
-2.457	3.81871e-005
-2.456	3.82408e-005
-2.455	3.83102e-005
-2.454	3.83954e-005
-2.453	3.84966e-005
-2.452	3.8614e-005
-2.451	3.87477e-005
-2.45	3.88978e-005
-2.449	3.90642e-005
-2.448	3.92472e-005
-2.447	3.94466e-005
-2.446	3.96625e-005
-2.445	3.98948e-005
-2.444	4.01434e-005
-2.443	4.04083e-005
-2.442	4.06892e-005
-2.441	4.0986e-005
-2.44	4.12985e-005
-2.439	4.16265e-005
-2.438	4.19697e-005
-2.437	4.23278e-005
-2.436	4.27007e-005
-2.435	4.30879e-005
-2.434	4.3489e-005
-2.433	4.39037e-005
-2.432	4.43316e-005
-2.431	4.47724e-005
-2.43	4.52255e-005
-2.429	4.56905e-005
-2.428	4.61669e-005
-2.427	4.66543e-005
-2.426	4.7152e-005
-2.425	4.76596e-005
-2.424	4.81765e-005
-2.423	4.87023e-005
-2.422	4.92362e-005
-2.421	4.97777e-005
-2.42	5.03263e-005
-2.419	5.08812e-005
-2.418	5.1442e-005
-2.417	5.2008e-005
-2.416	5.25786e-005
-2.415	5.31531e-005
-2.414	5.37309e-005
-2.413	5.43113e-005
-2.412	5.48937e-005
-2.411	5.54777e-005
-2.41	5.60623e-005
-2.409	5.66472e-005
-2.408	5.72314e-005
-2.407	5.78146e-005
-2.406	5.8396e-005
-2.405	5.89751e-005
-2.404	5.95513e-005
-2.403	6.01239e-005
-2.402	6.06924e-005
-2.401	6.12563e-005
-2.4	6.18149e-005
-2.399	6.23677e-005
-2.398	6.29143e-005
-2.397	6.34539e-005
-2.396	6.39863e-005
-2.395	6.45108e-005
-2.394	6.50272e-005
-2.393	6.55348e-005
-2.392	6.60333e-005
-2.391	6.65223e-005
-2.39	6.70014e-005
-2.389	6.74703e-005
-2.388	6.79286e-005
-2.387	6.8376e-005
-2.386	6.88122e-005
-2.385	6.92371e-005
-2.384	6.96502e-005
-2.383	7.00515e-005
-2.382	7.04406e-005
-2.381	7.08175e-005
-2.38	7.11822e-005
-2.379	7.15342e-005
-2.378	7.18738e-005
-2.377	7.22006e-005
-2.376	7.25149e-005
-2.375	7.28165e-005
-2.374	7.31055e-005
-2.373	7.33818e-005
-2.372	7.36455e-005
-2.371	7.38969e-005
-2.37	7.4136e-005
-2.369	7.4363e-005
-2.368	7.45779e-005
-2.367	7.47811e-005
-2.366	7.49728e-005
-2.365	7.5153e-005
-2.364	7.53222e-005
-2.363	7.54807e-005
-2.362	7.56287e-005
-2.361	7.57667e-005
-2.36	7.58948e-005
-2.359	7.60134e-005
-2.358	7.61231e-005
-2.357	7.62242e-005
-2.356	7.6317e-005
-2.355	7.64021e-005
-2.354	7.64799e-005
-2.353	7.65509e-005
-2.352	7.66155e-005
-2.351	7.66743e-005
-2.35	7.67277e-005
-2.349	7.67762e-005
-2.348	7.68204e-005
-2.347	7.6861e-005
-2.346	7.68983e-005
-2.345	7.69329e-005
-2.344	7.69654e-005
-2.343	7.69963e-005
-2.342	7.70261e-005
-2.341	7.70557e-005
-2.34	7.70852e-005
-2.339	7.71154e-005
-2.338	7.71469e-005
-2.337	7.71801e-005
-2.336	7.72158e-005
-2.335	7.72544e-005
-2.334	7.72964e-005
-2.333	7.73425e-005
-2.332	7.7393e-005
-2.331	7.74487e-005
-2.33	7.75098e-005
-2.329	7.75772e-005
-2.328	7.76512e-005
-2.327	7.77321e-005
-2.326	7.78206e-005
-2.325	7.79171e-005
-2.324	7.80222e-005
-2.323	7.8136e-005
-2.322	7.8259e-005
-2.321	7.8392e-005
-2.32	7.85348e-005
-2.319	7.86882e-005
-2.318	7.88524e-005
-2.317	7.90277e-005
-2.316	7.92144e-005
-2.315	7.94127e-005
-2.314	7.96229e-005
-2.313	7.98453e-005
-2.312	8.00802e-005
-2.311	8.03277e-005
-2.31	8.0588e-005
-2.309	8.08614e-005
-2.308	8.11477e-005
-2.307	8.14472e-005
-2.306	8.17601e-005
-2.305	8.20864e-005
-2.304	8.2426e-005
-2.303	8.27791e-005
-2.302	8.31457e-005
-2.301	8.35256e-005
-2.3	8.3919e-005
-2.299	8.43255e-005
-2.298	8.47453e-005
-2.297	8.51783e-005
-2.296	8.56242e-005
-2.295	8.6083e-005
-2.294	8.65544e-005
-2.293	8.70384e-005
-2.292	8.75345e-005
-2.291	8.80426e-005
-2.29	8.85625e-005
-2.289	8.90939e-005
-2.288	8.96366e-005
-2.287	9.01903e-005
-2.286	9.07545e-005
-2.285	9.13291e-005
-2.284	9.19135e-005
-2.283	9.25076e-005
-2.282	9.31108e-005
-2.281	9.37229e-005
-2.28	9.43434e-005
-2.279	9.49719e-005
-2.278	9.56081e-005
-2.277	9.62515e-005
-2.276	9.69016e-005
-2.275	9.75579e-005
-2.274	9.82201e-005
-2.273	9.88877e-005
-2.272	9.95603e-005
-2.271	0.000100237
-2.27	0.000100918
-2.269	0.000101603
-2.268	0.000102291
-2.267	0.000102981
-2.266	0.000103673
-2.265	0.000104368
-2.264	0.000105063
-2.263	0.000105759
-2.262	0.000106455
-2.261	0.000107152
-2.26	0.000107848
-2.259	0.000108542
-2.258	0.000109236
-2.257	0.000109927
-2.256	0.000110616
-2.255	0.000111303
-2.254	0.000111986
-2.253	0.000112666
-2.252	0.000113342
-2.251	0.000114014
-2.25	0.000114681
-2.249	0.000115344
-2.248	0.000116001
-2.247	0.000116653
-2.246	0.0001173
-2.245	0.00011794
-2.244	0.000118574
-2.243	0.000119201
-2.242	0.000119822
-2.241	0.000120436
-2.24	0.000121043
-2.239	0.000121642
-2.238	0.000122234
-2.237	0.000122819
-2.236	0.000123396
-2.235	0.000123966
-2.234	0.000124527
-2.233	0.000125081
-2.232	0.000125627
-2.231	0.000126165
-2.23	0.000126695
-2.229	0.000127217
-2.228	0.000127732
-2.227	0.000128238
-2.226	0.000128737
-2.225	0.000129229
-2.224	0.000129713
-2.223	0.00013019
-2.222	0.000130659
-2.221	0.000131122
-2.22	0.000131578
-2.219	0.000132027
-2.218	0.000132469
-2.217	0.000132906
-2.216	0.000133336
-2.215	0.000133761
-2.214	0.000134181
-2.213	0.000134595
-2.212	0.000135005
-2.211	0.00013541
-2.21	0.000135811
-2.209	0.000136208
-2.208	0.000136601
-2.207	0.000136991
-2.206	0.000137379
-2.205	0.000137764
-2.204	0.000138147
-2.203	0.000138528
-2.202	0.000138908
-2.201	0.000139287
-2.2	0.000139665
-2.199	0.000140044
-2.198	0.000140422
-2.197	0.000140801
-2.196	0.000141181
-2.195	0.000141563
-2.194	0.000141947
-2.193	0.000142332
-2.192	0.000142721
-2.191	0.000143112
-2.19	0.000143507
-2.189	0.000143906
-2.188	0.000144309
-2.187	0.000144716
-2.186	0.000145129
-2.185	0.000145546
-2.184	0.00014597
-2.183	0.000146399
-2.182	0.000146835
-2.181	0.000147277
-2.18	0.000147727
-2.179	0.000148184
-2.178	0.000148648
-2.177	0.00014912
-2.176	0.000149601
-2.175	0.00015009
-2.174	0.000150588
-2.173	0.000151094
-2.172	0.00015161
-2.171	0.000152135
-2.17	0.00015267
-2.169	0.000153215
-2.168	0.000153769
-2.167	0.000154334
-2.166	0.000154909
-2.165	0.000155494
-2.164	0.00015609
-2.163	0.000156696
-2.162	0.000157313
-2.161	0.000157941
-2.16	0.00015858
-2.159	0.000159229
-2.158	0.000159889
-2.157	0.00016056
-2.156	0.000161242
-2.155	0.000161934
-2.154	0.000162638
-2.153	0.000163352
-2.152	0.000164077
-2.151	0.000164812
-2.15	0.000165558
-2.149	0.000166314
-2.148	0.00016708
-2.147	0.000167857
-2.146	0.000168643
-2.145	0.00016944
-2.144	0.000170246
-2.143	0.000171061
-2.142	0.000171885
-2.141	0.000172719
-2.14	0.000173561
-2.139	0.000174412
-2.138	0.000175272
-2.137	0.000176139
-2.136	0.000177014
-2.135	0.000177897
-2.134	0.000178787
-2.133	0.000179685
-2.132	0.000180589
-2.131	0.0001815
-2.13	0.000182417
-2.129	0.00018334
-2.128	0.000184268
-2.127	0.000185202
-2.126	0.000186141
-2.125	0.000187085
-2.124	0.000188033
-2.123	0.000188985
-2.122	0.000189942
-2.121	0.000190902
-2.12	0.000191865
-2.119	0.000192831
-2.118	0.0001938
-2.117	0.000194771
-2.116	0.000195744
-2.115	0.000196719
-2.114	0.000197696
-2.113	0.000198674
-2.112	0.000199653
-2.111	0.000200633
-2.11	0.000201613
-2.109	0.000202594
-2.108	0.000203574
-2.107	0.000204555
-2.106	0.000205535
-2.105	0.000206514
-2.104	0.000207493
-2.103	0.00020847
-2.102	0.000209446
-2.101	0.000210421
-2.1	0.000211394
-2.099	0.000212366
-2.098	0.000213336
-2.097	0.000214304
-2.096	0.000215269
-2.095	0.000216233
-2.094	0.000217194
-2.093	0.000218153
-2.092	0.00021911
-2.091	0.000220064
-2.09	0.000221015
-2.089	0.000221964
-2.088	0.00022291
-2.087	0.000223854
-2.086	0.000224795
-2.085	0.000225734
-2.084	0.000226669
-2.083	0.000227603
-2.082	0.000228534
-2.081	0.000229462
-2.08	0.000230388
-2.079	0.000231313
-2.078	0.000232234
-2.077	0.000233154
-2.076	0.000234072
-2.075	0.000234988
-2.074	0.000235902
-2.073	0.000236814
-2.072	0.000237726
-2.071	0.000238636
-2.07	0.000239545
-2.069	0.000240454
-2.068	0.000241361
-2.067	0.000242268
-2.066	0.000243175
-2.065	0.000244083
-2.064	0.00024499
-2.063	0.000245897
-2.062	0.000246805
-2.061	0.000247714
-2.06	0.000248624
-2.059	0.000249535
-2.058	0.000250449
-2.057	0.000251363
-2.056	0.00025228
-2.055	0.0002532
-2.054	0.000254121
-2.053	0.000255046
-2.052	0.000255974
-2.051	0.000256905
-2.05	0.00025784
-2.049	0.000258778
-2.048	0.000259722
-2.047	0.000260669
-2.046	0.000261621
-2.045	0.000262578
-2.044	0.00026354
-2.043	0.000264508
-2.042	0.000265481
-2.041	0.00026646
-2.04	0.000267445
-2.039	0.000268437
-2.038	0.000269435
-2.037	0.00027044
-2.036	0.000271452
-2.035	0.000272471
-2.034	0.000273498
-2.033	0.000274532
-2.032	0.000275575
-2.031	0.000276625
-2.03	0.000277683
-2.029	0.00027875
-2.028	0.000279825
-2.027	0.000280909
-2.026	0.000282002
-2.025	0.000283104
-2.024	0.000284214
-2.023	0.000285334
-2.022	0.000286464
-2.021	0.000287602
-2.02	0.00028875
-2.019	0.000289908
-2.018	0.000291075
-2.017	0.000292252
-2.016	0.000293438
-2.015	0.000294635
-2.014	0.000295841
-2.013	0.000297057
-2.012	0.000298283
-2.011	0.000299519
-2.01	0.000300764
-2.009	0.00030202
-2.008	0.000303286
-2.007	0.000304561
-2.006	0.000305846
-2.005	0.000307141
-2.004	0.000308445
-2.003	0.000309759
-2.002	0.000311083
-2.001	0.000312416
-2	0.000313758
-1.999	0.00031511
-1.998	0.000316471
-1.997	0.000317842
-1.996	0.000319221
-1.995	0.00032061
-1.994	0.000322006
-1.993	0.000323412
-1.992	0.000324826
-1.991	0.000326249
-1.99	0.00032768
-1.989	0.000329119
-1.988	0.000330566
-1.987	0.00033202
-1.986	0.000333483
-1.985	0.000334954
-1.984	0.000336431
-1.983	0.000337916
-1.982	0.000339409
-1.981	0.000340907
-1.98	0.000342413
-1.979	0.000343926
-1.978	0.000345444
-1.977	0.00034697
-1.976	0.0003485
-1.975	0.000350038
-1.974	0.000351581
-1.973	0.00035313
-1.972	0.000354685
-1.971	0.000356245
-1.97	0.000357809
-1.969	0.00035938
-1.968	0.000360954
-1.967	0.000362534
-1.966	0.000364119
-1.965	0.000365709
-1.964	0.000367302
-1.963	0.0003689
-1.962	0.000370503
-1.961	0.000372109
-1.96	0.00037372
-1.959	0.000375334
-1.958	0.000376953
-1.957	0.000378574
-1.956	0.0003802
-1.955	0.000381829
-1.954	0.000383462
-1.953	0.000385098
-1.952	0.000386737
-1.951	0.00038838
-1.95	0.000390026
-1.949	0.000391676
-1.948	0.000393328
-1.947	0.000394984
-1.946	0.000396643
-1.945	0.000398305
-1.944	0.000399971
-1.943	0.00040164
-1.942	0.000403312
-1.941	0.000404987
-1.94	0.000406665
-1.939	0.000408347
-1.938	0.000410032
-1.937	0.000411721
-1.936	0.000413413
-1.935	0.000415107
-1.934	0.000416806
-1.933	0.000418509
-1.932	0.000420215
-1.931	0.000421925
-1.93	0.000423638
-1.929	0.000425356
-1.928	0.000427078
-1.927	0.000428804
-1.926	0.000430534
-1.925	0.000432269
-1.924	0.000434008
-1.923	0.000435752
-1.922	0.000437501
-1.921	0.000439255
-1.92	0.000441013
-1.919	0.000442776
-1.918	0.000444545
-1.917	0.00044632
-1.916	0.0004481
-1.915	0.000449887
-1.914	0.000451679
-1.913	0.000453477
-1.912	0.000455281
-1.911	0.000457092
-1.91	0.000458908
-1.909	0.000460733
-1.908	0.000462563
-1.907	0.000464401
-1.906	0.000466246
-1.905	0.000468098
-1.904	0.000469959
-1.903	0.000471826
-1.902	0.000473701
-1.901	0.000475585
-1.9	0.000477477
-1.899	0.000479378
-1.898	0.000481287
-1.897	0.000483204
-1.896	0.00048513
-1.895	0.000487064
-1.894	0.000489009
-1.893	0.000490962
-1.892	0.000492925
-1.891	0.000494898
-1.89	0.00049688
-1.889	0.000498872
-1.888	0.000500873
-1.887	0.000502885
-1.886	0.000504907
-1.885	0.00050694
-1.884	0.000508983
-1.883	0.000511036
-1.882	0.0005131
-1.881	0.000515175
-1.88	0.000517261
-1.879	0.000519357
-1.878	0.000521465
-1.877	0.000523584
-1.876	0.000525713
-1.875	0.000527855
-1.874	0.000530008
-1.873	0.000532171
-1.872	0.000534346
-1.871	0.000536533
-1.87	0.000538732
-1.869	0.000540942
-1.868	0.000543163
-1.867	0.000545396
-1.866	0.000547641
-1.865	0.000549899
-1.864	0.000552168
-1.863	0.000554448
-1.862	0.00055674
-1.861	0.000559044
-1.86	0.00056136
-1.859	0.000563688
-1.858	0.000566028
-1.857	0.000568379
-1.856	0.000570743
-1.855	0.000573118
-1.854	0.000575505
-1.853	0.000577904
-1.852	0.000580314
-1.851	0.000582736
-1.85	0.000585169
-1.849	0.000587615
-1.848	0.000590073
-1.847	0.000592541
-1.846	0.000595021
-1.845	0.000597513
-1.844	0.000600016
-1.843	0.00060253
-1.842	0.000605056
-1.841	0.000607594
-1.84	0.000610143
-1.839	0.000612704
-1.838	0.000615275
-1.837	0.000617857
-1.836	0.00062045
-1.835	0.000623055
-1.834	0.00062567
-1.833	0.000628297
-1.832	0.000630935
-1.831	0.000633583
-1.83	0.000636242
-1.829	0.000638912
-1.828	0.000641593
-1.827	0.000644284
-1.826	0.000646986
-1.825	0.000649699
-1.824	0.000652422
-1.823	0.000655156
-1.822	0.0006579
-1.821	0.000660654
-1.82	0.000663419
-1.819	0.000666195
-1.818	0.00066898
-1.817	0.000671777
-1.816	0.000674584
-1.815	0.000677401
-1.814	0.000680228
-1.813	0.000683064
-1.812	0.000685912
-1.811	0.000688771
-1.81	0.000691638
-1.809	0.000694517
-1.808	0.000697406
-1.807	0.000700304
-1.806	0.000703214
-1.805	0.000706133
-1.804	0.000709063
-1.803	0.000712002
-1.802	0.000714953
-1.801	0.000717914
-1.8	0.000720885
-1.799	0.000723867
-1.798	0.000726858
-1.797	0.000729861
-1.796	0.000732875
-1.795	0.000735899
-1.794	0.000738933
-1.793	0.000741978
-1.792	0.000745034
-1.791	0.0007481
-1.79	0.000751178
-1.789	0.000754267
-1.788	0.000757367
-1.787	0.000760477
-1.786	0.000763599
-1.785	0.000766733
-1.784	0.000769877
-1.783	0.000773033
-1.782	0.0007762
-1.781	0.000779379
-1.78	0.00078257
-1.779	0.000785772
-1.778	0.000788987
-1.777	0.000792213
-1.776	0.000795451
-1.775	0.000798703
-1.774	0.000801966
-1.773	0.000805242
-1.772	0.000808531
-1.771	0.000811831
-1.77	0.000815145
-1.769	0.000818471
-1.768	0.00082181
-1.767	0.000825163
-1.766	0.00082853
-1.765	0.000831909
-1.764	0.000835301
-1.763	0.000838707
-1.762	0.000842126
-1.761	0.000845559
-1.76	0.000849007
-1.759	0.000852469
-1.758	0.000855945
-1.757	0.000859435
-1.756	0.000862941
-1.755	0.000866459
-1.754	0.000869992
-1.753	0.00087354
-1.752	0.000877105
-1.751	0.000880683
-1.75	0.000884276
-1.749	0.000887885
-1.748	0.00089151
-1.747	0.00089515
-1.746	0.000898804
-1.745	0.000902475
-1.744	0.000906163
-1.743	0.000909865
-1.742	0.000913584
-1.741	0.000917319
-1.74	0.00092107
-1.739	0.000924837
-1.738	0.00092862
-1.737	0.00093242
-1.736	0.000936238
-1.735	0.000940072
-1.734	0.000943923
-1.733	0.000947791
-1.732	0.000951675
-1.731	0.000955577
-1.73	0.000959495
-1.729	0.000963431
-1.728	0.000967385
-1.727	0.000971358
-1.726	0.000975345
-1.725	0.000979351
-1.724	0.000983375
-1.723	0.000987415
-1.722	0.000991475
-1.721	0.000995552
-1.72	0.000999648
-1.719	0.00100376
-1.718	0.00100789
-1.717	0.00101204
-1.716	0.00101621
-1.715	0.00102039
-1.714	0.0010246
-1.713	0.00102882
-1.712	0.00103306
-1.711	0.00103732
-1.71	0.0010416
-1.709	0.00104589
-1.708	0.00105021
-1.707	0.00105454
-1.706	0.0010589
-1.705	0.00106327
-1.704	0.00106766
-1.703	0.00107206
-1.702	0.00107649
-1.701	0.00108094
-1.7	0.0010854
-1.699	0.00108989
-1.698	0.00109439
-1.697	0.00109891
-1.696	0.00110345
-1.695	0.00110801
-1.694	0.0011126
-1.693	0.00111719
-1.692	0.00112181
-1.691	0.00112645
-1.69	0.00113111
-1.689	0.00113578
-1.688	0.00114048
-1.687	0.00114519
-1.686	0.00114993
-1.685	0.00115468
-1.684	0.00115946
-1.683	0.00116425
-1.682	0.00116907
-1.681	0.0011739
-1.68	0.00117875
-1.679	0.00118362
-1.678	0.00118851
-1.677	0.00119342
-1.676	0.00119835
-1.675	0.00120331
-1.674	0.00120828
-1.673	0.00121327
-1.672	0.00121828
-1.671	0.00122331
-1.67	0.00122836
-1.669	0.00123344
-1.668	0.00123853
-1.667	0.00124364
-1.666	0.00124877
-1.665	0.00125393
-1.664	0.0012591
-1.663	0.0012643
-1.662	0.00126951
-1.661	0.00127475
-1.66	0.00128001
-1.659	0.00128529
-1.658	0.00129058
-1.657	0.0012959
-1.656	0.00130124
-1.655	0.00130661
-1.654	0.00131199
-1.653	0.00131739
-1.652	0.00132282
-1.651	0.00132827
-1.65	0.00133374
-1.649	0.00133923
-1.648	0.00134474
-1.647	0.00135028
-1.646	0.00135584
-1.645	0.00136141
-1.644	0.00136702
-1.643	0.00137264
-1.642	0.00137828
-1.641	0.00138395
-1.64	0.00138964
-1.639	0.00139536
-1.638	0.00140109
-1.637	0.00140685
-1.636	0.00141264
-1.635	0.00141844
-1.634	0.00142427
-1.633	0.00143012
-1.632	0.001436
-1.631	0.0014419
-1.63	0.00144782
-1.629	0.00145377
-1.628	0.00145974
-1.627	0.00146574
-1.626	0.00147176
-1.625	0.0014778
-1.624	0.00148387
-1.623	0.00148996
-1.622	0.00149608
-1.621	0.00150222
-1.62	0.00150839
-1.619	0.00151458
-1.618	0.0015208
-1.617	0.00152705
-1.616	0.00153331
-1.615	0.00153961
-1.614	0.00154593
-1.613	0.00155227
-1.612	0.00155865
-1.611	0.00156504
-1.61	0.00157147
-1.609	0.00157792
-1.608	0.0015844
-1.607	0.00159091
-1.606	0.00159744
-1.605	0.001604
-1.604	0.00161058
-1.603	0.0016172
-1.602	0.00162384
-1.601	0.00163051
-1.6	0.0016372
-1.599	0.00164393
-1.598	0.00165068
-1.597	0.00165746
-1.596	0.00166427
-1.595	0.0016711
-1.594	0.00167797
-1.593	0.00168486
-1.592	0.00169178
-1.591	0.00169873
-1.59	0.00170571
-1.589	0.00171272
-1.588	0.00171976
-1.587	0.00172683
-1.586	0.00173392
-1.585	0.00174105
-1.584	0.0017482
-1.583	0.00175539
-1.582	0.00176261
-1.581	0.00176985
-1.58	0.00177713
-1.579	0.00178444
-1.578	0.00179178
-1.577	0.00179915
-1.576	0.00180654
-1.575	0.00181397
-1.574	0.00182143
-1.573	0.00182892
-1.572	0.00183645
-1.571	0.001844
-1.57	0.00185159
-1.569	0.00185921
-1.568	0.00186686
-1.567	0.00187454
-1.566	0.00188225
-1.565	0.00189
-1.564	0.00189778
-1.563	0.00190559
-1.562	0.00191343
-1.561	0.00192131
-1.56	0.00192922
-1.559	0.00193716
-1.558	0.00194513
-1.557	0.00195314
-1.556	0.00196118
-1.555	0.00196925
-1.554	0.00197736
-1.553	0.0019855
-1.552	0.00199368
-1.551	0.00200189
-1.55	0.00201013
-1.549	0.00201841
-1.548	0.00202672
-1.547	0.00203507
-1.546	0.00204345
-1.545	0.00205186
-1.544	0.00206031
-1.543	0.0020688
-1.542	0.00207731
-1.541	0.00208587
-1.54	0.00209446
-1.539	0.00210309
-1.538	0.00211175
-1.537	0.00212044
-1.536	0.00212917
-1.535	0.00213795
-1.534	0.00214675
-1.533	0.00215559
-1.532	0.00216447
-1.531	0.00217338
-1.53	0.00218233
-1.529	0.00219131
-1.528	0.00220034
-1.527	0.0022094
-1.526	0.0022185
-1.525	0.00222763
-1.524	0.0022368
-1.523	0.00224602
-1.522	0.00225526
-1.521	0.00226455
-1.52	0.00227387
-1.519	0.00228323
-1.518	0.00229263
-1.517	0.00230207
-1.516	0.00231155
-1.515	0.00232107
-1.514	0.00233062
-1.513	0.00234021
-1.512	0.00234984
-1.511	0.00235951
-1.51	0.00236923
-1.509	0.00237898
-1.508	0.00238877
-1.507	0.0023986
-1.506	0.00240847
-1.505	0.00241838
-1.504	0.00242833
-1.503	0.00243833
-1.502	0.00244836
-1.501	0.00245843
-1.5	0.00246854
-1.499	0.0024787
-1.498	0.0024889
-1.497	0.00249914
-1.496	0.00250942
-1.495	0.00251975
-1.494	0.00253011
-1.493	0.00254052
-1.492	0.00255097
-1.491	0.00256146
-1.49	0.00257199
-1.489	0.00258257
-1.488	0.00259319
-1.487	0.00260386
-1.486	0.00261457
-1.485	0.00262532
-1.484	0.00263612
-1.483	0.00264696
-1.482	0.00265784
-1.481	0.00266877
-1.48	0.00267975
-1.479	0.00269077
-1.478	0.00270183
-1.477	0.00271294
-1.476	0.0027241
-1.475	0.0027353
-1.474	0.00274655
-1.473	0.00275784
-1.472	0.00276918
-1.471	0.00278057
-1.47	0.002792
-1.469	0.00280348
-1.468	0.002815
-1.467	0.00282658
-1.466	0.0028382
-1.465	0.00284987
-1.464	0.00286159
-1.463	0.00287335
-1.462	0.00288517
-1.461	0.00289703
-1.46	0.00290895
-1.459	0.00292091
-1.458	0.00293292
-1.457	0.00294498
-1.456	0.00295708
-1.455	0.00296925
-1.454	0.00298146
-1.453	0.00299372
-1.452	0.00300603
-1.451	0.00301839
-1.45	0.0030308
-1.449	0.00304326
-1.448	0.00305578
-1.447	0.00306834
-1.446	0.00308096
-1.445	0.00309363
-1.444	0.00310635
-1.443	0.00311913
-1.442	0.00313196
-1.441	0.00314484
-1.44	0.00315778
-1.439	0.00317076
-1.438	0.0031838
-1.437	0.0031969
-1.436	0.00321005
-1.435	0.00322325
-1.434	0.00323651
-1.433	0.00324983
-1.432	0.0032632
-1.431	0.00327662
-1.43	0.0032901
-1.429	0.00330364
-1.428	0.00331722
-1.427	0.00333087
-1.426	0.00334457
-1.425	0.00335833
-1.424	0.00337214
-1.423	0.00338602
-1.422	0.00339995
-1.421	0.00341394
-1.42	0.00342798
-1.419	0.00344208
-1.418	0.00345624
-1.417	0.00347046
-1.416	0.00348474
-1.415	0.00349908
-1.414	0.00351348
-1.413	0.00352793
-1.412	0.00354245
-1.411	0.00355702
-1.41	0.00357166
-1.409	0.00358636
-1.408	0.00360111
-1.407	0.00361593
-1.406	0.0036308
-1.405	0.00364574
-1.404	0.00366074
-1.403	0.0036758
-1.402	0.00369093
-1.401	0.00370612
-1.4	0.00372137
-1.399	0.00373668
-1.398	0.00375205
-1.397	0.00376749
-1.396	0.00378299
-1.395	0.00379856
-1.394	0.00381419
-1.393	0.00382988
-1.392	0.00384564
-1.391	0.00386147
-1.39	0.00387736
-1.389	0.00389331
-1.388	0.00390933
-1.387	0.00392541
-1.386	0.00394157
-1.385	0.00395778
-1.384	0.00397407
-1.383	0.00399042
-1.382	0.00400684
-1.381	0.00402332
-1.38	0.00403988
-1.379	0.0040565
-1.378	0.00407319
-1.377	0.00408995
-1.376	0.00410678
-1.375	0.00412367
-1.374	0.00414064
-1.373	0.00415768
-1.372	0.00417478
-1.371	0.00419196
-1.37	0.00420921
-1.369	0.00422653
-1.368	0.00424391
-1.367	0.00426138
-1.366	0.00427891
-1.365	0.00429651
-1.364	0.00431419
-1.363	0.00433194
-1.362	0.00434976
-1.361	0.00436765
-1.36	0.00438563
-1.359	0.00440367
-1.358	0.00442179
-1.357	0.00443998
-1.356	0.00445825
-1.355	0.00447659
-1.354	0.004495
-1.353	0.0045135
-1.352	0.00453207
-1.351	0.00455071
-1.35	0.00456944
-1.349	0.00458824
-1.348	0.00460712
-1.347	0.00462607
-1.346	0.0046451
-1.345	0.00466421
-1.344	0.00468339
-1.343	0.00470266
-1.342	0.004722
-1.341	0.00474143
-1.34	0.00476094
-1.339	0.00478053
-1.338	0.0048002
-1.337	0.00481994
-1.336	0.00483976
-1.335	0.00485967
-1.334	0.00487966
-1.333	0.00489973
-1.332	0.00491989
-1.331	0.00494013
-1.33	0.00496045
-1.329	0.00498086
-1.328	0.00500134
-1.327	0.00502192
-1.326	0.00504258
-1.325	0.00506332
-1.324	0.00508415
-1.323	0.00510506
-1.322	0.00512606
-1.321	0.00514715
-1.32	0.00516831
-1.319	0.00518957
-1.318	0.00521092
-1.317	0.00523235
-1.316	0.00525388
-1.315	0.00527549
-1.314	0.00529718
-1.313	0.00531897
-1.312	0.00534085
-1.311	0.00536282
-1.31	0.00538488
-1.309	0.00540703
-1.308	0.00542928
-1.307	0.00545161
-1.306	0.00547403
-1.305	0.00549655
-1.304	0.00551916
-1.303	0.00554186
-1.302	0.00556465
-1.301	0.00558754
-1.3	0.00561053
-1.299	0.0056336
-1.298	0.00565678
-1.297	0.00568004
-1.296	0.00570341
-1.295	0.00572687
-1.294	0.00575042
-1.293	0.00577409
-1.292	0.00579784
-1.291	0.00582168
-1.29	0.00584563
-1.289	0.00586968
-1.288	0.00589383
-1.287	0.00591807
-1.286	0.00594241
-1.285	0.00596687
-1.284	0.00599141
-1.283	0.00601606
-1.282	0.00604081
-1.281	0.00606565
-1.28	0.0060906
-1.279	0.00611566
-1.278	0.00614082
-1.277	0.00616608
-1.276	0.00619145
-1.275	0.00621693
-1.274	0.0062425
-1.273	0.00626818
-1.272	0.00629397
-1.271	0.00631986
-1.27	0.00634586
-1.269	0.00637197
-1.268	0.00639818
-1.267	0.00642451
-1.266	0.00645095
-1.265	0.00647748
-1.264	0.00650414
-1.263	0.00653089
-1.262	0.00655776
-1.261	0.00658474
-1.26	0.00661183
-1.259	0.00663903
-1.258	0.00666635
-1.257	0.00669378
-1.256	0.00672131
-1.255	0.00674897
-1.254	0.00677673
-1.253	0.00680461
-1.252	0.0068326
-1.251	0.00686072
-1.25	0.00688895
-1.249	0.00691728
-1.248	0.00694574
-1.247	0.00697432
-1.246	0.00700302
-1.245	0.00703183
-1.244	0.00706076
-1.243	0.0070898
-1.242	0.00711898
-1.241	0.00714827
-1.24	0.00717768
-1.239	0.00720721
-1.238	0.00723685
-1.237	0.00726662
-1.236	0.00729652
-1.235	0.00732654
-1.234	0.00735667
-1.233	0.00738695
-1.232	0.00741733
-1.231	0.00744784
-1.23	0.00747848
-1.229	0.00750925
-1.228	0.00754014
-1.227	0.00757116
-1.226	0.00760231
-1.225	0.00763358
-1.224	0.00766499
-1.223	0.00769653
-1.222	0.00772819
-1.221	0.00775998
-1.22	0.0077919
-1.219	0.00782396
-1.218	0.00785614
-1.217	0.00788846
-1.216	0.00792092
-1.215	0.00795349
-1.214	0.00798622
-1.213	0.00801907
-1.212	0.00805205
-1.211	0.00808518
-1.21	0.00811844
-1.209	0.00815184
-1.208	0.00818538
-1.207	0.00821904
-1.206	0.00825286
-1.205	0.00828682
-1.204	0.0083209
-1.203	0.00835514
-1.202	0.00838952
-1.201	0.00842402
-1.2	0.00845868
-1.199	0.00849348
-1.198	0.00852842
-1.197	0.00856349
-1.196	0.00859872
-1.195	0.0086341
-1.194	0.00866961
-1.193	0.00870528
-1.192	0.00874109
-1.191	0.00877706
-1.19	0.00881317
-1.189	0.00884941
-1.188	0.00888582
-1.187	0.00892238
-1.186	0.00895909
-1.185	0.00899595
-1.184	0.00903296
-1.183	0.00907012
-1.182	0.00910743
-1.181	0.00914491
-1.18	0.00918253
-1.179	0.00922029
-1.178	0.00925822
-1.177	0.00929632
-1.176	0.00933456
-1.175	0.00937296
-1.174	0.00941152
-1.173	0.00945024
-1.172	0.00948912
-1.171	0.00952817
-1.17	0.00956736
-1.169	0.00960671
-1.168	0.00964623
-1.167	0.00968591
-1.166	0.00972577
-1.165	0.00976577
-1.164	0.00980595
-1.163	0.00984629
-1.162	0.00988679
-1.161	0.00992747
-1.16	0.00996831
-1.159	0.0100093
-1.158	0.0100505
-1.157	0.0100918
-1.156	0.0101334
-1.155	0.010175
-1.154	0.0102169
-1.153	0.0102589
-1.152	0.0103011
-1.151	0.0103435
-1.15	0.0103861
-1.149	0.0104288
-1.148	0.0104717
-1.147	0.0105148
-1.146	0.010558
-1.145	0.0106015
-1.144	0.0106451
-1.143	0.0106889
-1.142	0.0107328
-1.141	0.010777
-1.14	0.0108213
-1.139	0.0108658
-1.138	0.0109105
-1.137	0.0109554
-1.136	0.0110005
-1.135	0.0110457
-1.134	0.0110912
-1.133	0.0111368
-1.132	0.0111826
-1.131	0.0112286
-1.13	0.0112748
-1.129	0.0113212
-1.128	0.0113678
-1.127	0.0114145
-1.126	0.0114615
-1.125	0.0115086
-1.124	0.011556
-1.123	0.0116035
-1.122	0.0116513
-1.121	0.0116992
-1.12	0.0117473
-1.119	0.0117956
-1.118	0.0118442
-1.117	0.0118929
-1.116	0.0119418
-1.115	0.0119909
-1.114	0.0120403
-1.113	0.0120898
-1.112	0.0121395
-1.111	0.0121895
-1.11	0.0122396
-1.109	0.01229
-1.108	0.0123406
-1.107	0.0123913
-1.106	0.0124423
-1.105	0.0124935
-1.104	0.0125449
-1.103	0.0125965
-1.102	0.0126483
-1.101	0.0127004
-1.1	0.0127526
-1.099	0.0128051
-1.098	0.0128578
-1.097	0.0129107
-1.096	0.0129638
-1.095	0.0130171
-1.094	0.0130707
-1.093	0.0131244
-1.092	0.0131784
-1.091	0.0132327
-1.09	0.0132871
-1.089	0.0133418
-1.088	0.0133966
-1.087	0.0134517
-1.086	0.0135071
-1.085	0.0135627
-1.084	0.0136185
-1.083	0.0136745
-1.082	0.0137308
-1.081	0.0137872
-1.08	0.013844
-1.079	0.0139009
-1.078	0.0139581
-1.077	0.0140155
-1.076	0.0140732
-1.075	0.0141311
-1.074	0.0141892
-1.073	0.0142476
-1.072	0.0143062
-1.071	0.0143651
-1.07	0.0144242
-1.069	0.0144835
-1.068	0.0145431
-1.067	0.0146029
-1.066	0.014663
-1.065	0.0147233
-1.064	0.0147839
-1.063	0.0148447
-1.062	0.0149057
-1.061	0.0149671
-1.06	0.0150286
-1.059	0.0150905
-1.058	0.0151525
-1.057	0.0152149
-1.056	0.0152775
-1.055	0.0153403
-1.054	0.0154034
-1.053	0.0154668
-1.052	0.0155304
-1.051	0.0155943
-1.05	0.0156584
-1.049	0.0157229
-1.048	0.0157875
-1.047	0.0158525
-1.046	0.0159177
-1.045	0.0159832
-1.044	0.0160489
-1.043	0.016115
-1.042	0.0161813
-1.041	0.0162478
-1.04	0.0163146
-1.039	0.0163818
-1.038	0.0164492
-1.037	0.0165169
-1.036	0.0165848
-1.035	0.016653
-1.034	0.0167215
-1.033	0.0167903
-1.032	0.0168594
-1.031	0.0169287
-1.03	0.0169984
-1.029	0.0170683
-1.028	0.0171385
-1.027	0.017209
-1.026	0.0172798
-1.025	0.0173509
-1.024	0.0174223
-1.023	0.017494
-1.022	0.0175659
-1.021	0.0176382
-1.02	0.0177108
-1.019	0.0177836
-1.018	0.0178568
-1.017	0.0179303
-1.016	0.018004
-1.015	0.0180781
-1.014	0.0181525
-1.013	0.0182272
-1.012	0.0183021
-1.011	0.0183774
-1.01	0.018453
-1.009	0.018529
-1.008	0.0186052
-1.007	0.0186817
-1.006	0.0187586
-1.005	0.0188358
-1.004	0.0189133
-1.003	0.0189911
-1.002	0.0190692
-1.001	0.0191477
-1	0.0192264
-0.999	0.0193055
-0.998	0.0193849
-0.997	0.0194647
-0.996	0.0195448
-0.995	0.0196252
-0.994	0.0197059
-0.993	0.019787
-0.992	0.0198684
-0.991	0.0199501
-0.99	0.0200322
-0.989	0.0201146
-0.988	0.0201974
-0.987	0.0202804
-0.986	0.0203639
-0.985	0.0204477
-0.984	0.0205318
-0.983	0.0206162
-0.982	0.020701
-0.981	0.0207862
-0.98	0.0208717
-0.979	0.0209576
-0.978	0.0210438
-0.977	0.0211304
-0.976	0.0212173
-0.975	0.0213046
-0.974	0.0213922
-0.973	0.0214802
-0.972	0.0215686
-0.971	0.0216573
-0.97	0.0217464
-0.969	0.0218359
-0.968	0.0219257
-0.967	0.0220159
-0.966	0.0221065
-0.965	0.0221974
-0.964	0.0222887
-0.963	0.0223804
-0.962	0.0224725
-0.961	0.0225649
-0.96	0.0226577
-0.959	0.0227509
-0.958	0.0228445
-0.957	0.0229385
-0.956	0.0230329
-0.955	0.0231276
-0.954	0.0232228
-0.953	0.0233183
-0.952	0.0234143
-0.951	0.0235106
-0.95	0.0236073
-0.949	0.0237044
-0.948	0.0238019
-0.947	0.0238999
-0.946	0.0239982
-0.945	0.0240969
-0.944	0.024196
-0.943	0.0242956
-0.942	0.0243955
-0.941	0.0244959
-0.94	0.0245967
-0.939	0.0246979
-0.938	0.0247994
-0.937	0.0249015
-0.936	0.0250039
-0.935	0.0251068
-0.934	0.0252101
-0.933	0.0253138
-0.932	0.025418
-0.931	0.0255225
-0.93	0.0256275
-0.929	0.025733
-0.928	0.0258388
-0.927	0.0259451
-0.926	0.0260519
-0.925	0.0261591
-0.924	0.0262667
-0.923	0.0263747
-0.922	0.0264832
-0.921	0.0265922
-0.92	0.0267016
-0.919	0.0268114
-0.918	0.0269218
-0.917	0.0270325
-0.916	0.0271437
-0.915	0.0272554
-0.914	0.0273675
-0.913	0.0274801
-0.912	0.0275932
-0.911	0.0277067
-0.91	0.0278207
-0.909	0.0279351
-0.908	0.0280501
-0.907	0.0281654
-0.906	0.0282813
-0.905	0.0283977
-0.904	0.0285145
-0.903	0.0286318
-0.902	0.0287496
-0.901	0.0288679
-0.9	0.0289866
-0.899	0.0291059
-0.898	0.0292256
-0.897	0.0293458
-0.896	0.0294665
-0.895	0.0295878
-0.894	0.0297095
-0.893	0.0298317
-0.892	0.0299544
-0.891	0.0300776
-0.89	0.0302014
-0.889	0.0303256
-0.888	0.0304504
-0.887	0.0305756
-0.886	0.0307014
-0.885	0.0308277
-0.884	0.0309545
-0.883	0.0310819
-0.882	0.0312097
-0.881	0.0313381
-0.88	0.0314671
-0.879	0.0315965
-0.878	0.0317265
-0.877	0.031857
-0.876	0.031988
-0.875	0.0321196
-0.874	0.0322517
-0.873	0.0323844
-0.872	0.0325177
-0.871	0.0326514
-0.87	0.0327858
-0.869	0.0329207
-0.868	0.0330561
-0.867	0.033192
-0.866	0.0333286
-0.865	0.0334657
-0.864	0.0336034
-0.863	0.0337416
-0.862	0.0338804
-0.861	0.0340198
-0.86	0.0341598
-0.859	0.0343003
-0.858	0.0344414
-0.857	0.0345831
-0.856	0.0347254
-0.855	0.0348682
-0.854	0.0350117
-0.853	0.0351557
-0.852	0.0353004
-0.851	0.0354456
-0.85	0.0355914
-0.849	0.0357378
-0.848	0.0358849
-0.847	0.0360325
-0.846	0.0361808
-0.845	0.0363296
-0.844	0.0364791
-0.843	0.0366292
-0.842	0.0367798
-0.841	0.0369311
-0.84	0.0370831
-0.839	0.0372357
-0.838	0.0373889
-0.837	0.0375426
-0.836	0.0376971
-0.835	0.0378522
-0.834	0.0380079
-0.833	0.0381643
-0.832	0.0383213
-0.831	0.038479
-0.83	0.0386373
-0.829	0.0387962
-0.828	0.0389559
-0.827	0.0391161
-0.826	0.039277
-0.825	0.0394386
-0.824	0.0396008
-0.823	0.0397638
-0.822	0.0399273
-0.821	0.0400917
-0.82	0.0402566
-0.819	0.0404222
-0.818	0.0405885
-0.817	0.0407554
-0.816	0.0409231
-0.815	0.0410915
-0.814	0.0412605
-0.813	0.0414302
-0.812	0.0416006
-0.811	0.0417718
-0.81	0.0419436
-0.809	0.0421162
-0.808	0.0422894
-0.807	0.0424634
-0.806	0.0426381
-0.805	0.0428135
-0.804	0.0429896
-0.803	0.0431664
-0.802	0.0433441
-0.801	0.0435224
-0.8	0.0437014
-0.799	0.0438812
-0.798	0.0440617
-0.797	0.044243
-0.796	0.044425
-0.795	0.0446077
-0.794	0.0447912
-0.793	0.0449755
-0.792	0.0451605
-0.791	0.0453463
-0.79	0.0455328
-0.789	0.0457201
-0.788	0.0459082
-0.787	0.0460971
-0.786	0.0462867
-0.785	0.0464771
-0.784	0.0466684
-0.783	0.0468604
-0.782	0.0470531
-0.781	0.0472467
-0.78	0.0474411
-0.779	0.0476362
-0.778	0.0478322
-0.777	0.0480289
-0.776	0.0482265
-0.775	0.048425
-0.774	0.0486241
-0.773	0.0488242
-0.772	0.049025
-0.771	0.0492268
-0.77	0.0494292
-0.769	0.0496326
-0.768	0.0498368
-0.767	0.0500418
-0.766	0.0502478
-0.765	0.0504545
-0.764	0.050662
-0.763	0.0508705
-0.762	0.0510797
-0.761	0.0512899
-0.76	0.0515009
-0.759	0.0517128
-0.758	0.0519256
-0.757	0.0521392
-0.756	0.0523537
-0.755	0.0525691
-0.754	0.0527853
-0.753	0.0530025
-0.752	0.0532205
-0.751	0.0534395
-0.75	0.0536593
-0.749	0.0538801
-0.748	0.0541017
-0.747	0.0543244
-0.746	0.0545478
-0.745	0.0547722
-0.744	0.0549976
-0.743	0.0552238
-0.742	0.055451
-0.741	0.0556792
-0.74	0.0559083
-0.739	0.0561382
-0.738	0.0563692
-0.737	0.0566011
-0.736	0.0568339
-0.735	0.0570677
-0.734	0.0573025
-0.733	0.0575383
-0.732	0.057775
-0.731	0.0580126
-0.73	0.0582512
-0.729	0.0584908
-0.728	0.0587315
-0.727	0.0589731
-0.726	0.0592157
-0.725	0.0594593
-0.724	0.0597039
-0.723	0.0599496
-0.722	0.0601962
-0.721	0.0604438
-0.72	0.0606924
-0.719	0.0609421
-0.718	0.0611928
-0.717	0.0614446
-0.716	0.0616974
-0.715	0.0619512
-0.714	0.062206
-0.713	0.0624619
-0.712	0.0627188
-0.711	0.0629768
-0.71	0.0632359
-0.709	0.0634961
-0.708	0.0637573
-0.707	0.0640195
-0.706	0.0642829
-0.705	0.0645474
-0.704	0.0648129
-0.703	0.0650796
-0.702	0.0653473
-0.701	0.0656162
-0.7	0.0658861
-0.699	0.0661572
-0.698	0.0664293
-0.697	0.0667026
-0.696	0.066977
-0.695	0.0672525
-0.694	0.0675292
-0.693	0.0678069
-0.692	0.0680859
-0.691	0.0683661
-0.69	0.0686473
-0.689	0.0689296
-0.688	0.0692132
-0.687	0.069498
-0.686	0.0697839
-0.685	0.070071
-0.684	0.0703592
-0.683	0.0706487
-0.682	0.0709394
-0.681	0.0712313
-0.68	0.0715243
-0.679	0.0718185
-0.678	0.072114
-0.677	0.0724107
-0.676	0.0727087
-0.675	0.0730077
-0.674	0.073308
-0.673	0.0736097
-0.672	0.0739126
-0.671	0.0742167
-0.67	0.074522
-0.669	0.0748285
-0.668	0.0751364
-0.667	0.0754455
-0.666	0.0757559
-0.665	0.0760676
-0.664	0.0763806
-0.663	0.0766948
-0.662	0.0770103
-0.661	0.077327
-0.66	0.0776452
-0.659	0.0779646
-0.658	0.0782855
-0.657	0.0786074
-0.656	0.0789308
-0.655	0.0792556
-0.654	0.0795816
-0.653	0.0799091
-0.652	0.0802378
-0.651	0.0805679
-0.65	0.0808993
-0.649	0.0812322
-0.648	0.0815663
-0.647	0.0819018
-0.646	0.0822387
-0.645	0.082577
-0.644	0.0829168
-0.643	0.0832578
-0.642	0.0836004
-0.641	0.0839444
-0.64	0.0842896
-0.639	0.0846364
-0.638	0.0849845
-0.637	0.0853342
-0.636	0.0856852
-0.635	0.0860377
-0.634	0.0863917
-0.633	0.0867471
-0.632	0.0871039
-0.631	0.0874623
-0.63	0.087822
-0.629	0.0881834
-0.628	0.0885461
-0.627	0.0889103
-0.626	0.0892761
-0.625	0.0896433
-0.624	0.0900121
-0.623	0.0903824
-0.622	0.0907542
-0.621	0.0911275
-0.62	0.0915025
-0.619	0.0918789
-0.618	0.0922569
-0.617	0.0926364
-0.616	0.0930175
-0.615	0.0934003
-0.614	0.0937844
-0.613	0.0941702
-0.612	0.0945576
-0.611	0.0949467
-0.61	0.0953372
-0.609	0.0957294
-0.608	0.0961232
-0.607	0.0965186
-0.606	0.0969157
-0.605	0.0973144
-0.604	0.0977148
-0.603	0.0981168
-0.602	0.0985205
-0.601	0.0989257
-0.6	0.0993328
-0.599	0.0997414
-0.598	0.100152
-0.597	0.100564
-0.596	0.100978
-0.595	0.101393
-0.594	0.10181
-0.593	0.102229
-0.592	0.102649
-0.591	0.103072
-0.59	0.103496
-0.589	0.103922
-0.588	0.104349
-0.587	0.104778
-0.586	0.10521
-0.585	0.105642
-0.584	0.106077
-0.583	0.106513
-0.582	0.106952
-0.581	0.107392
-0.58	0.107833
-0.579	0.108277
-0.578	0.108723
-0.577	0.10917
-0.576	0.109619
-0.575	0.11007
-0.574	0.110523
-0.573	0.110977
-0.572	0.111434
-0.571	0.111892
-0.57	0.112353
-0.569	0.112815
-0.568	0.113279
-0.567	0.113745
-0.566	0.114213
-0.565	0.114683
-0.564	0.115155
-0.563	0.115628
-0.562	0.116104
-0.561	0.116582
-0.56	0.117061
-0.559	0.117543
-0.558	0.118026
-0.557	0.118512
-0.556	0.119
-0.555	0.119489
-0.554	0.119981
-0.553	0.120474
-0.552	0.12097
-0.551	0.121468
-0.55	0.121967
-0.549	0.122469
-0.548	0.122973
-0.547	0.123479
-0.546	0.123987
-0.545	0.124497
-0.544	0.125009
-0.543	0.125523
-0.542	0.126039
-0.541	0.126558
-0.54	0.127078
-0.539	0.127601
-0.538	0.128126
-0.537	0.128653
-0.536	0.129183
-0.535	0.129714
-0.534	0.130248
-0.533	0.130784
-0.532	0.131322
-0.531	0.131862
-0.53	0.132404
-0.529	0.132949
-0.528	0.133496
-0.527	0.134045
-0.526	0.134596
-0.525	0.13515
-0.524	0.135706
-0.523	0.136264
-0.522	0.136825
-0.521	0.137388
-0.52	0.137953
-0.519	0.138521
-0.518	0.13909
-0.517	0.139663
-0.516	0.140237
-0.515	0.140814
-0.514	0.141394
-0.513	0.141975
-0.512	0.142559
-0.511	0.143146
-0.51	0.143735
-0.509	0.144326
-0.508	0.14492
-0.507	0.145516
-0.506	0.146115
-0.505	0.146716
-0.504	0.147319
-0.503	0.147926
-0.502	0.148534
-0.501	0.149145
-0.5	0.149759
-0.499	0.150375
-0.498	0.150994
-0.497	0.151615
-0.496	0.152239
-0.495	0.152865
-0.494	0.153494
-0.493	0.154125
-0.492	0.154759
-0.491	0.155396
-0.49	0.156035
-0.489	0.156677
-0.488	0.157322
-0.487	0.157969
-0.486	0.158619
-0.485	0.159272
-0.484	0.159927
-0.483	0.160585
-0.482	0.161245
-0.481	0.161909
-0.48	0.162575
-0.479	0.163243
-0.478	0.163915
-0.477	0.164589
-0.476	0.165266
-0.475	0.165946
-0.474	0.166629
-0.473	0.167315
-0.472	0.168003
-0.471	0.168694
-0.47	0.169388
-0.469	0.170085
-0.468	0.170785
-0.467	0.171487
-0.466	0.172192
-0.465	0.172901
-0.464	0.173612
-0.463	0.174326
-0.462	0.175043
-0.461	0.175763
-0.46	0.176487
-0.459	0.177213
-0.458	0.177942
-0.457	0.178674
-0.456	0.179408
-0.455	0.180147
-0.454	0.180888
-0.453	0.181632
-0.452	0.182379
-0.451	0.183129
-0.45	0.183883
-0.449	0.184639
-0.448	0.185399
-0.447	0.186162
-0.446	0.186927
-0.445	0.187696
-0.444	0.188468
-0.443	0.189244
-0.442	0.190022
-0.441	0.190804
-0.44	0.191589
-0.439	0.192377
-0.438	0.193169
-0.437	0.193963
-0.436	0.194761
-0.435	0.195563
-0.434	0.196367
-0.433	0.197175
-0.432	0.197986
-0.431	0.198801
-0.43	0.199618
-0.429	0.20044
-0.428	0.201265
-0.427	0.202092
-0.426	0.202924
-0.425	0.203759
-0.424	0.204597
-0.423	0.205439
-0.422	0.206284
-0.421	0.207133
-0.42	0.207985
-0.419	0.20884
-0.418	0.2097
-0.417	0.210562
-0.416	0.211428
-0.415	0.212298
-0.414	0.213213
-0.413	0.214216
-0.412	0.215308
-0.411	0.216491
-0.41	0.217763
-0.409	0.219126
-0.408	0.22058
-0.407	0.222125
-0.406	0.223762
-0.405	0.225491
-0.404	0.227311
-0.403	0.229222
-0.402	0.231225
-0.401	0.23332
-0.4	0.235505
-0.399	0.23778
-0.398	0.240145
-0.397	0.242599
-0.396	0.245142
-0.395	0.247773
-0.394	0.25049
-0.393	0.253294
-0.392	0.256182
-0.391	0.259154
-0.39	0.262209
-0.389	0.265345
-0.388	0.268562
-0.387	0.271857
-0.386	0.275229
-0.385	0.278677
-0.384	0.282199
-0.383	0.285793
-0.382	0.289458
-0.381	0.293191
-0.38	0.296992
-0.379	0.300857
-0.378	0.304786
-0.377	0.308776
-0.376	0.312824
-0.375	0.316929
-0.374	0.321088
-0.373	0.3253
-0.372	0.329562
-0.371	0.333871
-0.37	0.338226
-0.369	0.342623
-0.368	0.34706
-0.367	0.351536
-0.366	0.356047
-0.365	0.360592
-0.364	0.365193
-0.363	0.369878
-0.362	0.374643
-0.361	0.379484
-0.36	0.384399
-0.359	0.389381
-0.358	0.394432
-0.357	0.399544
-0.356	0.404714
-0.355	0.40994
-0.354	0.415217
-0.353	0.420539
-0.352	0.425907
-0.351	0.431313
-0.35	0.436757
-0.349	0.44223
-0.348	0.447733
-0.347	0.453259
-0.346	0.458804
-0.345	0.464367
-0.344	0.469939
-0.343	0.475521
-0.342	0.481106
-0.341	0.486691
-0.34	0.492272
-0.339	0.497845
-0.338	0.503403
-0.337	0.50895
-0.336	0.514472
-0.335	0.519971
-0.334	0.525444
-0.333	0.530882
-0.332	0.536285
-0.331	0.541648
-0.33	0.546967
-0.329	0.552239
-0.328	0.557458
-0.327	0.562624
-0.326	0.567728
-0.325	0.572772
-0.324	0.57775
-0.323	0.582655
-0.322	0.587492
-0.321	0.592247
-0.32	0.596925
-0.319	0.601518
-0.318	0.606023
-0.317	0.61044
-0.316	0.614765
-0.315	0.618989
-0.314	0.623118
-0.313	0.627142
-0.312	0.631062
-0.311	0.634873
-0.31	0.638574
-0.309	0.642162
-0.308	0.645633
-0.307	0.648987
-0.306	0.652219
-0.305	0.655328
-0.304	0.658312
-0.303	0.661168
-0.302	0.663896
-0.301	0.666493
-0.3	0.668954
-0.299	0.671283
-0.298	0.673474
-0.297	0.675528
-0.296	0.677441
-0.295	0.679215
-0.294	0.680846
-0.293	0.682335
-0.292	0.683678
-0.291	0.684879
-0.29	0.68593
-0.289	0.686838
-0.288	0.687598
-0.287	0.68821
-0.286	0.688675
-0.285	0.688991
-0.284	0.689159
-0.283	0.689179
-0.282	0.689051
-0.281	0.688774
-0.28	0.688351
-0.279	0.687778
-0.278	0.687061
-0.277	0.686196
-0.276	0.685187
-0.275	0.684032
-0.274	0.682734
-0.273	0.681294
-0.272	0.67971
-0.271	0.677989
-0.27	0.676128
-0.269	0.674128
-0.268	0.671995
-0.267	0.669726
-0.266	0.667324
-0.265	0.664794
-0.264	0.662133
-0.263	0.659346
-0.262	0.656435
-0.261	0.653403
-0.26	0.650248
-0.259	0.646979
-0.258	0.643594
-0.257	0.640096
-0.256	0.636488
-0.255	0.632776
-0.254	0.628956
-0.253	0.625038
-0.252	0.62102
-0.251	0.616907
-0.25	0.612704
-0.249	0.608411
-0.248	0.604031
-0.247	0.599571
-0.246	0.595031
-0.245	0.590416
-0.244	0.58573
-0.243	0.580973
-0.242	0.576154
-0.241	0.571273
-0.24	0.566335
-0.239	0.561343
-0.238	0.5563
-0.237	0.551213
-0.236	0.546081
-0.235	0.540914
-0.234	0.535711
-0.233	0.530476
-0.232	0.525217
-0.231	0.519934
-0.23	0.514633
-0.229	0.509316
-0.228	0.50399
-0.227	0.498656
-0.226	0.49332
-0.225	0.487987
-0.224	0.482658
-0.223	0.477339
-0.222	0.472033
-0.221	0.466745
-0.22	0.461478
-0.219	0.456238
-0.218	0.451026
-0.217	0.445848
-0.216	0.440708
-0.215	0.435608
-0.214	0.430553
-0.213	0.425548
-0.212	0.420594
-0.211	0.415698
-0.21	0.410862
-0.209	0.406089
-0.208	0.401383
-0.207	0.396749
-0.206	0.392189
-0.205	0.387707
-0.204	0.383307
-0.203	0.37899
-0.202	0.374763
-0.201	0.370625
-0.2	0.366583
-0.199	0.362637
-0.198	0.358792
-0.197	0.355051
-0.196	0.351415
-0.195	0.347889
-0.194	0.344473
-0.193	0.341173
-0.192	0.337989
-0.191	0.334924
-0.19	0.331981
-0.189	0.329161
-0.188	0.326468
-0.187	0.323902
-0.186	0.321468
-0.185	0.319164
-0.184	0.316994
-0.183	0.31496
-0.182	0.313063
-0.181	0.311305
-0.18	0.309686
-0.179	0.308208
-0.178	0.306873
-0.177	0.305682
-0.176	0.304635
-0.175	0.303732
-0.174	0.302977
-0.173	0.302367
-0.172	0.301906
-0.171	0.301592
-0.17	0.301425
-0.169	0.301408
-0.168	0.301538
-0.167	0.301817
-0.166	0.302243
-0.165	0.302819
-0.164	0.303541
-0.163	0.304411
-0.162	0.305428
-0.161	0.306591
-0.16	0.307898
-0.159	0.309351
-0.158	0.310947
-0.157	0.312685
-0.156	0.314565
-0.155	0.316584
-0.154	0.318742
-0.153	0.321038
-0.152	0.323467
-0.151	0.326032
-0.15	0.328727
-0.149	0.331552
-0.148	0.334509
-0.147	0.337587
-0.146	0.340792
-0.145	0.344117
-0.144	0.347561
-0.143	0.351122
-0.142	0.354797
-0.141	0.358585
-0.14	0.36248
-0.139	0.366482
-0.138	0.370588
-0.137	0.374793
-0.136	0.379096
-0.135	0.383493
-0.134	0.387981
-0.133	0.392558
-0.132	0.397217
-0.131	0.401959
-0.13	0.40678
-0.129	0.411674
-0.128	0.416639
-0.127	0.421672
-0.126	0.426767
-0.125	0.431924
-0.124	0.437136
-0.123	0.442401
-0.122	0.447716
-0.121	0.453075
-0.12	0.458475
-0.119	0.463913
-0.118	0.469384
-0.117	0.474883
-0.116	0.480409
-0.115	0.485957
-0.114	0.491521
-0.113	0.497099
-0.112	0.502688
-0.111	0.50828
-0.11	0.513876
-0.109	0.519467
-0.108	0.525052
-0.107	0.530627
-0.106	0.536187
-0.105	0.541728
-0.104	0.547248
-0.103	0.552739
-0.102	0.558202
-0.101	0.563628
-0.1	0.569016
